5.163696e-04	1.040279e-13	
4.934631e-04	2.305933e-13	
5.115878e-04	1.221245e-14	
5.163696e-04	7.993606e-14	
5.163696e-04	4.906742e-12	
5.163696e-04	2.030598e-12	
4.981996e-04	1.036504e-12	
5.029859e-04	2.814415e-12	
5.163696e-04	3.072209e-12	
4.670648e-04	1.096012e-12	
5.163696e-04	1.384448e-12	
4.994127e-04	9.636736e-13	
5.163696e-04	3.713474e-12	
4.941607e-04	6.332712e-13	
5.163696e-04	6.128209e-12	
4.706030e-04	4.233613e-12	
5.163696e-04	3.637979e-12	
5.163696e-04	2.225553e-12	
4.878635e-04	1.864575e-11	
5.163696e-04	4.315659e-12	
4.989399e-04	3.223755e-12	
4.713853e-04	4.213074e-12	
4.781942e-04	7.706502e-12	
5.038058e-04	5.847545e-13	
4.994781e-04	2.142542e-11	
5.163696e-04	3.880229e-12	
4.874550e-04	2.816303e-11	
5.163696e-04	1.602607e-12	
5.163696e-04	2.095879e-12	
5.163696e-04	2.405187e-12	
5.079130e-04	4.839129e-12	
5.100560e-04	7.518430e-13	
4.836468e-04	2.617906e-12	
5.047633e-04	1.678213e-12	
5.163696e-04	2.358380e-11	
5.163696e-04	1.915357e-12	
5.163696e-04	2.531420e-12	
5.163696e-04	5.329071e-14	
5.163696e-04	1.042277e-12	
5.163696e-04	6.694645e-14	
5.163696e-04	7.671863e-12	
5.163696e-04	1.912498e-13	
5.163696e-04	8.589326e-14	
5.010740e-04	2.564975e-14	
5.084408e-04	2.262127e-14	
4.862516e-04	8.131264e-15	
5.163696e-04	4.490255e-16	
5.163696e-04	7.177650e-15	
5.163696e-04	4.653634e-16	
5.122661e-04	3.377894e-15	
5.163696e-04	1.360444e-15	
4.996946e-04	2.897938e-15	
5.163696e-04	2.729629e-15	
4.794813e-04	3.244393e-16	
4.737562e-04	2.955894e-15	
5.163696e-04	1.052638e-15	
4.874931e-04	0	
5.163696e-04	2.297190e-15	
5.163696e-04	4.251739e-16	
4.946718e-04	9.857022e-16	
4.775867e-04	9.857022e-16	
4.871375e-04	1.700696e-15	
4.908345e-04	1.005020e-15	
5.163696e-04	7.321272e-16	
4.972173e-04	9.022610e-16	
4.810751e-04	3.111467e-16	
5.152258e-04	1.784416e-15	
5.163696e-04	1.706018e-15	
4.702275e-04	3.622423e-16	
4.821295e-04	2.720888e-15	
4.920040e-04	1.477828e-15	
5.163696e-04	1.163408e-16	
4.841123e-04	1.566033e-15	
5.163696e-04	5.987007e-16	
5.163696e-04	7.070664e-16	
5.163696e-04	1.740098e-15	
5.163696e-04	3.847463e-15	
5.163696e-04	4.795012e-15	
4.786629e-04	6.063444e-13	
5.163696e-04	1.353129e-11	
5.163696e-04	3.281819e-13	
5.139406e-04	1.911804e-13	
5.163696e-04	1.627698e-12	
4.763331e-04	2.320366e-14	
5.163696e-04	3.615885e-12	
5.163696e-04	1.971201e-12	
5.163696e-04	7.722711e-13	
5.163696e-04	7.860379e-13	
5.035662e-04	7.120526e-12	
4.727879e-04	3.755218e-12	
5.163696e-04	5.704326e-13	
5.163696e-04	1.611378e-12	
4.926097e-04	1.103331e-10	
5.163696e-04	6.600720e-12	
5.163696e-04	1.202793e-11	
5.163696e-04	2.113087e-12	
5.163696e-04	1.442324e-11	
5.163696e-04	5.238032e-13	
4.934628e-04	5.475620e-12	
4.707701e-04	1.362831e-10	
5.163696e-04	4.815259e-12	
5.163696e-04	6.669998e-12	
4.856244e-04	1.065881e-11	
5.035263e-04	1.239053e-11	
5.106420e-04	1.454030e-10	
5.163696e-04	1.734202e-11	
4.672055e-04	8.608891e-12	
4.786225e-04	1.416622e-11	
5.163696e-04	2.080003e-12	
4.670755e-04	3.618217e-12	
5.163696e-04	3.531886e-11	
5.040293e-04	8.366863e-12	
5.163696e-04	1.326783e-11	
5.092135e-04	3.042366e-11	
4.844903e-04	1.510281e-11	
5.163696e-04	5.313527e-13	
5.163696e-04	3.638201e-12	
5.069611e-04	6.118883e-12	
5.163696e-04	1.090239e-13	
5.163696e-04	2.187139e-13	
5.163696e-04	1.093126e-12	
5.163696e-04	1.380784e-12	
4.791943e-04	3.513856e-13	
5.163696e-04	1.045830e-12	
5.061437e-04	7.281731e-12	
5.163696e-04	6.968870e-13	
5.163696e-04	1.508327e-11	
4.722922e-04	1.168621e-12	
4.891639e-04	4.878320e-13	
4.775059e-04	1.226352e-12	
5.163696e-04	7.508150e-11	
5.163696e-04	1.284750e-12	
5.163696e-04	1.639933e-11	
5.100393e-04	3.071654e-12	
5.163696e-04	9.110490e-13	
5.163696e-04	2.063238e-12	
5.163696e-04	1.469003e-11	
5.163696e-04	1.076694e-12	
4.772413e-04	2.825962e-12	
5.163696e-04	8.589573e-12	
5.020626e-04	5.011769e-12	
5.163696e-04	9.717338e-12	
5.163696e-04	3.329559e-12	
5.163696e-04	1.432632e-12	
5.163696e-04	5.215206e-11	
4.906134e-04	1.945211e-11	
4.798833e-04	7.561729e-12	
5.163696e-04	1.733014e-11	
4.893002e-04	1.132427e-14	
4.696012e-04	1.406242e-11	
5.163696e-04	3.126899e-11	
5.163696e-04	3.428258e-11	
5.163696e-04	1.790101e-11	
5.163696e-04	1.457467e-11	
4.678879e-04	3.594902e-12	
5.163696e-04	1.159273e-11	
4.934631e-04	1.151307e-05	
4.624373e-04	1.622765e-05	
4.624373e-04	1.017252e-05	
5.209023e-04	1.276473e-05	
4.246964e-04	7.766582e-06	
4.246964e-04	2.891422e-05	
4.832335e-04	2.770499e-05	
4.837885e-04	2.052834e-05	
4.670648e-04	3.431482e-05	
5.103944e-04	4.154515e-06	
4.586528e-04	4.176359e-05	
4.586528e-04	3.890393e-05	
4.910885e-04	5.670955e-05	
4.255265e-04	1.027324e-06	
4.706030e-04	4.459452e-05	
4.840541e-04	1.479359e-05	
4.767313e-04	4.282254e-06	
4.878635e-04	5.616762e-05	
4.732388e-04	4.220232e-05	
4.989399e-04	4.322525e-05	
4.713853e-04	4.993580e-05	
4.781942e-04	4.046596e-05	
4.884504e-04	1.627436e-05	
4.950088e-04	5.668963e-05	
4.840378e-04	4.712765e-05	
4.874550e-04	5.333952e-05	
4.898682e-04	1.899960e-05	
4.944800e-04	3.806494e-05	
4.553383e-04	9.257787e-06	
4.553383e-04	3.603691e-05	
4.869980e-04	3.273096e-05	
4.435915e-04	3.657084e-05	
4.435915e-04	3.157257e-05	
5.075211e-04	1.298455e-06	
4.929528e-04	2.022094e-05	
4.598644e-04	1.409480e-05	
4.870457e-04	1.771886e-05	
4.211767e-04	8.539283e-06	
5.071621e-04	2.163509e-05	
4.848467e-04	3.494626e-05	
4.598976e-04	5.050367e-05	
4.598976e-04	2.842464e-05	
4.348622e-04	5.097852e-05	
4.663296e-04	5.152485e-05	
4.832335e-04	6.412709e-05	
4.837885e-04	6.485933e-05	
4.810214e-04	5.448735e-05	
4.810214e-04	5.044251e-05	
4.982670e-04	6.785068e-05	
4.643132e-04	7.291337e-05	
4.760197e-04	6.897420e-05	
4.255265e-04	6.881046e-05	
4.718905e-04	4.545184e-05	
4.718905e-04	4.102444e-05	
4.762731e-04	6.528615e-05	
4.539993e-04	7.340401e-05	
4.539993e-04	8.389341e-05	
4.854169e-04	9.778879e-05	
5.007265e-04	1.077743e-04	
4.309165e-04	1.067879e-04	
4.512803e-04	1.122733e-04	
4.512803e-04	1.123033e-04	
4.840378e-04	1.034336e-04	
5.144948e-04	6.518843e-05	
4.928050e-04	9.284650e-05	
4.692312e-04	8.760041e-05	
4.870921e-04	8.487057e-05	
4.881424e-04	5.950994e-05	
4.869980e-04	7.832694e-05	
5.078963e-04	7.404795e-05	
4.977303e-04	6.537461e-05	
4.999445e-04	3.771806e-05	
4.929528e-04	4.299349e-05	
4.598644e-04	4.298196e-05	
4.827497e-04	3.138411e-05	
4.211767e-04	1.984168e-05	
4.928850e-04	4.259889e-05	
4.848467e-04	5.877330e-05	
5.035478e-04	6.635567e-05	
4.940784e-04	6.777920e-05	
4.591079e-04	7.658448e-05	
4.591079e-04	9.533055e-05	
4.599045e-04	9.009015e-05	
4.599045e-04	8.465873e-05	
5.053921e-04	6.998636e-05	
4.815959e-04	8.273666e-05	
4.736133e-04	9.096494e-05	
4.736133e-04	1.246440e-04	
4.525359e-04	1.059933e-04	
4.564223e-04	1.161968e-04	
5.092499e-04	1.079983e-04	
4.669161e-04	8.208560e-05	
4.669161e-04	1.206334e-04	
5.094554e-04	9.460864e-05	
5.025687e-04	8.951460e-05	
4.866134e-04	1.384612e-04	
4.866134e-04	1.188920e-04	
4.309165e-04	1.414641e-04	
4.371340e-04	1.285250e-04	
4.973881e-04	1.500406e-04	
5.010998e-04	1.198534e-04	
4.679212e-04	1.148773e-04	
4.781682e-04	1.193609e-04	
4.692312e-04	1.388518e-04	
4.666015e-04	1.084904e-04	
4.555700e-04	9.574935e-05	
4.555700e-04	8.799017e-05	
4.937662e-04	1.005164e-04	
4.977303e-04	8.128835e-05	
4.404769e-04	5.643170e-05	
4.404769e-04	7.538577e-05	
4.708690e-04	7.123615e-05	
4.925488e-04	5.961680e-05	
4.943465e-04	4.069109e-05	
4.763331e-04	4.561531e-05	
4.748485e-04	7.554095e-05	
5.028441e-04	9.136072e-05	
4.750998e-04	9.939929e-05	
4.620196e-04	1.108167e-04	
5.176575e-04	1.036910e-04	
4.967942e-04	1.174501e-04	
4.746716e-04	1.153114e-04	
4.746716e-04	9.388838e-05	
5.002843e-04	1.166261e-04	
5.002843e-04	1.018508e-04	
4.989422e-04	1.112458e-04	
4.458557e-04	1.194454e-04	
4.458557e-04	1.320040e-04	
4.844545e-04	1.218664e-04	
4.678050e-04	1.189704e-04	
4.609652e-04	1.389374e-04	
4.609652e-04	1.165221e-04	
4.379716e-04	1.223096e-04	
4.292608e-04	1.340885e-04	
4.937463e-04	1.444412e-04	
4.937463e-04	1.422888e-04	
4.780402e-04	1.599799e-04	
5.408050e-04	1.310949e-04	
4.741134e-04	1.194564e-04	
4.679212e-04	1.380114e-04	
4.821511e-04	1.451881e-04	
4.940350e-04	1.314522e-04	
4.666015e-04	1.430647e-04	
4.589359e-04	1.298257e-04	
4.670860e-04	1.212470e-04	
5.106552e-04	1.075128e-04	
4.384961e-04	1.047219e-04	
4.384961e-04	1.099164e-04	
4.902807e-04	7.577742e-05	
4.688710e-04	8.682660e-05	
4.688710e-04	7.006263e-05	
5.147713e-04	6.611369e-05	
5.016025e-04	6.863670e-05	
4.748485e-04	9.804251e-05	
4.769604e-04	1.017576e-04	
4.750998e-04	1.350699e-04	
4.674477e-04	1.183848e-04	
4.304099e-04	1.118217e-04	
4.612367e-04	1.205622e-04	
5.014529e-04	1.249269e-04	
4.733584e-04	1.226953e-04	
4.733584e-04	1.213578e-04	
4.823051e-04	1.222429e-04	
4.989422e-04	1.290107e-04	
4.711419e-04	1.344603e-04	
4.923677e-04	1.389560e-04	
4.844545e-04	1.579204e-04	
4.905439e-04	1.559403e-04	
4.884619e-04	1.485925e-04	
4.622280e-04	1.339945e-04	
4.379716e-04	1.440745e-04	
4.292608e-04	1.462158e-04	
4.583553e-04	1.393943e-04	
4.464644e-04	1.531911e-04	
4.464644e-04	1.548709e-04	
4.510695e-04	1.344403e-04	
4.616463e-04	1.424711e-04	
4.878002e-04	1.563011e-04	
4.887618e-04	1.436627e-04	
4.887618e-04	1.457890e-04	
4.592414e-04	1.442655e-04	
4.592414e-04	1.583594e-04	
4.785286e-04	1.400064e-04	
4.324241e-04	1.220745e-04	
4.728827e-04	1.255851e-04	
4.863763e-04	1.267208e-04	
4.901239e-04	1.051352e-04	
4.298563e-04	9.571062e-05	
4.993312e-04	8.461110e-05	
4.791943e-04	4.556613e-05	
5.002026e-04	8.819174e-05	
5.243367e-04	1.175329e-04	
4.769604e-04	1.146736e-04	
4.610397e-04	1.429225e-04	
4.610397e-04	1.209790e-04	
4.304099e-04	1.238304e-04	
4.626189e-04	1.223391e-04	
4.652907e-04	1.276900e-04	
4.652907e-04	1.410708e-04	
4.835003e-04	1.371806e-04	
4.267353e-04	1.239404e-04	
4.795919e-04	1.309791e-04	
4.711419e-04	1.471689e-04	
4.439588e-04	1.428679e-04	
4.533158e-04	1.441455e-04	
4.703092e-04	1.646542e-04	
4.845800e-04	1.504582e-04	
4.551519e-04	1.606034e-04	
4.551519e-04	1.595418e-04	
5.315919e-04	1.399798e-04	
4.583553e-04	1.329177e-04	
4.499710e-04	1.389662e-04	
4.485645e-04	1.392735e-04	
4.379352e-04	1.463448e-04	
4.379352e-04	1.540223e-04	
4.942133e-04	1.326802e-04	
4.942133e-04	1.494165e-04	
4.735289e-04	1.510510e-04	
4.735289e-04	1.652400e-04	
5.107891e-04	1.536478e-04	
4.785286e-04	1.412907e-04	
4.324241e-04	1.322604e-04	
5.022045e-04	1.157145e-04	
4.719911e-04	1.260964e-04	
4.719911e-04	1.145912e-04	
4.298563e-04	1.161043e-04	
4.486599e-04	9.299738e-05	
4.486599e-04	7.222536e-05	
5.002026e-04	1.081464e-04	
4.722476e-04	1.277032e-04	
4.403513e-04	1.189105e-04	
4.403513e-04	1.281844e-04	
4.789945e-04	1.283151e-04	
4.635484e-04	1.370555e-04	
4.972538e-04	1.506055e-04	
4.691580e-04	1.375563e-04	
4.691580e-04	1.453480e-04	
4.835003e-04	1.431554e-04	
4.267353e-04	1.463112e-04	
4.795919e-04	1.372894e-04	
5.397075e-04	1.328788e-04	
4.395180e-04	1.427996e-04	
4.395180e-04	1.423289e-04	
4.703092e-04	1.511289e-04	
4.845800e-04	1.366360e-04	
4.889084e-04	1.610627e-04	
4.927700e-04	1.603538e-04	
4.927700e-04	1.353784e-04	
4.981956e-04	1.450558e-04	
5.198393e-04	1.426388e-04	
4.324662e-04	1.551930e-04	
4.324662e-04	1.564428e-04	
4.951134e-04	1.705031e-04	
4.489299e-04	1.388115e-04	
4.591780e-04	1.526120e-04	
4.586045e-04	1.540893e-04	
4.903681e-04	1.657686e-04	
4.903681e-04	1.524979e-04	
4.972976e-04	1.517107e-04	
4.697448e-04	1.341211e-04	
4.697448e-04	1.277198e-04	
4.763747e-04	1.288217e-04	
4.551038e-04	1.294413e-04	
4.308975e-04	1.268031e-04	
4.751685e-04	1.201399e-04	
4.628065e-04	6.541242e-05	
4.584071e-04	9.933350e-05	
4.584071e-04	1.168425e-04	
4.767753e-04	1.363508e-04	
4.698763e-04	1.526436e-04	
4.717927e-04	1.396357e-04	
4.635484e-04	1.333291e-04	
4.709286e-04	1.375018e-04	
4.628683e-04	1.492992e-04	
4.628683e-04	1.594196e-04	
4.851385e-04	1.456752e-04	
4.879768e-04	1.497510e-04	
4.973551e-04	1.535874e-04	
4.640940e-04	1.349753e-04	
4.473197e-04	1.441868e-04	
4.473197e-04	1.573655e-04	
4.479557e-04	1.431189e-04	
4.479557e-04	1.422904e-04	
4.987692e-04	1.518464e-04	
4.980987e-04	1.604720e-04	
4.980987e-04	1.415072e-04	
4.408602e-04	1.436662e-04	
4.395355e-04	1.418926e-04	
4.806545e-04	1.561658e-04	
4.806545e-04	1.686596e-04	
5.412411e-04	1.573670e-04	
4.334053e-04	1.553371e-04	
4.334053e-04	1.389873e-04	
4.586045e-04	1.559905e-04	
4.447036e-04	1.506776e-04	
4.447036e-04	1.432649e-04	
4.684373e-04	1.447154e-04	
4.844627e-04	1.527373e-04	
5.076222e-04	1.298737e-04	
4.744937e-04	1.353237e-04	
4.551038e-04	1.499634e-04	
4.308975e-04	1.596207e-04	
4.272106e-04	1.304822e-04	
4.272106e-04	9.766702e-05	
4.654193e-04	9.386290e-05	
5.159910e-04	1.178152e-04	
4.328779e-04	1.244054e-04	
4.328779e-04	1.540475e-04	
4.718803e-04	1.492514e-04	
4.491645e-04	1.403140e-04	
4.532876e-04	1.513903e-04	
4.978484e-04	1.628092e-04	
4.519065e-04	1.598112e-04	
4.519065e-04	1.408374e-04	
5.061937e-04	1.478773e-04	
5.061937e-04	1.545557e-04	
4.640940e-04	1.503400e-04	
4.726822e-04	1.527394e-04	
5.056177e-04	1.640029e-04	
4.354769e-04	1.548275e-04	
4.673785e-04	1.466610e-04	
4.673785e-04	1.511687e-04	
5.220475e-04	1.533179e-04	
4.993553e-04	1.523888e-04	
5.028697e-04	1.376331e-04	
4.395355e-04	1.477131e-04	
4.817030e-04	1.484633e-04	
4.818028e-04	1.587440e-04	
4.818028e-04	1.512825e-04	
4.876856e-04	1.651924e-04	
4.719426e-04	1.483361e-04	
5.059675e-04	1.369805e-04	
4.661824e-04	1.585792e-04	
4.661824e-04	1.485587e-04	
4.684373e-04	1.626500e-04	
4.380092e-04	1.523089e-04	
4.328063e-04	1.511140e-04	
4.328063e-04	1.566673e-04	
4.907940e-04	1.430976e-04	
4.808783e-04	1.646122e-04	
4.383380e-04	1.600800e-04	
5.004801e-04	1.443301e-04	
4.654193e-04	9.080075e-05	
4.450550e-04	1.299894e-04	
4.433549e-04	1.237417e-04	
4.433549e-04	1.510134e-04	
4.718803e-04	1.672445e-04	
4.491645e-04	1.556338e-04	
4.626514e-04	1.517754e-04	
4.827594e-04	1.423299e-04	
5.082799e-04	1.449136e-04	
4.603454e-04	1.556932e-04	
4.603454e-04	1.485441e-04	
5.118544e-04	1.539469e-04	
4.457621e-04	1.436198e-04	
4.726822e-04	1.597326e-04	
4.892302e-04	1.551979e-04	
4.354769e-04	1.599609e-04	
4.885134e-04	1.448349e-04	
4.617241e-04	1.492097e-04	
4.617241e-04	1.427924e-04	
4.885892e-04	1.626153e-04	
4.676835e-04	1.515009e-04	
4.501557e-04	1.541456e-04	
4.869368e-04	1.638229e-04	
5.040980e-04	1.578950e-04	
4.923452e-04	1.470704e-04	
4.923452e-04	1.586160e-04	
4.719426e-04	1.515312e-04	
4.787968e-04	1.377231e-04	
4.290977e-04	1.588266e-04	
4.290977e-04	1.648548e-04	
5.196859e-04	1.720756e-04	
4.380092e-04	1.742879e-04	
4.619557e-04	1.660786e-04	
4.345468e-04	1.629444e-04	
4.521482e-04	1.500479e-04	
4.564701e-04	1.495385e-04	
4.383380e-04	1.484768e-04	
4.601314e-04	9.884914e-05	
4.682271e-04	1.455832e-04	
4.450550e-04	1.303948e-04	
4.697396e-04	1.183666e-04	
4.987732e-04	1.348773e-04	
4.987732e-04	1.455498e-04	
4.495924e-04	1.488340e-04	
4.495924e-04	1.492395e-04	
4.985688e-04	1.501027e-04	
5.034597e-04	1.478510e-04	
4.452319e-04	1.487432e-04	
4.745094e-04	1.583290e-04	
4.745094e-04	1.387447e-04	
4.457621e-04	1.575005e-04	
4.721179e-04	1.621666e-04	
4.721179e-04	1.597327e-04	
5.188567e-04	1.633056e-04	
4.845301e-04	1.661069e-04	
4.845301e-04	1.495418e-04	
5.125102e-04	1.519155e-04	
4.885892e-04	1.669929e-04	
4.527637e-04	1.597660e-04	
4.501557e-04	1.652959e-04	
4.862431e-04	1.577494e-04	
4.779145e-04	1.524904e-04	
4.432164e-04	1.445204e-04	
4.432164e-04	1.501453e-04	
4.662205e-04	1.623891e-04	
4.662205e-04	1.549200e-04	
4.831580e-04	1.512715e-04	
4.406740e-04	1.568556e-04	
4.406740e-04	1.652693e-04	
5.060410e-04	1.926986e-04	
5.030573e-04	1.831088e-04	
5.260164e-04	1.699660e-04	
4.521482e-04	1.615327e-04	
4.564701e-04	1.443302e-04	
5.102568e-04	1.257277e-04	
4.601314e-04	1.167560e-04	
4.931661e-04	1.538235e-04	
5.004078e-04	1.611029e-04	
4.697396e-04	1.400534e-04	
4.856201e-04	1.269092e-04	
4.919766e-04	1.237906e-04	
4.910674e-04	1.416513e-04	
4.532495e-04	1.397112e-04	
5.016033e-04	1.508960e-04	
5.052765e-04	1.460578e-04	
4.299616e-04	1.607574e-04	
4.299616e-04	1.555205e-04	
4.887516e-04	1.443466e-04	
4.887516e-04	1.526084e-04	
4.868813e-04	1.567007e-04	
4.901088e-04	1.695914e-04	
4.901088e-04	1.540489e-04	
4.936072e-04	1.673072e-04	
4.853300e-04	1.553076e-04	
4.578012e-04	1.560968e-04	
4.885089e-04	1.528147e-04	
4.885089e-04	1.714885e-04	
4.921379e-04	1.644698e-04	
4.916641e-04	1.549822e-04	
4.779145e-04	1.542919e-04	
4.681619e-04	1.556568e-04	
4.767071e-04	1.458176e-04	
4.676333e-04	1.601716e-04	
4.843968e-04	1.736091e-04	
4.796430e-04	1.628833e-04	
4.893220e-04	1.494995e-04	
4.819602e-04	1.619939e-04	
4.631896e-04	1.788531e-04	
4.231882e-04	1.793048e-04	
4.768720e-04	1.876538e-04	
5.133410e-04	2.017600e-04	
4.599303e-04	1.522493e-04	
4.599303e-04	1.552856e-04	
4.775059e-04	1.109188e-04	
4.926097e-04	8.801314e-05	
4.534224e-04	1.216485e-04	
5.058634e-04	1.220902e-04	
5.189165e-04	1.321891e-04	
4.780492e-04	1.484365e-04	
4.663637e-04	1.355426e-04	
4.532495e-04	1.500935e-04	
4.708814e-04	1.372895e-04	
4.576166e-04	1.484078e-04	
4.576166e-04	1.465488e-04	
4.881088e-04	1.483641e-04	
4.858267e-04	1.501696e-04	
4.917218e-04	1.617339e-04	
4.467589e-04	1.580102e-04	
4.467589e-04	1.554094e-04	
4.703791e-04	1.535627e-04	
4.695419e-04	1.677264e-04	
4.695419e-04	1.555020e-04	
4.578012e-04	1.628850e-04	
4.679478e-04	1.547666e-04	
4.762388e-04	1.646883e-04	
4.762388e-04	1.643699e-04	
4.916641e-04	1.534359e-04	
4.538899e-04	1.559373e-04	
4.538899e-04	1.722154e-04	
4.460683e-04	1.599468e-04	
4.676333e-04	1.657703e-04	
4.933818e-04	1.651360e-04	
4.796430e-04	1.579496e-04	
4.804907e-04	1.487442e-04	
4.715044e-04	1.657432e-04	
4.755384e-04	1.717786e-04	
4.231882e-04	1.844949e-04	
4.768720e-04	1.716772e-04	
5.038225e-04	1.864103e-04	
4.686047e-04	1.890936e-04	
4.768951e-04	1.678692e-04	
4.768951e-04	1.530175e-04	
4.666172e-04	1.390369e-04	
4.534224e-04	1.354302e-04	
4.862130e-04	1.204747e-04	
4.585472e-04	1.227474e-04	
4.780492e-04	1.340437e-04	
4.663637e-04	1.490029e-04	
4.929239e-04	1.461929e-04	
4.633869e-04	1.444596e-04	
4.633869e-04	1.339238e-04	
4.708550e-04	1.327258e-04	
4.708550e-04	1.381172e-04	
4.858267e-04	1.599500e-04	
4.504462e-04	1.507892e-04	
4.504462e-04	1.501035e-04	
4.989892e-04	1.490444e-04	
4.285879e-04	1.575925e-04	
4.285879e-04	1.525349e-04	
4.910832e-04	1.627414e-04	
5.182784e-04	1.532918e-04	
4.679478e-04	1.556122e-04	
4.797100e-04	1.447151e-04	
4.902507e-04	1.541530e-04	
4.910482e-04	1.495865e-04	
4.794355e-04	1.586957e-04	
4.303841e-04	1.636238e-04	
4.303841e-04	1.725986e-04	
4.766542e-04	1.490146e-04	
4.766542e-04	1.715195e-04	
4.379676e-04	1.647629e-04	
4.773871e-04	1.570943e-04	
4.715044e-04	1.655318e-04	
4.397574e-04	1.468588e-04	
4.528063e-04	1.691985e-04	
4.528063e-04	1.751815e-04	
4.762585e-04	1.914310e-04	
4.762585e-04	2.076395e-04	
4.707384e-04	1.748131e-04	
4.560562e-04	1.337238e-04	
4.628735e-04	1.385054e-04	
4.628735e-04	1.479509e-04	
5.059172e-04	1.331121e-04	
4.585472e-04	1.238545e-04	
4.534853e-04	1.222403e-04	
4.741072e-04	1.390885e-04	
4.971742e-04	1.574640e-04	
4.890097e-04	1.465101e-04	
4.475147e-04	1.341988e-04	
5.061103e-04	1.281600e-04	
4.935821e-04	1.377411e-04	
4.935821e-04	1.487841e-04	
4.832471e-04	1.372311e-04	
5.107338e-04	1.378879e-04	
4.404942e-04	1.474478e-04	
4.404942e-04	1.508402e-04	
4.731338e-04	1.469007e-04	
4.479655e-04	1.549074e-04	
4.479655e-04	1.406801e-04	
5.211857e-04	1.532343e-04	
4.797100e-04	1.452292e-04	
4.957070e-04	1.506315e-04	
4.277276e-04	1.418851e-04	
4.277276e-04	1.551895e-04	
5.079905e-04	1.576259e-04	
4.451624e-04	1.668229e-04	
4.451624e-04	1.681164e-04	
4.264094e-04	1.557452e-04	
4.379676e-04	1.668699e-04	
4.643707e-04	1.635087e-04	
4.248203e-04	1.491283e-04	
4.248203e-04	1.656258e-04	
4.466928e-04	1.634633e-04	
4.466928e-04	1.799763e-04	
4.454899e-04	1.717824e-04	
4.946176e-04	1.834317e-04	
4.782498e-04	1.767253e-04	
4.560562e-04	1.447841e-04	
4.311620e-04	1.575444e-04	
4.363002e-04	1.533050e-04	
4.687765e-04	1.403179e-04	
4.687765e-04	1.159101e-04	
4.534853e-04	1.296621e-04	
4.941589e-04	1.386910e-04	
4.808164e-04	1.401533e-04	
4.717522e-04	1.301519e-04	
4.475147e-04	1.466492e-04	
4.329774e-04	1.273718e-04	
4.387611e-04	1.258523e-04	
4.387611e-04	1.436816e-04	
5.211520e-04	1.363083e-04	
4.769862e-04	1.448811e-04	
4.769862e-04	1.456831e-04	
4.682175e-04	1.457527e-04	
4.682175e-04	1.352733e-04	
5.087680e-04	1.406537e-04	
4.645003e-04	1.459727e-04	
4.553870e-04	1.436567e-04	
4.553870e-04	1.433943e-04	
4.791580e-04	1.432729e-04	
4.791580e-04	1.432034e-04	
4.490233e-04	1.454102e-04	
4.490233e-04	1.516835e-04	
4.429075e-04	1.573867e-04	
4.429075e-04	1.613453e-04	
4.264094e-04	1.569561e-04	
4.511938e-04	1.548549e-04	
4.511938e-04	1.592675e-04	
4.860086e-04	1.594307e-04	
4.845016e-04	1.445069e-04	
4.322763e-04	1.491410e-04	
4.631308e-04	1.502968e-04	
4.454899e-04	1.620347e-04	
4.667873e-04	1.628724e-04	
4.667873e-04	1.970963e-04	
4.970477e-04	1.371814e-04	
4.311620e-04	1.361381e-04	
4.697026e-04	1.662374e-04	
4.720725e-04	1.281751e-04	
4.594731e-04	1.404894e-04	
4.986716e-04	1.323896e-04	
4.701752e-04	1.317416e-04	
4.701752e-04	1.233695e-04	
4.586665e-04	1.378149e-04	
4.586665e-04	1.277048e-04	
4.329774e-04	1.357116e-04	
4.399660e-04	1.300394e-04	
4.399660e-04	1.391293e-04	
4.338477e-04	1.390300e-04	
4.785447e-04	1.442067e-04	
4.900340e-04	1.449126e-04	
5.006007e-04	1.430386e-04	
4.432691e-04	1.317915e-04	
4.505786e-04	1.328924e-04	
4.827083e-04	1.396804e-04	
4.853965e-04	1.409725e-04	
4.853965e-04	1.465496e-04	
4.418460e-04	1.424313e-04	
4.418460e-04	1.421527e-04	
4.929207e-04	1.408776e-04	
4.929207e-04	1.414708e-04	
4.932287e-04	1.503215e-04	
5.216688e-04	1.602665e-04	
4.798313e-04	1.452366e-04	
4.681427e-04	1.449798e-04	
4.717078e-04	1.566133e-04	
4.902682e-04	1.523935e-04	
5.089351e-04	1.427256e-04	
4.322763e-04	1.472276e-04	
4.200024e-04	1.510452e-04	
4.200024e-04	1.758672e-04	
4.997626e-04	2.016801e-04	
5.092207e-04	1.805111e-04	
4.970477e-04	1.369246e-04	
4.850073e-04	1.775603e-04	
4.850073e-04	2.000615e-04	
4.720725e-04	1.906087e-04	
4.252584e-04	1.648565e-04	
4.252584e-04	1.180151e-04	
4.747438e-04	1.068590e-04	
4.755924e-04	1.085860e-04	
4.755924e-04	1.285252e-04	
5.089947e-04	1.489665e-04	
4.765792e-04	1.274458e-04	
4.439189e-04	1.310595e-04	
4.439189e-04	1.309441e-04	
4.338477e-04	1.312821e-04	
4.470793e-04	1.436668e-04	
4.470793e-04	1.323726e-04	
5.024498e-04	1.375571e-04	
4.432691e-04	1.345586e-04	
4.770324e-04	1.252127e-04	
4.827083e-04	1.345061e-04	
4.653412e-04	1.344063e-04	
4.312848e-04	1.354198e-04	
4.312848e-04	1.369394e-04	
4.579040e-04	1.347862e-04	
4.763398e-04	1.250139e-04	
4.763398e-04	1.313528e-04	
4.932287e-04	1.459766e-04	
4.998531e-04	1.467665e-04	
4.608634e-04	1.476433e-04	
4.608634e-04	1.485868e-04	
5.454739e-04	1.484355e-04	
4.651928e-04	1.409520e-04	
4.344014e-04	1.425502e-04	
4.209116e-04	1.434436e-04	
4.713808e-04	1.712097e-04	
4.804490e-04	1.597977e-04	
4.445677e-04	1.359794e-04	
4.705276e-04	1.676802e-04	
4.705276e-04	1.631167e-04	
4.864617e-04	1.457056e-04	
4.879815e-04	1.901795e-04	
4.879815e-04	1.476557e-04	
5.031025e-04	1.530079e-04	
4.669806e-04	1.427992e-04	
4.307845e-04	1.334681e-04	
4.760413e-04	1.270774e-04	
4.515261e-04	1.252716e-04	
4.762943e-04	1.145691e-04	
4.588945e-04	1.241590e-04	
4.532559e-04	1.281047e-04	
5.269444e-04	1.264250e-04	
4.473694e-04	1.287523e-04	
4.473694e-04	1.241778e-04	
4.478270e-04	1.365571e-04	
4.728255e-04	1.315618e-04	
4.746324e-04	1.424180e-04	
4.770324e-04	1.332341e-04	
5.121611e-04	1.224216e-04	
4.216436e-04	1.316227e-04	
4.216436e-04	1.367826e-04	
5.005609e-04	1.215714e-04	
5.005609e-04	1.402421e-04	
4.887842e-04	1.207862e-04	
4.778754e-04	1.220528e-04	
4.593474e-04	1.318856e-04	
4.593474e-04	1.416345e-04	
4.965500e-04	1.497918e-04	
4.972443e-04	1.493481e-04	
4.767044e-04	1.407797e-04	
4.550276e-04	1.382177e-04	
4.344014e-04	1.467712e-04	
4.209116e-04	1.337062e-04	
4.677084e-04	1.345792e-04	
4.677084e-04	1.460280e-04	
4.445677e-04	1.744596e-04	
4.914132e-04	1.650869e-04	
4.766173e-04	1.343358e-04	
4.707701e-04	1.521907e-04	
5.095449e-04	1.494079e-04	
4.604900e-04	1.485961e-04	
4.604900e-04	1.489734e-04	
5.140590e-04	1.623030e-04	
4.307845e-04	1.498516e-04	
4.434218e-04	1.262142e-04	
4.515261e-04	1.156437e-04	
4.762943e-04	1.087459e-04	
4.612489e-04	1.180915e-04	
5.024591e-04	1.216053e-04	
4.851188e-04	1.219823e-04	
4.851188e-04	1.177393e-04	
4.650271e-04	1.274238e-04	
4.631593e-04	1.185085e-04	
4.631593e-04	1.309166e-04	
4.993624e-04	1.378808e-04	
4.966235e-04	1.385929e-04	
4.490817e-04	1.234974e-04	
4.866506e-04	1.322776e-04	
4.492671e-04	1.240620e-04	
4.927282e-04	1.254327e-04	
4.639998e-04	1.262055e-04	
4.607292e-04	1.297869e-04	
5.030687e-04	1.292021e-04	
4.591177e-04	1.313746e-04	
4.591177e-04	1.368417e-04	
4.556225e-04	1.378609e-04	
5.199647e-04	1.517255e-04	
4.767044e-04	1.374403e-04	
4.777662e-04	1.356788e-04	
4.825952e-04	1.337188e-04	
4.825952e-04	1.411714e-04	
5.031108e-04	1.335012e-04	
5.061181e-04	1.225618e-04	
4.985016e-04	1.441615e-04	
4.352145e-04	1.371422e-04	
4.352145e-04	1.905099e-04	
4.772409e-04	2.377210e-04	
4.446003e-04	1.897790e-04	
4.610885e-04	1.668116e-04	
4.673071e-04	1.277853e-04	
4.895319e-04	1.461629e-04	
4.895319e-04	1.187108e-04	
4.434218e-04	1.307826e-04	
4.937678e-04	1.253361e-04	
4.919729e-04	1.155769e-04	
4.927463e-04	1.198245e-04	
4.623903e-04	1.163580e-04	
4.623903e-04	1.107834e-04	
4.581979e-04	1.156415e-04	
4.650271e-04	1.202799e-04	
4.299662e-04	1.086572e-04	
5.053194e-04	1.203428e-04	
5.034228e-04	1.301818e-04	
5.020556e-04	1.323479e-04	
4.490817e-04	1.310886e-04	
4.656503e-04	1.165147e-04	
4.492671e-04	1.272043e-04	
4.370328e-04	1.224550e-04	
4.370328e-04	1.274557e-04	
4.498467e-04	1.345276e-04	
4.498467e-04	1.308899e-04	
4.531082e-04	1.300142e-04	
4.589857e-04	1.263695e-04	
4.556225e-04	1.330505e-04	
4.710915e-04	1.276037e-04	
4.710915e-04	1.353221e-04	
5.065440e-04	1.125309e-04	
4.601929e-04	1.247309e-04	
4.734903e-04	1.392828e-04	
4.734903e-04	1.453673e-04	
5.227229e-04	1.364098e-04	
4.738626e-04	1.527778e-04	
4.738626e-04	1.514563e-04	
4.772413e-04	1.106752e-04	
5.117072e-04	2.168723e-04	
4.446003e-04	2.173677e-04	
5.141854e-04	1.822569e-04	
4.422344e-04	1.505121e-04	
4.422344e-04	1.133609e-04	
4.824621e-04	1.267818e-04	
4.391071e-04	1.270315e-04	
4.391071e-04	1.299540e-04	
4.919729e-04	1.214301e-04	
4.611564e-04	1.180537e-04	
4.611564e-04	1.034025e-04	
4.359887e-04	1.088979e-04	
4.359887e-04	1.161086e-04	
5.048477e-04	9.942076e-05	
4.299662e-04	1.129053e-04	
4.293666e-04	1.051951e-04	
5.324334e-04	1.190022e-04	
5.222008e-04	1.233339e-04	
4.916769e-04	1.284179e-04	
4.877986e-04	1.214189e-04	
4.906609e-04	1.273219e-04	
4.669145e-04	1.318239e-04	
4.508701e-04	1.234066e-04	
4.876620e-04	1.325473e-04	
4.745682e-04	1.309650e-04	
4.531082e-04	1.305949e-04	
4.560688e-04	1.215051e-04	
5.010971e-04	1.190506e-04	
5.186349e-04	1.129490e-04	
4.255695e-04	1.134907e-04	
4.255695e-04	1.137863e-04	
4.601929e-04	1.212088e-04	
4.828908e-04	1.310277e-04	
4.740691e-04	1.290733e-04	
5.012110e-04	1.579897e-04	
5.202188e-04	1.730297e-04	
4.916418e-04	1.460125e-04	
4.975625e-04	1.628025e-04	
4.856244e-04	1.412996e-04	
5.363159e-04	1.943825e-04	
4.665615e-04	1.771658e-04	
4.665615e-04	1.436250e-04	
4.463451e-04	1.403892e-04	
4.463451e-04	1.178480e-04	
4.863420e-04	1.218651e-04	
5.069770e-04	1.250955e-04	
4.376572e-04	1.225112e-04	
4.376572e-04	1.052183e-04	
5.152084e-04	1.084896e-04	
4.347903e-04	1.018369e-04	
5.109569e-04	1.169043e-04	
4.549952e-04	1.048346e-04	
4.549952e-04	1.128762e-04	
4.293666e-04	1.126491e-04	
5.175926e-04	9.907268e-05	
4.375562e-04	1.166079e-04	
4.375562e-04	1.239616e-04	
4.807363e-04	1.224366e-04	
4.807363e-04	1.259097e-04	
4.954740e-04	1.263948e-04	
4.508701e-04	1.214939e-04	
4.905805e-04	1.259253e-04	
4.394709e-04	1.116457e-04	
4.394709e-04	1.183124e-04	
4.560688e-04	1.180237e-04	
5.018134e-04	1.109171e-04	
5.018134e-04	1.032209e-04	
4.672165e-04	1.125974e-04	
4.567668e-04	1.138965e-04	
4.967781e-04	1.223972e-04	
4.296617e-04	1.094436e-04	
4.296617e-04	1.247128e-04	
4.793161e-04	1.160666e-04	
4.784895e-04	1.459857e-04	
4.784895e-04	1.509869e-04	
4.571475e-04	1.326340e-04	
4.803383e-04	1.562289e-04	
4.606663e-04	1.420422e-04	
4.776252e-04	1.443725e-04	
4.590056e-04	1.644629e-04	
4.590056e-04	1.336760e-04	
5.191152e-04	1.282512e-04	
4.735086e-04	1.107314e-04	
4.678244e-04	1.156751e-04	
4.828765e-04	1.168016e-04	
4.618776e-04	9.898853e-05	
4.414287e-04	1.040807e-04	
4.347903e-04	1.171442e-04	
5.019517e-04	1.037924e-04	
4.539930e-04	1.050456e-04	
4.539930e-04	1.155759e-04	
4.707903e-04	1.066639e-04	
4.588275e-04	1.052031e-04	
4.537868e-04	1.058159e-04	
4.632037e-04	1.148109e-04	
4.632037e-04	1.219273e-04	
4.893998e-04	1.131282e-04	
4.562259e-04	1.118494e-04	
4.562259e-04	1.167067e-04	
4.965449e-04	1.185413e-04	
4.744201e-04	1.162746e-04	
4.458794e-04	1.036562e-04	
4.458794e-04	1.057924e-04	
5.025729e-04	1.038368e-04	
4.396920e-04	1.062000e-04	
4.902322e-04	1.050112e-04	
4.933605e-04	1.202122e-04	
4.670661e-04	1.096275e-04	
4.670661e-04	1.111151e-04	
4.328095e-04	9.038332e-05	
4.328095e-04	1.298088e-04	
4.759496e-04	1.196900e-04	
4.949939e-04	1.493681e-04	
4.571475e-04	1.564198e-04	
5.016358e-04	1.425779e-04	
4.606663e-04	1.623082e-04	
4.804293e-04	9.835629e-05	
4.958222e-04	1.289284e-04	
4.887336e-04	1.485018e-04	
4.856213e-04	1.136014e-04	
4.556238e-04	1.077085e-04	
4.556238e-04	9.641829e-05	
5.316167e-04	9.969085e-05	
4.618776e-04	1.021942e-04	
4.414287e-04	1.063538e-04	
4.933030e-04	1.008936e-04	
5.019517e-04	1.041449e-04	
4.626594e-04	1.142148e-04	
4.610290e-04	1.029477e-04	
4.707903e-04	1.110041e-04	
4.588275e-04	1.057563e-04	
4.537868e-04	1.031181e-04	
4.804438e-04	1.022006e-04	
4.971683e-04	1.002350e-04	
4.893998e-04	1.006342e-04	
4.588295e-04	9.782243e-05	
4.588295e-04	1.016146e-04	
4.943769e-04	1.055620e-04	
4.744201e-04	1.095403e-04	
4.980051e-04	1.044018e-04	
4.628547e-04	9.346628e-05	
5.151680e-04	8.941069e-05	
4.396920e-04	1.023452e-04	
4.691838e-04	8.950734e-05	
4.691838e-04	1.066244e-04	
4.515712e-04	1.121797e-04	
4.515712e-04	1.081237e-04	
4.912161e-04	9.907600e-05	
4.721684e-04	7.314337e-05	
4.759496e-04	1.129754e-04	
4.689973e-04	1.356731e-04	
4.808438e-04	2.001720e-04	
4.377870e-04	1.956104e-04	
4.377870e-04	1.503490e-04	
4.804293e-04	1.339644e-04	
4.697959e-04	1.398961e-04	
4.697959e-04	1.157709e-04	
4.812555e-04	1.217641e-04	
4.674621e-04	8.346031e-05	
5.101413e-04	9.878641e-05	
4.680544e-04	9.398071e-05	
4.932482e-04	1.054610e-04	
4.826809e-04	8.694802e-05	
4.942297e-04	1.005945e-04	
5.001056e-04	9.908072e-05	
5.084897e-04	1.074139e-04	
4.610290e-04	1.041828e-04	
4.652497e-04	1.024904e-04	
4.652497e-04	1.073268e-04	
4.945075e-04	1.035074e-04	
4.944551e-04	9.908214e-05	
4.944551e-04	8.915044e-05	
4.934966e-04	9.126674e-05	
4.909327e-04	9.803295e-05	
4.783985e-04	9.788984e-05	
5.005991e-04	8.859747e-05	
4.750359e-04	9.824889e-05	
4.750359e-04	9.594542e-05	
4.628547e-04	9.073677e-05	
4.588614e-04	7.261551e-05	
5.066467e-04	9.969599e-05	
4.454456e-04	9.130026e-05	
4.454456e-04	9.805793e-05	
4.746333e-04	9.810751e-05	
5.012663e-04	8.715769e-05	
4.438443e-04	6.561117e-05	
4.721684e-04	8.557341e-05	
4.769021e-04	9.410729e-05	
4.689973e-04	1.750460e-04	
4.693430e-04	2.281339e-04	
4.641799e-04	1.461442e-04	
4.490965e-04	1.762022e-04	
4.769185e-04	1.161500e-04	
4.928666e-04	1.280858e-04	
4.603071e-04	1.097457e-04	
5.038950e-04	1.136167e-04	
4.674621e-04	9.905198e-05	
4.687147e-04	8.006326e-05	
4.680544e-04	8.585566e-05	
5.166460e-04	1.031537e-04	
4.826809e-04	8.412275e-05	
4.797625e-04	8.199881e-05	
4.797625e-04	9.139507e-05	
5.111483e-04	1.025798e-04	
5.016800e-04	9.200205e-05	
4.974297e-04	1.003435e-04	
5.002430e-04	1.021732e-04	
5.156017e-04	1.021011e-04	
4.633043e-04	9.225792e-05	
4.541306e-04	8.831107e-05	
4.364525e-04	8.721489e-05	
4.399448e-04	9.532955e-05	
5.018841e-04	9.359620e-05	
4.438538e-04	8.890422e-05	
4.438538e-04	8.947059e-05	
5.207813e-04	8.540847e-05	
4.314769e-04	7.324447e-05	
4.314769e-04	7.605320e-05	
5.032932e-04	7.910490e-05	
4.804794e-04	9.951606e-05	
4.910579e-04	8.082394e-05	
4.746333e-04	8.890057e-05	
4.888541e-04	6.776522e-05	
4.438443e-04	7.339021e-05	
4.239023e-04	8.586182e-05	
4.239023e-04	1.398549e-04	
5.102764e-04	1.920425e-04	
4.740837e-04	1.988450e-04	
4.641799e-04	1.647572e-04	
4.635568e-04	1.720903e-04	
4.266656e-04	1.450313e-04	
4.266656e-04	1.086606e-04	
4.603071e-04	1.035762e-04	
5.038950e-04	9.739019e-05	
5.057138e-04	9.605761e-05	
4.819845e-04	8.007444e-05	
4.819845e-04	8.048442e-05	
5.070696e-04	8.334924e-05	
5.037562e-04	8.922907e-05	
4.486072e-04	8.660342e-05	
4.719518e-04	8.392376e-05	
4.877894e-04	8.621592e-05	
4.989061e-04	9.706227e-05	
4.504549e-04	9.371489e-05	
4.504549e-04	8.463414e-05	
5.047623e-04	8.416212e-05	
4.949700e-04	8.171261e-05	
4.541306e-04	7.968727e-05	
4.364525e-04	7.726712e-05	
4.399448e-04	8.246257e-05	
4.666692e-04	7.880302e-05	
4.691536e-04	8.141314e-05	
4.647489e-04	8.387232e-05	
4.709420e-04	7.146549e-05	
4.709420e-04	8.033607e-05	
4.456871e-04	7.168774e-05	
5.081966e-04	6.932567e-05	
4.804794e-04	8.290273e-05	
4.910579e-04	6.214412e-05	
4.847605e-04	7.297326e-05	
4.524997e-04	8.084729e-05	
4.753189e-04	9.985948e-05	
5.078526e-04	1.121079e-04	
5.256014e-04	9.448457e-05	
4.931092e-04	1.146142e-04	
4.740837e-04	1.185918e-04	
4.358645e-04	2.559328e-04	
4.358645e-04	1.659520e-04	
4.621195e-04	1.298047e-04	
4.621195e-04	9.858063e-05	
4.720169e-04	9.422008e-05	
4.720169e-04	7.523600e-05	
5.147076e-04	9.675199e-05	
4.593346e-04	7.857504e-05	
4.287935e-04	8.722598e-05	
4.287935e-04	7.322395e-05	
4.389689e-04	8.427727e-05	
4.389689e-04	8.085424e-05	
4.355783e-04	7.891880e-05	
4.864418e-04	8.197027e-05	
4.873198e-04	8.000227e-05	
4.529334e-04	8.074552e-05	
4.529334e-04	7.828175e-05	
5.047623e-04	7.138921e-05	
4.949700e-04	7.220920e-05	
4.511012e-04	8.246488e-05	
4.345967e-04	7.212782e-05	
4.886082e-04	6.785290e-05	
4.886082e-04	7.401452e-05	
4.691536e-04	7.480769e-05	
4.880242e-04	6.474944e-05	
4.827348e-04	6.774422e-05	
4.539641e-04	6.684241e-05	
4.456871e-04	8.215279e-05	
5.081966e-04	6.746494e-05	
4.455153e-04	6.430346e-05	
4.455153e-04	6.425646e-05	
4.315568e-04	7.457111e-05	
4.524997e-04	8.016647e-05	
5.112524e-04	8.720765e-05	
5.031680e-04	9.642054e-05	
5.031680e-04	8.329557e-05	
4.460976e-04	1.112671e-04	
4.798833e-04	1.025468e-04	
4.670755e-04	1.302857e-04	
4.819860e-04	1.795706e-04	
4.819860e-04	1.023341e-04	
4.892832e-04	9.481398e-05	
4.892832e-04	7.970884e-05	
4.674300e-04	8.070610e-05	
4.540901e-04	7.448562e-05	
4.593346e-04	8.749728e-05	
4.790893e-04	7.053331e-05	
4.790893e-04	7.542233e-05	
4.816798e-04	8.069232e-05	
4.656197e-04	7.914754e-05	
4.355783e-04	7.513762e-05	
4.864418e-04	6.352129e-05	
4.773184e-04	7.121757e-05	
4.773184e-04	6.763700e-05	
5.241923e-04	7.734900e-05	
4.474157e-04	6.309978e-05	
4.474157e-04	6.153115e-05	
4.639102e-04	6.928575e-05	
4.345967e-04	7.430986e-05	
4.927994e-04	6.335783e-05	
4.871102e-04	6.575962e-05	
4.574429e-04	6.683387e-05	
4.574429e-04	6.907203e-05	
4.622688e-04	6.296071e-05	
5.062776e-04	5.983605e-05	
4.974019e-04	7.194810e-05	
4.833357e-04	5.324223e-05	
4.610000e-04	5.465556e-05	
4.703404e-04	4.623757e-05	
4.315568e-04	6.450837e-05	
4.551202e-04	7.092312e-05	
5.116857e-04	9.575992e-05	
4.544172e-04	6.447437e-05	
4.544172e-04	8.264809e-05	
4.307359e-04	1.051625e-04	
4.307359e-04	2.158545e-04	
4.825357e-04	2.057619e-04	
4.825357e-04	1.168451e-04	
4.659655e-04	1.080818e-04	
4.659655e-04	7.349239e-05	
5.112979e-04	7.536723e-05	
4.674300e-04	6.210728e-05	
4.540901e-04	7.230236e-05	
4.668474e-04	6.666401e-05	
4.544698e-04	6.749370e-05	
4.903570e-04	7.318502e-05	
4.758282e-04	6.343883e-05	
4.758282e-04	6.044048e-05	
5.318066e-04	7.506602e-05	
5.011993e-04	6.051134e-05	
4.661408e-04	6.563376e-05	
4.661408e-04	6.956396e-05	
5.241923e-04	7.367631e-05	
4.210880e-04	6.157718e-05	
4.210880e-04	5.711261e-05	
4.639102e-04	6.071843e-05	
4.654113e-04	6.154330e-05	
4.654113e-04	5.587688e-05	
4.483813e-04	5.402569e-05	
4.600273e-04	6.082664e-05	
4.636730e-04	5.615010e-05	
4.622688e-04	6.751054e-05	
4.977953e-04	6.097063e-05	
4.869568e-04	5.492057e-05	
4.833357e-04	6.821469e-05	
5.026729e-04	5.027683e-05	
4.862363e-04	4.934211e-05	
4.862363e-04	6.060149e-05	
4.635556e-04	6.452083e-05	
4.785131e-04	7.443308e-05	
4.774840e-04	6.819457e-05	
4.598675e-04	5.500226e-05	
4.743954e-04	1.210387e-04	
4.893002e-04	1.208466e-04	
5.040293e-04	1.094598e-04	
4.837027e-04	1.187506e-04	
4.816432e-04	9.515885e-05	
4.747147e-04	7.141311e-05	
4.746558e-04	6.814296e-05	
4.998320e-04	5.333386e-05	
5.174402e-04	6.122943e-05	
4.668474e-04	6.942044e-05	
4.544698e-04	7.294719e-05	
4.553916e-04	7.817871e-05	
4.553916e-04	6.345094e-05	
4.298393e-04	6.550834e-05	
4.298393e-04	5.659752e-05	
4.475129e-04	5.627060e-05	
4.849023e-04	5.802447e-05	
4.345256e-04	5.607314e-05	
4.713434e-04	5.866360e-05	
4.823700e-04	6.296289e-05	
4.615679e-04	5.294127e-05	
4.615679e-04	4.770445e-05	
5.177574e-04	6.309407e-05	
4.928681e-04	5.816220e-05	
4.483813e-04	5.168953e-05	
4.884506e-04	4.484576e-05	
4.535914e-04	5.526304e-05	
4.535914e-04	6.099806e-05	
4.659916e-04	5.890455e-05	
4.659916e-04	6.359498e-05	
4.935828e-04	5.669438e-05	
4.358053e-04	4.744995e-05	
4.510337e-04	5.564720e-05	
4.699883e-04	5.649890e-05	
4.635556e-04	6.407525e-05	
4.347268e-04	5.663246e-05	
4.347268e-04	7.953094e-05	
4.808559e-04	8.706060e-05	
4.745321e-04	1.465873e-04	
4.696012e-04	8.006816e-05	
4.372860e-04	1.852449e-04	
4.372860e-04	8.713276e-05	
4.816432e-04	4.630946e-05	
4.747147e-04	4.433198e-05	
4.746558e-04	5.933184e-05	
4.974906e-04	7.169313e-05	
4.662990e-04	5.487682e-05	
4.367517e-04	6.202133e-05	
4.711507e-04	6.888845e-05	
5.138920e-04	6.760379e-05	
4.597469e-04	6.900497e-05	
4.347663e-04	6.764419e-05	
4.769726e-04	4.735135e-05	
4.475129e-04	4.901375e-05	
4.604422e-04	3.917175e-05	
4.345256e-04	5.367245e-05	
4.713434e-04	4.726587e-05	
4.823700e-04	5.743676e-05	
4.773098e-04	5.656844e-05	
4.645974e-04	4.366700e-05	
5.024698e-04	5.467523e-05	
4.725572e-04	5.710032e-05	
4.255756e-04	4.796167e-05	
4.851763e-04	5.533425e-05	
4.600991e-04	5.260200e-05	
4.835987e-04	6.328840e-05	
4.809653e-04	6.052050e-05	
4.851375e-04	4.448711e-05	
4.933823e-04	5.135722e-05	
4.278303e-04	4.578476e-05	
4.278303e-04	4.645218e-05	
4.632905e-04	4.331823e-05	
4.632905e-04	5.492990e-05	
4.864993e-04	6.406791e-05	
4.929153e-04	7.447967e-05	
4.808559e-04	7.928394e-05	
4.256986e-04	9.802619e-05	
4.256986e-04	1.482200e-04	
5.000277e-04	9.391979e-05	
4.777984e-04	8.821888e-05	
4.610912e-04	3.756085e-05	
4.874087e-04	6.274751e-05	
4.850483e-04	5.802037e-05	
4.850483e-04	5.243035e-05	
4.662990e-04	4.819814e-05	
4.367517e-04	5.348368e-05	
4.924904e-04	5.497224e-05	
4.841725e-04	4.913384e-05	
4.597469e-04	6.287848e-05	
4.882203e-04	6.339478e-05	
4.726774e-04	5.820234e-05	
4.865811e-04	5.753074e-05	
4.604422e-04	5.040039e-05	
5.018807e-04	3.984396e-05	
4.332242e-04	4.542693e-05	
4.332242e-04	3.992176e-05	
4.868464e-04	4.995124e-05	
4.645974e-04	4.733685e-05	
5.186357e-04	3.753531e-05	
4.725572e-04	4.998536e-05	
4.255756e-04	5.302378e-05	
4.919736e-04	4.915907e-05	
4.600991e-04	5.893503e-05	
5.007407e-04	4.853322e-05	
5.007407e-04	5.060371e-05	
4.851375e-04	4.582011e-05	
4.933823e-04	4.394255e-05	
5.096812e-04	2.957300e-05	
5.110174e-04	2.741280e-05	
4.777510e-04	4.500939e-05	
4.777510e-04	5.142933e-05	
4.864993e-04	2.923943e-05	
4.941229e-04	1.939961e-05	
4.843169e-04	5.741958e-05	
4.804070e-04	1.341327e-04	
4.864995e-04	1.802488e-04	
4.844903e-04	5.560916e-05	
5.112603e-04	8.384783e-05	
4.609341e-04	9.115658e-05	
4.609341e-04	5.686158e-05	
4.791099e-04	6.415914e-05	
4.772384e-04	5.681372e-05	
4.353731e-04	4.074785e-05	
4.799162e-04	3.178310e-05	
4.775526e-04	3.364024e-05	
4.775526e-04	2.923097e-05	
5.230421e-04	5.178474e-05	
5.278079e-04	5.820665e-05	
4.726774e-04	6.121751e-05	
4.920345e-04	5.920386e-05	
4.959568e-04	5.056485e-05	
4.691405e-04	4.287368e-05	
4.691405e-04	3.140635e-05	
4.684419e-04	3.057267e-05	
4.868464e-04	4.823073e-05	
4.355254e-04	4.803201e-05	
4.355254e-04	3.595143e-05	
5.014407e-04	4.317807e-05	
4.692019e-04	3.931330e-05	
4.692019e-04	5.092554e-05	
4.976482e-04	4.934294e-05	
5.087755e-04	4.454008e-05	
5.007475e-04	2.902736e-05	
5.031025e-04	3.746833e-05	
4.749222e-04	3.230596e-05	
4.749222e-04	3.897214e-05	
4.881396e-04	3.358517e-05	
4.874858e-04	4.668197e-05	
4.893725e-04	2.959463e-05	
5.040283e-04	2.460969e-05	
4.687010e-04	1.468468e-05	
4.893942e-04	2.332138e-05	
4.638758e-04	8.679518e-05	
4.638758e-04	1.526785e-04	
4.442771e-04	1.222940e-04	
4.442771e-04	9.222819e-05	
4.467381e-04	8.079107e-05	
4.961410e-04	6.947473e-05	
4.541761e-04	5.130453e-05	
4.541761e-04	1.944166e-05	
4.353731e-04	2.578188e-05	
4.962416e-04	2.311716e-05	
4.977358e-04	3.039691e-05	
4.641490e-04	3.801083e-05	
4.962741e-04	4.119594e-05	
5.017876e-04	4.097742e-05	
4.393816e-04	5.181534e-05	
4.393816e-04	4.119322e-05	
4.959568e-04	4.702484e-05	
4.584470e-04	3.497888e-05	
4.797577e-04	3.262780e-05	
4.684419e-04	3.508653e-05	
4.596421e-04	3.717198e-05	
4.596421e-04	4.026395e-05	
4.806370e-04	3.559741e-05	
5.150639e-04	3.613623e-05	
4.559314e-04	4.074257e-05	
4.559314e-04	3.795253e-05	
4.976482e-04	4.513553e-05	
4.681692e-04	3.281758e-05	
4.681692e-04	2.774454e-05	
5.055012e-04	1.774840e-05	
4.899956e-04	2.436852e-05	
4.833756e-04	2.472072e-05	
4.881396e-04	2.841589e-05	
4.874858e-04	2.834045e-05	
4.755597e-04	2.745370e-05	
4.697432e-04	2.238170e-05	
4.687010e-04	1.920987e-05	
5.195489e-04	3.754700e-05	
4.373722e-04	5.603113e-05	
4.373722e-04	1.549145e-04	
4.662736e-04	1.058709e-04	
4.547330e-04	1.067199e-04	
4.467381e-04	6.968579e-05	
4.764967e-04	3.754942e-05	
4.764967e-04	1.863683e-05	
4.527074e-04	3.065631e-05	
4.527074e-04	1.736559e-05	
4.652134e-04	2.581741e-05	
4.460701e-04	3.364898e-05	
4.460701e-04	2.543711e-05	
4.952468e-04	2.757506e-05	
4.826806e-04	2.459492e-05	
4.826806e-04	2.691375e-05	
4.722966e-04	3.514314e-05	
4.708405e-04	3.328571e-05	
4.584470e-04	3.908872e-05	
4.379836e-04	2.766282e-05	
4.416429e-04	3.391456e-05	
5.142725e-04	2.626885e-05	
5.029508e-04	2.706252e-05	
4.832444e-04	3.184258e-05	
4.832444e-04	2.889144e-05	
4.281738e-04	3.075897e-05	
4.784674e-04	2.754582e-05	
5.180387e-04	2.920851e-05	
4.745097e-04	2.491886e-05	
4.813634e-04	1.572846e-05	
5.055012e-04	1.452143e-05	
4.951857e-04	9.680042e-06	
4.833756e-04	1.335763e-05	
4.591568e-04	1.954938e-05	
4.591568e-04	2.424648e-05	
4.755597e-04	2.673245e-05	
4.697432e-04	4.828804e-06	
4.637567e-04	1.917561e-05	
4.482038e-04	4.312751e-05	
4.365767e-04	9.396950e-05	
4.678879e-04	6.996909e-05	
4.662736e-04	9.547655e-05	
4.390159e-04	6.977866e-05	
4.390159e-04	1.919947e-05	
4.608129e-04	3.344446e-05	
4.608129e-04	8.596225e-06	
4.588725e-04	1.506509e-05	
4.838617e-04	1.008694e-05	
4.652134e-04	2.514752e-05	
5.035243e-04	1.228272e-05	
4.325182e-04	2.780218e-05	
4.325182e-04	9.606204e-06	
4.740553e-04	1.586890e-05	
4.740553e-04	1.218404e-05	
4.737562e-04	1.475073e-05	
4.708405e-04	2.266793e-05	
4.874931e-04	1.480038e-05	
4.379836e-04	2.879997e-05	
4.449424e-04	2.317674e-05	
4.868317e-04	1.750643e-05	
4.775867e-04	1.737649e-05	
4.871375e-04	1.787010e-05	
4.908345e-04	1.449180e-05	
4.281738e-04	2.539447e-05	
4.708842e-04	1.648527e-05	
4.494254e-04	1.383065e-05	
4.494254e-04	1.885342e-05	
4.813634e-04	1.459844e-05	
4.406043e-04	5.794433e-06	
4.406043e-04	1.153478e-05	
4.920040e-04	1.607464e-05	
4.876761e-04	3.225214e-05	
4.841123e-04	1.103878e-05	
5.211001e-04	8.314134e-06	
4.735206e-04	3.399004e-06	
4.987789e-04	1.372146e-05	
4.482038e-04	5.758675e-06	
4.365767e-04	7.221782e-05	
4.786629e-04	1.835905e-04	
