1.450746e-02	2.494943e-06	
2.074473e-02	4.332212e-05	
2.414690e-02	3.073421e-05	
1.643728e-02	5.811639e-06	
2.083992e-02	3.256037e-05	
1.820602e-02	1.457998e-05	
2.331304e-02	3.247144e-05	
1.571464e-02	1.952984e-04	
2.355279e-02	1.854856e-04	
1.767890e-02	6.853930e-05	
1.628774e-02	1.671749e-04	
1.947142e-02	1.157368e-04	
1.427643e-02	9.955361e-05	
1.830080e-02	7.717606e-05	
1.810654e-02	1.778954e-04	
1.516135e-02	5.475671e-05	
1.665559e-02	2.718136e-04	
2.405248e-02	2.585253e-04	
1.616287e-02	1.554964e-04	
1.812752e-02	7.768153e-05	
2.260679e-02	7.465490e-05	
2.105459e-02	5.067206e-05	
1.786614e-02	1.025040e-04	
2.182038e-02	4.784230e-05	
1.610474e-02	3.242062e-05	
2.372151e-02	1.498049e-04	
1.479263e-02	1.763583e-04	
1.921429e-02	1.179667e-04	
1.927082e-02	1.300882e-04	
2.108103e-02	1.740612e-04	
2.131572e-02	9.110222e-05	
2.087497e-02	3.660112e-05	
1.917897e-02	4.925774e-05	
1.975793e-02	4.343413e-05	
1.960430e-02	2.829440e-05	
1.352097e-02	2.144620e-05	
1.612349e-02	1.090786e-05	
1.679978e-02	1.204442e-05	
1.677224e-02	4.446886e-05	
2.467160e-02	1.377685e-05	
2.237447e-02	9.687760e-06	
1.997173e-02	1.939427e-06	
1.337091e-02	5.683932e-05	
2.025419e-02	9.019007e-05	
1.634252e-02	6.117455e-05	
2.010904e-02	7.478892e-05	
1.644505e-02	1.273398e-05	
2.167761e-02	1.798582e-04	
2.017194e-02	1.283296e-04	
1.808042e-02	1.118816e-04	
1.131739e-02	1.430430e-04	
1.584020e-02	8.992036e-05	
1.488921e-02	1.459699e-04	
2.023444e-02	1.656167e-04	
1.992925e-02	1.720953e-05	
1.905337e-02	6.291167e-06	
2.044902e-02	9.662750e-05	
2.006396e-02	1.889440e-04	
1.972429e-02	4.314788e-05	
2.156550e-02	2.476474e-05	
1.613720e-02	8.425578e-05	
1.820620e-02	3.700194e-05	
2.115307e-02	4.658381e-06	
2.031046e-02	2.886633e-04	
2.182422e-02	6.841025e-05	
1.608891e-02	5.561678e-05	
1.919926e-02	5.175288e-05	
2.433454e-02	9.645954e-05	
1.565561e-02	1.431711e-04	
1.593520e-02	1.976114e-04	
1.467008e-02	8.831250e-05	
2.143060e-02	1.671456e-05	
1.560311e-02	4.565656e-05	
2.660841e-02	1.002636e-04	
2.304341e-02	5.584894e-05	
1.834944e-02	3.103671e-05	
1.275220e-02	3.558679e-05	
2.006777e-02	4.791536e-05	
1.570636e-02	3.304222e-07	
1.544356e-02	8.214752e-05	
1.620543e-02	2.935056e-06	
2.130693e-02	1.560038e-05	
2.049510e-02	1.125594e-05	
1.929593e-02	3.471667e-05	
2.534074e-02	5.653557e-06	
1.504411e-02	1.312256e-04	
1.578370e-02	8.623580e-05	
1.833638e-02	6.348679e-05	
2.042604e-02	1.908164e-05	
1.887386e-02	4.925747e-05	
1.783519e-02	1.191777e-05	
2.027337e-02	7.167242e-05	
1.278298e-02	2.472528e-05	
2.117130e-02	2.621856e-05	
2.000202e-02	2.122403e-06	
2.253598e-02	3.456057e-05	
1.779358e-02	8.828539e-05	
2.056275e-02	4.791114e-05	
1.540603e-02	1.383861e-04	
1.639246e-02	2.303815e-04	
1.957859e-02	7.125861e-05	
1.964113e-02	1.202129e-04	
1.178552e-02	1.273423e-04	
1.718033e-02	7.243366e-05	
1.592323e-02	6.458037e-05	
2.289337e-02	1.093297e-04	
1.719868e-02	1.386666e-04	
2.006804e-02	2.208040e-04	
1.788170e-02	2.521661e-04	
1.674676e-02	3.490691e-05	
1.636465e-02	3.258535e-05	
1.566702e-02	1.264053e-04	
2.054064e-02	1.264225e-04	
1.904956e-02	4.783566e-05	
1.916594e-02	7.657218e-05	
1.261992e-02	1.933603e-04	
2.245598e-02	8.675896e-05	
1.464736e-02	1.100761e-04	
2.041351e-02	3.812804e-06	
1.594034e-02	7.667118e-05	
1.762274e-02	6.465141e-05	
2.040656e-02	6.157759e-06	
1.178692e-02	4.159685e-05	
1.719984e-02	6.869712e-05	
2.092486e-02	7.402012e-05	
1.753185e-02	3.394176e-05	
2.095229e-02	6.891379e-05	
1.758369e-02	1.850664e-05	
2.167823e-02	1.173393e-04	
2.188254e-02	1.182885e-04	
1.655801e-02	7.900310e-05	
1.711540e-02	2.859735e-07	
2.272468e-02	7.980022e-06	
2.224113e-02	3.802337e-05	
1.549516e-02	1.161255e-04	
1.647135e-02	9.433513e-05	
2.171705e-02	1.986319e-04	
1.960969e-02	1.311795e-04	
2.311105e-02	1.244071e-04	
1.086184e-02	1.018491e-04	
1.468619e-02	1.563641e-04	
1.783703e-02	1.437989e-04	
1.671096e-02	1.171503e-04	
1.931915e-02	6.795137e-05	
1.410011e-02	1.149571e-04	
1.053012e-02	1.106314e-04	
1.247681e-02	9.808100e-06	
1.771469e-02	2.876486e-05	
1.812688e-02	5.115068e-05	
1.392444e-02	1.360106e-04	
1.648842e-02	1.375729e-04	
2.039361e-02	1.011491e-04	
1.817605e-02	1.544200e-04	
2.067327e-02	1.702498e-04	
1.668693e-02	1.302341e-04	
2.484131e-02	1.034546e-04	
2.382782e-02	1.199759e-04	
1.519155e-02	4.224891e-05	
1.502277e-02	3.407864e-05	
1.606190e-02	1.101239e-04	
1.798702e-02	1.975539e-05	
1.747470e-02	2.199751e-05	
1.161993e-02	2.200726e-05	
2.109188e-02	4.274404e-06	
1.357010e-02	6.145977e-05	
1.462792e-02	6.661704e-05	
1.491428e-02	5.077547e-05	
2.015237e-02	3.883335e-05	
2.083450e-02	1.374895e-05	
1.410675e-02	3.180862e-05	
1.595873e-02	6.366552e-05	
2.490441e-02	6.404571e-05	
1.748396e-02	5.955393e-05	
2.394199e-02	9.748323e-05	
2.267515e-02	1.378882e-04	
1.357172e-02	1.068349e-04	
1.645679e-02	7.631751e-05	
2.319490e-02	7.051021e-05	
1.702708e-02	8.624392e-05	
2.183394e-02	1.296963e-04	
1.486783e-02	1.311493e-04	
1.687723e-02	1.874514e-04	
1.695251e-02	2.709216e-04	
1.861105e-02	1.048010e-04	
2.055900e-02	1.226808e-04	
1.721730e-02	1.465670e-04	
1.638488e-02	1.020972e-04	
1.472103e-02	1.394591e-04	
1.473411e-02	1.724790e-04	
1.628975e-02	1.199757e-04	
2.310998e-02	1.323196e-06	
2.652921e-02	1.397506e-04	
2.116887e-02	2.335904e-04	
1.791643e-02	1.985229e-04	
1.801430e-02	1.797062e-04	
1.086997e-02	4.615104e-05	
1.493255e-02	4.933285e-05	
1.930215e-02	3.018193e-06	
1.404996e-02	4.241834e-05	
1.624854e-02	8.136560e-05	
1.691130e-02	9.689544e-05	
2.250493e-02	5.459572e-06	
1.886767e-02	7.543622e-06	
1.691716e-02	6.318904e-05	
2.108411e-02	2.580173e-05	
1.806000e-02	1.715605e-05	
1.900522e-02	5.290938e-05	
1.821439e-02	8.141650e-05	
1.819131e-02	6.392463e-05	
1.960127e-02	1.250122e-04	
2.049215e-02	1.242605e-04	
2.367283e-02	1.570068e-04	
1.645991e-02	1.592120e-04	
1.605170e-02	1.257061e-04	
2.005760e-02	4.716047e-05	
1.812399e-02	3.683437e-05	
1.544875e-02	8.577025e-05	
1.343279e-02	1.065361e-04	
1.687019e-02	2.923506e-05	
1.327041e-02	7.714391e-05	
1.458060e-02	7.938469e-05	
1.686928e-02	9.830555e-05	
1.213544e-02	1.497622e-04	
1.321376e-02	2.102040e-04	
2.100038e-02	2.099192e-04	
1.690452e-02	1.838059e-04	
1.944568e-02	2.298340e-04	
2.014602e-02	1.783311e-04	
1.877787e-02	4.476118e-04	
1.754372e-02	4.427155e-04	
1.607773e-02	2.464563e-04	
1.830422e-02	1.763299e-04	
1.628185e-02	1.396269e-04	
1.995822e-02	9.664372e-05	
2.014680e-02	5.722131e-05	
2.130874e-02	1.636389e-06	
1.854028e-02	5.532894e-06	
2.021929e-02	6.206197e-05	
2.697592e-02	4.973975e-05	
1.983824e-02	2.595879e-05	
1.703080e-02	3.194598e-05	
1.557424e-02	3.908108e-05	
1.365145e-02	3.398739e-05	
2.448925e-02	1.627528e-05	
1.743448e-02	6.456370e-05	
1.392115e-02	1.064036e-04	
1.535079e-02	3.153955e-05	
2.163031e-02	6.642203e-05	
1.969940e-02	1.337885e-04	
1.437634e-02	1.302996e-04	
2.070475e-02	1.629126e-04	
1.523376e-02	1.747180e-04	
2.029053e-02	2.320325e-04	
2.033798e-02	2.549113e-04	
2.290860e-02	2.556690e-04	
1.822042e-02	2.804573e-04	
1.464177e-02	2.589836e-04	
2.200878e-02	1.998092e-04	
2.351177e-02	7.355615e-05	
1.642618e-02	8.645630e-05	
2.350162e-02	1.571514e-04	
1.422446e-02	1.199326e-04	
2.027863e-02	1.417256e-04	
2.021523e-02	2.229595e-04	
1.677007e-02	9.873636e-05	
1.924227e-02	9.906957e-05	
1.629160e-02	1.217630e-04	
1.278022e-02	4.329068e-04	
2.477276e-02	1.831008e-04	
1.952098e-02	1.289319e-04	
1.608857e-02	1.007835e-04	
2.038879e-02	1.689678e-05	
1.486939e-02	3.322128e-05	
2.373239e-02	1.757990e-05	
2.187782e-02	8.307235e-07	
1.488124e-02	3.239991e-05	
1.319478e-02	4.210080e-05	
2.238522e-02	2.423745e-05	
1.866264e-02	1.920592e-05	
2.102507e-02	4.875859e-05	
2.065481e-02	3.792416e-05	
2.162691e-02	1.700104e-05	
1.642205e-02	4.471480e-05	
2.089684e-02	2.662413e-05	
1.797093e-02	6.950309e-05	
1.874547e-02	9.496626e-05	
1.251071e-02	1.310219e-04	
1.711515e-02	1.462621e-04	
1.171032e-02	1.542304e-04	
1.459023e-02	1.784952e-04	
1.862222e-02	1.791932e-04	
1.134497e-02	1.565359e-04	
2.165640e-02	1.845642e-04	
1.711374e-02	2.153008e-04	
2.010323e-02	2.522599e-04	
1.979102e-02	1.503256e-04	
1.358208e-02	1.422311e-04	
2.066111e-02	2.423434e-04	
1.795476e-02	2.247989e-04	
2.071622e-02	1.471454e-04	
2.047351e-02	1.484220e-04	
2.309932e-02	1.096807e-04	
1.971995e-02	1.448598e-04	
1.893669e-02	7.037503e-05	
1.361304e-02	1.865394e-04	
2.297105e-02	3.326320e-04	
1.761325e-02	2.057696e-04	
2.213999e-02	9.100771e-05	
1.875571e-02	2.141970e-04	
1.350386e-02	3.065989e-05	
2.095516e-02	6.010718e-05	
1.397252e-02	3.971298e-05	
2.204168e-02	9.518697e-05	
1.655560e-02	6.094105e-05	
1.458113e-02	4.185737e-05	
1.284239e-02	9.561836e-05	
2.187289e-02	6.431879e-05	
1.411867e-02	3.036394e-05	
1.878352e-02	1.849577e-05	
1.801339e-02	1.545219e-05	
1.668038e-02	1.323582e-05	
2.183118e-02	2.040109e-05	
1.696453e-02	6.997216e-05	
1.872602e-02	9.033110e-05	
1.729801e-02	8.372495e-05	
1.825955e-02	1.639105e-04	
2.115624e-02	1.077961e-04	
1.715096e-02	1.471918e-04	
1.768845e-02	2.177812e-04	
1.638392e-02	2.152043e-04	
1.397143e-02	2.216403e-04	
2.099692e-02	1.959666e-04	
1.838652e-02	1.998620e-04	
1.847648e-02	1.410092e-04	
1.574521e-02	1.300608e-04	
1.639355e-02	2.202701e-04	
1.478259e-02	1.438774e-04	
1.787093e-02	1.196812e-04	
1.600219e-02	1.946291e-04	
1.665141e-02	1.349819e-04	
1.304465e-02	1.678905e-04	
1.583864e-02	2.808225e-04	
1.497635e-02	1.097499e-04	
2.144036e-02	2.255726e-04	
1.624880e-02	3.510490e-04	
1.529991e-02	3.041773e-04	
1.696207e-02	3.136099e-04	
1.536782e-02	1.045725e-04	
2.496101e-02	9.792386e-05	
2.509463e-02	1.382080e-04	
1.667682e-02	1.266386e-04	
2.214043e-02	1.138467e-04	
2.191532e-02	1.012656e-04	
1.293330e-02	8.182001e-05	
1.388903e-02	1.138686e-04	
1.999406e-02	4.533717e-05	
1.827811e-02	8.159353e-05	
2.141347e-02	7.180308e-05	
1.955399e-02	4.792899e-05	
1.554549e-02	1.064090e-04	
2.016487e-02	1.449229e-04	
1.488103e-02	1.583981e-04	
1.987217e-02	1.952399e-04	
1.593230e-02	1.332063e-04	
1.416681e-02	1.171588e-04	
1.764488e-02	1.856153e-04	
2.178246e-02	2.026765e-04	
1.554583e-02	2.147203e-04	
2.222585e-02	2.293435e-04	
1.690756e-02	2.056223e-04	
2.195481e-02	1.168021e-04	
1.702750e-02	2.109745e-04	
2.260593e-02	1.753986e-04	
2.185927e-02	1.561052e-04	
2.233023e-02	1.339086e-04	
2.004631e-02	1.192665e-04	
1.694334e-02	1.318395e-04	
1.955578e-02	1.895973e-04	
1.840659e-02	2.655728e-04	
1.934074e-02	1.108441e-04	
1.667918e-02	3.266977e-04	
9.267729e-03	3.517512e-04	
1.917246e-02	2.692318e-04	
2.197948e-02	2.386354e-04	
1.643922e-02	2.918117e-04	
2.119335e-02	5.476738e-05	
1.326093e-02	9.019119e-05	
1.247244e-02	2.902282e-05	
2.350014e-02	5.124996e-05	
1.282830e-02	1.010088e-04	
1.377518e-02	1.227168e-04	
1.791282e-02	1.090639e-05	
2.183791e-02	3.245731e-05	
1.716470e-02	6.623907e-06	
2.026566e-02	7.004005e-05	
1.698979e-02	8.063855e-05	
1.747673e-02	4.354911e-05	
1.870113e-02	9.980950e-05	
1.619608e-02	8.117611e-05	
2.118625e-02	1.704230e-04	
2.193163e-02	1.829924e-04	
1.519011e-02	1.215268e-04	
1.426034e-02	1.723918e-04	
2.027944e-02	1.675638e-04	
1.818560e-02	1.710481e-04	
1.513697e-02	2.285866e-04	
1.856887e-02	1.590097e-04	
1.361040e-02	1.317217e-04	
2.144629e-02	1.278219e-04	
1.928959e-02	2.364157e-04	
1.422250e-02	1.191026e-04	
1.427489e-02	1.868926e-04	
2.228913e-02	1.964509e-04	
1.628489e-02	2.206082e-04	
1.900827e-02	3.308739e-04	
2.024823e-02	9.502543e-05	
1.879002e-02	6.081626e-05	
1.246647e-02	9.036566e-05	
1.637500e-02	2.477968e-04	
1.679952e-02	3.156970e-04	
1.855562e-02	2.162779e-04	
1.957369e-02	1.637986e-04	
1.927417e-02	2.268128e-04	
1.963809e-02	9.431986e-07	
2.068205e-02	3.814475e-05	
1.970397e-02	2.005790e-05	
1.100737e-02	6.031957e-05	
1.723118e-02	3.973768e-05	
2.067156e-02	1.647787e-04	
1.917283e-02	3.296229e-05	
1.745616e-02	2.327420e-05	
1.545806e-02	1.669111e-05	
1.986379e-02	6.885013e-05	
1.952089e-02	5.826587e-05	
2.166946e-02	7.947828e-05	
2.094335e-02	7.348713e-05	
1.837067e-02	1.196477e-04	
1.734449e-02	1.127044e-04	
1.340515e-02	1.099936e-04	
1.287264e-02	1.657949e-04	
1.816288e-02	1.525290e-04	
1.388266e-02	2.052075e-04	
1.936079e-02	9.884570e-05	
1.541826e-02	1.288609e-04	
1.676443e-02	1.444505e-04	
1.869069e-02	1.286828e-04	
2.103098e-02	1.269343e-04	
1.365677e-02	1.836037e-04	
2.229410e-02	1.388799e-04	
1.388428e-02	1.558275e-04	
1.724633e-02	1.841601e-04	
1.772646e-02	1.983028e-04	
1.739548e-02	1.130833e-04	
1.674123e-02	1.563436e-04	
1.995025e-02	3.309142e-04	
2.282179e-02	1.868470e-04	
1.899833e-02	3.038228e-04	
1.576391e-02	1.378191e-04	
1.783177e-02	8.219534e-05	
2.172048e-02	1.022876e-04	
1.439439e-02	1.905093e-04	
1.158925e-02	1.597495e-05	
1.251267e-02	1.297323e-05	
1.751482e-02	7.756208e-05	
2.330383e-02	6.275256e-05	
1.891383e-02	8.853273e-05	
1.891093e-02	1.339024e-04	
2.379040e-02	1.463119e-04	
2.036073e-02	1.516085e-04	
1.238607e-02	1.701011e-04	
1.382504e-02	1.412918e-04	
2.047583e-02	2.040540e-04	
1.644749e-02	1.469457e-04	
2.016343e-02	1.133491e-04	
1.925952e-02	1.088850e-04	
1.558449e-02	1.714458e-04	
1.721866e-02	1.419741e-04	
1.330046e-02	1.676893e-04	
2.102176e-02	2.319032e-04	
2.108292e-02	1.074378e-04	
2.136399e-02	9.839859e-05	
1.206612e-02	1.287441e-04	
2.251934e-02	1.782820e-04	
1.727651e-02	1.365160e-04	
2.266740e-02	1.584764e-04	
2.214261e-02	1.742392e-04	
2.191494e-02	2.051730e-04	
1.761712e-02	1.531707e-04	
1.304952e-02	2.127066e-04	
1.761216e-02	1.333801e-04	
1.458477e-02	1.575722e-04	
1.739513e-02	1.420029e-04	
1.979521e-02	3.453261e-04	
1.765001e-02	1.815539e-04	
1.588548e-02	2.135952e-04	
1.388249e-02	3.187070e-04	
1.762166e-02	1.332255e-04	
1.035798e-02	7.745763e-05	
2.351704e-02	1.629013e-04	
1.927812e-02	6.441430e-05	
1.317461e-02	4.424258e-05	
1.818880e-02	9.781369e-05	
1.612226e-02	1.078284e-04	
2.015904e-02	1.102552e-04	
1.163749e-02	4.147393e-05	
1.796954e-02	1.436086e-04	
1.916236e-02	1.517811e-04	
1.480320e-02	1.154999e-04	
2.049081e-02	1.085334e-04	
1.852474e-02	9.620832e-05	
2.127174e-02	1.422480e-04	
1.660118e-02	1.196522e-04	
1.764720e-02	1.283598e-04	
1.604277e-02	1.220262e-04	
1.721705e-02	1.547819e-04	
2.022601e-02	1.814648e-04	
2.022006e-02	1.722811e-04	
1.792767e-02	1.423547e-04	
2.045417e-02	9.704500e-05	
1.436602e-02	1.474988e-04	
1.380624e-02	1.703669e-04	
1.263095e-02	1.988546e-04	
1.428631e-02	1.957523e-04	
1.842528e-02	2.138405e-04	
1.804032e-02	1.236957e-04	
1.795250e-02	1.332151e-04	
2.042432e-02	1.392595e-04	
1.145218e-02	1.772463e-04	
2.044745e-02	1.799236e-04	
1.402538e-02	2.459956e-04	
2.157901e-02	8.284087e-06	
2.183517e-02	8.736380e-05	
2.354026e-02	3.079431e-04	
1.906177e-02	2.944822e-04	
1.464080e-02	1.744468e-04	
2.349212e-02	1.180845e-04	
1.652099e-02	1.136219e-04	
1.791457e-02	3.857796e-05	
1.785575e-02	1.000569e-04	
2.166514e-02	6.290586e-05	
2.177142e-02	8.982091e-05	
2.119053e-02	1.449196e-04	
1.870189e-02	1.236622e-04	
2.056316e-02	1.102916e-04	
2.095868e-02	1.670012e-04	
2.116215e-02	1.482884e-04	
1.643172e-02	8.469068e-05	
1.700551e-02	8.607785e-05	
1.990266e-02	1.075316e-04	
1.856600e-02	1.178530e-04	
1.266915e-02	1.261041e-04	
1.394984e-02	1.311584e-04	
1.448982e-02	1.360501e-04	
2.133383e-02	1.485302e-04	
1.820410e-02	1.983776e-04	
2.236821e-02	1.731618e-04	
1.878147e-02	1.313676e-04	
2.185668e-02	1.460249e-04	
1.896006e-02	1.866763e-04	
1.030640e-02	2.161345e-04	
2.076346e-02	1.716286e-04	
1.511857e-02	1.956338e-04	
2.080072e-02	1.671978e-04	
1.970434e-02	1.537939e-04	
2.186539e-02	7.921738e-05	
2.012756e-02	1.529089e-04	
1.947361e-02	1.939721e-04	
1.347259e-02	1.444571e-04	
1.904540e-02	1.695594e-04	
1.995833e-02	2.727917e-04	
2.259507e-02	1.426998e-04	
2.113351e-02	2.031290e-04	
1.398287e-02	2.984862e-05	
2.475440e-02	1.532881e-04	
9.745246e-03	1.239081e-04	
2.223938e-02	5.771565e-06	
2.272597e-02	3.654947e-05	
1.948380e-02	4.982951e-05	
1.488607e-02	8.591869e-05	
2.115711e-02	1.223496e-04	
1.617740e-02	1.377899e-04	
1.837033e-02	7.753673e-05	
2.010638e-02	1.270299e-04	
2.179309e-02	1.289412e-04	
1.967732e-02	1.231740e-04	
2.324269e-02	1.173956e-04	
2.118727e-02	1.272062e-04	
1.435634e-02	1.486503e-04	
1.446228e-02	1.163516e-04	
1.568544e-02	1.675734e-04	
2.036881e-02	1.580876e-04	
1.777843e-02	1.687090e-04	
2.188702e-02	1.663295e-04	
2.217614e-02	1.514531e-04	
1.794623e-02	1.491232e-04	
2.143820e-02	1.668292e-04	
1.717194e-02	2.147315e-04	
1.695847e-02	2.159198e-04	
2.113533e-02	1.885434e-04	
1.613209e-02	2.234189e-04	
2.033034e-02	1.666295e-04	
1.726129e-02	6.754227e-05	
1.838226e-02	1.088488e-04	
1.792097e-02	1.485768e-04	
1.760175e-02	2.478998e-04	
1.527009e-02	1.589884e-04	
1.788741e-02	8.214664e-05	
1.646038e-02	2.759655e-04	
1.829494e-02	1.994777e-04	
1.321271e-02	2.059183e-04	
1.623479e-02	5.110781e-05	
1.630451e-02	5.859289e-05	
2.016863e-02	6.336488e-05	
8.352738e-03	4.210729e-05	
2.106771e-02	2.894703e-05	
2.169111e-02	8.183856e-05	
1.484792e-02	4.975879e-05	
1.503543e-02	4.862972e-05	
2.010705e-02	1.267436e-04	
1.806483e-02	6.547317e-05	
2.351748e-02	6.704009e-05	
1.846007e-02	9.082977e-05	
1.831024e-02	1.129905e-04	
2.030052e-02	1.020181e-04	
1.287243e-02	6.807538e-05	
1.977547e-02	1.680601e-04	
2.523496e-02	1.313677e-04	
1.666843e-02	1.439518e-04	
1.622411e-02	1.732429e-04	
2.388987e-02	1.740034e-04	
1.524906e-02	1.131399e-04	
1.740015e-02	1.804113e-04	
1.782997e-02	1.717928e-04	
1.325823e-02	1.591981e-04	
1.875964e-02	1.512004e-04	
2.035022e-02	1.929413e-04	
1.981696e-02	2.008699e-04	
1.954853e-02	2.435164e-04	
1.727689e-02	6.934733e-05	
1.786342e-02	6.620921e-05	
1.377734e-02	5.130563e-05	
1.912691e-02	7.055263e-05	
2.032174e-02	6.499540e-05	
1.538522e-02	8.339596e-05	
2.165832e-02	1.430608e-04	
1.206112e-02	3.420352e-04	
1.785658e-02	2.616500e-04	
2.211506e-02	1.131320e-04	
1.783660e-02	7.039922e-05	
2.353858e-02	3.176690e-05	
2.154808e-02	2.377773e-05	
1.736906e-02	2.391768e-05	
1.999726e-02	2.823291e-05	
1.899634e-02	5.748379e-06	
2.114012e-02	5.324063e-05	
1.454023e-02	6.779509e-05	
1.994571e-02	1.027325e-06	
1.771824e-02	1.200919e-04	
1.750822e-02	1.184679e-04	
1.426213e-02	1.184162e-04	
1.718369e-02	1.833317e-04	
1.320378e-02	1.143267e-04	
1.516117e-02	9.742015e-05	
1.814106e-02	1.035133e-04	
1.820711e-02	1.509683e-04	
1.770431e-02	1.309798e-04	
1.788799e-02	1.191401e-04	
1.981405e-02	1.246511e-04	
2.324775e-02	1.308225e-04	
1.601794e-02	1.669358e-04	
2.364123e-02	1.545799e-04	
2.052059e-02	7.512654e-05	
1.683077e-02	1.427976e-04	
1.154667e-02	1.885394e-04	
1.545044e-02	2.124246e-04	
1.544826e-02	9.533433e-05	
1.788237e-02	9.873432e-05	
1.934289e-02	1.240378e-04	
1.769306e-02	1.348721e-04	
1.973985e-02	1.007374e-04	
1.550384e-02	1.394959e-04	
1.875294e-02	1.367212e-04	
1.966931e-02	2.451800e-04	
1.782521e-02	3.128184e-04	
1.755777e-02	3.224140e-04	
2.029400e-02	2.165478e-04	
1.663565e-02	9.440602e-05	
1.965292e-02	7.124547e-05	
1.672048e-02	6.001617e-05	
1.499809e-02	2.131608e-05	
1.670241e-02	1.881611e-05	
1.558863e-02	2.141857e-05	
1.610334e-02	4.115022e-05	
1.103575e-02	8.455822e-05	
1.584116e-02	6.221232e-05	
1.325134e-02	7.512540e-05	
1.965541e-02	7.935842e-05	
2.258187e-02	1.114655e-04	
2.117716e-02	6.881032e-05	
1.690337e-02	1.064008e-04	
1.163572e-02	1.048156e-04	
1.901108e-02	1.020446e-04	
1.935333e-02	7.189169e-05	
2.044088e-02	1.397596e-04	
1.421741e-02	8.884666e-05	
2.236408e-02	1.169040e-04	
2.249717e-02	1.448497e-04	
1.208383e-02	1.580816e-04	
2.222332e-02	1.737763e-04	
2.232197e-02	1.623262e-04	
2.192098e-02	1.328882e-04	
1.715576e-02	2.223779e-04	
2.059061e-02	1.195414e-04	
1.715242e-02	9.129348e-05	
1.481521e-02	9.989306e-05	
2.179694e-02	1.540425e-04	
1.975936e-02	7.068549e-05	
1.947633e-02	1.187312e-04	
1.701795e-02	1.619996e-04	
2.264062e-02	3.370529e-04	
2.192995e-02	1.571924e-04	
1.847420e-02	1.279976e-04	
2.371379e-02	3.082514e-04	
1.997676e-02	8.639037e-05	
1.180734e-02	5.614730e-05	
1.487042e-02	9.265702e-05	
1.898051e-02	1.199907e-04	
1.598078e-02	5.331501e-05	
2.254107e-02	5.263655e-05	
1.720264e-02	2.595142e-05	
1.405500e-02	6.229543e-05	
1.267643e-02	2.361683e-05	
1.858027e-02	2.418367e-05	
1.761719e-02	1.609449e-05	
1.597879e-02	4.584109e-05	
1.955286e-02	5.137939e-05	
2.090072e-02	3.482051e-05	
1.755271e-02	8.371635e-05	
1.833625e-02	8.902440e-05	
1.804539e-02	9.018121e-05	
1.594674e-02	8.291861e-05	
2.332921e-02	1.211621e-04	
1.454909e-02	9.593212e-05	
2.480425e-02	1.499883e-04	
1.479218e-02	1.595494e-04	
1.555053e-02	1.543670e-04	
1.856140e-02	1.518116e-04	
1.597570e-02	1.789285e-04	
1.824755e-02	1.818863e-04	
2.149278e-02	1.256273e-04	
1.659650e-02	1.723980e-04	
1.063051e-02	1.334649e-04	
2.538553e-02	1.285933e-04	
1.694560e-02	1.020353e-04	
1.625868e-02	1.045532e-04	
1.814078e-02	1.271906e-04	
2.049995e-02	1.602864e-04	
1.624333e-02	2.485667e-04	
9.396557e-03	2.473225e-04	
1.786478e-02	2.035298e-04	
2.071438e-02	1.336097e-04	
2.283649e-02	1.385983e-04	
1.486291e-02	6.033478e-05	
1.788529e-02	5.894447e-05	
2.144963e-02	8.726555e-05	
1.127860e-02	1.604645e-05	
1.813413e-02	4.656915e-05	
1.450557e-02	3.268860e-05	
1.316858e-02	7.859259e-06	
2.069726e-02	2.305168e-06	
1.814382e-02	1.811006e-05	
2.001458e-02	3.025331e-05	
1.647704e-02	3.509856e-05	
2.011617e-02	9.580292e-05	
1.485981e-02	6.889996e-05	
1.908692e-02	1.195414e-04	
1.968195e-02	1.644432e-04	
2.020237e-02	1.022447e-04	
1.501297e-02	1.376425e-04	
1.447624e-02	1.399308e-04	
1.776450e-02	1.490829e-04	
1.492613e-02	1.700888e-04	
1.207677e-02	1.075481e-04	
1.602881e-02	1.402019e-04	
2.031620e-02	1.231990e-04	
1.696000e-02	1.423473e-04	
2.639888e-02	1.427835e-04	
1.736930e-02	1.417225e-04	
1.550580e-02	1.243308e-04	
1.648358e-02	9.566941e-05	
2.098879e-02	1.061504e-04	
1.862243e-02	8.341634e-05	
2.091864e-02	8.008093e-05	
2.449865e-02	9.031151e-05	
9.537889e-03	9.022678e-05	
1.482341e-02	1.370190e-04	
1.789922e-02	1.448139e-04	
2.243761e-02	3.528346e-04	
2.075638e-02	4.902911e-04	
8.296431e-03	3.044749e-04	
1.738181e-02	3.626273e-05	
2.480891e-02	2.104357e-05	
1.799549e-02	1.150688e-05	
1.934106e-02	1.627491e-05	
2.120865e-02	3.123772e-05	
1.889585e-02	9.575559e-06	
2.227706e-02	1.461888e-05	
1.857147e-02	2.463983e-05	
2.117827e-02	5.081069e-05	
1.750934e-02	7.650844e-05	
1.719267e-02	4.201052e-05	
2.255896e-02	4.433842e-05	
8.500222e-03	7.696888e-05	
1.560215e-02	8.678855e-05	
2.103167e-02	1.208077e-04	
1.603852e-02	9.987368e-05	
2.174958e-02	1.110584e-04	
1.538327e-02	1.469148e-04	
1.560041e-02	1.650779e-04	
1.605960e-02	1.776396e-04	
2.219950e-02	1.437068e-04	
1.645395e-02	1.503292e-04	
1.750591e-02	1.646210e-04	
1.150631e-02	1.479115e-04	
1.571649e-02	1.402240e-04	
1.700108e-02	1.213065e-04	
1.421342e-02	1.441731e-04	
1.530624e-02	1.093879e-04	
2.180448e-02	1.236265e-04	
1.710568e-02	1.375700e-04	
1.414209e-02	1.309174e-04	
2.014837e-02	8.442522e-05	
1.390241e-02	1.049448e-04	
1.637028e-02	2.329713e-05	
9.527600e-03	1.853819e-05	
2.366753e-02	6.388269e-07	
2.060364e-02	3.427755e-04	
9.245480e-03	2.709486e-04	
1.901930e-02	2.028141e-05	
1.888952e-02	2.380213e-05	
1.900149e-02	2.270142e-05	
1.746278e-02	8.417639e-05	
1.900757e-02	7.484853e-05	
2.419035e-02	2.516120e-05	
1.498840e-02	1.983070e-05	
2.259758e-02	7.939983e-05	
1.111899e-02	3.023615e-05	
1.392635e-02	2.906487e-05	
1.611585e-02	5.493754e-05	
1.775213e-02	7.525243e-05	
1.636266e-02	6.006593e-05	
2.042094e-02	9.608977e-05	
1.633221e-02	9.068725e-05	
1.864226e-02	7.768000e-05	
1.452207e-02	9.548330e-05	
1.683273e-02	9.948061e-05	
1.815184e-02	1.502619e-04	
2.074465e-02	4.369891e-05	
1.736732e-02	1.189394e-04	
2.082949e-02	1.443905e-04	
1.394956e-02	1.637637e-04	
1.713218e-02	1.378271e-04	
1.604025e-02	1.106169e-04	
1.385625e-02	1.291557e-04	
2.062132e-02	1.127535e-04	
1.506895e-02	1.039738e-04	
1.475020e-02	1.227342e-04	
1.602365e-02	9.559520e-05	
2.071558e-02	5.039393e-05	
1.644651e-02	1.048209e-04	
1.856420e-02	6.251568e-05	
1.680070e-02	1.719272e-05	
1.815970e-02	1.013648e-04	
1.688610e-02	1.922607e-04	
2.193874e-02	2.718982e-04	
1.343349e-02	2.052472e-04	
1.321600e-02	1.565208e-05	
1.700370e-02	5.286392e-05	
2.464612e-02	3.275282e-05	
2.259245e-02	8.212970e-06	
2.419394e-02	1.145365e-04	
2.028195e-02	2.835604e-06	
1.688426e-02	4.436994e-05	
1.206783e-02	6.605397e-05	
1.560421e-02	8.588354e-06	
1.856590e-02	7.618958e-06	
1.279515e-02	4.470916e-05	
1.714670e-02	6.263389e-05	
1.329280e-02	5.708886e-05	
2.066472e-02	1.055672e-04	
1.839893e-02	6.725058e-05	
2.215623e-02	1.041302e-04	
1.720330e-02	1.085314e-04	
1.925783e-02	1.707825e-04	
1.532933e-02	1.673721e-04	
1.605618e-02	1.440610e-04	
1.783633e-02	1.495674e-04	
1.448850e-02	1.639424e-04	
1.621063e-02	1.385875e-04	
2.047113e-02	1.564384e-04	
1.452520e-02	1.326915e-04	
1.795662e-02	9.717390e-05	
1.611792e-02	1.075805e-04	
1.885547e-02	6.870590e-05	
1.790702e-02	4.967272e-05	
1.548138e-02	3.495788e-05	
1.098854e-02	9.332372e-05	
1.348589e-02	8.744380e-05	
1.516972e-02	7.329247e-05	
2.055155e-02	4.280983e-05	
2.059575e-02	6.698259e-05	
1.558521e-02	4.198456e-04	
1.618202e-02	1.689530e-04	
1.464097e-02	2.787451e-04	
1.332505e-02	5.417207e-06	
1.871867e-02	8.339124e-05	
2.308036e-02	4.433651e-05	
1.390904e-02	7.162823e-06	
2.287537e-02	1.203141e-04	
1.507878e-02	4.037719e-05	
1.662343e-02	7.039662e-05	
1.416197e-02	1.402784e-05	
1.408482e-02	2.316806e-05	
1.873902e-02	3.202225e-05	
1.678972e-02	2.034360e-05	
1.330927e-02	5.259147e-05	
1.906297e-02	6.874748e-05	
2.096740e-02	3.474843e-05	
1.916411e-02	6.628889e-05	
1.718752e-02	5.555297e-05	
1.893669e-02	9.218315e-05	
1.676937e-02	5.992661e-05	
1.649592e-02	1.375579e-04	
1.841031e-02	1.386060e-04	
2.190013e-02	1.533110e-04	
2.120883e-02	1.177048e-04	
1.892780e-02	1.643214e-04	
2.008034e-02	1.352157e-04	
1.691127e-02	1.074571e-04	
2.094042e-02	6.456683e-05	
2.050625e-02	9.337407e-05	
2.068195e-02	1.106431e-04	
1.680655e-02	5.421651e-05	
2.099531e-02	5.599671e-05	
1.646067e-02	4.360539e-05	
1.851493e-02	6.754953e-05	
1.705922e-02	8.745573e-05	
1.483311e-02	1.069807e-05	
1.547802e-02	3.193018e-05	
1.803589e-02	4.159703e-04	
1.451401e-02	2.279448e-04	
1.676729e-02	9.759950e-05	
1.238890e-02	1.423468e-04	
2.028520e-02	1.228700e-04	
2.249374e-02	6.738461e-05	
1.590137e-02	3.046414e-05	
1.794588e-02	9.088364e-05	
2.279987e-02	1.171411e-04	
1.671950e-02	1.265373e-05	
2.073281e-02	1.537591e-05	
1.672988e-02	7.443547e-06	
1.130860e-02	4.494275e-06	
2.354471e-02	3.055453e-05	
1.468230e-02	4.379459e-05	
1.823528e-02	4.034892e-05	
1.621055e-02	5.717915e-05	
1.884453e-02	3.926511e-05	
1.316624e-02	4.272583e-05	
1.960627e-02	6.422193e-05	
1.989367e-02	5.230125e-05	
1.363303e-02	7.982574e-05	
1.669233e-02	1.274678e-04	
2.032518e-02	1.253447e-04	
1.606560e-02	1.041586e-04	
1.709818e-02	1.650824e-04	
1.702193e-02	1.647906e-04	
1.898648e-02	1.260773e-04	
1.694506e-02	6.484422e-05	
1.710709e-02	5.034415e-05	
1.768242e-02	8.246628e-05	
2.058866e-02	1.098008e-04	
1.646396e-02	6.145715e-05	
2.031773e-02	6.927139e-05	
1.651368e-02	8.390912e-05	
2.013065e-02	4.894982e-05	
1.506987e-02	1.082227e-04	
1.810089e-02	1.225001e-04	
1.601207e-02	4.274118e-04	
2.320192e-02	2.195609e-04	
1.451739e-02	2.228498e-04	
1.843213e-02	4.349277e-05	
2.148079e-02	3.141310e-05	
1.546756e-02	7.672779e-06	
1.657251e-02	4.589759e-05	
1.835460e-02	6.015795e-05	
1.274235e-02	7.167453e-05	
1.871124e-02	9.636262e-05	
1.886445e-02	9.668448e-06	
1.635965e-02	7.892076e-06	
1.716081e-02	9.942890e-06	
2.604125e-02	6.766353e-06	
2.090430e-02	1.980161e-05	
1.350498e-02	2.220164e-05	
1.956233e-02	2.315568e-05	
1.481835e-02	2.993145e-05	
2.186623e-02	1.072098e-04	
1.815204e-02	1.022334e-04	
2.295675e-02	7.741980e-05	
2.608174e-02	3.766664e-05	
1.982691e-02	9.154322e-05	
2.224934e-02	1.091798e-04	
1.814940e-02	1.342750e-04	
2.164822e-02	1.682929e-04	
1.939869e-02	9.768802e-05	
1.595906e-02	1.001380e-04	
2.374615e-02	1.147361e-04	
2.281670e-02	9.802629e-05	
1.800851e-02	1.255628e-04	
2.118280e-02	4.954888e-05	
1.360059e-02	5.460580e-05	
1.517581e-02	6.041896e-05	
1.393540e-02	2.943702e-05	
2.361380e-02	1.393021e-04	
1.845008e-02	1.625896e-04	
1.055567e-02	1.470425e-04	
1.772604e-02	3.060770e-04	
1.757205e-02	2.458964e-04	
1.556961e-02	1.258510e-04	
2.020351e-02	5.852666e-05	
1.579412e-02	7.745718e-05	
2.321097e-02	6.428674e-06	
2.135199e-02	5.163088e-05	
2.209104e-02	4.750606e-05	
2.173882e-02	8.553491e-05	
1.588182e-02	4.785658e-05	
2.162264e-02	1.050864e-05	
9.631496e-03	1.639092e-05	
1.901772e-02	2.251012e-05	
9.500553e-03	1.281671e-05	
1.669866e-02	1.107336e-05	
2.147788e-02	4.355643e-05	
1.375814e-02	6.722080e-05	
1.363874e-02	7.426007e-05	
1.756285e-02	7.004545e-05	
1.453083e-02	8.894330e-05	
2.182402e-02	6.536087e-05	
1.750288e-02	7.808158e-05	
1.582768e-02	6.883867e-05	
1.957784e-02	1.526576e-04	
1.775447e-02	1.379514e-04	
1.552346e-02	1.087980e-04	
1.152689e-02	1.078857e-04	
1.133480e-02	1.000015e-04	
1.748152e-02	8.342710e-05	
1.890855e-02	1.014232e-04	
1.431449e-02	6.507131e-05	
2.291463e-02	1.329752e-04	
1.697224e-02	1.117341e-04	
1.840076e-02	1.737108e-04	
1.956828e-02	9.768439e-05	
1.708428e-02	5.856219e-05	
1.897254e-02	7.327038e-05	
2.044342e-02	7.562426e-05	
1.497815e-02	2.444893e-04	
1.996719e-02	1.293970e-04	
2.094003e-02	1.755636e-05	
1.999488e-02	1.972065e-04	
1.588808e-02	8.174717e-05	
2.353236e-02	7.027012e-05	
1.796787e-02	2.169378e-05	
1.077778e-02	1.933970e-05	
1.397107e-02	5.528673e-06	
2.182906e-02	2.220086e-05	
2.069363e-02	4.822135e-06	
1.723501e-02	3.022594e-05	
1.761706e-02	5.761698e-07	
1.971716e-02	9.605815e-05	
1.316924e-02	8.554848e-05	
1.687780e-02	7.165726e-05	
1.897264e-02	8.024253e-05	
1.745051e-02	7.379445e-05	
2.063214e-02	7.293229e-05	
1.545282e-02	8.744035e-05	
2.256505e-02	7.043087e-05	
1.868693e-02	7.732793e-05	
2.580452e-02	5.204139e-05	
1.632280e-02	2.692159e-05	
2.019442e-02	1.317322e-04	
1.742434e-02	9.128423e-05	
1.389722e-02	1.023151e-04	
1.297380e-02	1.335044e-04	
1.582357e-02	1.479621e-04	
1.764557e-02	1.707182e-05	
1.512994e-02	4.371718e-05	
1.723519e-02	1.124779e-04	
1.496809e-02	8.729368e-05	
2.443516e-02	2.674177e-04	
1.819328e-02	2.216117e-04	
1.927813e-02	2.095273e-05	
1.914276e-02	5.381197e-05	
2.084336e-02	2.354959e-04	
1.793069e-02	1.305650e-04	
2.443356e-02	2.048012e-04	
1.717527e-02	1.166376e-04	
2.137566e-02	2.003927e-04	
2.082092e-02	7.519273e-05	
1.367624e-02	2.543648e-05	
1.504051e-02	2.562859e-05	
2.046366e-02	2.488983e-05	
1.633247e-02	1.141152e-05	
1.767660e-02	4.788282e-05	
1.332636e-02	1.768809e-05	
1.768886e-02	2.637129e-05	
2.100841e-02	1.138097e-05	
1.504206e-02	8.442405e-05	
1.730267e-02	7.742528e-05	
1.774807e-02	4.858163e-05	
1.507489e-02	4.821455e-05	
1.507447e-02	7.367112e-05	
1.799213e-02	5.702370e-05	
1.397960e-02	5.730373e-05	
2.266826e-02	7.734702e-05	
1.310358e-02	8.269879e-05	
1.961032e-02	7.570956e-05	
1.599502e-02	6.934148e-05	
2.299689e-02	7.579610e-05	
1.968940e-02	1.203262e-04	
2.094532e-02	1.542935e-04	
1.864465e-02	1.454801e-04	
1.789635e-02	1.597079e-04	
1.235092e-02	6.292284e-05	
1.477088e-02	9.888798e-05	
1.709248e-02	1.175354e-04	
1.671067e-02	1.040815e-04	
1.885843e-02	1.335702e-04	
2.123795e-02	2.224926e-04	
1.939776e-02	9.284932e-05	
1.653241e-02	2.758809e-04	
1.947500e-02	4.819055e-04	
2.006969e-02	2.552601e-04	
1.711664e-02	4.006560e-05	
1.790805e-02	3.854357e-05	
9.600520e-03	4.444575e-05	
1.504980e-02	2.599541e-05	
1.513103e-02	7.964042e-05	
1.938302e-02	1.729575e-05	
2.079170e-02	1.855780e-05	
1.790109e-02	3.754017e-05	
1.954757e-02	2.227602e-05	
2.055530e-02	4.010282e-05	
1.194977e-02	3.589202e-05	
2.336758e-02	1.774278e-05	
2.127488e-02	9.598368e-06	
1.546982e-02	8.619132e-05	
1.655186e-02	7.655380e-05	
1.501390e-02	6.363088e-05	
2.088660e-02	8.078366e-05	
1.452129e-02	7.467633e-05	
1.412298e-02	8.412788e-05	
1.103131e-02	8.285513e-05	
2.000379e-02	8.603262e-05	
1.968867e-02	8.768487e-05	
1.797240e-02	7.920578e-05	
2.103794e-02	5.894282e-05	
1.443443e-02	1.084516e-04	
1.717371e-02	1.313316e-04	
1.919013e-02	1.512734e-04	
2.549869e-02	1.148827e-04	
2.248728e-02	8.692261e-05	
2.069707e-02	1.469746e-04	
1.829204e-02	1.419397e-04	
1.265017e-02	7.353647e-05	
1.774877e-02	6.877373e-05	
1.761396e-02	1.277885e-04	
2.030972e-02	1.046749e-04	
1.370768e-02	2.516955e-04	
1.743170e-02	4.949367e-04	
1.575215e-02	4.973351e-04	
1.902372e-02	3.247065e-05	
1.932580e-02	6.805749e-05	
2.031216e-02	1.922595e-05	
2.049323e-02	1.246791e-04	
1.062973e-02	6.644559e-05	
1.729290e-02	1.812048e-05	
1.533054e-02	7.210265e-06	
1.729841e-02	3.701048e-05	
2.231127e-02	1.048371e-05	
1.335150e-02	4.560228e-05	
2.004661e-02	3.124200e-05	
1.990917e-02	1.905493e-05	
1.833952e-02	1.828176e-05	
1.517193e-02	4.054651e-05	
1.962886e-02	9.688988e-05	
1.784061e-02	1.135670e-04	
1.756503e-02	1.052022e-04	
1.873575e-02	9.974163e-05	
2.006158e-02	1.941195e-05	
2.427919e-02	7.810835e-05	
1.350700e-02	9.141262e-05	
8.807414e-03	1.075561e-04	
2.208540e-02	9.881624e-05	
1.408253e-02	8.487023e-05	
1.965071e-02	1.003666e-04	
1.903058e-02	8.793992e-05	
1.824137e-02	9.327423e-05	
1.241036e-02	1.143638e-04	
1.952062e-02	1.267928e-04	
1.585630e-02	3.317309e-05	
1.954693e-02	1.378754e-04	
2.170629e-02	1.574502e-04	
1.997316e-02	9.170387e-05	
1.099526e-02	1.587289e-04	
1.698259e-02	1.205374e-04	
1.206056e-02	2.687607e-04	
1.583329e-02	3.501495e-04	
2.045173e-02	1.809746e-04	
1.885390e-02	2.003606e-04	
2.087377e-02	1.491082e-04	
1.965056e-02	2.097729e-04	
1.657064e-02	4.698046e-05	
1.875325e-02	5.438728e-05	
1.497314e-02	2.231960e-05	
1.788522e-02	7.360407e-05	
2.347389e-02	1.769169e-05	
1.472686e-02	4.425779e-05	
1.103429e-02	2.779226e-05	
2.217070e-02	3.044840e-05	
1.615422e-02	5.006721e-05	
2.339175e-02	1.829853e-05	
1.737625e-02	5.886077e-05	
1.898699e-02	4.746551e-05	
1.893621e-02	1.011001e-04	
2.176732e-02	6.763915e-05	
2.408013e-02	8.992078e-06	
2.061056e-02	2.324881e-05	
1.638987e-02	3.468128e-05	
2.176069e-02	3.052874e-05	
2.111629e-02	1.745584e-05	
2.022988e-02	8.690016e-05	
2.029004e-02	9.837513e-05	
1.784922e-02	8.606744e-05	
2.058549e-02	1.140327e-04	
1.286618e-02	1.536558e-04	
1.855303e-02	1.641274e-04	
1.724576e-02	1.138660e-04	
1.272979e-02	7.886494e-05	
1.526906e-02	1.604158e-04	
2.382966e-02	1.477354e-04	
2.589574e-02	9.136985e-05	
2.371047e-02	9.023439e-05	
2.506244e-02	1.867538e-04	
1.166899e-02	2.564835e-04	
1.702961e-02	3.054219e-04	
2.243935e-02	4.320869e-04	
1.906138e-02	4.660586e-04	
1.863597e-02	1.829926e-04	
2.005199e-02	2.289314e-04	
1.657148e-02	1.174313e-05	
1.720595e-02	5.255318e-05	
2.073553e-02	9.747132e-05	
1.546769e-02	3.984335e-05	
1.791926e-02	4.598431e-06	
1.560943e-02	3.575690e-05	
2.150182e-02	9.442351e-05	
1.965224e-02	9.610191e-05	
2.030588e-02	6.887521e-05	
2.073653e-02	4.678696e-05	
1.687542e-02	8.590627e-05	
1.517402e-02	4.649821e-05	
2.280365e-02	4.297047e-05	
2.262770e-02	7.364779e-05	
1.632494e-02	2.857937e-05	
2.005068e-02	2.466350e-05	
2.281046e-02	2.864075e-05	
1.561310e-02	2.426284e-05	
1.750337e-02	1.401917e-05	
2.050076e-02	3.991654e-05	
1.536754e-02	7.062825e-05	
1.778043e-02	5.321010e-05	
1.630125e-02	1.152575e-04	
1.741790e-02	1.202417e-04	
1.475780e-02	1.712302e-04	
1.443813e-02	1.623272e-04	
1.426436e-02	6.042954e-05	
1.566808e-02	1.546035e-04	
1.947021e-02	1.403784e-04	
2.378633e-02	1.123591e-04	
1.824658e-02	1.165569e-04	
1.677947e-02	1.906495e-04	
1.257248e-02	2.170141e-04	
1.459308e-02	2.703558e-04	
1.651746e-02	9.977445e-05	
1.269212e-02	4.570564e-04	
1.831840e-02	1.318172e-04	
1.617064e-02	1.704401e-04	
1.670459e-02	4.104443e-06	
1.728864e-02	1.460135e-05	
1.969058e-02	1.014003e-04	
1.825928e-02	1.498663e-05	
1.212269e-02	7.929904e-06	
2.116232e-02	9.265064e-06	
1.483488e-02	2.988190e-05	
1.922116e-02	6.842902e-05	
1.306754e-02	4.937235e-05	
1.109531e-02	3.361726e-05	
1.847521e-02	5.413025e-05	
1.908293e-02	6.973361e-05	
2.537639e-02	5.233466e-05	
1.955232e-02	1.573935e-05	
1.854771e-02	4.457663e-05	
1.562418e-02	4.520973e-05	
2.507709e-02	3.574756e-06	
1.419811e-02	4.441864e-05	
1.627108e-02	5.631948e-05	
1.553912e-02	8.177106e-05	
2.027983e-02	5.892454e-05	
1.839562e-02	5.039194e-05	
2.342482e-02	7.962930e-05	
1.589700e-02	7.700408e-05	
1.533778e-02	8.390287e-05	
1.558963e-02	1.062962e-04	
1.393893e-02	1.004351e-04	
1.469903e-02	1.405590e-04	
1.976345e-02	1.281475e-04	
1.612187e-02	9.860722e-05	
1.882441e-02	1.103687e-04	
1.662614e-02	3.071140e-05	
1.749024e-02	1.783877e-04	
1.993443e-02	1.680906e-04	
1.445370e-02	2.505183e-04	
1.582959e-02	3.536882e-04	
1.979922e-02	1.814522e-04	
1.190638e-02	9.759774e-05	
6.377533e-03	1.531309e-05	
1.731621e-02	6.224267e-05	
1.849838e-02	1.005170e-04	
2.106832e-02	4.281773e-05	
2.374173e-02	2.472396e-05	
2.167325e-02	2.842142e-06	
2.120386e-02	2.025389e-05	
2.009666e-02	8.459812e-05	
2.062231e-02	1.628278e-06	
1.390628e-02	7.871874e-06	
2.030962e-02	7.402959e-05	
1.969468e-02	2.512289e-05	
1.467074e-02	8.154117e-06	
1.805689e-02	2.601619e-05	
1.534146e-02	4.343379e-05	
1.513594e-02	2.821608e-05	
1.860715e-02	6.026708e-06	
2.018681e-02	8.933186e-08	
1.441441e-02	4.197511e-05	
1.928038e-02	3.156089e-05	
1.821613e-02	9.318949e-06	
1.867635e-02	5.869724e-05	
1.224995e-02	7.084711e-05	
1.775857e-02	4.760313e-05	
1.834366e-02	7.379235e-05	
1.564395e-02	7.306306e-05	
1.634572e-02	8.589736e-05	
1.723120e-02	1.144983e-04	
1.691180e-02	1.386910e-04	
2.180068e-02	1.154669e-04	
1.982897e-02	9.090175e-05	
1.335280e-02	1.368323e-04	
1.966919e-02	1.269218e-04	
1.501651e-02	3.300259e-04	
1.564252e-02	3.497681e-04	
2.352914e-02	5.748015e-04	
2.383593e-02	3.333910e-04	
1.094728e-02	1.273981e-04	
2.371535e-02	1.026719e-04	
1.251838e-02	8.572296e-05	
2.369463e-02	9.727641e-05	
2.351296e-02	3.325883e-05	
1.652909e-02	1.384138e-05	
1.857055e-02	1.466522e-06	
1.825124e-02	3.055306e-05	
2.167249e-02	3.392520e-05	
1.793278e-02	1.027773e-05	
1.661416e-02	1.149223e-05	
1.608018e-02	3.042148e-05	
1.075300e-02	3.037230e-05	
2.235681e-02	1.698384e-06	
1.214657e-02	6.487054e-06	
1.181770e-02	3.881055e-05	
1.822173e-02	4.478178e-05	
2.091334e-02	1.557572e-05	
2.339247e-02	2.557733e-05	
2.159736e-02	1.799733e-05	
2.008877e-02	1.284305e-05	
1.522239e-02	1.714457e-05	
1.821784e-02	1.169983e-05	
2.393119e-02	5.126084e-05	
1.640111e-02	3.489628e-05	
1.255525e-02	5.150605e-05	
2.115250e-02	6.977189e-05	
2.011252e-02	5.006240e-05	
1.587264e-02	1.074071e-04	
1.345086e-02	5.793968e-05	
1.940086e-02	6.998984e-05	
2.052230e-02	1.158614e-04	
1.559260e-02	1.616792e-04	
1.773203e-02	8.651668e-05	
1.727516e-02	3.021619e-04	
1.768056e-02	2.860821e-05	
1.667343e-02	2.378654e-05	
2.359979e-02	3.136165e-04	
1.934266e-02	9.669023e-05	
1.826016e-02	7.159650e-05	
1.553524e-02	4.546909e-05	
1.933062e-02	8.456361e-06	
2.068250e-02	3.581347e-05	
2.337032e-02	8.783857e-06	
1.964270e-02	4.435188e-05	
1.513785e-02	3.782393e-05	
2.158357e-02	5.837280e-05	
1.895756e-02	5.812557e-06	
1.192083e-02	7.927349e-05	
1.819014e-02	9.713695e-05	
1.772043e-02	3.784783e-05	
1.971619e-02	3.273094e-06	
1.870617e-02	4.028878e-06	
1.608272e-02	1.634115e-05	
1.527279e-02	4.064214e-05	
2.424521e-02	6.143235e-06	
1.788609e-02	3.960705e-05	
1.258164e-02	5.451505e-05	
1.802359e-02	3.215507e-05	
1.923814e-02	2.682065e-05	
1.520479e-02	8.323556e-06	
1.343593e-02	3.953171e-05	
1.514461e-02	4.174517e-05	
2.182702e-02	3.696525e-05	
1.807013e-02	5.794209e-05	
2.171955e-02	3.534791e-05	
2.067724e-02	2.623414e-06	
1.227644e-02	2.506335e-07	
2.002443e-02	1.724141e-05	
1.685695e-02	1.141875e-04	
1.468065e-02	4.226124e-05	
1.744280e-02	1.059187e-04	
1.921589e-02	9.559319e-05	
2.075002e-02	2.973008e-04	
