1.351805e-02	4.284884e-05	
2.168240e-02	4.623519e-05	
2.104749e-02	4.693554e-05	
8.935264e-03	2.824037e-05	
1.250349e-02	5.478996e-05	
1.495160e-02	1.580123e-04	
2.027615e-02	1.095802e-04	
2.124503e-02	1.421805e-04	
2.281747e-02	2.544996e-05	
2.324530e-02	1.317281e-04	
1.374433e-02	1.493606e-04	
2.096900e-02	6.582597e-05	
2.372574e-02	3.637764e-05	
1.844451e-02	1.288223e-04	
2.184733e-02	2.596134e-05	
2.042200e-02	2.073810e-04	
1.510371e-02	1.290681e-04	
2.297197e-02	2.536125e-04	
2.323631e-02	2.916618e-04	
1.595738e-02	1.653295e-04	
1.830952e-02	3.440778e-04	
2.181861e-02	7.699436e-05	
2.195340e-02	1.273738e-04	
1.994482e-02	1.282505e-04	
1.515204e-02	1.382971e-04	
1.757484e-02	1.789490e-04	
1.307178e-02	9.202899e-05	
2.351466e-02	1.763952e-04	
2.031855e-02	1.751019e-04	
1.942393e-02	1.235809e-04	
1.519036e-02	1.316228e-04	
1.963772e-02	6.101562e-05	
2.169592e-02	1.212509e-04	
1.904677e-02	1.081378e-04	
1.777032e-02	1.850146e-05	
1.489401e-02	3.352523e-05	
2.243705e-02	2.353443e-05	
1.832696e-02	9.325769e-07	
2.052881e-02	4.846115e-05	
1.640629e-02	6.078954e-05	
2.063529e-02	4.516465e-05	
1.630795e-02	3.127331e-05	
2.155405e-02	2.817028e-05	
1.349263e-02	4.823745e-05	
1.799701e-02	1.165050e-04	
1.688509e-02	1.413196e-04	
1.647469e-02	2.308778e-05	
2.052562e-02	4.141994e-06	
1.549977e-02	7.661047e-05	
1.752536e-02	5.827567e-05	
1.593664e-02	1.137694e-04	
1.549300e-02	4.057511e-05	
1.629084e-02	7.022519e-05	
1.947673e-02	7.299458e-06	
1.907645e-02	9.119908e-05	
1.635279e-02	2.876479e-07	
1.673201e-02	2.010933e-05	
1.536029e-02	1.885268e-04	
1.414535e-02	1.432489e-04	
1.393130e-02	1.933412e-04	
1.682267e-02	1.720476e-04	
1.399961e-02	1.835706e-04	
2.494160e-02	1.910713e-04	
1.797161e-02	1.938769e-04	
2.242179e-02	1.552875e-04	
1.414459e-02	1.845119e-04	
1.216550e-02	1.297399e-04	
2.006451e-02	1.287660e-04	
1.723555e-02	1.445485e-04	
1.941828e-02	2.350571e-05	
1.696161e-02	7.711275e-06	
1.353905e-02	3.787277e-05	
2.024846e-02	1.281898e-06	
2.164180e-02	8.530808e-05	
1.539042e-02	1.001341e-04	
1.562356e-02	2.837339e-05	
1.929317e-02	8.220582e-05	
1.621632e-02	1.076240e-04	
2.160508e-02	4.768416e-05	
1.665147e-02	1.058162e-04	
1.585781e-02	5.426282e-05	
1.532604e-02	6.177222e-07	
1.750815e-02	6.731421e-05	
1.363044e-02	7.187158e-05	
1.648383e-02	2.243759e-05	
2.019919e-02	3.054103e-05	
1.324569e-02	4.319717e-05	
1.496659e-02	6.033282e-05	
2.200653e-02	8.634694e-05	
2.074955e-02	9.724197e-05	
2.033002e-02	8.539390e-05	
1.468769e-02	6.227281e-05	
1.703765e-02	9.922837e-05	
1.767213e-02	1.026639e-04	
1.776452e-02	1.318896e-04	
2.308808e-02	1.577364e-04	
1.232101e-02	8.877470e-05	
1.725346e-02	2.801069e-04	
1.821763e-02	1.515871e-04	
1.554738e-02	1.341483e-04	
1.507279e-02	2.560290e-04	
1.705676e-02	1.772947e-04	
1.733509e-02	1.823264e-04	
2.096545e-02	1.753185e-04	
1.287735e-02	1.627942e-04	
1.455427e-02	8.967376e-05	
1.933407e-02	8.005158e-05	
2.165167e-02	2.919369e-05	
1.756066e-02	4.044161e-05	
1.103149e-02	3.869312e-05	
1.662425e-02	7.496218e-05	
1.654357e-02	6.285571e-05	
1.725851e-02	7.323038e-05	
1.426191e-02	1.262201e-04	
1.694065e-02	1.454525e-04	
1.826067e-02	1.144831e-04	
1.588454e-02	1.310205e-04	
1.836080e-02	1.015792e-04	
2.017516e-02	2.098736e-05	
1.842918e-02	1.365017e-05	
2.038628e-02	6.566088e-05	
1.758765e-02	4.182566e-05	
1.753908e-02	7.041105e-05	
1.618091e-02	4.754110e-05	
2.175340e-02	2.332656e-05	
1.716474e-02	1.409924e-05	
1.969572e-02	6.706081e-05	
1.557016e-02	4.577899e-07	
1.871231e-02	1.435850e-05	
1.250400e-02	7.798416e-05	
1.519243e-02	8.303001e-05	
2.514912e-02	7.917202e-05	
1.360426e-02	1.014148e-04	
2.348815e-02	1.436153e-04	
2.129128e-02	1.674546e-04	
1.459309e-02	9.977051e-05	
1.540262e-02	5.955934e-05	
1.996481e-02	4.019896e-05	
2.287656e-02	2.776994e-06	
1.687612e-02	4.418533e-05	
1.762540e-02	7.666487e-05	
1.596010e-02	1.145802e-04	
2.104129e-02	9.462403e-05	
2.010361e-02	1.685922e-04	
1.442091e-02	8.897023e-05	
1.659460e-02	4.925053e-05	
2.206834e-02	4.023263e-05	
2.323838e-02	2.987543e-05	
1.883900e-02	6.440080e-05	
2.360907e-02	4.866867e-05	
1.724652e-02	8.523188e-05	
1.209290e-02	5.077294e-05	
1.555566e-02	1.827258e-04	
2.308967e-02	1.170619e-04	
2.305392e-02	1.077225e-04	
1.271462e-02	1.009607e-04	
2.048561e-02	7.213338e-05	
2.305674e-02	6.283863e-05	
1.752026e-02	6.392689e-05	
1.710949e-02	3.496354e-05	
1.413355e-02	7.785733e-05	
1.690196e-02	1.889370e-05	
1.748829e-02	2.020706e-05	
1.668747e-02	6.957856e-05	
1.705609e-02	6.993871e-05	
1.946106e-02	5.336590e-05	
1.795952e-02	5.579747e-05	
1.822371e-02	3.857810e-05	
1.557537e-02	4.734701e-05	
1.792067e-02	3.816897e-05	
1.299830e-02	1.261339e-04	
2.324352e-02	1.479418e-04	
1.550630e-02	1.310790e-04	
1.732358e-02	9.110661e-05	
1.152775e-02	9.963763e-05	
1.999271e-02	4.467776e-05	
1.745197e-02	6.086163e-05	
1.353049e-02	1.090225e-04	
1.827684e-02	8.262673e-05	
2.120515e-02	1.065748e-04	
1.768756e-02	1.534607e-04	
1.399344e-02	1.488434e-04	
1.840787e-02	8.003434e-05	
1.554416e-02	1.094305e-04	
1.808084e-02	7.044558e-05	
1.867048e-02	3.985755e-05	
2.147890e-02	1.190183e-04	
1.243086e-02	2.412943e-05	
2.101247e-02	2.740984e-05	
1.753201e-02	1.018395e-04	
2.103255e-02	8.805916e-05	
1.637900e-02	1.507910e-04	
1.658518e-02	6.309011e-05	
1.686663e-02	8.000241e-05	
1.700566e-02	1.694272e-04	
1.852991e-02	1.725914e-04	
1.908157e-02	2.761604e-05	
1.605431e-02	9.030042e-05	
1.434610e-02	1.074441e-04	
1.268476e-02	1.984194e-05	
1.943813e-02	7.663057e-05	
1.883921e-02	6.064960e-05	
1.652764e-02	9.063643e-05	
1.357464e-02	6.775780e-05	
1.818435e-02	5.193050e-05	
2.383604e-02	1.149999e-04	
2.019303e-02	4.699648e-05	
2.014376e-02	8.336763e-05	
1.393510e-02	8.900406e-05	
1.551197e-02	1.038918e-04	
1.762634e-02	1.491112e-04	
1.723737e-02	7.531797e-05	
1.539739e-02	1.259938e-04	
2.025270e-02	1.216000e-04	
1.546411e-02	8.765677e-05	
1.960353e-02	9.733461e-05	
1.408049e-02	8.160677e-05	
1.832344e-02	3.763254e-05	
2.007970e-02	8.235774e-05	
2.058298e-02	8.862822e-05	
2.016323e-02	9.502302e-06	
2.354447e-02	6.920666e-05	
1.735246e-02	5.364137e-05	
1.848314e-02	3.007545e-05	
1.480788e-02	1.075755e-04	
1.894101e-02	9.255101e-06	
1.425893e-02	5.479152e-06	
1.729746e-02	1.446787e-05	
2.092001e-02	1.211694e-04	
1.592491e-02	5.340370e-05	
1.880880e-02	1.336250e-04	
1.786341e-02	1.846769e-04	
1.618017e-02	1.476580e-04	
1.865149e-02	1.564113e-04	
2.087528e-02	1.029814e-06	
1.826653e-02	6.207203e-05	
1.821887e-02	1.263831e-04	
1.658775e-02	5.255251e-05	
1.647565e-02	6.042300e-05	
1.438806e-02	4.003775e-05	
1.130952e-02	5.089374e-05	
1.981375e-02	1.263396e-05	
2.125266e-02	3.872548e-05	
2.373002e-02	2.137617e-05	
1.705069e-02	5.977698e-05	
2.037481e-02	2.828774e-05	
1.629352e-02	8.970318e-05	
1.998493e-02	8.521707e-05	
1.779219e-02	4.930100e-05	
2.219790e-02	6.243857e-05	
1.477727e-02	1.092343e-04	
2.417610e-02	1.361136e-04	
2.217885e-02	3.772754e-05	
1.340056e-02	2.330788e-05	
1.027344e-02	8.648649e-05	
1.391533e-02	8.420257e-05	
1.482700e-02	7.293228e-05	
1.601666e-02	9.258378e-05	
2.009612e-02	6.983515e-05	
2.288736e-02	7.611811e-05	
1.920527e-02	4.689823e-05	
1.977504e-02	6.696931e-05	
1.977690e-02	5.591912e-05	
1.444066e-02	1.533291e-04	
2.205037e-02	1.535304e-04	
1.466770e-02	7.603196e-05	
1.259931e-02	2.344460e-04	
1.818320e-02	1.381607e-04	
2.242579e-02	1.241332e-04	
2.466007e-02	6.426180e-05	
1.960518e-02	1.161971e-04	
2.311697e-02	1.061502e-04	
1.501226e-02	9.137733e-05	
1.083504e-02	9.559562e-05	
2.106242e-02	1.207394e-04	
1.598546e-02	8.304507e-06	
2.121159e-02	6.071382e-05	
1.486266e-02	3.593487e-05	
1.615170e-02	8.782912e-06	
1.590792e-02	1.975052e-05	
1.886021e-02	6.767145e-06	
2.411022e-02	4.017084e-05	
1.574392e-02	4.855133e-05	
1.796535e-02	6.687184e-05	
1.412266e-02	8.891229e-05	
2.217660e-02	2.910889e-05	
2.003125e-02	2.902360e-05	
1.560957e-02	6.314268e-05	
2.175720e-02	1.088267e-04	
2.049934e-02	1.309884e-04	
1.298111e-02	4.966960e-06	
2.118559e-02	1.183776e-04	
1.447407e-02	1.221694e-04	
1.870157e-02	5.211112e-05	
1.355865e-02	3.422074e-05	
1.795136e-02	1.029908e-04	
1.208182e-02	3.552746e-05	
2.002859e-02	5.819229e-08	
1.963134e-02	5.855033e-05	
1.611236e-02	1.481000e-04	
1.723574e-02	9.955251e-05	
2.321966e-02	2.150634e-05	
2.055798e-02	7.543209e-05	
1.981543e-02	1.036839e-04	
1.222982e-02	2.321051e-04	
1.878574e-02	1.542200e-04	
1.788014e-02	5.679983e-05	
2.013054e-02	2.322140e-05	
2.233467e-02	1.553840e-05	
2.017683e-02	7.816140e-05	
1.430302e-02	1.144248e-04	
1.938013e-02	1.522007e-04	
1.970042e-02	2.710151e-05	
1.661150e-02	4.477024e-05	
1.968159e-02	5.210832e-05	
1.889615e-02	7.268032e-06	
2.119271e-02	6.624401e-06	
1.959468e-02	5.241741e-05	
2.106250e-02	8.145478e-05	
1.394782e-02	3.251187e-05	
1.802333e-02	3.342485e-05	
1.354817e-02	7.558097e-05	
1.771846e-02	7.557662e-05	
1.961614e-02	7.131645e-05	
1.966971e-02	5.260586e-05	
1.581684e-02	1.573142e-04	
1.695871e-02	9.622152e-05	
1.444225e-02	1.344368e-04	
2.184373e-02	1.004371e-04	
1.561823e-02	7.984972e-05	
1.548234e-02	9.576482e-05	
1.434399e-02	9.415606e-05	
2.023731e-02	5.580077e-05	
2.257612e-02	7.761580e-05	
1.799350e-02	7.526458e-06	
2.330871e-02	4.166692e-05	
1.933161e-02	9.654559e-05	
2.026368e-02	7.849147e-05	
1.890841e-02	8.618057e-05	
1.492437e-02	2.708693e-05	
1.983156e-02	4.236732e-05	
1.934217e-02	2.184680e-04	
2.408323e-02	7.146843e-05	
2.128311e-02	2.205573e-05	
1.509090e-02	1.611850e-05	
1.600032e-02	2.033906e-06	
2.047260e-02	1.118207e-04	
1.599783e-02	5.760673e-05	
2.338070e-02	1.045770e-04	
2.537049e-02	1.000112e-04	
1.691574e-02	7.085618e-05	
2.125677e-02	3.851948e-05	
1.557893e-02	5.341898e-05	
1.582432e-02	3.292590e-05	
2.247566e-02	4.392389e-05	
1.873250e-02	3.789038e-05	
1.306018e-02	4.678197e-05	
1.491607e-02	9.763739e-05	
1.337710e-02	2.097874e-05	
1.706140e-02	7.251287e-05	
1.735236e-02	6.057952e-05	
2.160085e-02	5.529682e-05	
1.646309e-02	2.741072e-05	
1.339513e-02	1.516954e-04	
1.770198e-02	6.861247e-05	
1.679553e-02	5.455364e-05	
1.914460e-02	8.030154e-05	
1.607930e-02	1.195370e-05	
2.069071e-02	5.151310e-05	
1.806912e-02	8.368185e-05	
1.874953e-02	2.401254e-05	
1.373759e-02	3.041566e-05	
1.801451e-02	6.140641e-05	
1.978601e-02	4.936392e-05	
1.805627e-02	9.622408e-05	
2.540332e-02	1.092124e-05	
8.919118e-03	1.524549e-05	
1.287847e-02	8.679008e-05	
1.864375e-02	8.616691e-05	
1.620295e-02	2.617275e-04	
1.924567e-02	5.392793e-05	
1.161913e-02	2.214102e-04	
9.653934e-03	1.822381e-05	
1.929006e-02	1.488660e-04	
1.540143e-02	9.988463e-05	
1.889177e-02	9.750469e-05	
1.871850e-02	8.832404e-05	
1.497985e-02	1.603751e-04	
1.545804e-02	6.951556e-05	
2.267065e-02	1.196974e-04	
2.028055e-02	6.339889e-05	
1.888855e-02	1.352580e-05	
1.889138e-02	4.440813e-05	
1.535387e-02	2.184111e-05	
1.431044e-02	3.186889e-05	
1.789387e-02	4.095758e-05	
9.220256e-03	3.956286e-05	
2.081397e-02	4.660480e-06	
1.715250e-02	3.428301e-05	
1.826665e-02	1.089000e-05	
2.122241e-02	8.093711e-05	
1.887818e-02	5.333793e-05	
2.149737e-02	3.188197e-05	
1.981308e-02	5.518365e-06	
1.812429e-02	5.296634e-05	
1.289162e-02	1.076883e-05	
1.697275e-02	9.405457e-06	
2.428911e-02	5.398314e-05	
1.877845e-02	4.702158e-05	
1.959333e-02	2.525570e-06	
1.836502e-02	8.546322e-05	
1.290648e-02	4.404391e-05	
1.688615e-02	3.644625e-05	
1.948398e-02	9.174235e-07	
1.861519e-02	1.861014e-05	
1.960344e-02	1.940717e-05	
1.996103e-02	1.055091e-05	
1.686558e-02	2.363539e-04	
2.156578e-02	2.273301e-04	
2.164044e-02	2.399769e-04	
2.308548e-02	3.691671e-05	
2.061268e-02	2.589111e-05	
1.710139e-02	1.024280e-04	
2.425460e-02	9.871080e-05	
2.278347e-02	1.267055e-04	
1.410785e-02	1.175334e-04	
1.910389e-02	9.729078e-05	
1.947253e-02	4.135545e-05	
1.482574e-02	3.205166e-05	
2.232497e-02	1.998404e-05	
1.791207e-02	2.166488e-05	
1.841746e-02	4.689850e-05	
1.551359e-02	3.375838e-05	
1.889288e-02	3.200119e-05	
1.812773e-02	8.551358e-05	
1.923159e-02	2.880487e-05	
1.878153e-02	2.395414e-05	
1.296849e-02	3.990323e-06	
2.451014e-02	5.146894e-05	
1.652806e-02	5.193833e-05	
1.368214e-02	4.743292e-05	
1.173999e-02	2.438313e-05	
1.632969e-02	4.651798e-05	
1.722093e-02	4.488509e-05	
1.653958e-02	4.134050e-05	
2.559811e-02	1.580070e-05	
1.386216e-02	2.886845e-05	
1.742182e-02	1.101460e-06	
1.798202e-02	5.862313e-06	
1.879118e-02	8.654308e-07	
2.363272e-02	3.644429e-06	
1.077406e-02	7.655566e-05	
1.516675e-02	9.678802e-05	
1.983852e-02	5.260969e-05	
1.565541e-02	8.432725e-05	
2.225239e-02	1.748729e-04	
1.990411e-02	1.993646e-04	
2.247925e-02	2.188369e-04	
2.020223e-02	1.337847e-04	
1.895870e-02	3.669648e-05	
1.542633e-02	4.575521e-05	
1.718177e-02	1.292275e-04	
2.375151e-02	6.533886e-05	
1.776959e-02	6.217360e-05	
1.323794e-02	1.897518e-05	
1.336073e-02	5.616330e-05	
1.632504e-02	7.793943e-05	
9.601018e-03	2.059788e-05	
1.552868e-02	1.849185e-05	
2.026962e-02	3.559573e-05	
2.326058e-02	2.145327e-05	
2.127176e-02	8.453700e-06	
1.203849e-02	7.489129e-07	
1.984987e-02	4.683380e-05	
1.983625e-02	8.951377e-06	
1.100510e-02	1.021470e-05	
1.875236e-02	8.653046e-05	
1.565594e-02	4.960312e-05	
1.724077e-02	7.676861e-05	
1.393035e-02	5.693593e-05	
2.004592e-02	2.122069e-05	
1.987584e-02	4.088373e-05	
1.233305e-02	3.323149e-05	
2.411327e-02	1.446151e-05	
1.839734e-02	1.275652e-05	
1.736356e-02	1.917890e-05	
1.679280e-02	2.317446e-05	
2.037093e-02	2.669638e-05	
2.045781e-02	5.535503e-05	
1.549577e-02	1.226474e-04	
2.168320e-02	8.474558e-05	
2.065432e-02	1.744018e-05	
1.841418e-02	1.037338e-04	
1.844692e-02	2.344855e-04	
1.820499e-02	8.566385e-06	
1.694826e-02	7.642324e-05	
2.086429e-02	1.131255e-04	
1.915889e-02	1.168129e-04	
1.851356e-02	3.606739e-05	
2.249689e-02	1.119263e-04	
1.624965e-02	1.025761e-04	
1.893422e-02	9.608774e-05	
1.675555e-02	1.484955e-04	
1.402865e-02	1.250297e-04	
2.006893e-02	1.273329e-04	
2.148553e-02	4.575621e-05	
2.248095e-02	5.003182e-05	
2.324683e-02	5.943633e-05	
2.266394e-02	2.785682e-05	
2.061101e-02	1.715350e-05	
1.987713e-02	7.650023e-07	
1.712848e-02	3.484778e-05	
1.602474e-02	3.865434e-05	
1.443036e-02	2.522675e-05	
2.359452e-02	4.264290e-06	
1.931621e-02	3.339940e-05	
1.675939e-02	3.534684e-05	
9.466880e-03	3.506157e-05	
1.973075e-02	2.781436e-05	
1.931832e-02	3.383345e-05	
1.733742e-02	2.733633e-05	
2.337971e-02	1.208831e-05	
1.746468e-02	8.820907e-06	
1.435018e-02	4.903716e-05	
2.314926e-02	4.560994e-05	
1.848107e-02	3.929142e-05	
1.572535e-02	9.931721e-06	
1.430425e-02	7.306608e-05	
2.059527e-02	4.646242e-05	
2.034333e-02	7.206881e-05	
2.106191e-02	7.747256e-05	
1.755715e-02	1.738625e-04	
1.989556e-02	3.973416e-05	
1.812740e-02	1.330622e-04	
1.841089e-02	1.229057e-04	
2.190410e-02	1.093593e-04	
1.527237e-02	1.532880e-04	
1.638854e-02	8.941393e-05	
1.812511e-02	6.581465e-05	
9.953831e-03	1.317598e-04	
1.374455e-02	1.158682e-04	
1.890064e-02	9.874743e-05	
1.652830e-02	7.146993e-05	
1.535139e-02	2.999749e-05	
2.232396e-02	5.460648e-05	
1.420165e-02	3.646560e-05	
2.096259e-02	1.337350e-06	
1.222513e-02	4.507274e-06	
1.340218e-02	5.391779e-05	
1.825128e-02	6.318515e-05	
1.812650e-02	5.180938e-05	
1.838989e-02	2.070496e-05	
1.904010e-02	2.588663e-05	
2.202224e-02	2.145747e-05	
1.303610e-02	3.118219e-06	
2.241509e-02	2.488935e-07	
1.861187e-02	4.737199e-06	
1.293146e-02	2.910829e-05	
1.503957e-02	1.381124e-06	
1.519281e-02	9.255264e-07	
2.057220e-02	3.805405e-05	
1.891455e-02	1.326346e-05	
1.839340e-02	2.110765e-05	
1.805205e-02	5.688713e-05	
1.929205e-02	8.422535e-05	
1.780668e-02	5.234206e-05	
1.715191e-02	1.875160e-05	
1.891298e-02	1.870436e-05	
1.278319e-02	8.670801e-05	
1.646594e-02	1.252704e-04	
2.164895e-02	1.257860e-04	
1.558448e-02	2.018289e-04	
1.650215e-02	1.597925e-04	
2.122140e-02	1.528490e-04	
2.059397e-02	4.910821e-05	
1.456587e-02	1.306631e-04	
2.048857e-02	1.195781e-04	
1.816251e-02	6.406236e-05	
1.793470e-02	1.398775e-04	
1.092544e-02	1.055261e-04	
2.128624e-02	5.637075e-05	
1.215793e-02	2.685617e-05	
2.114800e-02	1.076374e-05	
1.622202e-02	1.782080e-05	
2.176104e-02	1.033295e-05	
2.170046e-02	1.365086e-05	
2.201635e-02	5.121961e-05	
1.566458e-02	1.402527e-05	
1.230051e-02	2.058949e-05	
2.369122e-02	2.956595e-05	
1.933891e-02	1.128414e-05	
1.494051e-02	6.345317e-06	
1.976815e-02	9.597175e-06	
1.640123e-02	1.326088e-05	
1.605759e-02	1.623498e-05	
1.579741e-02	3.611815e-05	
1.635197e-02	3.507798e-05	
2.248628e-02	5.993815e-05	
2.202315e-02	4.629693e-05	
1.477026e-02	6.332944e-05	
2.094660e-02	5.743668e-07	
1.775148e-02	3.282728e-05	
2.072244e-02	1.295682e-05	
1.965331e-02	5.364530e-05	
1.839809e-02	3.774204e-05	
1.980949e-02	1.624647e-04	
1.674260e-02	1.102403e-04	
1.147052e-02	2.872532e-04	
1.651829e-02	2.534762e-04	
1.638151e-02	2.407057e-04	
1.382486e-02	8.710675e-05	
2.154819e-02	7.845161e-05	
1.395140e-02	9.848348e-05	
1.514066e-02	1.216941e-04	
1.942650e-02	9.353727e-05	
1.513478e-02	1.120833e-04	
1.806570e-02	7.257225e-05	
1.808988e-02	8.773833e-05	
1.926687e-02	6.226417e-05	
1.958954e-02	4.836204e-05	
1.938226e-02	7.142949e-05	
2.008947e-02	3.691384e-05	
1.997629e-02	1.872670e-06	
2.260985e-02	1.043275e-05	
1.651699e-02	7.700626e-06	
1.271222e-02	1.121592e-05	
2.085608e-02	1.226905e-05	
1.409666e-02	1.899048e-05	
1.945157e-02	2.772977e-05	
2.089761e-02	1.453743e-05	
1.946179e-02	1.890009e-05	
1.666460e-02	1.245098e-05	
2.200796e-02	1.651174e-05	
1.935946e-02	3.213257e-05	
1.752228e-02	1.018037e-05	
1.494588e-02	9.193158e-05	
1.763750e-02	2.635014e-06	
1.521621e-02	2.100795e-05	
2.192949e-02	7.202789e-06	
2.036517e-02	6.368547e-05	
1.570390e-02	1.420303e-05	
1.722060e-02	9.156917e-05	
2.138984e-02	1.277686e-04	
1.814024e-02	1.985011e-04	
1.609378e-02	4.441730e-05	
1.828054e-02	5.312905e-05	
1.538660e-02	3.063672e-04	
2.245528e-02	2.328896e-04	
2.228853e-02	7.802873e-05	
1.316519e-02	1.280322e-04	
1.954660e-02	1.000865e-04	
1.347851e-02	6.980112e-05	
2.208731e-02	1.250039e-04	
2.448327e-02	1.140292e-04	
2.226039e-02	1.176698e-04	
2.082559e-02	6.895128e-05	
1.440682e-02	7.655908e-05	
1.488285e-02	8.589938e-06	
2.066336e-02	4.329873e-05	
1.946908e-02	2.257401e-05	
2.243317e-02	1.979355e-05	
1.452538e-02	1.165646e-05	
1.786789e-02	2.209920e-05	
2.014230e-02	5.797420e-06	
1.149123e-02	2.242394e-05	
2.314144e-02	5.008514e-05	
1.902260e-02	3.013199e-05	
2.036952e-02	3.850195e-05	
1.813579e-02	1.309076e-05	
1.880888e-02	1.238413e-05	
1.851186e-02	4.637804e-05	
1.848459e-02	3.550707e-05	
2.238990e-02	1.106755e-05	
1.650691e-02	1.976616e-05	
1.464173e-02	9.357344e-05	
2.275853e-02	6.350450e-05	
1.925610e-02	4.006288e-05	
2.051519e-02	8.576100e-06	
2.086610e-02	1.006575e-04	
1.686492e-02	1.012563e-04	
1.935202e-02	1.699811e-04	
2.075952e-02	2.112348e-04	
1.700056e-02	2.400599e-04	
1.810912e-02	3.507378e-04	
2.509798e-02	3.362593e-04	
1.592728e-02	1.818651e-04	
1.999726e-02	1.934163e-04	
1.233610e-02	1.832509e-04	
2.045081e-02	1.727033e-04	
1.720264e-02	8.518918e-05	
2.428228e-02	9.265027e-05	
1.999021e-02	1.101175e-04	
1.921873e-02	6.721973e-05	
1.814705e-02	6.246103e-05	
2.052042e-02	3.659208e-05	
2.098018e-02	9.247826e-06	
1.850663e-02	1.530812e-05	
1.722649e-02	4.168960e-05	
1.081700e-02	7.240341e-06	
2.158573e-02	8.857610e-06	
2.147104e-02	3.802735e-05	
1.716584e-02	3.832901e-06	
2.068795e-02	2.906058e-05	
1.896101e-02	3.912855e-05	
2.292527e-02	3.343232e-05	
2.079263e-02	5.516626e-05	
1.498018e-02	4.920361e-06	
1.784639e-02	1.205090e-05	
1.858083e-02	6.246026e-05	
1.906795e-02	4.426869e-05	
2.018165e-02	3.771019e-05	
1.397890e-02	1.558957e-05	
1.269412e-02	8.313993e-05	
2.093167e-02	4.975025e-05	
2.186775e-02	2.331336e-05	
1.535828e-02	4.849069e-05	
2.091250e-02	9.005760e-05	
2.064869e-02	7.193994e-05	
1.831225e-02	7.978957e-05	
1.875440e-02	1.112069e-04	
1.468761e-02	2.017767e-04	
1.704436e-02	3.215408e-04	
2.000897e-02	2.364721e-04	
1.788614e-02	2.352212e-04	
1.585580e-02	2.719721e-04	
1.977108e-02	1.348412e-04	
2.092423e-02	1.161768e-04	
1.632301e-02	1.285640e-04	
1.769164e-02	1.190793e-04	
2.019072e-02	7.865065e-05	
1.642097e-02	7.285953e-05	
1.751130e-02	2.279727e-05	
1.826454e-02	8.142215e-05	
1.987850e-02	6.519919e-05	
1.925606e-02	2.031645e-05	
1.844327e-02	4.990238e-05	
2.211010e-02	4.863693e-05	
2.016892e-02	8.042171e-05	
2.036374e-02	4.713571e-05	
1.454707e-02	4.030523e-05	
1.813094e-02	3.387338e-05	
1.184809e-02	5.370538e-05	
2.261037e-02	4.420173e-05	
2.279533e-02	2.226515e-05	
1.347120e-02	3.282755e-05	
1.931635e-02	7.269445e-05	
2.095742e-02	3.259618e-05	
1.813426e-02	3.023340e-05	
1.759336e-02	2.032757e-06	
1.814880e-02	2.028749e-05	
2.142890e-02	3.064715e-05	
2.148944e-02	2.436910e-05	
1.977105e-02	8.810012e-06	
1.498029e-02	1.762553e-05	
2.046016e-02	4.293953e-05	
1.869047e-02	5.012106e-05	
2.178823e-02	7.892350e-05	
1.319401e-02	1.433805e-04	
2.042354e-02	1.707607e-04	
1.427937e-02	1.637380e-04	
1.225709e-02	4.768390e-04	
1.564424e-02	2.540180e-04	
1.892265e-02	2.332490e-04	
1.732031e-02	1.982312e-04	
2.133616e-02	7.736230e-05	
1.699879e-02	8.540132e-05	
1.347906e-02	1.280432e-04	
1.928509e-02	1.004155e-04	
1.828018e-02	9.148739e-05	
1.320979e-02	6.527070e-05	
1.737382e-02	7.500040e-05	
1.364575e-02	6.352398e-05	
1.798697e-02	2.169734e-05	
2.477651e-02	2.002438e-05	
1.832589e-02	7.531592e-05	
2.172733e-02	6.891153e-05	
1.442368e-02	5.816336e-05	
1.696524e-02	3.112655e-05	
2.161535e-02	2.654190e-05	
1.290833e-02	4.201920e-05	
2.364458e-02	4.193243e-05	
1.727376e-02	2.366008e-05	
2.039342e-02	5.704832e-05	
1.219875e-02	5.735072e-06	
1.799720e-02	9.842644e-06	
2.131577e-02	3.770208e-05	
1.888639e-02	2.784653e-06	
1.866647e-02	1.510349e-05	
1.877163e-02	3.348652e-05	
2.352035e-02	1.544173e-05	
2.611778e-02	6.714557e-05	
1.536982e-02	9.113869e-05	
1.665369e-02	1.028101e-04	
1.272952e-02	4.948990e-05	
1.895782e-02	7.729074e-05	
1.867688e-02	5.878279e-06	
1.991599e-02	2.303409e-05	
1.976704e-02	1.233297e-04	
2.062941e-02	4.827693e-04	
1.939108e-02	3.302800e-04	
1.910199e-02	2.683987e-04	
1.762534e-02	2.058392e-04	
1.777109e-02	1.340453e-04	
1.814271e-02	1.233886e-04	
1.395744e-02	9.636392e-05	
1.706040e-02	7.564788e-05	
1.640597e-02	9.195524e-05	
1.399237e-02	5.892341e-05	
1.212341e-02	4.162936e-05	
1.777029e-02	2.578615e-05	
9.014675e-03	3.250806e-05	
2.396455e-02	3.001041e-05	
1.687652e-02	6.703639e-05	
1.831007e-02	6.814375e-05	
1.899075e-02	7.832100e-05	
1.482649e-02	7.652864e-05	
1.802043e-02	7.855621e-05	
1.953677e-02	6.312058e-05	
1.780770e-02	7.350938e-05	
1.848616e-02	3.736286e-05	
1.559639e-02	4.863784e-05	
1.888537e-02	4.599262e-05	
1.954194e-02	1.826125e-05	
9.241845e-03	1.258336e-04	
2.022584e-02	9.947208e-05	
1.685099e-02	5.762750e-05	
1.372943e-02	9.889842e-05	
1.196092e-02	1.444858e-04	
2.071115e-02	2.038479e-05	
1.992788e-02	1.060032e-04	
1.106148e-02	1.359351e-04	
1.289950e-02	1.964678e-04	
2.435146e-02	8.526243e-06	
1.030698e-02	1.277340e-04	
1.507356e-02	5.263424e-05	
1.904150e-02	3.707094e-04	
1.891617e-02	2.757265e-04	
2.067000e-02	3.404851e-04	
2.004349e-02	2.401916e-04	
1.929725e-02	2.086749e-04	
1.949672e-02	1.706937e-04	
1.491429e-02	8.743318e-05	
2.146542e-02	1.000690e-04	
1.723047e-02	7.183261e-05	
1.471436e-02	7.735699e-05	
1.295598e-02	7.659210e-05	
1.687943e-02	9.872511e-05	
2.166808e-02	7.405865e-05	
2.017622e-02	7.303032e-05	
1.788359e-02	8.444399e-05	
1.831744e-02	9.989693e-05	
1.495585e-02	3.909484e-06	
1.634985e-02	8.661157e-05	
1.580242e-02	8.531469e-05	
1.541242e-02	5.392024e-05	
1.930120e-02	5.799468e-05	
1.650721e-02	2.522201e-05	
1.941873e-02	3.331037e-05	
1.501460e-02	2.542311e-05	
1.475062e-02	3.376505e-06	
2.033174e-02	1.973066e-06	
2.087599e-02	9.081339e-05	
1.993657e-02	8.761907e-05	
1.981555e-02	2.520251e-05	
1.826012e-02	6.116878e-05	
1.883127e-02	1.310968e-04	
1.658065e-02	8.957208e-05	
1.537241e-02	5.055325e-05	
1.461850e-02	1.599095e-04	
1.900484e-02	6.109169e-05	
1.454946e-02	1.482379e-04	
2.187824e-02	1.532888e-04	
2.166690e-02	3.256872e-04	
1.485135e-02	3.184011e-04	
1.512783e-02	4.034239e-04	
2.301811e-02	1.691975e-04	
1.835379e-02	2.697176e-04	
1.638158e-02	2.350705e-04	
1.509656e-02	2.059955e-04	
1.861173e-02	1.015786e-04	
1.667801e-02	4.482404e-05	
1.401343e-02	5.806490e-05	
2.272091e-02	3.770430e-05	
1.757063e-02	6.106719e-05	
1.597548e-02	7.389110e-05	
2.094433e-02	6.733565e-05	
1.788330e-02	1.388869e-05	
1.763360e-02	6.273560e-05	
1.787851e-02	7.284818e-05	
2.298380e-02	8.564658e-06	
1.855142e-02	1.086624e-05	
1.800430e-02	6.245584e-05	
1.688420e-02	2.657212e-05	
1.482696e-02	7.812582e-06	
1.659264e-02	5.661960e-05	
2.158512e-02	7.161766e-05	
1.987066e-02	9.794572e-05	
1.730156e-02	3.723142e-05	
2.193114e-02	2.549328e-05	
1.613670e-02	1.048664e-06	
1.989929e-02	1.502901e-05	
2.085680e-02	2.367886e-05	
2.214082e-02	1.581389e-05	
1.690831e-02	1.042654e-04	
2.206797e-02	6.295831e-05	
1.527585e-02	1.225002e-04	
1.657165e-02	3.812737e-05	
1.615658e-02	6.666832e-05	
1.566393e-02	9.580626e-05	
1.744889e-02	2.260443e-04	
2.173158e-02	2.464127e-04	
1.714253e-02	1.637249e-04	
1.552440e-02	2.936154e-04	
1.563877e-02	2.408946e-04	
2.051492e-02	9.559270e-05	
2.421209e-02	7.756025e-05	
1.808905e-02	2.575192e-05	
1.985141e-02	1.608185e-04	
2.436524e-02	5.872704e-05	
1.664331e-02	5.926595e-05	
1.504220e-02	7.070652e-05	
1.416086e-02	3.396737e-05	
2.187337e-02	6.384636e-05	
2.355438e-02	7.332113e-05	
1.846136e-02	9.925123e-05	
1.978931e-02	1.280792e-04	
1.535579e-02	1.229602e-04	
1.981687e-02	1.065703e-04	
1.905507e-02	9.826688e-05	
1.304952e-02	7.258338e-05	
1.899323e-02	4.870506e-05	
1.286151e-02	4.845115e-05	
2.110167e-02	8.876059e-05	
1.657852e-02	9.929925e-05	
1.728076e-02	5.181435e-05	
1.046327e-02	8.122339e-05	
1.750774e-02	3.547046e-05	
1.656757e-02	2.835574e-05	
1.824021e-02	1.015088e-04	
1.644717e-02	7.125370e-05	
1.506733e-02	1.398127e-05	
1.892410e-02	8.275662e-05	
2.039895e-02	1.018510e-04	
1.843762e-02	4.540111e-06	
1.533444e-02	1.936068e-04	
1.485662e-02	1.617123e-04	
1.785107e-02	8.438100e-05	
1.791594e-02	5.896093e-05	
2.162735e-02	2.675187e-05	
1.792495e-02	4.419892e-04	
2.285374e-02	1.856371e-04	
1.541609e-02	1.421114e-04	
2.052460e-02	2.416474e-04	
2.214201e-02	1.090955e-04	
1.795735e-02	1.076870e-04	
1.702392e-02	1.833498e-04	
1.805939e-02	8.930440e-05	
1.356115e-02	1.459683e-04	
1.708874e-02	8.596274e-05	
1.403170e-02	9.932342e-05	
2.323282e-02	1.106428e-04	
2.153775e-02	6.899645e-05	
1.500398e-02	1.035471e-04	
1.556143e-02	1.439724e-04	
2.302116e-02	6.008985e-05	
1.551495e-02	3.210033e-05	
2.310801e-02	6.627036e-05	
1.888737e-02	6.689413e-05	
1.915902e-02	2.575095e-05	
2.199665e-02	6.224976e-06	
2.244422e-02	5.378085e-05	
2.221509e-02	5.174412e-05	
1.891244e-02	6.259050e-05	
2.049261e-02	3.811404e-05	
1.964853e-02	4.506268e-05	
2.042368e-02	5.484204e-05	
1.891715e-02	7.137928e-05	
1.202028e-02	9.582557e-05	
1.863833e-02	1.717223e-05	
1.791768e-02	3.685452e-05	
1.566922e-02	6.013244e-05	
1.346299e-02	8.928542e-05	
2.059180e-02	1.226515e-04	
1.793370e-02	8.896737e-05	
1.211913e-02	5.892412e-05	
1.482070e-02	7.075132e-05	
1.386406e-02	1.367448e-04	
2.210698e-02	4.318188e-04	
2.174766e-02	2.196185e-04	
1.371323e-02	1.907387e-04	
1.632847e-02	1.393670e-04	
1.725910e-02	1.735110e-04	
1.445072e-02	7.232317e-05	
1.469079e-02	1.368575e-04	
2.075689e-02	9.602089e-05	
1.584919e-02	6.775241e-05	
1.658351e-02	3.288973e-05	
1.358070e-02	1.058055e-04	
2.019511e-02	1.175543e-04	
2.143125e-02	3.697525e-05	
1.797213e-02	8.469989e-05	
1.382674e-02	6.959912e-05	
1.955226e-02	5.668283e-05	
1.560269e-02	3.025612e-05	
1.670444e-02	1.561672e-05	
1.946604e-02	2.709696e-05	
2.103255e-02	2.302542e-05	
1.754577e-02	9.113953e-07	
2.496104e-02	7.601747e-05	
2.146922e-02	3.157758e-05	
2.314287e-02	2.902409e-05	
1.983348e-02	4.093320e-05	
1.927901e-02	6.535052e-05	
1.407730e-02	6.655963e-05	
1.967318e-02	1.138993e-05	
2.133032e-02	2.145066e-05	
1.438019e-02	1.981991e-05	
2.048221e-02	3.975110e-05	
2.137975e-02	8.344379e-05	
1.692259e-02	9.943099e-05	
1.762853e-02	6.440720e-05	
1.345111e-02	6.827599e-05	
1.758861e-02	1.199069e-04	
2.043495e-02	2.051279e-04	
1.643583e-02	1.215915e-05	
2.030166e-02	1.027632e-04	
2.049091e-02	2.977722e-04	
1.761516e-02	2.703571e-04	
1.574687e-02	1.986462e-04	
2.428014e-02	6.018221e-06	
2.025164e-02	2.044625e-05	
1.949151e-02	4.220289e-05	
1.937729e-02	5.923410e-05	
1.668456e-02	3.951799e-06	
1.870370e-02	1.569514e-05	
1.461762e-02	5.308729e-05	
1.793367e-02	9.967557e-05	
1.779876e-02	8.079982e-05	
1.957676e-02	7.036380e-05	
1.934450e-02	9.846805e-05	
1.664031e-02	3.387321e-05	
1.811502e-02	5.700126e-05	
9.494261e-03	2.069476e-05	
1.709454e-02	5.791616e-05	
2.344518e-02	2.633869e-05	
1.928172e-02	2.464715e-05	
1.944900e-02	4.709835e-06	
1.286749e-02	6.999552e-05	
1.284186e-02	7.433191e-05	
1.686322e-02	9.400705e-05	
1.382217e-02	4.635808e-05	
2.231725e-02	1.073247e-05	
2.334769e-02	3.022621e-06	
2.267563e-02	4.986903e-06	
1.686196e-02	1.214386e-05	
2.081792e-02	2.658649e-05	
1.399580e-02	7.358684e-05	
1.603439e-02	7.853421e-06	
2.029695e-02	1.321034e-04	
1.990429e-02	9.946196e-05	
1.495250e-02	3.191118e-06	
1.629433e-02	1.027703e-04	
1.886084e-02	3.762465e-04	
2.166768e-02	4.575344e-04	
1.749069e-02	1.826510e-04	
1.443605e-02	1.548780e-04	
1.442767e-02	1.667569e-04	
1.447882e-02	4.798994e-05	
2.224025e-02	4.907372e-05	
1.657484e-02	1.113431e-04	
1.270996e-02	2.819322e-05	
1.606621e-02	4.757979e-05	
2.454791e-02	1.404368e-04	
1.815731e-02	8.943019e-05	
2.224843e-02	6.123391e-05	
1.529362e-02	7.831390e-05	
1.527396e-02	7.853087e-05	
2.397290e-02	3.381270e-05	
2.239872e-02	4.136090e-05	
1.664589e-02	3.694798e-05	
1.845057e-02	1.225284e-05	
2.193727e-02	2.442246e-06	
1.595398e-02	2.227192e-05	
1.596386e-02	4.038197e-05	
2.060003e-02	3.779699e-05	
1.526886e-02	7.000444e-05	
2.109215e-02	9.103571e-05	
2.164771e-02	1.015416e-04	
1.821263e-02	7.431445e-05	
1.930076e-02	4.532089e-05	
1.924733e-02	2.135937e-05	
2.023010e-02	2.871257e-05	
1.365601e-02	6.706228e-05	
1.832851e-02	1.183465e-04	
1.384147e-02	8.581922e-05	
1.676035e-02	4.259778e-05	
1.278923e-02	7.674153e-05	
2.088080e-02	1.918547e-06	
1.809233e-02	8.213377e-06	
1.931042e-02	1.764287e-04	
1.639895e-02	1.637433e-04	
1.826906e-02	2.976117e-04	
1.991147e-02	2.753673e-04	
1.501561e-02	2.259744e-04	
2.032654e-02	2.031783e-04	
2.458082e-02	1.156919e-04	
1.403580e-02	4.848376e-05	
1.690978e-02	9.137928e-05	
1.550616e-02	1.472838e-05	
1.405656e-02	1.057386e-04	
2.058514e-02	8.023120e-05	
2.067932e-02	1.540237e-05	
2.375647e-02	1.516694e-05	
1.680943e-02	7.000569e-05	
1.767820e-02	4.310000e-06	
1.258674e-02	9.581593e-06	
1.838449e-02	4.930222e-05	
2.253899e-02	6.926099e-05	
1.265540e-02	6.972935e-05	
1.588039e-02	6.724119e-05	
1.529803e-02	7.535026e-05	
1.352410e-02	7.542592e-05	
1.578845e-02	5.241256e-05	
1.462908e-02	1.878248e-05	
1.540173e-02	7.741878e-05	
2.217246e-02	3.672909e-05	
1.595289e-02	1.252375e-05	
1.274051e-02	2.272677e-05	
2.169719e-02	8.121698e-05	
2.116172e-02	6.829315e-05	
1.914386e-02	8.617982e-05	
1.383984e-02	2.214598e-05	
1.119010e-02	4.124694e-05	
1.865389e-02	1.943892e-05	
2.085367e-02	8.726696e-05	
2.310415e-02	4.653732e-05	
1.897260e-02	3.728582e-05	
1.563113e-02	1.674780e-05	
2.041194e-02	1.614757e-04	
1.638438e-02	3.892781e-04	
1.644145e-02	3.579341e-04	
2.242540e-02	2.826392e-04	
1.797090e-02	1.437122e-04	
1.956683e-02	3.665580e-05	
1.189428e-02	6.082286e-05	
2.228654e-02	1.034911e-04	
1.628625e-02	9.212224e-06	
1.987831e-02	2.271822e-06	
1.211403e-02	6.845675e-05	
1.561128e-02	1.179230e-06	
1.604717e-02	1.285036e-05	
1.522088e-02	1.877498e-05	
2.191992e-02	2.117966e-05	
2.137037e-02	2.393660e-05	
1.785785e-02	2.669424e-05	
1.770342e-02	8.473775e-05	
1.749621e-02	4.994505e-05	
1.872724e-02	4.513751e-07	
1.957629e-02	5.765827e-05	
1.546018e-02	7.052972e-05	
2.111956e-02	6.940510e-05	
1.941737e-02	5.961053e-05	
1.979360e-02	6.357995e-05	
2.307023e-02	5.499989e-06	
1.144640e-02	1.705983e-05	
1.987595e-02	2.689708e-05	
1.977481e-02	3.106067e-05	
1.664370e-02	7.227407e-05	
2.089112e-02	1.537113e-05	
1.535438e-02	2.089759e-05	
1.742235e-02	3.825215e-05	
1.519039e-02	6.739599e-05	
2.148176e-02	7.365976e-05	
1.984679e-02	1.175257e-04	
1.711051e-02	1.906490e-04	
1.516154e-02	1.192084e-04	
2.267971e-02	8.525074e-05	
1.816750e-02	8.658492e-05	
1.967282e-02	1.544800e-04	
1.847913e-02	2.690349e-04	
1.855744e-02	1.077460e-04	
1.141432e-02	4.616945e-05	
1.600459e-02	1.280177e-05	
1.991121e-02	8.252441e-05	
8.168101e-03	1.375284e-05	
2.217617e-02	3.020322e-06	
1.261227e-02	5.250590e-06	
1.765866e-02	8.676882e-05	
1.801647e-02	4.800806e-05	
1.966080e-02	7.055156e-05	
1.572441e-02	5.031724e-05	
2.083148e-02	8.966464e-05	
2.023052e-02	9.217215e-05	
1.892366e-02	1.771743e-05	
1.774769e-02	5.388996e-05	
1.542874e-02	5.374826e-05	
1.202195e-02	5.799200e-05	
1.990989e-02	8.377179e-05	
1.682669e-02	6.569043e-05	
1.457530e-02	3.852994e-05	
1.970666e-02	7.089646e-05	
1.746225e-02	9.091564e-05	
2.068336e-02	8.881224e-05	
1.419621e-02	9.218020e-06	
1.865825e-02	8.611351e-06	
1.930770e-02	1.757306e-05	
1.522889e-02	1.579032e-05	
1.556686e-02	7.424712e-06	
1.372645e-02	3.226659e-05	
1.454671e-02	1.155271e-04	
2.423543e-02	3.421841e-05	
1.903582e-02	8.930657e-05	
2.096808e-02	7.075044e-05	
2.188900e-02	4.775048e-05	
2.179013e-02	2.971832e-04	
1.698517e-02	5.152143e-04	
2.331485e-02	1.193766e-04	
1.901217e-02	1.059413e-04	
1.898329e-02	4.524724e-04	
1.606061e-02	2.838275e-04	
1.693506e-02	1.294631e-05	
1.803801e-02	3.470437e-05	
1.874470e-02	1.840188e-06	
1.859136e-02	8.320789e-05	
1.671366e-02	1.364897e-05	
1.963993e-02	4.784024e-05	
1.911254e-02	4.656475e-05	
1.900422e-02	1.971785e-05	
1.764278e-02	3.541132e-05	
1.866695e-02	6.121702e-05	
1.759691e-02	5.742928e-05	
2.199363e-02	2.066303e-05	
1.675145e-02	2.053922e-05	
1.914934e-02	3.902765e-05	
1.496969e-02	2.631601e-05	
2.194699e-02	6.617509e-05	
1.541022e-02	4.111656e-05	
1.516030e-02	3.411442e-05	
1.706410e-02	4.846951e-05	
1.823899e-02	8.016558e-05	
2.133273e-02	2.826595e-05	
1.499088e-02	4.739525e-05	
2.230960e-02	8.115110e-05	
1.687015e-02	8.464791e-05	
1.528502e-02	2.074831e-05	
1.974164e-02	2.626925e-05	
1.719419e-02	1.631423e-05	
1.964720e-02	6.355332e-05	
2.240886e-02	2.946125e-05	
2.202075e-02	5.617919e-06	
1.728456e-02	1.431965e-04	
1.996851e-02	1.372473e-04	
1.729241e-02	1.523075e-04	
1.684688e-02	4.937855e-04	
1.948140e-02	5.912702e-04	
2.054698e-02	5.234646e-04	
2.178765e-02	2.537015e-04	
2.192773e-02	2.420191e-04	
1.463557e-02	8.840420e-06	
1.942648e-02	4.150734e-05	
2.251189e-02	4.386885e-06	
1.731417e-02	5.216911e-05	
1.607951e-02	1.554690e-05	
1.471884e-02	3.111508e-05	
1.677160e-02	1.366460e-05	
1.579372e-02	3.547377e-06	
1.529863e-02	3.981193e-05	
1.214382e-02	7.702609e-05	
1.701134e-02	3.490238e-06	
1.961103e-02	1.679214e-05	
1.930159e-02	2.708200e-05	
1.121526e-02	7.091273e-05	
2.062334e-02	6.748689e-05	
1.081143e-02	5.429362e-05	
1.979481e-02	8.661486e-05	
1.418598e-02	1.032071e-04	
1.607105e-02	6.630430e-05	
1.688277e-02	1.176605e-04	
1.673822e-02	8.573950e-05	
1.722652e-02	4.488885e-05	
1.871041e-02	6.464653e-05	
1.191962e-02	7.044975e-05	
1.730975e-02	1.126020e-04	
1.879434e-02	8.721325e-05	
2.376950e-02	6.135886e-05	
1.575117e-02	9.504035e-05	
2.031594e-02	8.615303e-05	
1.491544e-02	4.077359e-05	
1.848914e-02	1.926330e-04	
1.303185e-02	1.560957e-04	
2.077221e-02	1.351917e-04	
1.862407e-02	1.210363e-04	
1.945227e-02	5.620546e-04	
2.047913e-02	4.074423e-04	
1.784285e-02	2.934589e-04	
2.038632e-02	1.470871e-04	
1.731420e-02	3.136198e-05	
1.749238e-02	7.061401e-05	
1.861894e-02	2.563924e-05	
1.762825e-02	4.456701e-06	
1.620085e-02	5.858578e-05	
1.989540e-02	2.824685e-05	
2.110295e-02	4.540915e-05	
1.671568e-02	7.147012e-05	
1.777946e-02	8.070563e-05	
2.028401e-02	5.803734e-05	
1.552704e-02	5.680690e-05	
1.650072e-02	5.457692e-05	
1.607663e-02	7.397872e-05	
1.740132e-02	7.749310e-05	
2.090839e-02	2.131179e-05	
1.605372e-02	6.317788e-05	
1.833287e-02	7.255959e-05	
1.423380e-02	6.281893e-05	
1.589533e-02	7.141951e-05	
1.527996e-02	9.328351e-05	
1.543188e-02	9.335467e-05	
1.600890e-02	6.953714e-05	
1.383927e-02	9.002866e-05	
1.893788e-02	4.713553e-05	
2.015441e-02	1.001298e-04	
1.813690e-02	1.014956e-04	
1.561696e-02	8.170100e-05	
1.816588e-02	1.013882e-04	
1.970495e-02	9.606428e-05	
1.753579e-02	1.283858e-04	
2.017444e-02	2.046641e-04	
1.269381e-02	1.731483e-04	
1.981340e-02	2.312712e-05	
1.448392e-02	9.538972e-05	
2.222628e-02	7.162588e-05	
1.471730e-02	3.501786e-04	
1.455108e-02	4.974067e-04	
1.925338e-02	1.260432e-04	
1.686509e-02	1.000211e-04	
1.921178e-02	5.168880e-05	
1.825888e-02	1.303827e-05	
1.102792e-02	8.847456e-06	
1.821838e-02	3.578203e-05	
2.013761e-02	1.712053e-05	
1.772092e-02	4.987427e-05	
1.295892e-02	7.892995e-05	
1.750525e-02	1.179686e-04	
1.783424e-02	4.463939e-05	
1.821653e-02	3.181007e-05	
1.449900e-02	3.785423e-05	
1.964687e-02	3.537602e-05	
2.004476e-02	5.471587e-05	
1.571205e-02	5.008590e-05	
1.842143e-02	2.368599e-05	
1.326031e-02	6.168419e-05	
1.748222e-02	3.576959e-05	
1.977753e-02	2.949752e-05	
1.937892e-02	1.797223e-05	
1.515403e-02	9.568212e-05	
2.151826e-02	7.263636e-05	
2.002417e-02	1.681037e-05	
1.792181e-02	3.133531e-05	
1.969187e-02	8.610027e-05	
1.810947e-02	1.215108e-04	
1.502517e-02	8.078194e-06	
1.670991e-02	3.934205e-05	
2.120695e-02	1.188847e-04	
1.789928e-02	1.209273e-04	
1.571790e-02	8.778116e-05	
2.045654e-02	1.151637e-04	
1.679386e-02	1.727903e-04	
2.286865e-02	3.355974e-04	
1.752223e-02	2.127584e-05	
1.782250e-02	6.633361e-05	
2.112210e-02	1.310596e-05	
1.965997e-02	8.152120e-05	
1.191055e-02	7.010281e-05	
1.572582e-02	4.121466e-05	
1.602846e-02	1.925939e-05	
1.592720e-02	3.761577e-05	
1.324558e-02	4.327790e-05	
1.458287e-02	2.902072e-06	
1.631979e-02	9.703298e-06	
2.085426e-02	3.357536e-05	
1.585857e-02	1.563261e-05	
2.075216e-02	2.373230e-05	
2.280315e-02	6.038561e-05	
1.979833e-02	5.198480e-05	
1.647454e-02	5.681812e-05	
1.969024e-02	2.477106e-05	
2.182232e-02	1.635787e-05	
2.189108e-02	2.856224e-05	
1.672103e-02	5.804340e-05	
1.987676e-02	4.212337e-05	
1.185949e-02	3.174083e-05	
2.256160e-02	4.180661e-05	
2.326810e-02	1.098803e-04	
1.356737e-02	9.596335e-06	
1.208306e-02	3.087623e-05	
1.379180e-02	8.846859e-05	
1.554869e-02	7.850380e-05	
1.401587e-02	4.620957e-05	
1.951998e-02	3.430642e-05	
2.146030e-02	2.258046e-05	
1.355395e-02	9.536572e-05	
2.158299e-02	6.828666e-05	
1.843295e-02	7.441021e-05	
2.319809e-02	8.382589e-05	
2.296195e-02	3.770212e-05	
1.449015e-02	4.614151e-06	
1.711802e-02	3.748004e-04	
1.637453e-02	4.496322e-05	
1.762534e-02	1.176230e-05	
2.046747e-02	1.031405e-04	
1.486651e-02	3.896266e-06	
1.633808e-02	4.963829e-05	
2.097283e-02	1.202594e-06	
1.887427e-02	6.594558e-05	
1.517330e-02	4.813675e-05	
1.738771e-02	1.107330e-05	
1.698067e-02	3.298215e-05	
1.243338e-02	5.100758e-05	
1.713667e-02	2.004363e-05	
1.867159e-02	1.842506e-05	
2.080860e-02	3.855460e-05	
1.762062e-02	3.845197e-05	
1.627854e-02	4.101765e-05	
2.241975e-02	2.007473e-06	
1.921049e-02	3.463432e-05	
2.048565e-02	5.454796e-06	
1.902383e-02	9.400937e-06	
1.624897e-02	2.592645e-05	
2.027494e-02	3.025401e-05	
1.576481e-02	3.166023e-05	
1.451031e-02	5.187458e-05	
2.106898e-02	1.489598e-05	
1.374172e-02	6.845058e-07	
1.582186e-02	7.913402e-05	
1.401254e-02	4.639960e-05	
1.452213e-02	5.053427e-05	
2.202156e-02	2.392669e-05	
1.911084e-02	4.872103e-06	
1.499145e-02	1.111602e-04	
1.839110e-02	8.435267e-05	
1.803992e-02	3.471317e-05	
1.753826e-02	2.251950e-06	
1.759298e-02	8.747170e-05	
1.383356e-02	9.807708e-05	
