0	0
0.0256410256410256	0
0.0512820512820513	0
0.0769230769230769	0
0.102564102564103	0
0.128205128205128	0
0.153846153846154	0
0.179487179487179	0
0.205128205128205	0
0.230769230769231	0
0.256410256410256	0
0.282051282051282	0
0.307692307692308	0
0.333333333333333	0
0.358974358974359	0
0.384615384615385	0
0.41025641025641	0
0.435897435897436	0
0.461538461538462	0
0.487179487179487	0
0.512820512820513	0
0.538461538461538	0
0.564102564102564	0
0.58974358974359	0
0.615384615384615	0
0.641025641025641	0
0.666666666666667	0
0.692307692307692	0
0.717948717948718	0
0.743589743589744	0
0.769230769230769	0
0.794871794871795	0
0.82051282051282	0
0.846153846153846	0
0.871794871794872	0
0.897435897435897	0
0.923076923076923	0
0.948717948717949	0
0.974358974358974	0
1	0
0	1
0.0256410256410256	1
0.0512820512820513	1
0.0769230769230769	1
0.102564102564103	1
0.128205128205128	1
0.153846153846154	1
0.179487179487179	1
0.205128205128205	1
0.230769230769231	1
0.256410256410256	1
0.282051282051282	1
0.307692307692308	1
0.333333333333333	1
0.358974358974359	1
0.384615384615385	1
0.41025641025641	1
0.435897435897436	1
0.461538461538462	1
0.487179487179487	1
0.512820512820513	1
0.538461538461538	1
0.564102564102564	1
0.58974358974359	1
0.615384615384615	1
0.641025641025641	1
0.666666666666667	1
0.692307692307692	1
0.717948717948718	1
0.743589743589744	1
0.769230769230769	1
0.794871794871795	1
0.82051282051282	1
0.846153846153846	1
0.871794871794872	1
0.897435897435897	1
0.923076923076923	1
0.948717948717949	1
0.974358974358974	1
1	1
0	0.0256410256410256
0	0.0512820512820513
0	0.0769230769230769
0	0.102564102564103
0	0.128205128205128
0	0.153846153846154
0	0.179487179487179
0	0.205128205128205
0	0.230769230769231
0	0.256410256410256
0	0.282051282051282
0	0.307692307692308
0	0.333333333333333
0	0.358974358974359
0	0.384615384615385
0	0.41025641025641
0	0.435897435897436
0	0.461538461538462
0	0.487179487179487
0	0.512820512820513
0	0.538461538461538
0	0.564102564102564
0	0.58974358974359
0	0.615384615384615
0	0.641025641025641
0	0.666666666666667
0	0.692307692307692
0	0.717948717948718
0	0.743589743589744
0	0.769230769230769
0	0.794871794871795
0	0.82051282051282
0	0.846153846153846
0	0.871794871794872
0	0.897435897435897
0	0.923076923076923
0	0.948717948717949
0	0.974358974358974
1	0.0256410256410256
1	0.0512820512820513
1	0.0769230769230769
1	0.102564102564103
1	0.128205128205128
1	0.153846153846154
1	0.179487179487179
1	0.205128205128205
1	0.230769230769231
1	0.256410256410256
1	0.282051282051282
1	0.307692307692308
1	0.333333333333333
1	0.358974358974359
1	0.384615384615385
1	0.41025641025641
1	0.435897435897436
1	0.461538461538462
1	0.487179487179487
1	0.512820512820513
1	0.538461538461538
1	0.564102564102564
1	0.58974358974359
1	0.615384615384615
1	0.641025641025641
1	0.666666666666667
1	0.692307692307692
1	0.717948717948718
1	0.743589743589744
1	0.769230769230769
1	0.794871794871795
1	0.82051282051282
1	0.846153846153846
1	0.871794871794872
1	0.897435897435897
1	0.923076923076923
1	0.948717948717949
1	0.974358974358974
0.0300811571734739	0.0216796861275643
0.05418806041456	0.0254521888286056
0.0789832183765827	0.022536714551707
0.103289080376295	0.0270055136821251
0.133189669223535	0.0236273448107179
0.157696431580435	0.0211649324311317
0.177491921789448	0.0263724921043632
0.202714470777724	0.028078878176457
0.231700037138095	0.0249279917699187
0.259326817323364	0.0208064958379571
0.27799891639911	0.0209610061081523
0.309525436779072	0.0239635295599339
0.333611826572557	0.0282779263885225
0.360442152970957	0.0205734382109871
0.3860667696794	0.0235270372469818
0.407003667090139	0.0230875331267555
0.435608633776162	0.028272125779113
0.458282702533854	0.0294572017548154
0.485595699644435	0.0291364285872881
0.516579211879819	0.0233641936755147
0.539016828468652	0.0272374810625603
0.566616354676857	0.0220260225827742
0.590292248076669	0.0206144753993949
0.611987367573832	0.0296235081008435
0.636154972709349	0.0248382844287694
0.663689975290145	0.0214521827592993
0.691096519275042	0.0273518198657882
0.716167637794676	0.0229088676799806
0.741590422147745	0.0289281565289718
0.770545461046732	0.0235389189844092
0.794519835988033	0.0306421033473937
0.8237956353687	0.0217440873221187
0.841499339681886	0.0289158166819797
0.876898634385271	0.026003819513206
0.898850680615767	0.0224851884362866
0.924494967995608	0.0247593721965105
0.947787316792475	0.0235403844021412
0.971898219665531	0.0222909153387208
0.0272342555666032	0.0559021990416983
0.0533009306156318	0.0496953865196364
0.0810005285137545	0.046771548514656
0.100775684128544	0.0545641559952824
0.125440568511674	0.0492854640133941
0.152661085610093	0.0497182414981406
0.174988626770726	0.0481849321185015
0.207191048922906	0.04852150119367
0.226356057781085	0.0474617195444341
0.252933179994184	0.0502133739500076
0.278339066777542	0.0548547725337529
0.312818142869879	0.0517522149916173
0.333292711844674	0.0480933982888786
0.353920833125443	0.0466510246834465
0.385446162150712	0.0555674571133224
0.408055950614902	0.0526165852712263
0.432028773326435	0.0538293285300154
0.458495889275782	0.0482629773266967
0.483661102042272	0.0518052598227538
0.517633340056442	0.0501805287417533
0.534904797317976	0.0462417769935217
0.568923463675243	0.0525275528859162
0.592559167913303	0.0477487559002754
0.613356649364729	0.0486203049208676
0.645975009604308	0.0473309131320632
0.668409778670361	0.0479659266028729
0.69489108169668	0.0501093304678753
0.719221526493745	0.0525513355671681
0.747264450541707	0.0494379933865453
0.765070604805612	0.0526173192560198
0.793667292575501	0.0545142264345866
0.817506451718271	0.0526504438125999
0.845949670451262	0.050629076231697
0.875664430859361	0.0555728928491556
0.902552749518608	0.0500502339929735
0.924278992644149	0.0523515774001842
0.945052373416414	0.0471611799959466
0.970122799553454	0.0533627427805163
0.0207510783471154	0.07542112800317
0.0501420019940352	0.0743560864087511
0.0743948089379271	0.0767311717486173
0.105742167138444	0.0725425469521102
0.126257281618655	0.0749313030963544
0.153993917031383	0.0756660207643182
0.182412554572528	0.0748638432882996
0.200914589855708	0.0771924480494291
0.23498720614782	0.0791585939097752
0.252481724664414	0.0784802011649206
0.28327964953384	0.0751454033603877
0.302814332258229	0.0795808423205078
0.335765765521796	0.0788155895810419
0.357696091625279	0.0762712445460664
0.381617961236006	0.081954251787075
0.411646344915002	0.0733432600047645
0.432234100000616	0.0749245700207699
0.461958658977645	0.0747554761837223
0.490684686586674	0.0747478177126353
0.516976482373801	0.0738168829761887
0.535332031426748	0.0802173033175538
0.559934151875549	0.0718252810142033
0.585899558559861	0.0770632223929859
0.620169606141617	0.0765697581997385
0.638944736224532	0.0761879439174768
0.666473922571598	0.0777768346003369
0.697407390747537	0.0810465628425362
0.715471019204374	0.08175505156927
0.745654592476945	0.0756368232938413
0.764418133964191	0.0718489599857576
0.795990513375837	0.0786029699323659
0.825297751587805	0.074531948671719
0.842808183072813	0.0738108972096634
0.866949047906267	0.0791956605452927
0.893227139588643	0.0750105302958752
0.921942358398082	0.0799651083358411
0.952894827976302	0.0762268592786427
0.978260594888344	0.0766116607888108
0.0210395477559223	0.101260777085012
0.0502686135147964	0.104738909889592
0.0799160729116501	0.102598373828816
0.0976045950643856	0.10638858286478
0.12720225045078	0.0998345916429966
0.157504708802378	0.10358634923348
0.179057593169092	0.106874555850171
0.201672586689994	0.0975146983090412
0.232596798562695	0.107126928956736
0.253289738584298	0.104418633249549
0.280498398685051	0.100295370271268
0.30839656689668	0.107162770858873
0.336259783492406	0.101632551527566
0.35487689685176	0.102065733802737
0.38678138865827	0.104785613672685
0.405240705929596	0.105581908975328
0.434670572495796	0.0995986976421677
0.456633643320066	0.0998813621065014
0.483782573980838	0.105988558283826
0.517679885936978	0.102662108520553
0.537897933586171	0.100361203383963
0.568037241621015	0.107166056742908
0.588458332842137	0.10270297211689
0.618016731962057	0.104712580775072
0.63782252094575	0.102033724640107
0.665614695695396	0.106105734548047
0.688514005110543	0.100072668861086
0.720474776667112	0.0998983062888882
0.741672955576478	0.100909487282739
0.764466526480703	0.0981926981388548
0.798672865453692	0.102947035284385
0.821405750478827	0.100182930111931
0.845774104011728	0.107609730015702
0.876187822450917	0.100156119647256
0.898471887233557	0.106416801869431
0.921786263176508	0.107421767197405
0.952817295400938	0.102756733867107
0.970457480548195	0.106558672241083
0.0215463240163844	0.125472416509389
0.0545099096379877	0.126275116314713
0.0757870946311719	0.128531167790005
0.0974895806000736	0.124674058394362
0.126159450508517	0.131338370901084
0.154257312130557	0.127294841023887
0.177563029817905	0.1292063395578
0.210151864241298	0.132600634544498
0.233533901390901	0.12670573726637
0.254407120241926	0.132628401383319
0.279650276772006	0.126025838174309
0.307630781499805	0.127936413105125
0.334845895901421	0.129940856394746
0.360165344132232	0.130428440663768
0.386491674314703	0.127194867086452
0.415304003145057	0.129326632442892
0.431290203689998	0.127977616022359
0.465037249503887	0.127939228616774
0.490606334428588	0.124131782501658
0.510556307026016	0.129609391468219
0.537625380062759	0.131105587962926
0.567603482691581	0.129164244707457
0.590984411281042	0.130415105341716
0.61543919569072	0.131122997596533
0.64397468898281	0.130807940352996
0.669804003489069	0.127665387588549
0.690567438847538	0.123587145508358
0.722347351046595	0.128554892451686
0.743133799036278	0.130343163365459
0.771884688621227	0.127853000020302
0.796530353409677	0.124470211874614
0.822990151850853	0.132591786008405
0.850479631441304	0.123494489283225
0.869718031210289	0.12806058477853
0.892609870743996	0.126256411439762
0.926532402590048	0.124184655153636
0.951641517101917	0.128279662787492
0.979111629374669	0.129685626099794
0.0220256069750671	0.155807548978934
0.0520995408036327	0.156301885319756
0.0762787147025006	0.151588860441425
0.107600680733732	0.155183947990476
0.128282948158489	0.15237897620665
0.151258966453289	0.151840480934949
0.176691250206172	0.156251218916955
0.201243135321057	0.156206470480177
0.234494032954218	0.154816711590345
0.25957575978548	0.153134034845935
0.285431109659176	0.155057632059075
0.302872074437972	0.15558582848227
0.330179208352625	0.152762259368296
0.358552509461885	0.158436935591579
0.388157803266476	0.149559535461004
0.407672913104154	0.153024927635949
0.439099080064091	0.15066940919717
0.466317213952681	0.153248749662035
0.487931574931485	0.150800555963343
0.517891499837024	0.152166716003891
0.542004729226553	0.153517306197216
0.568502469847362	0.152315200769921
0.588991404294513	0.155282660183738
0.620409731236183	0.150159524807913
0.636475925995668	0.149753829698277
0.669415803495572	0.155867583849051
0.688100641481796	0.155432005906059
0.716785691957976	0.151751295859774
0.745352804229369	0.156991393542885
0.769915071851927	0.15511675358631
0.793184004332814	0.15122850470834
0.817682094028115	0.156976323213498
0.841921322904996	0.149432237253356
0.873060919526423	0.152874540811409
0.893628071674354	0.149851905062351
0.925931772579747	0.154213102499334
0.94510020720626	0.153690330454712
0.974882109508206	0.153968032901067
0.0295430023377109	0.174851716305368
0.0533797331238585	0.179480253010832
0.073475025301891	0.174563936697757
0.103841430302896	0.182954943506723
0.126652345991963	0.180914528500802
0.151879655947467	0.174850576538599
0.180472724671373	0.18250914624605
0.21012207625975	0.178389788877919
0.226673142662599	0.176800509305729
0.251951097515552	0.182596859804132
0.279900764125008	0.18099238082793
0.308613985629217	0.178347660730671
0.338282292024916	0.181649778561812
0.362717193121224	0.183113974930862
0.38771446744687	0.175847232236662
0.410714003074482	0.17570269964006
0.43541532572305	0.175722197387499
0.457555839433493	0.183245803840824
0.490538726385417	0.17973570413481
0.510875862010743	0.181114316380672
0.539047923979873	0.180647468808362
0.562033141331469	0.184380003099887
0.590245336228493	0.176857310042419
0.614640110120644	0.175133714966384
0.643422181658018	0.17575541772728
0.662882045710439	0.18398115029671
0.689360196246765	0.183906144731202
0.716455991675716	0.18253990582996
0.745302845005676	0.181466675202152
0.770246041890801	0.182123254009544
0.791773352190541	0.178234014450461
0.825124933943583	0.178099130320518
0.844129043881077	0.174660098480397
0.873833403822852	0.176128373266771
0.892720185354209	0.177377212392035
0.927756458299977	0.181779217814339
0.951504235743265	0.180625092047521
0.970507256270837	0.174865197516485
0.0260946442419618	0.20256081096184
0.05350873450936	0.202528818159304
0.0779313288216998	0.200105580195539
0.102640068624234	0.203046519353079
0.132369725946714	0.204341952638129
0.156729464795577	0.201430131703987
0.177184504432697	0.205017676310957
0.205076648590567	0.204553523727949
0.235877299454795	0.200859456616747
0.251951786473766	0.201479216784229
0.281429000312362	0.208799051212942
0.303581466821999	0.20090783740923
0.329664386704331	0.204804819564324
0.358572119716863	0.204054404658055
0.381458314094845	0.206314622854222
0.407232014606271	0.202599871511987
0.43441379536455	0.204602531410218
0.463877118204771	0.208022494223032
0.491914091473907	0.200650467763056
0.511625965497085	0.210104991570887
0.536619406279294	0.207182449085109
0.567671190828045	0.208741144477595
0.587307554841969	0.204530053753015
0.610843769090729	0.201609580561168
0.643940274368783	0.208216698811054
0.66439871791285	0.200605712130384
0.6953079177275	0.201907086548886
0.721851724802175	0.209938930456503
0.746496010884249	0.202250217708208
0.765633326405729	0.202336872341527
0.798879695372289	0.208071363161583
0.818974796861692	0.2027637078581
0.85018876160606	0.201751552836093
0.868200458910364	0.207136805836347
0.898306698573522	0.203552553329442
0.918570380305943	0.206101884552277
0.943906611604679	0.2055579096337
0.975312586745847	0.20287137294589
0.0246273205492756	0.230414694808396
0.0517365107705284	0.234843129309527
0.0743865434880377	0.228387308951078
0.106374414563157	0.227646922021608
0.132919878052932	0.230566754856392
0.15158996025051	0.227914416013114
0.183122005251973	0.227211713593098
0.203131302266349	0.230305845325959
0.228801160788287	0.227815958565284
0.256658272136905	0.232296882850132
0.281833545717014	0.228512727229467
0.311415384083514	0.234744538757518
0.329141521393609	0.232315815664609
0.355921392234091	0.226399433648749
0.385855688833	0.234378395940594
0.414963165018426	0.22849709380785
0.433915043035342	0.230291125129581
0.465866049899354	0.23039935401792
0.483653339565408	0.234233794189679
0.514081114113608	0.228831290888098
0.543577376440074	0.231753200973777
0.561422907392497	0.234775894776976
0.589098850897057	0.232014110406956
0.614799447259112	0.233319988902381
0.638823072480802	0.234152457704448
0.66224583833285	0.232404399004384
0.696567977713084	0.235124518486973
0.716165734565802	0.230057547227033
0.74779018256915	0.231475729845981
0.767346722050798	0.235857978558782
0.797776835320908	0.230516997889981
0.81621659236271	0.230234784383875
0.849484497817378	0.233296973412522
0.87256727915602	0.227787674298338
0.901501885328768	0.228800499451532
0.924423504237576	0.231234353494712
0.944870499925411	0.226342797230564
0.975032609725503	0.234594414792011
0.0295015456551218	0.261217283384277
0.0492723832690901	0.255384621238359
0.079940098157814	0.260651073844759
0.106768190309486	0.260112464361611
0.126926678180031	0.25651586339816
0.157650311461514	0.257619026981279
0.179380144564004	0.256597773127768
0.203809517997747	0.25959209945571
0.228318061531954	0.261182539964068
0.255343286843391	0.260597564260418
0.28466213663149	0.251358747959936
0.309293920369719	0.261151004101899
0.329466237062265	0.259640980116891
0.35834944816958	0.260396603674199
0.383767091521766	0.251962401634596
0.412267403119916	0.260131610412145
0.433241628762212	0.257008804278303
0.459283554865827	0.260992042217341
0.488432135086698	0.261516596323166
0.509473936505473	0.260851240161696
0.543202483695048	0.257703519215209
0.559840440904823	0.252683050104359
0.586811247363209	0.259428754800888
0.616785763631329	0.25354324665357
0.636103150112338	0.252797487799885
0.665640328182367	0.252071077021457
0.687799454147901	0.257775603094213
0.72246910476565	0.251465079931359
0.73995845713273	0.254587978243004
0.771547379964433	0.252380864731188
0.794210623038891	0.257502593737609
0.820385396807853	0.258343016620519
0.847989722042159	0.260151790125016
0.869167358427134	0.251947455109796
0.899017543897887	0.25964081919828
0.925048232844825	0.256873849697293
0.947346267741069	0.255607660917077
0.977707728985899	0.257030128698176
0.0302791280116228	0.286108870553405
0.0496755932552442	0.278670739751213
0.0814861011649821	0.281348704189855
0.0995744662853344	0.284262811004978
0.125442744948434	0.283537288013719
0.149729610523185	0.285347046458157
0.177665965402465	0.282730685199152
0.20329154949917	0.277560099648335
0.230094235878922	0.27930647975583
0.257648837466769	0.277256745846753
0.280720473381294	0.283414236433598
0.3072190796341	0.285491064874325
0.332672446175069	0.276950119123335
0.359781896064774	0.286855011332743
0.385289725916337	0.284356813193622
0.413275612644105	0.284305927076611
0.431249010010364	0.285013115639158
0.458425612025652	0.278602365027834
0.485114048384251	0.284185866903759
0.512449159133466	0.280122984192654
0.536926058426054	0.281476062406896
0.560863016332787	0.282256376762729
0.58725653244573	0.278800842094054
0.616280243317038	0.279314467639709
0.644611416314731	0.277837848410851
0.668825588071968	0.279492168597819
0.692420522887403	0.278867277912604
0.722399592758686	0.281582993672483
0.746254178379713	0.279522085657215
0.772758662989433	0.278920033786894
0.792886649525508	0.279245297261883
0.823802296665538	0.285127684326562
0.848997401553252	0.284377668066555
0.871842485840635	0.2843024141728
0.893387082030575	0.279140479515292
0.924689142803702	0.283059849921859
0.949216166082219	0.28715990167853
0.976377177107798	0.277300139627524
0.022295288886784	0.30412571642049
0.0548540139525633	0.302681883199832
0.0729915210207274	0.30326889713653
0.105393106183142	0.302650769769826
0.125543248295111	0.308851076460541
0.154369964521757	0.308490432568593
0.177423106979018	0.305760824293016
0.206019699581333	0.30779821190857
0.234439906000579	0.310722406586614
0.256828367035217	0.311816336121694
0.284983406526326	0.308210344874868
0.309834880854686	0.305700201182271
0.335359122449959	0.305484004892021
0.361562598506871	0.307599200584408
0.381880107464935	0.306909624678249
0.410467339388764	0.303563632790165
0.43710113830525	0.31244720100061
0.457337040864465	0.311919486963329
0.485881223406016	0.308288022036959
0.510997495347503	0.308228567171863
0.538086368296764	0.307382051130556
0.566255012128315	0.309567920024732
0.58716911855289	0.308608981023888
0.612900408807215	0.303831907207508
0.640122225179208	0.303430726103396
0.671728130319411	0.31222140644978
0.687409470999521	0.30422208075268
0.719538958417237	0.305250792031305
0.743678780502096	0.312459353226367
0.768341747287136	0.307733356311102
0.790028735465477	0.303635914010385
0.820156943721008	0.302643077672403
0.849064990261698	0.306229500066293
0.871000159638667	0.309395219392669
0.901045333037941	0.303397603963703
0.92428024827589	0.307550395503793
0.953624872143085	0.307501448023588
0.978069732222568	0.310988089308994
0.0219645102410054	0.328412611931133
0.0493187967289141	0.337125490115559
0.077439894438999	0.329727826189115
0.103304421443656	0.32906128058162
0.125573960163322	0.33011966900167
0.154057126896621	0.335342455821135
0.183117392256	0.333346918771389
0.205837530801353	0.33014083172782
0.229784291087075	0.330609569487405
0.258167314504134	0.333984826684034
0.27696831431607	0.33097505548222
0.306769609846982	0.335643323911418
0.331484372684926	0.332842379856618
0.35728582659522	0.334007627524099
0.388335828198596	0.335382995435405
0.411782455922443	0.334135171574547
0.43530224283356	0.33165886781593
0.458986394091826	0.328779945130164
0.488419635544527	0.33809317794942
0.516618358997374	0.330122671492108
0.537432068621827	0.335088367336354
0.567025273963923	0.333082236029526
0.590912621021401	0.33063412421778
0.615456970044102	0.334646939382152
0.641758217494234	0.328451138678864
0.667794286678592	0.336784404236592
0.690807574989121	0.338114032053798
0.718931962714775	0.331982114445751
0.740833228653748	0.328671508533186
0.774221828831654	0.328835582451596
0.790802376074561	0.329587282298168
0.817531725272295	0.334550730621346
0.850761956019206	0.335642423840834
0.867089590093249	0.332911910083175
0.893952839107139	0.330356339491611
0.925023334258182	0.33615640337603
0.950730754478662	0.331340459815543
0.975905273789783	0.332340990445131
0.0234289989465596	0.355021618080939
0.0529669438693005	0.355067984089145
0.0736407114491349	0.360227420311521
0.105473498438405	0.361219381769639
0.131866346625561	0.363409450792291
0.157296819311042	0.360790956036732
0.174960243130718	0.354171776068877
0.205518144678157	0.354008577710908
0.229124016309347	0.357013639003562
0.254162581181572	0.363098832808583
0.285448428767624	0.358566774957096
0.31274784810915	0.357644147227581
0.338040276542859	0.358223739402431
0.360377594110775	0.355764361036579
0.388070342408999	0.359429869446946
0.413119198257459	0.354603189920911
0.430805550537179	0.35860690182588
0.459795173926199	0.361031651882396
0.491997101564325	0.359896768032544
0.50919976994491	0.353977119442931
0.535108030075507	0.363788586921296
0.563093335274941	0.359557829757426
0.589695147327327	0.359043637123814
0.615624218792796	0.362938873622011
0.639998980930262	0.361737583681066
0.666309444294057	0.360068579200152
0.69122784646319	0.359493610891175
0.717873232420716	0.361584435236407
0.742456522291708	0.354336491440742
0.772936211921327	0.354382536732863
0.799310523007112	0.356525358841147
0.821779833311073	0.355570970838392
0.847396662949516	0.359407703639522
0.871259794325016	0.357373694949357
0.898607820961805	0.362826836517775
0.920117177544679	0.356945690931741
0.945007942607681	0.357724476633781
0.970134418506941	0.360149500113892
0.0228972035022174	0.380341879804223
0.0463784369520091	0.38243189306385
0.0723061575340991	0.3826674435542
0.105581046834111	0.389286968372947
0.12633556471719	0.38326525583857
0.14937674980663	0.383580463066522
0.180556291404439	0.381577684749429
0.201253459375485	0.389502405962395
0.227498305208893	0.381310246669986
0.261454110529873	0.388036175458149
0.285535999590319	0.386918831842215
0.303352494205323	0.381836294011711
0.334791533387889	0.383743777752002
0.360645243091293	0.386766563301147
0.379746256107957	0.382548842043681
0.405991776100004	0.384458162593529
0.432671384630088	0.383435032300042
0.460245161143352	0.38225632088679
0.486617584902757	0.379668238553055
0.509692032496477	0.382823619305144
0.539011934569119	0.386995215717386
0.562065243197806	0.387592057493991
0.594356249006809	0.389382579290141
0.617997627920204	0.387073107249958
0.63959313011742	0.380668845790176
0.664370671335572	0.382622926390818
0.695957591617209	0.384063569891279
0.717242349308576	0.387005957649468
0.740704690048202	0.381270723292587
0.772583856614219	0.380863878875328
0.799530488262581	0.388911671454321
0.816022742562179	0.386118035015231
0.850175344737456	0.389216114376293
0.868035797633059	0.38396028804762
0.897327004882685	0.384663339797716
0.919113473727157	0.389176143850248
0.952273832740937	0.387014639949755
0.973818222406023	0.383552724841412
0.02898581668545	0.414099865045508
0.0461778232955661	0.411064700055202
0.0799034638919391	0.414707510082857
0.100417264539257	0.408964964574196
0.132860470245745	0.407211370030753
0.149839881160426	0.405563113852041
0.177451100416943	0.409886286653121
0.206026955167326	0.412756188547678
0.232879234329059	0.410501138303665
0.252296381561637	0.408624456129009
0.278204500600891	0.413251035880718
0.302867261479635	0.415107820462968
0.333325034253057	0.406685170198789
0.356459499487726	0.409870433842022
0.38317361311954	0.414818029098733
0.414798591418772	0.407243129142006
0.431481784227406	0.410486682393976
0.46503427217548	0.411383866313981
0.482157096073635	0.409290423611023
0.510656843255872	0.408977945006072
0.542563852661856	0.410209609723975
0.55945798721561	0.406293261107972
0.585427018117428	0.405434823872784
0.610408829673668	0.411068301031046
0.642894968607755	0.414751298012728
0.666256040821644	0.413886066282976
0.692639329443918	0.41301918598879
0.719371820013777	0.415065944751568
0.743465139037664	0.41170034868078
0.76875680527585	0.414429158138754
0.79977921042296	0.415308818302454
0.82469400873001	0.414174982166001
0.844918225514777	0.409677734678577
0.86667934026243	0.410505053479423
0.896025377402986	0.411807540361129
0.920870259378969	0.405235086612704
0.951099157547163	0.41109591057694
0.970725176222858	0.409678153809359
0.0292542342415349	0.438840426738362
0.0479857267583776	0.431821747233904
0.0761897075334391	0.431788156725546
0.102135975710961	0.4350937923441
0.132144057753276	0.433698688671006
0.156683417348	0.43097538244352
0.176870030644078	0.437939924378318
0.206943120497556	0.434187002797647
0.227921078864702	0.435708763151824
0.255190872818785	0.434344344883998
0.285540532381289	0.433074025846469
0.307820485587496	0.435034785682766
0.335935838974893	0.440650354824446
0.359247525523365	0.440437341879447
0.38368330844082	0.436128218323802
0.411770061119075	0.433150392711802
0.4385850617083	0.437371987946511
0.457993519472919	0.438206170085735
0.488981100539592	0.432550172784953
0.5146895597281	0.435079753812946
0.542910306087606	0.435406974840121
0.564268806753118	0.436486960626646
0.588308039111905	0.437076796797497
0.610874157578789	0.432302895773418
0.646047834858678	0.441013226397749
0.665112444673395	0.435052709857273
0.693322418735029	0.432757979551254
0.722596346029194	0.434691508152357
0.739616276999641	0.431246629437004
0.77190949650222	0.439115698205167
0.798521121359405	0.435351342130814
0.815643199578171	0.438096184681732
0.844208469921349	0.435544947641787
0.874429016421012	0.433073629251308
0.896382131618858	0.43650525567671
0.927060769495578	0.437304085791404
0.952880274204342	0.431552307546464
0.972850089209295	0.437900699090178
0.0207849854218936	0.457511598213073
0.0503179385154399	0.466572199848005
0.0798659703376119	0.463777007324441
0.0983708034765039	0.460306418983166
0.129443992058005	0.459003171284523
0.155267831958341	0.459295546138115
0.181935843782161	0.457425730655542
0.203166780562469	0.462842650369501
0.228383538616918	0.45958253191762
0.251858603824782	0.460080979594952
0.286606440137624	0.459169501635396
0.308583115431554	0.4641601055469
0.337552555687936	0.460837399314588
0.354324013144342	0.457969604526858
0.382356863529841	0.46313707100307
0.41287531323221	0.464317581619568
0.441003355358889	0.462254648457625
0.461763524458618	0.459960901401406
0.487375749988421	0.458994349379632
0.516553383306227	0.464707159394162
0.533538270210173	0.459290133423078
0.568915849794772	0.458217449454146
0.591687759281012	0.458769956219844
0.611533527879982	0.460709829009732
0.636999403183725	0.465704615026674
0.669418993116859	0.459077537407514
0.690275222825946	0.461787354095498
0.713068597245985	0.463047669749436
0.746029390340147	0.462222844551075
0.77012390073051	0.466474225433215
0.799519162513696	0.460786250352635
0.824518791505958	0.464857766204124
0.841137751501774	0.458223002826606
0.867756890582656	0.460943368140367
0.892397482012688	0.460551129822587
0.925453412798805	0.460253641080557
0.949513593451287	0.458025053562473
0.973392946905692	0.466542884513447
0.0262537133940249	0.487436432644648
0.0546917413916944	0.488485452104936
0.0741597672520607	0.48555717722468
0.101743611593644	0.490970109054406
0.132607563377582	0.488009383054824
0.154680269430283	0.488351377003527
0.180919457706859	0.484081706619742
0.207116627179205	0.483244185385544
0.226238776701533	0.487256139510815
0.254990558764322	0.485076588379453
0.278055365363651	0.485295431582033
0.304091665847364	0.491361323696002
0.332721945114244	0.48522326580213
0.362087490964199	0.48928704921339
0.388389176750604	0.491200324045726
0.407054092988496	0.486057406189599
0.439344574625875	0.486614811353225
0.458975542554353	0.492205711232915
0.48845977348882	0.490638633662245
0.516864042793856	0.490687904953285
0.54176356809194	0.483847036592933
0.566801662008109	0.485422666838087
0.594024607990486	0.491818286163385
0.614389850608282	0.484066230364211
0.63761500190551	0.485364423165101
0.668428403116857	0.486997624713008
0.69143300574899	0.483672365417698
0.720194804849737	0.482972730754081
0.740557558738568	0.48308868591418
0.766486946185517	0.489909346085615
0.790003668374351	0.485180037570556
0.818375382216574	0.489004440948974
0.843901638875253	0.489377457600297
0.86945301798378	0.489884566679585
0.900865398398154	0.485550844179838
0.918544255090803	0.484735842865768
0.950064597263897	0.489642917231084
0.978868690809665	0.487316415641466
0.0286690619877435	0.512561153254726
0.0550284857955313	0.515737421880465
0.076249716608125	0.51753243327583
0.101300875369461	0.516818258577792
0.127152060459202	0.517032738829486
0.155002771513391	0.511934232952068
0.181579333349194	0.516674261190396
0.209273120043747	0.513422421183831
0.235553903375691	0.512062288911924
0.253693901540416	0.507841540660153
0.285416441541617	0.510420763642811
0.312063061912258	0.509462074334582
0.335334725558869	0.512077803564691
0.354331637032363	0.512175677587554
0.385656483931075	0.511868489935797
0.405714057357144	0.510136326788185
0.440388358710041	0.517937894260225
0.457734426345711	0.512542102566456
0.486870519645534	0.517533384142412
0.515901424028477	0.5166554623991
0.53585618168041	0.512397598034291
0.564398891361251	0.508782422292499
0.586070791854333	0.515404952192783
0.617383723717504	0.516272667998857
0.636624984979032	0.516809326177925
0.66384496374146	0.511479713360144
0.689221569161763	0.515648124781171
0.721754227648716	0.515580155392668
0.739930520674085	0.511683453302004
0.768461569319413	0.509174021927206
0.796992728746895	0.517204131203791
0.818439111572597	0.514384599733392
0.849031435682948	0.51741621473644
0.873553169325793	0.517108256366281
0.893772591460028	0.507841167649661
0.927678408616084	0.509154131949796
0.948848862021698	0.511102221501841
0.974236670928906	0.512941122926258
0.021034532900053	0.534234176764158
0.051262172342247	0.534063025532274
0.0748400787935609	0.535348752294877
0.105905677273656	0.535316755104418
0.127158307851555	0.537505246239655
0.153747470165897	0.541766013448867
0.177304749394479	0.543272720441263
0.205374534130861	0.538151852646742
0.232239031439635	0.533664508786726
0.253344214951844	0.533418657098413
0.28300771090611	0.538153766618591
0.306961441809152	0.537046370463495
0.330995298490287	0.543128509527133
0.354914290513626	0.53908272979562
0.384056847560541	0.535925467142052
0.406154279796284	0.533479731008416
0.435306858082716	0.534155276725124
0.459984849426286	0.543491452290772
0.492195277786663	0.538796783285566
0.515587525597301	0.533645510046362
0.539280452615996	0.534756272482383
0.564159363817264	0.537164251715455
0.586564406203847	0.536837116893057
0.620074823959183	0.541627521563959
0.638407844389763	0.536971117887602
0.662670745691656	0.541700176705377
0.690845379345303	0.540097646000131
0.721312161392781	0.533779822920204
0.746312266443553	0.54172243156143
0.766000925684114	0.542663853468616
0.79832147504589	0.536440637449743
0.822027868220833	0.534387464662328
0.845842520165734	0.539296681071977
0.875577686314763	0.541313549121859
0.892563268653444	0.542722000971735
0.92045222081757	0.535594948308135
0.952518616087068	0.540389651128362
0.970298232800683	0.542841213603167
0.0233784224282742	0.561287183795526
0.0469930830940424	0.565301339988897
0.0817513346923865	0.564092922314424
0.104735913564573	0.568853965757144
0.131158197414414	0.560759350184263
0.151896096851091	0.56088041912755
0.181698000809072	0.560897103853642
0.204081281171248	0.565663630612827
0.228861905951048	0.565844682886624
0.258447886853959	0.566710839444632
0.286496695432255	0.561099361449268
0.304881702005235	0.566320758543744
0.332858769649265	0.559206086254241
0.359442627893645	0.560239899725533
0.386492098917455	0.563453943052682
0.408796757523934	0.566249147610064
0.438786677948934	0.568034683863573
0.463127966314285	0.567990087313546
0.487346978754408	0.565278761174326
0.513169605389644	0.559496768114286
0.541691333613316	0.559531023743526
0.566191594719932	0.563507277053283
0.586596068301012	0.567337907180476
0.611265930597039	0.559542042196742
0.635984112889311	0.560786858042533
0.662070115315608	0.565597988028341
0.692632973549594	0.56345742665811
0.720093909546224	0.564003926810778
0.746931175907752	0.562751437434054
0.773030293962897	0.568812960173018
0.793431405279175	0.566592273332194
0.817467301290024	0.567337046894576
0.84417206538014	0.560803160045565
0.872572925316619	0.562766184973746
0.897056844898456	0.56557903400215
0.923545255238455	0.565071741466144
0.944435618877928	0.568109105175945
0.973566058721995	0.567889321365542
0.021309445869747	0.590310962096048
0.0558733802003196	0.593184644246318
0.0762918218614858	0.594680840751314
0.100130672104255	0.590163341622343
0.12862561359445	0.589765288857913
0.151210843384263	0.587699337062158
0.176012023845151	0.589350420171571
0.202081053538516	0.591810303462609
0.232592981434857	0.587875433986414
0.25628691652893	0.588542627800086
0.2848114611369	0.594850228144257
0.303142004352451	0.588774579430177
0.329628153437943	0.59432920471932
0.363805093683698	0.591189097084092
0.38502954174613	0.590277679589145
0.411492450314634	0.591972013222547
0.431966754893081	0.588358803456902
0.465703317698743	0.585093637100033
0.483695840068414	0.588207327008741
0.51737411777296	0.584647698986699
0.537112871410105	0.588622987822063
0.567927259789294	0.5920563024421
0.591631323815637	0.588145852417827
0.617092341766503	0.587266703868395
0.643512830620932	0.586031130861748
0.669738311278741	0.594206438233556
0.696725794187719	0.585877491089312
0.718766398037187	0.587295767767427
0.745516566815454	0.593039463440593
0.7655174550294	0.589894320279641
0.793281136598193	0.589471891298689
0.822312826305971	0.585167612449196
0.846518626749059	0.589734761358686
0.870929397827986	0.589709402791864
0.892429908114901	0.592968078954009
0.923304460850922	0.594487631512441
0.950805863352346	0.589200112741052
0.971851058644871	0.585338733441512
0.0267349622850574	0.618778691827419
0.0521598391499111	0.62019973050005
0.0808742518710192	0.615398394257077
0.100745823636491	0.614882854538541
0.123223166188447	0.619998205853084
0.157450276838837	0.61197229521668
0.178651792923956	0.617297476024938
0.202366251800341	0.611070295992266
0.230692267314166	0.616501879754137
0.252153380004807	0.614588112284847
0.282373601977293	0.61065845230402
0.307839172633136	0.612318182596138
0.331344850395117	0.614694330886618
0.359813229154623	0.618205179358771
0.388974169826476	0.61392343703003
0.40915635962615	0.620509194948106
0.439789660788976	0.618383206538228
0.458729896961249	0.620063814964719
0.482463691816053	0.617985899746403
0.509253602751024	0.614508496792125
0.538208880535416	0.611008532725523
0.561036257460615	0.614827527193626
0.588099718183801	0.616854471815276
0.613086882875807	0.611237528322263
0.640319251650409	0.611464881589139
0.670961335156323	0.611968984816237
0.690874935239199	0.619800670347809
0.713938354963809	0.611306823656959
0.74084035239107	0.611734224033661
0.768380856334861	0.612110239150249
0.79224371044942	0.614143632559057
0.823941042723951	0.619421257563923
0.842412512841318	0.611126514648192
0.871978607618603	0.618245699432359
0.899454031950487	0.612287945096855
0.925088661782817	0.614693738359991
0.943837619093368	0.618557606900238
0.97249507970632	0.612489216564993
0.0247202395223138	0.641704471657494
0.0561884203719657	0.638323382197181
0.0735356304525852	0.64375575690746
0.0976589693447295	0.63619705500948
0.132585430650191	0.640221122051217
0.156542792609057	0.64073105611274
0.176376297658439	0.643099848384654
0.205319464159247	0.643707819199136
0.235804275049885	0.638417018950818
0.261214105906597	0.643447746712003
0.286302406825928	0.636463074548852
0.304476189495934	0.63776276072653
0.331890271439001	0.646108354589448
0.362621725943269	0.637300461648665
0.384123766465301	0.639341862561711
0.406513954525646	0.643285772657059
0.435404004160074	0.642277380727261
0.464250141694985	0.641053487847056
0.490027759886289	0.641263230998134
0.51672267305368	0.638494902386424
0.53883659588168	0.643527853008633
0.569173797683298	0.644028587992063
0.587360126218946	0.636476980980973
0.615531153252929	0.637949487014807
0.640974451178278	0.636923244854893
0.667350355822941	0.63606508972357
0.695130251120783	0.642661741758289
0.712896748968401	0.637696739022034
0.742435625637685	0.645691035044234
0.772111342954214	0.640057525470532
0.793079562518939	0.638595246184075
0.819722460684209	0.63798625432992
0.848390007935726	0.63691859113311
0.86821761144783	0.640037671951369
0.901328898883625	0.639745519928606
0.91865949644987	0.6359799546372
0.944117964579098	0.646143356437152
0.97417010909758	0.64518424418678
0.02618987182489	0.664811570756314
0.049266348915637	0.662686558143816
0.0730829848820925	0.670152591332899
0.10240358217962	0.670511248703138
0.125223465569937	0.66905583571987
0.158247958329806	0.664590626772122
0.174479293980256	0.670032936352806
0.208721006463867	0.668366452625474
0.227421373870207	0.662647813608014
0.255242930666913	0.666160689267506
0.278467789426574	0.668868607805685
0.306390091685681	0.671338200801079
0.334353727404018	0.666076046003362
0.360529713026698	0.669760365658348
0.380276179635066	0.665073625675988
0.406245311135747	0.66966777725627
0.431962999106412	0.669188619540367
0.462113649368944	0.664754799633812
0.485531180704741	0.662480381007195
0.511425076104817	0.665009881191986
0.537684636618268	0.665019631800483
0.568365868110537	0.66616266669529
0.594097698237739	0.665233306763925
0.617214721202075	0.663502511796487
0.638189403456917	0.661615537444823
0.66386563845498	0.664868549892625
0.687794424626784	0.661999701146674
0.715458450289631	0.671532984490969
0.740064011309393	0.661555570659159
0.773113586185771	0.662665568141893
0.793939810635468	0.66894524882183
0.824374175689289	0.66557954346088
0.848679229327678	0.664169349880231
0.868713798327547	0.671738458332606
0.896920288418646	0.668179776427327
0.926337523181577	0.66941467040321
0.948416759568752	0.666629223555409
0.970588317303845	0.670284277323444
0.0274253833964658	0.694112340670757
0.0506752585410378	0.695903802302667
0.0818248671324272	0.69024142349496
0.0986575568335469	0.690643703910277
0.132400326035066	0.697147696106232
0.15362813685419	0.695421532206201
0.17650626573652	0.69101087220298
0.209780559447601	0.693474716185783
0.232243570108801	0.691195974560499
0.257476222420294	0.691414989038351
0.279510247504907	0.689078739293973
0.308189040961763	0.691092352838418
0.330270134694704	0.694001178854848
0.359211998188374	0.691087950201775
0.388690037710876	0.68954797770172
0.405938859541249	0.693562918143191
0.435886256268216	0.690942891415202
0.460447890411536	0.68746253707451
0.490994926020344	0.693756881496179
0.50793320049974	0.692501298140768
0.537703815528892	0.694566793859824
0.565772730032097	0.688407888485883
0.587211726369025	0.689867709740624
0.615951586664512	0.689416913091781
0.642976668308855	0.688594098630087
0.663243715392049	0.693840653549368
0.695386221751578	0.695073311131031
0.71283383630969	0.688747029648372
0.746575562057555	0.696686120536132
0.768388613936961	0.693525171335204
0.796185440238399	0.688351551725869
0.824455357225486	0.69398979360174
0.8479105982746	0.691037246005531
0.869001890816341	0.687530833510123
0.900763093473216	0.695321650955406
0.927998306300678	0.691520406608872
0.948253187144994	0.694222164264039
0.975084614074225	0.694954046315294
0.028115292510309	0.713859385088166
0.0466930666660743	0.715125192158528
0.0795291108549028	0.713675585125998
0.0979372667714147	0.72254304476819
0.129161545568129	0.720824744543003
0.158853248127685	0.715061264718686
0.175746210390425	0.722680592676273
0.206971897991851	0.721425149126998
0.229230227886885	0.713786901041514
0.251496506695345	0.71395564540124
0.28253758294286	0.712915500257205
0.304091122319478	0.715969614033327
0.336670349690006	0.713507211827021
0.362881948876958	0.717885284863664
0.384413786032596	0.71950164357433
0.411397262907025	0.715791471511238
0.43792707485244	0.718784350891345
0.462775841467653	0.72260488754747
0.484106542109687	0.716947257761276
0.514366620639522	0.721161688240106
0.536360074210215	0.72018177157773
0.560956491873324	0.72144226880494
0.589263445455968	0.719510818138181
0.613633887568441	0.71941823052412
0.639312987833677	0.713854539404201
0.665824126059866	0.721656663584036
0.687937839710458	0.713254179441636
0.722694812894731	0.716331130626709
0.747505875658702	0.718965714870585
0.764242217323266	0.713031932303352
0.798869422757025	0.716084321585981
0.818034496257088	0.713861902809359
0.841167009147946	0.718512573842335
0.873142394113095	0.721336482379597
0.897817132524343	0.717573932956119
0.922848937764741	0.714015264436209
0.945026252744925	0.712883296295593
0.973822920461471	0.71405785134017
0.0231777020391375	0.745250686556878
0.0472405645757643	0.739505775867209
0.0772602064732061	0.742418864594824
0.0980804895873403	0.740829143297585
0.123824408518172	0.746002729189884
0.152959534020092	0.741381086169892
0.178020311063864	0.740231844227123
0.201158092288113	0.746464215474454
0.233809882081508	0.74512491712644
0.261360302162146	0.745950809625842
0.280957322767589	0.738734965296351
0.31268620912144	0.747225323412262
0.334930623148862	0.743943171609081
0.358965683853536	0.74781226297251
0.38091060861174	0.746782286852235
0.408237112974384	0.74464222970275
0.43467923686951	0.742584661580446
0.465993680429079	0.745846555578151
0.48416245905581	0.740226160945641
0.513014578877599	0.743982887623033
0.54236534147972	0.7390876307936
0.561953041415122	0.744114177053099
0.587325911526312	0.74688052149068
0.61113243524484	0.740438751118978
0.642906028733772	0.739221830959544
0.670392399228857	0.742369274156164
0.692172372937354	0.743840781210358
0.714374357977758	0.739894031714562
0.740926421038989	0.747794119489394
0.773379104604321	0.745551117238971
0.793307947928426	0.74695803135596
0.819030124362708	0.742997565607225
0.842753257059226	0.745864478205857
0.873062451223421	0.746625688702895
0.897873726209929	0.748354367211742
0.920350013121649	0.74118756244932
0.946955879164135	0.738806999321969
0.978547475267989	0.741953672998182
0.0295917661631939	0.764890677973089
0.0556292348613462	0.766969144734534
0.0751462896063409	0.773852219576125
0.103352865736132	0.767333629307589
0.123437355740293	0.772859029617467
0.153787740467146	0.767978560336263
0.176548481982855	0.766761230951406
0.205546599226671	0.767208858293138
0.22716516020486	0.768130540733549
0.25620193263541	0.772596116244986
0.284765507115994	0.765834945577078
0.312783118002981	0.764820503288189
0.336670713829607	0.772819475270293
0.359246063932831	0.767698762162182
0.384070235567026	0.768820933404492
0.414180298612262	0.764485268334593
0.431031672777964	0.76718882296221
0.466045342558405	0.773623393399645
0.484835070827336	0.765839205273293
0.517434010364092	0.770155491582545
0.536605429098085	0.773881055809447
0.569186169196387	0.773197304652119
0.593040085183516	0.767040392496296
0.6127575666289	0.768486309313658
0.642776425826378	0.765320655105747
0.662884339667436	0.770190701098494
0.693617632091567	0.769095183606794
0.713124373616227	0.764220510544459
0.748464485496661	0.773088175696998
0.764373518213438	0.767625873687614
0.790699958834155	0.77431707842939
0.823664606094403	0.764826946103451
0.843595196707359	0.769298367495707
0.867574678611741	0.765360471080047
0.892823715157031	0.765140348195182
0.926076678156059	0.772758860434832
0.945888985707619	0.765644085398543
0.969909138363344	0.764713350348118
0.0276178907446687	0.793278428682554
0.0465749198633368	0.794892072622212
0.0747090953383425	0.793795551828694
0.0990310466869677	0.796683972048521
0.12619641584754	0.799171808846089
0.15076781600263	0.798622343612811
0.174504914160994	0.796264234345529
0.206736993132514	0.795976632096741
0.232487014369235	0.790945366168195
0.254652866941889	0.792222360816398
0.284312349717787	0.799183774662809
0.30470328439126	0.792850530598806
0.330899452299	0.799601220960805
0.355993645004968	0.794092971518501
0.38895863671012	0.7925264508485
0.412380708920481	0.794477462952293
0.440439678611088	0.799229899475522
0.465894736841236	0.79279146733454
0.482734365587653	0.791969207380532
0.508299711503933	0.794147070144121
0.535055291522891	0.799457277426365
0.567662939101268	0.790035715919284
0.585090393764293	0.797040334021578
0.619268101663297	0.791830644072216
0.638804100359529	0.790831045215266
0.663944951402608	0.790999316872055
0.688448007152496	0.797729166351382
0.720210214852161	0.796442530855576
0.74596272851614	0.795034036697963
0.766230928184909	0.792001817966034
0.793925564439623	0.793883816109641
0.817919607826688	0.797792164816251
0.850330581343657	0.796166728581489
0.870365664879408	0.794567025286522
0.89626885617505	0.794280373115151
0.923550893118884	0.799649523352755
0.950464569453189	0.799354174699701
0.978279057846777	0.794443536409423
0.0210429951178439	0.817480610762397
0.0473134667806624	0.821033270516772
0.0740643278137108	0.818242279367682
0.100204944783074	0.823330423499635
0.131717228701546	0.823060403516432
0.149959408812581	0.815939619904077
0.179723872333331	0.816938328043869
0.200353053803125	0.820108183959923
0.226788800785156	0.81953169281074
0.256549388191135	0.817174261460508
0.284526474067811	0.815434037256899
0.312748535228594	0.819590006491458
0.329741865984836	0.819471529120311
0.357202314468267	0.817326245801489
0.386699705772655	0.815533004666532
0.414250259585322	0.818577872178653
0.434831163994291	0.816680285209403
0.456628743389346	0.818263807609948
0.485600909264373	0.824822374350547
0.510583289991533	0.825494114858743
0.543552581916722	0.82235358643414
0.565837107024341	0.822581044962663
0.58616133562752	0.819662798957603
0.610604136661067	0.816241786414968
0.636398037840566	0.819958277984343
0.666128298089242	0.821574284690259
0.695276347887354	0.820846687985943
0.714122846634316	0.817872407755075
0.740798784761363	0.816175088985445
0.769723977173277	0.819805772643946
0.79913885626869	0.817669155070927
0.823168689851426	0.819868202647366
0.848126107877334	0.818661865719148
0.871990188010799	0.82189087386264
0.902476154286733	0.820475212427741
0.918295961854138	0.816415070825635
0.950265787968305	0.819987044347566
0.972295512955894	0.823111048856898
0.0215770884282123	0.850964597038202
0.0535570156352032	0.843527492819428
0.07598489264568	0.847067862617278
0.103076212689731	0.844033415410069
0.131826037147182	0.847968338327401
0.154400768173806	0.843187087941804
0.183123595357487	0.843752590746239
0.204598850299223	0.846524613407989
0.235069711195364	0.844546972523018
0.251752376512217	0.848169035512883
0.280204812360062	0.844837112289442
0.309541845086224	0.845904669290942
0.334443866651179	0.84915902554352
0.363290849938702	0.850392156789929
0.381920177384152	0.84465970924959
0.411286778280315	0.849687629735463
0.433751267407772	0.841378841886472
0.461052033375893	0.846406412344538
0.491406449259237	0.849715028178755
0.513689647578895	0.847519525462151
0.534812770595424	0.846294110455937
0.559263970360737	0.843728121739413
0.593108849470709	0.84435185704038
0.614859120155945	0.847262887469788
0.639382173569863	0.848393222791377
0.662168797643646	0.843687065639356
0.6927234848359	0.84470798362731
0.717371936423423	0.846889128389424
0.742739437284622	0.84797247704485
0.768388340888751	0.843484223269006
0.791954648788468	0.842268398497165
0.820157757622553	0.84770068550329
0.844822492948685	0.845423859519486
0.86720983817027	0.841450216272115
0.899284712839389	0.847277264375086
0.919008520523715	0.849354785624036
0.947233519991658	0.850121718038795
0.977923173795613	0.848576179798738
0.0213156882348094	0.872843475279451
0.0513484790953628	0.867970737403628
0.0730330743907357	0.876828363475499
0.107470219091791	0.870543035895136
0.123188560603244	0.867814265178046
0.152459817821374	0.876490992858969
0.177949737266304	0.872415734559343
0.202272302746019	0.866741865282296
0.231880877058773	0.869312321074837
0.251623531964746	0.875316811697079
0.284401957324401	0.872245078826075
0.309278755832794	0.873450787194937
0.332161781336191	0.874391353716751
0.355634552328482	0.870454609149181
0.388492060536564	0.872268678042175
0.408967723125605	0.870130742659951
0.431702541030833	0.869307015192776
0.457376920551478	0.868856910474588
0.49000148933167	0.86991867324798
0.511090547462209	0.8749227389664
0.535171460970119	0.875619880373774
0.56479854868935	0.871218259000265
0.5943282242804	0.870733824465922
0.611505631259044	0.875915054087127
0.638503995468659	0.875828454472886
0.671637594975327	0.876096664627178
0.688201337105382	0.866685388930589
0.716724640339725	0.875103761603481
0.745931487030804	0.873803220270894
0.770053537757044	0.873937062667021
0.791351140444041	0.871338267184443
0.825060272425495	0.867973982543883
0.841151575849305	0.868480662193896
0.870711886218084	0.867058471285814
0.896346363816177	0.876402385193192
0.920273726076609	0.86946834927983
0.946590127113034	0.876415733739068
0.975598208604801	0.874644741506801
0.0261175275994824	0.900418179886777
0.0474816554018272	0.90141343257913
0.0769134060826666	0.900656967708686
0.103335743784838	0.8989896481392
0.126535286103644	0.894008297485744
0.158886497519471	0.900414306318505
0.179504256996312	0.898572346129961
0.209941482728022	0.893034193604923
0.22572195646792	0.900842571917737
0.258056104459385	0.893751266845135
0.278597428098973	0.896058040691657
0.305064404370897	0.901829483122442
0.333927714575126	0.899535458510872
0.361312434771218	0.896444235694665
0.386492001065018	0.894242255238275
0.405849376157225	0.893440501067395
0.44024962604111	0.895896014305792
0.457592090769035	0.897647200213471
0.489470899759923	0.893039077184055
0.511019877257007	0.897512843766933
0.53460215626612	0.893270603361438
0.560744262659718	0.894648594462432
0.588469049761114	0.90064092745024
0.620260994503611	0.898670827124883
0.642054882005498	0.901098123388345
0.666412208240781	0.898043627329359
0.688468933287345	0.897995350196897
0.714136522599925	0.900172015832998
0.739106879972035	0.892637776212183
0.770877935045366	0.902087878636851
0.799712646760287	0.893978041205789
0.818182626235061	0.900999155271868
0.847386745607091	0.89416015771455
0.876509567664507	0.900091889090374
0.893250724864719	0.899372057804616
0.921160039149406	0.90165057187459
0.949049134200691	0.898035796343906
0.972384969940938	0.894316354720113
0.0212250872513645	0.925063100792394
0.0516643972529334	0.922872473551107
0.0725287337059135	0.925942134483412
0.10668296000607	0.922672004665279
0.126757757284391	0.926445248915813
0.156482235679686	0.927512397000991
0.177727922405316	0.927854107483173
0.207380136299993	0.922513986521893
0.225735761687057	0.92794850653212
0.257922503616364	0.919583889774557
0.27908130929941	0.924664345440672
0.311352935803937	0.925925134131457
0.329737272235415	0.920469022523156
0.359336936264414	0.927510294880604
0.38092514737612	0.924133616241995
0.411351993899058	0.923742680114419
0.438039188856107	0.92569352943669
0.458948347803669	0.918764508636731
0.489085442875539	0.923188039526855
0.516950826774046	0.923726299208909
0.539758698220569	0.924210821559196
0.560391047615761	0.919226580381541
0.589534632783268	0.927014276859299
0.612667283753268	0.921281974482502
0.645289742384874	0.925645119891492
0.668264383404469	0.921016932093232
0.691348332953693	0.920361254214451
0.71356400058498	0.926231086534441
0.741197715107464	0.923763968652116
0.772805242416559	0.919848606485715
0.799009608007925	0.924353901049592
0.821346431456602	0.920470432585023
0.842190009856376	0.923767038837099
0.869537758071738	0.92379039752724
0.896776924295604	0.922704942755675
0.919868484788296	0.924804449079796
0.950592702320885	0.926367523579407
0.974485205568867	0.921404277232294
0.0211608285166192	0.94773421014033
0.0518217085160735	0.949734618900057
0.0754474242432723	0.951792619191302
0.0977254857812892	0.944870180140089
0.127070092821663	0.944685639168257
0.1560187673007	0.943995212437157
0.176728911647293	0.949972501151671
0.202403743603122	0.952693031003045
0.230642502158954	0.943664497011613
0.25590502538441	0.943955868886569
0.286283782484788	0.948428032054132
0.310102469188516	0.952056960603845
0.334476105807734	0.953568761349716
0.358798362466537	0.9503962917254
0.388563860530338	0.952746184570941
0.414568253884739	0.949209665602623
0.435891868973471	0.945115443779698
0.464504655342192	0.951323380656019
0.487241650290375	0.949976568517798
0.516449583036697	0.94965210829456
0.540254012217302	0.943607817273644
0.568046220109286	0.952539376758068
0.585618884951053	0.949291261484333
0.619254759361438	0.949756517740735
0.644494763535408	0.946642159518063
0.661805201929206	0.9506902414078
0.695726910055789	0.953065926591052
0.715131397256643	0.950412637965361
0.739041842070311	0.949198758818744
0.768458595445065	0.952013065257963
0.796452146287543	0.949630890450669
0.817841969348506	0.945449657458326
0.846484628848427	0.953022909680742
0.867521406681102	0.94522934579062
0.892595088867399	0.944756845582904
0.925500638905399	0.944561313256933
0.949892787285691	0.951403383037934
0.974823614097711	0.948170232565431
0.0243982430205607	0.972811166907921
0.0483257430027976	0.970555727292057
0.0780336734280386	0.970374876589274
0.0983426469376796	0.978072196048999
0.124922945570435	0.974259723588255
0.153884667472594	0.978443008272231
0.18336742337363	0.97633913576009
0.203737367204762	0.974437954664169
0.235176410896578	0.975075974093413
0.256816736599027	0.974634536726747
0.282382332242806	0.974211140455509
0.312008284206695	0.979149016912698
0.328521662484935	0.975188828831477
0.361580493613511	0.972111272060205
0.385067198329266	0.974271424234138
0.414789901602339	0.96990051785333
0.43227162916619	0.976462222337157
0.460886069054432	0.972581333035313
0.488314681798437	0.975486670408868
0.515851939168105	0.975341053428205
0.535228056316988	0.97352282764388
0.5683122028341	0.97503003335498
0.587291208970725	0.978112620350076
0.613943164823693	0.976717135563413
0.64214676027927	0.978215997058175
0.666144360565658	0.977752048267275
0.691519649697656	0.97009289795725
0.719960962249743	0.971662680168479
0.74022188289082	0.978163726373356
0.770005404922801	0.972841404288785
0.796634697429061	0.972815626383381
0.816118651869219	0.976832004076133
0.851029345072785	0.97450330200046
0.868667318583575	0.97670351525378
0.898620268690517	0.97858451367411
0.918109937859271	0.976234880685779
0.948730815465622	0.972500904351461
0.969477139959436	0.975299845512824
