5.163696e-04	1.936229e-13	
5.163696e-04	4.818368e-14	
5.163696e-04	1.931788e-14	
5.163696e-04	8.118173e-12	
4.381721e-04	1.939560e-12	
3.962385e-04	5.418999e-12	
4.132165e-04	1.342926e-12	
5.163696e-04	2.886802e-12	
5.163696e-04	2.869927e-13	
5.163696e-04	1.763556e-11	
5.163696e-04	1.322720e-12	
3.762922e-04	1.107114e-11	
5.163696e-04	1.053602e-12	
3.828358e-04	9.236611e-12	
5.133121e-04	2.268297e-12	
5.163696e-04	1.236788e-12	
5.163696e-04	1.356248e-12	
5.163696e-04	6.895151e-12	
3.830076e-04	3.712808e-12	
4.631119e-04	1.526779e-12	
5.163696e-04	1.522227e-11	
4.627401e-04	5.016321e-12	
4.214950e-04	2.079970e-11	
4.543920e-04	2.136069e-13	
4.599719e-04	6.674661e-12	
4.011730e-04	1.745548e-11	
4.891907e-04	2.143175e-12	
4.175649e-04	1.349143e-12	
5.163696e-04	2.814415e-13	
5.163696e-04	1.947797e-11	
5.163696e-04	9.108270e-13	
3.973617e-04	6.381673e-12	
5.163696e-04	5.002443e-12	
5.163696e-04	1.072475e-12	
5.163696e-04	4.739209e-12	
4.015498e-04	5.959677e-13	
4.997864e-04	1.680878e-12	
4.611438e-04	1.532108e-14	
4.854276e-04	2.908784e-14	
5.163696e-04	2.275957e-14	
5.163696e-04	7.725154e-12	
5.163696e-04	8.205285e-12	
5.163696e-04	2.007234e-12	
3.935860e-04	7.566676e-14	
5.134547e-04	1.696595e-14	
5.163696e-04	1.042923e-14	
5.163696e-04	1.571589e-14	
4.463379e-04	7.830163e-16	
5.163696e-04	4.653634e-15	
5.163696e-04	5.066840e-15	
4.588743e-04	1.166095e-15	
5.163696e-04	4.165786e-15	
5.163696e-04	8.530090e-16	
5.163696e-04	3.244393e-16	
4.219106e-04	1.244587e-15	
5.163696e-04	1.954899e-15	
5.163696e-04	1.464254e-15	
5.163696e-04	1.435743e-15	
5.163696e-04	1.275522e-15	
5.163696e-04	8.448876e-16	
5.000397e-04	2.534663e-15	
5.163696e-04	1.133797e-15	
5.163696e-04	1.722892e-15	
5.163696e-04	1.464254e-16	
5.163696e-04	1.353391e-15	
5.163696e-04	4.667201e-16	
5.141815e-04	6.488787e-16	
5.163696e-04	0	
5.015644e-04	3.622423e-16	
4.404393e-04	1.166095e-15	
4.197116e-04	8.444734e-16	
3.807189e-04	3.490225e-16	
4.422647e-04	5.220109e-16	
4.495611e-04	2.993503e-16	
4.535616e-04	0	
5.163696e-04	4.350244e-16	
5.163696e-04	8.977413e-15	
5.163696e-04	2.716479e-13	
5.163696e-04	5.611828e-13	
5.163696e-04	7.991829e-12	
4.230733e-04	8.051337e-13	
5.044665e-04	4.025669e-13	
4.700009e-04	9.430234e-13	
5.163696e-04	2.061684e-12	
5.163696e-04	7.733814e-13	
5.163696e-04	6.562528e-13	
5.163696e-04	1.846967e-12	
4.725646e-04	2.435052e-12	
4.927376e-04	1.433187e-12	
5.163696e-04	7.256640e-12	
5.163696e-04	5.605072e-12	
5.163696e-04	5.783707e-12	
4.913698e-04	5.878187e-12	
5.163696e-04	4.876322e-12	
4.741483e-04	1.532798e-10	
5.163696e-04	1.451728e-12	
4.254067e-04	1.024869e-11	
4.362277e-04	8.175904e-12	
5.163696e-04	2.501599e-11	
4.290268e-04	1.601985e-11	
5.163696e-04	8.280043e-13	
5.163696e-04	2.232192e-11	
4.477027e-04	1.438971e-11	
5.163696e-04	7.476131e-12	
5.163696e-04	2.649814e-11	
5.163696e-04	1.473099e-11	
4.983801e-04	1.948219e-12	
4.235184e-04	1.606426e-11	
4.395808e-04	1.252398e-11	
4.766853e-04	1.943357e-11	
4.446296e-04	1.887424e-11	
4.568213e-04	5.641043e-12	
5.163696e-04	6.182999e-11	
5.163696e-04	3.232969e-12	
4.864189e-04	8.417800e-11	
3.833805e-04	2.934120e-11	
5.163696e-04	1.606848e-11	
5.053826e-04	4.959921e-11	
5.163696e-04	3.907985e-13	
5.020442e-04	1.114664e-13	
5.163696e-04	3.420708e-12	
4.644821e-04	1.482370e-12	
5.163696e-04	6.018519e-12	
5.163696e-04	4.310996e-12	
5.163696e-04	8.626655e-12	
4.777921e-04	4.097833e-13	
4.382115e-04	1.763523e-11	
4.729888e-04	6.086243e-13	
5.121577e-04	8.537393e-12	
4.727007e-04	7.694290e-12	
4.738854e-04	1.601830e-12	
5.163696e-04	6.830536e-12	
5.163696e-04	7.956302e-12	
4.679462e-04	2.207134e-11	
3.943535e-04	5.964407e-11	
5.163696e-04	6.933787e-12	
5.163696e-04	5.245138e-12	
5.163696e-04	4.881540e-12	
5.163696e-04	1.043254e-11	
5.163696e-04	6.642686e-12	
5.102471e-04	7.178702e-13	
4.093120e-04	6.837420e-12	
4.743666e-04	3.798706e-11	
3.874498e-04	1.709977e-11	
5.163696e-04	4.372058e-13	
4.283944e-04	4.195733e-11	
3.848053e-04	9.155787e-12	
4.603141e-04	1.432965e-11	
4.465099e-04	5.260814e-11	
5.163696e-04	5.009937e-11	
5.163696e-04	1.139067e-11	
4.990258e-04	2.591793e-11	
4.977929e-04	1.502098e-11	
5.163696e-04	6.206147e-13	
5.163696e-04	2.986500e-14	
4.199948e-04	3.769207e-12	
2.932822e-04	9.501625e-07	
4.590088e-04	3.361701e-06	
4.119808e-04	1.974353e-05	
3.528060e-04	8.634732e-06	
3.528060e-04	1.204673e-05	
4.132165e-04	4.531792e-06	
3.518604e-04	4.401404e-05	
4.710192e-04	5.491986e-06	
4.291353e-04	2.380071e-05	
4.291353e-04	5.040323e-05	
3.762922e-04	1.414160e-05	
4.040977e-04	1.744063e-04	
3.828358e-04	5.182685e-05	
3.041405e-04	3.444340e-05	
3.041405e-04	6.830081e-05	
4.047882e-04	2.835988e-05	
4.047882e-04	4.335198e-05	
2.894677e-04	1.406429e-05	
2.894677e-04	1.550714e-05	
3.848825e-04	7.126684e-05	
4.392747e-04	1.117105e-04	
3.129800e-04	2.809175e-05	
3.129800e-04	2.653456e-05	
4.599719e-04	2.719717e-05	
4.011730e-04	2.511374e-05	
4.353324e-04	7.490016e-05	
4.175649e-04	1.621479e-06	
4.446649e-04	7.110068e-05	
2.786126e-04	2.804176e-05	
4.215206e-04	3.601777e-05	
3.973617e-04	2.668322e-05	
4.864006e-04	3.240768e-05	
4.394776e-04	2.870250e-05	
3.222621e-04	1.361134e-05	
4.015498e-04	1.456071e-05	
4.335649e-04	1.031479e-05	
4.335649e-04	4.407090e-06	
4.648584e-04	8.372818e-06	
2.932822e-04	1.175213e-05	
2.833347e-04	7.780020e-06	
2.833347e-04	2.847391e-05	
4.549128e-04	1.017840e-05	
4.560967e-04	1.728911e-05	
3.700324e-04	1.789029e-05	
3.518604e-04	8.076452e-06	
3.170724e-04	1.775619e-05	
3.614898e-04	9.529275e-06	
3.723319e-04	3.607579e-05	
5.173813e-04	3.075382e-05	
4.147301e-04	4.628843e-05	
4.024055e-04	3.110877e-06	
5.119992e-04	2.117145e-05	
4.772313e-04	3.556146e-05	
4.217063e-04	1.387345e-05	
3.478042e-04	2.872427e-06	
3.478042e-04	4.068718e-05	
4.452590e-04	1.783824e-05	
3.848825e-04	6.867651e-06	
3.910084e-04	3.921306e-05	
4.632534e-04	1.449206e-05	
4.962282e-04	9.321015e-05	
3.266110e-04	5.350275e-05	
3.776383e-04	8.505948e-05	
4.082194e-04	9.141822e-05	
4.376392e-04	3.730588e-05	
3.306135e-04	3.404199e-05	
2.786126e-04	3.697018e-05	
3.402680e-04	6.690873e-06	
4.553591e-04	1.115627e-05	
4.864006e-04	2.987126e-05	
3.282414e-04	4.226859e-05	
3.222621e-04	2.735418e-05	
4.473897e-04	1.226704e-05	
3.754611e-04	3.694296e-05	
3.974734e-04	3.011053e-05	
3.974734e-04	2.248572e-05	
4.700009e-04	5.043221e-06	
5.053085e-04	1.646170e-05	
3.792101e-04	8.802071e-06	
4.237066e-04	3.433340e-05	
4.237066e-04	1.475644e-05	
4.736747e-04	4.388338e-06	
2.761204e-04	2.879017e-05	
2.761204e-04	1.678146e-05	
3.614898e-04	6.468354e-06	
4.223708e-04	2.606942e-05	
3.627006e-04	1.688205e-05	
3.465599e-04	1.866592e-05	
3.465599e-04	1.259189e-05	
5.119992e-04	3.336084e-06	
3.324996e-04	5.500935e-05	
3.324996e-04	1.853620e-05	
4.581434e-04	4.508563e-06	
3.720904e-04	3.520313e-05	
3.720904e-04	2.052390e-07	
4.807591e-04	1.226294e-05	
3.910084e-04	2.962387e-05	
4.056441e-04	8.203387e-06	
3.388550e-04	7.023839e-05	
3.266110e-04	6.013663e-05	
3.776383e-04	3.864936e-05	
3.918230e-04	4.533901e-05	
3.378685e-04	1.763546e-05	
3.306135e-04	5.240028e-05	
3.801669e-04	4.003656e-05	
3.402680e-04	3.599257e-05	
4.554365e-04	2.389475e-05	
4.792739e-04	3.084732e-05	
3.282414e-04	5.778968e-07	
3.192398e-04	1.730910e-06	
3.192398e-04	3.999599e-05	
3.754611e-04	5.094883e-05	
4.039862e-04	6.758627e-05	
5.306331e-04	3.050976e-05	
4.126705e-04	6.208780e-05	
4.126705e-04	6.626782e-05	
2.959806e-04	8.194175e-05	
2.959806e-04	2.074715e-05	
4.410275e-04	5.792450e-05	
3.254655e-04	1.307389e-05	
4.116690e-04	2.804690e-05	
3.738399e-04	2.611446e-05	
4.730872e-04	4.815373e-05	
3.645628e-04	2.484940e-05	
3.627006e-04	3.452622e-05	
3.355581e-04	1.880817e-06	
3.355581e-04	2.299305e-05	
5.175971e-04	1.332908e-05	
4.176806e-04	1.593074e-05	
4.966176e-04	6.386464e-06	
5.344946e-04	2.744451e-06	
3.007229e-04	5.380450e-05	
3.007229e-04	3.805684e-05	
3.288397e-04	3.184492e-05	
3.947696e-04	4.485877e-05	
4.626487e-04	7.796509e-05	
4.055510e-04	5.825686e-05	
4.149464e-04	4.102441e-05	
4.967376e-04	6.182075e-05	
3.918230e-04	4.852985e-05	
4.576646e-04	2.077277e-05	
4.412504e-04	4.812421e-05	
3.801669e-04	9.157697e-05	
2.783196e-04	5.330409e-06	
5.808170e-04	5.125151e-05	
4.113224e-04	3.717343e-05	
4.407372e-04	4.125912e-06	
3.533985e-04	3.142908e-05	
4.121716e-04	5.876185e-05	
4.121716e-04	7.132009e-05	
4.979113e-04	6.186942e-05	
4.644821e-04	1.297607e-05	
2.788257e-04	5.842556e-05	
2.878995e-04	8.713198e-05	
4.268116e-04	6.786255e-05	
3.268013e-04	2.029158e-05	
3.394057e-04	2.500652e-05	
3.254655e-04	3.932870e-05	
3.322626e-04	4.217621e-05	
3.738399e-04	8.324204e-05	
3.978188e-04	1.542887e-05	
4.309568e-04	3.152204e-05	
5.580192e-04	7.738399e-05	
2.907999e-04	6.002741e-05	
2.907999e-04	3.124678e-05	
4.200044e-04	3.303619e-05	
4.200044e-04	5.835352e-05	
4.253136e-04	3.221330e-05	
3.370005e-04	3.794800e-05	
3.432413e-04	6.363955e-05	
3.432413e-04	5.744899e-05	
3.288397e-04	2.633291e-05	
4.024654e-04	6.178088e-05	
4.024654e-04	2.319641e-05	
4.055510e-04	5.296146e-05	
2.594377e-04	2.109289e-05	
4.782005e-04	6.608337e-05	
5.264027e-04	6.629054e-05	
4.382564e-04	2.872497e-05	
4.382564e-04	8.602229e-05	
3.930235e-04	3.661343e-05	
2.783196e-04	4.658385e-05	
5.228694e-04	2.562884e-05	
3.758467e-04	7.390985e-05	
3.758467e-04	3.570539e-05	
3.533985e-04	2.444892e-05	
3.897926e-04	3.980359e-05	
4.394750e-04	6.208284e-05	
3.300508e-04	5.441520e-05	
3.300508e-04	8.084650e-05	
2.788257e-04	6.265006e-05	
2.878995e-04	4.993311e-05	
4.602700e-04	2.845364e-05	
4.289168e-04	2.139822e-05	
3.394057e-04	4.307502e-05	
4.927270e-04	2.898841e-05	
3.322626e-04	4.481465e-05	
3.582649e-04	3.685424e-05	
3.178156e-04	1.766959e-05	
3.178156e-04	1.157305e-05	
5.064910e-04	2.385544e-05	
3.520005e-04	4.959887e-05	
4.189959e-04	1.376122e-05	
2.867616e-04	2.033828e-05	
2.867616e-04	3.493912e-05	
3.796875e-04	9.454387e-06	
3.370005e-04	1.946570e-05	
3.781520e-04	5.739564e-05	
4.005857e-04	4.440773e-05	
4.403513e-04	6.599807e-05	
4.558753e-04	6.699645e-05	
4.727530e-04	4.926239e-05	
4.838194e-04	1.157600e-05	
2.594377e-04	3.241206e-05	
5.378025e-04	4.193550e-05	
3.103072e-04	4.537072e-05	
2.826002e-04	6.063537e-05	
5.303038e-04	5.732041e-05	
3.876662e-04	4.610215e-05	
3.876662e-04	4.692903e-05	
3.105479e-04	4.637534e-05	
4.829662e-04	8.581119e-05	
3.522659e-04	5.776956e-05	
4.320096e-04	3.886184e-05	
3.897926e-04	5.378948e-05	
2.849464e-04	7.905696e-05	
2.849464e-04	4.934605e-05	
2.646626e-04	3.715682e-05	
4.166065e-04	8.032629e-05	
3.667489e-04	7.465413e-05	
4.175456e-04	8.246443e-05	
4.455838e-04	3.080746e-05	
4.574713e-04	4.909817e-05	
4.104495e-04	5.320220e-05	
4.104495e-04	4.188508e-05	
3.885586e-04	2.534678e-05	
3.885586e-04	3.083468e-05	
3.643493e-04	2.927049e-05	
4.631533e-04	4.041676e-05	
4.631533e-04	4.869215e-05	
4.875958e-04	3.663925e-05	
5.120129e-04	3.488857e-05	
4.420787e-04	4.533359e-05	
3.796875e-04	4.679077e-05	
4.208848e-04	2.932720e-05	
4.930505e-04	5.197895e-05	
4.005857e-04	5.477867e-05	
4.529409e-04	2.818782e-05	
4.756761e-04	7.858593e-05	
3.298758e-04	5.095104e-05	
4.147676e-04	4.063577e-05	
4.147676e-04	3.192516e-05	
4.598449e-04	2.128182e-05	
3.175953e-04	5.096553e-05	
2.826002e-04	5.467132e-05	
3.860572e-04	3.571264e-05	
3.943748e-04	6.334451e-05	
4.205724e-04	5.301993e-05	
3.105479e-04	4.490667e-05	
4.829662e-04	7.322659e-05	
3.522659e-04	8.549778e-05	
4.320096e-04	5.295000e-05	
4.959063e-04	8.028357e-05	
4.117455e-04	1.001805e-04	
4.117455e-04	5.016598e-05	
2.646626e-04	5.935231e-05	
4.380995e-04	5.905425e-05	
3.667489e-04	1.012671e-04	
3.703396e-04	1.126140e-04	
3.511996e-04	3.792186e-05	
3.511996e-04	4.635994e-05	
5.268143e-04	2.259295e-05	
4.774063e-04	5.183193e-05	
4.774063e-04	3.956108e-05	
3.531779e-04	3.086544e-05	
3.643493e-04	4.192962e-05	
4.826403e-04	3.835225e-05	
4.712697e-04	6.366293e-05	
3.511747e-04	5.828983e-05	
3.276561e-04	5.128314e-05	
3.162050e-04	6.018914e-05	
4.221999e-04	8.519288e-05	
3.173019e-04	5.721805e-05	
3.981166e-04	4.538227e-05	
5.435141e-04	3.987295e-05	
3.722759e-04	4.283873e-05	
3.722759e-04	3.263059e-05	
3.169071e-04	5.296688e-05	
3.169071e-04	3.918252e-05	
4.192771e-04	3.891342e-05	
4.192771e-04	4.169562e-05	
4.256217e-04	4.157750e-05	
4.256217e-04	7.577627e-05	
2.939761e-04	7.382669e-05	
2.939761e-04	9.953754e-05	
4.001055e-04	1.024176e-04	
4.809534e-04	9.084875e-05	
3.542785e-04	8.273308e-05	
3.982717e-04	1.097184e-04	
3.874748e-04	5.018354e-05	
4.959063e-04	8.336213e-05	
4.228614e-04	9.717242e-05	
4.228614e-04	6.881458e-05	
4.777921e-04	9.445497e-05	
4.927376e-04	8.022820e-05	
4.253596e-04	6.970033e-05	
3.703396e-04	9.673764e-05	
4.747857e-04	8.513607e-05	
2.793781e-04	8.691041e-05	
3.270657e-04	3.438799e-05	
4.689349e-04	3.236163e-05	
4.834552e-04	1.996710e-05	
3.531779e-04	3.131478e-05	
4.725658e-04	2.809955e-05	
4.725658e-04	1.373209e-05	
3.943527e-04	3.325054e-05	
3.943527e-04	4.874119e-05	
3.276561e-04	4.098322e-05	
3.162050e-04	4.402070e-05	
4.161004e-04	3.536815e-05	
3.173019e-04	8.211217e-05	
4.978286e-04	4.239840e-05	
3.684624e-04	4.248741e-05	
3.684624e-04	4.478278e-05	
5.764117e-04	4.093901e-05	
5.525264e-04	4.466192e-05	
3.783229e-04	6.837014e-05	
3.783229e-04	5.024344e-05	
5.581886e-04	5.147569e-05	
4.345666e-04	5.432470e-05	
4.407121e-04	5.994988e-05	
4.625407e-04	9.115337e-05	
3.853954e-04	7.105149e-05	
4.001055e-04	1.241074e-04	
3.640280e-04	7.189021e-05	
3.542785e-04	9.871828e-05	
3.096605e-04	1.106512e-04	
3.874748e-04	9.829606e-05	
5.282101e-04	5.281121e-05	
2.855529e-04	1.548833e-04	
2.855529e-04	1.637202e-04	
4.382115e-04	1.007946e-04	
5.184563e-04	1.471093e-04	
4.253596e-04	9.289465e-05	
4.735786e-04	9.637665e-05	
3.698595e-04	7.407234e-05	
2.793781e-04	5.910097e-05	
3.395659e-04	3.837168e-05	
3.395659e-04	1.453401e-05	
4.856137e-04	2.430853e-05	
4.474867e-04	3.774119e-05	
4.410426e-04	3.782390e-05	
4.209287e-04	3.012239e-05	
4.209287e-04	2.961858e-05	
4.129848e-04	6.487346e-05	
4.129848e-04	8.855669e-05	
4.062020e-04	5.061593e-05	
4.161004e-04	6.962068e-05	
3.765343e-04	6.646634e-05	
3.103460e-04	6.924475e-05	
4.628663e-04	5.209881e-05	
3.699819e-04	7.526547e-05	
4.077802e-04	4.733845e-05	
4.147696e-04	5.710477e-05	
5.329186e-04	8.428705e-05	
4.242487e-04	6.662757e-05	
3.036856e-04	5.861363e-05	
4.735363e-04	7.493273e-05	
4.407121e-04	6.874809e-05	
3.954397e-04	7.686804e-05	
3.853954e-04	6.713878e-05	
4.107012e-04	6.894994e-05	
3.843140e-04	8.604307e-05	
3.953037e-04	4.361342e-05	
3.096605e-04	9.972580e-05	
3.398944e-04	7.530118e-05	
3.398944e-04	8.397983e-05	
4.958248e-04	1.284825e-04	
3.742278e-04	1.149177e-04	
4.324162e-04	1.049773e-04	
2.866558e-04	1.765253e-04	
4.871773e-04	1.192963e-04	
3.605528e-04	8.315129e-05	
3.605528e-04	6.340406e-05	
4.594611e-04	3.452553e-05	
4.602170e-04	3.249786e-05	
4.725715e-04	2.672645e-05	
4.525998e-04	4.668235e-05	
5.278147e-04	2.460602e-05	
4.403238e-04	5.140005e-05	
3.361892e-04	6.401928e-05	
4.144604e-04	5.797535e-05	
4.144604e-04	6.975237e-05	
5.000256e-04	5.102323e-05	
4.062020e-04	6.664221e-05	
3.776281e-04	5.704379e-05	
3.765343e-04	6.505724e-05	
3.103460e-04	5.040613e-05	
2.824119e-04	4.303543e-05	
2.824119e-04	5.311421e-05	
3.633215e-04	5.933027e-05	
2.853674e-04	6.267668e-05	
3.531761e-04	5.843121e-05	
3.989433e-04	6.908202e-05	
3.036856e-04	6.811975e-05	
3.397891e-04	7.956864e-05	
4.426642e-04	8.198863e-05	
4.060712e-04	8.304678e-05	
4.060712e-04	7.252093e-05	
5.099523e-04	9.710054e-05	
3.114835e-04	8.183829e-05	
3.114835e-04	9.799176e-05	
3.867821e-04	6.584508e-05	
3.867821e-04	9.251451e-05	
3.657266e-04	8.568002e-05	
4.460962e-04	1.335515e-04	
3.742278e-04	1.192453e-04	
3.887613e-04	1.235861e-04	
2.866558e-04	1.183603e-04	
4.406183e-04	5.447367e-05	
3.700720e-04	6.165369e-05	
4.412217e-04	6.519931e-05	
4.594611e-04	6.316027e-05	
3.338027e-04	7.949635e-05	
3.338027e-04	6.403525e-05	
4.010560e-04	6.005031e-05	
4.168335e-04	5.123034e-05	
4.054943e-04	5.874566e-05	
3.361892e-04	7.514505e-05	
3.905364e-04	6.026206e-05	
3.017282e-04	6.567660e-05	
3.451850e-04	6.477736e-05	
3.451850e-04	5.435162e-05	
3.776281e-04	6.986891e-05	
3.641511e-04	4.851507e-05	
5.184903e-04	5.912276e-05	
3.138823e-04	6.274583e-05	
4.380951e-04	2.206544e-05	
3.633215e-04	6.211007e-05	
2.853674e-04	5.226310e-05	
2.791780e-04	3.253788e-05	
2.791780e-04	6.246788e-05	
4.189372e-04	4.912339e-05	
3.494253e-04	6.631449e-05	
3.494253e-04	9.953226e-05	
4.874225e-04	8.394431e-05	
4.584493e-04	8.509110e-05	
3.619318e-04	7.453360e-05	
3.619318e-04	9.246864e-05	
4.936134e-04	8.702386e-05	
3.460224e-04	9.042363e-05	
3.339271e-04	1.021336e-04	
4.560560e-04	1.107116e-04	
4.460962e-04	1.133244e-04	
4.421970e-04	1.775945e-04	
4.727007e-04	8.197125e-05	
4.913698e-04	7.411837e-05	
4.470839e-04	8.656457e-05	
4.154493e-04	8.480436e-05	
4.558975e-04	1.266164e-04	
3.952952e-04	8.714955e-05	
3.952952e-04	5.786515e-05	
3.879994e-04	6.321833e-05	
3.879994e-04	7.019689e-05	
3.886097e-04	2.671644e-05	
4.054943e-04	4.341307e-05	
4.080551e-04	8.108576e-05	
3.905364e-04	6.053686e-05	
3.017282e-04	7.666868e-05	
4.066605e-04	4.719840e-05	
4.418153e-04	6.497977e-05	
4.757053e-04	5.052060e-05	
3.641511e-04	5.415980e-05	
3.907913e-04	8.331159e-05	
3.907913e-04	5.980002e-05	
3.700030e-04	7.094408e-05	
3.700030e-04	7.794607e-05	
3.912301e-04	7.105787e-05	
3.554779e-04	6.148321e-05	
3.645738e-04	4.946946e-05	
3.645738e-04	6.108034e-05	
4.435794e-04	7.793470e-05	
4.305447e-04	6.973228e-05	
4.014102e-04	7.180310e-05	
3.890545e-04	7.973636e-05	
3.890545e-04	8.518080e-05	
3.543929e-04	6.986453e-05	
3.543929e-04	1.007575e-04	
4.575477e-04	9.020854e-05	
3.339271e-04	1.146566e-04	
4.747599e-04	1.217506e-04	
4.918885e-04	1.254263e-04	
2.864521e-04	1.451648e-04	
4.566733e-04	9.738594e-05	
4.001154e-04	2.055070e-04	
4.001154e-04	1.571153e-04	
3.457853e-04	1.170760e-04	
3.457853e-04	6.363119e-05	
4.209441e-04	7.447627e-05	
5.249457e-04	5.982857e-05	
4.151188e-04	7.488030e-05	
3.588861e-04	5.878251e-05	
3.886097e-04	5.887163e-05	
4.133446e-04	5.543674e-05	
4.133446e-04	4.204814e-05	
3.776417e-04	8.250390e-05	
3.776417e-04	6.695026e-05	
3.333211e-04	6.406196e-05	
3.333211e-04	6.421980e-05	
4.311590e-04	6.558233e-05	
4.343422e-04	8.590195e-05	
4.535031e-04	7.035374e-05	
4.615285e-04	7.250352e-05	
3.967121e-04	9.003722e-05	
3.890966e-04	6.557703e-05	
5.166803e-04	7.156613e-05	
3.554779e-04	7.903418e-05	
3.795388e-04	6.681411e-05	
4.528292e-04	7.003477e-05	
5.054381e-04	7.546851e-05	
4.083033e-04	8.138603e-05	
3.942982e-04	7.376091e-05	
4.310229e-04	8.866370e-05	
3.909291e-04	9.902693e-05	
4.634871e-04	1.033224e-04	
3.490859e-04	1.035315e-04	
3.490859e-04	1.405149e-04	
3.347140e-04	9.728718e-05	
3.347140e-04	1.078468e-04	
4.299917e-04	8.069814e-05	
2.864521e-04	1.915658e-04	
3.732404e-04	2.082530e-04	
4.629310e-04	8.575531e-05	
4.885511e-04	1.956184e-04	
3.648525e-04	1.269123e-04	
3.490658e-04	1.167898e-04	
3.490658e-04	1.094508e-04	
2.988697e-04	5.729992e-05	
4.304229e-04	3.985101e-05	
3.588861e-04	7.473847e-05	
4.963321e-04	8.692832e-05	
3.375742e-04	6.003572e-05	
3.375742e-04	5.016017e-05	
5.116017e-04	8.110950e-05	
5.337182e-04	7.839453e-05	
3.152451e-04	7.464182e-05	
4.558491e-04	9.148803e-05	
3.480251e-04	7.773428e-05	
3.480251e-04	8.329184e-05	
4.535031e-04	6.131354e-05	
3.400926e-04	6.801645e-05	
3.400926e-04	8.129528e-05	
3.890966e-04	5.231016e-05	
3.463110e-04	4.518914e-05	
4.015816e-04	7.750071e-05	
3.795388e-04	6.938022e-05	
4.148787e-04	6.455130e-05	
3.916295e-04	6.712664e-05	
3.867163e-04	8.768957e-05	
3.816722e-04	7.255510e-05	
3.816722e-04	7.872223e-05	
3.503277e-04	8.873584e-05	
3.503277e-04	8.911418e-05	
4.291425e-04	1.062142e-04	
4.712515e-04	9.956837e-05	
3.232301e-04	1.045099e-04	
4.067185e-04	1.228481e-04	
4.299917e-04	1.646801e-04	
4.300537e-04	2.371242e-04	
4.300537e-04	2.652688e-04	
3.043571e-04	1.504430e-04	
3.701257e-04	1.110150e-04	
5.592658e-04	1.179179e-04	
3.530953e-04	1.127718e-04	
3.530953e-04	9.081323e-05	
2.988697e-04	7.182008e-05	
4.304229e-04	7.355703e-05	
3.115402e-04	7.663695e-05	
3.724717e-04	8.702800e-05	
4.383189e-04	6.335117e-05	
4.373896e-04	7.064182e-05	
4.373896e-04	7.347130e-05	
4.273101e-04	7.716904e-05	
3.152451e-04	7.821553e-05	
3.428407e-04	6.837844e-05	
3.428407e-04	6.565174e-05	
4.579382e-04	6.178434e-05	
3.451066e-04	5.386543e-05	
3.451066e-04	4.747089e-05	
4.489449e-04	5.254411e-05	
3.835232e-04	4.849929e-05	
3.463110e-04	6.482058e-05	
5.110365e-04	6.629569e-05	
3.954818e-04	7.260468e-05	
3.954818e-04	5.189540e-05	
3.916295e-04	5.969661e-05	
3.867163e-04	8.729878e-05	
3.817305e-04	6.548561e-05	
3.817305e-04	8.090983e-05	
4.991706e-04	9.977802e-05	
4.043823e-04	8.168803e-05	
4.529243e-04	6.923055e-05	
3.768745e-04	7.970676e-05	
3.232301e-04	1.125379e-04	
3.769465e-04	1.041128e-04	
3.769465e-04	1.943557e-04	
3.318123e-04	1.745768e-04	
4.171094e-04	1.791795e-04	
3.043571e-04	9.811941e-05	
3.768946e-04	9.995572e-05	
4.625908e-04	6.249573e-05	
3.959919e-04	7.692041e-05	
4.910593e-04	7.654223e-05	
4.351980e-04	9.172449e-05	
4.642843e-04	1.035360e-04	
3.115402e-04	8.192641e-05	
3.609833e-04	6.317122e-05	
3.609833e-04	7.289840e-05	
3.358220e-04	8.028998e-05	
3.907664e-04	7.157425e-05	
4.257876e-04	6.712167e-05	
5.080397e-04	6.191548e-05	
3.546695e-04	6.295438e-05	
3.546695e-04	6.698622e-05	
5.006263e-04	6.324001e-05	
4.750198e-04	4.355532e-05	
3.476793e-04	6.473145e-05	
4.348066e-04	3.560773e-05	
3.696005e-04	6.485327e-05	
3.696005e-04	7.312598e-05	
4.717867e-04	6.476777e-05	
4.048061e-04	7.103984e-05	
4.509541e-04	5.761638e-05	
4.272009e-04	5.612645e-05	
2.924738e-04	7.312274e-05	
2.924738e-04	1.015192e-04	
4.878144e-04	5.646189e-05	
3.943857e-04	6.295939e-05	
3.644292e-04	9.725550e-05	
3.784792e-04	1.195952e-04	
3.858363e-04	1.170414e-04	
4.544757e-04	1.071675e-04	
4.496303e-04	1.633477e-04	
4.022853e-04	1.280260e-04	
3.318123e-04	1.988308e-04	
3.943535e-04	1.465127e-04	
4.362277e-04	9.754535e-05	
3.768946e-04	1.399081e-04	
3.868970e-04	1.760062e-04	
3.868970e-04	1.653157e-04	
4.648671e-04	9.458130e-05	
4.351980e-04	7.273096e-05	
4.642843e-04	1.033064e-04	
4.274309e-04	6.723779e-05	
4.218317e-04	8.078155e-05	
4.168596e-04	8.439943e-05	
3.358220e-04	8.412661e-05	
4.432712e-04	6.578329e-05	
4.257876e-04	6.857913e-05	
3.817135e-04	6.365469e-05	
3.817135e-04	7.401577e-05	
4.647314e-04	8.835898e-05	
4.647314e-04	6.911709e-05	
3.480083e-04	6.051762e-05	
3.480083e-04	6.515272e-05	
4.348066e-04	4.285768e-05	
4.460738e-04	5.582528e-05	
4.473395e-04	4.988179e-05	
4.473395e-04	4.878818e-05	
4.048061e-04	5.794039e-05	
4.215218e-04	4.870418e-05	
4.215218e-04	4.556518e-05	
4.430934e-04	6.257663e-05	
4.386974e-04	5.748255e-05	
4.661450e-04	4.830398e-05	
4.115148e-04	3.446687e-05	
3.644292e-04	7.642143e-05	
3.784792e-04	1.226427e-04	
3.858363e-04	1.011816e-04	
4.878399e-04	1.351899e-04	
4.496303e-04	1.059723e-04	
4.948275e-04	1.586929e-04	
3.496261e-04	1.526486e-04	
3.496261e-04	2.400849e-04	
4.711085e-04	1.722771e-04	
4.022917e-04	6.142039e-05	
4.022917e-04	1.326537e-04	
3.599169e-04	1.885163e-04	
4.201026e-04	9.841515e-05	
4.108688e-04	9.995267e-05	
4.108688e-04	8.125280e-05	
4.274309e-04	8.903461e-05	
4.527348e-04	8.179916e-05	
3.658796e-04	9.962911e-05	
3.658796e-04	1.014734e-04	
5.535289e-04	9.032931e-05	
2.786987e-04	7.693993e-05	
2.786987e-04	7.548244e-05	
2.846637e-04	8.701216e-05	
4.971309e-04	8.615067e-05	
3.408761e-04	6.783309e-05	
3.985201e-04	6.190986e-05	
4.044071e-04	5.320686e-05	
4.044071e-04	5.699569e-05	
3.665719e-04	5.912185e-05	
3.665719e-04	5.778140e-05	
4.547347e-04	6.104305e-05	
5.436302e-04	5.593761e-05	
4.772524e-04	6.858759e-05	
4.563150e-04	4.290984e-05	
4.999972e-04	4.662257e-05	
4.485837e-04	6.908798e-05	
3.988620e-04	4.946405e-05	
3.988620e-04	5.878165e-05	
4.192817e-04	5.614269e-05	
3.365877e-04	1.046358e-04	
3.365877e-04	1.119124e-04	
4.681239e-04	7.276313e-05	
4.088857e-04	1.549850e-04	
4.805716e-04	1.526823e-04	
4.007554e-04	2.630724e-04	
5.210056e-04	1.187349e-04	
4.290268e-04	9.524204e-05	
3.246128e-04	1.271543e-04	
3.246128e-04	1.180608e-04	
3.599169e-04	1.436115e-04	
5.031352e-04	7.201175e-05	
3.765715e-04	1.166758e-04	
3.765715e-04	9.930685e-05	
4.085644e-04	8.881920e-05	
3.823749e-04	7.402054e-05	
4.243529e-04	9.853422e-05	
3.716073e-04	9.761697e-05	
4.226573e-04	7.263479e-05	
4.226573e-04	6.980179e-05	
3.391331e-04	6.956678e-05	
2.846637e-04	8.881854e-05	
3.183790e-04	5.490687e-05	
3.408761e-04	8.019475e-05	
4.704665e-04	5.590727e-05	
4.039616e-04	5.493050e-05	
3.024435e-04	6.511523e-05	
3.024435e-04	6.009770e-05	
3.060244e-04	6.077185e-05	
4.961492e-04	6.732603e-05	
3.775805e-04	5.593041e-05	
3.775805e-04	6.544429e-05	
3.815748e-04	6.379791e-05	
3.890428e-04	4.194462e-05	
3.952600e-04	6.031076e-05	
4.903332e-04	5.914819e-05	
3.628634e-04	5.111605e-05	
3.628634e-04	7.199772e-05	
4.712984e-04	1.178835e-04	
4.646768e-04	1.206638e-04	
2.709477e-04	7.583268e-05	
3.443295e-04	1.342037e-04	
3.443295e-04	1.987194e-04	
3.893333e-04	1.577885e-04	
3.893333e-04	1.524550e-04	
4.027570e-04	1.984533e-04	
4.502286e-04	1.059821e-04	
3.876968e-04	1.744836e-04	
4.287496e-04	1.407498e-04	
3.268385e-04	9.915900e-05	
3.268385e-04	9.954949e-05	
4.499600e-04	9.242101e-05	
2.705739e-04	5.637878e-05	
3.459612e-04	1.014084e-04	
3.459612e-04	9.672700e-05	
5.659498e-04	9.008365e-05	
3.491000e-04	7.903380e-05	
3.491000e-04	7.371121e-05	
3.391331e-04	8.167052e-05	
4.814811e-04	5.355252e-05	
3.183790e-04	7.139165e-05	
4.591220e-04	6.919267e-05	
3.635740e-04	5.266269e-05	
4.039616e-04	6.709082e-05	
5.805638e-04	4.821480e-05	
4.074901e-04	4.808682e-05	
3.060244e-04	4.961981e-05	
4.630971e-04	3.766724e-05	
3.550500e-04	4.721412e-05	
4.694666e-04	5.566234e-05	
3.815748e-04	6.320628e-05	
4.233729e-04	2.742690e-05	
3.952600e-04	5.324517e-05	
4.648069e-04	5.313690e-05	
4.272398e-04	6.723490e-05	
4.781964e-04	4.880405e-05	
5.579479e-04	8.830078e-05	
3.204434e-04	9.062190e-05	
2.709477e-04	1.201112e-04	
4.236997e-04	1.427397e-04	
3.839821e-04	1.596119e-04	
3.839821e-04	1.618927e-04	
4.457926e-04	1.743565e-04	
4.027570e-04	1.879283e-04	
4.429092e-04	1.116465e-04	
4.429092e-04	1.846876e-04	
4.933148e-04	1.593369e-04	
4.704013e-04	1.042169e-04	
3.882992e-04	1.053603e-04	
3.882992e-04	7.217575e-05	
2.705739e-04	7.435106e-05	
2.802893e-04	5.218466e-05	
3.503050e-04	8.510388e-05	
4.030344e-04	7.419143e-05	
4.121526e-04	9.727976e-05	
4.184696e-04	9.006836e-05	
4.294398e-04	7.160152e-05	
4.464388e-04	5.895225e-05	
4.312289e-04	6.927725e-05	
3.443341e-04	7.217095e-05	
3.443341e-04	7.192810e-05	
4.959477e-04	6.831323e-05	
4.436765e-04	4.704156e-05	
4.436765e-04	6.099138e-05	
4.285846e-04	4.577138e-05	
4.285846e-04	5.191983e-05	
3.550500e-04	6.756431e-05	
4.882919e-04	6.153558e-05	
4.799888e-04	6.765007e-05	
4.233729e-04	4.998453e-05	
5.270057e-04	6.013948e-05	
3.904656e-04	6.748619e-05	
4.093911e-04	6.586532e-05	
4.095248e-04	7.947993e-05	
3.775216e-04	7.265690e-05	
3.021975e-04	1.148305e-04	
3.469303e-04	8.114942e-05	
3.469303e-04	8.654902e-05	
3.469174e-04	1.486936e-04	
3.469174e-04	1.490903e-04	
4.457926e-04	1.803032e-04	
4.127060e-04	8.079956e-05	
3.556455e-04	1.096827e-04	
5.039447e-04	1.710021e-04	
4.933148e-04	1.109413e-04	
4.800679e-04	5.981890e-05	
5.154674e-04	6.954544e-05	
3.070625e-04	1.080744e-04	
3.070625e-04	8.524349e-05	
2.802893e-04	6.381027e-05	
4.946508e-04	5.248808e-05	
4.030344e-04	7.625096e-05	
4.121526e-04	9.013036e-05	
3.655282e-04	8.885824e-05	
4.219385e-04	7.298067e-05	
3.716816e-04	7.406126e-05	
4.312289e-04	9.177760e-05	
3.550968e-04	6.907900e-05	
3.269237e-04	7.603713e-05	
3.269237e-04	8.144949e-05	
4.375343e-04	5.538298e-05	
4.685807e-04	6.506533e-05	
3.734267e-04	4.728013e-05	
3.734267e-04	6.588897e-05	
3.747402e-04	7.115403e-05	
3.907175e-04	5.539585e-05	
4.575666e-04	7.353262e-05	
3.471655e-04	4.369003e-05	
4.677822e-04	7.086387e-05	
3.904656e-04	8.191416e-05	
4.028710e-04	7.580816e-05	
4.103524e-04	7.520600e-05	
4.005872e-04	7.708313e-05	
3.021975e-04	1.066830e-04	
4.469808e-04	8.985709e-05	
3.658320e-04	9.292837e-05	
3.675733e-04	1.577862e-04	
3.675733e-04	1.066242e-04	
5.077279e-04	1.142594e-04	
4.127060e-04	2.262791e-04	
3.556455e-04	1.586578e-04	
3.868967e-04	1.053483e-04	
4.124339e-04	6.980204e-05	
4.709716e-04	9.227795e-05	
4.709716e-04	1.100372e-04	
3.280094e-04	8.048189e-05	
3.403067e-04	8.159432e-05	
5.143060e-04	1.175403e-04	
3.873075e-04	7.615238e-05	
3.961182e-04	7.555049e-05	
5.287693e-04	9.170630e-05	
3.655282e-04	8.050805e-05	
3.184911e-04	6.689174e-05	
3.184911e-04	7.828998e-05	
3.823674e-04	5.581431e-05	
3.550968e-04	7.352216e-05	
4.158019e-04	7.454645e-05	
4.941364e-04	5.190280e-05	
4.375343e-04	7.138896e-05	
3.581197e-04	5.318136e-05	
3.349566e-04	5.701657e-05	
3.349566e-04	6.136508e-05	
3.747402e-04	5.660908e-05	
3.907175e-04	5.209994e-05	
4.443632e-04	5.202805e-05	
3.471655e-04	4.394025e-05	
2.985689e-04	5.666414e-05	
2.985689e-04	7.913584e-05	
4.526357e-04	5.423688e-05	
5.130057e-04	7.814055e-05	
4.005872e-04	8.000654e-05	
3.274551e-04	9.680859e-05	
3.274551e-04	9.648621e-05	
3.658320e-04	9.776006e-05	
3.191673e-04	1.224345e-04	
3.128560e-04	1.648457e-04	
4.093120e-04	1.006595e-04	
3.686559e-04	1.361671e-04	
3.686559e-04	1.114752e-04	
3.409155e-04	1.221841e-04	
4.124339e-04	7.160505e-05	
3.172674e-04	7.286737e-05	
3.172674e-04	8.232882e-05	
3.280094e-04	7.687674e-05	
3.403067e-04	6.281144e-05	
3.191218e-04	6.674196e-05	
3.390730e-04	1.024711e-04	
3.390730e-04	9.415744e-05	
3.127989e-04	6.860063e-05	
3.985133e-04	7.441302e-05	
4.066716e-04	7.839452e-05	
5.037742e-04	7.211280e-05	
3.823674e-04	7.351252e-05	
4.405413e-04	6.065971e-05	
4.405413e-04	7.109273e-05	
3.997332e-04	6.258601e-05	
4.412256e-04	5.579625e-05	
3.581197e-04	7.218658e-05	
4.095070e-04	5.528995e-05	
3.291475e-04	6.537473e-05	
3.291475e-04	6.468972e-05	
3.668034e-04	5.947002e-05	
3.668034e-04	5.998907e-05	
4.200241e-04	7.219142e-05	
4.817105e-04	8.903870e-05	
4.501341e-04	5.356259e-05	
4.501341e-04	6.445184e-05	
4.216262e-04	7.099900e-05	
4.472129e-04	6.895634e-05	
4.472129e-04	1.030478e-04	
4.416006e-04	9.394688e-05	
5.329728e-04	9.932052e-05	
3.191673e-04	6.256521e-05	
3.128560e-04	1.210484e-04	
4.473678e-04	1.636154e-04	
3.962266e-04	2.741788e-04	
3.883903e-04	1.401609e-04	
3.409155e-04	1.401956e-04	
4.252627e-04	9.807911e-05	
3.953804e-04	6.413612e-05	
3.362746e-04	9.401312e-05	
5.336732e-04	6.522448e-05	
3.608986e-04	7.478358e-05	
3.191218e-04	6.637463e-05	
2.961532e-04	6.905862e-05	
4.525812e-04	7.411279e-05	
3.127989e-04	6.748986e-05	
3.834913e-04	5.323156e-05	
3.420644e-04	7.257498e-05	
3.420644e-04	7.026959e-05	
4.762446e-04	5.772383e-05	
5.070367e-04	5.244302e-05	
3.927760e-04	6.335415e-05	
3.927760e-04	5.710553e-05	
2.752918e-04	6.139245e-05	
2.752918e-04	5.888702e-05	
4.095070e-04	6.485744e-05	
4.954044e-04	8.096663e-05	
4.734431e-04	5.740636e-05	
3.098433e-04	6.509346e-05	
3.870491e-04	5.768664e-05	
3.870491e-04	7.978278e-05	
3.608673e-04	8.426812e-05	
3.608673e-04	6.643533e-05	
3.843683e-04	5.470866e-05	
4.216262e-04	8.242819e-05	
4.217448e-04	5.349689e-05	
3.274815e-04	5.809655e-05	
5.182611e-04	8.957324e-05	
3.656476e-04	8.586265e-05	
3.656476e-04	1.081044e-04	
3.159024e-04	1.642448e-04	
3.874498e-04	1.275536e-04	
4.983801e-04	1.871222e-04	
3.971660e-04	1.770258e-04	
3.108839e-04	2.197467e-04	
3.905020e-04	1.436842e-04	
3.208347e-04	9.787743e-05	
4.571480e-04	1.026456e-04	
4.003005e-04	5.621645e-05	
3.608986e-04	7.068470e-05	
4.756909e-04	3.985727e-05	
2.961532e-04	7.765342e-05	
4.525812e-04	5.909288e-05	
4.833921e-04	6.534462e-05	
4.560949e-04	8.229522e-05	
3.537577e-04	6.814746e-05	
3.537577e-04	8.009947e-05	
4.762446e-04	5.533533e-05	
3.954121e-04	4.947464e-05	
3.954121e-04	5.629982e-05	
4.859799e-04	7.068592e-05	
3.614233e-04	5.394659e-05	
3.919880e-04	7.397443e-05	
4.516444e-04	7.064077e-05	
5.202893e-04	5.856409e-05	
4.953360e-04	5.102527e-05	
3.098433e-04	5.448330e-05	
3.671619e-04	5.836583e-05	
4.038272e-04	4.416721e-05	
3.986218e-04	6.934053e-05	
3.828625e-04	7.000832e-05	
3.843683e-04	7.470815e-05	
3.920786e-04	4.486193e-05	
4.514385e-04	5.654245e-05	
3.274815e-04	5.276360e-05	
3.477945e-04	5.224810e-05	
3.477945e-04	8.279510e-05	
4.448536e-04	7.300185e-05	
3.159024e-04	2.069950e-04	
3.902419e-04	3.098321e-04	
4.002250e-04	1.289350e-04	
4.034459e-04	1.455787e-04	
3.108839e-04	1.570077e-04	
3.956332e-04	1.093496e-04	
3.208347e-04	1.119114e-04	
3.034950e-04	8.689087e-05	
4.003005e-04	5.684255e-05	
5.027321e-04	7.860173e-05	
3.641144e-04	7.244303e-05	
4.305634e-04	9.913171e-05	
4.222832e-04	7.961348e-05	
5.130927e-04	9.515682e-05	
4.335945e-04	1.082106e-04	
3.964388e-04	7.150065e-05	
3.964388e-04	6.818266e-05	
3.587008e-04	6.154991e-05	
3.587008e-04	5.116816e-05	
4.576607e-04	6.589641e-05	
3.209675e-04	5.673189e-05	
3.614233e-04	5.903892e-05	
3.801957e-04	5.666163e-05	
3.801957e-04	5.748438e-05	
4.100761e-04	5.773540e-05	
3.119785e-04	5.483305e-05	
3.119785e-04	5.339839e-05	
4.738466e-04	7.153623e-05	
3.946808e-04	6.372982e-05	
3.946808e-04	5.356694e-05	
3.713540e-04	3.510992e-05	
2.944070e-04	2.149450e-05	
3.920786e-04	5.013910e-05	
4.159623e-04	5.083622e-05	
4.974983e-04	7.567743e-05	
4.002303e-04	7.648123e-05	
4.318795e-04	1.022328e-04	
4.448536e-04	9.916169e-05	
5.356807e-04	1.617032e-04	
4.283944e-04	2.092843e-04	
4.002250e-04	2.117419e-04	
4.135101e-04	1.047081e-04	
4.297461e-04	1.075008e-04	
4.297461e-04	8.276902e-05	
4.996007e-04	6.484107e-05	
3.034950e-04	9.569801e-05	
4.270883e-04	1.103857e-04	
3.429125e-04	8.525920e-05	
3.181216e-04	9.978533e-05	
3.181216e-04	9.983907e-05	
3.399960e-04	7.422087e-05	
3.264209e-04	6.225958e-05	
4.963267e-04	8.719174e-05	
3.659735e-04	8.359230e-05	
3.478980e-04	6.575822e-05	
3.902864e-04	7.662968e-05	
3.794887e-04	5.894831e-05	
3.794887e-04	5.541477e-05	
3.209675e-04	7.477082e-05	
3.612990e-04	5.670359e-05	
4.351047e-04	6.976313e-05	
4.398297e-04	6.307763e-05	
4.847465e-04	6.621522e-05	
3.639043e-04	7.375793e-05	
4.347225e-04	4.302431e-05	
3.535629e-04	6.057890e-05	
3.535629e-04	6.028287e-05	
4.335886e-04	4.111868e-05	
4.335886e-04	3.221533e-05	
2.944070e-04	9.655125e-06	
3.248341e-04	1.858147e-05	
4.476179e-04	4.264595e-05	
3.268561e-04	3.433129e-05	
3.268561e-04	6.569332e-05	
4.250015e-04	9.961565e-05	
4.059574e-04	8.229719e-05	
5.356807e-04	1.548656e-04	
3.848053e-04	2.183138e-04	
4.218347e-04	2.331663e-04	
4.135101e-04	1.657851e-04	
4.887927e-04	5.577294e-05	
5.129916e-04	6.042418e-05	
3.195106e-04	8.084841e-05	
4.358670e-04	9.793810e-05	
3.850826e-04	6.784450e-05	
3.429125e-04	6.749366e-05	
3.747445e-04	7.933563e-05	
3.747445e-04	7.784311e-05	
4.081037e-04	5.525767e-05	
3.264209e-04	7.566197e-05	
5.291314e-04	6.644188e-05	
3.659735e-04	7.027637e-05	
2.649457e-04	5.851910e-05	
2.649457e-04	6.349392e-05	
4.448897e-04	5.891940e-05	
4.648350e-04	6.613255e-05	
3.384651e-04	6.093478e-05	
3.612990e-04	6.113730e-05	
4.351047e-04	5.826601e-05	
4.579837e-04	6.050239e-05	
3.244637e-04	5.848595e-05	
3.858783e-04	7.360170e-05	
4.347225e-04	4.962455e-05	
3.668748e-04	3.276761e-05	
3.753613e-04	5.745978e-05	
4.015791e-04	4.873877e-05	
3.245870e-04	4.610317e-05	
4.330864e-04	4.794773e-05	
4.228915e-04	2.101874e-05	
4.476179e-04	2.334377e-05	
3.376604e-04	5.142362e-05	
3.376604e-04	5.306338e-05	
4.567337e-04	4.406173e-05	
4.059574e-04	6.412769e-05	
3.677144e-04	8.037540e-05	
4.409027e-04	2.281765e-04	
4.446296e-04	2.571467e-04	
4.145966e-04	2.250293e-04	
4.887927e-04	1.656680e-04	
2.874492e-04	6.385545e-05	
2.874492e-04	6.907414e-05	
4.722599e-04	2.296234e-05	
3.850826e-04	5.628071e-05	
4.368909e-04	5.120390e-05	
4.491766e-04	6.978932e-05	
3.982446e-04	7.207927e-05	
3.553868e-04	6.455278e-05	
3.553868e-04	6.884803e-05	
4.834704e-04	6.215576e-05	
4.834704e-04	6.439117e-05	
4.592259e-04	7.350592e-05	
3.726528e-04	5.977369e-05	
3.726528e-04	6.845532e-05	
4.863575e-04	5.862252e-05	
3.384651e-04	6.254525e-05	
3.598202e-04	6.198108e-05	
3.598202e-04	6.062386e-05	
3.464749e-04	5.272713e-05	
3.244637e-04	6.070019e-05	
4.789029e-04	5.324554e-05	
4.600838e-04	4.139649e-05	
3.668748e-04	2.888541e-05	
2.987255e-04	3.119059e-05	
2.987255e-04	4.146811e-05	
3.245870e-04	4.993714e-05	
4.731430e-04	1.090711e-05	
3.866994e-04	1.556004e-05	
4.681763e-04	6.030693e-05	
4.208748e-04	6.555955e-05	
4.089346e-04	1.828064e-05	
4.089346e-04	8.609202e-05	
4.925849e-04	1.417589e-04	
3.677144e-04	1.323932e-04	
4.224995e-04	4.172058e-05	
2.877187e-04	2.553328e-04	
4.145966e-04	2.750947e-04	
4.457142e-04	1.293673e-04	
3.590053e-04	8.246171e-05	
3.828165e-04	9.520668e-05	
3.460448e-04	8.012037e-05	
3.250615e-04	5.760647e-05	
3.520700e-04	5.428848e-05	
4.642966e-04	4.054141e-05	
4.234819e-04	6.708479e-05	
4.234819e-04	5.071600e-05	
3.657316e-04	7.641114e-05	
3.063875e-04	7.837728e-05	
3.242587e-04	7.100209e-05	
4.592259e-04	9.148221e-05	
4.257202e-04	6.759766e-05	
3.970834e-04	7.877085e-05	
3.318266e-04	5.997797e-05	
2.697435e-04	7.569866e-05	
2.697435e-04	6.938046e-05	
3.537662e-04	6.226375e-05	
3.844594e-04	7.081351e-05	
3.491861e-04	3.777129e-05	
4.325858e-04	5.402413e-05	
4.121590e-04	4.472919e-05	
4.928412e-04	4.193390e-05	
3.758355e-04	3.869626e-05	
4.158788e-04	4.096933e-05	
4.634814e-04	5.241520e-05	
4.533697e-04	9.067767e-06	
3.866994e-04	2.830179e-05	
3.767800e-04	4.107627e-05	
3.767800e-04	5.648547e-05	
4.321862e-04	1.954633e-05	
4.321862e-04	3.865707e-05	
4.255193e-04	1.128971e-04	
3.485544e-04	1.939991e-04	
3.756009e-04	1.641713e-04	
2.877187e-04	3.059577e-04	
4.414270e-04	1.799660e-04	
3.809855e-04	1.058103e-04	
4.288943e-04	8.248814e-06	
4.472146e-04	4.086101e-05	
3.460448e-04	8.659753e-05	
3.250615e-04	3.869482e-05	
4.291066e-04	4.592003e-05	
4.407476e-04	6.291272e-05	
4.642709e-04	3.675091e-05	
4.009495e-04	4.386804e-05	
4.892012e-04	6.174765e-05	
3.063875e-04	6.145605e-05	
3.242587e-04	6.278564e-05	
3.657208e-04	5.794205e-05	
4.148750e-04	7.717591e-05	
3.252608e-04	5.657627e-05	
3.252608e-04	7.590137e-05	
2.696533e-04	3.896296e-05	
4.007567e-04	5.523162e-05	
3.537662e-04	5.272939e-05	
4.657114e-04	2.752445e-05	
3.491861e-04	3.822623e-05	
4.101888e-04	1.074250e-05	
3.765826e-04	3.477999e-05	
3.765826e-04	1.623835e-05	
3.758355e-04	4.043038e-05	
3.753842e-04	1.848568e-05	
3.441883e-04	2.827976e-05	
3.278540e-04	5.884791e-05	
5.117647e-04	4.016437e-05	
4.421864e-04	4.663269e-05	
3.421837e-04	2.444364e-05	
3.421837e-04	2.080416e-05	
4.960814e-04	1.264927e-05	
3.814062e-04	1.195426e-04	
3.485544e-04	2.015790e-04	
4.917469e-04	1.638277e-04	
5.061738e-04	3.219845e-04	
3.905151e-04	2.321301e-04	
3.809855e-04	1.230359e-04	
4.274508e-04	2.945541e-05	
3.455313e-04	4.540398e-05	
5.035807e-04	5.272056e-05	
4.888946e-04	3.968293e-05	
3.702740e-04	5.957928e-05	
3.702740e-04	4.459799e-05	
3.729253e-04	3.866453e-05	
3.197230e-04	4.995016e-05	
3.197230e-04	4.685362e-05	
2.978943e-04	4.485127e-05	
2.978943e-04	4.509683e-05	
3.741812e-04	6.657400e-05	
4.148750e-04	6.088129e-05	
3.405987e-04	5.752306e-05	
3.960038e-04	4.862066e-05	
2.696533e-04	4.485223e-05	
4.968365e-04	4.164830e-05	
3.991547e-04	3.981509e-05	
4.230311e-04	4.939951e-05	
3.573775e-04	2.241709e-05	
3.573775e-04	2.305340e-05	
3.691437e-04	1.352758e-05	
3.691437e-04	1.516039e-05	
3.687999e-04	1.317661e-05	
3.687999e-04	3.240405e-05	
3.441883e-04	1.517207e-05	
3.278540e-04	4.796707e-05	
3.863677e-04	3.402394e-05	
5.193237e-04	3.695700e-05	
4.726321e-04	3.957443e-05	
3.524605e-04	2.235237e-05	
5.287361e-04	4.588866e-05	
4.417898e-04	7.213194e-05	
4.882090e-04	9.900796e-05	
4.882090e-04	3.117067e-05	
4.209012e-04	2.093328e-04	
4.209012e-04	1.675893e-04	
4.301697e-04	9.417695e-05	
3.849011e-04	3.958861e-05	
3.455313e-04	8.219991e-05	
5.035807e-04	6.592529e-05	
2.869410e-04	3.456924e-05	
2.869410e-04	1.423267e-05	
3.867740e-04	5.205137e-05	
3.729253e-04	4.572398e-05	
4.380603e-04	3.353971e-05	
3.802318e-04	2.845862e-05	
3.802318e-04	3.336979e-05	
3.904207e-04	6.026210e-05	
3.976086e-04	6.534402e-05	
4.699539e-04	6.227482e-05	
4.787289e-04	5.310520e-05	
3.521575e-04	4.970951e-05	
3.521575e-04	5.125027e-05	
4.320804e-04	4.120897e-05	
3.991547e-04	2.241991e-05	
3.416401e-04	3.304456e-05	
3.416401e-04	2.324032e-05	
3.059544e-04	2.330702e-05	
4.345762e-04	4.086485e-05	
3.594526e-04	2.424268e-05	
3.594526e-04	2.650481e-05	
3.211594e-04	1.847370e-05	
3.211594e-04	2.794911e-05	
3.995685e-04	3.287668e-05	
3.863677e-04	4.576881e-05	
4.229069e-04	4.532070e-05	
4.584884e-04	1.040386e-05	
4.634110e-04	8.837917e-06	
3.558163e-04	5.128711e-05	
4.417898e-04	1.229613e-04	
4.975512e-04	8.652924e-05	
4.237482e-04	4.046483e-05	
3.833805e-04	5.579093e-05	
4.312234e-04	2.765983e-04	
4.368100e-04	1.352750e-04	
3.849011e-04	5.869408e-05	
4.677613e-04	4.952371e-05	
4.809032e-04	3.569088e-05	
3.586068e-04	3.894485e-05	
3.216391e-04	2.685867e-05	
3.926509e-04	3.847299e-05	
3.625139e-04	3.404813e-05	
4.953698e-04	3.348970e-05	
4.167724e-04	2.610706e-05	
4.167724e-04	3.040803e-05	
3.904207e-04	5.069784e-05	
3.976086e-04	4.598366e-05	
4.699539e-04	3.661987e-05	
4.222539e-04	4.875011e-05	
3.557081e-04	2.986913e-05	
5.074577e-04	5.727465e-05	
3.031971e-04	2.516663e-05	
3.031971e-04	2.926948e-05	
3.799777e-04	2.781981e-05	
4.786683e-04	2.420129e-05	
3.059544e-04	2.371675e-05	
4.345762e-04	2.554123e-05	
2.931077e-04	3.531264e-05	
3.007167e-04	3.893498e-05	
4.490635e-04	4.698215e-05	
4.490635e-04	3.771837e-05	
4.436737e-04	2.837413e-05	
4.845060e-04	5.511582e-06	
4.229069e-04	1.606287e-05	
3.206395e-04	2.606102e-05	
4.454716e-04	1.844055e-05	
3.558163e-04	7.044147e-05	
4.055683e-04	2.187714e-05	
3.750066e-04	7.497311e-05	
3.750066e-04	1.800252e-04	
2.978115e-04	2.335827e-04	
2.978115e-04	1.534591e-04	
4.368100e-04	7.543843e-05	
5.041992e-04	3.063231e-05	
4.318068e-04	5.690888e-05	
3.043352e-04	1.951179e-05	
3.043352e-04	7.810850e-06	
3.274968e-04	3.571077e-06	
3.274968e-04	1.112935e-05	
3.625139e-04	2.940090e-05	
2.889398e-04	3.373879e-05	
2.889398e-04	3.163380e-05	
3.026369e-04	4.543402e-05	
4.887192e-04	7.102219e-05	
4.326500e-04	5.360084e-05	
4.188934e-04	5.331867e-05	
4.075829e-04	4.049226e-05	
3.557081e-04	5.191755e-05	
3.830340e-04	3.445025e-05	
4.517647e-04	2.624080e-05	
3.873241e-04	2.588206e-05	
3.799777e-04	2.625570e-05	
3.009601e-04	2.233181e-05	
4.438573e-04	2.383664e-05	
3.460610e-04	2.937655e-05	
2.931077e-04	2.817149e-05	
3.007167e-04	3.254330e-05	
3.743843e-04	2.083301e-05	
4.511228e-04	5.159359e-05	
4.991793e-04	3.567293e-05	
5.229944e-04	1.890377e-06	
5.269538e-04	7.926884e-06	
3.206395e-04	1.985781e-05	
3.426444e-04	2.339165e-05	
3.919295e-04	1.523675e-05	
3.919295e-04	8.494776e-05	
4.063349e-04	9.137404e-05	
4.106778e-04	2.620592e-04	
4.078860e-04	9.184925e-05	
4.229854e-04	5.948867e-05	
3.935860e-04	1.778699e-05	
4.083059e-04	4.993713e-05	
4.083059e-04	3.236620e-05	
3.466918e-04	2.164535e-05	
3.466918e-04	4.700956e-06	
4.593601e-04	1.133503e-05	
4.593601e-04	1.664113e-05	
4.588743e-04	1.113736e-05	
3.978339e-04	2.403056e-05	
3.383811e-04	2.691201e-05	
3.026369e-04	3.319979e-05	
4.219106e-04	1.343194e-05	
3.612955e-04	3.639052e-05	
3.612955e-04	2.622160e-05	
4.075829e-04	1.863018e-05	
5.115529e-04	1.781817e-05	
3.830340e-04	1.283891e-05	
4.517647e-04	6.165265e-06	
4.882862e-04	1.358001e-05	
4.872227e-04	4.215548e-06	
3.009601e-04	1.877700e-05	
3.787855e-04	1.681789e-05	
3.460610e-04	2.471491e-05	
5.072760e-04	1.599249e-05	
4.565716e-04	3.077603e-05	
3.949418e-04	2.564808e-05	
3.856834e-04	4.257441e-06	
3.856834e-04	1.894779e-05	
3.807189e-04	2.132982e-05	
4.422647e-04	2.725810e-05	
4.495611e-04	1.927196e-05	
3.133190e-04	2.675650e-05	
3.133190e-04	2.085139e-05	
3.492750e-04	5.343959e-05	
3.492750e-04	7.446114e-05	
4.106778e-04	9.780598e-05	
