1.425783e+01	5.300205e-13	
2.132995e+01	3.841372e-13	
2.484267e+01	1.158407e-12	
2.317034e+01	1.252332e-12	
2.652885e+01	8.040235e-13	
2.815379e+01	3.590850e-11	
2.650867e+01	3.730349e-14	
2.315711e+01	4.226841e-12	
2.483749e+01	3.930190e-13	
2.649664e+01	6.351697e-12	
2.981811e+01	6.961098e-13	
2.480998e+01	9.410916e-12	
2.479335e+01	9.543477e-13	
2.477201e+01	6.703083e-12	
2.646608e+01	4.410250e-12	
2.481176e+01	9.527934e-12	
2.484252e+01	1.652345e-12	
2.318323e+01	1.141309e-12	
2.486156e+01	1.717737e-12	
2.487318e+01	2.208733e-11	
2.482617e+01	3.483658e-12	
2.482828e+01	5.972778e-12	
2.481819e+01	2.715272e-12	
2.481347e+01	3.844314e-11	
2.315779e+01	3.926859e-12	
2.817703e+01	1.012102e-11	
2.314499e+01	5.938583e-13	
2.311798e+01	4.509060e-12	
2.476837e+01	9.686252e-12	
2.481419e+01	1.208811e-12	
2.650341e+01	6.319612e-12	
2.648192e+01	1.292744e-12	
2.483500e+01	2.530753e-12	
2.485045e+01	2.505884e-12	
2.486957e+01	4.829359e-12	
2.482644e+01	9.776846e-12	
2.482959e+01	7.047696e-13	
2.485921e+01	7.858159e-13	
2.136791e+01	8.493206e-14	
1.592326e+01	8.770762e-15	
1.423996e+01	1.445399e-11	
1.965192e+01	3.591334e-13	
2.483385e+01	1.707441e-13	
2.653422e+01	3.377217e-14	
2.652238e+01	4.350244e-16	
2.653896e+01	1.202013e-14	
2.483578e+01	1.032759e-14	
2.312575e+01	6.655639e-15	
2.481283e+01	5.118997e-15	
2.481924e+01	1.055592e-15	
2.314246e+01	4.275680e-15	
2.481381e+01	2.173454e-15	
2.649353e+01	1.706018e-15	
2.814467e+01	1.459977e-15	
2.647976e+01	1.866880e-15	
2.482482e+01	2.857160e-15	
2.485218e+01	1.610680e-15	
2.650874e+01	3.589359e-15	
2.484469e+01	7.086232e-16	
2.650988e+01	7.744803e-15	
2.653862e+01	1.830590e-15	
2.488493e+01	1.133797e-15	
2.490443e+01	2.871487e-16	
2.821705e+01	3.807062e-15	
2.817050e+01	9.022610e-16	
2.314479e+01	1.089013e-15	
2.484124e+01	1.297757e-15	
2.315890e+01	6.824072e-16	
2.651580e+01	1.811211e-15	
2.988058e+01	9.717456e-16	
2.489019e+01	2.111184e-16	
2.653746e+01	1.047068e-15	
2.481697e+01	7.830163e-16	
2.647796e+01	2.095452e-15	
2.650686e+01	1.590899e-15	
2.317683e+01	1.305073e-15	
2.481056e+01	7.552427e-15	
2.647062e+01	2.685207e-13	
1.962722e+01	4.210834e-12	
1.424598e+01	2.574252e-11	
1.800679e+01	3.101963e-13	
2.485592e+01	5.169198e-13	
2.485898e+01	2.613465e-13	
2.484353e+01	5.350165e-13	
2.483843e+01	1.484546e-11	
2.483240e+01	8.744117e-13	
2.482495e+01	1.104983e-11	
2.648745e+01	5.240253e-13	
2.815274e+01	4.943823e-13	
2.313708e+01	1.607603e-13	
2.480753e+01	2.787770e-12	
2.647708e+01	3.408673e-11	
2.478202e+01	4.733103e-12	
2.645392e+01	1.199041e-13	
2.478935e+01	8.495427e-12	
2.647616e+01	1.593614e-12	
2.312483e+01	8.721135e-12	
2.479283e+01	8.528178e-12	
2.481349e+01	1.598943e-12	
2.648250e+01	2.422840e-12	
2.650716e+01	7.432488e-11	
2.484079e+01	1.876632e-11	
2.482666e+01	2.531086e-12	
2.651326e+01	3.401590e-11	
2.484236e+01	2.864442e-11	
2.655063e+01	5.271561e-12	
2.656513e+01	1.936895e-11	
2.821893e+01	1.813916e-11	
2.652356e+01	8.392564e-11	
2.648205e+01	9.633405e-12	
2.310326e+01	6.928347e-12	
2.479686e+01	7.436718e-12	
2.314492e+01	9.559953e-11	
2.654800e+01	1.070777e-11	
2.653337e+01	5.699996e-11	
2.481219e+01	1.432210e-11	
2.648845e+01	5.506040e-12	
1.964051e+01	5.974665e-12	
1.967609e+01	4.086731e-13	
2.652818e+01	1.831868e-14	
2.649149e+01	1.945111e-13	
2.816948e+01	1.158962e-12	
2.481519e+01	9.134915e-13	
2.482405e+01	8.357759e-13	
2.487787e+01	6.681322e-13	
2.659140e+01	5.140333e-14	
2.492290e+01	2.076117e-14	
2.488720e+01	5.962786e-12	
2.647913e+01	6.743495e-12	
2.643679e+01	6.219469e-13	
2.480396e+01	6.733503e-13	
2.483440e+01	1.067479e-12	
2.319254e+01	1.774358e-12	
2.825408e+01	6.346479e-12	
2.491522e+01	3.170797e-13	
2.488316e+01	6.004086e-13	
2.483979e+01	1.982015e-11	
2.313966e+01	5.178968e-12	
2.649922e+01	8.743917e-11	
2.485331e+01	3.388179e-12	
2.320242e+01	2.029932e-12	
2.656952e+01	4.890977e-12	
2.488226e+01	7.932210e-12	
2.653054e+01	6.656786e-12	
2.485017e+01	3.745670e-12	
2.478100e+01	2.260081e-11	
2.477094e+01	1.450173e-12	
2.478259e+01	4.223655e-11	
2.314607e+01	6.372680e-14	
2.483788e+01	1.015477e-11	
2.480405e+01	4.517797e-11	
2.482672e+01	3.140821e-12	
2.320555e+01	5.874856e-12	
2.492399e+01	1.505462e-13	
2.491943e+01	1.988854e-12	
1.969463e+01	1.640077e-11	
2.513379e+01	1.135160e-05	
3.721318e+01	2.280067e-05	
3.380930e+01	4.419537e-06	
3.382499e+01	2.301219e-05	
3.891535e+01	3.053722e-05	
3.891992e+01	4.436712e-05	
3.714575e+01	4.940850e-05	
3.891140e+01	1.086411e-05	
3.553987e+01	1.097549e-05	
3.891766e+01	2.067313e-05	
3.377520e+01	3.679351e-05	
3.372638e+01	3.743737e-05	
3.544549e+01	5.425865e-06	
3.718890e+01	1.102075e-04	
3.208940e+01	1.667423e-05	
3.889807e+01	1.429065e-04	
3.718262e+01	9.614442e-05	
3.388845e+01	1.076393e-04	
3.551487e+01	5.009273e-05	
4.558898e+01	1.232583e-04	
3.709062e+01	1.221972e-05	
3.714197e+01	6.692228e-05	
3.890728e+01	1.433028e-04	
3.378489e+01	3.532345e-05	
3.552465e+01	4.183499e-05	
3.208048e+01	2.537344e-06	
3.543740e+01	9.806633e-05	
3.877284e+01	2.887777e-05	
3.549445e+01	1.456812e-05	
3.554143e+01	5.538796e-06	
3.547530e+01	3.066787e-05	
3.725593e+01	1.186158e-05	
3.559019e+01	4.792525e-06	
3.391094e+01	6.405454e-06	
4.057212e+01	8.335827e-06	
3.543294e+01	3.126696e-05	
3.213481e+01	3.248348e-06	
3.029032e+01	1.755417e-05	
3.203321e+01	1.822440e-05	
4.237875e+01	3.613017e-05	
4.741015e+01	2.440657e-05	
4.243065e+01	6.709116e-06	
4.413903e+01	4.828020e-05	
4.412918e+01	1.704999e-05	
4.243768e+01	1.801252e-05	
4.748435e+01	2.900892e-05	
4.582410e+01	2.815682e-05	
4.413071e+01	2.434419e-05	
4.579518e+01	1.328353e-05	
4.738264e+01	4.702687e-05	
4.569426e+01	5.028797e-05	
4.072934e+01	3.052996e-05	
4.578932e+01	9.901914e-05	
4.071247e+01	1.464493e-04	
4.405449e+01	1.597736e-04	
4.242982e+01	1.738937e-04	
4.244144e+01	9.764200e-05	
4.747038e+01	1.012839e-04	
4.580506e+01	9.001398e-07	
4.749195e+01	5.450138e-05	
4.916058e+01	2.402765e-05	
4.410684e+01	3.544524e-05	
4.072249e+01	1.303444e-05	
4.406677e+01	6.412833e-05	
4.573686e+01	7.995231e-06	
4.747718e+01	7.972553e-05	
4.416119e+01	5.910325e-05	
4.416619e+01	4.468758e-05	
4.577720e+01	9.028370e-06	
4.576783e+01	2.175624e-05	
4.245038e+01	3.637515e-05	
4.245038e+01	3.670008e-05	
4.405178e+01	1.514414e-06	
4.406018e+01	2.054098e-05	
4.240776e+01	3.351274e-05	
3.212013e+01	1.591500e-05	
3.373756e+01	3.289402e-05	
4.065375e+01	7.903374e-07	
4.404568e+01	1.791553e-05	
4.408579e+01	3.058997e-05	
4.576275e+01	2.256949e-05	
4.915048e+01	1.613009e-05	
4.412816e+01	2.022468e-05	
4.916103e+01	4.559649e-06	
4.920249e+01	5.452246e-05	
4.751400e+01	3.401061e-05	
4.748027e+01	3.097252e-05	
4.740972e+01	1.738874e-05	
4.408029e+01	2.808071e-06	
4.414558e+01	6.368998e-05	
4.248626e+01	8.870051e-05	
4.410071e+01	2.864402e-05	
4.574586e+01	3.488249e-05	
4.240530e+01	5.061161e-05	
4.746694e+01	1.029457e-05	
4.749063e+01	4.773447e-05	
4.585180e+01	2.164837e-05	
4.418783e+01	8.276491e-06	
4.413817e+01	9.662868e-06	
4.745084e+01	5.193619e-07	
4.575178e+01	2.910724e-05	
3.902653e+01	7.892498e-06	
4.574795e+01	2.889727e-05	
4.247251e+01	5.394060e-05	
4.752201e+01	6.016568e-05	
4.584004e+01	6.466846e-05	
4.913613e+01	1.000532e-04	
4.570109e+01	4.989012e-05	
4.404367e+01	4.461333e-05	
4.071111e+01	6.254216e-05	
4.405285e+01	1.854183e-06	
4.238034e+01	2.509369e-05	
4.409881e+01	2.393321e-06	
3.713576e+01	3.041561e-05	
3.204642e+01	3.932997e-05	
4.401077e+01	3.752343e-06	
4.564913e+01	6.032119e-06	
4.401629e+01	4.543362e-05	
4.237739e+01	4.756136e-05	
5.245647e+01	9.129117e-05	
4.411067e+01	7.868161e-05	
4.413460e+01	9.019814e-05	
4.583813e+01	8.604308e-05	
4.248668e+01	1.176375e-04	
4.580247e+01	7.005784e-05	
4.576934e+01	3.984324e-05	
4.749608e+01	4.755179e-05	
4.417963e+01	8.956117e-05	
4.586479e+01	7.674856e-05	
4.750176e+01	5.243855e-05	
4.578272e+01	4.109595e-05	
4.577467e+01	2.295289e-05	
4.578800e+01	4.806016e-05	
4.582314e+01	5.125195e-06	
4.583985e+01	1.369803e-05	
4.750666e+01	2.249078e-05	
4.918776e+01	2.598875e-05	
4.913066e+01	1.975645e-05	
4.742927e+01	1.158153e-05	
4.407198e+01	4.497393e-05	
4.578802e+01	1.771001e-05	
4.582258e+01	5.639359e-05	
4.754228e+01	5.944619e-05	
4.418115e+01	1.093351e-04	
4.579167e+01	5.491842e-05	
4.735630e+01	9.664487e-05	
4.233587e+01	8.873470e-05	
4.570381e+01	1.483556e-05	
4.741948e+01	4.340733e-05	
4.077672e+01	8.321311e-05	
4.582594e+01	1.054994e-04	
3.882657e+01	9.422246e-05	
3.209433e+01	4.905557e-05	
4.401425e+01	2.675982e-05	
4.572594e+01	2.707959e-05	
4.575580e+01	5.891505e-05	
4.744297e+01	7.907152e-05	
4.575130e+01	1.104137e-04	
4.577536e+01	4.426273e-05	
4.748121e+01	8.785136e-05	
4.749019e+01	8.827740e-05	
4.582012e+01	5.328788e-05	
5.081956e+01	6.189615e-05	
4.578777e+01	3.431461e-05	
4.752516e+01	5.149460e-05	
4.921358e+01	6.448853e-05	
4.755079e+01	7.154453e-05	
4.922290e+01	3.986368e-05	
4.245737e+01	3.110248e-05	
4.412756e+01	4.461038e-06	
4.242167e+01	2.151088e-05	
4.580277e+01	9.152414e-06	
4.748519e+01	2.039596e-05	
4.748864e+01	5.288597e-05	
4.246144e+01	7.335996e-05	
4.748163e+01	4.544150e-05	
4.581592e+01	6.348282e-05	
4.578101e+01	9.802471e-05	
5.078209e+01	4.921289e-05	
4.580715e+01	8.029993e-05	
4.754418e+01	1.069304e-04	
4.752481e+01	5.797207e-05	
4.245726e+01	7.680063e-05	
4.745201e+01	6.804230e-05	
4.404928e+01	6.535553e-05	
4.574957e+01	1.166070e-05	
4.412150e+01	3.221225e-05	
4.414472e+01	6.302224e-05	
4.412425e+01	7.885380e-05	
3.548345e+01	1.279425e-04	
3.546910e+01	6.629149e-05	
4.410847e+01	9.306472e-05	
4.412284e+01	3.641476e-05	
4.419688e+01	5.082753e-05	
4.411409e+01	9.476038e-05	
4.405824e+01	7.193524e-05	
4.743922e+01	2.709851e-05	
4.746079e+01	7.974403e-05	
4.075614e+01	8.139725e-05	
4.580384e+01	6.446253e-05	
4.749103e+01	4.213554e-05	
4.755450e+01	5.505573e-05	
4.750550e+01	8.720079e-05	
4.751504e+01	7.656325e-05	
4.752025e+01	6.093236e-05	
4.751545e+01	8.261179e-05	
5.080780e+01	6.812008e-05	
4.404640e+01	5.244376e-05	
4.577948e+01	2.088353e-05	
4.750160e+01	7.064790e-05	
4.579185e+01	4.117677e-05	
4.747622e+01	3.581559e-05	
4.246161e+01	6.662051e-05	
4.414164e+01	7.821065e-05	
4.413273e+01	9.737798e-05	
4.248348e+01	7.826548e-05	
4.418286e+01	8.246159e-05	
4.414245e+01	7.183351e-05	
4.586534e+01	1.058463e-04	
4.082679e+01	6.016935e-05	
4.414259e+01	8.369184e-05	
4.410673e+01	5.389115e-05	
4.578362e+01	5.135180e-05	
4.413716e+01	6.337811e-05	
4.919026e+01	6.759546e-05	
4.415297e+01	5.859522e-05	
4.407554e+01	7.500311e-05	
3.710452e+01	8.456163e-05	
3.381430e+01	1.215634e-04	
4.749569e+01	1.288695e-04	
4.758742e+01	7.565629e-05	
4.925810e+01	4.287570e-05	
4.920598e+01	5.840670e-05	
5.078836e+01	1.178505e-04	
4.406488e+01	9.825642e-05	
4.236828e+01	1.021838e-04	
4.570436e+01	1.168659e-04	
4.408618e+01	6.800489e-05	
4.414641e+01	7.991585e-05	
4.754160e+01	9.038979e-05	
4.750656e+01	8.120126e-05	
4.581496e+01	8.123698e-05	
4.752326e+01	5.213538e-05	
4.414367e+01	1.064770e-04	
4.072420e+01	9.516073e-05	
5.076989e+01	5.586407e-05	
4.412593e+01	7.134969e-05	
4.249721e+01	1.014341e-04	
4.584730e+01	7.564443e-05	
5.085958e+01	4.928142e-05	
4.751897e+01	8.053927e-05	
4.747648e+01	1.041069e-04	
4.912049e+01	7.233417e-05	
4.414337e+01	9.048155e-05	
4.586781e+01	8.857637e-05	
4.919199e+01	5.965837e-05	
4.579217e+01	1.074101e-04	
4.577820e+01	1.022071e-04	
4.576333e+01	3.741534e-05	
4.408357e+01	5.285917e-05	
4.577641e+01	3.777000e-05	
4.752574e+01	7.861026e-05	
4.415680e+01	1.083026e-04	
4.749856e+01	7.009996e-05	
4.746206e+01	1.661549e-04	
3.880639e+01	1.301000e-04	
3.889542e+01	1.418522e-04	
4.587707e+01	1.570656e-04	
4.926878e+01	1.132334e-04	
4.760866e+01	8.612319e-05	
4.922930e+01	7.355488e-05	
4.583193e+01	8.013597e-05	
4.409413e+01	1.048599e-04	
4.741815e+01	9.143873e-05	
4.401682e+01	1.021022e-04	
4.408483e+01	9.336077e-05	
4.586845e+01	8.430730e-05	
4.585144e+01	9.853529e-05	
4.414069e+01	1.036497e-04	
4.747095e+01	1.175580e-04	
4.250482e+01	8.724325e-05	
4.587684e+01	1.105701e-04	
4.243289e+01	7.804291e-05	
4.575964e+01	5.244394e-05	
4.411838e+01	7.548858e-05	
4.578085e+01	7.078121e-05	
4.750968e+01	9.005265e-05	
4.246463e+01	7.360279e-05	
4.752690e+01	6.777598e-05	
4.747269e+01	8.933366e-05	
4.578201e+01	5.666167e-05	
4.579969e+01	7.273039e-05	
4.082676e+01	8.153111e-05	
4.584792e+01	7.666235e-05	
4.406567e+01	5.831040e-05	
4.232936e+01	6.828205e-05	
4.399037e+01	5.117738e-05	
4.406173e+01	4.130768e-05	
4.576174e+01	3.347108e-05	
4.588101e+01	6.116927e-05	
4.587698e+01	1.014143e-04	
4.587650e+01	8.823750e-05	
4.922112e+01	1.007752e-04	
3.555167e+01	1.741388e-04	
3.379467e+01	7.551595e-05	
4.413582e+01	1.675024e-04	
4.582210e+01	1.584513e-04	
4.420274e+01	1.158698e-04	
4.753522e+01	1.232899e-04	
4.583909e+01	9.873162e-05	
4.410869e+01	1.045689e-04	
4.240547e+01	1.080585e-04	
4.737878e+01	1.429118e-04	
4.743370e+01	1.080817e-04	
4.583258e+01	1.371489e-04	
4.749536e+01	1.086199e-04	
5.243957e+01	1.184020e-04	
4.573885e+01	9.162650e-05	
4.411690e+01	9.415841e-05	
4.246871e+01	1.089655e-04	
4.580874e+01	8.740500e-05	
4.579988e+01	6.673968e-05	
4.074947e+01	1.013680e-04	
4.741801e+01	8.331083e-05	
4.914446e+01	9.498665e-05	
4.753791e+01	8.323215e-05	
4.586599e+01	8.113948e-05	
4.748214e+01	6.215722e-05	
4.066511e+01	8.809213e-05	
4.574054e+01	7.605125e-05	
4.411514e+01	1.060300e-04	
4.405070e+01	7.003659e-05	
4.233794e+01	9.171259e-05	
4.228196e+01	1.003108e-04	
4.567857e+01	7.852619e-05	
4.238399e+01	1.036766e-04	
4.578508e+01	6.382729e-05	
4.580260e+01	5.753439e-05	
4.419527e+01	1.010075e-04	
4.588693e+01	5.881700e-05	
4.253896e+01	1.165076e-04	
3.555534e+01	1.159269e-04	
3.721817e+01	1.256874e-04	
4.408421e+01	1.574045e-04	
4.576496e+01	1.349147e-04	
4.911595e+01	1.269613e-04	
4.579208e+01	1.238124e-04	
4.582075e+01	1.131937e-04	
4.745944e+01	8.145033e-05	
4.072421e+01	1.202328e-04	
4.407569e+01	8.587377e-05	
4.578909e+01	1.154905e-04	
4.076130e+01	9.752269e-05	
4.576854e+01	1.184899e-04	
4.907682e+01	1.007357e-04	
4.402779e+01	9.995953e-05	
4.913906e+01	1.138551e-04	
4.744196e+01	1.012924e-04	
4.576634e+01	6.686831e-05	
4.748030e+01	8.209594e-05	
4.742880e+01	9.108600e-05	
4.401875e+01	9.729311e-05	
4.912318e+01	1.083304e-04	
5.091385e+01	8.793711e-05	
4.253112e+01	1.044448e-04	
4.749959e+01	8.226415e-05	
4.908266e+01	7.903218e-05	
4.571517e+01	7.921776e-05	
4.745103e+01	5.439443e-05	
4.240309e+01	8.609963e-05	
4.569071e+01	9.968812e-05	
4.397917e+01	1.035920e-04	
4.070337e+01	8.850052e-05	
4.410373e+01	8.755753e-05	
4.412861e+01	1.008533e-04	
4.582102e+01	1.336953e-04	
4.585230e+01	9.376169e-05	
4.586912e+01	1.301660e-04	
4.419067e+01	1.073461e-04	
4.065227e+01	2.120763e-04	
3.552193e+01	5.219688e-05	
4.242484e+01	1.314750e-04	
4.740249e+01	1.947957e-04	
4.908637e+01	1.791994e-04	
4.575795e+01	1.400042e-04	
4.241738e+01	1.335584e-04	
4.746274e+01	1.026651e-04	
4.917510e+01	1.140739e-04	
5.085522e+01	1.208538e-04	
4.583804e+01	1.049060e-04	
4.751046e+01	1.424576e-04	
4.584378e+01	1.286588e-04	
4.746622e+01	1.332839e-04	
4.582470e+01	1.195722e-04	
4.072968e+01	1.506691e-04	
4.744705e+01	1.100173e-04	
4.413190e+01	1.014904e-04	
4.414214e+01	1.004099e-04	
4.573570e+01	8.752672e-05	
4.739520e+01	1.151301e-04	
4.407484e+01	1.021761e-04	
4.083962e+01	1.057044e-04	
4.423128e+01	1.128955e-04	
4.756016e+01	9.959129e-05	
4.746993e+01	8.244254e-05	
4.415099e+01	7.931996e-05	
4.583926e+01	1.180697e-04	
4.245958e+01	1.226040e-04	
4.236857e+01	9.094480e-05	
4.568334e+01	7.608023e-05	
4.573231e+01	9.609049e-05	
4.582450e+01	7.297379e-05	
4.415328e+01	8.068349e-05	
4.414689e+01	1.048456e-04	
4.415923e+01	1.047300e-04	
4.578212e+01	1.468975e-04	
4.579560e+01	1.397305e-04	
3.711728e+01	1.182469e-04	
3.727288e+01	1.747815e-04	
4.247129e+01	1.609565e-04	
4.580755e+01	1.499394e-04	
4.576036e+01	1.277997e-04	
4.242577e+01	1.438053e-04	
4.410369e+01	1.468525e-04	
4.247751e+01	1.138994e-04	
4.419523e+01	1.277561e-04	
4.421066e+01	1.205061e-04	
4.423533e+01	1.126945e-04	
5.088095e+01	1.033292e-04	
4.751904e+01	1.198254e-04	
4.417152e+01	1.032659e-04	
4.749873e+01	1.347599e-04	
4.578964e+01	1.278389e-04	
4.743358e+01	1.088472e-04	
4.576667e+01	1.249214e-04	
4.584200e+01	9.616311e-05	
4.750066e+01	9.218494e-05	
4.401085e+01	1.320913e-04	
4.238725e+01	9.230786e-05	
4.748393e+01	1.355674e-04	
4.247327e+01	1.215606e-04	
4.582891e+01	1.450054e-04	
4.415227e+01	1.010874e-04	
4.756164e+01	9.920457e-05	
4.252477e+01	1.183071e-04	
4.415481e+01	1.012284e-04	
4.410769e+01	1.096814e-04	
4.403429e+01	9.920080e-05	
4.740621e+01	1.159156e-04	
4.575923e+01	8.954991e-05	
4.582781e+01	8.049933e-05	
4.745523e+01	6.665369e-05	
4.578050e+01	9.497835e-05	
4.407626e+01	1.609835e-04	
4.404149e+01	3.613345e-05	
3.376218e+01	1.590496e-04	
4.058769e+01	1.527025e-04	
4.582371e+01	1.933629e-04	
4.583006e+01	1.747555e-04	
4.582758e+01	1.479836e-04	
4.243640e+01	1.142617e-04	
4.239941e+01	1.018151e-04	
4.912338e+01	1.076721e-04	
4.583513e+01	8.941133e-05	
4.586449e+01	1.131656e-04	
4.249675e+01	1.132378e-04	
4.580805e+01	8.736227e-05	
4.413832e+01	1.007031e-04	
4.580704e+01	7.515176e-05	
4.578710e+01	9.537910e-05	
4.575969e+01	9.401670e-05	
4.573716e+01	9.146625e-05	
4.414500e+01	9.647862e-05	
4.754508e+01	8.556427e-05	
4.411837e+01	1.175257e-04	
4.070426e+01	1.077855e-04	
4.737628e+01	1.187675e-04	
4.407446e+01	1.132790e-04	
4.743905e+01	1.290981e-04	
4.915907e+01	8.084000e-05	
4.584979e+01	1.069677e-04	
4.753091e+01	1.088817e-04	
4.751994e+01	9.269170e-05	
4.244468e+01	1.008810e-04	
4.411078e+01	9.730489e-05	
4.571971e+01	1.314273e-04	
4.407552e+01	8.847752e-05	
4.409835e+01	1.150521e-04	
4.575017e+01	7.997848e-05	
4.741240e+01	9.945079e-05	
4.236112e+01	1.018226e-04	
4.576353e+01	9.354103e-05	
4.741160e+01	1.354317e-04	
3.873752e+01	7.163404e-05	
3.889104e+01	1.407468e-04	
4.415413e+01	1.214376e-04	
4.418189e+01	1.345423e-04	
4.914212e+01	1.195643e-04	
4.740152e+01	7.226608e-05	
4.577588e+01	1.020184e-04	
4.911075e+01	7.092690e-05	
4.245609e+01	8.640521e-05	
4.750492e+01	1.038481e-04	
4.741948e+01	8.774122e-05	
4.909721e+01	1.216798e-04	
4.571260e+01	1.161416e-04	
4.575274e+01	1.318031e-04	
4.743085e+01	1.290989e-04	
4.571671e+01	1.181270e-04	
4.739980e+01	1.493023e-04	
4.582633e+01	1.443078e-04	
4.754862e+01	1.257937e-04	
4.919850e+01	1.156881e-04	
4.405169e+01	1.244095e-04	
4.399905e+01	1.080536e-04	
4.574578e+01	1.201343e-04	
4.742850e+01	1.182484e-04	
4.743987e+01	1.131540e-04	
4.581785e+01	1.246569e-04	
5.082789e+01	1.292042e-04	
4.741516e+01	9.788662e-05	
4.738561e+01	9.688529e-05	
4.405937e+01	1.048555e-04	
4.579103e+01	8.372882e-05	
4.244772e+01	1.132212e-04	
4.578681e+01	8.502791e-05	
4.411003e+01	1.011029e-04	
4.573856e+01	3.560644e-05	
4.744282e+01	1.061716e-04	
4.076289e+01	9.878634e-05	
4.409988e+01	1.426231e-04	
3.719562e+01	1.928862e-04	
3.377665e+01	8.300861e-05	
4.747706e+01	1.914462e-04	
4.411499e+01	1.719105e-04	
4.407031e+01	1.472500e-04	
4.744723e+01	1.098410e-04	
4.578833e+01	9.463563e-05	
4.583852e+01	1.301998e-04	
4.417528e+01	1.192144e-04	
4.743465e+01	9.927006e-05	
4.575368e+01	1.046434e-04	
4.738428e+01	1.160643e-04	
4.742132e+01	1.279386e-04	
4.409181e+01	1.505224e-04	
4.578146e+01	1.155643e-04	
4.407489e+01	1.333121e-04	
4.411212e+01	1.257363e-04	
4.412399e+01	1.221521e-04	
4.422195e+01	1.334327e-04	
4.421543e+01	1.313419e-04	
4.408088e+01	9.954808e-05	
4.578127e+01	1.166386e-04	
4.243201e+01	1.251980e-04	
4.745411e+01	1.158301e-04	
4.745313e+01	1.533736e-04	
4.581892e+01	1.228738e-04	
4.415219e+01	1.051560e-04	
4.742566e+01	1.213691e-04	
4.739881e+01	1.209694e-04	
4.406389e+01	1.031384e-04	
4.407239e+01	8.691009e-05	
4.747004e+01	8.625340e-05	
4.918946e+01	6.527807e-05	
4.579362e+01	7.140597e-05	
4.577106e+01	1.059782e-04	
4.746574e+01	1.018240e-04	
4.747598e+01	1.284530e-04	
4.412870e+01	1.094502e-04	
3.557836e+01	2.742012e-04	
4.055812e+01	3.046721e-04	
4.239901e+01	2.010023e-04	
4.573437e+01	1.497203e-04	
4.741863e+01	2.216406e-04	
4.580527e+01	1.244141e-04	
4.253252e+01	1.186034e-04	
4.252123e+01	1.065117e-04	
4.754760e+01	1.158002e-04	
4.248268e+01	9.768609e-05	
4.412044e+01	9.375010e-05	
4.411345e+01	1.204651e-04	
4.413446e+01	1.147507e-04	
4.582026e+01	1.259284e-04	
4.247153e+01	1.018805e-04	
4.242926e+01	9.181934e-05	
4.404952e+01	1.067192e-04	
4.574535e+01	1.155476e-04	
4.412051e+01	1.527102e-04	
4.576810e+01	1.215212e-04	
4.580924e+01	1.310995e-04	
4.917101e+01	1.261740e-04	
4.417256e+01	1.132881e-04	
4.248032e+01	1.278651e-04	
4.918827e+01	1.535187e-04	
4.920960e+01	1.151527e-04	
4.586632e+01	9.491120e-05	
4.075908e+01	1.269698e-04	
4.409355e+01	1.224421e-04	
4.577913e+01	9.185005e-05	
4.746810e+01	1.008176e-04	
4.751894e+01	1.068523e-04	
4.584865e+01	1.077655e-04	
4.913858e+01	9.645114e-05	
4.579118e+01	1.148488e-04	
4.243859e+01	1.271566e-04	
4.582051e+01	4.671727e-05	
4.749654e+01	1.861156e-04	
3.712280e+01	9.796448e-05	
3.203542e+01	1.414664e-04	
4.237176e+01	1.534617e-04	
4.577518e+01	2.338823e-04	
4.578199e+01	1.790116e-04	
4.581842e+01	1.241599e-04	
4.925166e+01	1.268586e-04	
4.422283e+01	1.087937e-04	
4.921628e+01	7.611291e-05	
4.417444e+01	9.440860e-05	
4.756752e+01	1.251683e-04	
4.422779e+01	1.083828e-04	
4.752720e+01	1.182897e-04	
4.581227e+01	1.210704e-04	
4.577113e+01	1.288623e-04	
4.744778e+01	9.956146e-05	
4.571636e+01	1.226347e-04	
4.905264e+01	1.335599e-04	
4.906080e+01	1.074930e-04	
4.907926e+01	1.265098e-04	
4.572661e+01	1.074788e-04	
4.413385e+01	1.144772e-04	
4.581158e+01	9.798380e-05	
4.411323e+01	1.171132e-04	
4.749136e+01	1.175390e-04	
4.418404e+01	9.487188e-05	
4.419162e+01	1.083528e-04	
4.913528e+01	9.420727e-05	
4.745243e+01	8.729802e-05	
4.409987e+01	1.221290e-04	
4.919282e+01	6.965626e-05	
4.925160e+01	9.850885e-05	
4.587244e+01	1.395956e-04	
4.750194e+01	1.288980e-04	
4.915598e+01	1.303201e-04	
4.410848e+01	1.759571e-04	
4.577756e+01	1.128420e-04	
4.243444e+01	1.463837e-04	
3.379316e+01	2.093312e-04	
3.543190e+01	1.011533e-04	
4.238485e+01	2.313298e-04	
4.406955e+01	1.624668e-04	
4.745963e+01	1.746174e-04	
4.746410e+01	1.699231e-04	
3.910014e+01	1.106574e-04	
4.581038e+01	1.220083e-04	
4.916551e+01	1.382901e-04	
4.746940e+01	1.276101e-04	
4.753890e+01	1.247822e-04	
5.091233e+01	1.059946e-04	
4.752277e+01	8.890152e-05	
4.910718e+01	1.168087e-04	
4.913927e+01	9.784229e-05	
4.580904e+01	1.178474e-04	
4.410667e+01	1.048182e-04	
4.574793e+01	1.161280e-04	
4.236159e+01	1.275665e-04	
4.572274e+01	1.250149e-04	
4.741013e+01	1.473845e-04	
4.745142e+01	1.072072e-04	
4.743512e+01	1.292979e-04	
4.576235e+01	9.446827e-05	
4.749235e+01	1.317128e-04	
4.753867e+01	1.129207e-04	
4.754562e+01	1.232834e-04	
4.748556e+01	1.236552e-04	
4.409817e+01	9.336127e-05	
4.747330e+01	7.342301e-05	
4.415736e+01	9.900732e-05	
4.587138e+01	1.044485e-04	
4.422193e+01	1.192376e-04	
4.582426e+01	1.033315e-04	
4.746171e+01	1.255267e-04	
4.580364e+01	1.909179e-04	
4.408428e+01	7.562849e-05	
4.410255e+01	2.023644e-04	
3.373334e+01	1.769768e-04	
3.215040e+01	1.565233e-04	
4.576912e+01	1.791897e-04	
4.411784e+01	2.369993e-04	
4.409028e+01	1.614142e-04	
4.573681e+01	1.241436e-04	
4.410716e+01	1.099933e-04	
4.574564e+01	7.926357e-05	
4.743110e+01	1.267198e-04	
4.748098e+01	1.272771e-04	
4.920072e+01	9.021590e-05	
4.419946e+01	1.008130e-04	
5.087756e+01	9.424722e-05	
4.916564e+01	9.770158e-05	
4.411340e+01	1.062683e-04	
4.244978e+01	1.020516e-04	
4.585020e+01	9.704687e-05	
5.084501e+01	1.126911e-04	
4.915318e+01	9.648502e-05	
4.408319e+01	1.349500e-04	
4.739827e+01	9.862950e-05	
4.241554e+01	1.228044e-04	
4.574969e+01	1.205615e-04	
4.241362e+01	9.621853e-05	
4.582316e+01	1.256069e-04	
4.921238e+01	1.218100e-04	
4.585124e+01	1.350275e-04	
4.413406e+01	9.491998e-05	
4.578253e+01	9.679661e-05	
4.579219e+01	9.861014e-05	
4.578730e+01	1.010452e-04	
4.413259e+01	1.042488e-04	
4.919395e+01	9.886427e-05	
4.580083e+01	1.234014e-04	
4.579447e+01	9.563626e-05	
4.918857e+01	1.881766e-04	
4.746610e+01	1.849097e-04	
4.239642e+01	1.671367e-04	
3.879413e+01	2.269677e-04	
3.889661e+01	1.737213e-04	
4.582660e+01	1.674499e-04	
4.747678e+01	1.326812e-04	
4.575397e+01	8.142616e-05	
4.738649e+01	1.929645e-04	
4.570576e+01	1.318911e-04	
4.574944e+01	1.005634e-04	
4.411439e+01	1.181998e-04	
4.412650e+01	1.055777e-04	
4.925009e+01	1.330117e-04	
4.590794e+01	1.267794e-04	
4.253002e+01	9.711782e-05	
4.748980e+01	1.041818e-04	
4.410049e+01	8.215256e-05	
4.413314e+01	9.722817e-05	
4.583437e+01	9.487257e-05	
4.249017e+01	8.820415e-05	
4.583472e+01	9.562573e-05	
4.413639e+01	9.154084e-05	
4.242621e+01	1.027671e-04	
4.244498e+01	9.798723e-05	
4.073353e+01	1.079579e-04	
4.579761e+01	9.328497e-05	
4.582109e+01	9.525270e-05	
4.587917e+01	1.135915e-04	
4.420557e+01	6.719958e-05	
4.755067e+01	9.342563e-05	
4.413014e+01	9.997695e-05	
4.577599e+01	1.335762e-04	
4.238917e+01	1.229970e-04	
4.908450e+01	7.709507e-05	
4.403886e+01	8.436415e-05	
5.076387e+01	7.767543e-05	
4.743857e+01	1.154335e-04	
4.582124e+01	1.448697e-04	
4.747840e+01	1.443171e-04	
4.743343e+01	2.083245e-04	
3.714541e+01	3.141418e-04	
3.892766e+01	2.388117e-04	
4.415793e+01	2.350194e-04	
4.584097e+01	1.559520e-04	
4.747548e+01	1.044908e-04	
4.907748e+01	1.180720e-04	
4.236855e+01	1.406071e-04	
4.575610e+01	1.499387e-04	
4.247861e+01	1.384377e-04	
4.582312e+01	1.371169e-04	
4.921099e+01	1.140996e-04	
4.760191e+01	8.896044e-05	
4.591133e+01	9.368999e-05	
4.409550e+01	7.967439e-05	
4.241412e+01	8.643556e-05	
4.743215e+01	8.464063e-05	
4.577252e+01	9.986104e-05	
4.414945e+01	1.093992e-04	
4.750872e+01	1.148513e-04	
4.413278e+01	8.305577e-05	
4.911165e+01	1.060526e-04	
4.408952e+01	9.065115e-05	
4.409351e+01	7.160278e-05	
4.577067e+01	9.268797e-05	
4.409714e+01	8.360723e-05	
4.583194e+01	1.248067e-04	
4.921027e+01	1.185934e-04	
4.248150e+01	8.326039e-05	
4.749747e+01	1.098200e-04	
4.406323e+01	1.121479e-04	
4.242882e+01	1.015338e-04	
4.410146e+01	1.321984e-04	
4.741438e+01	8.085379e-05	
4.237827e+01	9.974190e-05	
4.742847e+01	8.696629e-05	
4.244831e+01	1.091688e-04	
4.579703e+01	9.133191e-05	
4.242676e+01	1.299771e-04	
3.717452e+01	1.817113e-04	
3.725074e+01	3.115516e-04	
4.415426e+01	2.325291e-04	
4.080671e+01	1.884046e-04	
4.751277e+01	7.670368e-05	
4.240125e+01	1.447425e-04	
4.746816e+01	1.317434e-04	
4.747891e+01	1.446584e-04	
4.581451e+01	1.328874e-04	
4.917467e+01	9.553212e-05	
4.752550e+01	9.098290e-05	
4.253054e+01	9.316658e-05	
4.753539e+01	1.017692e-04	
4.912697e+01	8.835091e-05	
4.740556e+01	6.015450e-05	
4.072489e+01	7.544491e-05	
4.407274e+01	8.006068e-05	
4.910385e+01	9.928340e-05	
4.241028e+01	8.046308e-05	
4.912149e+01	9.665706e-05	
4.406483e+01	9.768671e-05	
4.404969e+01	9.023723e-05	
4.242844e+01	8.311156e-05	
4.408785e+01	1.009928e-04	
4.574068e+01	8.481620e-05	
4.578902e+01	1.118027e-04	
4.583714e+01	1.091682e-04	
4.584036e+01	7.478077e-05	
4.413479e+01	9.717061e-05	
4.571533e+01	1.201979e-04	
4.408115e+01	1.155192e-04	
4.076348e+01	1.164385e-04	
4.579589e+01	6.097991e-05	
4.743516e+01	4.769868e-05	
4.575251e+01	1.390970e-04	
5.081244e+01	1.628516e-04	
4.745221e+01	1.496614e-04	
4.576538e+01	1.373047e-04	
3.548615e+01	1.630041e-04	
3.714449e+01	3.052870e-04	
4.578460e+01	2.282297e-04	
4.405729e+01	1.972783e-04	
4.415619e+01	1.344795e-04	
4.580871e+01	1.389987e-04	
4.416796e+01	1.160791e-04	
4.411877e+01	1.222748e-04	
4.409811e+01	9.505754e-05	
4.915271e+01	1.075522e-04	
4.915983e+01	9.412380e-05	
4.747105e+01	8.705251e-05	
4.747228e+01	8.867675e-05	
4.742305e+01	7.501025e-05	
4.407701e+01	7.954069e-05	
4.239516e+01	5.223031e-05	
4.570036e+01	7.711543e-05	
4.571394e+01	5.351512e-05	
4.403464e+01	8.401602e-05	
4.405827e+01	8.387936e-05	
4.409063e+01	7.058223e-05	
4.579732e+01	6.186286e-05	
4.245279e+01	6.823362e-05	
4.581513e+01	9.212432e-05	
4.578336e+01	9.066636e-05	
4.913951e+01	6.440502e-05	
4.579549e+01	1.092572e-04	
4.581849e+01	8.268319e-05	
4.916485e+01	5.423195e-05	
4.741091e+01	9.910061e-05	
4.741774e+01	1.358959e-04	
4.749922e+01	7.149492e-05	
4.584691e+01	7.841725e-05	
4.746374e+01	7.147252e-05	
4.576683e+01	1.347314e-04	
4.239439e+01	8.362884e-05	
4.406884e+01	1.179669e-04	
4.404949e+01	8.057411e-05	
3.543978e+01	1.699500e-04	
3.037308e+01	2.682654e-04	
4.232932e+01	2.170491e-04	
4.233134e+01	1.895981e-04	
4.576918e+01	1.083397e-04	
4.580716e+01	1.392878e-04	
4.249312e+01	1.313121e-04	
4.744321e+01	1.061813e-04	
4.741789e+01	1.214167e-04	
4.406306e+01	9.606936e-05	
4.411972e+01	9.757857e-05	
4.581398e+01	1.080001e-04	
4.748241e+01	5.339079e-05	
4.582391e+01	6.341484e-05	
4.578124e+01	7.186426e-05	
4.409126e+01	4.934408e-05	
4.573508e+01	2.639157e-05	
4.568600e+01	6.384853e-05	
4.565646e+01	4.925180e-05	
4.233036e+01	7.497750e-05	
4.576724e+01	7.236641e-05	
4.242805e+01	7.568705e-05	
4.580510e+01	5.614811e-05	
4.411178e+01	8.588269e-05	
4.412032e+01	7.501630e-05	
4.917777e+01	5.790843e-05	
4.921651e+01	1.038866e-04	
4.585092e+01	1.018220e-04	
4.248928e+01	7.897800e-05	
4.577880e+01	7.751705e-05	
4.413629e+01	9.568849e-05	
4.922672e+01	8.050892e-05	
4.757563e+01	6.622075e-05	
4.921973e+01	1.146656e-04	
4.412044e+01	1.139770e-04	
4.408633e+01	1.489060e-04	
4.738079e+01	5.610277e-05	
4.403576e+01	1.980423e-04	
3.378206e+01	1.981392e-04	
3.707824e+01	2.228145e-04	
4.231859e+01	1.653138e-04	
4.566692e+01	6.882543e-05	
4.406298e+01	9.604575e-05	
4.413481e+01	1.208531e-04	
4.412765e+01	9.606062e-05	
4.740906e+01	1.536057e-04	
4.573528e+01	9.042197e-05	
4.411200e+01	6.882692e-05	
4.413349e+01	8.068028e-05	
4.581863e+01	8.389444e-05	
4.247747e+01	6.278115e-05	
4.754694e+01	8.347618e-05	
4.419013e+01	6.748483e-05	
4.753379e+01	5.316166e-05	
4.582731e+01	4.804100e-05	
4.235505e+01	5.615127e-05	
4.067788e+01	4.869818e-05	
4.408419e+01	3.512865e-05	
4.241113e+01	5.463934e-05	
4.406444e+01	7.168311e-05	
4.243207e+01	6.904587e-05	
4.578413e+01	6.735121e-05	
4.246891e+01	7.195774e-05	
4.750807e+01	6.967922e-05	
4.414766e+01	7.805806e-05	
4.583286e+01	8.820780e-05	
4.583990e+01	5.061096e-05	
4.578444e+01	6.741451e-05	
4.919388e+01	8.221381e-05	
4.922847e+01	7.040865e-05	
4.588854e+01	7.906049e-05	
4.412433e+01	7.570132e-05	
5.078873e+01	1.636796e-04	
4.403242e+01	9.228981e-05	
4.400921e+01	1.486378e-04	
4.571140e+01	1.158918e-04	
3.382443e+01	2.852257e-04	
3.557188e+01	2.542333e-04	
4.244458e+01	1.797149e-04	
4.406966e+01	1.715821e-04	
4.073386e+01	7.637047e-05	
4.245472e+01	1.100469e-04	
4.409404e+01	1.445598e-04	
4.571221e+01	1.146268e-04	
4.576708e+01	7.423316e-05	
4.078749e+01	8.568264e-05	
4.746356e+01	1.039815e-04	
4.910934e+01	4.880058e-05	
4.745137e+01	6.155484e-05	
4.747246e+01	6.601628e-05	
4.752746e+01	6.199387e-05	
4.751235e+01	6.078924e-05	
4.582699e+01	5.848391e-05	
4.577410e+01	5.847168e-05	
4.412507e+01	6.733841e-05	
4.243956e+01	6.715491e-05	
4.410591e+01	4.264932e-05	
4.405220e+01	7.138291e-05	
4.400279e+01	7.372579e-05	
4.237417e+01	4.510167e-05	
4.747781e+01	7.854792e-05	
4.579824e+01	4.826226e-05	
4.750221e+01	7.808971e-05	
4.580858e+01	7.323413e-05	
4.414711e+01	4.777421e-05	
4.583119e+01	3.875201e-05	
4.588558e+01	5.896401e-05	
4.588771e+01	8.214399e-05	
5.090775e+01	4.675419e-05	
4.241535e+01	9.178821e-05	
4.572752e+01	8.461925e-05	
4.571997e+01	1.253996e-04	
4.574312e+01	4.164843e-05	
4.740561e+01	1.271868e-04	
3.379423e+01	3.249151e-04	
3.386903e+01	8.402179e-05	
4.081493e+01	1.775775e-04	
4.410514e+01	9.158195e-05	
4.743395e+01	1.147832e-04	
4.241436e+01	1.177274e-04	
4.234065e+01	1.026461e-04	
4.569029e+01	1.242190e-04	
3.905969e+01	5.829670e-05	
4.412968e+01	8.958191e-05	
4.580637e+01	8.717891e-05	
4.407856e+01	4.268993e-05	
4.744787e+01	2.562729e-05	
4.583172e+01	6.484221e-05	
4.751886e+01	5.318887e-05	
4.583554e+01	5.608803e-05	
4.585018e+01	5.193962e-05	
4.581754e+01	2.578291e-05	
4.753782e+01	3.620064e-05	
4.246608e+01	3.972953e-05	
4.414780e+01	3.881390e-05	
4.904940e+01	2.560243e-05	
4.735262e+01	4.608445e-05	
4.739907e+01	5.952626e-05	
4.239324e+01	3.329366e-05	
4.577396e+01	6.905865e-05	
4.576866e+01	5.852953e-05	
4.243318e+01	5.613212e-05	
4.745397e+01	9.411761e-05	
4.583303e+01	6.403206e-05	
4.590659e+01	8.492042e-05	
4.589756e+01	7.255223e-05	
4.751221e+01	8.749304e-05	
4.741551e+01	1.687949e-05	
4.407001e+01	1.349663e-04	
4.749406e+01	8.593407e-05	
4.414411e+01	9.326955e-05	
4.577290e+01	1.694709e-04	
3.207260e+01	3.006138e-04	
3.895097e+01	1.752758e-04	
4.415596e+01	1.246191e-04	
5.082038e+01	7.164216e-05	
4.572843e+01	2.631970e-05	
4.401069e+01	9.541248e-05	
4.737556e+01	1.210970e-04	
4.399707e+01	1.023834e-04	
4.410545e+01	8.529950e-05	
4.243059e+01	8.777376e-05	
4.242786e+01	1.297976e-04	
4.750752e+01	5.583485e-05	
5.090196e+01	5.442448e-05	
4.753014e+01	6.411723e-05	
5.086604e+01	3.959053e-05	
4.915649e+01	8.013171e-05	
4.584186e+01	5.322277e-05	
4.582554e+01	3.436492e-05	
4.416101e+01	4.876057e-05	
4.247544e+01	7.450064e-05	
4.247460e+01	5.433905e-05	
4.913054e+01	2.594140e-05	
4.570981e+01	5.252955e-05	
4.240290e+01	4.388567e-05	
4.575886e+01	4.800618e-05	
4.743523e+01	5.498415e-05	
4.574921e+01	4.199336e-05	
4.406631e+01	5.865212e-05	
4.409192e+01	5.981743e-05	
4.748356e+01	4.539369e-05	
4.252241e+01	1.012140e-04	
4.925677e+01	8.234751e-05	
4.582352e+01	4.612805e-05	
4.409294e+01	7.227093e-05	
4.917089e+01	9.595750e-05	
4.422430e+01	1.404721e-04	
4.248653e+01	8.058441e-05	
4.411527e+01	1.238902e-04	
4.054270e+01	3.897313e-04	
3.556063e+01	7.784497e-05	
4.923598e+01	1.258745e-04	
4.416379e+01	1.498844e-04	
4.745813e+01	8.995043e-05	
4.745863e+01	1.300255e-04	
4.238795e+01	1.481421e-04	
4.574899e+01	1.222899e-04	
4.411697e+01	1.085707e-04	
4.241525e+01	7.834492e-05	
4.745739e+01	8.027411e-05	
4.249079e+01	3.956507e-05	
4.258810e+01	4.989555e-05	
4.595205e+01	3.831649e-05	
5.260962e+01	9.485214e-06	
4.913795e+01	5.822673e-05	
4.580935e+01	4.913672e-05	
4.747153e+01	2.113033e-05	
4.413828e+01	4.183723e-05	
4.575525e+01	1.984756e-05	
4.579869e+01	5.060831e-05	
4.243031e+01	2.669601e-05	
4.580205e+01	2.017840e-05	
5.082326e+01	3.126024e-05	
4.579152e+01	3.438853e-05	
4.410261e+01	4.099173e-05	
4.576816e+01	6.183344e-05	
4.580118e+01	5.013582e-05	
4.576967e+01	3.985491e-05	
4.413647e+01	4.979703e-05	
4.581730e+01	6.631812e-05	
4.586600e+01	5.284926e-05	
4.585048e+01	6.539746e-05	
4.747927e+01	1.057403e-04	
4.247642e+01	6.515365e-05	
4.421337e+01	1.470823e-04	
4.754719e+01	1.194471e-04	
4.749195e+01	1.079805e-04	
3.202017e+01	1.448629e-04	
3.723256e+01	3.402173e-04	
4.416277e+01	1.995952e-04	
4.586585e+01	1.526182e-04	
4.752315e+01	7.664434e-05	
4.415900e+01	1.392214e-04	
4.248141e+01	9.036500e-05	
4.074156e+01	1.122277e-04	
4.410712e+01	4.549360e-05	
4.237611e+01	6.041331e-05	
4.576522e+01	5.373969e-05	
4.584117e+01	3.785201e-05	
5.092799e+01	5.943846e-05	
4.428975e+01	3.176261e-05	
4.757397e+01	3.157125e-05	
4.585024e+01	3.983079e-05	
4.585727e+01	5.762325e-05	
4.416718e+01	2.127350e-05	
4.244151e+01	2.009887e-05	
4.576424e+01	2.848356e-05	
4.573692e+01	4.726551e-05	
4.575588e+01	2.468225e-05	
4.746909e+01	2.218917e-05	
4.412781e+01	2.458187e-05	
4.750005e+01	1.537438e-05	
4.747277e+01	2.692090e-05	
4.411548e+01	3.675743e-05	
4.580628e+01	6.572911e-05	
4.240797e+01	3.656280e-05	
4.406152e+01	7.032657e-05	
4.239015e+01	5.145645e-05	
4.580697e+01	6.969824e-05	
4.580149e+01	6.029781e-05	
4.584634e+01	8.378818e-05	
4.584581e+01	9.789635e-05	
5.088405e+01	1.625932e-04	
4.585855e+01	1.446220e-04	
4.579851e+01	2.818551e-05	
3.714771e+01	1.088394e-04	
3.715342e+01	2.635605e-04	
4.578574e+01	1.990695e-04	
4.751179e+01	1.407063e-04	
4.588103e+01	6.336107e-05	
4.756851e+01	6.389950e-05	
4.587235e+01	8.333601e-05	
4.748070e+01	5.741099e-05	
4.742817e+01	6.653650e-05	
4.740353e+01	4.949700e-05	
4.238161e+01	6.089937e-05	
4.744432e+01	6.261582e-05	
4.414621e+01	6.414655e-05	
4.755716e+01	5.351209e-05	
4.586957e+01	3.212754e-05	
4.748193e+01	3.154995e-05	
4.913599e+01	2.351084e-05	
4.416425e+01	4.876129e-05	
4.920962e+01	3.010753e-05	
4.580923e+01	3.881278e-05	
4.910581e+01	4.760152e-05	
4.746296e+01	4.125982e-05	
4.744493e+01	5.992482e-05	
4.412949e+01	2.981285e-05	
4.416099e+01	4.451845e-05	
4.579388e+01	3.066858e-05	
4.241331e+01	2.774624e-05	
4.238472e+01	2.408104e-05	
4.069929e+01	2.818943e-05	
4.400175e+01	3.143108e-05	
4.231887e+01	5.684944e-05	
4.744706e+01	6.950606e-05	
4.578716e+01	5.496616e-05	
4.076592e+01	1.166539e-04	
4.920010e+01	1.074705e-04	
4.753586e+01	1.338663e-04	
4.079300e+01	1.127458e-04	
4.415087e+01	5.253497e-05	
3.892284e+01	1.834248e-04	
3.712744e+01	1.235659e-04	
4.407593e+01	2.016199e-04	
4.750687e+01	1.754922e-04	
5.087382e+01	1.708678e-04	
5.257980e+01	1.085890e-04	
4.587707e+01	6.525405e-05	
4.582342e+01	8.844819e-05	
4.746723e+01	7.779584e-05	
4.405775e+01	6.298609e-05	
4.407292e+01	6.497569e-05	
4.070447e+01	2.954596e-05	
4.408608e+01	1.891487e-05	
4.578671e+01	2.620664e-05	
4.242783e+01	4.179265e-05	
4.575725e+01	2.806842e-05	
4.576909e+01	1.627193e-05	
4.420905e+01	3.500917e-05	
4.756264e+01	3.847628e-05	
4.425044e+01	2.289976e-05	
4.252152e+01	4.057088e-05	
4.750037e+01	5.482111e-05	
4.579240e+01	5.337344e-05	
4.746565e+01	3.945605e-05	
4.580280e+01	4.692254e-05	
4.240054e+01	1.735472e-05	
4.404966e+01	1.611048e-05	
4.570723e+01	2.806220e-05	
4.566400e+01	2.581693e-05	
4.063086e+01	2.368926e-05	
4.233165e+01	3.227385e-05	
4.071984e+01	5.990089e-05	
4.411317e+01	7.333092e-05	
4.414284e+01	7.161948e-05	
4.415303e+01	9.472833e-05	
4.414176e+01	8.422422e-05	
4.750685e+01	1.007744e-04	
4.243865e+01	1.508270e-04	
3.383352e+01	1.846617e-04	
3.888266e+01	1.668849e-04	
4.414923e+01	2.085943e-04	
4.918236e+01	1.717407e-04	
4.750128e+01	1.098323e-04	
4.583053e+01	1.135240e-04	
4.756161e+01	6.206340e-05	
4.418825e+01	6.230155e-05	
4.584752e+01	4.738215e-05	
4.406281e+01	3.586722e-05	
4.234659e+01	5.308465e-06	
4.569725e+01	2.770499e-05	
4.234717e+01	2.474449e-05	
4.401213e+01	1.976574e-05	
4.570518e+01	6.568409e-05	
4.230128e+01	4.282874e-05	
4.403150e+01	3.507142e-05	
4.584696e+01	7.173534e-05	
5.092287e+01	2.349854e-05	
4.597779e+01	2.306953e-05	
4.591284e+01	3.709999e-05	
4.588626e+01	3.689736e-05	
4.744692e+01	4.642510e-05	
4.577859e+01	3.415393e-05	
4.412226e+01	2.116823e-05	
4.911039e+01	3.846609e-05	
4.239337e+01	2.415801e-05	
4.234057e+01	6.138172e-05	
3.897915e+01	4.465721e-05	
4.402739e+01	1.894122e-05	
4.235727e+01	4.296639e-05	
4.069719e+01	4.778212e-05	
4.238830e+01	4.796932e-05	
4.404849e+01	8.409727e-05	
4.580843e+01	6.001357e-05	
4.409873e+01	3.554614e-05	
4.574158e+01	2.357749e-05	
4.576046e+01	1.965837e-04	
3.545538e+01	2.142498e-04	
3.896091e+01	2.309529e-04	
4.418279e+01	1.997155e-04	
4.414002e+01	4.967814e-05	
4.748063e+01	1.078712e-04	
4.747586e+01	4.571169e-05	
4.419091e+01	6.390422e-05	
4.418228e+01	4.350250e-05	
4.409974e+01	5.121874e-05	
4.907458e+01	2.472124e-05	
4.232525e+01	2.411436e-05	
4.571312e+01	3.229825e-05	
4.577476e+01	2.396048e-05	
4.573685e+01	1.535401e-05	
4.571527e+01	4.312074e-05	
4.397849e+01	3.964449e-05	
4.399248e+01	3.691781e-05	
5.080225e+01	4.856031e-05	
4.924791e+01	3.207365e-05	
4.763195e+01	2.519889e-05	
4.589455e+01	2.507123e-05	
4.918794e+01	5.463456e-05	
4.575776e+01	3.850887e-05	
4.744442e+01	3.734806e-05	
4.579872e+01	2.621353e-05	
4.580448e+01	2.996235e-05	
4.073785e+01	4.121725e-05	
4.578099e+01	1.860399e-05	
4.239995e+01	3.482368e-05	
4.239649e+01	1.747838e-05	
4.236027e+01	2.950606e-05	
4.068765e+01	5.361857e-05	
4.568188e+01	6.840823e-05	
4.909683e+01	2.050418e-05	
4.241377e+01	9.191242e-05	
4.911079e+01	6.861066e-05	
4.237578e+01	1.258113e-04	
4.232995e+01	2.797335e-04	
3.373775e+01	3.059167e-04	
3.892065e+01	1.337112e-04	
4.584695e+01	1.157846e-04	
4.414502e+01	3.084047e-05	
4.912635e+01	4.471175e-05	
4.237419e+01	6.061065e-05	
4.242442e+01	5.025078e-05	
4.576771e+01	6.845751e-05	
4.404205e+01	7.216884e-05	
4.569149e+01	6.597965e-05	
4.742076e+01	3.233032e-05	
4.413780e+01	3.782713e-05	
4.754921e+01	3.228711e-05	
4.922282e+01	4.729146e-05	
4.246444e+01	5.117798e-05	
4.403629e+01	6.720242e-05	
4.399165e+01	6.538777e-05	
4.743542e+01	6.030241e-05	
4.916550e+01	5.961523e-05	
4.925439e+01	5.807459e-05	
4.917301e+01	3.943079e-05	
4.745950e+01	2.759833e-05	
4.573031e+01	2.902533e-05	
4.577347e+01	1.108752e-05	
4.245781e+01	1.103390e-05	
4.914131e+01	2.560390e-05	
4.579099e+01	7.465658e-06	
4.412666e+01	2.307694e-05	
4.580523e+01	9.149935e-06	
4.073419e+01	2.447617e-06	
4.237963e+01	3.996038e-05	
4.575072e+01	6.933275e-05	
4.745675e+01	4.506861e-06	
4.414551e+01	1.936540e-05	
4.414721e+01	5.069309e-05	
4.408982e+01	7.448841e-05	
4.575352e+01	1.039598e-04	
4.234291e+01	2.301954e-04	
3.378102e+01	3.557476e-04	
3.886996e+01	5.194550e-05	
4.415118e+01	1.023591e-04	
4.917218e+01	1.186577e-04	
4.576550e+01	9.274117e-05	
4.409376e+01	7.272148e-05	
4.405893e+01	7.470520e-05	
4.402426e+01	2.771069e-05	
4.403799e+01	5.886718e-05	
4.241978e+01	5.115637e-05	
4.415846e+01	4.712430e-05	
4.592240e+01	4.818509e-05	
4.762046e+01	2.844650e-05	
4.589668e+01	4.557804e-05	
4.417095e+01	2.277199e-05	
4.571434e+01	3.438425e-05	
4.234903e+01	4.544797e-05	
4.236768e+01	2.906450e-05	
4.579181e+01	4.921479e-05	
4.585649e+01	5.709243e-05	
4.411417e+01	2.768141e-05	
4.576872e+01	3.671279e-05	
4.744307e+01	2.329573e-05	
4.411947e+01	6.287360e-06	
4.411461e+01	1.846381e-05	
4.409196e+01	2.329636e-05	
4.409557e+01	3.053206e-05	
4.410514e+01	2.560529e-06	
4.581411e+01	1.242840e-06	
4.747949e+01	1.933548e-05	
4.579050e+01	2.775092e-06	
4.415702e+01	5.617714e-06	
4.248644e+01	3.381661e-05	
4.584847e+01	4.289247e-05	
4.755376e+01	1.058361e-04	
4.579934e+01	7.616406e-05	
4.066441e+01	5.548524e-06	
4.234843e+01	9.714244e-05	
3.211049e+01	2.983089e-04	
3.722237e+01	2.629242e-04	
4.413392e+01	2.221521e-04	
4.583492e+01	7.855252e-05	
4.247167e+01	4.979821e-05	
4.245115e+01	4.481723e-05	
4.574179e+01	1.833855e-05	
4.236314e+01	6.337909e-05	
4.238540e+01	4.611825e-05	
4.411789e+01	5.247422e-05	
4.250262e+01	2.406133e-05	
4.755403e+01	2.276960e-05	
4.761766e+01	2.939126e-05	
4.587592e+01	3.035598e-05	
4.747200e+01	2.000568e-05	
4.574044e+01	1.153672e-06	
4.571838e+01	3.127481e-05	
4.576106e+01	3.089525e-05	
4.242961e+01	4.208438e-05	
4.413255e+01	4.395796e-05	
4.913328e+01	4.582171e-05	
4.241735e+01	1.807547e-05	
4.579296e+01	5.629306e-06	
4.580095e+01	3.944676e-06	
4.575527e+01	1.733773e-05	
4.741505e+01	1.056671e-05	
4.406700e+01	9.325334e-06	
4.578148e+01	8.317501e-06	
4.244637e+01	1.178360e-05	
4.415404e+01	7.029873e-06	
4.585058e+01	1.475820e-05	
4.583755e+01	5.524135e-06	
4.418796e+01	1.002326e-05	
4.251347e+01	4.020207e-05	
4.918338e+01	8.552441e-05	
4.577155e+01	4.901986e-05	
4.567640e+01	2.985809e-05	
4.232437e+01	5.735095e-05	
3.207203e+01	3.089081e-04	
2.684797e+01	5.387508e-05	
3.550012e+01	9.025070e-05	
3.891155e+01	1.003672e-04	
3.387597e+01	4.342872e-05	
3.383564e+01	2.674398e-05	
3.550068e+01	3.107932e-05	
3.381166e+01	9.866989e-06	
3.380335e+01	2.077366e-05	
4.055901e+01	8.939582e-06	
3.891584e+01	2.163800e-05	
3.719662e+01	1.189863e-05	
4.232011e+01	2.361404e-05	
3.549894e+01	2.103760e-05	
3.875920e+01	3.382133e-05	
3.374135e+01	2.886546e-05	
3.540349e+01	2.526338e-05	
3.891004e+01	5.533181e-05	
3.373335e+01	1.312836e-05	
4.058374e+01	6.116135e-05	
3.372370e+01	2.635709e-05	
3.547560e+01	1.652935e-05	
3.387078e+01	2.649076e-05	
3.550940e+01	3.142867e-05	
3.540242e+01	1.944484e-05	
3.541705e+01	1.377715e-05	
3.712850e+01	1.394432e-05	
3.550428e+01	1.300913e-05	
3.722330e+01	1.149588e-05	
3.550715e+01	6.513678e-06	
3.389614e+01	1.788888e-05	
3.549977e+01	2.012646e-05	
3.882298e+01	4.769240e-05	
3.888571e+01	6.328812e-07	
3.552134e+01	3.569959e-05	
3.040608e+01	4.770553e-06	
3.375212e+01	3.155031e-05	
3.714599e+01	1.024011e-04	
2.680945e+01	1.832293e-04	
