3.243088e-01	3.925749e-13	
3.411023e-01	3.064216e-13	
3.796672e-01	8.859580e-14	
4.063386e-01	1.051936e-12	
4.624840e-01	5.266898e-13	
3.920481e-01	1.756373e-12	
4.581468e-01	4.687806e-11	
5.259313e-01	1.811884e-13	
3.647663e-01	3.828493e-12	
3.608457e-01	2.397638e-12	
4.405694e-01	2.346989e-11	
4.422443e-01	7.709167e-12	
3.683525e-01	5.221379e-13	
4.037107e-01	1.878608e-12	
4.215718e-01	2.727263e-12	
3.852291e-01	4.651834e-13	
3.445985e-01	1.051670e-11	
4.735975e-01	1.217915e-12	
4.673571e-01	3.768097e-12	
4.583686e-01	1.871403e-11	
4.699624e-01	2.322587e-13	
4.048214e-01	1.806022e-11	
4.610755e-01	2.873257e-13	
4.463242e-01	6.836864e-12	
2.672223e-01	4.128808e-12	
3.799363e-01	6.901479e-12	
3.842681e-01	2.151057e-12	
3.880418e-01	4.859668e-12	
4.723954e-01	4.982459e-12	
3.912491e-01	1.031911e-10	
4.005346e-01	3.175238e-12	
4.713149e-01	1.336331e-11	
4.680990e-01	3.263945e-12	
5.304192e-01	5.860756e-12	
3.970452e-01	2.447043e-12	
3.838008e-01	9.523493e-13	
4.351976e-01	5.041967e-12	
3.674019e-01	1.338263e-12	
3.331675e-01	8.837375e-14	
3.155854e-01	8.026912e-14	
3.252549e-01	1.949996e-12	
2.770511e-01	1.820211e-13	
5.357849e-01	1.544828e-13	
5.403952e-01	1.781233e-14	
3.691609e-01	3.828215e-14	
3.997199e-01	2.474732e-14	
4.887282e-01	1.212369e-14	
4.651901e-01	3.262568e-15	
3.976336e-01	5.235338e-15	
4.682216e-01	2.111184e-16	
4.209591e-01	8.162663e-15	
3.914593e-01	2.354575e-15	
3.962618e-01	0	
3.839731e-01	6.488787e-16	
3.767261e-01	1.711307e-15	
3.863601e-01	2.255652e-15	
3.577526e-01	3.660636e-15	
4.251749e-01	2.584338e-15	
3.980272e-01	2.125869e-15	
3.465091e-01	2.534663e-15	
4.653966e-01	1.408146e-16	
4.581927e-01	2.834493e-16	
4.610535e-01	5.742974e-16	
3.398404e-01	1.024978e-15	
3.892688e-01	2.857160e-15	
3.891263e-01	1.555734e-16	
4.150643e-01	2.271075e-15	
4.542605e-01	2.047222e-15	
5.252394e-01	0	
4.464709e-01	9.717456e-16	
5.252692e-01	6.333551e-16	
4.512585e-01	2.326817e-16	
3.752255e-01	0	
3.977244e-01	1.197401e-15	
4.171366e-01	7.070664e-16	
4.037543e-01	3.045171e-15	
5.299838e-01	2.849972e-15	
5.351771e-01	9.047979e-14	
4.737919e-01	7.646066e-13	
3.331901e-01	6.936451e-12	
2.769700e-01	1.065814e-14	
3.874520e-01	1.519118e-12	
4.114766e-01	1.971978e-12	
4.018424e-01	1.834977e-12	
4.514663e-01	3.995027e-12	
3.388741e-01	5.553669e-12	
4.818727e-01	1.803446e-12	
3.644000e-01	1.508904e-12	
4.069353e-01	7.790879e-12	
3.410875e-01	1.599276e-12	
4.574535e-01	3.155920e-12	
4.141595e-01	1.217004e-11	
3.407884e-01	2.820255e-11	
3.930732e-01	3.995027e-12	
4.691282e-01	5.178080e-12	
4.692652e-01	9.222623e-12	
4.635251e-01	1.438405e-12	
4.913373e-01	1.172651e-10	
3.981449e-01	4.273359e-12	
4.708953e-01	1.041622e-11	
4.260320e-01	3.804290e-12	
4.671571e-01	1.755263e-12	
4.700517e-01	2.399192e-12	
4.017311e-01	1.468703e-11	
4.776347e-01	1.543514e-10	
3.887555e-01	2.579514e-11	
3.473993e-01	3.128608e-13	
3.426700e-01	4.643275e-11	
4.403571e-01	1.676859e-11	
4.586492e-01	4.202816e-11	
4.598222e-01	2.672396e-11	
3.317406e-01	5.665024e-12	
4.384636e-01	2.417622e-12	
3.364830e-01	2.335521e-11	
3.727302e-01	6.482814e-12	
4.452108e-01	2.591793e-11	
4.522602e-01	1.959999e-11	
4.121975e-01	1.412781e-11	
3.336029e-01	1.154632e-14	
3.784676e-01	4.178879e-13	
3.850558e-01	1.712852e-12	
4.669376e-01	2.506440e-12	
5.428891e-01	2.040590e-11	
4.164583e-01	4.494183e-13	
3.161534e-01	2.710054e-12	
3.548816e-01	2.497780e-12	
3.410114e-01	9.152679e-13	
4.291105e-01	2.152989e-11	
4.057836e-01	7.492007e-12	
3.158500e-01	3.868017e-13	
4.642235e-01	2.133971e-11	
3.497209e-01	5.269452e-11	
4.467951e-01	7.402967e-13	
4.402187e-01	6.825873e-12	
5.136423e-01	1.260325e-12	
4.434133e-01	6.661338e-13	
4.476822e-01	1.635136e-12	
4.506697e-01	2.208611e-11	
4.541234e-01	4.680700e-13	
4.531712e-01	2.172018e-11	
5.226995e-01	4.996226e-12	
5.274724e-01	9.373280e-12	
4.322778e-01	8.561374e-12	
3.734463e-01	3.014922e-12	
4.374376e-01	8.588130e-11	
4.359419e-01	2.563794e-11	
4.656460e-01	1.076916e-14	
4.282180e-01	1.440870e-11	
3.567393e-01	7.303880e-11	
3.927167e-01	9.142398e-11	
4.097440e-01	2.170975e-11	
4.246994e-01	5.154399e-11	
4.255820e-01	3.057088e-11	
4.293667e-01	1.458478e-11	
4.862551e-01	1.750711e-12	
4.234478e-01	7.248868e-12	
3.771630e-01	1.309326e-05	
2.891776e-01	3.425579e-07	
2.039268e-01	2.613641e-05	
2.909776e-01	4.543004e-05	
3.358802e-01	8.041936e-05	
3.268923e-01	6.080238e-05	
3.081852e-01	5.501742e-05	
3.181361e-01	1.432271e-05	
2.180038e-01	1.623330e-04	
1.686268e-01	1.261554e-04	
3.038506e-01	1.074503e-04	
4.148587e-01	2.021944e-04	
3.850533e-01	1.715332e-04	
2.570361e-01	6.332772e-05	
2.129637e-01	2.395909e-04	
3.430091e-01	1.497127e-04	
2.794869e-01	4.029967e-05	
1.956396e-01	1.622665e-04	
2.968921e-01	5.863059e-05	
2.532125e-01	2.116659e-04	
2.267362e-01	7.296032e-05	
2.955766e-01	1.490994e-04	
3.480803e-01	1.739576e-04	
3.087034e-01	1.666770e-04	
3.486911e-01	1.264423e-04	
3.603866e-01	2.136602e-04	
2.398387e-01	2.005588e-04	
3.295701e-01	1.435537e-04	
2.629996e-01	4.547789e-05	
3.057080e-01	7.515171e-05	
2.298032e-01	5.218043e-05	
1.861003e-01	1.015161e-04	
3.039795e-01	5.419288e-05	
3.687473e-01	1.558614e-05	
2.290196e-01	1.992518e-05	
3.001822e-01	5.035834e-05	
3.058853e-01	8.935358e-06	
4.414534e-01	1.511331e-06	
2.887777e-01	1.676319e-06	
8.703393e-02	1.074855e-05	
1.446585e-01	3.120819e-05	
4.164616e-02	8.438084e-05	
1.451055e-01	9.689204e-05	
1.478226e-01	7.902674e-05	
3.110727e-02	8.444766e-05	
5.400728e-02	1.167085e-04	
2.412404e-02	1.574477e-04	
1.924803e-02	1.501967e-04	
2.059408e-02	1.239789e-04	
4.567232e-02	1.827518e-04	
1.706691e-01	1.372730e-04	
1.148692e-01	1.439660e-04	
6.380995e-02	1.110866e-04	
8.323861e-02	1.124972e-04	
1.398297e-01	1.002168e-04	
1.086727e-01	1.190493e-04	
1.440994e-01	1.027348e-04	
1.556281e-01	1.511792e-04	
5.882700e-02	1.151328e-04	
4.179983e-02	1.346825e-04	
1.201299e-01	9.695465e-05	
8.218326e-02	1.890834e-04	
5.102958e-02	4.839492e-05	
2.258158e-01	1.408165e-04	
4.110637e-02	1.251412e-04	
9.420717e-02	9.593275e-05	
8.561689e-02	9.909286e-05	
3.473377e-02	9.565128e-05	
1.486256e-01	1.289518e-04	
5.274709e-02	1.011970e-04	
1.753060e-01	5.369558e-05	
1.360428e-01	3.810856e-05	
1.229266e-01	1.301928e-05	
1.043445e-01	7.534253e-06	
7.479196e-02	2.342762e-05	
3.785316e-01	4.890221e-06	
2.651099e-01	1.020209e-05	
2.820896e-02	4.885764e-05	
7.748726e-02	5.607549e-05	
5.852870e-02	5.308191e-05	
7.331131e-02	4.054577e-05	
1.499149e-01	3.121040e-05	
5.513361e-02	6.552741e-05	
1.029106e-01	9.020652e-05	
2.222514e-01	4.995865e-05	
1.671012e-01	3.628535e-05	
1.135814e-01	7.624822e-05	
9.938979e-02	1.050705e-04	
9.407451e-02	7.537982e-05	
4.984590e-02	1.151844e-04	
2.261389e-02	1.231378e-04	
2.346723e-01	1.522806e-04	
1.992460e-01	1.973958e-04	
1.117952e-01	6.700047e-05	
1.568730e-01	1.164082e-04	
8.360905e-02	1.366262e-04	
1.278981e-01	1.071078e-04	
1.222468e-01	9.656406e-05	
6.087372e-02	1.498152e-04	
4.480194e-02	1.667895e-04	
1.112787e-01	1.259110e-04	
8.746339e-02	4.574639e-05	
1.802524e-02	7.180168e-05	
8.314992e-02	1.087844e-04	
1.522228e-01	4.563391e-05	
6.392078e-02	1.424422e-04	
1.194469e-01	8.701741e-05	
9.545212e-02	8.489159e-05	
5.025437e-02	6.761753e-05	
1.434000e-01	4.369234e-06	
5.462890e-02	1.663884e-05	
1.847161e-01	3.669483e-05	
2.174133e-02	4.077869e-06	
3.497833e-01	2.484651e-05	
3.742270e-01	1.398536e-05	
4.040551e-02	6.572598e-06	
1.353148e-01	7.978416e-05	
1.670694e-01	1.167448e-05	
2.093610e-01	5.040758e-05	
1.888863e-01	7.557976e-05	
1.683826e-01	8.881347e-05	
2.184449e-01	9.803333e-05	
1.200005e-01	5.573892e-05	
1.022608e-01	1.007439e-04	
8.998214e-02	1.278180e-04	
2.281468e-01	1.283614e-04	
1.299680e-01	1.349947e-04	
1.184868e-01	1.135178e-04	
8.284437e-02	7.612149e-05	
1.609759e-01	9.611709e-05	
4.362357e-02	4.965894e-05	
1.188449e-01	6.776368e-05	
1.366816e-01	4.241940e-05	
1.084220e-01	6.421184e-05	
2.088757e-01	8.724242e-05	
1.560466e-01	1.106377e-04	
1.304849e-01	7.862014e-05	
1.476197e-01	1.361687e-04	
1.205253e-01	1.456090e-04	
6.972026e-02	4.405028e-05	
4.293651e-02	6.812704e-05	
1.159192e-01	7.702321e-05	
1.638583e-01	1.020193e-04	
6.727805e-02	5.294579e-05	
1.826277e-01	9.412843e-07	
7.443482e-02	1.168356e-05	
8.614662e-02	4.334461e-05	
2.099992e-01	5.309681e-05	
1.260319e-01	1.544787e-05	
6.397613e-02	2.451611e-05	
3.083771e-02	1.285683e-05	
3.906906e-01	4.691453e-05	
2.796549e-01	5.249576e-05	
8.457790e-02	3.202081e-06	
9.753438e-02	3.644987e-05	
1.575685e-01	2.479534e-05	
1.476244e-01	7.126907e-06	
1.382460e-01	2.045863e-05	
1.121538e-01	4.258647e-05	
1.563976e-01	5.489587e-05	
9.760194e-02	6.749999e-05	
7.473645e-02	1.204796e-04	
5.177370e-02	9.963217e-05	
1.400291e-01	7.658000e-05	
1.800743e-01	3.859864e-05	
1.278869e-01	3.821133e-05	
1.028137e-01	6.100626e-05	
5.460785e-02	7.573531e-05	
2.109847e-01	2.765213e-05	
2.559986e-02	3.517673e-05	
5.007508e-02	2.159957e-05	
9.939214e-02	4.987991e-05	
1.088130e-01	7.967940e-05	
1.520866e-01	7.583538e-05	
1.249682e-01	4.956923e-05	
4.782285e-02	8.122616e-05	
1.448975e-01	1.429957e-04	
1.956340e-02	5.325795e-05	
2.689539e-02	2.025239e-05	
1.497094e-01	1.169716e-04	
1.610913e-01	1.058209e-04	
5.409818e-02	2.774510e-05	
9.642097e-03	3.881996e-05	
1.653510e-01	3.266082e-06	
3.063455e-02	1.679568e-05	
2.107040e-01	3.682333e-05	
1.732802e-01	2.176100e-05	
1.222812e-01	2.244176e-05	
1.268471e-01	9.135335e-06	
2.962665e-01	7.965028e-05	
3.512414e-01	4.330328e-05	
8.075831e-02	1.842624e-06	
1.049400e-01	1.632756e-05	
1.659710e-01	3.484567e-08	
1.492996e-01	1.420975e-05	
1.263003e-01	2.582650e-05	
1.421919e-01	5.718234e-05	
1.005209e-01	2.067842e-06	
5.134193e-02	6.589003e-05	
2.300412e-01	4.328854e-05	
9.980432e-02	8.628865e-05	
6.393071e-02	7.889441e-06	
8.083018e-02	8.307265e-06	
1.548743e-01	4.576127e-05	
1.578457e-01	4.863389e-05	
4.941342e-02	4.663588e-05	
9.994772e-02	1.616497e-05	
1.070268e-01	1.121347e-05	
4.112167e-02	5.222938e-05	
5.655835e-02	5.630701e-05	
7.075237e-02	1.051157e-04	
9.364660e-02	9.318700e-05	
1.700873e-01	7.850907e-05	
1.537006e-01	6.585805e-05	
9.925262e-02	7.632909e-05	
1.429745e-01	6.879971e-08	
6.824803e-02	4.590275e-05	
9.324539e-02	3.356429e-05	
5.506575e-02	6.835673e-05	
9.293913e-02	1.960710e-06	
1.918770e-01	4.724842e-05	
1.534063e-01	6.376624e-06	
1.272578e-01	4.702079e-06	
1.259687e-01	6.058335e-07	
7.125810e-02	5.677524e-05	
7.866487e-02	6.310986e-05	
6.445297e-02	7.252926e-05	
3.932961e-01	9.090905e-05	
3.153880e-01	1.905263e-05	
1.624980e-01	1.888831e-05	
5.800638e-02	2.573187e-05	
2.089136e-03	6.933956e-06	
1.160804e-01	4.556425e-05	
1.241573e-01	5.383335e-05	
2.014460e-01	4.087395e-05	
1.243385e-01	2.796820e-05	
6.616756e-02	2.284392e-05	
1.899735e-01	3.429261e-05	
1.329346e-01	4.800285e-05	
8.180283e-02	2.979731e-05	
6.111193e-02	2.990587e-06	
1.289457e-01	3.147347e-05	
1.259111e-01	1.175300e-05	
5.564382e-02	3.277668e-06	
2.372891e-01	2.198367e-06	
6.087874e-02	5.725431e-06	
2.023554e-01	4.616150e-05	
1.285123e-01	6.135311e-05	
9.538438e-02	4.723084e-05	
3.312674e-02	6.759120e-05	
1.377984e-01	3.908139e-05	
9.775346e-02	4.479226e-05	
6.544331e-02	2.821169e-05	
1.194884e-01	3.016267e-05	
1.038763e-01	1.297557e-05	
1.378143e-01	3.562462e-05	
1.099610e-01	2.650161e-05	
6.971789e-02	2.084755e-05	
1.826951e-01	1.949743e-05	
9.365266e-02	7.725638e-06	
1.574255e-01	2.987301e-05	
1.135079e-01	5.316529e-05	
6.944539e-02	6.816404e-05	
6.608218e-02	6.406452e-05	
9.106943e-02	2.821256e-06	
3.562569e-01	2.725320e-07	
2.839385e-01	5.974622e-05	
1.183228e-01	1.587793e-05	
9.165655e-02	3.554378e-05	
1.574019e-02	2.406534e-05	
6.058379e-02	3.410716e-06	
1.587997e-01	5.756412e-06	
7.825083e-02	6.936348e-06	
1.380195e-01	2.768068e-05	
4.334332e-02	4.004911e-05	
4.348187e-02	3.494708e-05	
4.443778e-02	1.710559e-05	
1.367031e-01	3.520091e-05	
1.113133e-01	9.824471e-06	
1.552657e-01	4.588444e-05	
2.146665e-01	5.394829e-06	
7.468724e-02	4.599574e-07	
8.519602e-02	1.836812e-06	
6.818676e-02	8.667295e-06	
1.116651e-01	1.514312e-06	
4.851108e-02	5.722555e-06	
1.695318e-01	3.859319e-05	
2.720747e-01	5.539632e-05	
3.625131e-02	8.060982e-05	
1.179817e-01	4.258314e-05	
5.475075e-02	4.743342e-05	
6.492330e-02	1.454375e-05	
5.132762e-02	2.779077e-05	
7.202003e-02	2.980366e-06	
1.367930e-01	1.519377e-06	
3.847330e-02	3.538046e-05	
7.955450e-02	2.819487e-05	
4.289609e-02	1.012032e-05	
4.522185e-02	5.502093e-05	
5.823105e-02	3.655354e-05	
8.010785e-02	6.498951e-05	
8.577249e-02	6.570259e-05	
1.663514e-01	1.640586e-05	
2.044134e-01	6.864056e-05	
2.422206e-01	4.800130e-05	
4.866524e-03	8.652278e-06	
8.235302e-02	6.383539e-05	
5.880814e-02	6.496640e-06	
3.356794e-02	7.290363e-06	
1.045277e-01	3.196862e-06	
9.153065e-02	2.271748e-05	
1.882460e-01	4.705623e-05	
1.195036e-01	1.016656e-05	
8.733740e-02	2.596690e-05	
1.168961e-01	3.383708e-05	
1.144324e-01	3.635549e-05	
1.187361e-01	1.752515e-05	
8.525415e-02	2.227010e-05	
7.142545e-02	1.078387e-05	
7.725685e-02	4.960092e-05	
1.113593e-01	5.036234e-06	
1.027554e-01	1.932686e-05	
6.544897e-02	3.847555e-05	
1.624550e-02	3.940308e-05	
1.598146e-01	2.937145e-05	
6.422955e-02	4.808657e-06	
7.472101e-02	1.424778e-06	
1.431780e-01	7.823197e-06	
1.245997e-01	5.081925e-06	
1.986118e-01	1.976691e-05	
6.531344e-02	6.922046e-06	
4.810212e-02	1.667883e-05	
8.848712e-02	5.806632e-06	
1.550438e-02	3.339531e-05	
3.498214e-03	5.094082e-05	
1.781705e-01	1.967364e-05	
1.513834e-01	1.530125e-05	
1.368507e-01	9.696395e-05	
5.260142e-02	5.922784e-06	
8.073835e-02	7.432896e-06	
1.857053e-01	3.430721e-05	
3.479929e-01	1.523356e-04	
2.876554e-01	8.172517e-05	
9.599965e-02	4.520380e-05	
8.022353e-02	2.342685e-05	
1.813824e-01	2.436727e-06	
5.186610e-02	3.167842e-06	
8.088695e-02	3.946644e-05	
6.100921e-02	2.996526e-05	
9.339744e-02	4.708521e-05	
7.143028e-02	2.580092e-05	
1.876629e-01	1.696343e-06	
1.020838e-01	8.484348e-06	
6.601023e-02	5.096912e-06	
9.637027e-02	9.932258e-07	
1.376629e-01	2.633711e-06	
1.154169e-01	2.286174e-05	
6.975128e-02	2.408932e-06	
9.510683e-02	1.411672e-05	
1.170476e-01	8.608272e-06	
1.952564e-01	4.970209e-05	
3.358959e-02	3.445762e-05	
2.300120e-01	5.521240e-06	
8.212250e-02	6.370231e-06	
8.900308e-02	6.759968e-07	
6.299687e-02	1.438757e-05	
2.485122e-02	4.284805e-06	
1.693104e-01	2.399291e-06	
7.274739e-02	1.496832e-05	
1.418358e-01	2.530013e-05	
1.650814e-01	4.977017e-06	
1.279980e-01	3.223572e-05	
3.231745e-02	2.479787e-05	
1.325841e-01	1.896829e-05	
7.636689e-02	3.842507e-06	
7.186328e-02	2.117416e-05	
7.235852e-02	4.820091e-05	
1.508674e-01	3.752270e-05	
1.311990e-01	1.401685e-06	
3.466180e-01	8.397805e-05	
3.820978e-01	1.205718e-04	
1.181446e-01	7.881118e-05	
1.315091e-01	2.554961e-05	
5.191739e-02	8.931064e-06	
1.664301e-01	8.130579e-06	
1.299491e-01	2.529952e-05	
9.755415e-02	1.446759e-05	
1.424892e-02	2.236942e-05	
1.169107e-01	4.686326e-05	
6.571407e-02	1.856541e-05	
6.051392e-02	4.040226e-05	
1.087154e-01	1.184957e-06	
9.457162e-02	1.888489e-07	
1.701832e-01	1.387032e-05	
7.946876e-02	8.882182e-06	
7.067857e-02	2.261514e-06	
7.157939e-02	8.488599e-06	
1.623598e-01	3.269603e-05	
1.833276e-01	9.601495e-06	
1.511067e-01	3.605371e-05	
1.228086e-01	4.463128e-06	
4.692149e-02	2.024442e-05	
5.235218e-02	7.855159e-06	
8.923444e-02	7.771746e-07	
1.582325e-01	3.150922e-05	
8.671721e-02	2.500105e-06	
9.984830e-02	3.914923e-05	
8.905573e-02	4.278488e-05	
1.329527e-01	5.227631e-05	
8.984404e-02	1.840852e-05	
1.720970e-01	6.365702e-05	
1.161939e-01	5.775608e-05	
3.455226e-02	8.377475e-05	
1.064676e-01	8.721500e-05	
4.000320e-02	8.537058e-05	
1.581398e-01	9.268350e-05	
1.679035e-01	8.946603e-05	
2.733661e-01	2.281459e-04	
2.060791e-01	2.145040e-04	
2.060560e-01	5.480065e-05	
2.323979e-01	2.823954e-05	
6.832213e-02	7.414273e-05	
2.031431e-01	3.401105e-05	
6.509981e-02	2.149719e-05	
9.218431e-02	9.522700e-06	
7.662126e-02	2.177264e-05	
1.337483e-01	5.424464e-05	
1.264823e-01	1.947931e-05	
3.287283e-02	5.640838e-05	
7.145373e-02	4.175873e-05	
1.207964e-01	4.750311e-05	
6.135523e-02	2.836108e-05	
1.102268e-01	6.232659e-06	
1.325360e-01	1.204149e-06	
1.336769e-01	4.571204e-07	
1.013277e-01	6.125060e-06	
8.362265e-02	2.452713e-05	
2.179103e-02	5.684328e-05	
7.352975e-02	5.432463e-05	
2.281584e-01	5.811184e-05	
1.134309e-01	6.232508e-05	
1.672229e-01	4.916152e-05	
1.079688e-01	1.347034e-05	
1.254116e-01	3.471693e-05	
1.804272e-01	1.224245e-05	
7.721538e-02	3.052891e-05	
8.841161e-02	1.117746e-05	
5.302909e-02	9.605844e-06	
8.898390e-02	2.952172e-05	
1.526808e-01	4.672449e-05	
9.555257e-02	4.385444e-05	
1.821779e-01	7.379047e-05	
4.613525e-02	8.236308e-05	
9.535619e-02	7.726400e-05	
1.724304e-01	1.198694e-04	
2.574088e-01	1.041611e-04	
3.334027e-01	9.317566e-05	
1.820573e-01	3.076405e-07	
7.867160e-02	5.046984e-05	
1.707750e-01	4.818041e-05	
2.171688e-01	1.767934e-05	
4.022234e-02	1.548389e-05	
8.666994e-02	5.395653e-06	
9.199348e-02	5.120765e-05	
7.791364e-02	4.576731e-06	
9.196757e-02	4.403819e-05	
1.503443e-01	7.169679e-06	
4.044465e-02	4.003686e-05	
1.352783e-01	1.224181e-05	
1.311431e-01	3.554937e-05	
1.748227e-01	3.209501e-05	
1.755003e-02	6.212600e-05	
9.335314e-02	4.142156e-05	
2.804287e-02	3.024459e-05	
2.261003e-01	3.991445e-05	
1.797677e-01	4.139541e-05	
6.495853e-03	5.686383e-05	
2.164029e-01	7.328276e-05	
1.229457e-01	5.450379e-05	
1.726343e-01	4.970987e-05	
1.948114e-01	2.782503e-05	
2.328528e-02	1.916893e-05	
9.094188e-02	2.879983e-05	
1.893684e-01	2.536551e-05	
1.258567e-01	1.909821e-05	
4.010982e-02	3.655958e-05	
6.710519e-02	7.444588e-05	
2.668226e-01	6.267090e-05	
1.357945e-01	2.447269e-05	
8.470890e-02	7.612897e-05	
1.255804e-01	8.547473e-05	
1.242545e-01	6.662044e-05	
1.713833e-01	6.933845e-05	
2.666791e-01	1.812356e-04	
3.905811e-01	2.802392e-04	
8.325139e-02	1.158724e-04	
1.177579e-01	1.546847e-05	
1.772444e-02	8.448382e-06	
6.733084e-02	1.392065e-05	
8.796433e-02	7.976881e-06	
9.281301e-02	6.184935e-05	
1.742801e-01	3.674742e-05	
1.459253e-01	8.088050e-06	
2.809002e-02	2.024506e-06	
3.121767e-02	4.151936e-06	
1.110720e-01	6.642897e-05	
1.966358e-01	2.154262e-05	
6.241704e-02	1.611655e-05	
6.463728e-02	5.414699e-05	
2.165009e-01	2.238555e-05	
4.025776e-02	3.211153e-05	
1.233466e-01	4.073831e-05	
1.967052e-01	3.054425e-05	
7.257125e-02	5.178039e-05	
4.810267e-02	4.731538e-05	
5.669133e-02	5.294556e-05	
9.776832e-02	3.950384e-05	
1.299139e-01	1.474220e-05	
1.357687e-01	5.009191e-05	
5.381303e-02	6.508644e-05	
1.365765e-01	5.479509e-05	
1.219154e-01	5.607812e-05	
3.103915e-02	6.449388e-05	
6.005208e-02	8.712310e-05	
1.026363e-01	6.138449e-05	
1.449629e-01	7.031609e-05	
4.239953e-02	8.902246e-05	
1.398287e-01	6.663020e-05	
5.239742e-02	9.973119e-05	
1.400992e-01	1.501723e-04	
1.055966e-01	1.358837e-04	
2.477305e-01	1.310358e-04	
3.877628e-01	3.383966e-05	
1.180395e-01	1.191561e-04	
1.061654e-01	6.723501e-05	
2.334778e-01	1.954854e-05	
1.853182e-02	2.583234e-05	
1.129048e-01	4.523014e-05	
1.570644e-01	3.545125e-05	
1.005490e-01	6.626127e-05	
2.431715e-02	1.524042e-05	
1.204159e-01	2.960204e-05	
7.094915e-02	1.206909e-05	
1.568933e-01	1.179808e-05	
1.365949e-01	4.391670e-05	
9.354895e-02	4.801333e-05	
1.905220e-01	5.784114e-06	
4.675063e-02	3.327044e-05	
2.037267e-02	1.955565e-05	
5.751482e-02	1.664415e-05	
2.459686e-02	2.405270e-05	
1.540279e-01	3.274645e-05	
1.097674e-01	5.690147e-05	
6.405264e-02	5.729310e-05	
1.155650e-01	2.373394e-05	
1.184387e-01	3.738286e-05	
1.873768e-01	6.014150e-05	
6.086293e-02	3.468781e-05	
1.707679e-02	3.211321e-05	
1.725742e-01	3.214740e-05	
5.725005e-02	9.925065e-05	
9.905676e-02	5.813213e-05	
8.468395e-02	4.023564e-05	
8.325367e-02	4.948341e-05	
3.705961e-02	1.115009e-04	
9.905909e-02	9.729767e-05	
1.223697e-01	9.749036e-05	
6.772514e-02	9.450354e-05	
6.158487e-02	5.497804e-05	
2.920581e-01	1.873316e-04	
3.120388e-01	5.925390e-05	
1.042473e-01	2.437451e-05	
1.251110e-01	1.718050e-04	
1.408840e-01	1.586952e-04	
1.670673e-01	7.729428e-05	
1.302674e-01	6.752745e-06	
8.065317e-02	2.569089e-07	
1.589998e-01	2.067180e-05	
4.324853e-02	2.857641e-05	
5.211214e-02	3.859007e-05	
1.721225e-01	6.032141e-06	
1.303608e-01	5.672918e-06	
6.003756e-02	1.806360e-06	
1.034727e-01	6.150713e-07	
1.345632e-01	2.040534e-05	
1.999812e-01	3.536616e-05	
8.169778e-02	3.810892e-05	
9.267034e-02	7.217423e-05	
1.394093e-01	3.580630e-05	
7.041341e-02	5.175234e-05	
6.000703e-02	6.465003e-05	
1.172505e-01	2.426618e-05	
4.752264e-02	3.394104e-05	
1.656590e-01	5.503356e-05	
1.165457e-01	2.141088e-05	
2.662355e-02	3.979423e-05	
1.057572e-01	3.954987e-05	
7.289762e-02	1.994499e-05	
2.117558e-02	6.603365e-05	
2.090982e-01	6.252865e-05	
2.174895e-01	4.887854e-05	
7.252306e-02	5.142857e-05	
9.860284e-02	1.187745e-04	
1.359325e-01	1.037487e-04	
9.685415e-02	1.005959e-04	
1.293863e-01	1.062866e-04	
1.765871e-01	8.250338e-05	
3.087514e-01	2.054702e-04	
3.974094e-01	1.660855e-04	
8.062732e-02	1.304318e-04	
9.561985e-02	2.364585e-05	
9.409775e-02	1.775136e-04	
7.101077e-02	1.039076e-04	
6.417826e-02	1.271895e-05	
9.968067e-02	3.442223e-05	
1.048137e-01	1.249560e-05	
8.934656e-02	4.098792e-05	
6.032994e-02	2.403926e-05	
1.806236e-01	1.997171e-05	
7.417719e-02	5.145675e-06	
9.917767e-02	1.165781e-06	
5.069851e-02	4.590443e-05	
1.032955e-01	3.383649e-05	
3.404193e-02	4.104099e-05	
1.700730e-01	2.647111e-05	
1.084559e-01	1.633143e-05	
1.034617e-01	2.770523e-05	
4.626341e-02	3.581926e-05	
1.072656e-01	9.592522e-06	
1.101952e-01	1.317517e-05	
1.738512e-01	2.656522e-05	
1.881152e-01	2.114065e-05	
1.362877e-01	3.573255e-05	
4.840642e-02	4.136644e-05	
1.236748e-01	5.248477e-05	
6.327639e-02	5.587532e-05	
4.767362e-02	6.060300e-05	
1.012349e-01	7.343280e-05	
1.039749e-01	9.473528e-05	
8.908860e-02	1.117797e-04	
1.392597e-01	1.158996e-04	
2.759802e-01	1.120526e-05	
1.333450e-01	6.013736e-05	
2.156969e-02	1.208679e-04	
1.092093e-01	6.310788e-05	
2.915848e-01	2.560464e-04	
3.563876e-01	1.436863e-04	
7.807463e-02	1.364999e-04	
1.625651e-01	7.689127e-05	
2.166715e-01	5.032104e-05	
8.400459e-02	6.615600e-05	
1.328475e-01	4.820621e-05	
1.714845e-01	5.098105e-05	
1.841284e-01	1.962644e-05	
9.273306e-02	1.350144e-05	
2.030434e-01	3.945398e-05	
1.241965e-01	4.517031e-05	
1.111589e-01	2.280062e-05	
1.598002e-01	1.306105e-05	
1.276921e-01	2.508563e-05	
1.831814e-01	5.452032e-05	
9.184026e-02	5.937148e-05	
1.454160e-02	3.318519e-05	
8.864554e-02	4.608655e-05	
9.223313e-02	5.541342e-05	
1.236981e-01	2.910038e-05	
1.247819e-01	5.746976e-06	
3.580843e-02	2.996986e-05	
5.559142e-02	3.010302e-05	
3.821686e-02	4.383399e-05	
8.552862e-02	4.415802e-05	
8.438763e-02	5.150687e-05	
2.897877e-02	6.085164e-05	
7.439355e-02	2.867771e-05	
4.819104e-02	3.915126e-05	
1.457014e-01	7.198183e-05	
1.562354e-01	8.249735e-05	
3.862504e-02	8.538653e-05	
2.295082e-01	8.754782e-05	
9.075464e-02	1.090518e-04	
1.029475e-01	6.893826e-05	
9.561814e-02	7.639550e-05	
7.257226e-02	1.084044e-04	
3.375527e-01	1.380413e-04	
4.011845e-01	3.501394e-05	
1.412604e-01	2.711741e-04	
1.779874e-01	1.452579e-04	
1.024654e-01	5.491956e-05	
1.073312e-01	2.016709e-05	
2.404818e-01	1.070091e-05	
7.666291e-02	5.109976e-05	
8.587545e-02	2.812181e-06	
5.467849e-02	1.957584e-05	
7.705397e-02	9.174044e-06	
1.294057e-01	1.943000e-05	
1.583825e-01	4.293838e-05	
6.322792e-02	8.319218e-06	
8.439835e-02	1.497282e-05	
1.371485e-01	4.102619e-05	
1.039571e-01	1.143316e-05	
8.184310e-02	1.757321e-05	
2.044458e-01	6.013072e-05	
4.716579e-02	5.413535e-05	
1.227415e-01	2.355340e-05	
1.297396e-01	3.939931e-05	
8.355512e-02	3.220586e-05	
7.376096e-02	4.047208e-05	
1.154885e-01	2.272845e-05	
8.452021e-02	4.686270e-05	
1.281044e-01	1.817570e-05	
2.054753e-01	2.030566e-05	
3.459203e-02	3.815237e-05	
1.575601e-01	4.201958e-05	
5.829023e-02	5.652285e-05	
3.334920e-02	3.908560e-05	
1.946925e-02	9.692752e-05	
1.435094e-01	1.168182e-04	
6.105051e-02	6.571744e-05	
1.660515e-01	1.282647e-04	
1.533782e-02	1.322844e-04	
1.048775e-01	1.243127e-04	
2.531636e-01	1.447935e-04	
3.073993e-01	9.091046e-05	
7.705351e-02	1.305694e-04	
5.575879e-03	1.663257e-04	
8.574924e-02	1.036258e-04	
2.181837e-01	4.912330e-06	
1.323888e-01	2.270851e-05	
1.099490e-01	1.833169e-05	
7.730626e-02	1.292739e-05	
1.621992e-01	7.777062e-06	
1.047171e-01	1.435787e-06	
6.456127e-02	5.070894e-07	
1.018501e-01	1.356795e-05	
1.174605e-01	2.627646e-06	
1.242820e-01	4.996665e-05	
1.796080e-01	1.265293e-05	
1.154133e-01	8.629234e-06	
1.022559e-01	1.590308e-05	
1.830885e-01	2.991379e-05	
4.994313e-02	3.241763e-06	
1.662127e-01	1.960600e-06	
4.975231e-02	1.426316e-05	
1.140927e-01	4.231767e-05	
9.861960e-02	3.173300e-05	
8.881094e-02	3.793203e-05	
1.171714e-01	5.272627e-07	
1.193826e-01	2.288333e-05	
1.596440e-01	3.762263e-05	
1.218566e-01	4.443208e-05	
1.176713e-01	4.774706e-05	
1.522276e-01	4.724513e-05	
9.661150e-02	6.923351e-05	
7.842573e-02	3.648902e-05	
1.226692e-01	7.510548e-05	
1.584266e-01	6.766204e-05	
1.294197e-01	5.096673e-05	
1.527647e-01	1.687866e-04	
4.393064e-02	2.377437e-04	
3.085558e-01	1.303922e-04	
1.988012e-01	1.574266e-05	
2.151397e-02	1.377057e-04	
7.673523e-02	1.904576e-04	
1.801073e-01	1.082285e-04	
1.017020e-01	2.807187e-06	
8.673649e-02	1.601416e-05	
1.155216e-01	1.265572e-05	
1.419685e-01	2.417658e-05	
2.309821e-01	2.370837e-05	
1.273700e-01	5.620935e-06	
2.137531e-01	1.713533e-05	
9.260682e-02	1.581732e-05	
2.251431e-02	3.676945e-05	
3.833990e-02	2.822582e-05	
1.268446e-02	7.960157e-06	
3.472451e-02	1.094056e-05	
1.604128e-01	3.706059e-05	
2.396181e-01	9.398223e-06	
2.074253e-03	9.952715e-06	
9.721119e-02	1.480317e-05	
9.484348e-02	2.494250e-05	
8.897733e-02	1.445106e-05	
1.646207e-01	5.374951e-05	
1.286650e-01	3.258085e-05	
1.098338e-01	1.200046e-05	
1.409669e-01	2.380786e-05	
1.512937e-02	5.025971e-05	
9.776001e-02	6.930210e-05	
1.473184e-01	6.932688e-05	
1.317803e-01	6.267682e-05	
2.070020e-01	3.776780e-05	
1.204694e-01	6.571846e-05	
1.237604e-01	2.221632e-05	
1.663213e-01	4.349352e-05	
1.116285e-01	8.700876e-05	
8.110839e-02	2.647913e-04	
9.144139e-02	1.921928e-04	
1.987255e-01	2.063796e-04	
2.637491e-01	9.372042e-05	
1.739835e-01	1.308289e-04	
1.567894e-01	1.826610e-04	
4.859114e-02	4.817912e-05	
5.968737e-02	1.308416e-05	
7.035679e-02	2.686678e-05	
1.921177e-01	1.456864e-05	
1.759395e-01	7.543907e-06	
6.297893e-02	2.291270e-05	
1.186435e-01	1.872529e-05	
1.762548e-01	2.091430e-05	
1.082817e-01	8.729907e-06	
7.670299e-02	4.812400e-06	
1.488950e-01	7.831585e-06	
1.127157e-01	8.039987e-07	
1.658559e-01	1.335632e-05	
1.433838e-01	7.456105e-06	
1.499274e-01	5.328214e-06	
1.518066e-01	1.474308e-06	
6.217732e-02	4.398414e-05	
1.110849e-01	1.757560e-05	
1.594469e-01	2.166249e-06	
1.414116e-01	3.750506e-05	
1.980881e-01	2.624884e-05	
1.367622e-01	2.216071e-05	
5.331233e-02	3.837770e-05	
1.489945e-01	5.879071e-05	
5.933708e-02	4.808410e-05	
4.935890e-02	2.940897e-05	
9.090074e-02	5.522098e-05	
1.533649e-01	6.335031e-05	
1.988859e-02	6.219382e-05	
1.240360e-01	6.641481e-05	
1.914587e-01	5.677604e-05	
1.348632e-01	1.037680e-04	
1.893652e-01	1.519012e-04	
1.336372e-01	2.126776e-04	
3.085679e-01	4.998954e-05	
3.126791e-01	1.777222e-04	
1.660525e-01	1.417960e-04	
6.541291e-02	1.420509e-04	
2.158425e-02	7.471566e-05	
2.214207e-01	8.843891e-06	
1.519150e-02	3.486432e-05	
1.216054e-01	8.704688e-06	
7.635229e-02	1.321365e-05	
1.965617e-01	2.045893e-05	
9.020859e-02	8.342569e-06	
6.461652e-02	7.950244e-06	
1.373352e-01	2.008569e-05	
1.116808e-01	7.841291e-06	
1.156757e-01	1.971431e-05	
1.159724e-01	7.056627e-06	
1.105631e-01	2.490865e-05	
6.653320e-02	6.850447e-06	
5.269586e-02	7.185089e-06	
2.652584e-01	1.358316e-05	
3.518555e-02	2.664547e-05	
2.276633e-01	2.502164e-05	
1.009258e-01	1.934233e-05	
9.046384e-02	5.232180e-05	
8.866559e-02	2.748156e-05	
8.830015e-02	3.218912e-05	
1.332583e-01	5.684335e-05	
1.226181e-01	5.581164e-05	
1.632579e-01	5.209874e-05	
1.211580e-01	1.842277e-05	
8.323751e-02	3.725747e-05	
5.982777e-02	7.501112e-05	
4.847245e-02	8.697618e-05	
2.818660e-02	7.828250e-05	
9.800565e-02	2.824524e-05	
1.374990e-01	3.534546e-05	
1.030845e-01	1.768172e-04	
5.874609e-02	2.243080e-04	
2.729009e-01	2.494496e-04	
3.317143e-01	2.391914e-06	
2.091434e-02	9.341543e-05	
6.475238e-02	1.057153e-04	
1.175764e-01	5.809824e-05	
7.601413e-02	3.428618e-05	
1.585672e-01	1.349532e-05	
4.705047e-02	2.557741e-05	
8.937943e-02	3.898348e-05	
1.279192e-01	2.210256e-05	
1.459998e-01	1.750512e-05	
5.999378e-02	1.383116e-05	
1.311932e-01	3.985840e-06	
8.497028e-02	1.084964e-05	
4.716485e-02	2.937912e-06	
1.268158e-01	1.824827e-05	
9.787725e-02	1.025927e-05	
1.615123e-01	2.588575e-05	
1.416050e-01	3.018549e-05	
1.465973e-01	3.067637e-06	
8.612808e-02	1.942785e-05	
1.916810e-01	1.580052e-05	
2.336450e-02	2.253117e-05	
2.138688e-01	2.865872e-05	
1.698206e-01	4.693473e-05	
1.324136e-01	6.807495e-05	
1.167147e-01	6.700292e-05	
8.283393e-02	4.394461e-05	
9.085960e-02	3.029980e-05	
1.550919e-01	2.737318e-05	
3.051382e-02	2.370903e-05	
9.413070e-02	5.892436e-05	
1.020902e-01	7.929114e-05	
3.722319e-02	3.020276e-05	
1.383980e-01	2.555814e-06	
7.357005e-02	5.485882e-05	
1.429894e-01	1.776097e-04	
1.324500e-01	2.847239e-04	
3.473309e-01	3.232164e-04	
3.609497e-01	2.346176e-04	
2.061201e-01	1.126610e-04	
9.440852e-02	5.141857e-05	
5.316877e-02	8.571804e-05	
8.825657e-02	3.972330e-06	
6.281665e-02	5.726528e-05	
1.450814e-01	3.195606e-06	
1.432542e-01	2.505245e-05	
7.940301e-02	2.337695e-06	
1.329377e-01	7.278736e-07	
5.387071e-02	1.633051e-05	
1.815956e-01	1.679784e-05	
1.068738e-01	1.645833e-05	
9.139425e-02	1.556851e-05	
1.054807e-01	3.297329e-05	
1.537348e-01	2.827760e-07	
6.159021e-02	1.335188e-06	
9.545383e-02	2.310861e-05	
1.061209e-01	2.308975e-06	
5.951059e-02	4.189698e-06	
1.121190e-01	1.140098e-05	
7.315819e-02	5.094440e-06	
1.216111e-01	1.960271e-05	
4.508208e-02	2.897530e-05	
1.063594e-01	3.605610e-05	
7.704337e-02	4.520385e-05	
1.014753e-01	5.667205e-05	
1.324653e-01	6.183764e-05	
5.141457e-02	3.875227e-05	
1.347625e-01	9.563030e-06	
1.745938e-01	4.313509e-05	
1.319611e-01	9.867616e-05	
9.304898e-02	5.983243e-05	
8.801075e-02	5.427380e-05	
1.995739e-01	1.393524e-04	
1.675118e-01	2.250837e-04	
9.402480e-02	2.968552e-04	
3.218053e-01	1.575710e-04	
3.465803e-01	2.066429e-04	
1.102991e-01	1.034384e-04	
9.231323e-02	8.184004e-05	
1.213808e-01	3.497325e-05	
1.012463e-01	7.378462e-06	
8.077447e-02	3.642639e-05	
1.157576e-01	6.062825e-06	
1.089359e-01	3.869781e-06	
1.945487e-02	6.742008e-06	
1.526351e-01	3.246574e-05	
2.427428e-02	2.184034e-06	
3.548518e-02	3.889605e-06	
7.995140e-02	1.229513e-05	
2.757320e-02	4.212872e-05	
2.611886e-01	2.022135e-05	
1.201599e-01	1.212391e-06	
7.461415e-02	1.615212e-05	
1.082980e-01	4.968444e-06	
1.101524e-01	1.421194e-06	
1.089169e-01	1.178648e-05	
1.053835e-01	3.604888e-05	
9.266727e-02	2.304209e-05	
1.126256e-01	1.919531e-05	
7.255969e-02	3.860028e-05	
2.904502e-02	1.088928e-05	
1.304656e-01	1.827094e-05	
1.022073e-01	5.476459e-05	
6.863404e-02	4.238531e-05	
1.197041e-01	1.768243e-05	
1.535172e-01	4.327250e-05	
1.687231e-01	3.220190e-05	
4.668552e-02	9.317781e-05	
6.202075e-02	8.432372e-06	
4.190070e-02	3.764189e-05	
2.119290e-01	2.079707e-04	
1.155978e-01	3.061365e-04	
9.399856e-02	3.718569e-04	
3.412082e-01	4.793115e-04	
2.876039e-01	8.129693e-05	
7.195977e-03	1.279645e-04	
3.868488e-02	4.696989e-05	
5.656658e-02	7.317049e-05	
9.691525e-02	2.288864e-05	
1.304458e-01	8.540650e-06	
2.057029e-01	2.776426e-05	
1.918134e-01	5.247058e-05	
5.064367e-02	4.502266e-05	
1.806553e-01	4.897933e-05	
1.489017e-01	3.837514e-05	
1.229406e-01	1.219483e-05	
4.021743e-02	3.175455e-05	
1.191778e-01	8.145735e-06	
5.995636e-02	1.760821e-05	
1.073546e-01	8.000570e-06	
2.269112e-02	1.595418e-05	
1.574550e-01	2.741679e-05	
9.947023e-02	1.531292e-05	
3.226915e-02	1.433194e-05	
1.904225e-01	3.006737e-05	
1.125086e-01	2.745897e-05	
1.471795e-01	9.730216e-06	
5.977997e-02	4.779491e-05	
1.148212e-01	5.706686e-05	
7.871536e-02	4.996546e-05	
1.350829e-01	3.280800e-05	
4.441401e-02	4.689286e-06	
7.046233e-02	7.126605e-06	
1.510154e-01	3.916014e-05	
5.313828e-02	6.376284e-05	
3.762758e-02	4.455110e-05	
1.474639e-01	3.082558e-05	
3.015819e-02	1.834968e-05	
6.618111e-02	2.017773e-04	
6.122632e-02	2.425479e-04	
3.712577e-02	2.706359e-04	
3.713553e-01	3.590403e-04	
2.518464e-01	1.718814e-04	
1.473003e-01	3.688219e-05	
9.028333e-02	9.334133e-05	
7.929219e-03	8.146308e-05	
1.724153e-01	6.833780e-05	
1.423204e-01	1.011150e-05	
8.701374e-02	2.734386e-05	
1.316498e-01	1.567741e-05	
7.847173e-03	5.173828e-05	
9.692930e-02	5.119031e-05	
7.284119e-02	1.329332e-05	
7.369050e-02	1.559552e-06	
1.733180e-01	9.356722e-06	
8.486601e-02	2.024770e-05	
1.054719e-01	3.076268e-06	
1.495597e-01	7.233272e-06	
1.499385e-01	4.443843e-06	
7.699359e-02	2.362632e-05	
1.153264e-01	9.056834e-06	
1.018433e-01	9.166916e-06	
1.316278e-01	1.680521e-05	
1.313079e-01	1.842356e-05	
1.483232e-01	1.965376e-06	
9.153915e-02	2.091793e-05	
3.563239e-02	3.107105e-05	
1.133602e-01	4.577622e-05	
8.674832e-02	3.737869e-05	
1.994091e-01	4.548148e-05	
1.500401e-01	5.620543e-05	
1.681667e-01	3.200790e-05	
8.962259e-02	1.529766e-05	
7.789206e-02	7.486374e-05	
9.282599e-02	1.200654e-04	
1.000690e-01	1.445935e-05	
5.815316e-02	1.740863e-04	
5.273457e-02	1.850099e-04	
4.132973e-02	2.128197e-04	
3.064324e-01	3.157540e-04	
3.332474e-01	2.460495e-04	
1.170221e-01	1.010244e-04	
1.313210e-01	4.559671e-07	
3.734658e-02	1.900267e-05	
6.047933e-02	2.062352e-05	
1.138610e-01	2.727644e-05	
8.561042e-02	5.612510e-05	
1.122002e-01	4.651189e-05	
1.763567e-02	5.798748e-06	
1.271191e-01	2.582268e-05	
9.308172e-02	1.404734e-05	
1.523769e-01	4.299035e-05	
1.453243e-01	3.586357e-05	
1.224811e-01	6.424461e-06	
1.371256e-01	1.001351e-05	
6.173078e-02	1.723492e-05	
1.482482e-01	3.626030e-05	
1.140788e-01	2.055564e-06	
1.685397e-01	1.414299e-05	
1.285440e-01	1.403796e-05	
1.491288e-01	9.361141e-06	
9.926317e-02	1.769803e-05	
7.125528e-02	1.021683e-05	
1.238427e-01	1.332981e-05	
1.459454e-01	3.871224e-05	
1.450931e-01	2.271713e-06	
1.466813e-01	1.220796e-05	
1.923750e-01	2.622398e-05	
1.012741e-01	4.393763e-05	
1.449652e-01	3.462048e-05	
1.381468e-01	5.700887e-05	
1.252754e-01	1.188515e-04	
9.487774e-02	1.127970e-04	
1.394863e-01	1.051876e-04	
5.397513e-02	2.390797e-04	
1.270310e-01	2.264108e-04	
6.113790e-02	3.365935e-04	
3.654723e-01	3.010883e-04	
3.283312e-01	1.488600e-04	
1.263302e-01	2.797231e-05	
1.639854e-01	4.686270e-08	
1.520541e-01	3.732422e-05	
1.546350e-01	2.083897e-05	
4.119614e-02	1.096270e-05	
1.810344e-01	5.803098e-05	
4.362620e-02	6.198432e-05	
9.867200e-02	6.073812e-05	
4.178846e-02	3.082826e-05	
1.498732e-01	1.138001e-05	
7.173491e-02	4.012226e-05	
2.014853e-01	3.700133e-05	
1.159206e-01	7.415389e-06	
1.033335e-01	9.684946e-06	
1.290943e-01	2.073858e-05	
7.284170e-02	2.400910e-05	
1.750250e-01	1.840035e-06	
1.265993e-01	1.197787e-05	
5.797175e-02	8.252489e-06	
2.637286e-02	1.402935e-05	
1.191656e-01	1.063069e-05	
8.597445e-02	1.055653e-05	
1.071606e-01	2.936961e-05	
1.128843e-01	2.093116e-05	
3.256601e-02	7.244785e-05	
1.489779e-01	3.082278e-05	
5.452097e-02	5.632357e-05	
7.931134e-02	4.207055e-05	
2.280609e-01	1.747374e-05	
1.727898e-01	5.002297e-05	
9.312862e-02	7.837347e-05	
1.460609e-01	7.497483e-05	
7.684633e-02	1.174592e-04	
8.314683e-02	2.445941e-04	
1.533717e-01	2.070801e-04	
5.779880e-02	3.578387e-04	
2.750407e-01	4.053054e-04	
2.707248e-01	2.825404e-04	
1.419669e-01	3.802050e-05	
6.823122e-02	8.588335e-05	
1.795458e-01	1.301392e-04	
1.479822e-01	4.097956e-05	
1.761970e-01	3.265170e-05	
4.171325e-02	3.845001e-05	
1.035798e-01	4.178652e-05	
5.764202e-02	9.141196e-05	
4.302128e-02	5.179001e-05	
1.442151e-01	5.231869e-05	
6.474133e-02	4.834752e-05	
3.703938e-02	1.050095e-05	
1.212486e-01	2.740704e-05	
6.690876e-02	1.420880e-05	
5.560450e-02	1.344389e-05	
9.454768e-02	7.589598e-06	
1.141993e-02	2.530208e-07	
1.193753e-01	1.019811e-05	
1.703615e-01	2.908947e-05	
1.583843e-01	6.466994e-06	
6.078801e-02	3.332259e-05	
4.253603e-02	1.562508e-05	
6.093362e-02	8.753373e-06	
1.099343e-01	3.807509e-05	
1.113226e-01	3.999048e-05	
1.894115e-01	4.898581e-05	
1.345476e-02	5.870421e-05	
8.973550e-02	9.256510e-05	
1.040328e-01	6.969069e-05	
5.410804e-02	7.026734e-05	
6.796159e-02	1.089020e-04	
1.692775e-01	8.325753e-05	
4.771460e-02	9.934628e-05	
8.036640e-02	2.010402e-04	
9.716554e-02	1.980382e-04	
9.056688e-02	2.830970e-04	
2.481380e-01	4.294263e-04	
4.000665e-01	4.434062e-05	
1.522447e-01	5.274524e-05	
8.899363e-02	6.177443e-05	
1.034474e-01	9.361557e-06	
1.091727e-01	5.784448e-05	
1.370157e-01	8.340739e-05	
1.026616e-01	7.682318e-05	
1.134401e-01	2.907579e-05	
1.617772e-01	7.272068e-05	
1.178873e-01	2.521645e-05	
1.574506e-01	6.408631e-06	
1.790074e-01	1.975150e-05	
1.654832e-01	3.177088e-05	
1.479419e-01	4.807143e-06	
8.467962e-02	4.953881e-06	
8.407482e-02	2.244345e-05	
1.007084e-01	5.361316e-07	
1.504732e-01	2.627295e-05	
5.659784e-02	5.794249e-06	
1.550749e-01	2.270825e-06	
1.659110e-01	2.709421e-05	
1.360369e-01	5.398706e-05	
5.037368e-02	7.507073e-06	
3.361624e-02	4.072366e-05	
5.522073e-02	4.426558e-05	
1.293903e-01	3.245717e-05	
9.454397e-02	3.363248e-05	
1.431749e-01	3.085990e-05	
1.938517e-01	7.783624e-05	
1.819547e-01	3.689556e-05	
2.812183e-02	4.424395e-05	
1.153297e-01	9.914694e-05	
1.537337e-01	6.898623e-05	
4.980786e-02	1.614980e-04	
7.380540e-02	1.122915e-04	
9.555062e-02	1.264675e-04	
1.552702e-01	1.858403e-04	
2.529396e-01	3.571674e-04	
2.655056e-01	2.568995e-04	
4.427004e-02	2.399001e-05	
1.165044e-01	3.736136e-05	
8.577472e-02	2.573754e-05	
8.037158e-02	4.369996e-05	
5.108795e-02	3.579381e-05	
5.727238e-02	5.417711e-05	
1.508590e-01	3.937343e-05	
9.236009e-02	3.352183e-05	
5.543698e-02	4.393738e-05	
3.722254e-02	1.710417e-05	
1.696888e-01	2.715639e-05	
6.055034e-02	2.923392e-05	
9.755667e-02	2.748227e-05	
9.175867e-02	2.865713e-05	
2.101195e-01	3.212337e-05	
1.720022e-01	8.710283e-06	
2.304653e-01	2.030678e-05	
1.174810e-01	3.296689e-05	
1.129279e-01	1.989739e-05	
7.414976e-02	3.843685e-06	
2.031565e-01	2.295409e-05	
1.894394e-02	5.888276e-06	
1.553898e-01	1.671221e-06	
1.313886e-01	2.195234e-05	
1.382806e-01	3.311718e-05	
1.363509e-01	3.759774e-05	
1.547836e-01	4.319456e-05	
1.125559e-01	6.609656e-05	
7.814965e-02	3.926095e-05	
1.275083e-01	1.253699e-05	
1.098984e-01	7.537221e-05	
1.736106e-02	8.811109e-05	
7.151113e-02	1.339053e-04	
1.049293e-01	1.113086e-04	
8.064672e-02	9.528956e-05	
1.660671e-01	7.885575e-05	
3.210716e-01	3.504775e-04	
2.056604e-01	2.343752e-04	
5.883858e-02	7.039375e-05	
1.480428e-01	9.497623e-06	
1.398403e-01	5.676781e-05	
9.511780e-02	3.159853e-05	
7.754047e-02	5.319383e-05	
1.384807e-01	4.701060e-05	
4.909698e-02	2.378437e-05	
2.194486e-01	6.168564e-05	
7.251138e-02	5.695815e-05	
7.764954e-02	6.430949e-05	
7.900379e-03	6.178503e-05	
2.772523e-02	6.564253e-05	
1.714507e-01	6.123958e-05	
1.380095e-01	4.428810e-05	
1.898406e-01	3.166303e-05	
1.523781e-01	1.003326e-05	
9.372457e-03	1.522755e-05	
1.383316e-01	1.566069e-05	
4.847998e-02	4.745507e-06	
6.834732e-02	3.199342e-06	
1.706137e-01	9.686371e-06	
1.074793e-01	2.901114e-05	
1.144882e-01	7.791222e-06	
7.119330e-02	5.549674e-06	
7.292735e-02	5.286812e-05	
9.384306e-02	4.777302e-05	
9.104890e-02	4.758045e-05	
1.062628e-01	3.972016e-05	
8.617984e-02	2.586511e-05	
1.994875e-01	3.301968e-05	
7.054087e-02	9.614952e-05	
1.087743e-01	3.447623e-05	
1.698776e-01	1.193464e-04	
1.768502e-01	1.350192e-04	
2.725798e-01	1.956679e-04	
1.972457e-01	1.027805e-04	
2.866335e-01	6.407252e-05	
2.443734e-01	1.177117e-04	
5.837004e-02	7.649465e-05	
1.079472e-01	8.836113e-05	
1.590390e-01	4.860147e-05	
1.593616e-01	4.589715e-05	
6.184303e-02	8.978055e-05	
8.836691e-02	5.917177e-05	
2.473759e-02	7.235689e-06	
6.547041e-02	1.685730e-05	
5.063784e-02	6.442250e-05	
1.475900e-01	5.769783e-05	
2.521825e-01	2.351496e-05	
2.059268e-02	4.754682e-05	
8.121840e-02	4.560201e-05	
8.786987e-02	4.473511e-05	
1.051298e-01	2.135113e-05	
1.173039e-01	1.917380e-05	
1.448111e-01	2.230334e-05	
1.023737e-01	1.476896e-05	
1.550142e-01	2.178665e-05	
4.014306e-02	2.185259e-05	
3.385557e-02	4.084327e-05	
1.241827e-01	3.735532e-05	
8.696849e-02	4.668932e-06	
1.384866e-01	4.080209e-06	
7.622383e-02	3.309746e-05	
4.570368e-02	2.317982e-05	
5.755069e-03	5.068446e-06	
5.647648e-02	2.575676e-05	
1.485913e-01	2.041886e-05	
5.890900e-02	5.115524e-05	
4.408593e-02	1.925872e-05	
1.829849e-01	2.987181e-05	
1.095063e-01	8.635818e-05	
1.421158e-01	1.535758e-04	
8.258080e-02	2.404328e-05	
1.427752e-01	7.236979e-05	
2.438904e-01	8.404745e-05	
2.193044e-01	8.859621e-05	
1.651725e-01	2.943065e-04	
1.219235e-01	7.238706e-05	
1.813571e-01	5.295604e-05	
5.513975e-02	2.842797e-05	
7.433851e-02	7.481389e-05	
1.156382e-01	7.428671e-05	
1.308714e-01	2.189784e-05	
8.344211e-02	2.465295e-05	
9.631184e-02	1.772533e-05	
1.516784e-01	4.490510e-05	
4.391171e-02	1.402998e-05	
1.023610e-01	1.754027e-05	
1.908525e-02	1.898178e-05	
4.524595e-02	5.061250e-05	
9.256982e-02	1.072849e-05	
2.085866e-01	3.918272e-05	
1.509786e-01	3.995445e-05	
2.037151e-01	3.809792e-05	
7.681364e-02	2.406171e-05	
7.847657e-02	3.933378e-05	
1.113811e-01	1.040800e-05	
1.434763e-02	3.716024e-05	
1.530197e-02	1.869265e-05	
5.360157e-02	1.988211e-05	
8.133750e-02	2.703794e-05	
1.257502e-01	4.407763e-05	
1.322028e-01	2.939203e-05	
9.658727e-02	2.595427e-05	
1.277561e-01	7.704560e-05	
1.270199e-01	5.143407e-05	
4.913170e-02	3.353806e-05	
1.445190e-01	3.706859e-05	
1.096691e-01	8.287943e-05	
1.775481e-01	9.119583e-07	
1.394152e-01	8.689854e-05	
8.895782e-02	2.297546e-05	
3.264440e-01	1.356611e-04	
2.372006e-01	6.826613e-05	
9.602449e-02	3.228456e-04	
1.328376e-01	1.556456e-04	
1.574228e-01	6.953634e-06	
1.123662e-01	3.824886e-05	
9.142138e-02	1.757063e-05	
3.828123e-02	7.844898e-05	
5.492493e-02	1.054042e-05	
6.364547e-02	4.874536e-06	
1.430120e-01	4.273928e-05	
1.047049e-01	1.209434e-05	
1.054543e-01	4.750108e-05	
8.927550e-02	2.725728e-05	
1.100644e-01	4.432183e-05	
6.529052e-02	3.217568e-06	
1.890008e-01	4.041892e-05	
1.327668e-01	3.676067e-05	
1.377329e-01	3.567431e-05	
1.138886e-01	3.558960e-05	
5.660671e-02	3.776401e-05	
5.549164e-02	2.232848e-05	
2.617650e-02	7.564150e-06	
7.253169e-02	5.532384e-06	
4.171472e-02	3.596575e-05	
8.212104e-02	1.978853e-05	
1.301826e-01	2.491344e-05	
1.159410e-01	3.631574e-05	
1.432025e-01	4.373045e-05	
9.701835e-02	2.519340e-05	
1.941938e-01	5.075011e-05	
1.671077e-01	8.386070e-05	
8.721595e-02	9.892021e-05	
4.239396e-02	4.605059e-05	
9.823133e-02	9.641704e-05	
1.605246e-01	3.790341e-06	
1.479160e-01	7.165234e-05	
4.784504e-02	7.919983e-05	
4.017928e-01	8.614498e-05	
3.276032e-01	2.120409e-04	
2.398915e-01	1.449798e-04	
2.521613e-01	7.201172e-05	
3.890245e-01	1.482716e-05	
2.630965e-01	2.132058e-05	
3.534173e-01	2.144774e-05	
2.839714e-01	5.646403e-06	
3.854193e-01	1.231862e-06	
2.704118e-01	2.240462e-05	
2.821015e-01	3.516708e-05	
3.379990e-01	3.060969e-05	
2.947686e-01	3.442289e-05	
3.316887e-01	3.169617e-05	
3.509470e-01	2.845742e-05	
2.474715e-01	2.759178e-06	
3.720187e-01	2.111960e-05	
3.622667e-01	2.690945e-05	
2.780326e-01	1.355098e-06	
3.297545e-01	3.192184e-05	
2.674596e-01	2.134101e-05	
2.549174e-01	2.599123e-05	
3.131475e-01	1.957359e-05	
3.840887e-01	3.058086e-06	
2.723654e-01	2.345013e-05	
2.882480e-01	1.207293e-05	
2.035210e-01	1.837812e-05	
2.102987e-01	1.265337e-05	
2.764865e-01	4.598743e-06	
1.992682e-01	1.604459e-05	
2.124458e-01	5.362931e-05	
3.038955e-01	1.186550e-06	
2.815262e-01	7.712831e-05	
3.024565e-01	9.722427e-06	
3.596545e-01	1.671196e-05	
2.613764e-01	7.610950e-06	
3.151986e-01	2.445061e-05	
3.204897e-01	6.016769e-05	
3.748722e-01	1.497099e-04	
