0	0
0.0256410256410256	0
0.0512820512820513	0
0.0769230769230769	0
0.102564102564103	0
0.128205128205128	0
0.153846153846154	0
0.179487179487179	0
0.205128205128205	0
0.230769230769231	0
0.256410256410256	0
0.282051282051282	0
0.307692307692308	0
0.333333333333333	0
0.358974358974359	0
0.384615384615385	0
0.41025641025641	0
0.435897435897436	0
0.461538461538462	0
0.487179487179487	0
0.512820512820513	0
0.538461538461538	0
0.564102564102564	0
0.58974358974359	0
0.615384615384615	0
0.641025641025641	0
0.666666666666667	0
0.692307692307692	0
0.717948717948718	0
0.743589743589744	0
0.769230769230769	0
0.794871794871795	0
0.82051282051282	0
0.846153846153846	0
0.871794871794872	0
0.897435897435897	0
0.923076923076923	0
0.948717948717949	0
0.974358974358974	0
1	0
0	1
0.0256410256410256	1
0.0512820512820513	1
0.0769230769230769	1
0.102564102564103	1
0.128205128205128	1
0.153846153846154	1
0.179487179487179	1
0.205128205128205	1
0.230769230769231	1
0.256410256410256	1
0.282051282051282	1
0.307692307692308	1
0.333333333333333	1
0.358974358974359	1
0.384615384615385	1
0.41025641025641	1
0.435897435897436	1
0.461538461538462	1
0.487179487179487	1
0.512820512820513	1
0.538461538461538	1
0.564102564102564	1
0.58974358974359	1
0.615384615384615	1
0.641025641025641	1
0.666666666666667	1
0.692307692307692	1
0.717948717948718	1
0.743589743589744	1
0.769230769230769	1
0.794871794871795	1
0.82051282051282	1
0.846153846153846	1
0.871794871794872	1
0.897435897435897	1
0.923076923076923	1
0.948717948717949	1
0.974358974358974	1
1	1
0	0.0256410256410256
0	0.0512820512820513
0	0.0769230769230769
0	0.102564102564103
0	0.128205128205128
0	0.153846153846154
0	0.179487179487179
0	0.205128205128205
0	0.230769230769231
0	0.256410256410256
0	0.282051282051282
0	0.307692307692308
0	0.333333333333333
0	0.358974358974359
0	0.384615384615385
0	0.41025641025641
0	0.435897435897436
0	0.461538461538462
0	0.487179487179487
0	0.512820512820513
0	0.538461538461538
0	0.564102564102564
0	0.58974358974359
0	0.615384615384615
0	0.641025641025641
0	0.666666666666667
0	0.692307692307692
0	0.717948717948718
0	0.743589743589744
0	0.769230769230769
0	0.794871794871795
0	0.82051282051282
0	0.846153846153846
0	0.871794871794872
0	0.897435897435897
0	0.923076923076923
0	0.948717948717949
0	0.974358974358974
1	0.0256410256410256
1	0.0512820512820513
1	0.0769230769230769
1	0.102564102564103
1	0.128205128205128
1	0.153846153846154
1	0.179487179487179
1	0.205128205128205
1	0.230769230769231
1	0.256410256410256
1	0.282051282051282
1	0.307692307692308
1	0.333333333333333
1	0.358974358974359
1	0.384615384615385
1	0.41025641025641
1	0.435897435897436
1	0.461538461538462
1	0.487179487179487
1	0.512820512820513
1	0.538461538461538
1	0.564102564102564
1	0.58974358974359
1	0.615384615384615
1	0.641025641025641
1	0.666666666666667
1	0.692307692307692
1	0.717948717948718
1	0.743589743589744
1	0.769230769230769
1	0.794871794871795
1	0.82051282051282
1	0.846153846153846
1	0.871794871794872
1	0.897435897435897
1	0.923076923076923
1	0.948717948717949
1	0.974358974358974
0.0243330931045756	0.0307329984061289
0.0576396389443955	0.0319226245288704
0.0789323270614933	0.0267117413694519
0.109672720377967	0.0289543895170459
0.124496655200578	0.0311757728556303
0.157678692145496	0.0179936055994144
0.172640745778068	0.0237081695664239
0.210589928352879	0.0217872405747894
0.237089389292983	0.0283738180483774
0.253387589006309	0.0263862106199582
0.275633828287889	0.0252902415533775
0.304218318724686	0.0293968494577451
0.332724279565142	0.0203997675467909
0.364375525476277	0.0234398467981484
0.385217488894541	0.0199601985850705
0.407689166862858	0.0278660027636684
0.432267705337884	0.0207662161563824
0.462550077859817	0.0308570734579958
0.479752299955605	0.02013019973303
0.509201148551599	0.0203461099779216
0.53909591186935	0.0297616156976851
0.57148012267634	0.0262349775206664
0.584039493640026	0.0278260882347798
0.621138737267042	0.0321857433536164
0.639572622158558	0.0225833040167433
0.673573137459234	0.0218020737414976
0.696717989017175	0.0250996607786673
0.718853586348262	0.0181779962170813
0.743097096166512	0.0254322726770401
0.776865727547859	0.0220702801895266
0.796743727766392	0.0286893423162684
0.816405169234291	0.023725132399007
0.847433979729499	0.025001631240934
0.872720279418375	0.0329665547096112
0.903649817182106	0.0222143087352763
0.91698615516957	0.0228080372634729
0.955914807768812	0.022204831966075
0.9808060755848	0.0271373533606415
0.0301326522875438	0.0578501237589367
0.0480301028284898	0.0483887444088746
0.0704865641993965	0.0581674786507527
0.0978122068187175	0.0544347877749424
0.133765702652913	0.0525108398968329
0.147786543884409	0.0473130254162168
0.177626113153855	0.0436938371470772
0.201251031200683	0.0568301314507179
0.238319236021087	0.0520165705494918
0.254788854115588	0.0440032743287896
0.280433607432911	0.048710429782298
0.31218603564079	0.0478797816634722
0.335776092349921	0.0553096607282473
0.363831087062193	0.0475256666692434
0.380527563186031	0.0508936835866767
0.40804438328173	0.054205066762092
0.429745191288359	0.0491545476086848
0.468355004219046	0.0457501594376151
0.493564069645866	0.0542755941998698
0.510710957276308	0.0499416406239508
0.545964264185293	0.0552201677624728
0.570743468601052	0.0554982135455318
0.587876745721991	0.0588497983732594
0.620857840977663	0.0470662895643166
0.638917403688126	0.05597946513347
0.673849669855256	0.0515286558947841
0.699297579223088	0.0485336840209042
0.718335772684961	0.0532225053389992
0.747035285550601	0.045187530314084
0.767233644253782	0.0584013348261119
0.792634890971188	0.0482206537077055
0.813052953739622	0.0538323526798945
0.838938155232653	0.0565891038528955
0.870908407500011	0.0549860584607179
0.903035115556376	0.0529053237031288
0.928211608852384	0.0573499329815549
0.95192499681045	0.0567987004958679
0.975351466672895	0.0507064632121575
0.019316447502976	0.0784519560669471
0.0466260245282655	0.0756166894959458
0.0787876558898651	0.0831882599481917
0.0956894767888755	0.0833872738255478
0.135275609625393	0.0844482316494872
0.148377843579676	0.082579176472129
0.176739893934942	0.0749838893254232
0.199439058206477	0.0769595626000296
0.231976294208452	0.0781574359452698
0.2549914068851	0.0769564880475957
0.277814838249687	0.082276269540083
0.308381496549729	0.0728286001330431
0.339841155421439	0.0762674857140096
0.355641318745846	0.0823143263318937
0.379924006190938	0.0770728165882488
0.411457595570135	0.0779343803882965
0.442047703289849	0.0739714526384066
0.468120667645741	0.071171336256218
0.479876688725263	0.0816962687937093
0.507953376135799	0.0749483931809557
0.544947855599518	0.0757521503697401
0.565461893572421	0.0839121497756986
0.593904946397117	0.0817235838665068
0.614255493237993	0.0723371830188627
0.644195428039621	0.0817760782346176
0.671808268604471	0.0702941559179405
0.69268654003415	0.0772629706532852
0.716835654899813	0.0766709177624901
0.750648928043798	0.0761436304060725
0.762590920696906	0.0831577388742758
0.794026037904829	0.0710075160855241
0.816873957573349	0.0769281321078383
0.84499064324301	0.078406119223441
0.875935546914799	0.0830792018838887
0.899911620633487	0.0741615169587638
0.925402922191099	0.073712319901763
0.954619476237393	0.0821693869479938
0.976721710261387	0.0712969906994887
0.0201121104239917	0.104138860005434
0.0538565553538508	0.103074401088302
0.0845766227410763	0.100406784576943
0.105776167010354	0.101498621054002
0.120964440454676	0.107764174083738
0.155623368183413	0.10434694877165
0.175089089584678	0.105026973671363
0.197657007359994	0.0971075355187377
0.230183659301476	0.108678660256517
0.25393407007146	0.100305086119817
0.282286588434174	0.0977731572235424
0.315380147495357	0.100890320742399
0.338342925203055	0.101588495080478
0.361948773352486	0.0969346203838548
0.388148444221944	0.102786991590742
0.407324796074829	0.10064617913179
0.441635578184903	0.101703888869284
0.464957415037855	0.100699216898121
0.48713587840383	0.108579043649203
0.506552756595548	0.0970043639425829
0.53085752123482	0.104600054272365
0.55872429363585	0.106972253327523
0.597284110371442	0.110200876159281
0.619478605608764	0.108363458038598
0.636491464920462	0.108125083765485
0.661170160300567	0.100564561873483
0.684870679145471	0.101441243502749
0.721632811246914	0.108418568424201
0.737685114573887	0.104643668187118
0.772706259282681	0.0970419318115515
0.788119660891879	0.100708797362781
0.81509215310931	0.100713946520338
0.838593150261373	0.0975627456332009
0.87193878191191	0.100758904136185
0.890908069368598	0.103435036200539
0.930578235613568	0.0973809696298686
0.941452828188617	0.0978509355740403
0.970110889656227	0.105113828651596
0.0307099183460656	0.124890219245218
0.045797440174209	0.133696370913858
0.070205918731221	0.125031153416086
0.100073617159916	0.121786097818537
0.124207455999319	0.135217387055984
0.148767154317615	0.125760916213443
0.1783827900811	0.133697896718591
0.201726419606271	0.13079294613584
0.234840960055922	0.131701795944095
0.257015058404207	0.131538301186998
0.276441781290554	0.128587156207126
0.300808154234849	0.131439616774851
0.329538697146472	0.129795130525508
0.360231086128434	0.125390038877331
0.383781250609486	0.131370030951008
0.410180183063574	0.133596725859619
0.434643181977154	0.121547769936426
0.465215430247074	0.126372032442718
0.488171454190423	0.126274294112068
0.513361479792662	0.128287353130154
0.531935985542877	0.123865717757869
0.56788964081847	0.131072274766831
0.592839426583268	0.124825791065467
0.609669067602933	0.121671229276579
0.637384398207462	0.125593368676766
0.666475848356266	0.126108244837757
0.699569684452194	0.122538564888774
0.722782100304214	0.126707320559092
0.741872329086993	0.125619285708847
0.771140594300378	0.127276261555314
0.79422737369588	0.13256491556114
0.814128052690857	0.124323275790973
0.850119429461959	0.125463766170682
0.867547893731755	0.134283341407486
0.896995357020068	0.130052960462393
0.919584932472948	0.123766603272232
0.949141639228749	0.12801000762703
0.971604148662755	0.127213014611944
0.0284960875736035	0.147971500068851
0.0585815432311675	0.159695755724975
0.0728715563444352	0.150922267775265
0.102008416219165	0.150885028169057
0.131292008056389	0.157766816196726
0.150184304578963	0.161257016474003
0.181605884352078	0.146501976917127
0.206124648387196	0.160362741360078
0.236795760719072	0.151511937100419
0.263050886355872	0.155725794003267
0.279875518638773	0.156423647801343
0.305387235337412	0.161500948611632
0.339702162813963	0.153553824594288
0.351843455414303	0.149945463870238
0.381941332926107	0.156475730519103
0.415963917853807	0.151405043563541
0.43926800448992	0.15469906015039
0.469048601886231	0.152510912591214
0.491925578894439	0.160900095218672
0.515111535870453	0.158353449627347
0.534975762303603	0.148236546959922
0.561161768691747	0.150586409832349
0.587571893157719	0.160982905808575
0.620183547930474	0.15198716456265
0.634548544584383	0.151538791127168
0.67226034627458	0.146536166329908
0.688872807210332	0.159115619382183
0.712027909623418	0.155917754954604
0.7415146372882	0.159012400060645
0.764798495465884	0.160744961250834
0.789155218653877	0.159947435790383
0.826753348695228	0.151968698884684
0.847900200311707	0.15916588523937
0.87921156086384	0.157981275291937
0.900077089326205	0.151748710988777
0.928608218043349	0.148503102064347
0.955272235016005	0.158041034305905
0.97471226686076	0.160458182712406
0.0283348486139902	0.18686525908819
0.0502355161582127	0.184739998732729
0.0824456632176288	0.187138699654254
0.102966732846236	0.174368822473226
0.133072005964978	0.17375579835782
0.161334789322279	0.174470599378197
0.178667135155122	0.178596858347989
0.209324473995714	0.186214169312815
0.223208446715762	0.183788742851777
0.261094780321833	0.174520068831595
0.275107419033899	0.181034592485774
0.311116487206369	0.184522078098265
0.33908511828834	0.18014401998205
0.365466870530264	0.174603636967722
0.386421791223391	0.171873148390482
0.404621219616522	0.182538381838009
0.43705513282452	0.17675990319319
0.46018676591357	0.176719110184661
0.491780442289579	0.176810591109838
0.51621404060389	0.18225463906048
0.541051670601766	0.175477593556744
0.569964628925005	0.176947396544245
0.589536879021613	0.175604009809203
0.620303925411818	0.176397845257747
0.633454141182694	0.172874882435066
0.673938131470095	0.175361643937283
0.699068434997218	0.173982901110055
0.72541279050065	0.180996264100021
0.741205224604654	0.175720032538567
0.769459934567591	0.175367977776085
0.794513339296859	0.174098161768475
0.820901390000272	0.181480515969912
0.841636672787518	0.174184050150078
0.870967854376573	0.186198225059611
0.898160991282595	0.186171033565696
0.926303988974122	0.17728474674812
0.942148122281484	0.183631623601743
0.969381953615143	0.184360321118783
0.024171983122679	0.19938566863139
0.0500865495507471	0.202293425240172
0.0816805599192437	0.199991121838024
0.0998069321401728	0.200811373671902
0.13459883107168	0.205113150620195
0.161051487464859	0.211442838843706
0.182407532810839	0.198368178916759
0.211576034782329	0.205168750732657
0.22863216928064	0.20546251434831
0.251731319850992	0.203996802298147
0.284256211375401	0.211421125012128
0.300987150338053	0.198931979825471
0.334564834461567	0.203457755468114
0.356275124258897	0.200383734029266
0.37848537853143	0.205671292507125
0.410419896120561	0.206772722450924
0.44130354477159	0.204590842438125
0.458385756212153	0.203379144266491
0.492656319828657	0.198358241264293
0.513423599547539	0.210573793636081
0.543585888221265	0.200636637037149
0.559167545131944	0.198581334363227
0.586904841100579	0.207603067484456
0.609983257135616	0.208513988963871
0.645073488470696	0.204586410488451
0.668653323310847	0.199160310723314
0.691010897534679	0.204615925480039
0.715726389460088	0.2029117963253
0.743138296780936	0.201937701361558
0.76764722440702	0.204302884130552
0.790945649679041	0.208001976279671
0.820335532095754	0.203250367441761
0.843524500004899	0.208772272161284
0.875660953108468	0.199497988642679
0.898511766476715	0.20909071920055
0.91933230559431	0.212177374522347
0.95088948491981	0.210653973671512
0.968901617673761	0.211242008636423
0.0255811199405741	0.224911360836557
0.0560694622413999	0.223822560225473
0.0743961505299679	0.230445385154061
0.109906456050812	0.229591636474177
0.126992753443023	0.225268488971108
0.155928304292027	0.229929575816496
0.174392841834488	0.228564667647417
0.207662482794517	0.233290829027283
0.227877125193747	0.229304941478388
0.254837387811212	0.234488231990665
0.27979420252685	0.225985861211685
0.310341829603056	0.236666650824285
0.338041430348051	0.224537830074301
0.356059783674717	0.229805049146394
0.378481518255576	0.231618133501344
0.414326725744692	0.234988444630173
0.435089263120651	0.225759439138447
0.468763994773903	0.223595197514704
0.491914414619553	0.228162819704843
0.514947711830503	0.237888276844676
0.543062013372224	0.234790858273948
0.563882641701939	0.226274264648293
0.596467209745111	0.229755656341999
0.608908013327382	0.235579708076592
0.640858965387867	0.237232906342676
0.673023269159662	0.232857609792878
0.692265212746927	0.233999587509172
0.715314090505504	0.233015779096252
0.740587388731775	0.228128131588882
0.772046086363364	0.22452622113733
0.796559869137041	0.231890094520514
0.823347487575387	0.23519371581269
0.842030821822222	0.227493496276801
0.868207206552077	0.233321115180849
0.899560307379356	0.233667772629739
0.918546307548251	0.228276545342742
0.943616408654165	0.235106414059445
0.978698616032036	0.224929576855895
0.0253922339686854	0.254662142590836
0.0512570704092124	0.261317586509002
0.0748432822018357	0.256367799908413
0.0967120047579957	0.254035381572448
0.132766335337808	0.255304393428179
0.152310623144923	0.250067283257392
0.183741595006969	0.256503911424339
0.209826682355331	0.252515341466274
0.236257417538242	0.250274883276618
0.249916395489938	0.253719298879758
0.288701622054354	0.250497172622293
0.310044913260574	0.250941889897504
0.32624396584936	0.257087038361584
0.358769156262081	0.249163819963153
0.389858048000358	0.255226135990581
0.406696357478164	0.254276495099321
0.437510219220833	0.249843051822147
0.459426139158625	0.261396806603918
0.489030701945849	0.250728477196675
0.508153669979608	0.257386715304769
0.538230428746753	0.259363949860252
0.560919504392715	0.257953932869352
0.595141020473108	0.258900788954174
0.610686945747389	0.258682256127874
0.647038927186235	0.252870604923859
0.673583318209672	0.262423592436946
0.690350377961426	0.255503848579649
0.711675606782913	0.250485522092235
0.742683583880086	0.263104757562994
0.775526928767664	0.248799016776184
0.798071736215755	0.249153844942486
0.819062910739189	0.252720345157909
0.846476220414793	0.249830784901182
0.86909997481292	0.251054087275155
0.89851929661199	0.258440340781249
0.917802521606095	0.259632730092456
0.955213536893669	0.255190299175737
0.968857982281436	0.260904156156145
0.0297874127894531	0.282398601761625
0.0452966980964812	0.274972598781269
0.0741097912777726	0.275302974095527
0.109425176948672	0.279258739587014
0.121869128265567	0.287981699906347
0.157025356088491	0.286498384542599
0.181665946158816	0.286448879637846
0.211201872098023	0.276078673156522
0.23237960916978	0.280370322429605
0.258403316562583	0.2830628422129
0.285584427833501	0.277154581617802
0.303872448325373	0.283042970617114
0.339588596375882	0.281178537358433
0.352641327267824	0.279539752320861
0.3820806192708	0.278173628540312
0.414262211544728	0.284615596083292
0.431682695291207	0.286048609132771
0.458744495951124	0.281006026203834
0.494051446091592	0.277841770118293
0.512428668341402	0.277482158692079
0.544893276781582	0.275553699216752
0.566487071061374	0.286480298894214
0.591649156398719	0.276862246256817
0.620520063189545	0.285470527275017
0.63444328590051	0.280148054870086
0.660994853419085	0.287914323420204
0.68584579672681	0.28822757789197
0.711093456873721	0.278462630992122
0.741664665435293	0.282461969514859
0.772904814102615	0.280060355716504
0.798451629193879	0.275837725150456
0.818876403404868	0.278703719197975
0.848945692117774	0.279248397074986
0.870698382243796	0.28076445402795
0.891042655819983	0.277438011957315
0.922437930722504	0.275670726341247
0.95200533904366	0.279934072345842
0.973206933516047	0.282775028395786
0.0249442695215282	0.313283615082319
0.054884448662407	0.300698057352026
0.0779974988190021	0.306459513355447
0.0950431840399139	0.304314224955836
0.128417265575036	0.301496349800202
0.152781238263243	0.310218395857051
0.186724539249719	0.309835260130974
0.199868767073618	0.313592543342052
0.230638018425253	0.313776108937989
0.253543991605324	0.313219325168732
0.275150963541029	0.313306485105745
0.303313250321162	0.31479147080512
0.3361325800647	0.309985412341727
0.353269224503717	0.300166513613348
0.381271398926058	0.314814919885085
0.402718011884247	0.303451463495229
0.432265775438446	0.310823486839799
0.46408590521818	0.310161781582812
0.485280454872007	0.306339874342061
0.506254298915275	0.314235243509258
0.538451190413771	0.302513413358096
0.565990196454234	0.302416230042235
0.582560482395098	0.314057969341041
0.616664046847954	0.307254147380755
0.636224315199883	0.309014557505602
0.666489956562361	0.300257820237225
0.69492966789735	0.30495882886943
0.718633628146742	0.311121281884143
0.750469431526026	0.302993897831428
0.76165522773341	0.303919064964958
0.791557319763019	0.30936080729481
0.814867147891304	0.308952119252862
0.842190280906389	0.306522638049271
0.873917508844847	0.314952285128881
0.899682640851887	0.30434849733281
0.918973721179515	0.315319430785295
0.954650047280585	0.313260780340877
0.976011509365901	0.300703504739249
0.0281645676401099	0.330665131341451
0.0577815295937455	0.329692413962114
0.070672751940949	0.338328547543444
0.102485048774129	0.331527927653206
0.131121020168588	0.337013640176135
0.154909185664188	0.326803074619377
0.178198065189467	0.33080115365718
0.201676088973965	0.33052984425994
0.235968808109886	0.3389093149537
0.250543500149062	0.327527221120779
0.279412524748779	0.336163830861291
0.312133163512351	0.34035408886296
0.336219792160389	0.327653392773689
0.364854893119381	0.328831933782618
0.389492400144273	0.34055354093458
0.416068787542139	0.3346392253738
0.437093590440114	0.328743696018323
0.468269580730746	0.336821317212143
0.485132953483286	0.328424294032501
0.509096443333219	0.33374969622569
0.544638469367849	0.336304603639067
0.561218316062854	0.338937479830459
0.588289186136968	0.336093922582341
0.613436444170345	0.329243033781342
0.639039784956564	0.328278308613119
0.671124174938803	0.329944312285378
0.69509360567928	0.328095386426599
0.725016246901284	0.336616221580402
0.736285288090934	0.331643635334348
0.765631698174845	0.336821787608658
0.794693247772986	0.334079600816736
0.817668025651484	0.332411623792096
0.852164816130908	0.328117680772568
0.866047668755979	0.332016921992906
0.900376838984209	0.330238669960668
0.924216271472949	0.32677857881011
0.956205414219693	0.33123342646422
0.96721789593107	0.334924278343098
0.0207894890446481	0.36350337976205
0.0584663457337104	0.352179522329605
0.0780154261823606	0.353792386578022
0.0981867419322062	0.358453933203304
0.129735634828021	0.361176399739359
0.149070694680162	0.356015446647205
0.176048336604196	0.356633001398218
0.199505086987907	0.358578544290019
0.230223588277949	0.365893440710752
0.256050793563551	0.351420258123046
0.287679244015084	0.362644372635984
0.31450239401955	0.361834201254224
0.333167698937574	0.363376719223998
0.362868637264503	0.364967065851477
0.389300672247213	0.357379421359394
0.4027864433419	0.355370402943728
0.43410224443163	0.360473662386772
0.45973447066616	0.363458209002021
0.491847230922961	0.365385264068586
0.508929354572812	0.354877153675708
0.536411192573953	0.359282776415927
0.559451354006902	0.362272801889948
0.590156630070769	0.358838546471316
0.613741767416647	0.361669794327123
0.646640727476367	0.352557185196442
0.6601388131846	0.354340687132162
0.689010613092844	0.361575714498145
0.718173537881603	0.351768145551467
0.740574538110806	0.354049744310906
0.771753813605089	0.356505125081659
0.793039800650325	0.354861734823021
0.826885637198641	0.362954762490281
0.840940271820255	0.357682038300585
0.871903493103748	0.358815311029247
0.903712757776565	0.353023647861668
0.92964727025433	0.36158534152114
0.945037079943021	0.366497428380801
0.981418930726032	0.363499371748643
0.0180634822490338	0.382264972989453
0.0576592757167936	0.383487163238533
0.0753711480351505	0.388035313377454
0.109731925250503	0.3803720016089
0.132612976075575	0.38311133706026
0.156923588354284	0.392007102217708
0.178158433079515	0.383151583675055
0.199481078863653	0.385253195702424
0.236301314919747	0.377376795172716
0.249636110351382	0.383477169994818
0.278058184830773	0.382813117664014
0.30075171741026	0.382559844356691
0.340985153109339	0.382443170662451
0.353152092153705	0.382395865799021
0.385189226763883	0.38248217323665
0.411893089128053	0.392209140659384
0.43421896011539	0.380769907822084
0.46664714592226	0.377050558931586
0.486807710122297	0.385395347741106
0.506645736226376	0.387061299411649
0.534583867808834	0.391648886891153
0.565484920942543	0.383352647268198
0.590873366937626	0.38904665543222
0.614291278095013	0.391643627716688
0.634235415118157	0.389382394309922
0.669610837503198	0.378635917924733
0.696432858368463	0.3782799748371
0.725401079005173	0.387386661983565
0.741712826679317	0.379544163617639
0.762429254401878	0.389448954129829
0.797725011163251	0.383944733356423
0.814514878900514	0.390435454059057
0.85146128775598	0.388595426011738
0.876592973097159	0.386621162980545
0.903098662091509	0.380469473072183
0.924036466096692	0.388401294250442
0.948412024227205	0.391941950789673
0.978653002892924	0.377695773448604
0.0255528110045131	0.412472017488179
0.0514365449120341	0.417784629720581
0.0755977387233035	0.414516597194473
0.102679434659518	0.408019395186405
0.121549119377577	0.403651153209349
0.151976882981599	0.405361542123576
0.181857048374553	0.409939365857542
0.206440887890919	0.415070608709424
0.234244067501033	0.40796831341747
0.249585529649324	0.403576595130114
0.28210493554512	0.411834868372533
0.30690250436049	0.404102657848316
0.32868808447917	0.407042730559761
0.356273469006265	0.40878522896828
0.390380823674948	0.410972272908734
0.415280273740287	0.412098759063441
0.433947562030454	0.404509327374473
0.463437390600941	0.417017489493183
0.485500949499386	0.403713147594159
0.513635625371725	0.415364352969435
0.546120945804351	0.415668597800195
0.564150324412011	0.405222124810498
0.587458248171926	0.406256922001724
0.609425122774604	0.415562760150791
0.636256727816927	0.41222385109072
0.673151220079967	0.404779762980156
0.699965655889873	0.402979942034407
0.720597615095455	0.415549528398699
0.739951178556928	0.413532685824451
0.762463923474895	0.403894654400894
0.788873232594534	0.411853342432236
0.820202112381331	0.408783600667604
0.848632240208533	0.40359193853716
0.865634880084996	0.413554945668991
0.896994377938382	0.403264186129354
0.919755595074988	0.410329746462142
0.954068977736239	0.413242134857751
0.976524256877691	0.410919017084828
0.0260332363766148	0.434799605441182
0.0480069760763538	0.43977512029809
0.0808607717936763	0.42975176687027
0.101432754723442	0.441460691561711
0.120674708687377	0.437832139804476
0.150812936471636	0.430743793951445
0.184605591868616	0.440571534819764
0.209998032597541	0.436074644601127
0.236979250619656	0.430297787685651
0.254169625900571	0.439242393333192
0.275959701675832	0.428574385400912
0.30361113177718	0.434294941597314
0.331882028235472	0.435200536924246
0.354130413767444	0.432199460390996
0.391094732079033	0.437675892493019
0.417728337677785	0.442754033334269
0.442190168280411	0.438767198427034
0.455998605630239	0.443082971542329
0.490843544589534	0.440701986269673
0.520022639431869	0.431124965609058
0.53697105684094	0.431154668876027
0.568658810002354	0.438921449490498
0.583786636185321	0.430813789882271
0.612506786289643	0.432224246758918
0.643911195774496	0.44077073643911
0.665406534397485	0.428277407883439
0.697896118015098	0.433063123898043
0.716155170029409	0.439019289070217
0.746200015356193	0.441125432748219
0.767697882308789	0.441415938015379
0.794408121301843	0.44178489474151
0.814875309378623	0.437352465640399
0.850924360657499	0.436347629540702
0.864532165529497	0.44182352425382
0.891931157644409	0.442487869058971
0.929909893972739	0.429407216542214
0.947644002781976	0.432309500816764
0.976834976223223	0.441651077318333
0.0249744088436053	0.453934851307755
0.0442346737030861	0.458902355957127
0.079473381739243	0.459906306333889
0.0967650120495357	0.461072338314559
0.126772446107429	0.457529331667483
0.151232905549626	0.455126114542095
0.181824776105473	0.462760082693485
0.202171196584897	0.464085719204225
0.2285524250204	0.464760688012072
0.251883427973556	0.466159730703471
0.286471361798751	0.461488096367376
0.306254055679963	0.461522932045465
0.325701349492155	0.469152613784506
0.357926077433086	0.455070335192416
0.392012035306105	0.456849522910878
0.415846166042992	0.460654849322864
0.437012167841403	0.461897803344263
0.465640232403962	0.454993409810626
0.491572332505983	0.460980347128744
0.515624099361589	0.460166047743027
0.543479713398554	0.462170391764914
0.568112083875223	0.460386866112645
0.583711495750241	0.463039937516785
0.62081695937706	0.460769491096283
0.639628739935995	0.467450881217757
0.670012737931401	0.465261364359637
0.698102344137957	0.458626030542887
0.71542110607608	0.460044043870439
0.736629897360932	0.461265371555806
0.764635571491949	0.468861402580435
0.80139505529843	0.466613125660042
0.824116042040242	0.462264709015535
0.852979628027284	0.461970671625105
0.868588082168256	0.454803051920265
0.891313876536534	0.454852217130724
0.920797942964607	0.458295810314835
0.941250797325199	0.468227112687638
0.975758689350062	0.458976380971749
0.028030567684938	0.493503621060566
0.047784862202516	0.48335864555999
0.0717740143810311	0.480176378859208
0.0955639752025443	0.494500286858083
0.131827341388701	0.485124391794551
0.159325894823968	0.488770327912542
0.180459627991774	0.48262452635041
0.21238840197511	0.479546510889949
0.226402917162178	0.489859016523151
0.252161836932298	0.49229709484207
0.276206505126708	0.49167412932144
0.300786209631402	0.48179332153196
0.340002921477461	0.488932230646954
0.3605130748145	0.492124133149279
0.381490255995643	0.487531375312327
0.405112711503851	0.491833558280814
0.431889260498315	0.485726994409872
0.455555195789609	0.48393391371378
0.480424499894819	0.494164171667957
0.520109012799647	0.486766110998943
0.537906966648927	0.494133336104896
0.561775949002196	0.480771255765348
0.587525448899978	0.492643457036962
0.612871480155407	0.484848870583692
0.646548812210774	0.484737124203028
0.673050826121278	0.48876986934626
0.696358939728907	0.49413418104424
0.722751089836674	0.481462886710861
0.750810235084437	0.493053556409379
0.772022658365522	0.48776630536988
0.788146114484466	0.482863174936449
0.8274544683055	0.486225249720897
0.852723971904232	0.487826967681795
0.869120867524634	0.482615005972943
0.898205728708429	0.483706558016812
0.921445701559164	0.486790786281161
0.954753807735793	0.482950438504847
0.969038029842195	0.480518176684722
0.0321515779852363	0.518298739550063
0.0490733519266012	0.509770220115101
0.0798975811931084	0.512938599625186
0.102827355555849	0.516642660921922
0.121394402109132	0.513647363683272
0.152623691721294	0.519497788669896
0.175306269301445	0.518146899456121
0.203695710948137	0.514176224808724
0.226020772694684	0.519559187637589
0.254176275658179	0.507331139250871
0.283130484521718	0.509840828427395
0.311283265980503	0.508109950088626
0.335304376133363	0.519706994530065
0.359606485590035	0.516485604550024
0.391993461586802	0.50632161232729
0.410907090937978	0.514930163395277
0.432258316014911	0.511753253594896
0.454300354595018	0.514306552137931
0.480374032924321	0.520066183675916
0.512495211063405	0.506115224124819
0.545947655816822	0.508301731760711
0.560709748714028	0.519674225948232
0.585034066391359	0.505178396090824
0.614254820953592	0.50929180088477
0.638709924827707	0.514864027857296
0.67280071589578	0.517226393342319
0.698960715039312	0.505581568263459
0.716752826494754	0.508820908694287
0.743944376107787	0.514379041676877
0.776422209215845	0.516991231862797
0.795257915735997	0.508445868505133
0.824563893840232	0.510239257420135
0.844117145858795	0.510087008326271
0.876500840099554	0.509263007718088
0.892656454683372	0.51693501774485
0.918809698607848	0.513649351449375
0.944347589395013	0.50986429758286
0.979354313991115	0.515009144552837
0.0313297717778428	0.536897027088745
0.0582644946621414	0.538202644797488
0.0811069234287544	0.545225102940349
0.110143663686762	0.533213131651427
0.120822428125612	0.540977480560935
0.155865388159307	0.539947258658739
0.178152951413858	0.542370798008266
0.204345955828957	0.535049860970816
0.230010057822773	0.53539873651224
0.256290759170913	0.543535891230532
0.289440609916745	0.532367467668899
0.313334751747481	0.541248235830943
0.335334135195743	0.534238935176539
0.359650334519494	0.544832600424637
0.380266530253298	0.535086544242743
0.415457349683632	0.539401175588838
0.431981949687413	0.532692169234532
0.456890598443689	0.53718532929099
0.485112489482085	0.537450361791176
0.508097866354366	0.531858202907061
0.541403314165692	0.544993370043519
0.55822363773441	0.541143561757339
0.589645965643669	0.533942723629601
0.608551979235724	0.535592009726011
0.643617720979464	0.540186507467063
0.660657032524961	0.531701351869377
0.699669098155495	0.536025396972722
0.718241672405231	0.545767186935507
0.746447931069602	0.543805262990249
0.770920397672608	0.532522598356231
0.793957616222992	0.532440349009339
0.81871493857755	0.540664528101957
0.850172040348228	0.534849060798535
0.865497128902241	0.543744067528185
0.898687084936476	0.538384472608534
0.924076871068022	0.53298781242642
0.947012453361167	0.53715951203644
0.980509599603715	0.531027181775885
0.0277454829314895	0.567941205923858
0.0486719325177083	0.56540504342884
0.0759044011569576	0.568057282794817
0.0999519447468382	0.566209854758416
0.134917500782846	0.561439916277548
0.150670504710674	0.571717883564093
0.184906766093756	0.56676407608643
0.197729664147913	0.557138462023602
0.227767189710629	0.566008782684206
0.261492499741652	0.559190165158713
0.277408363342114	0.566775299970677
0.311838727535925	0.561280239121377
0.327845637027921	0.564709368923255
0.359865972777536	0.564604985006223
0.390305883289964	0.57052303322569
0.404883118338717	0.57031642036701
0.436240666530996	0.571301373237872
0.463957096081943	0.567464908634971
0.489994676140419	0.565799809538225
0.518959469487239	0.559703181000512
0.539944228627501	0.56074422129817
0.560927699608873	0.568791396036613
0.587807325339281	0.563938192082553
0.610151444145181	0.562189275742174
0.635086712078429	0.56576359186551
0.662101273195136	0.563595068980554
0.687915603834538	0.562355400474589
0.710601771362726	0.564807287260576
0.740415342634589	0.568082872833686
0.772676753726192	0.558427110993313
0.787293655192814	0.566076810190989
0.821322254867543	0.564216288728682
0.845781245267594	0.557918877392909
0.875085777846548	0.557801982532643
0.896469686229551	0.55712578496518
0.921942714855901	0.563668238391264
0.953558910379249	0.563950152645819
0.974347810193209	0.56352296081329
0.0248370070280156	0.589743239658395
0.0481072774658298	0.584019496008559
0.0829270416724792	0.582628841422909
0.0994457268934114	0.597110059993928
0.135020097957666	0.583692854857701
0.146376574480255	0.59671189622288
0.174426322366493	0.596349982452435
0.202073106034473	0.583980096067014
0.229397746152056	0.591874519555474
0.24964614902268	0.583962253846698
0.276298305814858	0.591747803910338
0.302623508989365	0.582286729022041
0.330378612715417	0.5905229072779
0.366219280898831	0.585560784908339
0.392026943567425	0.584799227767095
0.41031868994925	0.582297772713518
0.437771576048553	0.58714148927437
0.461069339940718	0.593691702308338
0.480646153687586	0.582975670355706
0.511613622968806	0.591992612231728
0.544740333810249	0.590838958250259
0.565656085937981	0.593471738748703
0.596288885886293	0.590495876871137
0.611398354995906	0.591879230272693
0.639168062810789	0.590101650293706
0.667380980169225	0.583085984708502
0.698585308748545	0.592407261274935
0.722417005799178	0.596595334089143
0.747686409361194	0.596963199270939
0.772743684639657	0.587337745028198
0.788106052235785	0.586126757497937
0.818575947025123	0.596190909698346
0.849212307673577	0.587872773517118
0.868046096769285	0.582979281594415
0.896284814286767	0.590921232107074
0.919351128082448	0.582090486839422
0.949572674033001	0.58676292573453
0.969653059993013	0.590108885106781
0.0259811851131363	0.618798620309934
0.0439123396528279	0.60959539453923
0.0705523065498809	0.609059101060645
0.0959242603738928	0.617344342705164
0.132243757116938	0.62109578917155
0.1494864426469	0.611207608153801
0.177901706443484	0.617712812481233
0.207786136783279	0.620190374659411
0.230724765735128	0.619243180299218
0.260073630018083	0.611155757665162
0.276852681945367	0.611680031574359
0.314142090190142	0.610374001265117
0.333217447579439	0.613101161329934
0.355996317480413	0.61951384942016
0.389507992569999	0.619367396251232
0.405409015512925	0.622549402071398
0.435928561092041	0.622989144079494
0.467690155190538	0.616149730840179
0.493001327469361	0.610997364499864
0.518675409392482	0.622830897520451
0.539946978889424	0.61859250686564
0.568734022549198	0.616629824559061
0.589918667278449	0.613984492041783
0.617002257727675	0.619632242100579
0.647462542852575	0.612870956196529
0.669477071763556	0.615722081160763
0.68598889374113	0.621554347199318
0.719563659643289	0.609470895280492
0.737732344565112	0.615928624945229
0.762313059905115	0.613139096039247
0.797759910421061	0.612468770013866
0.817525912209878	0.620917077204188
0.841631205967974	0.6180067978544
0.87362935756164	0.607924406421963
0.890473470358056	0.621314344229258
0.925186789233655	0.619316379920895
0.943296238302352	0.619052376203352
0.966915797309567	0.611402265252426
0.0324299564487452	0.645188843849669
0.0558840463380149	0.63909424410887
0.0746078912076277	0.645681800438464
0.0950011900509818	0.645462148169878
0.123512965008525	0.641465669265432
0.150869394439815	0.640624497194029
0.171982332789651	0.64203159316005
0.202539233604416	0.633750959683378
0.228338590481647	0.644983857438679
0.260122274671593	0.639751541502131
0.285081455707448	0.648167409114815
0.310753812391531	0.641003862239388
0.328086011839517	0.645303182811882
0.361662541175565	0.645000715178792
0.388009863384393	0.636422456510274
0.413029525771578	0.645525099182151
0.429242211157655	0.645480661699549
0.454923164043844	0.648545158305829
0.494171307663405	0.639686805145009
0.515283778956475	0.638104425814021
0.538210291545454	0.648565543530348
0.560220821819301	0.637132277026135
0.588469724543215	0.635650103515339
0.61950511316857	0.638955473770425
0.644632270947282	0.637333094555438
0.66990622705458	0.635407072710062
0.685311082210325	0.643295150172051
0.715270900337985	0.642872488911538
0.737173669560232	0.636527791073656
0.76763769620018	0.634947026512009
0.796046278175766	0.64189716625974
0.824464133614315	0.639932670233108
0.846950774060346	0.641713494995685
0.870186136135541	0.642518218812799
0.896525929637211	0.636124280405302
0.928583522882884	0.641299539677373
0.953775990099662	0.643824933552965
0.976044931271061	0.640961413033488
0.0208762280461168	0.66407055091219
0.0532353639613063	0.65997038443955
0.0743292432242652	0.67191235049932
0.0970165017205946	0.670079264444939
0.134724366806199	0.665340372240285
0.14760613128396	0.663688536850731
0.185852597282963	0.666921223605786
0.20077327021784	0.659796558418779
0.236588472540302	0.670176320866798
0.251585110923977	0.660855333224154
0.286188828797002	0.670849127680497
0.312181807911291	0.670872961318046
0.332215054901834	0.661830567431197
0.358780415927004	0.671896433308525
0.378775275539714	0.670112146761336
0.408638135038021	0.661955224215096
0.429296986427693	0.670425321733479
0.461142627167216	0.670986438114096
0.487643109408467	0.661278324507668
0.520478229915274	0.664743920807026
0.541972052127482	0.661312553833241
0.564253053085295	0.667095824262269
0.588807491580899	0.664198230623779
0.614625254255111	0.669373019974094
0.644314051605824	0.670665539150366
0.667904313180046	0.665988172571301
0.69770062624227	0.67373562006569
0.719458112125801	0.673777553177202
0.739317258941816	0.673773104424544
0.766186435335457	0.66245004515892
0.798360349349476	0.665872310698519
0.817335907896895	0.674346687914867
0.85198299807603	0.659511592592056
0.866480247716948	0.659947142692978
0.895207763907847	0.666152271136228
0.928127294913177	0.671948090263552
0.95522026700643	0.66364600398416
0.981421150748977	0.673632284774226
0.0207224537683703	0.68872317749462
0.0534301330694489	0.690417736396528
0.0731359712503325	0.691252727446783
0.103873461150937	0.698386271092136
0.121891155415608	0.690917881176698
0.157756862178944	0.691423132194038
0.175582302391791	0.694034801123198
0.210215961958525	0.689333861899126
0.22605530651295	0.686193914446898
0.257406833908702	0.688670043436793
0.28911079752338	0.687261505390131
0.303850368410154	0.693338537441267
0.334050176711208	0.686898188426268
0.355391470175247	0.690941726505853
0.380857000382047	0.688395680387667
0.406531272907494	0.687036639111535
0.441799014058803	0.694319055198766
0.462395264880627	0.688701987684451
0.490212665317045	0.696850147329571
0.505703031475152	0.686570357425603
0.541276292877362	0.696093142706338
0.567498464393897	0.68952406475007
0.589630486526261	0.684823904624018
0.613326711231035	0.694916862237529
0.639751689281915	0.685238081280788
0.664267572788663	0.697639704823016
0.693671286525576	0.698133481836426
0.712573440073557	0.687557810002212
0.736564743285871	0.695458439461811
0.762942684745802	0.696568647865051
0.787379570296916	0.684738395405029
0.825920683664524	0.692261273189603
0.842551563470857	0.69532572047588
0.86583667457649	0.686519733250764
0.899140526350362	0.691100761430344
0.923478854850682	0.698498914172011
0.954481031432103	0.699483332497003
0.97034858180865	0.690564323652433
0.0322974995339769	0.725485276596012
0.0515527493617742	0.710592647991495
0.0797838829766077	0.711297779886784
0.0971506771422101	0.714600044882982
0.133490648447181	0.72249958750372
0.149398124863618	0.725544045596639
0.18163208259564	0.72031267267372
0.206784333766256	0.712058494420569
0.224005479254072	0.716120795500892
0.251356941932713	0.720871196031221
0.282567189787668	0.713918654853622
0.312816387087636	0.714226665953882
0.326195866019943	0.711569150875807
0.35726224623345	0.721459922195482
0.387557780945739	0.711077719963875
0.405004338797602	0.715247965817421
0.432419295878518	0.723428250666927
0.459187775531789	0.710860076963935
0.493799064836346	0.715212329979528
0.510299148654136	0.715518761920331
0.541320511312697	0.723563312149262
0.558800165199896	0.711362368016307
0.593642130253904	0.71519953910871
0.622049907494481	0.716339355816035
0.634107340474746	0.721713464725275
0.674331853660662	0.725191597760247
0.686558468517922	0.713269685772496
0.713440609261994	0.71522427183515
0.73648055848734	0.712763423783275
0.768697402177389	0.720373987479595
0.799894602504335	0.717308164156028
0.822970379892347	0.717220954644716
0.839009639835829	0.724837211007731
0.86861986733742	0.720624955986716
0.891953724095797	0.721769077836294
0.926911485084106	0.718111458651807
0.946739081526075	0.717570483965635
0.971930857831515	0.715922261423094
0.0325186125401507	0.739359382300233
0.0462433648256391	0.742500228071315
0.0775272193015913	0.737069015183588
0.0993181224842367	0.738611248932475
0.127323391916892	0.747134355605547
0.151590589351671	0.735952991697378
0.173067815218204	0.738272615209929
0.198160209949268	0.74349370089176
0.2276569704077	0.74976512985461
0.260691043825726	0.749340743221159
0.275186292406445	0.744815273072165
0.312600837104258	0.737618129351683
0.337686876025562	0.738357498390338
0.360304509621802	0.736698138450474
0.38565891363926	0.739429074375264
0.408051939291562	0.749213393824492
0.440812902720989	0.746426769798674
0.45390816809949	0.746299153312896
0.489265924233603	0.747336436792746
0.506875483806509	0.743658338759227
0.533364601813796	0.743467374987577
0.561175520793796	0.738289477382877
0.593690495576731	0.741212479231234
0.613988846037924	0.743405812429995
0.642315345739517	0.75005849758903
0.671538428148845	0.746841742553804
0.69851809617996	0.746447082928928
0.724105545109102	0.747837705324993
0.740258456818316	0.736351634880917
0.763132374137686	0.741644878080736
0.798334243792227	0.750889615414406
0.827643368453194	0.746216328992274
0.849121803198126	0.736146985902217
0.873220788015733	0.738398823021907
0.904452669741482	0.739882069088781
0.924578969260827	0.746831033965095
0.95639229771982	0.742376624204706
0.968067294476909	0.741104600706261
0.0242631408027251	0.773852437804336
0.0487340841696333	0.762102899869633
0.0778673502044697	0.772809066051284
0.0994050675295431	0.767322002365227
0.127615801413189	0.776519639923523
0.150564734910626	0.763798870408822
0.183730764618422	0.773041571122901
0.209432621373387	0.768436777537456
0.230147655319426	0.76455426417797
0.261559747411887	0.761698346095006
0.275801271275961	0.773134091784231
0.300481058048306	0.763418497123208
0.340901764071815	0.767411234087103
0.354146194758988	0.771590838012961
0.377901530503332	0.766740797240809
0.413584754966779	0.773298559791075
0.431204792550384	0.769097948414121
0.457288389116619	0.773171532588014
0.483420171691462	0.762750770724419
0.519933850645945	0.772280139433773
0.538661103831891	0.764287444064549
0.558701725965067	0.776599767915686
0.597353798095129	0.773947293217922
0.611575765418524	0.776154990965663
0.643327255055867	0.775224318614149
0.667371437456687	0.776621478546656
0.690423294348718	0.767782754117944
0.721441687818236	0.764784102067771
0.74342810814344	0.765032561648975
0.773875840850888	0.762499539412013
0.793270818960803	0.766274610850511
0.816426638455551	0.768075036712996
0.853040583010269	0.770611992429082
0.867937444023431	0.77050360132675
0.895043285377629	0.773726129199711
0.917449908332461	0.766948794245917
0.947790126947533	0.763475236054258
0.967905411618923	0.768860466044612
0.0295897608284761	0.788409873891003
0.0459901054576477	0.800110940539703
0.0760233970329853	0.798643963551908
0.109016676190031	0.789313066178932
0.135839663566288	0.796212076547579
0.156975785150639	0.801563384691538
0.176886999397334	0.788424121374331
0.212134296581862	0.801096446722029
0.235556597954049	0.792843783657155
0.251952946261781	0.79095313260697
0.285155028260278	0.791059152715344
0.306248856209145	0.799591943027753
0.332005532959407	0.794953972913956
0.357633413726328	0.799805900533891
0.382292141482204	0.790279966533159
0.403310527073398	0.794214303607559
0.438176518336563	0.800128316233986
0.468150037042558	0.796159122348982
0.488206726958231	0.797946881492095
0.512452743262877	0.802298589155697
0.54041371545843	0.791506256621423
0.562865406346216	0.794542685103829
0.5889944221803	0.80225890009633
0.620638274474773	0.789401344697644
0.644508302069209	0.79485716332446
0.671180119416079	0.789959334158142
0.686561490383627	0.791246824136795
0.711553630728675	0.801991464458039
0.736935200461776	0.801758537913289
0.768852234851499	0.793311384240333
0.787217509165328	0.797275139550974
0.817100867360101	0.798655050764809
0.848315126524382	0.798455922511671
0.871268231130113	0.79709962621824
0.897993694972698	0.794348971753154
0.923121113975403	0.800090283020773
0.9449895330761	0.796595918529755
0.968813219864168	0.797785527956246
0.0317742903052793	0.818061813948173
0.0545993681769118	0.818099477515359
0.0799987456783776	0.821079457131014
0.0997784755080068	0.827178019888331
0.133228963177638	0.827070525393706
0.151323681631778	0.820002825377002
0.178491141587287	0.81474509533725
0.204158753616429	0.827451344195739
0.235697030651569	0.828174747717325
0.263663761829844	0.814499394114472
0.282468283888073	0.823915567254325
0.304116891282891	0.81868715422923
0.334751713426129	0.819768944147893
0.365386967651219	0.821786868547681
0.380735949833514	0.82573394791767
0.412918238199042	0.817578427930345
0.439081078557475	0.8135796721363
0.465525649961286	0.818313154756972
0.482316110265852	0.822360658483603
0.513883817009126	0.818410597947771
0.54210253075322	0.822977135727157
0.557759435664846	0.822469033665364
0.583928813683882	0.816487144548636
0.611600865541765	0.821076067373356
0.645478344719577	0.821919274247957
0.674265311727353	0.820276598905643
0.694445431035064	0.827454987049978
0.720993907977547	0.820979704891647
0.739684394237119	0.820014389297925
0.772329950224971	0.819035217995727
0.799314789871799	0.818707889868858
0.812929248431402	0.823405763191172
0.848514121259361	0.815475329427242
0.874710619451128	0.815123121312632
0.900226082942992	0.82337300519816
0.922448830410057	0.818941776455524
0.948699116470565	0.828173914997609
0.975849953458169	0.816227856343142
0.018584547470067	0.843938939959842
0.0505059035084342	0.844747410290997
0.0711577442451782	0.848770906925119
0.101097386841613	0.847545030014319
0.130823922146041	0.841029120474454
0.148503419192048	0.842148011589236
0.185119955930843	0.846871353632955
0.200658588483394	0.843429925788224
0.22792101730279	0.845460934215634
0.250684490157296	0.846854313515573
0.282212458103022	0.8412835549759
0.309952271600034	0.852254534819703
0.328607045299827	0.846913480775433
0.351371472907801	0.841926532338927
0.385497808950131	0.840053894844603
0.402579940272403	0.845442994433719
0.437441084350576	0.8405200935968
0.455998395538955	0.849510742511367
0.481040761830519	0.84133332282612
0.512658853116908	0.851008192158788
0.539063562912296	0.850765958685762
0.564979040953897	0.847833136494643
0.592854470205824	0.843853531926836
0.621425848653012	0.8433301088671
0.640398751349848	0.851438681384342
0.661499101672593	0.847737745954567
0.684832312890811	0.847422501109191
0.71949831388845	0.839513643301481
0.748777831057187	0.848221816487934
0.769285048829963	0.844230676941732
0.788860686110785	0.849699651067853
0.820303274096044	0.843277396454262
0.848011003938066	0.839851620887945
0.874659047896909	0.844003600659401
0.900387215397066	0.844080029087488
0.919401357042866	0.850831141609448
0.954107184737484	0.852299655583246
0.966899468689506	0.84238106787411
0.0315803693593649	0.870006918529214
0.045010861849458	0.870952685431076
0.0801408589456193	0.876243307023753
0.0979937827125252	0.870900670758099
0.13157207124523	0.873542744388214
0.147192301667294	0.875981742008715
0.187121109226693	0.865758455573529
0.201962079572906	0.879202285998807
0.231989860008761	0.864951489384327
0.253810482932882	0.871592475752762
0.282629750498277	0.873534557937988
0.305020298125739	0.874698116908514
0.331743901727448	0.873302661836665
0.357328613855205	0.864548412444246
0.390807353908274	0.877699959945033
0.408187712437912	0.865289479487683
0.430060481888215	0.865729907799787
0.461455464823335	0.87907330207736
0.481572307363732	0.877057340508574
0.513083293347682	0.873158017170831
0.541448340263631	0.877538350959287
0.569217117198348	0.877303378399142
0.592285972221569	0.878905219175875
0.615271087541764	0.8748303990795
0.643860436939787	0.866977875654868
0.670348316995514	0.870650139624103
0.692667749274842	0.865189046820325
0.715729637884574	0.878071969807557
0.748780828316662	0.869669676138647
0.773935442662522	0.874873212851676
0.796629076837377	0.872708133141461
0.824356266030196	0.874576258222752
0.848460779470418	0.872646095560705
0.86663374965245	0.876063494334237
0.894678570442804	0.875190649495838
0.921744677015307	0.876522865761231
0.941217885471443	0.867730486007543
0.975288844863003	0.869247261292541
0.0282749064748777	0.890111854933542
0.0466944742564429	0.89969830959521
0.0782200031840917	0.89469960085185
0.101379979753794	0.89399634336586
0.126874197650728	0.899576849417443
0.161188709195037	0.893873383164792
0.180071404724446	0.89578154005902
0.211252529685835	0.904519755126049
0.225634885013852	0.899392334884452
0.259096361116602	0.896623368163327
0.281198425030143	0.894655366170309
0.310379060979815	0.90403724116843
0.334405723357535	0.897855542041714
0.352102306879159	0.892946333824817
0.386268923713403	0.893725414023594
0.406325262791432	0.899108805472459
0.439291863173821	0.891555737000875
0.457527431191729	0.891533450603066
0.48721358926424	0.89199018185845
0.513316172125594	0.893223654880567
0.539362530794917	0.899918089990292
0.568489632395434	0.893077118559713
0.582857878349284	0.901443238585666
0.617962758467139	0.894972775356813
0.641864862832407	0.89693373815865
0.663760766672993	0.905062565822871
0.69836735840435	0.902103076854245
0.712460362147345	0.896099044642091
0.73897233182252	0.893782641620964
0.765483448878491	0.897525278030515
0.800307470803871	0.901629778416626
0.81327922762499	0.902289508357565
0.839505374683908	0.890649549092321
0.869876176517566	0.897847798680554
0.895658246981448	0.890378492049677
0.922574643117844	0.892865749251879
0.942384349393534	0.893454936734814
0.979680442479999	0.890261534314812
0.0250463704656727	0.924949270303081
0.0552016213230151	0.926904456829538
0.0830595413058134	0.929614632648683
0.10080022706471	0.922139611705051
0.132345904440838	0.91939644543171
0.158084800862799	0.920800991096667
0.184472915939018	0.921354889938681
0.202400918776176	0.930497838256981
0.232672663194997	0.923973602129108
0.262103793610547	0.926888927191586
0.287428138880873	0.919540407542957
0.310917645631306	0.927349233283683
0.338287149937764	0.922331514802741
0.361773542494113	0.923142497589228
0.384746536038744	0.915737135855294
0.416081538410435	0.917886932498845
0.432661388671491	0.922813299550755
0.463813656022301	0.922858533280817
0.488930036494034	0.916351803062205
0.50758992627966	0.930667201542874
0.545683562807755	0.922128587051256
0.566350253532213	0.924137940389361
0.595613094086612	0.926157058314747
0.608012631462323	0.91883678191991
0.642354713338384	0.916993889579583
0.661714458609866	0.926667606729471
0.69846130107563	0.918180853532601
0.713074392335181	0.925881533756239
0.738861981810866	0.924237202199449
0.764710061457366	0.927140053282461
0.78756111756899	0.930067880300204
0.814161561684315	0.922308755445928
0.850201422794702	0.929822636392165
0.869431011072492	0.930412580393937
0.893664567742023	0.929463346200308
0.921047414119295	0.928798948077218
0.944250318903752	0.923041183427815
0.979315245663343	0.928844960265729
0.0184801403899871	0.944585036367495
0.0561492392744711	0.950883839831804
0.0842684918154986	0.944052133719761
0.108230325675767	0.941231507701829
0.134439982688143	0.950697839644448
0.147071235596762	0.954233511803174
0.175677453366673	0.949635996964057
0.209725009347078	0.941399832353497
0.224488262660128	0.954144753057728
0.251700648327793	0.948730658989333
0.28784817210791	0.953986310069344
0.308413669313557	0.95015256155838
0.336875099899604	0.952288499931276
0.353257485682115	0.945807190144544
0.384185899564561	0.951925760116041
0.413407235997252	0.943752942181925
0.441359650032983	0.941989577041264
0.454546375175994	0.955039883536865
0.481786576336507	0.953715598632541
0.516589190227249	0.950398225483924
0.533180125109232	0.951834083928164
0.561216723089836	0.951398544689651
0.584708713385898	0.950201230750128
0.613011259389924	0.950916187607565
0.645826914386354	0.944988747897006
0.663260579645814	0.945387917649324
0.685792649100213	0.948420593926936
0.714411484159379	0.943943135523353
0.744293813177205	0.942952959681994
0.764908818853135	0.943519234269906
0.793657519508346	0.954287250989942
0.815451715740508	0.951531603758654
0.852388493915943	0.943841324544656
0.86557337478681	0.941932026657772
0.899939609276943	0.950856808416866
0.92292152783232	0.94907658288016
0.951611366986535	0.951807338528849
0.966931173111367	0.952681825931484
0.0268113845006186	0.978013976107811
0.0463942004818	0.970335122536722
0.0762390214771529	0.972969498245599
0.0959189228122079	0.971466606358355
0.132867492272104	0.969837014987416
0.14985217364481	0.968798569804861
0.182859753299979	0.976010723355796
0.202026906790407	0.975137156471217
0.236372412739488	0.973521852412347
0.257365453059444	0.976392932490296
0.282461961748638	0.973303592436691
0.307460057246866	0.96905249356685
0.338802113235748	0.97427515275934
0.359669955938003	0.973428595909177
0.391502882531075	0.96691753188463
0.413546710098722	0.980479107575912
0.432362669790736	0.980362001174042
0.468534350249055	0.981837774362161
0.493129266281781	0.972228522362111
0.510580831793285	0.967409586871283
0.53566600339214	0.968959161453707
0.570977836347469	0.979734793777409
0.594437766424686	0.971147112242143
0.612838201099569	0.975795038655302
0.643374353469092	0.980912675173091
0.671566173553001	0.973305412420269
0.694494587285031	0.966706601955637
0.714152106038731	0.980238561187971
0.745892763891432	0.971074230373987
0.763485772345943	0.968340889474709
0.796025992684184	0.966752422492601
0.813559168891023	0.973420061385446
0.850896583362259	0.973287405140358
0.874964704108	0.975738837968379
0.89101079168968	0.968093521026558
0.923921466927313	0.970183224856924
0.953462054416383	0.978650534992337
0.976940469050922	0.974163216661969
