0	0
0.0256410256410256	0
0.0512820512820513	0
0.0769230769230769	0
0.102564102564103	0
0.128205128205128	0
0.153846153846154	0
0.179487179487179	0
0.205128205128205	0
0.230769230769231	0
0.256410256410256	0
0.282051282051282	0
0.307692307692308	0
0.333333333333333	0
0.358974358974359	0
0.384615384615385	0
0.41025641025641	0
0.435897435897436	0
0.461538461538462	0
0.487179487179487	0
0.512820512820513	0
0.538461538461538	0
0.564102564102564	0
0.58974358974359	0
0.615384615384615	0
0.641025641025641	0
0.666666666666667	0
0.692307692307692	0
0.717948717948718	0
0.743589743589744	0
0.769230769230769	0
0.794871794871795	0
0.82051282051282	0
0.846153846153846	0
0.871794871794872	0
0.897435897435897	0
0.923076923076923	0
0.948717948717949	0
0.974358974358974	0
1	0
0	1
0.0256410256410256	1
0.0512820512820513	1
0.0769230769230769	1
0.102564102564103	1
0.128205128205128	1
0.153846153846154	1
0.179487179487179	1
0.205128205128205	1
0.230769230769231	1
0.256410256410256	1
0.282051282051282	1
0.307692307692308	1
0.333333333333333	1
0.358974358974359	1
0.384615384615385	1
0.41025641025641	1
0.435897435897436	1
0.461538461538462	1
0.487179487179487	1
0.512820512820513	1
0.538461538461538	1
0.564102564102564	1
0.58974358974359	1
0.615384615384615	1
0.641025641025641	1
0.666666666666667	1
0.692307692307692	1
0.717948717948718	1
0.743589743589744	1
0.769230769230769	1
0.794871794871795	1
0.82051282051282	1
0.846153846153846	1
0.871794871794872	1
0.897435897435897	1
0.923076923076923	1
0.948717948717949	1
0.974358974358974	1
1	1
0	0.0256410256410256
0	0.0512820512820513
0	0.0769230769230769
0	0.102564102564103
0	0.128205128205128
0	0.153846153846154
0	0.179487179487179
0	0.205128205128205
0	0.230769230769231
0	0.256410256410256
0	0.282051282051282
0	0.307692307692308
0	0.333333333333333
0	0.358974358974359
0	0.384615384615385
0	0.41025641025641
0	0.435897435897436
0	0.461538461538462
0	0.487179487179487
0	0.512820512820513
0	0.538461538461538
0	0.564102564102564
0	0.58974358974359
0	0.615384615384615
0	0.641025641025641
0	0.666666666666667
0	0.692307692307692
0	0.717948717948718
0	0.743589743589744
0	0.769230769230769
0	0.794871794871795
0	0.82051282051282
0	0.846153846153846
0	0.871794871794872
0	0.897435897435897
0	0.923076923076923
0	0.948717948717949
0	0.974358974358974
1	0.0256410256410256
1	0.0512820512820513
1	0.0769230769230769
1	0.102564102564103
1	0.128205128205128
1	0.153846153846154
1	0.179487179487179
1	0.205128205128205
1	0.230769230769231
1	0.256410256410256
1	0.282051282051282
1	0.307692307692308
1	0.333333333333333
1	0.358974358974359
1	0.384615384615385
1	0.41025641025641
1	0.435897435897436
1	0.461538461538462
1	0.487179487179487
1	0.512820512820513
1	0.538461538461538
1	0.564102564102564
1	0.58974358974359
1	0.615384615384615
1	0.641025641025641
1	0.666666666666667
1	0.692307692307692
1	0.717948717948718
1	0.743589743589744
1	0.769230769230769
1	0.794871794871795
1	0.82051282051282
1	0.846153846153846
1	0.871794871794872
1	0.897435897435897
1	0.923076923076923
1	0.948717948717949
1	0.974358974358974
0.0326025247751207	0.0236969873783652
0.0458695376081193	0.0267288258589296
0.0837371540955431	0.0268622292383741
0.101773281996438	0.0315218857049281
0.12449423663293	0.0280971249644935
0.154611268468283	0.0267825865443333
0.17732029065511	0.027222543092643
0.199511449720285	0.0273523910697526
0.230907837241985	0.0202325113648817
0.249703367712149	0.0321135086834958
0.283070487575492	0.0199861996826573
0.310260403266611	0.0269399980411118
0.339056945534821	0.0181830738913096
0.364255984215571	0.0232231541814726
0.386395411896664	0.0305594284759931
0.413063208844233	0.031967780145746
0.438603663795928	0.0297623329245555
0.462898509581981	0.0303133020725252
0.482778813118129	0.0181869943312875
0.517972696092258	0.0275727701093421
0.536374465941778	0.0245666219267359
0.56930179606728	0.0217762107217759
0.590076044932268	0.0234976704025494
0.610432451220986	0.0268783699629028
0.643811999431963	0.0193522604316647
0.664504662130542	0.0241361769284787
0.696027949890851	0.0225363848749923
0.710325432059633	0.0224618468849641
0.736152225591956	0.0253955926660288
0.768413465442705	0.0312847440837151
0.79915677278224	0.0288261970645119
0.814934924621037	0.0285006935744055
0.852693455234345	0.0185339096875424
0.877014976573632	0.032404893044313
0.900496458845223	0.027004242736776
0.929080902807617	0.0190628659873391
0.945839157147161	0.0226707742219674
0.981291591499073	0.023231804806858
0.0290036253573872	0.0585129232054482
0.0440417194124665	0.04552161091924
0.0763679640235904	0.0453682760478804
0.101111036190431	0.0524086990593211
0.125485422881064	0.048478731150191
0.150049034593294	0.051629223680922
0.174579102982256	0.0565925118909934
0.212506417555787	0.0480405267288541
0.234045739405404	0.0578040981697978
0.254440355766557	0.052269608189759
0.279176442400604	0.0505904627690494
0.309484726610967	0.0493493148632871
0.334526652323266	0.046684682366265
0.353892151943496	0.0483489336986278
0.387643857273762	0.0576828921337381
0.417577895032314	0.0477066314692937
0.440812076816707	0.0462423483271877
0.456853589329933	0.0566316019008122
0.488457774247397	0.0564990451841318
0.518711459567205	0.0489727990190432
0.535069309159054	0.0548089570787093
0.570383541761164	0.0501628458293616
0.589566635590753	0.0485394894974004
0.608983070843399	0.0555158445599409
0.642123203224579	0.0527321019263522
0.669504590776746	0.0508942462128893
0.687378136206414	0.0581266681000214
0.718687276810726	0.0470913177685643
0.749400868947509	0.0453692948393704
0.76473098437523	0.0444153971733037
0.790430820639564	0.0581129504618659
0.822142233024926	0.0536168850063968
0.844466741276529	0.0527423062534496
0.86980420981311	0.0448552769520998
0.898887620607096	0.056870153083611
0.928287641697225	0.0537217398659944
0.94236688282644	0.0436764574209783
0.981732013571125	0.0567307265519786
0.0242673900679312	0.0750077993689103
0.0468676181353408	0.0716968896816256
0.0744939471057683	0.0796644785288896
0.0975095617686656	0.0714327318407391
0.124584281860972	0.0799562566528176
0.154824078204041	0.07806344005854
0.173689693842952	0.0767235157295582
0.209111801795069	0.0835728734278937
0.227661712855124	0.0791199380930727
0.257198774547886	0.0794170083516234
0.276966934208837	0.0696437711592588
0.303132996506598	0.0837242733402629
0.331037236348032	0.0797123339720367
0.359993349717507	0.082886900767861
0.385839030073105	0.0772112309550908
0.408640462720546	0.0739269880650542
0.442157170695817	0.0794223755875177
0.454803428709247	0.077987661851633
0.48848075782309	0.0767445144101845
0.518720441944171	0.0711188064592583
0.544530142243869	0.0837697315818196
0.570598242296572	0.0762515664974112
0.588322896185403	0.0703219839992866
0.62055812998056	0.083249577035364
0.634255045030447	0.0727561605230081
0.670263876619173	0.0795353484494918
0.697845113635275	0.0711712157257425
0.710559740080543	0.0809388238370279
0.737280526296994	0.07227582787533
0.776244117258515	0.0772396103399107
0.787679640259958	0.0786729009279852
0.822697214834214	0.0788062272113977
0.853637329444614	0.0791545123456305
0.878071389618533	0.0802126364679344
0.898820989337933	0.0805022582253429
0.918140841781425	0.0725292534635906
0.941915828372294	0.0715296113004462
0.967802961681257	0.0772850479071982
0.0207820315259232	0.0993728467678404
0.0547811037763894	0.0969288650943796
0.0796031661109623	0.105413373216301
0.0980198372935435	0.107737630830568
0.127691477185744	0.107847955317854
0.154632497066964	0.0990300889935831
0.172085313058905	0.102048912756425
0.206265086122882	0.0973047471995737
0.235010813665331	0.105671023088609
0.249451026247519	0.104429491152995
0.28445075517221	0.106771212360766
0.314431529444485	0.104305462764181
0.330390176815239	0.102504998847804
0.363265636906068	0.104143966773965
0.382047258242416	0.104273140575195
0.409389827056458	0.0991504532480971
0.436090237440824	0.104626767834395
0.455796370449045	0.102094128606793
0.49147822171614	0.105812063540975
0.505381103836027	0.107464226498432
0.532364930923069	0.107064858823367
0.563319726254509	0.0980987836257953
0.594688618436094	0.109147330421086
0.616645380498616	0.103763750110953
0.637267913219592	0.103320513087508
0.666613429953843	0.106126634915927
0.696992082762549	0.0952077996781282
0.713639548836062	0.109268034550159
0.737398257154742	0.106842878701231
0.76970832430306	0.107691878995671
0.78816495445886	0.103409469461093
0.81402120845808	0.098494716712248
0.839963339745661	0.103045386306927
0.876272956493794	0.0950337862462083
0.90225972643245	0.10043230321412
0.925838747971539	0.0993529676830282
0.955333467431024	0.101941422436473
0.979911194441322	0.0953638325416932
0.0221632199710658	0.124147392727623
0.0440810444455129	0.13511095380959
0.0721207281421166	0.12973251641359
0.0961045450178488	0.124742390553676
0.132484670819028	0.123084513076116
0.146504238312056	0.133094450468976
0.180691748062919	0.12839663353951
0.209666350080892	0.127839811145269
0.23367849163365	0.134072478141605
0.26360644244992	0.134439991713359
0.282294179788544	0.122028804897628
0.315333857360294	0.127202409105759
0.337952612836374	0.134405701074664
0.356298868697063	0.125047410411303
0.378897727966112	0.129494383372008
0.403572906869286	0.125838946779058
0.434246881017072	0.126844872169472
0.456804368782508	0.133948427589359
0.48902639730166	0.130805201863446
0.507858789230916	0.125282080431242
0.5420301826709	0.12575470633829
0.558811777795496	0.127273795647555
0.586214056604183	0.133472890528795
0.61074881702597	0.127059817608882
0.648300387958004	0.133069240758912
0.662815356409734	0.134398237997427
0.694780595254621	0.1256057546121
0.719816170325287	0.134085397539502
0.740683715127852	0.133230862902387
0.765343282248793	0.125577228832762
0.800765697181241	0.120948903887167
0.82073738962792	0.132825379288896
0.839183799621413	0.121358151798331
0.865211911338228	0.121333990024479
0.903125612557155	0.125823284645187
0.926854748279818	0.133905493607152
0.947877604106476	0.125331564769233
0.96878109605653	0.130238050068708
0.023394280896162	0.15816236233201
0.0522567444493329	0.146434803141303
0.0752007225330655	0.15464046455741
0.107411288098788	0.154848699904173
0.132159990129458	0.151041493145255
0.157998374536685	0.15508844158045
0.176711360483171	0.157978211956996
0.208260420332474	0.151547444095358
0.229307481640879	0.155779497126789
0.251813211621061	0.146554710637073
0.276005319346762	0.160335192794533
0.306273099028391	0.146835961147888
0.328749472171843	0.148664092816612
0.356976426383004	0.15271327882252
0.383118894139629	0.15222749505792
0.411828766439743	0.157761253017154
0.436413853688949	0.152821845371647
0.46092612016868	0.148881960851877
0.486914499061082	0.161321791573273
0.517894480775556	0.150073733236158
0.530976971795469	0.147201587107015
0.565311636232456	0.152767014671014
0.587260500203723	0.14617419131066
0.622856346063521	0.161111744589269
0.641501054536158	0.156896928154534
0.668555100917044	0.148539557468979
0.687622455031832	0.160179328909959
0.715856577330545	0.147642066865434
0.747823055367382	0.155065611144834
0.764120485095637	0.156825813845981
0.794808350380559	0.158163077681769
0.815424960363673	0.160871589722202
0.849583381858741	0.156979535138212
0.87608106443934	0.155691575914094
0.895666450550221	0.157008932007697
0.918222363731066	0.146208435095289
0.954885774288289	0.160083441709431
0.968165550152067	0.153171422456981
0.0330559055553777	0.179378072713938
0.0463046541446894	0.177981239970341
0.0813301467775815	0.185858883553514
0.109204836790297	0.181512448955488
0.129463971434907	0.184053743661682
0.153575341629974	0.182211078847847
0.177756643418743	0.173316031054076
0.209104999529604	0.18544034836902
0.235936252036861	0.186792753173792
0.26288559165546	0.17210458787196
0.282594881098795	0.178464990736879
0.311464877032273	0.176007327011893
0.338521512793766	0.178089535017694
0.358193811391734	0.181255528316535
0.379148675953664	0.178997964385054
0.410441104204511	0.184033731997145
0.443576866468798	0.182191133653909
0.467918515950647	0.181029222133262
0.484046173859807	0.172099235234473
0.514055272231622	0.186564853360461
0.545529780924803	0.176455750068432
0.570431706376391	0.178022051227464
0.593007670725806	0.177899207626897
0.618038443775511	0.173549394689654
0.641677983015955	0.177164427043045
0.663175188527127	0.182107421225514
0.689080163936091	0.173925402561726
0.717240657026524	0.177959109097784
0.747206488182022	0.182908061255634
0.762092367405666	0.184405649419061
0.797932107284923	0.179558822085394
0.814826523306145	0.178632227460541
0.842531955288868	0.17775901315781
0.866225252988987	0.173876721598244
0.900565511376303	0.180335572930663
0.922895314839872	0.18525093019012
0.947279422338827	0.179193097778142
0.967704105563813	0.184817926438918
0.0273719740811599	0.208820576059195
0.0514411217239864	0.202612050802357
0.081320459509859	0.198143590262048
0.103801898801013	0.205217647110708
0.127935345296366	0.207396322455584
0.154175154128402	0.207127533772312
0.184571655543644	0.201458939265109
0.212437846394892	0.211257941576384
0.230255588639624	0.207325768093677
0.251942863498025	0.198357706299926
0.276878416030469	0.212065737263555
0.306500648048952	0.200650494177003
0.338759416921155	0.205934639303634
0.360134018644751	0.201303928626395
0.384202321941379	0.212312678921104
0.404926229744459	0.206474785716513
0.441751560971043	0.199619437127441
0.456530615496968	0.208817196813394
0.492306718398731	0.202648130279209
0.516643109153959	0.211573978114287
0.531369698119022	0.199532232898511
0.561147589445392	0.197626596329607
0.586009518466001	0.207547537931604
0.615086068970707	0.201950831308948
0.644628528339174	0.206689166734932
0.66050859737507	0.199338223841411
0.689964248501908	0.201857699548542
0.71822171352766	0.210946215746048
0.737142016277751	0.199011309501413
0.766512245686782	0.207142330256183
0.793029825321251	0.202855389369786
0.821793812953055	0.203983145751211
0.843192770304561	0.198077528533302
0.877407386678209	0.199520558350946
0.904136509697036	0.205171892514102
0.916018729291844	0.199070726242299
0.94944703652029	0.201515353784104
0.979106851947304	0.205609348163723
0.0185959974014341	0.223932623208292
0.0466476415328363	0.236101713711243
0.0739229743335369	0.234265984579563
0.100595796380672	0.22976664831106
0.123456616900544	0.231199797829417
0.152810324074954	0.227547784664511
0.186860943026664	0.231129343453257
0.203282565821125	0.231462713268114
0.224267693724073	0.236783063294503
0.258105576447579	0.228062808481886
0.279489917010949	0.231885970253369
0.302632937558357	0.234353627958627
0.337854195284243	0.230337078270651
0.36425913395513	0.230003298877548
0.3782948455564	0.232092131133607
0.404515444588167	0.226486242279667
0.440717221621544	0.231303029151614
0.46737484318926	0.225058759386097
0.479921240192468	0.237316781170403
0.518855685841379	0.223385376127763
0.538292398668854	0.229849109759831
0.562032718474642	0.229932626690543
0.590612802023099	0.225865154288463
0.609175068991531	0.233851873105421
0.638998188272151	0.237225615492689
0.660956239561665	0.235017355851334
0.690276313184302	0.238455604760054
0.717788523875485	0.227369158889674
0.737068840122893	0.231570587974539
0.773532418305781	0.235521476406547
0.80052293680346	0.237206890000774
0.824114689803019	0.23035870793449
0.839774047925659	0.228415025264339
0.869767157008798	0.235891584762164
0.892638626754271	0.225033212548476
0.929504912279101	0.225685676601349
0.945330745272502	0.227158553011772
0.970290517792495	0.234652278682009
0.0249785278894173	0.252917616654748
0.053167299368072	0.252784210825916
0.0725028002873946	0.261919333178833
0.109904774181632	0.258467625805653
0.134620037357904	0.253772961864563
0.159888754004455	0.251644116304612
0.182471034894144	0.262074596022686
0.209834857944774	0.252063715941229
0.234829537528653	0.262182272824427
0.256840194482195	0.252263090699737
0.276930845657498	0.249006406139125
0.314235525705551	0.248730770660077
0.338202935987469	0.257410868113818
0.357857046886024	0.248728120546503
0.377828547368393	0.25384496482691
0.417851469476131	0.251659642180452
0.437345869192777	0.263504499167266
0.461578419316916	0.25690381512754
0.489838723114957	0.256573337569317
0.519664542915294	0.258333835169662
0.538096692671749	0.26205762282804
0.567445256507337	0.259794889752582
0.596695302223741	0.261325893266279
0.613903209727071	0.259068571553569
0.633594247183766	0.263502748432062
0.662349195109217	0.259715210926036
0.699839508161309	0.250187767920167
0.71747788177617	0.260524522816209
0.736994364177769	0.261336002599853
0.766713556609991	0.25511651273712
0.797963615904807	0.249072983726389
0.823095756072576	0.248769523721303
0.844321203913466	0.254153365278259
0.868351760872372	0.251190270151874
0.89686808071918	0.256526471733882
0.917937547007725	0.253748019310268
0.947791814061487	0.249272636472172
0.966709912802657	0.252414197122296
0.0273514133784549	0.274579485500837
0.0453165983982712	0.278572256182871
0.0699029587630665	0.289588825206726
0.095318399992803	0.281648685816213
0.124577255609698	0.283591171203559
0.161217326395926	0.276830988423162
0.175477335948768	0.288066819446313
0.203964335283035	0.283024820379563
0.229452913849776	0.277210193436654
0.261673623038043	0.287434265702084
0.280317064069596	0.284316402421999
0.304149199129588	0.285214391307066
0.335707665866473	0.288143300397855
0.361670306184416	0.275176190252224
0.388133802555037	0.275969157271424
0.410118315751378	0.277061194474611
0.442965277030929	0.289317208501741
0.45725786007412	0.275144620573629
0.488421555900133	0.289035896741159
0.510781935414023	0.281677399684546
0.537408630123377	0.275613533471385
0.568609958006933	0.280862311711799
0.585306766596005	0.280285887847442
0.608539388052814	0.277164217762067
0.640243010783286	0.281154491208005
0.668089328751992	0.287912543917174
0.687100814372261	0.283797220122337
0.711849878176576	0.288427002353876
0.739872893452445	0.286356177734571
0.774527443457387	0.276313588500486
0.79649458684078	0.289237241384916
0.815849708491101	0.28471380274647
0.84575203853336	0.289498174841397
0.865221268308842	0.277177221134849
0.893756567223476	0.2832801345196
0.923878661983495	0.283570677866804
0.943554015738482	0.277648177914946
0.968383428090255	0.283112679282295
0.021061093520219	0.30115104467505
0.058311889378141	0.314928000730624
0.0758994143885403	0.30827811051149
0.0959827002627694	0.305095640053674
0.133694963189429	0.313287899565797
0.160174129355661	0.307882475525871
0.185065189340466	0.309214068449755
0.200697502807017	0.308934430859803
0.235882946173579	0.311169811147303
0.260131964129587	0.305258806669865
0.277631184634203	0.314764088652864
0.307482289219577	0.307836457419747
0.326009465887144	0.312175978541741
0.354577054834043	0.308458889073783
0.384272457901792	0.305043066925279
0.413419378943189	0.314730403754105
0.42926872183822	0.313775103903956
0.468281165509732	0.310637773338246
0.483128754187134	0.315358689651527
0.509358152862084	0.313187405365463
0.537421300864462	0.305964899415787
0.556430953956021	0.300734919789926
0.586928723104073	0.313622802286059
0.618802727843954	0.301633635854515
0.645222856284335	0.312103564944547
0.669002949299884	0.31472412223341
0.693089772356069	0.310997583612679
0.713508238830642	0.313902984033503
0.74787426683338	0.30805880401313
0.769977489361057	0.300411355454538
0.795570049975832	0.315285514698518
0.815929290936488	0.302973893151162
0.84347249683599	0.304655413376788
0.870680108210572	0.309960415298828
0.902730562917944	0.307573494631789
0.92047935975314	0.303305744796944
0.953077313391892	0.30057692547428
0.974245375501337	0.310073401091256
0.0185247951905765	0.329722226460751
0.0570328569085136	0.338379424227295
0.0785467115965771	0.334503626897892
0.109995920288868	0.340597171810823
0.131811050928108	0.339397692660147
0.147021948444905	0.330966477691333
0.175326339008978	0.338795850700778
0.210224702397749	0.329211833525619
0.228849076769374	0.326307866696625
0.255535118478711	0.33401637207106
0.283927209023542	0.328767978954404
0.312843375200642	0.334784523819839
0.327482823765747	0.331791270174139
0.361428652299839	0.336794328993851
0.378133503658971	0.337456470530977
0.411794326554752	0.340851582674371
0.432542200039206	0.332562656954049
0.46389854810073	0.333688648558089
0.487149933637486	0.333647368233115
0.507040059829781	0.326010613679061
0.54464650905984	0.331246092823178
0.571542566886241	0.326983934973477
0.586526705266632	0.332838683330423
0.620710959552287	0.33746560560164
0.642027544475783	0.326795546055358
0.662690286620899	0.333777390801916
0.686774119292254	0.334840638136966
0.711944671583974	0.339472740161668
0.739769750652218	0.33065202786884
0.765990050211086	0.325778967889888
0.797612783030267	0.330377705635381
0.813986259837919	0.338584098894258
0.84805497478507	0.332226834307721
0.869698956550412	0.33019682615776
0.903639146482549	0.335812644360761
0.919184993425812	0.335889539896479
0.949398237999267	0.32600513638623
0.980487907026291	0.335423076680871
0.0180799864030409	0.351528709296453
0.0585115415170869	0.364229028639361
0.0738711323762199	0.352883413037582
0.104523128014832	0.352829870882754
0.131113386806962	0.353668590676976
0.146200234044898	0.358328207474969
0.176451564969445	0.364073476761498
0.206253889039914	0.358049634044535
0.226068882221125	0.360897210582521
0.254274705613478	0.357790352848533
0.285366433618766	0.354639545885991
0.301819807272675	0.358546509797205
0.336367869311529	0.360495741945786
0.365037502603596	0.36114495338124
0.385469605902186	0.361116487924101
0.410528413599671	0.356784635140108
0.435797331547234	0.361781881180687
0.467798893838763	0.366489082452617
0.490800177926205	0.353852340578402
0.507115641441173	0.354382760651538
0.539483392837958	0.358932342472141
0.560591321734739	0.351458815441368
0.597004841371348	0.359071907454539
0.62209831631239	0.35541440144162
0.640485418382635	0.351989153440289
0.67347718990951	0.360532523429488
0.692208098030849	0.366318149287434
0.715259417954892	0.365418554756007
0.736382107173456	0.357999610537121
0.767457039279053	0.357193332684793
0.787782267884647	0.364372760260746
0.814963153710521	0.362860340489758
0.841925097088252	0.362377344562394
0.877568710113572	0.35803669447006
0.897791862569446	0.354732603370462
0.92592745422477	0.366070930651585
0.946538889612374	0.356782136878562
0.972581532170267	0.355784534288746
0.0307055436987639	0.388268258844132
0.0535762656523388	0.389792105394709
0.0750958839831147	0.382199390311784
0.110078348898713	0.382759091555292
0.122151108890293	0.385801426544607
0.156465023561485	0.384684635413255
0.175594159840206	0.378541915768
0.200123527442376	0.380922973986012
0.226009175849409	0.379754904667758
0.254063491464739	0.3888255005402
0.288075121036674	0.391999452676755
0.315070510550547	0.382482638743643
0.332622884433552	0.388807200872267
0.362273791091284	0.382122023567359
0.388855593456052	0.389363423522367
0.409659382040745	0.385504184012027
0.441179145977137	0.390824563562485
0.453994591663062	0.379418804085889
0.487115537174323	0.377852223461232
0.509860075297927	0.38222794831994
0.535861474590211	0.379705792349617
0.560703872272318	0.384087812327688
0.587023853741233	0.378121130491066
0.61618926148979	0.389633231042873
0.64732827513322	0.384750846426244
0.668391916656591	0.379539176252908
0.687582928376344	0.391399619541741
0.725604783076072	0.379054436632367
0.748052463003764	0.377133697871055
0.761915191808855	0.383573516630006
0.800965484508977	0.385546275830968
0.82035877948315	0.382449842417203
0.845647984611958	0.388919572163551
0.869631864840467	0.382337499316506
0.896988976714002	0.389600212496079
0.925020182770092	0.386119687884933
0.947218201753516	0.384981958299506
0.968985098593899	0.383178461198694
0.0267658865240095	0.406255068242805
0.0544298064814386	0.414181190546585
0.0712485141285074	0.416955681648993
0.0978516093690965	0.403184000744304
0.135206044727668	0.406439018404278
0.155290779992715	0.412834945525426
0.181059136338138	0.416396939003755
0.202179294628439	0.412052164337486
0.232064656797097	0.414772784577775
0.257974046743692	0.404279473805662
0.288430302761789	0.40464386682051
0.306573054757114	0.417667721081113
0.327965672321764	0.411149125380802
0.35478525442371	0.417746444550823
0.390896788106905	0.413802545756674
0.414619497313229	0.406406810181397
0.430845283342115	0.412295313918908
0.459689588217299	0.41734178364117
0.484319627480165	0.403498121890734
0.508726478922264	0.413443391979885
0.540925847150743	0.408415202672853
0.571786949884172	0.404832048473953
0.584250369148846	0.404268516954345
0.621477060263446	0.410782412513195
0.636130709323307	0.408023465959723
0.666272935709124	0.417185841220597
0.691693619945485	0.409765484163599
0.725146964178515	0.40857109671566
0.744340633000863	0.417215724602501
0.762733391992322	0.406346582175573
0.788074239599151	0.409813027462515
0.818638383790085	0.407646383104129
0.844852315800498	0.403395505737207
0.868541772375808	0.411920233212367
0.897740282322829	0.412847265237352
0.926252236877901	0.405694764194257
0.94959524010123	0.416120355503018
0.971776961154405	0.416939607815065
0.0273755249197902	0.443307674015362
0.0459712325047233	0.44077995941418
0.0785118502752226	0.440610475467889
0.102499066295309	0.435779018595578
0.130839613716474	0.432695710232173
0.156443598152807	0.4381948350396
0.17744068135415	0.428935271880549
0.202111087229932	0.434587526891056
0.230978311662317	0.437903907120361
0.25544421283414	0.428735953614571
0.288428935750511	0.439257099524893
0.313707074159782	0.431213985761487
0.329296161194759	0.43090705429051
0.362287657262932	0.4424689621373
0.379859989303424	0.438015139489496
0.408426122772528	0.434387443739613
0.429974725782655	0.439528321434253
0.461697836107232	0.43789504677141
0.484821978734527	0.438140229537304
0.512504723014326	0.443467568320588
0.537776308143398	0.441697039740745
0.5695346306373	0.438894822089703
0.595270454739903	0.439831621713774
0.618662422868608	0.439888844313391
0.640635174838858	0.439630495522519
0.671050342988959	0.430601413009284
0.68670126452359	0.437726556105091
0.725345182832834	0.443003753465854
0.73945739973949	0.438865557880391
0.776535924108188	0.428450309345045
0.79276277876406	0.429066172486708
0.822313754468116	0.443237699055559
0.839057765315532	0.431571064000066
0.864243809288377	0.442076288743053
0.895372043201016	0.439872150330721
0.917053763011295	0.44075609368157
0.949158552934809	0.438770989175615
0.967728584158433	0.437137354727833
0.0267137286876624	0.459132349059956
0.0586170104435255	0.460983169863403
0.0695937290611968	0.461454025409453
0.10435303935814	0.461307242083202
0.131221853279835	0.458158281639675
0.156224222994338	0.468870412969463
0.173301938229507	0.456145361883252
0.21189532518805	0.461102768486689
0.227499282933347	0.454353797957503
0.250321724435262	0.460850631238179
0.281947611750427	0.46486076587445
0.301469601400849	0.46157292920517
0.337436055515137	0.467161404206205
0.360943436378793	0.468294578534296
0.37811008173272	0.468601283993437
0.411267999095009	0.46741653688103
0.42847308088336	0.457828495182484
0.453976017612388	0.458002934149984
0.490350978507462	0.459442365974671
0.505719909663823	0.459337301948527
0.530929878344567	0.465474553204443
0.556457984525192	0.454131625888728
0.596315890006106	0.460226603408333
0.615872926792521	0.454725828339883
0.635188381284431	0.4649013842693
0.666740668608882	0.456332017499193
0.690518701715173	0.459473409981821
0.718461629081344	0.465745383890051
0.742802244713956	0.463613766485099
0.772436699531204	0.460127950286746
0.791814185754156	0.461449423667786
0.817367843326878	0.459093350103127
0.840387411321695	0.46828545660069
0.86960537709264	0.456933268334242
0.90214013220524	0.453848096140458
0.926301452632559	0.459153578124675
0.950902795629985	0.454366844866193
0.972338505727218	0.45385755468457
0.0250103858955822	0.481134019426571
0.043611430433018	0.482401011783584
0.0776074826278938	0.482195382623656
0.0957159654292166	0.48176692885272
0.132255398126424	0.487604328875401
0.147554535590175	0.485097214431964
0.185412441824189	0.488744890063453
0.206909639858543	0.489085878971391
0.225005519118451	0.482654818187737
0.253188026604251	0.488627563530728
0.285463706037188	0.491199060969024
0.314691372703389	0.481352492638049
0.325856826632753	0.48669557101322
0.352994374186545	0.486428675615928
0.385550771159193	0.492038665980774
0.403360881513419	0.48424787660367
0.432807429944821	0.480805290462385
0.466456985739838	0.484363409983126
0.484156582787875	0.483184303922981
0.517548713621053	0.491071368288669
0.543551523611801	0.494416551884197
0.557823087228798	0.482834412341247
0.58503712017212	0.491648887293784
0.612646364632051	0.488314266517647
0.644829111382416	0.489284516380989
0.668923435746537	0.4909772109376
0.690876400189409	0.486488834881824
0.714650924740264	0.486390348263773
0.742187629162534	0.491469495825586
0.768773184029646	0.482648591154192
0.801653954524423	0.480963496120565
0.822495422788061	0.493374028355178
0.848341700131979	0.487622414103082
0.87642512759334	0.488552530035365
0.904312359499133	0.484689073412197
0.929151855196591	0.490580683076896
0.941204424939203	0.49013995647654
0.975350387727082	0.48246811828322
0.0250755707731789	0.506266749063842
0.0436518284341645	0.507231491363636
0.0779286936156492	0.518779411991069
0.101540195781884	0.50708253960631
0.128161922679314	0.514914602869139
0.147664731928843	0.507705766753005
0.177836541860023	0.517252815559099
0.20713930073135	0.509681453522004
0.238045200367691	0.515584395166145
0.255266602589453	0.50852183041376
0.278652465035012	0.508690789072745
0.30077119902447	0.510166263382749
0.340118255961926	0.517388230678349
0.353685736457216	0.516335948756502
0.389445203578736	0.51388266631967
0.413587556482911	0.514110394460387
0.436079435510593	0.516310502273325
0.463818686235245	0.514800099717172
0.486285886891038	0.519469030619683
0.505634644380062	0.511032387369969
0.538423457700401	0.506483556746291
0.564760958772092	0.507405298139988
0.590410802758493	0.509329403666487
0.614382010427493	0.509971450804943
0.648083407991878	0.505272394714901
0.672922903437455	0.505721586249694
0.688643707031203	0.508154990015351
0.725509770085614	0.518604200943829
0.743880450883903	0.510753047532486
0.767435695574382	0.519915217732
0.79975288897249	0.515183228843727
0.820700821883769	0.51635522650538
0.842805789539848	0.509222086474767
0.869375568521587	0.505681349492199
0.8976739978791	0.512797299310049
0.927940933691259	0.510780951567281
0.945818990257531	0.506591452872633
0.980971241290254	0.509281256288222
0.0275124930245039	0.536931482810611
0.0561772792835048	0.539141332360605
0.0837538090935349	0.543086488956079
0.108899251358349	0.535242398756307
0.121503205990747	0.538198179175421
0.146570621886876	0.533622595217694
0.1822684709505	0.538381228960081
0.208875817984339	0.541870420221513
0.224446646587915	0.53240519292342
0.250443276457442	0.545563247841038
0.276231985732772	0.532851848975286
0.305413260759583	0.535706440112976
0.335409746696123	0.541845449287184
0.366073043054984	0.543584695358423
0.385897564458971	0.541206468367067
0.406492457148677	0.542667425896773
0.440733427693936	0.543830186465206
0.458021106448866	0.530848157383749
0.493585910706014	0.539904015454425
0.507662294014997	0.54178745943777
0.543688568278806	0.546152796336498
0.567931021760205	0.541380602319861
0.58809175303171	0.540328586210377
0.61824640706973	0.533297017943697
0.642895650532719	0.540608989039746
0.662629989710418	0.534836080809491
0.693793355637678	0.536944586505196
0.713700479982473	0.533722896889435
0.741112521694524	0.537331408025197
0.76941015876944	0.539026233276812
0.792277736326248	0.540036254619703
0.814403577338568	0.539663939500723
0.841902821223186	0.535227767348491
0.867437411750311	0.537737354828929
0.89722617468935	0.53874016450292
0.917568910844507	0.541337768510747
0.955115025490455	0.53118198448316
0.979808685840794	0.54551158311681
0.0285252043375515	0.570095205029643
0.0489658122559338	0.563862434019991
0.0842872313598143	0.562101147292544
0.103770824527078	0.560784290139699
0.134312526798662	0.56535489415645
0.148435228060485	0.562171944921473
0.177743512347062	0.559156205499074
0.209411682940033	0.562019098999582
0.229105358076355	0.558966841957201
0.263635472603267	0.569561044623166
0.285889135718903	0.565577550896211
0.301742736760615	0.566059505030819
0.33198540330527	0.562255220493558
0.362170391254334	0.567136439562123
0.390964742982116	0.559196390367016
0.404360493230755	0.558116821600718
0.4282713020157	0.563503779358888
0.458666538281555	0.569810496372222
0.484043760209363	0.557062894535124
0.508105265821101	0.562213503873166
0.537543739209553	0.56549731632795
0.563525879480599	0.564011103377846
0.584922532603541	0.558374509359336
0.622691559492893	0.558719412667769
0.636188964966741	0.566689893782472
0.66403252646783	0.5618254409991
0.684888888661348	0.566762822117069
0.716461255909627	0.569372896938922
0.743984109394723	0.563243079467453
0.774965435673968	0.563672880090123
0.789749644573627	0.568738864374339
0.821958028096748	0.557908968420465
0.849097646732309	0.568199204882577
0.876696360582503	0.56780945604959
0.889857079421696	0.562427137833083
0.920922616459326	0.56771264641372
0.95608720608924	0.569082445685661
0.971456896922356	0.561262930586515
0.0187247257619538	0.595796605662651
0.0524207663147703	0.59195617646329
0.0731570849395452	0.589389655984918
0.0956348727297514	0.592433986788871
0.128197585812568	0.585182107072579
0.153092740601658	0.594174517076414
0.17654241580907	0.582104261460095
0.204102912175636	0.594615592984072
0.229019816645373	0.597308880024076
0.256312072093698	0.591268833624317
0.286551541733214	0.589601284071293
0.302079239867416	0.582971563827737
0.331034215579612	0.585688818317805
0.352637653634527	0.588200633010501
0.379795584734393	0.592587600947793
0.413740184711726	0.58818964647814
0.436251058764125	0.592723475530936
0.456793269919266	0.58623333167815
0.483516904906074	0.583291296798424
0.513603044952866	0.584768322290253
0.545605089344792	0.58830428862129
0.557742689788042	0.597127531354349
0.596218588247721	0.588721968150912
0.613003021093839	0.585897581642731
0.633595248576925	0.591400280864144
0.666852218477514	0.591400899382265
0.699993594852834	0.591431870600415
0.711463788619755	0.592992228870652
0.736334995866538	0.582691090032266
0.771463888836365	0.590988577332003
0.796384075100943	0.582238159047101
0.826203644398418	0.59169207923868
0.839226557605912	0.586720274316195
0.867758148313488	0.592750343695374
0.897943642442127	0.586977665755015
0.929967746380545	0.592416027122217
0.954230304225993	0.589654973935739
0.967039534496067	0.58593813826814
0.0201677847347812	0.619052833254221
0.0502277245078213	0.620498912883526
0.0822378574091045	0.612874595914564
0.096662667022281	0.613618646138772
0.128400557887076	0.613490817287736
0.152156791368656	0.609983459673946
0.17188892125266	0.619095001217055
0.205927818336587	0.619471666531003
0.237474641488	0.61963197027102
0.257334233534325	0.615848612414723
0.28305745301344	0.621051710158494
0.311302932507314	0.609764139178764
0.33800360084162	0.619900492511439
0.353532649180452	0.609023620645021
0.380493842833513	0.621483371434516
0.415289728668131	0.621146757693824
0.436099883592464	0.62160259612928
0.458767877488385	0.617916560733251
0.489557096268179	0.613102583658905
0.511550934598554	0.613320982856316
0.541084233996243	0.61810195904238
0.565817015048641	0.613438646500157
0.596956570307201	0.612575516872523
0.620528505787555	0.613561494187088
0.64454325815692	0.608644306436648
0.66708321114766	0.620889611029011
0.699800960278307	0.607704900431023
0.710874935195724	0.616464183752765
0.747941610208733	0.61121304583389
0.768002739851346	0.619863516082933
0.787898037944366	0.609175420246296
0.816678510683327	0.609435155585831
0.843645782754644	0.613079570815695
0.877368850146666	0.617933674134313
0.891441882873767	0.617077629500305
0.925418514824129	0.612003684701719
0.942964195795124	0.615664316486126
0.967992226554485	0.617860769435454
0.0194065035653251	0.639777684587521
0.0442374459667118	0.635113222637914
0.0701894866578017	0.641707204566489
0.100994470509827	0.635386801262568
0.122812065454511	0.636498159479582
0.158475486906287	0.64702175886654
0.180497291084244	0.644286004056109
0.198163059776477	0.647319408545611
0.231404918834711	0.643702610142282
0.249152894672834	0.634118926442362
0.286108211743634	0.639858208087428
0.30126473563028	0.634417643366628
0.329657822154616	0.634612478260321
0.356060052709949	0.635992541863018
0.391455006621184	0.63922618517053
0.415333087802902	0.648185168108248
0.442070169176529	0.646584680539705
0.457541075308954	0.634540414683206
0.489146618853535	0.641996736681815
0.505839111434385	0.646854894775188
0.535174239291595	0.644626974070136
0.568228862999311	0.635780033886771
0.58864192133204	0.635355583494119
0.621276357980677	0.635748561822564
0.636733550842483	0.645748566469254
0.666858468826725	0.644897577517562
0.692199422106171	0.646189852143748
0.718786001636541	0.636897416873317
0.740060748962753	0.645148516034399
0.774325419972446	0.648010458208825
0.793665873018812	0.648002265894996
0.815060391378835	0.63916100297419
0.839827140105426	0.641856357996989
0.878919280771904	0.647787630861012
0.897692605709554	0.639719297344045
0.93043352756991	0.63912708121413
0.944278206925735	0.638979694007985
0.976963053394176	0.638534424455725
0.0314216048569743	0.660266698383318
0.0553247581700897	0.668702008893601
0.0824642288123587	0.666435400403206
0.0976553424201009	0.670272968565862
0.135427180823042	0.672650233149046
0.148513557863205	0.660048045702827
0.180172971937868	0.667094307956278
0.212203015787147	0.672180855131583
0.227306717848935	0.660801196954126
0.25346742506441	0.661770937596193
0.276849675799995	0.664011894231383
0.300834664983378	0.660748816940189
0.338785431287315	0.668712236734127
0.351838927662918	0.668767921740221
0.389452882648267	0.660447989259593
0.404539556026454	0.672927869431897
0.4282975736992	0.673862820462519
0.462859016286028	0.662436870843983
0.48808560190002	0.661061709353629
0.51668640417116	0.66433487089143
0.533187434611872	0.666860008238553
0.566541408108489	0.66532793939939
0.584197715993149	0.672189130192576
0.622352569234732	0.659233749724211
0.635949772478527	0.663501233378962
0.669427219092908	0.665452168566873
0.697594699917781	0.665035310626214
0.710794626395412	0.660071792221496
0.739471277245383	0.67373529656075
0.774059254830453	0.673038780912491
0.797150442121624	0.673834406879271
0.820751015767401	0.67012739479531
0.843359078028566	0.666084377890578
0.8735937289071	0.661731193852124
0.891858579054276	0.667494240879274
0.924746528012636	0.669649814680394
0.949121100561018	0.67088128768909
0.974679322123772	0.66244535637662
0.0186553831287162	0.692322753931718
0.0578527298898331	0.695037701822383
0.0762565526615536	0.692757240094111
0.0960872037493566	0.699422591269308
0.121949668869023	0.694642438167581
0.146187587265503	0.69782259963861
0.177898520707734	0.692112778020816
0.204825870633107	0.695134790186288
0.223479249969177	0.696125569518228
0.256982674333237	0.699758623026028
0.27895041645124	0.695503930161486
0.313731104787913	0.687698984698806
0.328017640398478	0.69625271951831
0.35284920453797	0.686859362631629
0.380506695822084	0.693944340142541
0.403416507416166	0.688305619812067
0.431067724511028	0.697916318573803
0.457960861134406	0.698340589801416
0.489595755411495	0.686143975287692
0.518632045030928	0.687165348549271
0.53099597471858	0.691962404966236
0.571368207049204	0.693260956448168
0.587149572941672	0.685099517230383
0.614509182923329	0.685143120113203
0.63475280144149	0.692593273070505
0.674335553700745	0.699981563545971
0.685428155334073	0.699213494085182
0.721167084538531	0.696437931485738
0.746838258722824	0.688643330159141
0.765449615191569	0.699091498613537
0.798991948289079	0.697361280900705
0.817213442768062	0.699948665342594
0.840267832436479	0.690620302529285
0.869780219267502	0.695717531050325
0.893579208113388	0.687533958990126
0.929826637973993	0.697087918880656
0.946473333282547	0.691714186370647
0.972602985825694	0.693984138538482
0.0189793029012016	0.720036469138703
0.0589110849771877	0.710278405678047
0.0816164218510536	0.711248873640499
0.0999192438374758	0.721356274209817
0.13120481374974	0.715244772190147
0.160539313510509	0.725629468542521
0.175709118688081	0.718884484781474
0.201268164492329	0.71368350132419
0.235491505416202	0.717889271406628
0.251948142132016	0.710257186330029
0.282068343064054	0.724169758073241
0.306333394543789	0.720031865064792
0.328997746776537	0.717644190408726
0.360630980890183	0.714350014360428
0.380453678950335	0.725576986488171
0.406340223270384	0.715129673059266
0.443267860445821	0.717817453238099
0.467554373860225	0.718862171486298
0.483524192830516	0.712608723695531
0.512549547254331	0.723420214242607
0.532385468989149	0.71237211412653
0.562172666327163	0.721494131864155
0.588649886367467	0.725176383920261
0.616479493243434	0.724492382528588
0.638439920422572	0.720907130890678
0.663836119598956	0.713435462260039
0.696729028233917	0.716914688144144
0.724226254907868	0.720953110203093
0.736840528658129	0.721509011710021
0.776530138944394	0.720430497809974
0.790195910860338	0.724121788085645
0.817518354860127	0.711940261245225
0.841549915491545	0.716648175800626
0.878098797394867	0.724769007220848
0.904716633368041	0.713183837883436
0.915398952551932	0.715858416065799
0.953548746181254	0.716335322357794
0.981908001575421	0.723085935910942
0.0208901336289126	0.748420591411772
0.0484681709195959	0.740670358532395
0.0799845530783091	0.746898005243667
0.102725915286791	0.749024295222516
0.12620486300488	0.744612565009275
0.160207222994136	0.742904744812715
0.178381564193811	0.746434551475911
0.203486758696918	0.73695078820669
0.232605565742887	0.750727444309519
0.256864363191198	0.746450799162399
0.282014284719926	0.736190976129499
0.311669661161683	0.740605900553037
0.338134318172024	0.751038951389742
0.362531615088131	0.747357019943014
0.384949665383704	0.75035634006237
0.410174680126739	0.750933003376704
0.443548051835294	0.736682663315828
0.457919357938658	0.737753051434615
0.481255976271584	0.743255567758862
0.519781687903958	0.738155004019637
0.53861774208854	0.737614446852199
0.570588064748596	0.738670516879575
0.590405182669893	0.74369904008838
0.610301197663177	0.747634070695774
0.634083647889633	0.738364028581607
0.670889294781211	0.748819590324665
0.69183376301343	0.747597973374303
0.719545616142394	0.750741999694163
0.739026967299258	0.746750330612083
0.768450273482721	0.747737923218201
0.790873071824628	0.736990436793216
0.828203471137169	0.735900734887186
0.840868022850984	0.744226901414117
0.867980924375396	0.737062854011295
0.899632927604102	0.744760018114439
0.924523143442899	0.736297407604447
0.947712991031678	0.751003360231638
0.977190204774787	0.73626260795311
0.0283808077768184	0.767035287973008
0.0493295019533128	0.776496899061535
0.0822451489332443	0.763727753789074
0.0989781399038185	0.76251416018195
0.130816494230023	0.766655774147071
0.15417736463967	0.771079947219196
0.184713938466386	0.775255126713784
0.201469818735173	0.772494403808476
0.229261820255635	0.768294631418475
0.259308898704284	0.772316769741299
0.276986848873579	0.768625027198817
0.303004147473505	0.766017455223837
0.338860763661893	0.770892767674807
0.360972508645495	0.771001452916805
0.378118138877193	0.762204551313838
0.408669846752285	0.76767789324266
0.441535449531629	0.771690258403081
0.464371698599099	0.776006056450419
0.488116139248721	0.764134103927825
0.519525983177894	0.770215472700056
0.534692112521913	0.77418696247198
0.566528553417073	0.764524112989188
0.593441655958919	0.771717599504397
0.611961148224575	0.770446955134808
0.643486275018515	0.763206676042148
0.671761875604679	0.768094836906615
0.696307853826406	0.772017954796658
0.719831187571429	0.767881987004302
0.739365795773864	0.768004033316525
0.773869867476466	0.776783785132499
0.797965849988133	0.776550157901078
0.821878818063939	0.775689855197832
0.852327979757802	0.762562100022355
0.866924151058423	0.773020793274886
0.892480308671751	0.776680541356075
0.928178796240869	0.768577059906132
0.951791149575762	0.763148311413547
0.969014431999373	0.76558728236415
0.0319686350753072	0.792780909826898
0.0460617349570785	0.791567404493618
0.0778947217528412	0.796163319073379
0.0994302544250208	0.792531933700597
0.127300590923199	0.789777384039841
0.151259849657575	0.793500075571714
0.183570082492697	0.798203973970258
0.203661593346825	0.787544616520677
0.231726915622269	0.798810245534496
0.253514443335899	0.790878110857094
0.276082347760968	0.788920324580784
0.301661286895555	0.797035110909823
0.337937013798225	0.800556145922414
0.353622343106407	0.795170087574029
0.39010360811452	0.801565091590547
0.409767966367235	0.793615323537565
0.441586426373041	0.799329765983488
0.461555732466305	0.787861463969583
0.489491121693992	0.788938589610107
0.516143469009655	0.799079888097401
0.541522340522046	0.7935020526919
0.557729882473276	0.789969635685474
0.582779080127021	0.790189713910202
0.618270894077414	0.791801045243075
0.641543005673054	0.800507863536441
0.668824800087969	0.793988975762552
0.687007952642473	0.795228930820242
0.724016200692586	0.788593313272303
0.737097829083436	0.798070057652285
0.764412949906233	0.801451704269401
0.787238561502233	0.798581333329699
0.817130981707333	0.791991867945059
0.841447502552603	0.799448416734662
0.870521174638995	0.799030893608458
0.894811385637985	0.799470044999809
0.930596773771419	0.791385079895772
0.943287286479815	0.798743037428627
0.978668676597701	0.791623674545988
0.0224344271063151	0.818082722877299
0.0543102527880092	0.823611459758077
0.073267339797517	0.82476283759351
0.0974101569213262	0.813150690523559
0.128888901880059	0.827893341565039
0.153139291383986	0.827211928378839
0.180168740875531	0.816166426618891
0.210799735979591	0.823993300520539
0.224022122212934	0.821078052500306
0.252122323928696	0.817543882335708
0.288403982328546	0.828193245609041
0.300523107438235	0.822685184401047
0.326154065533774	0.81971831487337
0.35546537264963	0.814207164270843
0.387483817290703	0.824095429799914
0.413912543064275	0.820171480560084
0.437657981855144	0.813139656520106
0.46494025563271	0.814795121264332
0.488444889818591	0.81464853767167
0.50844576367369	0.825021173533317
0.544257813222492	0.823710766449902
0.568398998680516	0.825023151162653
0.592566306635124	0.826585264008845
0.615997774695267	0.825037921592954
0.639283960535204	0.818097860776189
0.673024975136067	0.824024650853278
0.696120125030258	0.816570255752883
0.72546884883287	0.824971091200561
0.750134624709734	0.822608590249383
0.769591156561121	0.817639628868493
0.797952483214518	0.825145806893075
0.821601818403488	0.82350928842498
0.849148297415335	0.823023425364676
0.875385597066665	0.813312181833292
0.893924683980221	0.813028543727736
0.919891251677444	0.827229112740043
0.954821219118053	0.824438601712949
0.980890807946968	0.817265440725784
0.0189968753261517	0.840692051270056
0.0463809694289424	0.838496218250875
0.0705482872345053	0.840266226378399
0.106348245651785	0.841926031315985
0.131230680363122	0.845976996923649
0.147864695441831	0.844148716170744
0.186082220350248	0.848054747954001
0.205827271225864	0.839342105970006
0.228354006692593	0.853411153918866
0.25774251876357	0.838891433113229
0.288332700702569	0.841649027026388
0.300083884090165	0.843957568802967
0.332249816330881	0.85329677121861
0.358170171086117	0.845811845665067
0.380847780153914	0.848251488487598
0.416925116226889	0.852298773553241
0.433548578068035	0.853579503830989
0.454409134235522	0.845216218418385
0.480336089354121	0.845823526761544
0.509885104409469	0.845638277873462
0.539622018980472	0.839866379497415
0.558258043648712	0.845673012942292
0.584142240063892	0.842046431327278
0.622271685906911	0.851076113789268
0.634617113850474	0.840426626007751
0.664982039481541	0.842034507187201
0.685081496697329	0.841849786868474
0.723445295654297	0.850007051121015
0.743357526868204	0.840003170070997
0.772535925882468	0.849841118271484
0.796594023721229	0.839928286148212
0.813659013122425	0.849216272023244
0.852751716167797	0.84483508145482
0.878554864946312	0.839913392817415
0.899752199628202	0.84400486169519
0.92919265585496	0.839864368975748
0.949889877781373	0.847913209259044
0.975409753316666	0.842603597312273
0.0257084816357491	0.877343922595575
0.055964232481334	0.87421998335813
0.0780276699360246	0.865333330816492
0.107849372350924	0.869361205535664
0.121485457428111	0.878806979766315
0.149924290392642	0.877181504742459
0.183533799275051	0.870541639160574
0.206987657149474	0.866763941280993
0.237888309595255	0.865554671228066
0.25720789234673	0.867821871443882
0.283597976091268	0.865447607323494
0.302580364858732	0.867786911984744
0.338267753710211	0.864242756736962
0.362177824115432	0.87615780243167
0.391920948976527	0.876514138072713
0.407793957086536	0.875285194197053
0.435163753973124	0.865279953372756
0.467931185014591	0.871893428237126
0.487906081866201	0.871561266387225
0.511413957526525	0.872587772260848
0.533069378275661	0.874157062904646
0.565376048209806	0.872991158875518
0.5928617878231	0.871471048423933
0.611847855897988	0.872263249778311
0.644452951186306	0.868826230045431
0.673232608679137	0.872457000282097
0.691796190301914	0.875683213176104
0.725219022270629	0.874247131020875
0.736275394584248	0.866185596708894
0.776772813183499	0.864472928000183
0.790166689333548	0.873002539205924
0.813774276885249	0.868169932868121
0.847664006916971	0.87340407643407
0.87249982822649	0.869980468237586
0.90456701906901	0.878433306648888
0.922898070346569	0.868012036216154
0.944554093788402	0.873298518463307
0.967839227036853	0.87693675168109
0.0224704119988366	0.89152551925152
0.0565518962545059	0.893057378124873
0.0709987374143569	0.896337497856513
0.0991015459591359	0.893181815533805
0.122692117725184	0.897413761403346
0.160588173633507	0.891716383226516
0.186347261269801	0.901753392688982
0.204937514843894	0.902611365514155
0.225761574632044	0.901685978226013
0.253279581541698	0.894378516425584
0.284267059981272	0.904509630474014
0.300952688962047	0.901973384286953
0.339040194836978	0.891218540480005
0.359031477664844	0.896435893223375
0.382211794725084	0.9018338242337
0.403279097022344	0.90167552494149
0.435515836871126	0.895813915307081
0.467665383726329	0.903800996011208
0.484165987677042	0.902038009120794
0.51150850833699	0.902439237321879
0.539292356713805	0.894705233788598
0.565918225129439	0.89606855487857
0.58435256415693	0.890796579723959
0.621272960433096	0.899120196198074
0.647369569144472	0.896230950711228
0.672896189519163	0.904888251677244
0.692551867540317	0.898128633425183
0.713798984410828	0.891050858643774
0.748447173634825	0.892636032534767
0.774795968968829	0.891926539263073
0.795573171320144	0.903576671311646
0.817398238324354	0.891477617875137
0.839281838998607	0.899873481996716
0.864929645715982	0.897951274002934
0.900801180194077	0.900835608905054
0.925030101741385	0.893679492443973
0.944679738270359	0.90053656346697
0.98050092300207	0.904429946963373
0.0183434348361235	0.93054539649029
0.0561422943211311	0.929185151479935
0.0714703002125236	0.921440744063036
0.106397726614238	0.922016916772239
0.12797796797012	0.926273285279476
0.157375015604339	0.929385736325819
0.172568296177651	0.915585841667367
0.20474842895191	0.917619352827184
0.231946309227688	0.922747262664348
0.248772956676249	0.929116562286008
0.287321949143528	0.930403502729091
0.305096203822287	0.924912131904229
0.326082924554058	0.920620071764258
0.364511129141754	0.919979176065493
0.385744688876741	0.926978209501473
0.415767347213408	0.916013562950747
0.43428158668015	0.915462545400259
0.469171189375243	0.928062209234274
0.494484313012175	0.922834098246717
0.514647116634678	0.924914403158741
0.536180957475788	0.921093462082898
0.563911983804415	0.92974667873126
0.586123505080419	0.925323517838537
0.620262131653654	0.924749205766108
0.639036866387646	0.920502191132751
0.671564703487181	0.922122948827018
0.694479681809608	0.929489424522914
0.724832909715064	0.918651723578586
0.744936441239522	0.919443849569707
0.765495122659806	0.92757478295071
0.790082847796709	0.918943988059751
0.814343858664456	0.923397316490366
0.842201752069595	0.925199262748363
0.870701433556789	0.927294205180331
0.89866411328898	0.925511643312183
0.92521545370087	0.923748751940705
0.944297111198428	0.924068579534508
0.978059469251948	0.929868223664757
0.0249100153165808	0.952083617366433
0.0451662619450126	0.948485537946643
0.0714629961675586	0.94193943850054
0.101046199281138	0.951798660241763
0.131271191042559	0.947683758762866
0.152752961439869	0.953034487563719
0.172137999260779	0.952160433284071
0.199470286524971	0.952074450902628
0.235058492663034	0.955412134439997
0.262003638352416	0.953127647688753
0.286176636100231	0.954424119506446
0.311725316377673	0.954220384963275
0.34000883347389	0.954101338064465
0.353295713036187	0.944857992788796
0.386908807347551	0.956208417791936
0.407273388395893	0.949521300115901
0.440744414403971	0.943073155115999
0.468682135018464	0.953135262217138
0.492995465771658	0.9412342210887
0.505825897121781	0.955589063473976
0.535510768282572	0.952157117378834
0.56506814736459	0.954530869583008
0.596457701727118	0.950289225199858
0.613078671617386	0.954849403092438
0.63994404317294	0.94752008630505
0.660505532542453	0.954565500688339
0.699650610016998	0.949651526005799
0.720431293509869	0.945804482648714
0.745917136294889	0.951534156555441
0.769863244104502	0.945847157397898
0.794859797041591	0.943976607890464
0.826043598123899	0.950982444587533
0.844972700253142	0.944254812366403
0.878270589695031	0.952275762253095
0.901907072034981	0.956176693742507
0.923159207341534	0.945499260517309
0.952615273249222	0.951017383939021
0.969407559378897	0.944947498125112
0.0255809232591585	0.977717199880737
0.0544093346634662	0.97588598097223
0.0705293975297402	0.981253110420988
0.109668251972621	0.977558471540977
0.12649765393741	0.978959339732941
0.151865259034078	0.972662949624005
0.185029939138996	0.974795038894635
0.199502085646072	0.973720578036424
0.232691867177135	0.974590605934226
0.261637999444575	0.981065851215162
0.285653437491059	0.967347528759502
0.309914908217493	0.968559079097551
0.326361587633089	0.980780232890687
0.356706096487686	0.967360017131996
0.377304400075198	0.980999722107716
0.405183381532774	0.977966922864675
0.430504400799575	0.981631423201062
0.468989202687646	0.974688928467316
0.492354995829017	0.970588648902789
0.51454828954922	0.979945110745635
0.53404865515723	0.977103609519737
0.569890762824321	0.980163975895431
0.591338455864578	0.981591292030394
0.615501101779478	0.968425278419672
0.640837507633557	0.96969204645563
0.668000999408102	0.967065089311335
0.694240858393868	0.973966135216928
0.718169291279068	0.970425784892176
0.738948747799968	0.968043748865525
0.764380849183578	0.980828833109178
0.796705199057454	0.981722657032917
0.81936300028023	0.972923689923702
0.850768170766156	0.974637436838518
0.866132595009533	0.976545574640565
0.899351549627472	0.97802961783648
0.915553516339811	0.967751723191483
0.941069238819952	0.972312504623089
0.979712351444467	0.980619567737868
