0	0
0.0256410256410256	0
0.0512820512820513	0
0.0769230769230769	0
0.102564102564103	0
0.128205128205128	0
0.153846153846154	0
0.179487179487179	0
0.205128205128205	0
0.230769230769231	0
0.256410256410256	0
0.282051282051282	0
0.307692307692308	0
0.333333333333333	0
0.358974358974359	0
0.384615384615385	0
0.41025641025641	0
0.435897435897436	0
0.461538461538462	0
0.487179487179487	0
0.512820512820513	0
0.538461538461538	0
0.564102564102564	0
0.58974358974359	0
0.615384615384615	0
0.641025641025641	0
0.666666666666667	0
0.692307692307692	0
0.717948717948718	0
0.743589743589744	0
0.769230769230769	0
0.794871794871795	0
0.82051282051282	0
0.846153846153846	0
0.871794871794872	0
0.897435897435897	0
0.923076923076923	0
0.948717948717949	0
0.974358974358974	0
1	0
0	1
0.0256410256410256	1
0.0512820512820513	1
0.0769230769230769	1
0.102564102564103	1
0.128205128205128	1
0.153846153846154	1
0.179487179487179	1
0.205128205128205	1
0.230769230769231	1
0.256410256410256	1
0.282051282051282	1
0.307692307692308	1
0.333333333333333	1
0.358974358974359	1
0.384615384615385	1
0.41025641025641	1
0.435897435897436	1
0.461538461538462	1
0.487179487179487	1
0.512820512820513	1
0.538461538461538	1
0.564102564102564	1
0.58974358974359	1
0.615384615384615	1
0.641025641025641	1
0.666666666666667	1
0.692307692307692	1
0.717948717948718	1
0.743589743589744	1
0.769230769230769	1
0.794871794871795	1
0.82051282051282	1
0.846153846153846	1
0.871794871794872	1
0.897435897435897	1
0.923076923076923	1
0.948717948717949	1
0.974358974358974	1
1	1
0	0.0256410256410256
0	0.0512820512820513
0	0.0769230769230769
0	0.102564102564103
0	0.128205128205128
0	0.153846153846154
0	0.179487179487179
0	0.205128205128205
0	0.230769230769231
0	0.256410256410256
0	0.282051282051282
0	0.307692307692308
0	0.333333333333333
0	0.358974358974359
0	0.384615384615385
0	0.41025641025641
0	0.435897435897436
0	0.461538461538462
0	0.487179487179487
0	0.512820512820513
0	0.538461538461538
0	0.564102564102564
0	0.58974358974359
0	0.615384615384615
0	0.641025641025641
0	0.666666666666667
0	0.692307692307692
0	0.717948717948718
0	0.743589743589744
0	0.769230769230769
0	0.794871794871795
0	0.82051282051282
0	0.846153846153846
0	0.871794871794872
0	0.897435897435897
0	0.923076923076923
0	0.948717948717949
0	0.974358974358974
1	0.0256410256410256
1	0.0512820512820513
1	0.0769230769230769
1	0.102564102564103
1	0.128205128205128
1	0.153846153846154
1	0.179487179487179
1	0.205128205128205
1	0.230769230769231
1	0.256410256410256
1	0.282051282051282
1	0.307692307692308
1	0.333333333333333
1	0.358974358974359
1	0.384615384615385
1	0.41025641025641
1	0.435897435897436
1	0.461538461538462
1	0.487179487179487
1	0.512820512820513
1	0.538461538461538
1	0.564102564102564
1	0.58974358974359
1	0.615384615384615
1	0.641025641025641
1	0.666666666666667
1	0.692307692307692
1	0.717948717948718
1	0.743589743589744
1	0.769230769230769
1	0.794871794871795
1	0.82051282051282
1	0.846153846153846
1	0.871794871794872
1	0.897435897435897
1	0.923076923076923
1	0.948717948717949
1	0.974358974358974
0.0238587884301469	0.0360010486660466
0.0541190652394023	0.0316690212963904
0.0811149561213619	0.0316598111494506
0.095685661655089	0.0340637697231488
0.123165867406048	0.0203155791511079
0.157461032756465	0.0326955769678802
0.174275738163997	0.0301416606827178
0.207609695708073	0.0198605664296432
0.239322894920743	0.0232487857273436
0.249290371830165	0.0195039648096989
0.271772553291948	0.0366279272220485
0.309625641114294	0.0225487838940374
0.339159430568098	0.0288713172688073
0.366363069988213	0.0211385394331098
0.375162181103946	0.0341452294810428
0.405998654352379	0.0292783504761857
0.440613639022686	0.0192382561726062
0.456416055657316	0.0224837907452964
0.496362119963697	0.0322734602969584
0.517407935166575	0.0356252408382945
0.548124988184182	0.030083917233548
0.56335009157761	0.0193911997977921
0.578982350112964	0.0247974073476923
0.616013786835316	0.0366603126487811
0.650920192786711	0.0268267161496025
0.673625479305321	0.0259074127417102
0.691794113899324	0.0222908575904205
0.715117727717881	0.0369661747732317
0.747399305542517	0.0254153821588998
0.775852369684767	0.0275073440251428
0.80166574987967	0.0369680418487215
0.826619792244793	0.0331518465341265
0.841198248248691	0.0343411929763017
0.880536290084899	0.0200503331158596
0.888745709163133	0.018039165919126
0.917260463020616	0.0287595586128466
0.9414935674919	0.0257220418174824
0.96528292210847	0.0290983170868034
0.0290434833204949	0.0619912372987863
0.0477364929339139	0.06071079892558
0.0809375399945573	0.0547657479023608
0.0915671344900229	0.051354863016685
0.132787222155258	0.0491605373145623
0.151320732036583	0.0600377440820469
0.185449168493199	0.0527855393798208
0.196040023668524	0.0513158889232024
0.231264878427038	0.0604436343867274
0.24921151308902	0.0628019787400608
0.279309815595662	0.0482264406890798
0.309247551720695	0.0502128531646601
0.322905399847681	0.0597852465966111
0.36992154417716	0.0449836920006508
0.373739261121728	0.0431721207056411
0.4209539310107	0.0601833854507463
0.43078773829642	0.0462003906897858
0.45759633842829	0.0516758908533353
0.479054274624279	0.0529545713508388
0.523608339248667	0.051707718647423
0.529824561173364	0.0441474152653759
0.562905761417847	0.0564692190237191
0.597769039150686	0.0609374993842602
0.609418661666115	0.0589253071873938
0.631406343889561	0.0616522559666557
0.661446548726655	0.0603948784064024
0.690926448529136	0.0413348544991839
0.718988244087418	0.0593515110657051
0.747542875327588	0.0511853616304334
0.763866784943521	0.0434075786842904
0.801926703308123	0.0544948900582091
0.812205446963	0.0435165783997828
0.845618698737671	0.0561586282125057
0.876708208646018	0.0415576570043975
0.888247742602481	0.0423303543720132
0.934371317079012	0.0522805991049033
0.948259579891893	0.0572136899478832
0.973211691159404	0.0464454119692963
0.0347549082098947	0.073875698554546
0.0524944033188669	0.067400293702745
0.0676181426417792	0.0727271725176241
0.0923689754679391	0.0832009549562574
0.126250621827241	0.0844290545322757
0.15036688825423	0.087401737796103
0.174281657240477	0.0821184454568349
0.209029090868491	0.0846369122753919
0.225154032250111	0.0681325975629534
0.246619801287778	0.0710949594733146
0.27434478706681	0.0676495538369225
0.296951331603349	0.0742630119678428
0.33683173780051	0.0821504417732813
0.368154703972267	0.0686921118304982
0.374714828989114	0.0745226320105139
0.412078377718152	0.0689177688881514
0.439088438440147	0.0866460731846861
0.4501373559264	0.0734319902059943
0.480584890861171	0.0822373731023939
0.518857175507904	0.0731936779216446
0.534284252478954	0.0705999692847393
0.559662949154884	0.0848286275083485
0.580880071598712	0.0686580491032464
0.622086230546981	0.0692393972723191
0.647889602663476	0.0674437383014663
0.674535746313443	0.0707171885610449
0.700598913704488	0.0789317180512171
0.715544790687945	0.0672882726694457
0.748776598066129	0.082917132330966
0.768485159320723	0.0786345606071696
0.78634903191505	0.0813357567255606
0.828148709272712	0.0805326339501853
0.841277351194239	0.0832500721677106
0.874736552206994	0.0697529920382232
0.898371155431936	0.0719686569683497
0.912865220792842	0.0821440493429765
0.954209161828513	0.0726140732908344
0.965498975381953	0.0669365207550183
0.0201022346922742	0.110992424340672
0.055888309307868	0.112233033814222
0.0784323672647223	0.112435860897818
0.113394658030445	0.093786714738336
0.13160046734474	0.110602125469937
0.144495850574801	0.091195105410506
0.17118876243064	0.106282310300404
0.194417649215162	0.105212415370189
0.221772375783351	0.0952989180344395
0.265759353435095	0.0981204602035093
0.286791781289066	0.0967859574345323
0.306777331250354	0.100188604905031
0.34208695975805	0.0953871821794814
0.366555555101449	0.0990182167617107
0.379628360821139	0.0927457228363704
0.415231413058572	0.108945756667472
0.441446150947337	0.0949203511976973
0.467047525814658	0.10690998614332
0.481365667253706	0.0974275489273862
0.515580270609161	0.0942839716319558
0.530395056840034	0.0935096271030963
0.554996807369325	0.105883094192926
0.591609097153006	0.109576533915315
0.615984484642162	0.0966419977553655
0.630676275170154	0.10360600114364
0.662127875805329	0.108434091595385
0.696709632188291	0.110200751045439
0.719009186623909	0.113492527981162
0.752866964868696	0.0934823576563914
0.773430832455108	0.099431948485204
0.800024576431525	0.0951269675108403
0.809811318956652	0.0936578585139367
0.84577415200168	0.0995759100051011
0.875057068857695	0.113352836827549
0.887629259702091	0.0925061819911767
0.921376460734956	0.102629328860935
0.94097138826246	0.0921425089620621
0.973436603702545	0.0953245088218531
0.0185481618370468	0.123940892717273
0.0413541617082029	0.127977701947931
0.0742060875455789	0.128066328348101
0.104115848189829	0.133753574648295
0.138033096785837	0.119523412548814
0.144241283473377	0.12958192946072
0.179040166417826	0.130571759363039
0.194996077891866	0.118440877654645
0.239303604455909	0.132358576222989
0.267091472714635	0.129879910139301
0.27102692738469	0.116768569919631
0.310470760788053	0.120617579982989
0.332059733971855	0.136433771136104
0.354654984455677	0.138802343714294
0.39207145562308	0.13046225785738
0.4179713023131	0.133999354314313
0.433092450072052	0.118930182099968
0.472141104418787	0.118011207478306
0.478152036969978	0.139512442847941
0.507862314133205	0.11918582958345
0.54995477810923	0.118080230973227
0.575477058548295	0.119225041080974
0.59413293860288	0.117272521104889
0.611959328751555	0.131529128884363
0.638004829866182	0.122521341535244
0.668624269041294	0.130695416252851
0.697304433603145	0.133120535017902
0.709554985182848	0.126342585255253
0.733352045828877	0.124705684445407
0.770500119544709	0.11843783517715
0.800944678014772	0.122922535757706
0.818692372868147	0.124506368705984
0.855537603403619	0.138661719715013
0.867173058881172	0.139150960892375
0.898028625764096	0.120497855061958
0.915916042633863	0.134041453918757
0.944875139714075	0.121811392390431
0.970928642298498	0.134155053273281
0.0207675508572166	0.155645045282473
0.0603709489067048	0.16075155604959
0.0846464153181015	0.163494003212189
0.100246118987106	0.152292639197861
0.117377692119118	0.154131932299992
0.16014952785745	0.149103143673273
0.185485410021407	0.145694392903717
0.201565596797431	0.1510596575329
0.221603274703094	0.162369371550966
0.252261575838486	0.151283897643126
0.273457023670708	0.152861151567999
0.315033786924466	0.158809072202272
0.339333833880353	0.15544702125751
0.359151793335252	0.154685787100703
0.382688164428553	0.1620013806588
0.398740151826254	0.158553251835227
0.426078887583514	0.164645669313795
0.454838663930105	0.152881518544157
0.484787698146823	0.15344219532715
0.523757474182266	0.155762433123772
0.536366433932665	0.157098839316627
0.561727391079429	0.161179278235907
0.586563278813921	0.15166814321402
0.612487794063187	0.153981363914766
0.633144008254635	0.148126339340521
0.657796425664486	0.155852633323142
0.684163362962084	0.144249268165812
0.723207493717611	0.142429951894042
0.737477638148482	0.150809181700575
0.763578455297997	0.14488179553892
0.792706672740801	0.151539019775549
0.813935378153109	0.145190589653326
0.843123056321132	0.157851232033915
0.860764972743128	0.146988974503972
0.897530177872036	0.155782509235005
0.928509394353145	0.157814904614256
0.957947148502674	0.14494068688488
0.983806909716792	0.146789542784869
0.0319914550721309	0.181160643765142
0.050349582536078	0.182756060522154
0.0724777130629241	0.186656447871496
0.102707983977812	0.177006169244823
0.119204817668915	0.185192437895964
0.148337702972888	0.177263677537588
0.188603123486687	0.176622482249754
0.195342566838682	0.18597952288512
0.229013650077413	0.17507419074114
0.246724573600882	0.180943883140208
0.291878461191908	0.175852668203022
0.310681434350115	0.172538861246162
0.332313295012857	0.18323758573997
0.354866596995719	0.18114825833794
0.391538296537595	0.169261910617539
0.398798470972648	0.186327502410706
0.430967171689452	0.176562505445649
0.46336331839377	0.176491479676307
0.480500934783882	0.176529520243452
0.513585080139556	0.180868559240492
0.539058269383237	0.180687650126818
0.571088590706965	0.180325711449236
0.598214420160159	0.188652217449747
0.606283567014937	0.179578615079498
0.646236620580628	0.17736526860213
0.667732340104574	0.169706072019401
0.700224933762945	0.173616150397205
0.726347993419218	0.190086064679075
0.73955885940661	0.185028003457431
0.762623787676996	0.190146040331945
0.806334614496634	0.188300979466035
0.821912659671264	0.188431453023742
0.855231246181134	0.176336859398001
0.861570994869633	0.168950416143753
0.895943434833071	0.180319054733769
0.91758756587628	0.182650595999738
0.940785924620457	0.188356445582319
0.973505683698426	0.189644084913736
0.0326421164352768	0.210345467768302
0.0424985917028359	0.203180297782075
0.0659960218046427	0.201402342237301
0.111199525227747	0.202063142922227
0.13549922859372	0.205838089551814
0.155330931893007	0.199584735834586
0.186021491874956	0.211885196735877
0.195663964885314	0.208048551778873
0.219832234685093	0.201053999643134
0.26778605956126	0.205374578706187
0.270862597924634	0.194632092890446
0.312416924778395	0.216269445169641
0.33894341007443	0.207347418642437
0.362961353985661	0.21176440785932
0.391997824563725	0.210267648382923
0.419370055713663	0.210156603885092
0.429360784540589	0.194502768885741
0.452011852487653	0.209261707382141
0.497506443083512	0.200120325413044
0.514030927190611	0.208980320246761
0.539186418916052	0.213776862102924
0.564050120809391	0.208216489398496
0.578502387375583	0.207723796613192
0.612140155841586	0.19876501553494
0.652261003304319	0.203214195707682
0.662908699458846	0.202762450722236
0.701407094947302	0.211281619906607
0.717331723993687	0.207721657814586
0.74148755484052	0.206804222466046
0.778749321515586	0.203286967072646
0.783782439622243	0.197597891684778
0.820986635161374	0.214106489471279
0.850767740002687	0.194006110834888
0.8710777222228	0.214829015982892
0.886273934016082	0.203594700123835
0.913110409051175	0.198897895318381
0.948326284768907	0.202580524716585
0.968481817421213	0.198360258417011
0.018990789489198	0.23557531588291
0.0622038662440685	0.237716614502027
0.0729178117180333	0.237765230554376
0.111299216932237	0.241290552571672
0.125380765662854	0.236940981758728
0.153011430465984	0.219377312066581
0.176544652222802	0.222611471851662
0.19647081363753	0.227357184364676
0.239060016218286	0.228940019554498
0.265105737548783	0.224725672292429
0.285721966105189	0.219403830472599
0.301374511577676	0.232521169711259
0.336566647636843	0.237257107009828
0.362289133939843	0.227644387819707
0.386131431607724	0.227223784728962
0.408267016391549	0.228409785789705
0.43726536152925	0.236958296306086
0.465593753346563	0.234173852350063
0.496193202232287	0.234263972197012
0.507037875256465	0.226415464360051
0.529125156603997	0.23648738897244
0.563656168269414	0.239063533733175
0.582920414555586	0.2360977424415
0.610934080609035	0.22444343454778
0.638665400888203	0.22281342874
0.669911868177265	0.238859374487809
0.702902996112176	0.222737764786974
0.711656165597535	0.224941935582812
0.744725236365204	0.232851088767206
0.770805925738101	0.219411819443044
0.806079956511478	0.230236316645689
0.820053188897954	0.222859106901693
0.857607553206655	0.230417488083732
0.869370674495651	0.240752516172712
0.900993492522773	0.231970006080484
0.912931867159309	0.220701239726822
0.955784548912674	0.239216188327102
0.967316619551589	0.239066958305335
0.0329486434358431	0.260371423759739
0.0581055414020222	0.256158439405956
0.0830889690058469	0.252885306290608
0.0980680315493403	0.266969933806282
0.13765450881161	0.251316174612359
0.154764131942222	0.256194335802981
0.177416805127348	0.24850108336496
0.208077270636512	0.245437719351064
0.236952073653336	0.258929024466139
0.266356641103432	0.257603287374022
0.28187153068132	0.258637442144021
0.30364764959625	0.248833006294211
0.331997835245776	0.25678806046901
0.364482326561011	0.262795712748449
0.375532330125054	0.253795231079783
0.403779010303777	0.26107576437714
0.428666016267803	0.259494149744708
0.458806322902558	0.267626607247036
0.497990458409193	0.249135477430193
0.502440014172223	0.246533946787829
0.531383895083989	0.254726886632941
0.569947751757383	0.247279150860082
0.578914231940266	0.263633814993905
0.604546584763904	0.24743579095969
0.635374210175217	0.247045333812082
0.660980037652767	0.264802459232653
0.690117206193307	0.247642037793337
0.717172866417325	0.262166352124707
0.748583960068773	0.247218859811309
0.777670559031094	0.246353345938073
0.788925130563229	0.249345072980547
0.829610031326647	0.265757360186401
0.844859571416478	0.265498127179535
0.882530371984538	0.251694338786712
0.901902940217076	0.249834594097739
0.929976173375928	0.260613252817603
0.93890846596022	0.250087837949437
0.968303314009582	0.254641159554434
0.0291626562588958	0.281498518788329
0.0473726750992979	0.276214309060761
0.0794747059700079	0.288061465392835
0.113037294859707	0.287581733754631
0.119936229255443	0.273132307110166
0.150695189357733	0.290192146086102
0.178094483625121	0.286667890539751
0.212254047227077	0.273888167370438
0.240404835402091	0.290561928846461
0.258313924937896	0.288555091858433
0.274484507917711	0.281348778524272
0.301107745870304	0.27978958825852
0.334635763885952	0.272627395536267
0.34934499728978	0.286113133057082
0.385520245397797	0.281274976226635
0.414514556537961	0.286895108390715
0.444111655483853	0.279370407342098
0.467231897504007	0.271431077503044
0.495955714200274	0.291106553173225
0.506216915178918	0.274670632774865
0.529237412003121	0.281699528225461
0.556000930562948	0.288063249799071
0.600198641596762	0.290881972402382
0.616563824826167	0.271231538949997
0.649078025391458	0.288103504695198
0.673007328065261	0.288621597538284
0.698521706969434	0.286535216697457
0.727897524993546	0.282559692175906
0.743198279831596	0.292826731956648
0.773640642130071	0.282505574624573
0.805136279935254	0.278347519833352
0.811354976625321	0.27487194522652
0.83751639896014	0.272016458327317
0.876315100985049	0.291847344108015
0.904874097721031	0.274189915717102
0.925619872457136	0.279194929662347
0.942101015237985	0.278148133754926
0.979485651042871	0.291089202711718
0.0347507018684193	0.300632661514136
0.0564923685892772	0.297800762326724
0.0741674623197897	0.301632279101597
0.108431026233421	0.303589853916145
0.133491471387642	0.31703551231839
0.16365473221962	0.300204643218381
0.168997258391024	0.298867027756945
0.209228104269741	0.30042200757116
0.234924299482819	0.317900127246387
0.2645166215465	0.302327937307739
0.287163389505996	0.318971882791536
0.307888295246998	0.305701456740852
0.338684645409644	0.303624154897803
0.370299139245521	0.319152299216791
0.377644383130391	0.30440082121319
0.41378628858131	0.301658539469968
0.434676396669522	0.309798136964797
0.469708591565656	0.311706581131331
0.483968654324917	0.297626306397967
0.524091219337779	0.310227168759873
0.532953224984376	0.301923832411269
0.558058203848894	0.30433546271958
0.594453012887114	0.297386314855313
0.620872907481379	0.314270818984513
0.631008022234771	0.30810205379508
0.67193036509706	0.309544462892487
0.694058507882172	0.307602659736568
0.723399661988365	0.304911823371279
0.739066199978993	0.304992655108557
0.778885190387742	0.311573538378214
0.789138831318543	0.298773996043712
0.82316508130782	0.306520989801533
0.85133845910403	0.31515736421117
0.876611409609306	0.30250645871077
0.894822741267204	0.301657385219772
0.928051468131704	0.309287196024778
0.947224631614991	0.307782434846955
0.969544078059092	0.300485917441762
0.0284143815443489	0.326283494342689
0.056451702497976	0.331396729647157
0.0785553829763939	0.342747352090348
0.103838723351505	0.336876975266427
0.123703454746687	0.332891598834611
0.14734043291351	0.344024994133142
0.187369946334823	0.328576526861387
0.216297414264821	0.340366456049871
0.236625651664339	0.322445316923254
0.259007371903659	0.339946343283704
0.283703348193541	0.340144888310055
0.312883519595277	0.343193677880867
0.323427520777793	0.336385021596008
0.364023870940988	0.335546291776759
0.391004090367513	0.336083475967675
0.419532243273177	0.342493062285381
0.438302368769507	0.344008961929183
0.451214940831294	0.325627602978896
0.486725068101441	0.333277072950113
0.50237725129242	0.336191421442742
0.537211892202381	0.336849328952386
0.574367315107627	0.339381463163498
0.590545944711545	0.333182069764638
0.6091814452921	0.342787413252147
0.646138564346837	0.32531857884938
0.656616681896727	0.328161646711206
0.702747920474875	0.344318051098768
0.709307063838517	0.342647691977571
0.745195680046407	0.32926723622128
0.777942030059921	0.322852290053505
0.803792150293539	0.339347273184383
0.815972090872423	0.341505864917884
0.8502304683557	0.331950842779167
0.871807646390713	0.331982963574464
0.906437293548322	0.342633031375968
0.931337644957643	0.336729235008362
0.949988172106861	0.34003754283641
0.981756372568598	0.321943252737918
0.0361230981380441	0.349907277174155
0.0554019036591671	0.36297515405981
0.0771988016076468	0.34849495258093
0.0987138646852995	0.350939031192888
0.139217837948261	0.353129780462091
0.160712646196903	0.352317418601694
0.177779429336772	0.366383871066847
0.19457987506904	0.363085779398851
0.234673589669832	0.366902882903168
0.246761480525253	0.354592684168516
0.290880382208152	0.354022868960088
0.302708287450246	0.361016132182959
0.344463277741906	0.363415246292606
0.35867608767075	0.369820115202878
0.391019641742021	0.364713644806478
0.41489651333917	0.361810759409516
0.429193197278138	0.349377135132575
0.455890693225912	0.357147006343875
0.493693712324789	0.364838579562107
0.520990710081529	0.347902370081076
0.527591530344983	0.360946638031068
0.571700286191691	0.367409649490137
0.578252702450936	0.351579509246303
0.608870224142608	0.356612400241316
0.63476846581849	0.364945617561338
0.659891271864819	0.356892000460459
0.697600268576431	0.350433636654541
0.727715445094291	0.353184584073474
0.755065321140548	0.360738944632904
0.769636935615836	0.35366537832489
0.793671516423564	0.354552067060493
0.823941018679073	0.363816753581142
0.835097433563181	0.366184682416923
0.879565858277848	0.34873948191349
0.906177121258453	0.360687716841466
0.915081979499082	0.35671501435204
0.958724039867217	0.355578321618843
0.962829678412503	0.370388727710209
0.0160901461725839	0.384614635587929
0.0544869831424534	0.376237852590949
0.0837761293060442	0.386522256428921
0.0954216785258291	0.390711131326971
0.12681002178919	0.393344455988924
0.157385332309574	0.375737551943903
0.170618592015844	0.379306702016682
0.203025989583715	0.390248530546626
0.225037351260202	0.37919711190307
0.24642383519171	0.378618524963808
0.287381725984508	0.392438395796603
0.298373748791019	0.37639251562104
0.334863483383652	0.379880089492625
0.370331365928077	0.385789753907319
0.389825547012086	0.382875874484892
0.417219260106136	0.395515871811192
0.437814118678274	0.380927644647519
0.467815854758959	0.384552704285055
0.483119776152091	0.394448377352967
0.520527013937414	0.378350988413656
0.531124567399652	0.377637248124172
0.559460798180471	0.394344197187722
0.600243904929314	0.376879521695662
0.610322273510242	0.374492035129529
0.650919080674282	0.378500297202462
0.655340074431574	0.384308694280061
0.695693228636869	0.393838706722062
0.715349370677788	0.389664396647992
0.733090377205773	0.388842604984817
0.77955859284314	0.37805644721802
0.793703232890524	0.377903166916321
0.831036551384044	0.382524789080414
0.851383111782408	0.378602637540866
0.875491224542068	0.394758468948145
0.900873303111781	0.389949929744335
0.923419342173856	0.383787597662317
0.945436535568487	0.374014937865871
0.976934676651976	0.379439918272236
0.0285729307262871	0.406275801342993
0.0600026150278997	0.41210220680622
0.0748179736890396	0.40177940496267
0.0926094804321316	0.408360223309014
0.13205342837449	0.400021915638038
0.142780362966456	0.401844989763609
0.173585744256742	0.421622557954205
0.207858251036308	0.406367129852424
0.225713632229364	0.401592519647254
0.259599099491643	0.41920801751469
0.286247702934546	0.418972568811807
0.30420542848414	0.413088088832146
0.342736252071079	0.417925555539953
0.350063945929886	0.410931474352747
0.391466286468395	0.41465215247625
0.421350045323511	0.407293244079348
0.438291590348609	0.400252555299316
0.457120029909548	0.412481095303506
0.489558536106788	0.40692651468572
0.524061988907287	0.412058676277833
0.531797657400369	0.420864400241263
0.552850723180285	0.401768913957312
0.582028584515808	0.413446900359606
0.622214026581261	0.406509958586265
0.647958398121389	0.421587538713813
0.65704176550964	0.409269713883954
0.683814556797572	0.399411051952439
0.706831393085882	0.407255359295918
0.738804895867555	0.404074268576613
0.774976262355814	0.411601924258559
0.805846169040174	0.420236139117261
0.82651842340081	0.410313915237926
0.855773847386685	0.41094059756583
0.882506271035174	0.413543648394865
0.889985941683204	0.41043159236943
0.914081197992908	0.404049637050459
0.954533041809089	0.415713821786427
0.98399857839968	0.418219806262506
0.0166132184134332	0.446898091558669
0.0421579437163912	0.425600576198129
0.0685195782079455	0.443499920832608
0.109867770931701	0.425255406681061
0.122220926007375	0.4448574489372
0.153211723941835	0.426599590018385
0.178981368953719	0.43070617312668
0.215498313614979	0.447257281232105
0.227034170011732	0.429480361377238
0.267617777379428	0.444366506382701
0.291454117347256	0.425168497539645
0.317209364086713	0.445764913028139
0.332982929765986	0.438183834448232
0.366195698363853	0.426375404828767
0.395390657349109	0.444315559661619
0.400233409268812	0.439179348684883
0.426808445897608	0.431038018810873
0.462288072251102	0.432547336699528
0.485540527099486	0.432179060224782
0.504443292723145	0.427133752425892
0.540187202559445	0.434375496439273
0.569395948768861	0.443467449596919
0.595066094144056	0.425340086501959
0.620041519083245	0.43694225418761
0.63527171361691	0.435766389173957
0.6688556642069	0.430021327246419
0.684639324724214	0.424725196962116
0.711004628950965	0.437351715593867
0.747836671139851	0.426433372903345
0.764128254547652	0.434892874943399
0.798485052793903	0.433782219219512
0.815740607352942	0.431506427056358
0.853510206568946	0.439509885101924
0.863027808428272	0.428877551406803
0.893909309864637	0.442476169731879
0.912054219274902	0.428901041901944
0.955733938121058	0.428260350235833
0.967115238035234	0.434067161959713
0.0329756894744802	0.456404253132168
0.0533951473415411	0.464502952870253
0.0666593137718421	0.464392440953369
0.105300484914384	0.47000599163781
0.133256473593446	0.457584134972109
0.160693243484463	0.455169210353602
0.17970698544229	0.471784205082015
0.208102059621118	0.450987352085388
0.237646611849598	0.463258508476824
0.260100258320021	0.452847566206594
0.271774178383196	0.467057515875579
0.30565190942701	0.466472768321386
0.341523445302757	0.465726437519448
0.357523950749511	0.4621839042156
0.392243926394392	0.462210026973012
0.414906278676039	0.456716713488754
0.43126663943492	0.454812890921032
0.450737133891371	0.471851179728752
0.491116855971258	0.469209074713981
0.504596827601379	0.455892579147835
0.534906917958288	0.472541392507998
0.575038944483039	0.471532056747309
0.579999502371329	0.462820088223068
0.613187996481864	0.460613366197068
0.652102586634008	0.47132468112759
0.677732816532489	0.466407511915629
0.695503644339022	0.458107409024036
0.72228962888891	0.466082339452169
0.732290413289792	0.45963141544248
0.779116502582339	0.466788138365859
0.784024760992417	0.451385144052842
0.813462846677357	0.471001224944938
0.852392011979566	0.462447005813201
0.861162165267972	0.468689814614994
0.88833345225412	0.462210279698965
0.915437191484794	0.462611716961031
0.946592035158613	0.46312742339859
0.971202830186449	0.453369987257998
0.0339165129038213	0.498435885818071
0.0594526432424363	0.489504029035516
0.0686792778822936	0.48372341523961
0.0993477510926837	0.489226450775985
0.133303769656227	0.483529695744163
0.144243276384751	0.475861265455206
0.168706790797238	0.486515050954423
0.203951038534407	0.48235213171208
0.227031855848279	0.486758766956706
0.247106322274587	0.488203218795593
0.286439143829892	0.485807104199909
0.315676601877599	0.496491940434467
0.342320947338722	0.485044490306082
0.359674416094997	0.494570979596544
0.394485919278554	0.494398380071083
0.41523824701663	0.478154128569024
0.441602019694422	0.494678793563888
0.463998583949179	0.48691888897873
0.478679497537728	0.489614670053662
0.520244654280316	0.497978998040239
0.544832082662113	0.490965224785228
0.575182876116107	0.481368647308112
0.585709271825177	0.482748492663666
0.606711229613931	0.48987150400167
0.629837409062402	0.483309737786876
0.657120305782702	0.498312230368399
0.688794734760702	0.489581419472322
0.716706533456404	0.480624653699747
0.738726779563607	0.475941299157968
0.775232681827976	0.493407328104484
0.80134953569929	0.495994126996091
0.826123592392989	0.491935070070859
0.842592292894654	0.496305706061483
0.879115858785114	0.488579166199781
0.889463356711023	0.497727796887241
0.917914639553726	0.482199278351212
0.952986849254398	0.475792708868037
0.976150791010022	0.491424321462966
0.0193479181603584	0.514230656231472
0.0479569612661831	0.520836944859386
0.0843564496420156	0.509673144804664
0.110101938907336	0.507741119048319
0.12941884242525	0.518193202930172
0.155438366337219	0.513405020123159
0.170725449368755	0.521969091587042
0.210221945285324	0.505678412731452
0.225546141001769	0.512492716761236
0.255976431519886	0.51693194256321
0.289110287062899	0.506540471247923
0.30703365900803	0.517482156468406
0.344486258804791	0.522965617098869
0.351656407359577	0.511960936136877
0.391373047112858	0.520271186993282
0.409044752365709	0.516735627462768
0.430049812223275	0.52304890456602
0.470974094605521	0.503628829028376
0.48699381374632	0.519580665880186
0.5232558450501	0.509126314174392
0.541698256015276	0.509399044006916
0.564081624588755	0.523816600878106
0.59665479110352	0.503899884285327
0.613014813734129	0.507907707993895
0.639841953227101	0.505325036699314
0.664473672130691	0.519034032296032
0.68622914738327	0.502228484644261
0.723812947721685	0.512379757186217
0.750867716262953	0.502703270500574
0.76471928719794	0.510270894171697
0.789888447455976	0.521827624648451
0.82367193908294	0.51765004649696
0.840502759837384	0.511166447939891
0.877880688563145	0.506999166704944
0.888124932789873	0.503948620186053
0.925367364610541	0.521966381829415
0.940128427309616	0.503666374215837
0.980518860462407	0.508558476879139
0.0151553637762285	0.528228042730425
0.0549623216852581	0.542194535090236
0.074709481579526	0.541018816389139
0.0966667424433293	0.531381261155994
0.122121322302956	0.538541443463449
0.142559772322193	0.533789886157179
0.178866526574044	0.534347918743363
0.213515283209835	0.544103486501941
0.219501590611541	0.530751290158064
0.259917530763073	0.535578299457875
0.270691086634425	0.543652924125315
0.313257246046013	0.544789607423702
0.328534109812242	0.538154500539013
0.358099770614773	0.532146935511635
0.395178122688787	0.536785400936953
0.408173275608412	0.539019119909434
0.42474376140654	0.537778107467979
0.463447937803508	0.543979432430826
0.481011223511357	0.547785687704166
0.523999104178534	0.538522959268884
0.52835053219076	0.548157041476596
0.558632598160431	0.546326886956746
0.595131917436113	0.532666044982261
0.617539508344282	0.530609601773338
0.652427661173041	0.535458569150942
0.67346919987305	0.535185544636666
0.698082711220718	0.536659466873419
0.724915699730819	0.533712874580082
0.732105178056107	0.546946350034629
0.760318228624025	0.528553064890546
0.801417723161381	0.540825996154693
0.811295026622636	0.53976848961962
0.844523110768121	0.5449986825137
0.865077788133	0.540860498319519
0.893767305812211	0.547331683169187
0.921140448270284	0.54062979757296
0.951958700038799	0.538454089864341
0.970586711019673	0.53406372370503
0.0245241052668374	0.561080984121084
0.0549311848259213	0.575625276596041
0.0784433217289121	0.560256180676374
0.101001819309933	0.56432451113392
0.139462717451485	0.561152727392315
0.147106431969783	0.562968246139353
0.171902385362286	0.554610595483669
0.21026293729422	0.557716551092946
0.225001752492719	0.554820068824001
0.248050775774365	0.561420126463907
0.272195504758968	0.573762828617519
0.31788291846572	0.570292547885046
0.324494686699679	0.569079538023867
0.348638687342775	0.57152198587755
0.373936893320113	0.553762214311372
0.41703989530549	0.568470211959236
0.430022412287806	0.569983935677071
0.450953270653111	0.57251942291084
0.479488338978253	0.561357674724617
0.518940722501878	0.555194846794241
0.532662002974087	0.552689094602175
0.554223835125992	0.558623245313746
0.583788239475124	0.558330977560315
0.610111356755754	0.573864661803688
0.63514434229842	0.571242479003848
0.66448817597748	0.560391193098267
0.690459632792353	0.575491336880946
0.721318437354917	0.552674367030414
0.75310897920382	0.561826262714737
0.765696325797894	0.560431657810076
0.80609917765654	0.561506302178035
0.823689453168396	0.559083112602503
0.844352390762298	0.562274589262492
0.863785662392366	0.555567222853553
0.890341501115087	0.552995458271548
0.916041725349754	0.55501663486642
0.938035057992389	0.555571037921782
0.980894167084898	0.562441725920312
0.0343031219153518	0.581018518044926
0.0573156320913156	0.58917789005184
0.0712159978739271	0.584001044163674
0.111642251978236	0.587222535780384
0.126033750540041	0.594344459288643
0.164698013984673	0.592109775396871
0.17002978660389	0.585770269328478
0.209925275740564	0.58859695159999
0.219669875820303	0.599333500112489
0.254291433379965	0.599257314499317
0.280913047782069	0.597597323750032
0.307916239717086	0.595274196858134
0.339634075686672	0.585397937648652
0.36900983465454	0.595197596161774
0.394809806630094	0.596931342197824
0.421019172249001	0.580326181784071
0.443516450292865	0.589502548940144
0.454228365930355	0.57926461037509
0.494848120065714	0.585530285252722
0.502154667326351	0.589480438231033
0.548907833403061	0.580514008724403
0.559455760273621	0.584831731771935
0.579528477902127	0.594497806069908
0.624085395565524	0.594509989228709
0.643324246267975	0.599092585508013
0.674348838048205	0.595900687382027
0.687500973964562	0.58377072002286
0.726846324523694	0.58060912255315
0.738078024966012	0.589351912019046
0.765031001253154	0.594252279564009
0.792013883533233	0.593688181407633
0.831114480798547	0.594524017584437
0.854131195768709	0.60056509238777
0.866443091516645	0.598105826234211
0.887351036441957	0.580452236820377
0.922674919589263	0.601007500119585
0.945277563249998	0.587850490846465
0.977560676140793	0.599393365919915
0.0190364440517905	0.618281807378263
0.0439087595540352	0.606607083199253
0.0675394696245527	0.604999009220418
0.10560811469254	0.623564580793867
0.126498210841603	0.605224298376905
0.154601377510914	0.619505447585814
0.168859935597135	0.606226805086514
0.215882647938112	0.611392034568652
0.241599920490603	0.611501183800462
0.262640299012085	0.610255662508791
0.287514068636811	0.605971917247285
0.299028749334168	0.608960989108792
0.32396180336692	0.615074673884443
0.363840176863366	0.609438282234985
0.375518908024744	0.625716153430606
0.410918183242035	0.60727854379175
0.446537367857751	0.614739988205062
0.454733576942462	0.612024430084524
0.476812654224387	0.621852277553623
0.51926923672804	0.603934541338799
0.52727278560544	0.616826571106598
0.567265917744259	0.619523527059655
0.591636354074238	0.622687663584122
0.624311180213136	0.613619720272644
0.641793659909207	0.622921600902543
0.661466822407708	0.604095886755485
0.682383789556008	0.616751584076476
0.725354935172744	0.609263015830347
0.746718970643502	0.616219882510039
0.775277935079392	0.617215490041737
0.800731119652761	0.621953465687151
0.829154836700704	0.618528416119756
0.845989898955027	0.625198972797557
0.872292292370376	0.607799865962352
0.890894198131227	0.618718599581655
0.919063654638285	0.613123849295501
0.947562468986357	0.617366395119802
0.967765380002069	0.617854151722377
0.0349464226291866	0.648861073563734
0.0597825367708236	0.645562224049893
0.0696461465330581	0.652523491154872
0.0944990126551994	0.63173446508536
0.138291256666381	0.646322950035739
0.1465133108721	0.632491720729325
0.186675255805425	0.632526204414331
0.193604306443067	0.649368295256041
0.225287306992499	0.634539067162923
0.247228790774813	0.637814660807347
0.292936670257481	0.63570477821902
0.310619993845992	0.642641890002309
0.323475583090622	0.649923541438479
0.368534380373036	0.6377683658066
0.385692172406247	0.631534563049964
0.419733596057628	0.63783834951019
0.426400493780571	0.64430229346602
0.471520736635719	0.639385230645381
0.479424449086318	0.633302615446303
0.518430692405717	0.644242470794798
0.547231234611059	0.64851396173658
0.569905532311089	0.647854246260829
0.600192242906943	0.646534282059655
0.622132669051448	0.63067110872861
0.636921061793786	0.63273055627772
0.665661331640757	0.635905542149827
0.689511523310226	0.634905552187986
0.721576788680017	0.645224952868684
0.732539494804333	0.652063593003329
0.76064453312169	0.64292615341185
0.794867053552589	0.651125397743214
0.823702648531506	0.63168245492004
0.836814350351092	0.636809159377989
0.877698762707138	0.629595614107984
0.888648893290706	0.647917188676611
0.91720471295129	0.649495091882599
0.940148152250785	0.631115473577372
0.969945941580695	0.636923293957696
0.0288243409801146	0.668730786421231
0.0557217926409023	0.676135776151328
0.0807660516484019	0.66589036782369
0.113055336579335	0.662328671154962
0.122949221816553	0.667245622661371
0.164811145092266	0.671081101579554
0.171343249247318	0.665592381738122
0.196788776035172	0.660603948906211
0.232574483034018	0.669269916024502
0.245490922640888	0.675234147706308
0.28275149143015	0.66176998005739
0.312594991120027	0.677652305361942
0.342040844663131	0.665797782592846
0.363521407722465	0.656469154667881
0.381849520271165	0.667681335202672
0.419834944131883	0.676730185607967
0.441616283604419	0.674570102321411
0.453923743502523	0.669206477155465
0.483986816018405	0.678199788066329
0.510529680623315	0.658298823254883
0.544843728436586	0.660193573159246
0.557414841114716	0.673102320381145
0.596039432877093	0.664491853999422
0.625452625646483	0.669701862395059
0.633791183468121	0.667278945286427
0.662678845247623	0.673782107937837
0.686961286846124	0.667756230330738
0.714629297937081	0.660957169765892
0.746474484192902	0.660678523806873
0.765352781256025	0.662529907054458
0.800050697462657	0.668129785725087
0.81540942770651	0.671874599977025
0.847936212555138	0.666659587908917
0.864980597235047	0.661496818600715
0.903851404227728	0.667397498286786
0.922115860522581	0.672907134582077
0.953642406231348	0.670119318197975
0.977709849346779	0.673536356884332
0.0192772270355747	0.684670588976527
0.0591311327973953	0.696790028141768
0.084704948551755	0.696840020946395
0.108246843811254	0.688303350670549
0.138806983957623	0.684743662271948
0.165267751611128	0.686322428905665
0.191016709081616	0.701659060348081
0.206709383462197	0.700872598809399
0.231038226691817	0.685806111014248
0.259835116032158	0.689470048311346
0.280488225860207	0.697366941237826
0.298663094424208	0.702228221219704
0.336946562724312	0.692871298341789
0.362401767987495	0.684924658593881
0.390574626595775	0.685699735418583
0.412014660841313	0.682668053992706
0.431795271189743	0.685825333912968
0.462150754867436	0.68970699461965
0.481300312363155	0.684109456786448
0.517616737073921	0.688330110261197
0.545214022131095	0.692227992306227
0.555724907004398	0.69272347795778
0.583327792667907	0.683766489663699
0.606761870428154	0.694663670767221
0.641514264600735	0.681994773338477
0.660337771405778	0.697842805976662
0.694359712358347	0.702534883929199
0.721610434979096	0.68944948998494
0.737419563544057	0.700172331254618
0.767300853695274	0.698808039745846
0.802297502510749	0.68288891699849
0.831098174421438	0.692206773125691
0.854510327204284	0.694601616748662
0.866331693462452	0.692520433759662
0.888542704520675	0.698932767339309
0.914521683859092	0.690382812174852
0.954040215078923	0.692340956551163
0.978186477938107	0.700793732159363
0.0147475485054003	0.714553919687439
0.0407051255005211	0.708203761752729
0.0760422863372308	0.722158966203326
0.0951487074568539	0.710030427670799
0.12471613013104	0.717332329183846
0.144378579893145	0.716691540863398
0.190427327855912	0.724464733537832
0.198445272739091	0.708949790046524
0.241951643507289	0.711288346756416
0.26396878643141	0.713047459903578
0.287295360826458	0.727297513188751
0.308097350981239	0.722454121379641
0.340293561218546	0.728817922195265
0.360863490150214	0.711524286934904
0.373118157566691	0.726658222435481
0.415689257092694	0.709435800968403
0.431171294252869	0.72599505988948
0.469406660774645	0.710682327931604
0.485532750734077	0.706440341485191
0.518214729442995	0.709910185817856
0.546261712068931	0.719858170524366
0.553327119495557	0.726694097079669
0.588584721855829	0.729232462693892
0.60440645837306	0.720973799643777
0.637463084306301	0.72286988129855
0.665689217073276	0.721773833838934
0.685596405888611	0.708140728680243
0.724731769665797	0.708167941086998
0.751474850931709	0.707234599055616
0.763318015970455	0.715942893466876
0.785340572099464	0.722985879670522
0.811844555544698	0.721562689791169
0.841094730257634	0.710724099316
0.872744523681986	0.71160753087072
0.90662020718112	0.719807840280785
0.9334481421267	0.727388298464641
0.953714725041911	0.722561060349615
0.964738255690988	0.721832566914718
0.0274354679135072	0.739790801584214
0.0398355780158059	0.742021005608475
0.0744474696555589	0.752728739440647
0.111239513482851	0.74752019728172
0.130474725242583	0.741255972020176
0.149661499808461	0.748409026919138
0.177376770819244	0.739642799206586
0.212108215474939	0.75455829434386
0.220211103614637	0.745132807947185
0.262235945520028	0.736467671936813
0.275166138296755	0.742845246413105
0.311949119335523	0.744851419170877
0.340088335063004	0.737185534239753
0.35591917220784	0.737476830494001
0.387154188850024	0.738317711371277
0.401643398604196	0.751822842101693
0.444705883921022	0.732723482640136
0.46807868792795	0.745119720513486
0.481454841233153	0.732469752036548
0.504930788067197	0.734923779190228
0.547212270943209	0.742352922032017
0.560456073770668	0.73405900760856
0.600961397316383	0.750170533598372
0.609035764407798	0.735492892920069
0.630270212066168	0.740989693359036
0.656965745874847	0.749751983454767
0.698820095060532	0.751002872735094
0.71097343630473	0.739649326976872
0.753866484442084	0.747038239131499
0.773413043346865	0.73724207852158
0.797838747444625	0.754918370115482
0.831748387005842	0.740962829440718
0.845093453826935	0.739632263762856
0.861208511579438	0.743312282571286
0.898494503304748	0.732719129362171
0.924082295884841	0.752097561938892
0.955241826219105	0.746741338324171
0.974796146369486	0.735310288647872
0.020066958406884	0.777485808323652
0.0514059154927134	0.762731770730455
0.078381924400276	0.774570223705531
0.105276198959905	0.779430974237314
0.129392147394734	0.760320112072691
0.154090116736199	0.758908144261163
0.178798443541274	0.769524854802164
0.200955031994988	0.771578929615986
0.233655072893674	0.772845601432597
0.254571242698618	0.771869969198966
0.270685540320587	0.770622978601214
0.310974969647675	0.767838609722012
0.337828226365255	0.763562200262974
0.37041807675751	0.77628372106387
0.378737630105218	0.778885025011853
0.41224575665558	0.777342578507592
0.441267615006181	0.763473634848379
0.472584966507581	0.765288795137507
0.492632567461485	0.763883367436628
0.505029511129045	0.76306711873376
0.545305597799018	0.764971087095906
0.571981795975913	0.761641705555936
0.581461258915655	0.778127451956478
0.613387895495794	0.778816708025347
0.640285321841503	0.768022713489974
0.673912610726198	0.772197631242644
0.690468778600093	0.75861496610576
0.718807697159056	0.771898592869816
0.741000988082438	0.773932302283931
0.770245112106419	0.775926949125846
0.791191557350052	0.769114253385707
0.8291133381795	0.75880443947179
0.845357209085919	0.780544402684236
0.875783815154843	0.769863457273507
0.887692552685557	0.768799235763372
0.928003387232592	0.759274169718214
0.954839840074196	0.759550914462545
0.985468936803422	0.764486693747553
0.0332713127187963	0.787681139451283
0.056647747213139	0.786164148427649
0.083878910971002	0.80445719504834
0.0921641584162184	0.803230051181692
0.12470452282489	0.793795870675918
0.164853442437923	0.799392481962884
0.189644159668677	0.801336481728103
0.200042675414959	0.804837325677951
0.236618184466274	0.793797841721271
0.259797300160173	0.787175002380861
0.272525606279856	0.800778115236617
0.310351700988922	0.783716368732007
0.343142306209514	0.792463980068298
0.365858727738843	0.796920913758871
0.379879589162935	0.787120305553918
0.403075659606478	0.803480971960084
0.431599255173784	0.795824000920914
0.471619575007465	0.793250716864856
0.477931604007932	0.79748116629407
0.514015785670444	0.800276506412274
0.527222951580895	0.802739052325071
0.564955545161701	0.790268988896518
0.58276419081327	0.786611000852019
0.620401855349754	0.790195476046181
0.629619457802327	0.791227016363359
0.659555565946874	0.789975641421173
0.701702051718233	0.784869673665399
0.715578779651215	0.80410702794926
0.748913698475006	0.791385538110087
0.765271513483251	0.792569535280881
0.802746770445342	0.794810459232428
0.819121450154565	0.795162460090187
0.840908336662846	0.802192186057549
0.868952297844204	0.785356185522955
0.886584733509812	0.797096841830504
0.926625632720092	0.798959627647159
0.952440796254644	0.783960997455652
0.985744616193862	0.80581912528536
0.0173212605623315	0.812071203472585
0.045557926837545	0.810362464335918
0.085912187910478	0.8160519622088
0.0980690226495898	0.831837415931399
0.133929484387848	0.823232931422903
0.154677851175733	0.819284017065554
0.169180756006843	0.824356106255056
0.212818246989302	0.819819065324358
0.222526951179259	0.817950537209016
0.25210871121149	0.813566933469477
0.280616761071887	0.826164265056207
0.305397666351335	0.812566966980522
0.323134446863891	0.818890447701351
0.363906081811546	0.815855269946702
0.389949256660907	0.821212392768874
0.421558555114449	0.823114116653593
0.431903998095631	0.824567987729969
0.470091126474217	0.812847827961107
0.480938742879392	0.815478112431959
0.507372704843227	0.818452534315713
0.543726110106407	0.822635129448211
0.571607642284961	0.812810267990747
0.583669476893379	0.81163626893076
0.625640665632456	0.809729285832805
0.632946913407485	0.817846898535242
0.659335396202248	0.810482941594632
0.700047749259825	0.817452398730749
0.726003151758364	0.825332430137582
0.734030556519242	0.826190911137321
0.775068171391935	0.829151033398105
0.799281735275426	0.820070192004115
0.826637018130524	0.819781726682497
0.851629368330381	0.827079511673232
0.875272779032445	0.825207442863513
0.890214831015105	0.818996942161044
0.924410987804311	0.820199723438017
0.951562679456007	0.823163146213557
0.967316641578799	0.813636493561955
0.0229904234151506	0.835750367798849
0.0603454692035807	0.83545616186253
0.0656331982510501	0.846424602493862
0.0940505707649564	0.849713406008031
0.133320188931323	0.839556889490908
0.161363794862396	0.839458347156557
0.172691852422731	0.850992125449002
0.193846316914885	0.856179310573631
0.221164485377027	0.854158229409564
0.253180251567101	0.856891145086562
0.275993056587732	0.849662859458841
0.303334824432173	0.854058876959902
0.329296139450535	0.849179109357903
0.355165782321626	0.857602235798526
0.387239073434236	0.836201444451301
0.400089238523468	0.853376350868825
0.442087116789492	0.844279034644903
0.465186698497081	0.855757878817493
0.477878528299022	0.84074519038689
0.510975974552302	0.85744631863684
0.527161741406935	0.84626614909102
0.574729934022536	0.850436741675069
0.58987409649929	0.834692783155798
0.609939960066712	0.846549275467887
0.639157743331628	0.836050885492391
0.672266027120679	0.856137163478865
0.680931988163267	0.834934709765106
0.717662583878153	0.837421394186836
0.741725749244623	0.834948135266385
0.75972063485663	0.85709618060693
0.79767630198907	0.843760344622781
0.811618031839981	0.851473287480195
0.835953913342306	0.848472293385266
0.878103606810409	0.856295578593649
0.893475012196132	0.838161185983995
0.92288675426323	0.847051782942009
0.937468991221831	0.849433147281478
0.975991380723	0.845122940614415
0.0361356754884874	0.87097847435926
0.0512419493776232	0.878758780748947
0.0716975956726333	0.862398357676807
0.103896443750818	0.861749165187086
0.120158491361865	0.866113299057488
0.148341090435995	0.866958372342824
0.190266241838405	0.881087231067715
0.214499129121461	0.876663319656807
0.240936790167861	0.869017883463022
0.247564549190717	0.869119096076369
0.286879212881552	0.873179107658966
0.319099665460785	0.870497097317298
0.329558477476935	0.861175678288832
0.349819121144653	0.872802207004556
0.389522532779755	0.872027219629074
0.406108983425354	0.871989974674094
0.431702081266991	0.878977748458639
0.451894235307926	0.868761613697925
0.49463565938484	0.863186828725138
0.505080230882472	0.879698302586813
0.547949284906878	0.865322267732356
0.565957226268092	0.875809287584205
0.594633218206832	0.87191591375073
0.605556431728069	0.882242757989913
0.645033989473308	0.865739908670954
0.65622688527004	0.871710009570454
0.685608806620198	0.866653409333633
0.72412176496385	0.880315860472509
0.734286107245348	0.867653911874773
0.777849848764645	0.87930047280368
0.80249535170704	0.863560364381961
0.810067149620876	0.881675283887781
0.835618757673838	0.860335048141613
0.867783485410701	0.877160656932455
0.892602275208888	0.875166376000066
0.932752908486561	0.873767203754658
0.950792670452545	0.866425646882637
0.977382153721764	0.881719186257089
0.0296019061102488	0.897571424796823
0.0448983419709082	0.887378725032375
0.0717518497608779	0.889673583672669
0.09564444276338	0.9063840957053
0.121450753415322	0.90501487407015
0.152255619154973	0.89274497086113
0.18916851527845	0.895154786029619
0.196373877810099	0.899875111343108
0.23537524816183	0.894781893738632
0.258596146965338	0.890416176666676
0.275995480912014	0.888234608158328
0.313799988742725	0.905864819246264
0.342168459221657	0.888285251319963
0.358711665049658	0.898441898768562
0.388486707036025	0.90056144365886
0.400523852569632	0.906538251939444
0.440751082225287	0.905866037993441
0.452823108670128	0.894591661539397
0.481466513198149	0.893940136144109
0.516317605709141	0.905134115333042
0.540286478891683	0.888862878060865
0.55311494368025	0.891750713527723
0.600058400527944	0.888128273677301
0.607802635900088	0.906376890351888
0.644258539938034	0.897743492372372
0.675867758004933	0.908144048314285
0.692263397010869	0.888746806873591
0.715942703115927	0.904016326838012
0.734085920042886	0.895214726551962
0.770253241131526	0.905270528104204
0.80620949672831	0.898839129230108
0.817104811979146	0.889632981080536
0.840997465304702	0.906025162303976
0.876822213154527	0.892992578951081
0.890178534002398	0.898025122384416
0.922592251043519	0.888966824289864
0.943720911732886	0.90316315004931
0.985535876607218	0.894155830672278
0.0289446310875333	0.919939094982807
0.0401123120984665	0.931506528170825
0.0787308049635144	0.917721979507165
0.109276146666784	0.926107719951205
0.127741777391402	0.912407667934011
0.153467969226415	0.932785280892397
0.175116958247699	0.917097010108162
0.212798942010082	0.913730489707501
0.229416910192652	0.93243454288104
0.262589852103053	0.927078324519779
0.276681094811387	0.926667014068976
0.316012080356771	0.921586173457563
0.338592116848951	0.914094280680497
0.366488324102237	0.911843186318201
0.384079478957855	0.917441381853453
0.404372810597663	0.921170057143244
0.439927953618575	0.931241891272705
0.453441446127182	0.914708426618768
0.482482171973315	0.91356270812022
0.51606659067417	0.932163927697639
0.549779676959765	0.912510268586158
0.566026655845625	0.917532116872239
0.586003216568842	0.911721356437697
0.62388825517724	0.929762158661538
0.640973885034145	0.912571281216363
0.670443453111602	0.921563739748615
0.703798759005332	0.93029365381171
0.722254171750975	0.924044489113216
0.734579743006103	0.934043438194189
0.765033383109211	0.920413388014602
0.805266195383338	0.921410698158687
0.820045493319235	0.911751444725284
0.852988989277288	0.933968267616779
0.862524872450326	0.916610206113994
0.90719186948002	0.926093860316968
0.922647241656077	0.916814404109547
0.948807368171114	0.914672928898494
0.972901138019599	0.917999421994742
0.037128010026793	0.949280994740184
0.0529389098862291	0.958668967813072
0.0825397498939846	0.945758700060206
0.103356231456036	0.959233192505116
0.134541543429624	0.938258788529009
0.147908192456516	0.956694627197404
0.185818300909035	0.95289807684508
0.193967419631511	0.956773314421874
0.226708297299239	0.948855751451769
0.256839596779785	0.950667574704856
0.292127638156141	0.937804187129757
0.308498665029879	0.945518464856129
0.337882061085612	0.945650692127549
0.3484792577123	0.938847590990029
0.378461063902148	0.959086263835218
0.420254064166807	0.947412872611961
0.430018677029943	0.944680451841316
0.465783911471313	0.952508998202731
0.493944635610635	0.957697538447239
0.512334455516222	0.9526842282451
0.548191934617773	0.94276023277849
0.570737741476734	0.959540236009706
0.600248290667108	0.93857250452599
0.620205292498239	0.953566935162857
0.629689066292994	0.937856938991084
0.667722544051668	0.950563472699464
0.686412541288499	0.939816344373092
0.714969001975127	0.94299410561743
0.750727344160513	0.941343784786213
0.767141673928899	0.944936802320823
0.784242331568565	0.946429714685584
0.813172703046623	0.956613744829815
0.847997026559942	0.950443062024161
0.874938495935336	0.946551077663989
0.889504723391266	0.953883167362885
0.933970188173272	0.953656279446144
0.938571333519792	0.955887337819498
0.964788669985889	0.947017477737234
0.0269135125897916	0.975801250871586
0.0541589643305499	0.967457311140658
0.0780585163238472	0.97156638005404
0.102295544043411	0.963443266702461
0.136320265369206	0.984449640311858
0.162021033130793	0.967407953066421
0.176384035755395	0.970971696496084
0.214346344394743	0.975865760837809
0.239848109802025	0.969313346599072
0.246822408145168	0.970539955850461
0.28840477741849	0.976319655142916
0.296355147290669	0.983372211784528
0.332448950661226	0.969566901999448
0.353069983281424	0.979767978533286
0.376636417308377	0.970966982540581
0.417841223798958	0.963649183925238
0.446750160796213	0.96662634540634
0.453118146464324	0.974352001658358
0.483116067731405	0.978151723972311
0.521628728554615	0.963794553719771
0.531150551838749	0.9695564866045
0.566637947380701	0.976080517495051
0.580973871370779	0.967173078070469
0.622410369077624	0.977878767729431
0.636298271370762	0.965755061241471
0.678146251609435	0.97498482094133
0.690627710111378	0.969855221840344
0.720749630301073	0.964561229028057
0.751664552466659	0.969318999986253
0.768266628064036	0.981460335257664
0.795472471218182	0.973446656150074
0.825890731284111	0.964890334355001
0.855000167451315	0.984769782617692
0.867418502663644	0.962912413056235
0.896788697749515	0.977359940391677
0.926001912896415	0.964948863780446
0.955678806060909	0.985122211729114
0.9659712339781	0.970387917819957
