1.424741e+01	1.161293e-13	
2.134130e+01	3.161915e-13	
2.817133e+01	2.589040e-13	
2.819528e+01	2.311928e-12	
2.818474e+01	6.143974e-13	
2.489690e+01	5.746736e-12	
2.989808e+01	2.802203e-13	
2.483762e+01	2.109424e-14	
2.651299e+01	2.598044e-11	
2.652060e+01	2.696177e-12	
2.819761e+01	1.048495e-11	
2.313534e+01	1.790013e-12	
2.308410e+01	5.779821e-13	
2.306322e+01	4.810818e-12	
2.308981e+01	2.058798e-12	
2.482671e+01	3.597900e-12	
2.656105e+01	1.094436e-10	
2.657518e+01	1.741940e-12	
2.652793e+01	1.878719e-12	
2.651131e+01	6.662892e-12	
2.647640e+01	1.072031e-12	
2.483878e+01	4.799938e-12	
2.481877e+01	2.780998e-12	
2.479021e+01	6.088396e-11	
2.479236e+01	1.497691e-12	
2.315635e+01	1.928457e-12	
2.317616e+01	9.821699e-12	
2.480961e+01	1.067813e-12	
2.648288e+01	3.486988e-12	
2.647445e+01	1.723066e-13	
2.817339e+01	3.985701e-13	
2.647992e+01	4.490630e-11	
2.645996e+01	1.937006e-12	
2.647977e+01	1.876277e-12	
2.654365e+01	4.633183e-12	
2.653867e+01	7.776002e-13	
2.317308e+01	1.065814e-13	
2.823939e+01	2.631229e-13	
2.137462e+01	3.297362e-14	
1.427291e+01	5.084821e-14	
1.420365e+01	1.116196e-11	
2.132174e+01	8.849722e-13	
2.649204e+01	4.100778e-13	
2.818617e+01	1.462036e-13	
2.651512e+01	6.634122e-14	
2.316391e+01	3.181799e-15	
2.484023e+01	4.490255e-16	
2.306066e+01	1.305027e-16	
2.301987e+01	2.792180e-15	
2.306745e+01	3.800130e-15	
2.316901e+01	1.166095e-15	
2.655086e+01	1.811211e-16	
2.656728e+01	1.706018e-15	
2.986452e+01	1.784416e-15	
2.647318e+01	3.578187e-15	
2.483779e+01	4.511305e-16	
2.484819e+01	4.685614e-15	
2.655357e+01	2.010041e-15	
2.487213e+01	7.086232e-16	
2.484443e+01	9.857022e-16	
2.313501e+01	1.689775e-15	
2.476636e+01	2.834493e-16	
2.644360e+01	1.148595e-15	
2.650847e+01	1.464254e-15	
2.986590e+01	2.706783e-15	
2.819211e+01	1.555734e-16	
2.651554e+01	1.622197e-16	
2.485813e+01	6.824072e-16	
2.151462e+01	4.346907e-15	
2.654505e+01	3.886982e-16	
2.819683e+01	8.444734e-16	
2.481684e+01	8.143859e-16	
2.648135e+01	9.135191e-16	
2.314580e+01	2.095452e-15	
2.480947e+01	1.767666e-16	
2.476740e+01	1.740098e-15	
2.810086e+01	1.139989e-15	
2.643683e+01	6.045885e-14	
1.790379e+01	2.525126e-13	
1.421381e+01	7.360779e-14	
1.967762e+01	1.201261e-13	
2.653181e+01	2.521316e-13	
2.477489e+01	1.277201e-12	
2.475289e+01	1.421752e-12	
2.310521e+01	1.223688e-12	
2.314743e+01	4.504175e-12	
2.652773e+01	7.376322e-13	
2.992040e+01	8.900658e-12	
2.496262e+01	2.356115e-12	
2.657978e+01	3.553935e-12	
2.484873e+01	1.111999e-12	
2.486126e+01	3.193001e-12	
2.826346e+01	1.621170e-11	
2.661104e+01	5.906831e-12	
2.658873e+01	1.355582e-11	
2.323282e+01	1.850120e-11	
2.487058e+01	1.889378e-12	
2.482080e+01	6.188916e-11	
2.814070e+01	7.607914e-12	
2.649049e+01	1.311729e-12	
2.314631e+01	5.885958e-12	
2.313693e+01	2.079670e-11	
2.309521e+01	8.169132e-12	
2.648768e+01	1.921241e-12	
2.651943e+01	3.966094e-11	
2.486545e+01	1.859402e-12	
2.823311e+01	1.942624e-11	
2.486401e+01	6.952505e-11	
2.484021e+01	2.855494e-12	
2.480916e+01	3.030121e-11	
2.815304e+01	2.906742e-11	
2.478165e+01	9.618972e-12	
2.649263e+01	2.143208e-11	
2.482696e+01	7.889356e-12	
2.651316e+01	2.692291e-13	
2.817888e+01	5.476664e-11	
2.650860e+01	1.448619e-12	
2.296438e+01	2.502742e-11	
2.137986e+01	2.788880e-13	
2.823135e+01	2.962075e-13	
2.489589e+01	4.822809e-13	
2.655988e+01	1.117106e-12	
2.654583e+01	3.269496e-12	
2.482944e+01	6.827872e-14	
2.651784e+01	4.229062e-12	
2.479694e+01	2.421174e-12	
2.479718e+01	6.441958e-12	
2.648521e+01	1.212141e-12	
2.650212e+01	5.369039e-13	
2.981921e+01	4.261147e-12	
2.478305e+01	3.668177e-13	
2.481626e+01	2.009826e-11	
2.479421e+01	2.149192e-11	
2.311168e+01	2.259223e-10	
2.647045e+01	2.398082e-13	
2.820382e+01	1.688871e-12	
2.156457e+01	1.642020e-12	
2.661094e+01	4.063083e-11	
2.492810e+01	9.243717e-12	
2.491006e+01	1.016522e-10	
2.484506e+01	2.723377e-12	
2.655997e+01	1.510791e-12	
2.650308e+01	6.488365e-12	
2.818960e+01	1.352185e-11	
2.651859e+01	6.028511e-13	
2.821305e+01	3.419602e-10	
2.657488e+01	4.451106e-12	
2.655873e+01	6.708190e-12	
2.154572e+01	1.432230e-10	
2.649653e+01	4.966094e-11	
2.645459e+01	2.662481e-11	
2.482270e+01	2.439804e-11	
2.990964e+01	6.103562e-12	
2.829084e+01	5.623391e-12	
2.825634e+01	5.228040e-12	
1.966874e+01	4.811485e-12	
2.858169e+01	5.669272e-06	
3.734482e+01	2.417071e-05	
3.544934e+01	3.128712e-05	
4.066224e+01	5.509093e-05	
3.381651e+01	1.006214e-05	
3.383598e+01	9.068146e-05	
3.542812e+01	6.770523e-05	
3.711433e+01	6.826913e-05	
4.067439e+01	5.999786e-05	
4.063275e+01	4.208302e-05	
3.378370e+01	7.992764e-05	
3.540659e+01	2.018607e-04	
3.520908e+01	1.813876e-04	
3.527872e+01	2.532774e-04	
4.054914e+01	2.735052e-04	
3.373318e+01	2.486409e-05	
3.894751e+01	1.830700e-04	
4.069889e+01	2.454767e-04	
3.890274e+01	1.186315e-04	
4.404298e+01	2.460361e-04	
3.377252e+01	9.852295e-05	
3.716843e+01	1.393313e-04	
3.875992e+01	1.119483e-04	
3.701544e+01	1.401749e-04	
3.881971e+01	2.286284e-04	
3.202381e+01	3.460174e-05	
3.890570e+01	1.496110e-04	
3.550546e+01	5.438750e-05	
3.887559e+01	3.241940e-05	
3.721276e+01	7.250044e-05	
4.053189e+01	6.752744e-05	
3.892411e+01	7.032384e-05	
3.709991e+01	5.040709e-05	
3.373917e+01	1.824589e-05	
3.719653e+01	3.859292e-05	
4.231481e+01	4.791919e-05	
3.209201e+01	3.811461e-06	
2.690791e+01	3.587479e-06	
3.903547e+01	2.697921e-05	
4.253232e+01	1.777630e-05	
4.253656e+01	3.543878e-05	
4.589402e+01	3.687570e-06	
4.419407e+01	2.106727e-05	
4.914682e+01	2.315097e-05	
4.574537e+01	1.170619e-05	
4.245481e+01	1.545418e-06	
4.582379e+01	4.623868e-05	
4.584881e+01	4.677573e-05	
4.239718e+01	7.157594e-06	
4.568589e+01	2.691689e-06	
4.566011e+01	5.141153e-05	
4.563391e+01	4.349443e-05	
4.403423e+01	1.497246e-04	
4.408983e+01	1.703039e-04	
4.586170e+01	2.603339e-04	
4.754862e+01	2.888408e-04	
4.416519e+01	2.965196e-04	
4.583226e+01	2.557240e-04	
4.245258e+01	1.385812e-04	
4.742487e+01	9.704520e-05	
4.567985e+01	2.991593e-05	
4.572104e+01	1.102605e-04	
4.575290e+01	6.415060e-05	
4.413752e+01	3.991965e-05	
4.585332e+01	5.775615e-05	
4.588280e+01	3.072752e-05	
4.756865e+01	5.490162e-05	
4.761532e+01	2.694629e-05	
4.932494e+01	7.593907e-05	
4.417350e+01	8.130388e-05	
4.409289e+01	1.485280e-05	
4.584359e+01	7.384282e-06	
4.409009e+01	8.802040e-06	
4.239676e+01	4.383402e-05	
4.408799e+01	5.642458e-06	
3.546234e+01	7.411410e-06	
3.890752e+01	4.798838e-05	
4.917403e+01	9.036468e-06	
4.752806e+01	4.090019e-05	
5.092219e+01	1.198289e-05	
4.584751e+01	4.138659e-05	
4.412022e+01	4.893187e-06	
4.908568e+01	2.050827e-05	
4.409738e+01	3.656255e-05	
4.244925e+01	2.889219e-05	
4.412320e+01	4.039059e-05	
5.082932e+01	3.857047e-06	
4.072075e+01	1.475675e-05	
4.574295e+01	6.101290e-05	
4.577366e+01	5.852716e-05	
4.570978e+01	1.761608e-05	
4.576998e+01	4.203792e-05	
4.751193e+01	5.714996e-05	
4.926537e+01	7.078092e-05	
4.253712e+01	4.426986e-05	
4.254015e+01	9.283903e-05	
4.582721e+01	1.297789e-04	
4.741700e+01	6.722400e-05	
4.572019e+01	1.507458e-04	
4.744888e+01	1.400563e-04	
4.408143e+01	6.727462e-05	
4.756240e+01	1.941285e-05	
4.588831e+01	3.386846e-05	
4.752243e+01	7.662350e-05	
4.757228e+01	3.149456e-05	
4.595792e+01	4.348005e-06	
4.932701e+01	4.283380e-05	
4.421452e+01	4.740222e-05	
4.580465e+01	2.579868e-05	
4.919865e+01	1.980876e-05	
4.240240e+01	4.819097e-05	
4.911579e+01	1.184772e-05	
4.409090e+01	1.150775e-05	
3.888582e+01	5.556808e-05	
3.708983e+01	3.358552e-06	
4.412474e+01	2.896212e-05	
4.249325e+01	1.437175e-05	
4.254224e+01	8.655511e-05	
4.755305e+01	7.392733e-05	
4.245458e+01	6.734800e-05	
4.745531e+01	2.012184e-05	
5.080723e+01	3.730530e-05	
4.916017e+01	9.372720e-05	
4.919214e+01	7.246341e-05	
4.584327e+01	1.967625e-05	
4.587945e+01	2.671371e-05	
4.248407e+01	1.163915e-05	
4.750647e+01	5.856852e-05	
4.749356e+01	7.024986e-05	
5.082407e+01	8.131248e-05	
4.748311e+01	1.141084e-04	
4.585505e+01	1.060080e-04	
5.425627e+01	1.292656e-04	
5.088332e+01	1.244503e-04	
5.252592e+01	1.007000e-04	
4.912748e+01	9.362588e-05	
4.746026e+01	6.578190e-05	
4.418843e+01	5.323848e-05	
4.921422e+01	4.609734e-05	
4.421701e+01	1.677526e-05	
4.587924e+01	2.813571e-05	
4.753946e+01	1.044816e-05	
4.755342e+01	2.088304e-05	
4.922220e+01	2.620455e-05	
4.589241e+01	5.040593e-07	
4.416293e+01	1.488158e-06	
4.574736e+01	1.934331e-05	
4.242180e+01	2.920169e-05	
4.577501e+01	2.712519e-05	
4.747941e+01	1.393129e-05	
4.745742e+01	6.617772e-05	
3.882408e+01	7.386399e-05	
3.716800e+01	1.539553e-04	
4.575614e+01	8.610129e-05	
4.079894e+01	1.420324e-05	
4.246168e+01	3.054831e-05	
4.582844e+01	1.270672e-04	
4.577856e+01	6.746635e-05	
4.919583e+01	5.408023e-05	
4.752707e+01	3.195405e-05	
4.748224e+01	1.209847e-04	
4.418764e+01	6.353905e-05	
4.420374e+01	3.047962e-05	
4.920367e+01	5.580457e-05	
4.749869e+01	1.428835e-05	
4.759785e+01	5.451580e-05	
4.419547e+01	4.966615e-05	
4.581852e+01	5.867451e-05	
4.751922e+01	4.152409e-05	
4.748568e+01	9.299215e-05	
4.757652e+01	1.231472e-04	
4.924551e+01	9.633263e-05	
4.918749e+01	5.950419e-05	
4.754491e+01	4.219305e-05	
4.752778e+01	6.666418e-05	
4.418647e+01	4.608628e-05	
4.924629e+01	1.282423e-05	
4.584920e+01	4.589448e-05	
4.417072e+01	1.974911e-05	
4.917486e+01	2.318708e-05	
4.576674e+01	1.465575e-05	
5.079852e+01	1.338840e-05	
4.574646e+01	5.168748e-05	
4.064206e+01	2.717262e-06	
4.231082e+01	1.541842e-05	
4.240697e+01	7.550199e-06	
4.416061e+01	1.186317e-05	
4.246589e+01	5.329981e-05	
4.413768e+01	1.497100e-05	
3.544531e+01	7.699527e-05	
3.197613e+01	7.465432e-05	
4.065878e+01	1.303935e-04	
4.410302e+01	4.308238e-05	
4.582577e+01	3.624070e-05	
4.585664e+01	6.271971e-05	
4.416676e+01	7.579610e-05	
4.587113e+01	7.859946e-05	
4.591325e+01	5.099982e-05	
4.925388e+01	8.633744e-05	
4.756007e+01	1.016068e-04	
4.752587e+01	4.951861e-05	
4.749637e+01	3.365423e-06	
5.419832e+01	6.985871e-06	
4.423646e+01	4.695608e-05	
4.589339e+01	3.420737e-05	
4.248596e+01	4.319742e-05	
4.743317e+01	9.426348e-06	
4.750840e+01	1.669597e-05	
4.757903e+01	2.194417e-05	
4.761544e+01	4.513589e-05	
4.591547e+01	6.494854e-06	
4.751870e+01	5.038492e-05	
4.584531e+01	8.566433e-05	
5.251015e+01	2.661686e-05	
4.913786e+01	1.940873e-05	
4.415215e+01	9.408396e-06	
4.919038e+01	1.972196e-06	
4.414114e+01	4.099597e-06	
4.243229e+01	5.568113e-07	
4.402503e+01	5.089411e-05	
4.397417e+01	8.845990e-05	
4.563219e+01	6.421605e-05	
4.746588e+01	1.825406e-05	
4.756168e+01	9.912549e-06	
4.586036e+01	3.381881e-05	
4.587080e+01	1.029140e-04	
4.414213e+01	1.357906e-04	
4.235681e+01	1.184468e-04	
3.722108e+01	1.339459e-04	
4.908269e+01	2.047583e-04	
4.404817e+01	1.646488e-04	
4.742171e+01	1.058605e-04	
4.575599e+01	4.390782e-05	
4.911530e+01	4.353232e-05	
4.583466e+01	1.050580e-04	
4.922118e+01	3.150567e-05	
4.751284e+01	3.150735e-05	
4.750551e+01	4.301672e-05	
5.083994e+01	5.720261e-05	
4.750392e+01	4.209216e-05	
4.589487e+01	1.285414e-05	
4.589490e+01	1.892020e-05	
4.753961e+01	8.830698e-07	
5.080132e+01	1.354849e-05	
4.569776e+01	1.768825e-05	
4.069270e+01	5.515987e-05	
4.255627e+01	3.904782e-05	
4.756820e+01	5.226845e-05	
4.923344e+01	1.753002e-05	
4.242994e+01	8.008293e-05	
4.747921e+01	2.571773e-05	
4.748761e+01	4.425977e-05	
4.242577e+01	5.261890e-06	
4.579280e+01	5.013997e-06	
4.922349e+01	2.734994e-05	
4.584337e+01	6.930515e-07	
4.410547e+01	3.964686e-05	
4.746448e+01	2.013605e-05	
4.737221e+01	1.478654e-05	
4.570774e+01	3.405179e-05	
4.422315e+01	1.642205e-05	
4.593190e+01	3.790304e-05	
4.580894e+01	8.147880e-06	
4.245610e+01	9.044393e-05	
4.748639e+01	1.145599e-04	
3.550242e+01	5.280730e-05	
3.884768e+01	1.964259e-04	
4.072703e+01	1.833398e-04	
4.567638e+01	3.478894e-05	
4.572993e+01	2.779043e-05	
4.408259e+01	4.105222e-05	
4.574810e+01	2.694530e-05	
4.576768e+01	5.729894e-05	
4.745366e+01	4.643497e-05	
4.239196e+01	5.451032e-05	
4.407012e+01	5.545189e-05	
4.750416e+01	8.307567e-05	
4.922007e+01	3.795251e-05	
4.758909e+01	3.518587e-06	
4.923864e+01	2.669617e-05	
4.412748e+01	1.999448e-05	
4.403349e+01	1.418833e-05	
4.735067e+01	2.346745e-05	
4.407869e+01	1.724197e-05	
4.244620e+01	1.006227e-05	
4.914681e+01	1.520274e-05	
4.236539e+01	1.414409e-05	
4.575142e+01	5.747109e-05	
4.743087e+01	9.346584e-06	
4.070612e+01	1.368189e-05	
4.576825e+01	1.115825e-05	
4.250577e+01	3.125292e-05	
4.754001e+01	2.744148e-05	
4.753700e+01	1.042575e-05	
5.087118e+01	1.949876e-05	
4.748664e+01	2.951018e-05	
4.746897e+01	2.033026e-05	
4.757231e+01	1.030380e-06	
4.088357e+01	4.289566e-05	
4.585616e+01	2.434607e-05	
4.578709e+01	3.271326e-06	
4.739944e+01	6.238908e-05	
4.408589e+01	9.230727e-05	
3.888474e+01	1.411276e-05	
3.212139e+01	1.049610e-04	
4.075077e+01	1.607031e-04	
4.742551e+01	2.265996e-06	
4.746136e+01	4.696804e-05	
4.917611e+01	1.420579e-04	
4.241021e+01	1.153143e-04	
4.739455e+01	8.919403e-05	
4.570905e+01	1.312825e-04	
4.739137e+01	7.492366e-05	
4.571876e+01	4.582326e-05	
4.414132e+01	7.825816e-05	
4.758912e+01	3.019670e-05	
4.759383e+01	1.829300e-05	
4.588681e+01	2.150972e-05	
4.740920e+01	5.619304e-05	
4.736780e+01	3.630895e-05	
4.571681e+01	2.438966e-05	
4.403492e+01	3.311580e-05	
4.568589e+01	6.180313e-05	
4.902053e+01	4.570505e-05	
4.067277e+01	1.909244e-05	
4.402540e+01	3.122910e-06	
4.402728e+01	1.049400e-05	
4.570444e+01	5.370950e-06	
4.237651e+01	1.269608e-05	
4.582071e+01	3.346194e-05	
4.756606e+01	2.190533e-06	
4.925779e+01	5.402044e-06	
4.581643e+01	1.479983e-06	
4.243374e+01	3.690346e-06	
4.584474e+01	3.516124e-05	
4.754728e+01	4.109441e-05	
4.753363e+01	3.244529e-05	
4.750761e+01	6.162937e-05	
5.070300e+01	6.558247e-05	
4.744955e+01	4.634326e-05	
4.411215e+01	7.152332e-05	
3.730013e+01	2.287909e-05	
3.714731e+01	1.408946e-04	
4.733698e+01	7.522041e-05	
4.742148e+01	9.745444e-05	
4.076991e+01	1.091905e-04	
4.587395e+01	1.522560e-04	
4.750202e+01	1.557368e-04	
4.406070e+01	6.895971e-05	
4.740608e+01	7.590883e-05	
4.241270e+01	3.161676e-05	
4.908860e+01	4.014118e-05	
4.748180e+01	9.878458e-06	
4.574469e+01	8.699694e-05	
4.582141e+01	6.947029e-05	
4.579082e+01	4.770718e-05	
4.743598e+01	5.596465e-05	
4.574986e+01	2.538368e-05	
4.245189e+01	2.443026e-05	
4.413601e+01	5.625492e-05	
4.411231e+01	5.795202e-05	
4.407082e+01	4.052991e-05	
4.575028e+01	2.926236e-05	
4.584741e+01	2.527328e-05	
4.919972e+01	2.469673e-06	
4.568516e+01	2.129232e-05	
4.900923e+01	7.357067e-07	
4.749537e+01	1.342081e-05	
4.590251e+01	4.572302e-05	
4.590538e+01	4.556190e-05	
4.918930e+01	4.060678e-05	
5.083490e+01	2.527737e-05	
4.749698e+01	4.088093e-05	
4.573512e+01	1.007120e-04	
4.746568e+01	1.026815e-04	
4.574597e+01	5.357675e-05	
4.913662e+01	3.656707e-05	
4.582285e+01	7.773196e-05	
4.594348e+01	1.115681e-04	
4.075469e+01	7.672866e-05	
3.704864e+01	1.560338e-04	
4.737271e+01	1.952137e-04	
4.740650e+01	8.641924e-05	
4.250606e+01	9.062302e-05	
4.749784e+01	1.047010e-04	
4.239039e+01	1.071779e-04	
4.068728e+01	8.913692e-05	
4.744920e+01	6.399864e-05	
4.756513e+01	5.353070e-05	
4.590613e+01	1.493213e-05	
5.085882e+01	1.834730e-05	
5.240972e+01	4.082835e-05	
4.572475e+01	8.812218e-05	
4.405988e+01	6.287972e-05	
4.240022e+01	5.990967e-05	
4.918672e+01	4.821318e-05	
4.415138e+01	3.925303e-05	
4.585581e+01	7.372404e-05	
4.417183e+01	2.392755e-05	
4.581950e+01	2.150223e-05	
4.753048e+01	2.238812e-06	
4.253539e+01	3.522255e-05	
4.420302e+01	1.350714e-05	
4.237293e+01	5.833165e-06	
4.569786e+01	5.666628e-05	
5.085073e+01	6.151192e-05	
4.927738e+01	3.101771e-05	
4.926124e+01	5.462050e-05	
4.926490e+01	6.317803e-05	
4.577574e+01	4.379384e-05	
4.403240e+01	1.067831e-04	
5.076240e+01	2.157162e-05	
4.576370e+01	4.275772e-05	
4.409899e+01	1.685598e-05	
4.244601e+01	1.643370e-05	
4.930391e+01	2.513925e-05	
4.596930e+01	7.383997e-05	
3.560282e+01	7.456844e-06	
3.377420e+01	2.368435e-04	
4.067581e+01	7.940607e-05	
4.073621e+01	9.233563e-05	
4.586191e+01	1.241987e-04	
4.414709e+01	1.057177e-04	
4.736388e+01	4.790636e-05	
4.396233e+01	1.618162e-04	
4.744556e+01	1.267370e-04	
4.428634e+01	9.124035e-05	
4.435887e+01	5.831316e-05	
5.106822e+01	5.612091e-05	
4.587850e+01	7.527096e-06	
4.899525e+01	8.052586e-05	
4.568553e+01	8.696930e-05	
4.573291e+01	3.520458e-05	
4.916853e+01	3.385699e-05	
4.752448e+01	3.106079e-05	
4.241825e+01	1.825731e-05	
4.910725e+01	2.052958e-05	
4.577371e+01	2.660054e-05	
4.752983e+01	7.112787e-06	
4.583286e+01	1.558567e-05	
4.418776e+01	2.236060e-05	
4.413150e+01	1.370270e-05	
4.572962e+01	5.096694e-05	
4.917107e+01	2.194444e-05	
5.097831e+01	6.312045e-05	
4.763702e+01	2.740951e-05	
4.583508e+01	6.310307e-05	
4.743135e+01	1.002434e-04	
4.911054e+01	4.997171e-05	
4.413658e+01	3.544318e-05	
4.247234e+01	7.365039e-06	
4.580380e+01	1.439972e-05	
5.085664e+01	1.264995e-05	
4.593713e+01	4.411107e-05	
4.759960e+01	5.106966e-05	
3.729989e+01	4.881741e-05	
3.040993e+01	1.581744e-04	
4.576610e+01	1.182413e-04	
4.404771e+01	1.076643e-04	
4.410492e+01	6.173557e-05	
4.747389e+01	1.133106e-04	
4.236786e+01	1.120916e-04	
4.738065e+01	7.301109e-05	
4.579532e+01	1.031236e-04	
4.591658e+01	9.042860e-05	
4.436818e+01	8.701569e-05	
4.606686e+01	6.129339e-05	
4.588304e+01	4.244044e-05	
4.911761e+01	2.266446e-05	
4.403792e+01	8.127831e-05	
4.409668e+01	5.341154e-05	
4.411005e+01	6.698840e-05	
4.577643e+01	5.634730e-05	
4.404031e+01	4.265252e-05	
4.741357e+01	2.026508e-05	
3.901355e+01	2.589965e-05	
4.576970e+01	3.896232e-05	
5.250629e+01	3.774025e-05	
4.247164e+01	2.767518e-05	
4.575964e+01	4.641251e-05	
4.746022e+01	2.985478e-05	
4.923697e+01	2.632299e-05	
4.422002e+01	1.857385e-05	
4.927491e+01	4.190314e-05	
4.745292e+01	1.391650e-05	
4.404547e+01	8.225269e-05	
4.576056e+01	6.626453e-05	
4.415762e+01	7.143564e-06	
4.250769e+01	7.225599e-05	
5.087794e+01	7.537173e-05	
4.575653e+01	2.393607e-05	
4.743499e+01	9.212766e-05	
4.411307e+01	9.049761e-05	
3.897291e+01	2.846545e-05	
3.721420e+01	2.399242e-04	
4.912287e+01	8.849474e-05	
4.742054e+01	5.942626e-05	
4.578175e+01	1.124336e-04	
4.243484e+01	1.572241e-04	
4.412370e+01	1.519122e-04	
4.252877e+01	1.229026e-04	
4.580993e+01	6.903505e-05	
4.580612e+01	1.112837e-04	
4.748952e+01	7.869790e-05	
5.088616e+01	7.848970e-05	
4.413638e+01	4.328648e-05	
4.746121e+01	6.809610e-05	
4.250812e+01	3.442050e-05	
4.587304e+01	4.218863e-05	
4.752586e+01	6.676229e-05	
4.580295e+01	4.558315e-05	
4.741704e+01	1.825664e-05	
4.402787e+01	3.611343e-05	
4.403358e+01	2.639644e-05	
4.912495e+01	7.705151e-06	
4.914339e+01	1.044758e-05	
4.408083e+01	2.041193e-05	
4.739538e+01	1.887504e-05	
4.571520e+01	5.346969e-06	
4.913748e+01	6.492798e-05	
4.754094e+01	2.671640e-05	
4.750668e+01	2.117767e-05	
4.565563e+01	3.578089e-05	
4.734165e+01	6.526677e-06	
4.406668e+01	3.776921e-05	
4.586651e+01	2.031325e-05	
4.756511e+01	1.072638e-04	
4.916377e+01	3.163906e-06	
4.238676e+01	2.295359e-05	
4.408692e+01	1.215660e-05	
4.576354e+01	9.661859e-05	
3.384132e+01	1.403422e-05	
3.547622e+01	1.412114e-04	
4.578645e+01	3.294560e-04	
4.413305e+01	1.230222e-04	
4.584208e+01	9.041636e-05	
4.917320e+01	2.070416e-04	
4.413962e+01	1.602146e-04	
4.586652e+01	9.215777e-05	
4.076456e+01	6.906883e-05	
4.568453e+01	2.525565e-05	
4.902897e+01	7.768500e-05	
4.738632e+01	3.859816e-05	
4.746595e+01	7.688185e-05	
4.915228e+01	5.621605e-05	
4.588205e+01	3.296189e-05	
4.590898e+01	2.807442e-05	
4.417926e+01	6.546309e-05	
4.585111e+01	1.230134e-05	
4.751583e+01	4.353557e-06	
4.744656e+01	1.304700e-05	
5.085874e+01	4.856615e-06	
4.415383e+01	6.792363e-06	
4.419485e+01	2.184658e-05	
4.583807e+01	4.302536e-06	
4.908242e+01	2.047512e-05	
4.575446e+01	7.560057e-06	
4.747948e+01	5.547781e-05	
4.418112e+01	5.620458e-05	
4.580637e+01	7.272767e-05	
4.397806e+01	2.507356e-05	
4.226721e+01	5.585030e-05	
4.910995e+01	7.655236e-05	
4.413220e+01	7.642372e-05	
4.591545e+01	1.160278e-05	
4.585659e+01	7.707486e-05	
4.418462e+01	1.334982e-04	
4.402617e+01	1.630573e-04	
4.061317e+01	1.100333e-05	
3.533867e+01	5.678159e-05	
3.553768e+01	2.806713e-04	
4.246237e+01	3.485684e-04	
4.749147e+01	1.041387e-04	
4.249035e+01	1.045279e-04	
4.581087e+01	1.048458e-04	
4.409042e+01	1.482413e-04	
4.580388e+01	1.347736e-04	
4.408535e+01	1.230712e-04	
4.237809e+01	5.966143e-05	
4.739978e+01	5.260737e-05	
4.577163e+01	6.034276e-05	
4.238080e+01	7.456863e-05	
4.744885e+01	4.376819e-05	
4.413092e+01	2.096946e-05	
4.927592e+01	3.572976e-05	
4.925768e+01	1.490677e-05	
5.094165e+01	3.738326e-05	
4.422498e+01	2.078013e-05	
4.414628e+01	2.294354e-05	
4.753442e+01	5.833196e-06	
4.592285e+01	2.766950e-05	
4.758056e+01	2.640643e-06	
5.094485e+01	8.299503e-06	
4.075824e+01	2.491556e-06	
4.746057e+01	2.393757e-05	
4.577279e+01	6.011213e-05	
4.415908e+01	6.420712e-05	
4.248106e+01	4.256958e-05	
4.745360e+01	4.033295e-05	
4.232615e+01	3.841692e-05	
4.235929e+01	1.289298e-04	
4.583734e+01	5.636769e-05	
4.756420e+01	6.576280e-05	
4.419440e+01	6.318311e-05	
4.415412e+01	1.628767e-04	
4.733976e+01	3.759998e-05	
4.559071e+01	1.868173e-04	
3.193534e+01	2.136765e-04	
4.067945e+01	3.258317e-04	
4.413669e+01	2.210212e-04	
4.582394e+01	1.315952e-04	
4.751773e+01	1.400150e-04	
4.758730e+01	1.215846e-04	
4.919256e+01	5.851787e-05	
4.408476e+01	1.623862e-04	
4.571859e+01	1.415433e-04	
4.576661e+01	7.874124e-05	
4.749989e+01	4.724617e-05	
4.078025e+01	4.725542e-05	
4.578229e+01	7.906686e-05	
4.912656e+01	6.369464e-05	
4.243603e+01	3.258457e-05	
4.753209e+01	6.906752e-05	
4.414917e+01	3.793230e-05	
4.753912e+01	2.680895e-05	
4.253127e+01	1.565037e-05	
4.761714e+01	5.815050e-06	
5.096557e+01	1.804765e-05	
4.762750e+01	5.804619e-06	
4.758638e+01	2.791669e-06	
4.749773e+01	9.478629e-06	
4.744222e+01	3.062566e-05	
4.410424e+01	9.303305e-06	
4.746410e+01	4.291599e-05	
4.755391e+01	1.811122e-05	
4.253622e+01	5.223495e-05	
4.756698e+01	3.307689e-05	
4.749878e+01	7.380883e-05	
4.577723e+01	6.393368e-05	
4.415929e+01	6.338657e-05	
4.584792e+01	1.080886e-04	
4.413076e+01	9.594216e-05	
4.403729e+01	7.358346e-05	
4.060390e+01	4.797808e-05	
4.056659e+01	1.646681e-04	
3.707719e+01	4.059313e-04	
3.877651e+01	4.090622e-05	
4.411520e+01	2.923315e-04	
5.091666e+01	2.331537e-04	
5.258904e+01	1.630043e-04	
4.756811e+01	1.329214e-04	
4.587615e+01	8.030519e-05	
4.578240e+01	3.132163e-05	
4.577625e+01	6.206674e-05	
4.242726e+01	7.574414e-05	
3.915421e+01	7.854467e-05	
4.418798e+01	5.173189e-05	
4.077629e+01	6.461177e-05	
4.742459e+01	3.785288e-05	
4.409030e+01	4.430581e-05	
4.074995e+01	4.060105e-05	
4.743024e+01	2.674417e-05	
4.581126e+01	9.353813e-06	
4.748916e+01	1.286467e-05	
4.756403e+01	1.698514e-05	
5.099861e+01	7.926215e-06	
5.097175e+01	1.929117e-05	
4.586018e+01	8.231673e-06	
4.579589e+01	1.084123e-05	
4.408795e+01	2.103642e-06	
4.410465e+01	1.428327e-05	
4.408255e+01	2.104701e-05	
4.414603e+01	6.745731e-06	
4.927486e+01	5.678289e-05	
4.758363e+01	5.739045e-05	
4.584117e+01	6.162302e-05	
4.247456e+01	1.064536e-04	
4.744124e+01	9.293859e-05	
4.404065e+01	1.207577e-04	
4.575571e+01	8.237858e-05	
4.568719e+01	1.013584e-04	
4.393314e+01	1.143990e-04	
4.402905e+01	1.802190e-04	
3.545144e+01	2.473202e-04	
4.056127e+01	2.297531e-04	
4.749329e+01	2.704594e-04	
4.415670e+01	1.797095e-04	
4.260909e+01	1.117711e-04	
4.764899e+01	1.001979e-04	
4.592165e+01	9.699306e-05	
4.417697e+01	6.970042e-05	
4.912903e+01	3.553238e-06	
4.749641e+01	5.724182e-05	
4.583563e+01	1.028658e-04	
4.741762e+01	4.739230e-05	
4.405180e+01	4.347904e-05	
4.239504e+01	1.438286e-05	
4.408116e+01	9.648612e-06	
4.737581e+01	5.315654e-05	
4.732118e+01	1.780082e-05	
4.903360e+01	1.374830e-05	
4.579756e+01	2.247883e-05	
5.085665e+01	1.296238e-05	
4.423638e+01	2.481817e-06	
4.587570e+01	6.878439e-06	
4.580084e+01	1.221529e-05	
4.408513e+01	9.890012e-07	
4.072670e+01	3.194776e-06	
4.916599e+01	6.598215e-06	
5.084774e+01	1.081912e-05	
4.583334e+01	1.937018e-05	
4.420052e+01	2.454018e-06	
4.415236e+01	3.105295e-05	
4.583378e+01	6.114925e-05	
4.410934e+01	5.976103e-05	
4.577342e+01	1.187513e-04	
4.737534e+01	1.085732e-04	
4.571145e+01	9.936465e-05	
4.400928e+01	1.037753e-04	
4.905254e+01	1.062208e-04	
4.575014e+01	2.507987e-04	
3.206120e+01	1.240256e-04	
3.727075e+01	2.788677e-04	
4.410254e+01	2.224316e-04	
4.412452e+01	1.730072e-04	
4.583987e+01	2.182661e-05	
4.924009e+01	1.156942e-04	
4.586750e+01	1.334934e-04	
4.415978e+01	1.164929e-05	
4.585425e+01	1.810116e-05	
4.580089e+01	3.952830e-05	
4.406507e+01	5.332352e-05	
4.060030e+01	4.870514e-05	
4.563652e+01	5.107823e-05	
4.563612e+01	2.381655e-05	
4.733417e+01	8.202433e-05	
4.732670e+01	6.350921e-05	
4.570284e+01	2.734617e-05	
4.742097e+01	4.152958e-06	
4.745833e+01	1.124299e-05	
4.753494e+01	1.354091e-05	
4.754918e+01	2.229667e-06	
4.404736e+01	3.447880e-06	
4.397419e+01	1.878425e-06	
4.568453e+01	1.404643e-05	
4.580308e+01	9.730421e-07	
4.919101e+01	5.134796e-06	
4.420147e+01	1.175689e-05	
4.755714e+01	5.588200e-05	
4.416673e+01	5.121873e-05	
5.081832e+01	3.827639e-05	
4.916472e+01	5.743377e-05	
4.571963e+01	9.239207e-06	
4.404529e+01	4.487423e-05	
4.914804e+01	4.099172e-05	
4.415254e+01	2.239307e-05	
4.747510e+01	8.687291e-05	
4.574934e+01	1.104969e-04	
4.246202e+01	3.104046e-04	
3.899633e+01	3.623548e-04	
3.379565e+01	1.574691e-04	
4.078276e+01	3.006216e-04	
4.576453e+01	1.417475e-04	
4.241116e+01	4.955442e-05	
4.739944e+01	1.028045e-04	
4.745238e+01	1.392014e-04	
4.913166e+01	3.100670e-05	
4.921190e+01	6.276302e-05	
4.583534e+01	7.644380e-05	
4.907183e+01	6.841187e-05	
4.571729e+01	6.877086e-05	
4.240631e+01	1.917167e-05	
4.404581e+01	6.732775e-05	
4.406482e+01	4.635803e-05	
4.912262e+01	3.898947e-05	
4.582798e+01	3.995552e-05	
4.255601e+01	5.581894e-05	
4.589587e+01	4.803800e-05	
4.243143e+01	3.297772e-05	
4.736602e+01	3.081030e-05	
4.395376e+01	1.299836e-05	
4.728027e+01	3.396831e-05	
4.397756e+01	3.354488e-05	
4.585657e+01	2.712612e-05	
4.420554e+01	2.476441e-06	
4.590424e+01	1.638766e-05	
4.754980e+01	1.013183e-05	
4.576778e+01	6.425359e-05	
4.577904e+01	3.755511e-05	
4.570576e+01	3.837068e-05	
4.403419e+01	2.581895e-05	
4.241690e+01	1.512158e-05	
4.756032e+01	2.649733e-05	
4.256971e+01	5.236801e-05	
4.418172e+01	8.449175e-05	
5.084676e+01	1.487672e-04	
4.245736e+01	3.087157e-04	
3.902229e+01	3.782265e-04	
3.546149e+01	1.773728e-04	
4.404173e+01	2.825131e-04	
4.404696e+01	2.012173e-04	
4.567653e+01	1.131345e-04	
4.569205e+01	8.019603e-05	
4.744775e+01	9.312159e-05	
5.258820e+01	1.141370e-04	
4.596816e+01	8.346651e-05	
5.094210e+01	8.527921e-05	
4.912696e+01	7.753384e-05	
4.577878e+01	6.498380e-05	
4.085799e+01	4.352637e-05	
4.423638e+01	3.454717e-05	
4.415515e+01	6.421981e-05	
5.087036e+01	1.858106e-05	
4.590812e+01	2.691295e-05	
4.593480e+01	4.341151e-05	
4.757251e+01	3.077223e-05	
4.911465e+01	1.034695e-05	
4.908782e+01	2.464667e-05	
4.400971e+01	2.243199e-05	
4.741442e+01	1.201558e-05	
4.747341e+01	1.392325e-06	
4.766999e+01	2.916037e-06	
5.429600e+01	3.156852e-05	
5.091072e+01	2.327860e-05	
5.088593e+01	4.579352e-05	
4.407392e+01	6.359093e-07	
4.403448e+01	9.426147e-06	
4.410437e+01	4.095580e-05	
4.743055e+01	4.369041e-05	
4.415588e+01	1.454865e-05	
4.589881e+01	5.190685e-05	
4.758105e+01	6.447340e-05	
4.578910e+01	1.636867e-04	
4.576102e+01	9.334460e-05	
4.746074e+01	6.838710e-05	
3.375848e+01	1.558408e-05	
4.052948e+01	3.268246e-04	
4.740305e+01	1.573423e-04	
4.234571e+01	1.848883e-04	
4.246756e+01	1.276965e-04	
4.414206e+01	1.234942e-04	
4.418803e+01	9.043406e-05	
4.930563e+01	3.813461e-05	
4.261604e+01	1.067238e-04	
4.084228e+01	7.985301e-05	
4.748394e+01	4.581873e-05	
4.581655e+01	7.640788e-05	
4.587636e+01	1.620709e-05	
4.593324e+01	3.369136e-05	
5.090457e+01	2.984982e-05	
4.407558e+01	1.499806e-05	
4.585455e+01	3.599885e-05	
4.753443e+01	2.516419e-05	
4.913121e+01	2.219591e-06	
4.240994e+01	3.128703e-05	
4.407792e+01	3.295465e-05	
4.754994e+01	2.131074e-06	
4.590650e+01	7.888895e-06	
4.764932e+01	3.612032e-06	
4.773572e+01	2.714095e-05	
4.262665e+01	4.500166e-05	
4.756367e+01	9.187174e-05	
4.413527e+01	4.933994e-05	
4.747023e+01	6.805526e-05	
4.745741e+01	6.780568e-05	
4.580577e+01	5.549257e-05	
4.751854e+01	7.320160e-06	
4.752296e+01	5.863942e-06	
4.581580e+01	8.027818e-05	
4.917186e+01	6.506919e-05	
4.910656e+01	1.045288e-04	
4.569140e+01	3.726136e-05	
4.745700e+01	1.266466e-04	
3.897047e+01	1.034793e-04	
3.539648e+01	2.394275e-04	
4.579136e+01	2.294726e-04	
4.247632e+01	1.705142e-04	
4.076137e+01	6.439139e-05	
5.085229e+01	1.303415e-04	
4.590700e+01	7.485146e-05	
4.763018e+01	4.483728e-05	
4.593446e+01	9.870902e-05	
4.745253e+01	9.338481e-05	
4.735620e+01	3.096801e-05	
4.574230e+01	5.212529e-05	
4.580252e+01	2.872134e-05	
4.407231e+01	3.495315e-05	
4.742584e+01	5.285856e-05	
4.738647e+01	5.510213e-05	
4.910655e+01	5.379903e-05	
4.741335e+01	3.174060e-05	
4.740147e+01	2.547652e-05	
4.576405e+01	1.957811e-05	
4.580627e+01	6.743633e-06	
4.585163e+01	2.553533e-05	
4.258884e+01	1.221977e-05	
4.763151e+01	4.635768e-06	
4.766813e+01	7.508860e-06	
4.764147e+01	1.257467e-05	
4.925792e+01	3.318096e-05	
5.088044e+01	3.129842e-05	
4.914157e+01	7.354699e-06	
5.085627e+01	8.153047e-05	
4.759858e+01	2.430263e-05	
4.757838e+01	1.172201e-05	
4.417416e+01	2.602031e-05	
4.914354e+01	9.931431e-05	
4.741409e+01	1.637536e-05	
4.748270e+01	2.123524e-05	
4.587497e+01	4.368923e-05	
4.754219e+01	8.923810e-05	
3.384926e+01	2.444818e-04	
3.718196e+01	2.330208e-04	
4.412136e+01	5.633750e-05	
4.240859e+01	1.412830e-04	
4.405834e+01	1.029105e-04	
5.079620e+01	1.455337e-05	
4.924916e+01	3.385283e-05	
4.755208e+01	7.878779e-05	
4.929764e+01	1.146713e-04	
5.082937e+01	8.088794e-05	
4.563966e+01	7.440756e-05	
4.568226e+01	3.557161e-05	
4.400402e+01	3.356856e-05	
4.734254e+01	4.866130e-05	
4.737065e+01	3.718536e-05	
4.734520e+01	1.701814e-05	
4.402344e+01	4.068084e-05	
4.071393e+01	5.668688e-05	
4.243178e+01	4.430999e-05	
4.582230e+01	5.457010e-06	
4.919110e+01	2.262403e-06	
4.584070e+01	1.475708e-05	
4.752862e+01	1.145536e-05	
4.917271e+01	5.965145e-06	
4.756295e+01	3.527141e-06	
4.754653e+01	5.505754e-06	
4.752587e+01	4.015723e-06	
4.421306e+01	2.538977e-05	
4.587084e+01	4.361116e-05	
4.754952e+01	2.037407e-05	
4.591799e+01	5.381471e-05	
4.255702e+01	4.113777e-05	
4.748181e+01	1.941757e-06	
4.572038e+01	1.434272e-05	
4.580268e+01	3.590850e-05	
4.082913e+01	3.338967e-06	
4.586473e+01	9.171842e-05	
4.755298e+01	2.110951e-05	
4.056899e+01	4.557027e-04	
3.894052e+01	3.348600e-04	
4.412768e+01	1.550215e-04	
4.406867e+01	1.975561e-05	
4.407735e+01	3.296701e-05	
5.086158e+01	1.865453e-04	
4.918978e+01	1.463741e-04	
4.588057e+01	1.358129e-04	
4.754756e+01	1.190883e-04	
4.576816e+01	6.342179e-05	
4.235175e+01	8.884832e-05	
4.410190e+01	5.755202e-05	
5.081821e+01	4.735544e-05	
4.581175e+01	8.818232e-05	
4.580416e+01	6.954624e-05	
4.579638e+01	6.950898e-05	
4.581363e+01	7.447433e-05	
4.913301e+01	9.251251e-05	
4.243788e+01	5.219388e-05	
4.584686e+01	3.493941e-05	
4.751318e+01	3.787836e-05	
4.742908e+01	2.762715e-05	
4.569117e+01	4.241024e-05	
4.389789e+01	2.464980e-05	
4.227978e+01	5.728906e-05	
4.746328e+01	1.424871e-05	
4.581688e+01	1.872050e-05	
4.586484e+01	4.515342e-05	
4.754007e+01	3.579831e-05	
4.585220e+01	2.832209e-05	
4.750737e+01	3.130434e-05	
4.081590e+01	3.431480e-05	
4.576661e+01	2.868120e-05	
4.735438e+01	2.361514e-05	
4.240932e+01	7.394678e-06	
4.247791e+01	2.730670e-05	
4.584364e+01	8.518892e-05	
4.584486e+01	1.822792e-06	
3.540604e+01	3.860585e-04	
3.376828e+01	2.194797e-04	
4.408001e+01	3.000027e-04	
4.580632e+01	2.211729e-04	
4.585405e+01	2.001559e-04	
4.754122e+01	9.414926e-05	
4.584525e+01	1.159093e-04	
4.418881e+01	9.945719e-05	
4.244882e+01	8.305935e-05	
4.576983e+01	7.414551e-05	
4.578920e+01	7.831971e-05	
4.420096e+01	5.924951e-05	
4.595731e+01	5.653888e-05	
4.762356e+01	7.393434e-05	
4.760985e+01	6.146497e-05	
4.755039e+01	7.038641e-05	
4.582352e+01	5.381876e-05	
4.407406e+01	5.579778e-05	
4.239006e+01	5.400184e-05	
4.585237e+01	4.045825e-05	
4.586465e+01	2.732538e-05	
4.577288e+01	4.380984e-05	
4.567101e+01	7.360474e-06	
4.560700e+01	1.456753e-05	
4.571334e+01	1.171031e-05	
4.407261e+01	3.162692e-05	
4.921857e+01	1.774340e-05	
4.245619e+01	1.973482e-05	
4.734601e+01	1.501912e-05	
4.738368e+01	2.593830e-05	
4.909281e+01	2.912324e-05	
4.577419e+01	3.344508e-05	
4.742286e+01	2.210388e-05	
4.736014e+01	7.240497e-05	
4.898694e+01	5.660688e-05	
4.904829e+01	6.425986e-05	
4.908144e+01	4.097733e-05	
4.067236e+01	2.358296e-04	
3.373674e+01	4.839797e-04	
3.033691e+01	2.261481e-04	
4.749712e+01	3.599208e-04	
4.417267e+01	1.981542e-04	
4.422076e+01	1.125598e-04	
4.425077e+01	5.962740e-05	
4.415791e+01	8.602488e-05	
4.581186e+01	9.344130e-05	
4.738699e+01	6.804775e-05	
4.404439e+01	9.183298e-05	
4.741649e+01	6.503245e-05	
4.754717e+01	3.305465e-05	
4.263220e+01	4.558978e-05	
5.104377e+01	6.232644e-05	
4.762301e+01	4.983581e-05	
4.085349e+01	7.558269e-05	
4.077521e+01	2.776127e-05	
4.742658e+01	2.310835e-05	
4.401394e+01	8.195429e-05	
4.574967e+01	5.660015e-05	
3.907709e+01	6.629151e-05	
4.080088e+01	5.053988e-05	
4.753834e+01	4.255622e-05	
4.740965e+01	1.643850e-05	
4.749231e+01	3.987017e-05	
4.255879e+01	5.888855e-05	
4.258399e+01	4.884596e-05	
4.917460e+01	3.351627e-05	
4.569514e+01	6.929222e-05	
4.228553e+01	6.959315e-05	
4.236360e+01	4.689676e-05	
4.412131e+01	3.304812e-05	
4.242807e+01	6.896050e-05	
4.236895e+01	3.824973e-05	
4.571026e+01	6.736043e-05	
4.239002e+01	6.975018e-05	
4.069067e+01	8.889568e-06	
4.573313e+01	1.276006e-04	
3.536872e+01	5.482384e-04	
3.892980e+01	2.302856e-04	
4.238759e+01	2.065170e-04	
4.578246e+01	9.943422e-05	
4.750646e+01	5.644070e-05	
4.421314e+01	8.146820e-05	
4.583921e+01	3.146038e-05	
5.074305e+01	6.097493e-05	
4.738000e+01	3.101803e-05	
4.233142e+01	7.760502e-05	
4.238561e+01	5.948711e-05	
4.755876e+01	6.185072e-05	
4.762673e+01	5.243313e-05	
4.597806e+01	6.566186e-05	
4.756844e+01	5.705859e-05	
4.913230e+01	6.027464e-05	
4.743675e+01	6.194912e-05	
4.916648e+01	6.790007e-05	
4.574791e+01	1.823959e-05	
4.908063e+01	6.588434e-05	
4.749741e+01	5.684141e-05	
4.584507e+01	5.039324e-05	
4.755060e+01	3.744485e-05	
4.754828e+01	1.779320e-05	
5.081715e+01	3.114886e-05	
4.754451e+01	3.860817e-05	
4.757352e+01	3.013298e-05	
4.412800e+01	1.864506e-05	
4.743751e+01	4.774807e-05	
4.408513e+01	1.863389e-05	
4.244409e+01	3.304189e-06	
4.077288e+01	4.124037e-05	
4.412094e+01	2.123507e-05	
4.244508e+01	2.783893e-05	
4.745448e+01	3.958649e-05	
4.413618e+01	3.937052e-05	
4.913674e+01	6.378785e-06	
4.574054e+01	6.901249e-05	
3.372480e+01	4.600415e-04	
3.546427e+01	8.273866e-05	
4.578531e+01	8.690201e-05	
4.914128e+01	1.206654e-04	
5.078111e+01	1.379140e-04	
5.076512e+01	1.148788e-04	
4.746628e+01	1.126968e-04	
4.411991e+01	8.622902e-05	
4.917870e+01	7.533713e-05	
4.918823e+01	4.632843e-05	
5.080601e+01	4.190198e-05	
4.908950e+01	8.770449e-05	
4.926241e+01	7.770283e-05	
4.589160e+01	6.571694e-05	
4.744786e+01	7.887313e-05	
4.744576e+01	7.020206e-05	
4.748979e+01	7.197547e-05	
4.253138e+01	5.964699e-05	
4.419446e+01	5.185834e-05	
5.083747e+01	4.833013e-05	
4.405371e+01	3.294824e-05	
4.753294e+01	3.450434e-05	
4.755789e+01	3.307098e-05	
4.920410e+01	1.349411e-06	
5.088296e+01	5.864044e-06	
4.751335e+01	9.227522e-06	
4.415255e+01	3.160133e-05	
4.406803e+01	3.464654e-06	
4.572693e+01	1.966663e-05	
4.409975e+01	1.249682e-06	
4.577613e+01	9.998073e-06	
4.580141e+01	3.474365e-05	
4.572473e+01	1.965394e-05	
4.745520e+01	2.628186e-05	
4.751525e+01	1.795655e-05	
4.414830e+01	1.034854e-05	
4.412794e+01	2.272040e-05	
4.574545e+01	2.271776e-05	
3.541191e+01	2.721669e-04	
3.551340e+01	2.472867e-04	
4.413553e+01	1.956234e-04	
4.412318e+01	9.884829e-05	
4.406266e+01	6.375508e-05	
4.406858e+01	4.818955e-05	
4.747525e+01	7.593986e-05	
4.079729e+01	1.024087e-04	
4.589607e+01	6.526553e-05	
4.591328e+01	6.548165e-06	
4.582544e+01	5.276364e-07	
4.580729e+01	1.511381e-05	
4.748190e+01	5.025932e-05	
4.418834e+01	6.233821e-05	
4.416336e+01	5.991738e-05	
4.746695e+01	3.347816e-05	
4.758977e+01	5.738183e-05	
4.593198e+01	6.162639e-05	
4.418758e+01	4.750118e-05	
4.752395e+01	4.823326e-05	
4.570079e+01	8.941548e-06	
4.909658e+01	3.028931e-05	
4.752655e+01	4.168761e-05	
4.597314e+01	2.988846e-05	
4.927850e+01	2.878532e-05	
4.920781e+01	2.469892e-05	
4.909806e+01	5.099944e-05	
5.078410e+01	6.122626e-06	
4.743276e+01	6.495507e-06	
4.578405e+01	5.221724e-06	
4.410994e+01	8.761477e-06	
4.574133e+01	2.343523e-05	
4.571180e+01	8.434494e-06	
4.907191e+01	5.430094e-05	
4.751212e+01	6.731058e-06	
4.754713e+01	1.604731e-05	
4.414821e+01	4.810247e-05	
4.072735e+01	1.638430e-04	
3.716354e+01	2.202892e-04	
4.067063e+01	2.868347e-04	
4.581080e+01	2.336596e-04	
4.412618e+01	1.889980e-04	
4.576527e+01	3.070579e-05	
4.915295e+01	6.352923e-05	
4.745335e+01	2.000709e-05	
4.745079e+01	1.092794e-04	
4.415915e+01	2.399097e-06	
4.251564e+01	4.822047e-05	
4.590491e+01	4.603566e-05	
4.749795e+01	2.200022e-05	
4.577918e+01	4.563232e-05	
4.574958e+01	4.517712e-05	
4.747422e+01	4.945938e-05	
4.409010e+01	3.912484e-05	
4.748804e+01	5.032776e-05	
4.587568e+01	6.384610e-05	
4.417901e+01	5.038001e-05	
4.586741e+01	6.380406e-06	
4.748245e+01	1.132304e-06	
4.402115e+01	6.260038e-06	
4.917967e+01	3.373979e-05	
4.925335e+01	4.547434e-05	
4.602364e+01	1.276235e-06	
5.099237e+01	7.130340e-06	
4.749586e+01	4.313182e-05	
4.407186e+01	2.929491e-05	
4.413659e+01	9.667874e-06	
4.919109e+01	1.037245e-06	
4.743858e+01	6.261481e-06	
4.409484e+01	1.539849e-05	
4.580150e+01	1.576734e-05	
4.589682e+01	1.689713e-05	
4.593409e+01	1.508174e-05	
4.585205e+01	7.323232e-06	
4.578121e+01	4.864045e-05	
4.067639e+01	1.295389e-04	
3.715217e+01	1.343992e-04	
3.724232e+01	5.393199e-05	
4.580889e+01	6.791239e-05	
4.749019e+01	9.422427e-05	
4.745154e+01	1.755856e-04	
4.248939e+01	4.104048e-05	
4.581549e+01	2.618477e-05	
5.081722e+01	4.039290e-05	
4.909574e+01	7.204236e-05	
4.920264e+01	7.564471e-05	
4.921912e+01	4.639806e-05	
4.750772e+01	2.229726e-05	
4.574095e+01	6.880772e-06	
4.574142e+01	3.253404e-05	
4.237761e+01	8.393909e-06	
4.238616e+01	3.269988e-05	
4.576970e+01	4.003678e-05	
4.579736e+01	9.075889e-05	
4.918307e+01	9.229328e-05	
4.592428e+01	3.995277e-05	
4.757345e+01	4.252620e-05	
4.412566e+01	1.485527e-05	
4.735440e+01	1.346617e-05	
4.925439e+01	1.359875e-05	
4.262404e+01	2.419218e-06	
4.260222e+01	9.423991e-06	
4.921599e+01	7.162611e-07	
4.578153e+01	1.471870e-05	
4.587882e+01	3.713088e-06	
4.247178e+01	6.124299e-06	
4.577375e+01	5.031068e-05	
4.408127e+01	2.970824e-05	
4.409481e+01	4.621101e-06	
4.761321e+01	4.735882e-05	
4.761825e+01	3.112135e-05	
4.583721e+01	3.221245e-06	
4.746320e+01	9.958291e-05	
4.234546e+01	1.299392e-04	
3.718937e+01	1.588846e-04	
3.888864e+01	2.724200e-04	
4.413961e+01	2.874401e-04	
4.579118e+01	1.684732e-04	
5.086982e+01	6.559739e-05	
4.424089e+01	1.030709e-04	
4.595930e+01	7.861063e-05	
4.762611e+01	8.242747e-05	
4.917034e+01	3.617063e-05	
4.583138e+01	7.193780e-05	
4.754231e+01	4.660279e-05	
4.416329e+01	7.398917e-05	
4.410284e+01	4.902324e-05	
4.912835e+01	6.157674e-07	
4.574019e+01	3.427780e-05	
4.401802e+01	3.225034e-05	
4.572440e+01	4.006118e-05	
4.409558e+01	2.023271e-05	
4.922180e+01	6.124570e-05	
4.257794e+01	4.174103e-05	
4.422290e+01	4.112062e-05	
4.580859e+01	3.017172e-05	
4.393700e+01	2.110333e-06	
4.573951e+01	5.601448e-05	
4.580869e+01	2.436265e-05	
4.242467e+01	8.112727e-06	
4.917412e+01	1.118773e-06	
4.413810e+01	8.203244e-06	
4.755078e+01	2.392156e-05	
4.584095e+01	1.398869e-05	
4.750409e+01	3.330987e-05	
4.573158e+01	4.729324e-05	
4.750890e+01	1.740993e-05	
4.758852e+01	5.212729e-05	
4.425420e+01	3.973258e-05	
4.754302e+01	2.311592e-05	
5.071715e+01	6.896262e-05	
4.405269e+01	1.148399e-05	
3.714750e+01	1.167610e-04	
3.882526e+01	5.021009e-05	
4.076735e+01	2.802654e-04	
4.578046e+01	2.629811e-04	
4.923247e+01	7.556689e-05	
5.096821e+01	2.867213e-05	
5.105091e+01	9.385080e-05	
4.600231e+01	4.795754e-05	
4.758509e+01	1.318909e-05	
4.923348e+01	2.645648e-05	
4.751235e+01	6.739224e-06	
4.752494e+01	6.111275e-05	
4.749317e+01	2.257806e-05	
4.919580e+01	1.302818e-05	
4.416639e+01	1.635854e-05	
4.411202e+01	2.219570e-05	
4.403576e+01	2.109322e-05	
4.410211e+01	3.132966e-05	
4.913711e+01	1.038051e-05	
4.250844e+01	4.525011e-05	
4.749064e+01	6.055695e-05	
4.403880e+01	4.637838e-05	
4.064568e+01	4.471706e-05	
4.738604e+01	5.935512e-05	
4.751987e+01	3.872667e-05	
4.909662e+01	3.343246e-05	
4.738094e+01	3.387268e-05	
4.574251e+01	6.068640e-05	
4.750373e+01	3.211531e-05	
4.923170e+01	3.267695e-05	
4.584703e+01	1.817384e-05	
4.570185e+01	2.795205e-05	
4.748117e+01	3.970277e-05	
4.418664e+01	5.358297e-05	
4.590603e+01	5.286934e-06	
4.758720e+01	5.475196e-05	
5.080723e+01	1.165627e-07	
4.580870e+01	1.348701e-06	
3.394074e+01	2.175548e-04	
3.538247e+01	3.389113e-04	
4.912513e+01	1.175377e-04	
4.745596e+01	1.521813e-04	
4.910077e+01	1.625966e-05	
4.925289e+01	7.414215e-05	
4.597199e+01	2.985282e-05	
4.598078e+01	8.340755e-05	
4.590916e+01	6.447369e-05	
4.584897e+01	3.944717e-06	
4.582213e+01	1.007801e-05	
4.411880e+01	2.035178e-05	
4.924757e+01	2.612097e-05	
4.085992e+01	3.297162e-05	
4.248307e+01	4.979331e-05	
5.081352e+01	1.570553e-05	
4.408435e+01	2.110703e-05	
4.745920e+01	1.433813e-05	
4.407091e+01	4.609577e-05	
4.743628e+01	4.920242e-05	
4.735492e+01	5.754984e-05	
4.566333e+01	5.761196e-05	
4.239468e+01	4.043086e-05	
4.919977e+01	2.980237e-05	
4.417830e+01	6.219038e-05	
4.913806e+01	2.708877e-05	
4.738286e+01	1.648995e-05	
4.745703e+01	3.012707e-05	
4.915213e+01	1.904155e-05	
4.758613e+01	2.386529e-07	
4.256719e+01	1.997087e-05	
4.749515e+01	3.136755e-06	
4.739200e+01	6.402463e-05	
4.583496e+01	4.191877e-05	
4.589784e+01	1.122561e-05	
4.420009e+01	8.154850e-05	
4.754869e+01	5.096919e-05	
4.421336e+01	6.138304e-05	
3.392366e+01	1.846681e-04	
3.550782e+01	2.951440e-04	
4.579251e+01	4.923814e-05	
4.915172e+01	9.032265e-05	
4.243952e+01	9.427216e-05	
4.410204e+01	7.653058e-06	
4.591105e+01	5.565158e-05	
4.921814e+01	2.091617e-05	
4.737677e+01	4.721723e-05	
4.574553e+01	2.053677e-05	
4.410996e+01	2.644385e-05	
4.748078e+01	1.696279e-05	
4.759937e+01	2.398291e-05	
4.252005e+01	3.140718e-05	
4.751725e+01	3.152359e-05	
4.744451e+01	3.933951e-05	
4.580623e+01	3.199883e-05	
4.081630e+01	5.204747e-05	
4.076920e+01	6.494596e-05	
4.406925e+01	6.716061e-05	
3.895601e+01	7.473255e-05	
4.230428e+01	6.904383e-05	
4.575539e+01	4.614815e-05	
4.582942e+01	1.802057e-05	
4.757278e+01	6.136000e-05	
4.748224e+01	4.076578e-05	
4.405439e+01	3.964885e-05	
4.406928e+01	3.512893e-05	
4.586010e+01	2.285938e-05	
4.256302e+01	2.434144e-05	
4.593358e+01	1.379182e-05	
4.752968e+01	2.270496e-05	
4.064050e+01	2.576081e-06	
4.406464e+01	9.130232e-05	
4.243670e+01	3.629065e-06	
4.416458e+01	8.668167e-05	
4.919399e+01	4.566306e-05	
4.586180e+01	3.395718e-05	
3.723140e+01	2.918075e-04	
3.020286e+01	2.994128e-04	
3.726522e+01	1.549961e-04	
3.544095e+01	1.214508e-04	
4.060856e+01	4.509030e-05	
3.723748e+01	1.843544e-05	
3.536970e+01	2.657042e-05	
4.051980e+01	3.724808e-05	
3.869509e+01	5.788874e-05	
3.885492e+01	3.510721e-05	
3.705595e+01	3.136787e-05	
3.719207e+01	2.503130e-05	
3.555301e+01	2.465227e-06	
4.066161e+01	4.930578e-05	
3.540170e+01	6.076834e-05	
3.362435e+01	8.116639e-06	
3.890589e+01	4.268529e-05	
3.550843e+01	2.854259e-05	
3.727246e+01	2.501764e-05	
3.725561e+01	3.895704e-05	
3.379019e+01	3.294893e-05	
3.884549e+01	5.869396e-05	
3.703317e+01	2.844295e-05	
3.204467e+01	2.614970e-05	
4.066537e+01	4.521560e-05	
3.550922e+01	4.006459e-05	
3.704430e+01	6.881497e-06	
4.045064e+01	2.008466e-05	
4.404360e+01	2.519723e-05	
3.893025e+01	3.373794e-06	
3.904107e+01	4.457497e-05	
3.550145e+01	1.211407e-05	
3.198909e+01	6.264086e-06	
3.874805e+01	3.344493e-05	
3.880502e+01	1.250880e-05	
3.550092e+01	9.289620e-06	
3.718888e+01	6.652691e-05	
3.542203e+01	6.064056e-05	
3.027523e+01	2.650785e-04	
