1.418806e+01	2.007283e-13	
2.128708e+01	2.050582e-13	
2.815083e+01	3.581579e-13	
2.483392e+01	4.124479e-13	
2.822992e+01	4.757306e-13	
2.826836e+01	4.336531e-13	
2.490182e+01	6.594725e-14	
2.653700e+01	8.671952e-13	
2.485750e+01	7.356338e-13	
2.822210e+01	2.313705e-12	
2.488768e+01	1.932965e-11	
2.653602e+01	3.621325e-12	
2.648874e+01	6.525891e-13	
2.647870e+01	3.468337e-12	
2.482193e+01	1.847189e-12	
2.648934e+01	3.404610e-12	
2.483723e+01	5.499490e-11	
2.317198e+01	2.118750e-12	
2.655348e+01	6.001422e-12	
2.649660e+01	5.835221e-12	
2.310038e+01	3.867118e-11	
2.140536e+01	1.081024e-11	
2.307764e+01	8.313350e-13	
2.139192e+01	5.112577e-13	
2.481442e+01	5.559997e-12	
2.818084e+01	5.079537e-11	
2.483454e+01	1.484368e-13	
2.316208e+01	5.285106e-12	
2.657743e+01	9.481305e-13	
2.499699e+01	4.435119e-12	
2.333590e+01	2.226663e-12	
2.665644e+01	1.881606e-11	
2.488470e+01	1.505462e-13	
2.481429e+01	7.689183e-12	
2.646254e+01	1.241229e-13	
2.813458e+01	1.509237e-12	
2.644532e+01	1.349143e-12	
2.476592e+01	3.086420e-14	
1.794363e+01	2.048361e-13	
1.254150e+01	2.113865e-13	
1.428829e+01	1.931144e-11	
1.972574e+01	1.971405e-13	
2.490019e+01	4.503142e-14	
2.655376e+01	1.795483e-14	
2.985403e+01	1.522585e-15	
2.815366e+01	9.368630e-15	
2.309750e+01	4.340580e-15	
2.644031e+01	2.218546e-15	
2.644973e+01	7.445814e-15	
2.815072e+01	1.055592e-15	
2.482837e+01	3.498284e-15	
2.482722e+01	7.244846e-16	
2.148057e+01	1.706018e-16	
2.646241e+01	3.244393e-15	
2.815375e+01	1.555734e-16	
2.652803e+01	1.804522e-15	
2.989909e+01	2.196382e-15	
2.650612e+01	1.148595e-15	
2.642847e+01	2.409319e-15	
2.644680e+01	1.267331e-15	
2.651465e+01	4.224438e-16	
2.490353e+01	3.401391e-15	
2.829194e+01	2.297190e-15	
2.496290e+01	1.171404e-15	
2.660317e+01	3.007537e-16	
2.657459e+01	2.955894e-15	
2.817179e+01	1.784416e-15	
2.646996e+01	8.530090e-16	
2.817037e+01	0	
2.485435e+01	5.830473e-16	
2.492432e+01	6.333551e-16	
2.826601e+01	9.307268e-16	
2.484088e+01	1.957541e-15	
2.646548e+01	5.987007e-16	
2.474742e+01	1.237366e-15	
2.645580e+01	0	
2.647064e+01	1.610234e-14	
2.312116e+01	2.103551e-13	
1.966068e+01	1.657237e-13	
1.258222e+01	1.518696e-11	
2.129420e+01	3.979039e-13	
2.313768e+01	2.347011e-13	
2.483390e+01	1.751710e-12	
2.481985e+01	4.527489e-13	
2.482436e+01	4.077849e-13	
2.652174e+01	6.607603e-12	
2.648304e+01	2.216782e-12	
2.314288e+01	1.062261e-11	
2.484364e+01	1.097122e-12	
2.483857e+01	1.490741e-11	
2.478662e+01	2.057687e-12	
2.477819e+01	2.662315e-12	
2.310227e+01	6.741496e-12	
2.481547e+01	1.934453e-12	
2.314884e+01	2.879641e-11	
2.646589e+01	8.950618e-13	
2.479661e+01	4.497069e-12	
2.147976e+01	2.916978e-11	
2.485840e+01	7.501999e-12	
2.482632e+01	4.886092e-12	
2.648697e+01	5.518475e-12	
2.648512e+01	6.312284e-12	
2.482080e+01	8.287193e-11	
2.651702e+01	8.137269e-12	
2.485054e+01	6.216871e-11	
2.819371e+01	8.873569e-12	
2.646656e+01	1.574496e-11	
2.306974e+01	6.547285e-11	
2.646488e+01	1.603095e-11	
2.819072e+01	2.747180e-11	
2.482129e+01	3.128120e-11	
2.819059e+01	1.345801e-11	
2.484259e+01	1.121903e-11	
2.487807e+01	1.303602e-11	
2.484009e+01	8.243850e-12	
2.316342e+01	6.358769e-11	
2.652760e+01	1.504352e-11	
1.801142e+01	4.652057e-12	
2.134299e+01	7.616130e-14	
2.481529e+01	3.701484e-13	
2.654224e+01	1.762812e-12	
2.489844e+01	4.140466e-12	
2.658729e+01	1.275424e-12	
2.655893e+01	7.077006e-12	
2.481413e+01	4.702905e-13	
2.317669e+01	4.612088e-12	
2.655416e+01	2.298162e-12	
2.314262e+01	1.004108e-11	
2.645852e+01	5.506706e-13	
2.649143e+01	5.339063e-13	
2.985465e+01	1.212586e-12	
2.647185e+01	3.028999e-11	
2.481783e+01	1.618483e-12	
2.317276e+01	5.416778e-12	
2.488270e+01	1.043154e-11	
2.650910e+01	2.790168e-11	
2.475776e+01	1.194378e-12	
2.474926e+01	1.763295e-10	
2.477016e+01	1.758371e-12	
2.821767e+01	8.771872e-12	
2.662987e+01	1.038059e-12	
2.989064e+01	2.034128e-11	
2.817065e+01	7.798240e-11	
2.981727e+01	8.565593e-12	
2.314958e+01	4.182987e-12	
2.317359e+01	4.432232e-12	
2.655980e+01	4.986678e-12	
2.490456e+01	3.398637e-11	
2.658265e+01	8.633760e-12	
2.821848e+01	9.175771e-12	
2.653998e+01	2.351963e-11	
2.827689e+01	2.680289e-11	
2.826067e+01	7.427758e-11	
2.653533e+01	1.319311e-11	
2.650388e+01	6.576961e-13	
2.132210e+01	1.163858e-11	
3.035294e+01	2.570956e-05	
3.725335e+01	3.534797e-05	
3.378488e+01	1.306198e-05	
3.543005e+01	5.323778e-05	
3.384731e+01	7.839488e-05	
3.886448e+01	3.168867e-05	
3.898953e+01	1.291476e-04	
3.895771e+01	1.197749e-04	
3.722605e+01	3.188707e-05	
3.216177e+01	2.272159e-05	
3.558832e+01	9.657361e-05	
4.060066e+01	1.222742e-04	
3.550855e+01	7.125050e-05	
3.199445e+01	2.572006e-06	
3.716010e+01	2.011747e-04	
3.714780e+01	1.411948e-04	
3.895666e+01	1.919720e-04	
3.549284e+01	1.035977e-05	
3.724096e+01	1.970095e-04	
3.545072e+01	3.814249e-05	
3.886399e+01	1.636783e-04	
3.359574e+01	8.611666e-05	
4.049867e+01	1.710136e-04	
3.209810e+01	1.425809e-04	
3.369888e+01	1.105384e-04	
3.377216e+01	7.845680e-05	
3.545805e+01	1.900056e-04	
3.536488e+01	8.122009e-05	
3.210563e+01	1.086087e-04	
3.718692e+01	6.263647e-05	
3.724091e+01	4.958527e-05	
4.232245e+01	8.634823e-05	
3.882103e+01	1.903179e-05	
3.377755e+01	4.754722e-06	
3.373099e+01	2.794920e-05	
3.881386e+01	1.480627e-05	
3.379873e+01	3.602990e-05	
2.684344e+01	1.244512e-05	
3.559732e+01	2.937934e-07	
4.577309e+01	1.080877e-05	
4.571577e+01	1.459478e-05	
4.738588e+01	1.856588e-05	
4.243344e+01	5.786002e-05	
4.246983e+01	1.264318e-04	
4.748391e+01	1.557518e-04	
4.749033e+01	1.403057e-04	
4.578706e+01	1.051904e-04	
4.584098e+01	1.429697e-04	
4.918928e+01	1.421979e-04	
4.577764e+01	8.029461e-05	
4.240852e+01	7.137542e-06	
4.236997e+01	1.068485e-04	
4.236094e+01	3.394638e-05	
4.238381e+01	2.025024e-04	
4.081105e+01	1.625995e-04	
4.416866e+01	1.698404e-04	
4.578171e+01	1.315249e-04	
4.576121e+01	1.016008e-04	
4.075074e+01	2.528441e-05	
4.410117e+01	8.973362e-05	
4.745013e+01	2.340137e-05	
4.576308e+01	4.369672e-05	
4.239344e+01	4.138252e-05	
4.235741e+01	4.359546e-05	
4.397490e+01	9.294366e-05	
4.393246e+01	1.332363e-04	
4.235090e+01	1.230711e-04	
4.411449e+01	4.955914e-05	
4.413895e+01	5.536794e-05	
4.752764e+01	4.020319e-05	
4.415354e+01	7.939014e-06	
4.077856e+01	9.758782e-05	
4.580700e+01	1.191308e-04	
4.240350e+01	1.480530e-04	
4.244847e+01	1.300695e-04	
3.893076e+01	6.777799e-05	
3.385600e+01	2.618568e-07	
4.408643e+01	3.002963e-05	
4.235947e+01	3.423086e-05	
4.734764e+01	6.130608e-06	
4.409717e+01	2.633922e-06	
4.421502e+01	9.468996e-05	
4.593505e+01	5.765833e-05	
4.915801e+01	2.834947e-05	
4.748990e+01	5.438304e-05	
4.247561e+01	7.829760e-05	
4.410864e+01	8.767454e-05	
4.906431e+01	3.662868e-05	
4.235697e+01	1.494362e-04	
4.404150e+01	1.368343e-04	
4.739367e+01	1.329554e-04	
4.407676e+01	1.540879e-04	
4.244373e+01	1.439053e-04	
4.579253e+01	7.805955e-05	
4.912230e+01	1.143278e-04	
4.243221e+01	7.082345e-05	
4.756169e+01	6.056775e-05	
4.425766e+01	4.684420e-05	
4.416752e+01	6.042015e-05	
4.410529e+01	3.693955e-05	
4.575596e+01	3.769753e-05	
4.238355e+01	9.074554e-05	
4.230744e+01	4.746186e-05	
4.395537e+01	2.783628e-05	
4.391039e+01	1.375220e-05	
4.730124e+01	4.088932e-05	
4.575739e+01	3.510530e-05	
4.749638e+01	2.898942e-06	
4.748351e+01	1.078460e-04	
4.411363e+01	7.357439e-05	
4.576924e+01	1.012316e-04	
4.914072e+01	1.366396e-04	
4.418141e+01	6.672516e-05	
3.893179e+01	1.772831e-05	
3.880657e+01	4.009614e-06	
4.577065e+01	6.847346e-05	
4.744366e+01	9.028286e-05	
4.908861e+01	8.688424e-05	
4.749026e+01	1.288258e-05	
4.755332e+01	1.770771e-05	
4.589792e+01	4.300223e-06	
4.753618e+01	4.181724e-06	
4.745987e+01	1.330179e-05	
4.753267e+01	1.880301e-05	
4.572225e+01	4.464605e-05	
4.568341e+01	3.920754e-05	
4.230920e+01	3.758311e-05	
4.400907e+01	6.304488e-05	
4.406962e+01	1.354866e-04	
4.239226e+01	4.945600e-05	
4.581294e+01	4.253065e-05	
4.412819e+01	4.977401e-05	
4.746944e+01	5.506777e-05	
4.751423e+01	5.205556e-05	
4.588927e+01	4.703609e-05	
4.423063e+01	4.035803e-05	
4.925147e+01	6.085319e-06	
4.580807e+01	2.619755e-05	
4.741122e+01	1.263560e-05	
4.240254e+01	5.348632e-05	
4.403608e+01	9.677296e-05	
4.064801e+01	7.579610e-05	
4.391931e+01	1.398276e-05	
4.563382e+01	7.714103e-05	
4.744094e+01	3.043020e-05	
4.915252e+01	2.408094e-05	
4.577730e+01	2.828836e-05	
4.743770e+01	5.775369e-06	
5.077539e+01	1.209658e-04	
4.921370e+01	6.207312e-05	
4.598092e+01	1.186720e-04	
4.076686e+01	1.069830e-04	
3.891746e+01	1.272026e-04	
4.585481e+01	5.462726e-05	
4.588409e+01	7.624376e-05	
4.917757e+01	7.093090e-05	
4.248727e+01	3.309520e-05	
4.588390e+01	2.037464e-05	
4.420666e+01	2.284053e-05	
4.584985e+01	2.174534e-05	
4.585714e+01	7.102141e-05	
4.422383e+01	1.975814e-05	
4.578467e+01	9.140898e-06	
4.566609e+01	5.117615e-05	
4.237096e+01	1.628466e-05	
4.744500e+01	7.862724e-06	
4.918922e+01	5.304157e-05	
4.918446e+01	1.267710e-05	
4.752939e+01	3.928212e-05	
4.584351e+01	2.835233e-05	
4.751988e+01	3.061026e-05	
4.752094e+01	4.017311e-05	
4.748551e+01	1.835230e-05	
4.747041e+01	6.324124e-06	
4.582741e+01	3.411963e-05	
4.743211e+01	1.750311e-05	
4.910315e+01	1.144578e-05	
4.408741e+01	2.693090e-05	
4.748600e+01	4.622787e-05	
4.406869e+01	2.385127e-06	
4.574402e+01	5.450599e-05	
4.241034e+01	1.212625e-05	
4.755773e+01	1.390840e-05	
4.587674e+01	5.574189e-05	
4.916663e+01	6.247237e-05	
4.912081e+01	4.720822e-05	
4.745574e+01	1.404828e-04	
4.418103e+01	9.224110e-05	
4.430220e+01	1.327017e-04	
4.246310e+01	1.680031e-04	
3.888398e+01	1.816060e-04	
4.425823e+01	6.192414e-05	
4.764364e+01	4.358772e-05	
4.764768e+01	7.663029e-05	
4.592266e+01	2.051743e-06	
4.410693e+01	2.807860e-05	
4.747108e+01	5.563283e-05	
4.744547e+01	2.500101e-05	
4.079000e+01	2.232208e-05	
4.414416e+01	3.724706e-07	
4.578770e+01	1.293617e-05	
4.574284e+01	8.025436e-06	
4.748316e+01	2.001473e-05	
4.421694e+01	8.874541e-06	
4.599716e+01	7.283785e-06	
4.929968e+01	3.823077e-06	
4.588704e+01	4.979231e-06	
5.092849e+01	2.510919e-06	
4.590980e+01	4.827528e-05	
4.416632e+01	7.381302e-05	
4.909773e+01	5.868560e-05	
4.914401e+01	1.117927e-05	
4.573437e+01	8.549303e-06	
4.413007e+01	2.208536e-05	
4.580489e+01	2.549025e-05	
4.419528e+01	3.868649e-05	
4.918896e+01	8.638853e-06	
4.411923e+01	2.689795e-05	
4.411872e+01	2.318524e-05	
4.920662e+01	2.462260e-05	
4.932035e+01	2.418770e-05	
4.928059e+01	2.815603e-05	
4.580606e+01	4.507216e-05	
4.912172e+01	2.369742e-05	
4.074138e+01	1.140895e-04	
4.247875e+01	1.251514e-04	
4.589603e+01	1.453652e-04	
3.714749e+01	8.142992e-05	
3.535358e+01	1.456144e-04	
4.751887e+01	1.027874e-04	
4.592698e+01	6.834227e-05	
4.593791e+01	7.639313e-05	
4.576516e+01	5.198105e-05	
4.737519e+01	6.557359e-05	
4.396863e+01	3.476555e-05	
4.574365e+01	1.561180e-05	
4.576263e+01	3.248093e-05	
4.241508e+01	9.011681e-06	
4.737959e+01	1.436429e-05	
4.238021e+01	3.185848e-05	
4.920942e+01	4.655901e-06	
4.933515e+01	5.411239e-06	
4.940348e+01	1.821688e-06	
4.935518e+01	4.653300e-06	
4.921929e+01	2.631746e-05	
4.921793e+01	2.921388e-06	
4.587576e+01	2.525182e-05	
4.922926e+01	1.317224e-05	
4.751749e+01	9.056399e-06	
4.575714e+01	1.583923e-05	
4.234914e+01	1.762826e-05	
4.913538e+01	7.571743e-06	
4.593235e+01	6.175181e-06	
4.592103e+01	8.080785e-06	
4.917110e+01	1.088792e-05	
5.078463e+01	1.686038e-05	
4.751304e+01	9.505127e-06	
4.751820e+01	2.979936e-05	
4.931797e+01	3.155581e-05	
4.931868e+01	5.592025e-05	
4.581226e+01	7.439503e-06	
4.905783e+01	3.959998e-05	
4.400017e+01	1.334156e-04	
4.402626e+01	1.344597e-04	
4.903295e+01	1.058333e-04	
4.049966e+01	1.502168e-04	
3.541997e+01	1.398190e-04	
4.741844e+01	1.067831e-04	
4.924333e+01	1.097736e-04	
4.928139e+01	1.399740e-04	
4.579895e+01	7.374808e-05	
4.905093e+01	7.970536e-05	
4.571249e+01	7.818823e-05	
4.402451e+01	5.479340e-05	
4.573229e+01	4.211765e-05	
4.904107e+01	1.950215e-05	
4.224718e+01	3.971631e-05	
4.730485e+01	2.684902e-06	
4.919189e+01	1.986163e-05	
4.936422e+01	5.707062e-06	
4.939694e+01	8.845866e-06	
4.930831e+01	1.259263e-06	
5.086103e+01	4.581527e-05	
4.576911e+01	4.223553e-06	
4.755754e+01	8.637299e-06	
4.594919e+01	4.614736e-06	
4.916197e+01	1.411879e-05	
4.745523e+01	2.934420e-05	
4.743828e+01	5.723188e-06	
4.411351e+01	9.275882e-06	
4.585919e+01	9.323505e-06	
4.757753e+01	2.537212e-05	
4.917729e+01	1.353104e-05	
4.582254e+01	7.327951e-06	
5.083125e+01	4.558557e-05	
5.093143e+01	5.401201e-05	
5.095944e+01	6.021187e-05	
4.755909e+01	4.882499e-05	
4.749895e+01	7.311856e-05	
4.740286e+01	1.071468e-04	
4.565336e+01	1.481449e-04	
4.565330e+01	1.799995e-04	
4.060230e+01	1.022091e-04	
3.365059e+01	9.975508e-05	
3.707885e+01	2.084946e-04	
4.574271e+01	6.443798e-05	
4.913301e+01	5.268904e-05	
4.249901e+01	1.508685e-04	
4.418784e+01	1.166347e-04	
4.410344e+01	1.118170e-04	
4.581993e+01	8.652204e-05	
4.245427e+01	7.894558e-05	
4.744441e+01	3.884721e-05	
4.915988e+01	2.845786e-05	
4.899351e+01	2.444573e-06	
4.901980e+01	4.365613e-05	
4.748323e+01	1.510010e-05	
4.587486e+01	2.666437e-06	
4.594380e+01	1.537591e-05	
4.922532e+01	3.977044e-05	
4.571203e+01	3.687891e-05	
4.412591e+01	1.762465e-06	
4.082772e+01	4.076332e-06	
4.591245e+01	7.173384e-06	
4.758869e+01	2.699389e-06	
4.409189e+01	3.529959e-06	
4.241384e+01	8.909496e-06	
4.746157e+01	3.335362e-07	
4.916616e+01	1.309847e-05	
4.414826e+01	2.198177e-05	
5.248528e+01	6.393999e-05	
4.580869e+01	2.721330e-05	
4.919920e+01	1.740194e-05	
5.086610e+01	8.125824e-05	
4.253815e+01	5.372347e-05	
4.924769e+01	6.288830e-05	
4.416727e+01	6.901971e-05	
4.248019e+01	9.345466e-05	
4.410212e+01	1.702202e-04	
4.238603e+01	9.662774e-05	
4.236234e+01	2.273561e-04	
3.036270e+01	1.253118e-04	
3.199452e+01	9.438439e-05	
4.235312e+01	1.408201e-04	
4.582388e+01	1.755460e-04	
4.416979e+01	1.708114e-04	
4.917909e+01	9.141452e-05	
4.579390e+01	9.212428e-05	
4.587507e+01	3.468820e-05	
4.421829e+01	7.972490e-05	
5.098699e+01	7.469565e-05	
4.594151e+01	7.025525e-05	
4.587814e+01	5.432930e-05	
4.746772e+01	5.444227e-05	
4.579834e+01	3.680497e-05	
4.926230e+01	3.041564e-05	
4.927021e+01	3.142274e-05	
5.245523e+01	2.707020e-05	
4.741108e+01	3.175568e-05	
4.581653e+01	1.504056e-05	
5.087441e+01	1.310189e-08	
4.921308e+01	2.221646e-05	
4.919751e+01	3.542125e-05	
4.736868e+01	3.072415e-05	
4.409175e+01	7.684772e-06	
4.581929e+01	3.716171e-05	
4.581910e+01	1.493934e-05	
4.754266e+01	5.033239e-05	
4.415427e+01	6.296329e-05	
4.926195e+01	5.693323e-05	
4.755511e+01	4.160595e-05	
4.752724e+01	4.976273e-05	
4.586041e+01	5.721718e-05	
4.588165e+01	6.282422e-08	
4.412522e+01	3.116713e-05	
4.249980e+01	8.716671e-05	
4.415366e+01	1.303847e-04	
4.243085e+01	1.510469e-04	
4.911686e+01	2.163736e-04	
4.221449e+01	2.430954e-04	
3.551019e+01	1.353967e-04	
4.575373e+01	1.822519e-04	
4.413785e+01	1.237440e-04	
4.581690e+01	1.231940e-04	
4.746504e+01	1.109908e-04	
5.082282e+01	8.710673e-05	
4.421884e+01	5.424724e-05	
4.928207e+01	3.264213e-05	
5.102217e+01	6.742014e-05	
4.263570e+01	7.139571e-05	
4.929521e+01	3.371024e-05	
4.919219e+01	1.491110e-05	
4.578990e+01	2.839877e-05	
4.413698e+01	3.257403e-05	
4.252427e+01	3.077998e-05	
4.414114e+01	2.237129e-05	
4.918153e+01	4.469826e-06	
4.418341e+01	2.002239e-06	
4.588115e+01	3.073886e-05	
4.412368e+01	2.739720e-05	
4.399717e+01	2.695421e-05	
4.738382e+01	2.765229e-05	
4.240217e+01	1.301583e-05	
4.593497e+01	2.207885e-06	
4.919820e+01	3.295753e-05	
4.578230e+01	3.594538e-05	
4.753291e+01	8.575632e-05	
4.595580e+01	7.477876e-05	
4.929915e+01	7.470095e-05	
4.760049e+01	4.648856e-05	
4.921897e+01	8.476836e-05	
4.581588e+01	1.170278e-04	
4.907955e+01	8.067395e-05	
4.740931e+01	7.245926e-05	
4.747809e+01	8.436173e-05	
4.749167e+01	1.533496e-04	
4.411349e+01	1.393291e-04	
4.048334e+01	8.187604e-05	
3.884809e+01	7.956712e-05	
4.574492e+01	1.413938e-04	
4.408602e+01	1.395925e-04	
4.744476e+01	1.104444e-04	
4.739033e+01	1.008287e-04	
4.572193e+01	8.472078e-05	
5.080921e+01	4.226419e-05	
4.420045e+01	7.442129e-05	
4.929241e+01	2.905014e-05	
4.762704e+01	4.398445e-05	
4.921757e+01	2.867013e-05	
4.578175e+01	1.844577e-05	
4.573422e+01	8.239762e-06	
4.739807e+01	1.169363e-05	
4.239539e+01	5.681655e-06	
4.576001e+01	4.255771e-05	
4.752457e+01	1.341131e-05	
4.588053e+01	1.510493e-06	
4.081087e+01	3.221228e-05	
4.577867e+01	4.518272e-05	
4.399362e+01	3.100243e-06	
4.740500e+01	3.839239e-05	
4.758692e+01	1.541377e-05	
4.255945e+01	1.102808e-05	
4.589962e+01	1.887100e-05	
4.914008e+01	4.154834e-05	
4.573412e+01	2.653844e-05	
4.923345e+01	6.104886e-05	
4.758214e+01	3.015402e-06	
4.926195e+01	3.304699e-05	
4.418647e+01	5.357631e-05	
4.405873e+01	9.058535e-05	
4.906055e+01	8.302434e-05	
4.401851e+01	1.155916e-04	
4.745347e+01	1.746013e-04	
4.759695e+01	1.535226e-04	
4.423735e+01	2.203903e-04	
3.735382e+01	1.746397e-04	
4.229054e+01	1.005421e-04	
4.754953e+01	1.988294e-04	
4.757373e+01	1.363134e-04	
4.578871e+01	1.460987e-04	
4.575430e+01	1.154064e-04	
4.905150e+01	5.817378e-05	
5.081338e+01	6.265333e-05	
4.581859e+01	7.447412e-05	
5.083948e+01	6.537483e-05	
5.076665e+01	7.338498e-05	
4.567767e+01	7.388048e-05	
4.732890e+01	6.921756e-05	
4.564579e+01	1.357363e-05	
4.399517e+01	3.735044e-05	
4.736610e+01	2.277006e-06	
4.572371e+01	8.860786e-06	
4.583038e+01	1.167710e-05	
4.584691e+01	2.112403e-05	
4.581835e+01	1.523193e-05	
4.575269e+01	3.379623e-05	
4.576802e+01	1.751294e-05	
4.242793e+01	2.340166e-06	
4.420758e+01	5.476564e-05	
4.588922e+01	6.526292e-05	
4.581349e+01	5.915622e-05	
4.573081e+01	6.232141e-05	
4.232183e+01	5.497703e-05	
4.742010e+01	1.969469e-05	
4.408938e+01	6.505333e-05	
4.750565e+01	4.137001e-05	
4.412682e+01	5.273434e-05	
4.578611e+01	3.515294e-05	
4.240401e+01	3.087357e-05	
4.916339e+01	1.012608e-04	
4.246183e+01	1.311904e-04	
4.589059e+01	2.182697e-04	
4.421461e+01	1.464676e-04	
3.731522e+01	1.403031e-04	
3.730309e+01	1.358804e-04	
4.252298e+01	1.005801e-04	
4.931787e+01	1.160753e-04	
4.588069e+01	7.176922e-05	
4.583803e+01	9.778039e-05	
4.415394e+01	4.665378e-05	
4.414097e+01	3.024619e-05	
4.753539e+01	1.032378e-04	
4.244164e+01	6.048417e-05	
4.903386e+01	2.760509e-05	
4.399435e+01	4.587115e-06	
4.231720e+01	5.136511e-05	
4.568672e+01	2.837436e-05	
4.917792e+01	5.552430e-05	
4.411867e+01	7.696414e-05	
4.919447e+01	5.442635e-05	
4.760139e+01	7.153270e-05	
5.082078e+01	9.089602e-05	
4.746959e+01	4.442019e-05	
4.411699e+01	1.893087e-05	
4.915690e+01	3.980836e-05	
4.414514e+01	1.860608e-05	
4.749601e+01	6.491253e-05	
4.916444e+01	4.770673e-05	
4.744078e+01	6.164007e-05	
4.233271e+01	3.963859e-05	
4.740072e+01	5.544251e-05	
4.742968e+01	4.204074e-05	
4.909244e+01	3.497444e-05	
4.568624e+01	5.658996e-05	
4.575458e+01	5.645992e-05	
4.579865e+01	6.544148e-05	
4.412066e+01	4.566161e-05	
4.746753e+01	9.651644e-05	
4.577388e+01	1.501454e-04	
4.586980e+01	1.776665e-04	
4.587223e+01	2.404040e-04	
3.889816e+01	1.497671e-04	
3.715789e+01	5.250069e-05	
4.595687e+01	3.190386e-05	
4.598177e+01	1.031630e-04	
5.092916e+01	7.249740e-05	
4.752976e+01	3.526739e-05	
4.911409e+01	3.894216e-05	
4.753685e+01	7.554003e-05	
4.416154e+01	4.372446e-05	
4.578722e+01	6.685327e-06	
4.743693e+01	4.423177e-06	
4.568082e+01	3.608416e-06	
4.410240e+01	2.577577e-05	
4.414705e+01	4.794993e-05	
4.590009e+01	3.713917e-05	
4.929004e+01	4.221778e-05	
4.761837e+01	5.264531e-05	
4.932386e+01	4.607524e-05	
4.582431e+01	7.043247e-05	
4.748183e+01	4.225994e-05	
4.751075e+01	1.737994e-05	
4.416144e+01	6.204044e-06	
4.915848e+01	2.078412e-05	
4.747919e+01	1.679789e-05	
4.737324e+01	4.370627e-05	
4.732889e+01	1.484712e-05	
4.403389e+01	4.380309e-05	
4.580696e+01	1.778471e-05	
4.419197e+01	2.584904e-05	
4.582655e+01	8.252423e-05	
4.744663e+01	8.431304e-05	
4.578838e+01	6.317574e-05	
4.076232e+01	6.884305e-05	
4.412706e+01	1.034576e-04	
4.406575e+01	1.343120e-04	
4.402123e+01	1.751279e-04	
4.402776e+01	2.147928e-04	
4.404869e+01	1.935860e-04	
3.883993e+01	1.950209e-04	
4.054436e+01	2.638592e-04	
4.924624e+01	2.136124e-05	
4.426051e+01	6.314149e-05	
4.586388e+01	4.219679e-05	
4.914726e+01	6.110166e-05	
4.579880e+01	4.476991e-05	
4.245413e+01	6.032878e-05	
4.745160e+01	4.896098e-05	
4.749689e+01	9.187549e-06	
4.243407e+01	2.354646e-05	
4.574930e+01	1.398082e-05	
4.921490e+01	3.101800e-05	
4.759840e+01	3.782189e-05	
4.766303e+01	3.440799e-05	
4.596537e+01	6.043870e-05	
4.760977e+01	4.803929e-05	
4.085051e+01	4.157779e-05	
4.753247e+01	1.811168e-05	
4.578640e+01	6.917548e-05	
4.746695e+01	5.054706e-06	
4.581699e+01	3.080209e-05	
4.577256e+01	8.232566e-05	
4.404448e+01	8.662832e-05	
4.735141e+01	3.312735e-05	
4.567674e+01	5.102339e-05	
4.568721e+01	4.232749e-05	
4.583030e+01	4.874463e-05	
4.424922e+01	2.859309e-05	
4.418066e+01	7.409116e-05	
4.413389e+01	4.074496e-05	
4.245426e+01	9.018143e-05	
4.408469e+01	8.799360e-05	
4.741739e+01	7.602504e-05	
4.401901e+01	1.093028e-04	
4.900674e+01	1.856294e-04	
4.734495e+01	4.912063e-05	
4.576296e+01	8.186528e-05	
3.710487e+01	7.248107e-05	
3.362675e+01	3.048033e-04	
4.404141e+01	3.369381e-05	
4.582932e+01	8.375275e-05	
4.920654e+01	1.072572e-04	
4.416922e+01	6.119240e-06	
4.920052e+01	2.395846e-05	
4.913673e+01	1.514817e-05	
4.242041e+01	5.777121e-05	
4.411231e+01	4.861798e-06	
4.416849e+01	3.624380e-05	
4.923026e+01	3.009107e-05	
4.755763e+01	7.710288e-07	
4.591850e+01	2.938872e-05	
4.425638e+01	3.545198e-05	
5.418781e+01	2.929228e-05	
4.745187e+01	3.640639e-05	
4.749977e+01	2.631980e-05	
5.083438e+01	4.286384e-05	
4.750323e+01	9.398357e-06	
4.747376e+01	1.432984e-05	
4.581391e+01	4.010085e-05	
4.409166e+01	5.124460e-05	
4.573491e+01	1.811064e-05	
4.065708e+01	3.539991e-05	
4.069447e+01	1.798796e-05	
4.744283e+01	1.743213e-05	
4.915227e+01	3.496772e-05	
4.416201e+01	4.707206e-05	
4.247991e+01	4.437395e-05	
4.411514e+01	2.240158e-05	
4.573858e+01	6.668198e-05	
5.082355e+01	1.145380e-04	
4.911773e+01	1.636507e-05	
4.916261e+01	6.720328e-05	
4.411694e+01	1.528202e-04	
4.751257e+01	1.912325e-04	
4.078752e+01	1.081070e-04	
3.209679e+01	1.560662e-04	
3.531124e+01	2.749495e-04	
4.234594e+01	1.439342e-05	
4.749131e+01	2.226953e-05	
4.751416e+01	5.568475e-05	
4.588966e+01	5.662328e-05	
4.921970e+01	2.298940e-06	
4.751937e+01	3.065394e-05	
4.581779e+01	9.235536e-06	
4.418276e+01	1.103424e-05	
4.753282e+01	4.256259e-05	
4.753905e+01	6.717005e-06	
4.253961e+01	1.121348e-05	
4.579190e+01	2.985231e-05	
4.909556e+01	4.783072e-05	
4.400134e+01	2.702343e-05	
4.402286e+01	3.061631e-05	
4.404988e+01	6.630834e-05	
4.238543e+01	5.695405e-05	
4.753377e+01	3.692527e-05	
4.417899e+01	2.508115e-05	
4.744381e+01	4.702171e-05	
4.569972e+01	1.534148e-05	
4.234676e+01	4.670890e-05	
4.742853e+01	1.081453e-05	
4.757048e+01	1.798959e-05	
4.923401e+01	2.133699e-05	
4.911170e+01	6.327349e-05	
4.235352e+01	6.999294e-05	
4.401480e+01	7.382403e-05	
4.732815e+01	6.512659e-05	
4.578981e+01	4.567853e-05	
4.920130e+01	3.474929e-05	
4.924853e+01	8.685006e-05	
4.249654e+01	6.447837e-05	
4.590046e+01	1.787143e-04	
4.925188e+01	1.857949e-04	
4.252810e+01	2.813614e-04	
4.059861e+01	3.517395e-04	
3.541291e+01	4.520980e-04	
4.399273e+01	8.755862e-05	
4.409260e+01	1.258290e-05	
4.758940e+01	2.490170e-05	
4.925698e+01	3.483153e-05	
4.589239e+01	9.051735e-05	
4.588200e+01	5.214372e-05	
4.418165e+01	7.708963e-06	
4.245509e+01	8.355225e-06	
4.580242e+01	7.792166e-06	
4.400820e+01	3.562193e-05	
4.401244e+01	3.510954e-05	
4.573267e+01	4.773444e-05	
4.567147e+01	6.417346e-05	
4.564749e+01	2.720102e-05	
4.228187e+01	2.844098e-05	
4.563142e+01	4.706521e-05	
4.736553e+01	3.040301e-06	
4.580626e+01	1.306058e-06	
4.418894e+01	4.981364e-05	
4.751291e+01	2.944808e-06	
4.572908e+01	4.304344e-05	
5.246183e+01	1.446088e-05	
5.088152e+01	1.692451e-05	
4.759367e+01	2.134544e-05	
4.418811e+01	2.909020e-05	
4.410719e+01	5.126617e-05	
5.235310e+01	3.949609e-05	
4.565589e+01	7.527138e-05	
4.745478e+01	6.159748e-05	
4.921510e+01	6.270752e-05	
4.598261e+01	9.771578e-05	
4.763022e+01	7.769059e-05	
4.591290e+01	1.307856e-04	
5.261597e+01	1.214853e-04	
4.754449e+01	1.345119e-04	
4.414570e+01	2.809130e-04	
3.892182e+01	3.572458e-04	
3.531970e+01	2.893532e-04	
4.739392e+01	3.837281e-05	
4.407538e+01	8.066702e-05	
4.588800e+01	1.865171e-05	
4.928709e+01	7.630535e-06	
4.925111e+01	3.520096e-05	
4.585104e+01	2.120045e-05	
4.409493e+01	3.531802e-06	
4.237601e+01	1.442272e-05	
4.398983e+01	4.747925e-06	
4.732161e+01	1.197367e-05	
4.894674e+01	2.686480e-05	
4.740812e+01	8.433383e-05	
4.241099e+01	7.048080e-05	
4.236730e+01	4.741065e-05	
4.231436e+01	3.790628e-05	
4.226793e+01	1.542554e-05	
4.233616e+01	1.787562e-05	
5.080229e+01	7.987557e-06	
4.761274e+01	3.541988e-05	
5.094071e+01	1.641640e-05	
5.253579e+01	6.531282e-06	
4.417972e+01	4.502105e-05	
4.592760e+01	9.840259e-06	
4.595152e+01	4.859776e-05	
4.924578e+01	6.333597e-05	
4.413795e+01	3.981575e-05	
4.740503e+01	3.115124e-05	
4.408741e+01	2.385295e-05	
4.426870e+01	1.011282e-04	
5.437755e+01	1.106669e-04	
4.437116e+01	1.251398e-04	
4.939616e+01	1.621452e-04	
5.096195e+01	8.943943e-05	
5.255419e+01	1.648257e-04	
4.578588e+01	9.807619e-05	
4.235630e+01	2.362956e-04	
3.544536e+01	2.432194e-04	
3.367951e+01	3.377902e-04	
4.239327e+01	7.881361e-05	
4.917550e+01	1.498623e-04	
4.929834e+01	4.183028e-05	
4.758179e+01	4.307762e-05	
4.924125e+01	6.518691e-05	
4.580155e+01	4.214029e-06	
4.406189e+01	3.301192e-05	
4.399540e+01	8.436877e-05	
4.569121e+01	6.196543e-05	
4.399854e+01	5.822274e-05	
4.747685e+01	7.553466e-05	
4.750990e+01	6.315919e-05	
4.413697e+01	7.817096e-05	
4.412930e+01	6.765638e-05	
4.241609e+01	5.903922e-05	
5.063527e+01	5.861263e-05	
4.730752e+01	5.916334e-05	
4.755199e+01	6.080681e-05	
4.764526e+01	4.063139e-05	
4.762514e+01	2.626335e-05	
4.924965e+01	1.341884e-05	
4.927201e+01	1.722543e-05	
4.425456e+01	2.239019e-05	
4.928055e+01	4.189386e-05	
5.086005e+01	9.525298e-05	
4.581026e+01	1.012545e-05	
5.084661e+01	6.952426e-07	
4.414821e+01	2.597073e-05	
4.595758e+01	8.542422e-05	
4.940150e+01	1.036107e-04	
4.768008e+01	1.171205e-04	
5.098577e+01	9.546439e-05	
4.761925e+01	1.285305e-04	
4.416473e+01	1.107245e-04	
4.075153e+01	2.115077e-04	
4.738530e+01	3.075459e-04	
3.540892e+01	3.700765e-04	
3.726034e+01	3.364471e-04	
4.410823e+01	9.172083e-05	
4.245455e+01	1.031791e-04	
4.763505e+01	9.343919e-05	
4.593658e+01	4.111722e-05	
4.422872e+01	3.670155e-05	
4.576551e+01	9.795650e-07	
4.403353e+01	2.487041e-05	
4.404149e+01	1.300175e-07	
4.404825e+01	3.349385e-05	
5.089861e+01	4.692036e-06	
4.925822e+01	1.412433e-05	
4.418337e+01	6.480837e-05	
4.918820e+01	7.183210e-05	
5.086095e+01	3.347573e-05	
4.410882e+01	4.575879e-05	
4.571212e+01	3.818759e-05	
4.568042e+01	6.013935e-05	
4.588648e+01	4.117501e-05	
4.599519e+01	1.158406e-05	
4.763514e+01	1.969242e-05	
5.422102e+01	4.549061e-07	
4.921470e+01	2.187109e-05	
5.091094e+01	4.125715e-05	
4.915178e+01	4.321252e-05	
5.083414e+01	1.098760e-05	
4.414567e+01	2.449333e-05	
4.079423e+01	1.838672e-05	
4.751177e+01	3.356609e-05	
4.751269e+01	8.259943e-05	
4.750729e+01	5.505879e-05	
4.761032e+01	6.906556e-05	
4.921892e+01	6.698106e-05	
4.920387e+01	8.461336e-05	
4.415706e+01	7.787803e-05	
4.744767e+01	1.480085e-04	
4.240062e+01	3.131590e-04	
3.885582e+01	1.852886e-04	
3.889135e+01	2.461017e-04	
4.412667e+01	1.284292e-04	
4.410932e+01	1.876016e-04	
4.411526e+01	3.027869e-05	
4.249398e+01	3.992380e-06	
4.587575e+01	1.644420e-06	
4.743462e+01	2.149140e-05	
4.235278e+01	3.243563e-05	
4.746073e+01	1.415920e-05	
4.244861e+01	1.999436e-05	
4.427300e+01	7.828732e-06	
4.929976e+01	2.444879e-05	
4.590162e+01	2.589711e-05	
4.925637e+01	4.773518e-05	
4.588741e+01	3.723945e-05	
4.921155e+01	3.021057e-05	
4.408109e+01	5.879957e-05	
4.912768e+01	9.392985e-06	
4.752567e+01	3.591670e-05	
5.261397e+01	1.818999e-06	
5.093000e+01	2.804546e-06	
4.918332e+01	1.804296e-05	
5.077056e+01	2.859223e-05	
4.410532e+01	5.500824e-05	
4.917055e+01	1.923599e-05	
4.576713e+01	2.324489e-05	
4.584940e+01	3.631600e-05	
4.587200e+01	5.581266e-05	
4.744038e+01	5.789988e-05	
4.733737e+01	9.812241e-05	
4.567548e+01	1.130752e-04	
4.909245e+01	8.414965e-05	
4.746374e+01	6.752824e-05	
4.575212e+01	7.006557e-05	
5.080124e+01	6.950248e-05	
4.918407e+01	1.497979e-04	
4.583961e+01	1.805328e-04	
3.726189e+01	2.431381e-04	
3.882891e+01	2.571621e-05	
4.076957e+01	7.208636e-05	
4.914084e+01	2.025675e-04	
5.072481e+01	1.061240e-04	
4.906522e+01	3.381041e-05	
4.581211e+01	1.752262e-05	
4.578437e+01	4.376971e-05	
4.577721e+01	3.504911e-05	
4.405236e+01	1.908725e-05	
4.574496e+01	7.154566e-06	
4.923701e+01	4.810115e-05	
4.924895e+01	2.228971e-05	
5.089829e+01	3.204152e-05	
4.916846e+01	4.052167e-05	
4.759535e+01	3.895763e-05	
4.931141e+01	4.736948e-05	
4.928312e+01	1.307973e-05	
4.741083e+01	1.074699e-05	
4.910468e+01	3.748967e-05	
4.929158e+01	2.063121e-05	
4.931240e+01	2.439059e-05	
4.918885e+01	4.271589e-05	
4.916387e+01	2.164590e-05	
4.583353e+01	5.099365e-05	
4.248736e+01	3.560899e-05	
4.579400e+01	4.208439e-05	
4.418381e+01	5.256425e-05	
4.414313e+01	3.961144e-05	
4.572699e+01	7.456874e-05	
4.399066e+01	8.277994e-05	
4.739609e+01	1.099071e-04	
4.415383e+01	9.026153e-05	
4.746315e+01	1.031668e-04	
4.740552e+01	1.304057e-04	
4.570235e+01	1.574222e-04	
4.575064e+01	2.595639e-04	
4.415851e+01	2.842183e-04	
4.072525e+01	1.928565e-04	
3.720571e+01	2.066696e-04	
4.588004e+01	2.151035e-04	
4.924228e+01	1.777032e-04	
4.573379e+01	8.590049e-05	
4.909455e+01	1.153269e-04	
4.582135e+01	3.490671e-05	
4.250934e+01	2.447439e-06	
4.583603e+01	6.292453e-05	
4.569802e+01	1.444690e-05	
4.568774e+01	8.637043e-06	
4.411540e+01	3.457836e-05	
4.584062e+01	2.173340e-05	
4.246594e+01	3.155214e-06	
4.749821e+01	3.797354e-05	
4.925986e+01	3.136588e-05	
4.766079e+01	1.090105e-05	
4.767707e+01	3.973839e-06	
4.739126e+01	1.617583e-05	
4.405203e+01	1.435118e-05	
4.760916e+01	2.902849e-05	
4.426202e+01	1.876731e-05	
4.425765e+01	2.062486e-05	
4.926619e+01	2.986726e-05	
4.413226e+01	2.617511e-05	
4.743704e+01	3.473384e-05	
4.747481e+01	5.582045e-05	
4.579174e+01	4.179594e-05	
4.244874e+01	4.234347e-05	
4.908509e+01	4.424529e-05	
4.066391e+01	6.238603e-05	
4.572331e+01	8.686250e-05	
4.752834e+01	8.110834e-05	
4.409380e+01	9.460988e-05	
4.569726e+01	9.708664e-05	
4.568080e+01	6.410651e-05	
4.913932e+01	2.576362e-04	
4.250107e+01	2.585204e-04	
3.728605e+01	2.968571e-04	
4.069103e+01	3.621527e-04	
4.596984e+01	1.628275e-04	
4.426698e+01	1.741687e-04	
4.580428e+01	1.168011e-04	
4.405427e+01	4.695301e-05	
4.418596e+01	8.996807e-06	
4.760625e+01	1.519544e-05	
4.760394e+01	2.392768e-05	
4.571415e+01	2.075028e-05	
4.564691e+01	1.977570e-05	
4.073378e+01	1.563332e-06	
4.413580e+01	8.743999e-07	
4.412877e+01	3.993641e-05	
4.236566e+01	8.523883e-06	
4.589643e+01	4.820893e-05	
4.431941e+01	1.830558e-05	
4.260891e+01	1.332932e-05	
4.911013e+01	2.848468e-05	
4.738156e+01	1.153757e-05	
4.583861e+01	1.886265e-05	
4.757884e+01	1.583502e-05	
4.589551e+01	1.073636e-05	
4.589897e+01	1.399286e-05	
4.748690e+01	4.593340e-05	
4.744881e+01	7.051269e-05	
4.911716e+01	2.102653e-05	
4.580722e+01	1.315668e-05	
4.409729e+01	4.489370e-05	
4.574597e+01	4.240535e-05	
4.407001e+01	6.340824e-05	
4.081755e+01	8.681844e-05	
4.920538e+01	1.317247e-04	
4.751995e+01	8.132895e-05	
4.578475e+01	8.402789e-05	
4.737173e+01	2.870642e-05	
4.243305e+01	2.546700e-04	
4.581840e+01	3.473839e-04	
3.730044e+01	2.295031e-04	
4.225773e+01	6.924252e-05	
4.253909e+01	1.931928e-04	
4.253533e+01	9.248206e-05	
4.750402e+01	1.355361e-04	
4.734666e+01	2.747009e-05	
4.746777e+01	6.167403e-05	
4.763193e+01	3.628910e-07	
4.429000e+01	2.167638e-05	
4.913486e+01	7.973064e-06	
4.735676e+01	2.376225e-05	
4.572303e+01	4.927203e-06	
3.908059e+01	5.189287e-06	
4.577597e+01	1.783272e-06	
5.238087e+01	1.752992e-05	
4.748634e+01	1.615895e-05	
4.598212e+01	3.777868e-05	
4.587469e+01	3.875778e-05	
4.903586e+01	2.759268e-05	
4.731162e+01	7.621670e-06	
4.233425e+01	1.181950e-05	
4.747844e+01	4.940113e-05	
4.752046e+01	1.465434e-05	
4.919632e+01	2.077332e-05	
4.577597e+01	6.392363e-05	
4.744946e+01	1.004300e-05	
4.244798e+01	3.271160e-05	
4.247081e+01	3.583266e-05	
4.242473e+01	5.017580e-05	
3.898765e+01	3.020321e-05	
4.742913e+01	7.721990e-05	
4.745255e+01	7.030443e-05	
4.920950e+01	8.267362e-05	
4.750410e+01	6.278902e-05	
4.407016e+01	6.612263e-05	
4.236101e+01	1.245674e-04	
4.576368e+01	3.112507e-04	
3.909975e+01	4.545598e-04	
3.715123e+01	5.979905e-05	
4.062433e+01	8.116996e-05	
4.578715e+01	1.690315e-05	
4.749077e+01	1.166004e-04	
4.737403e+01	8.903784e-05	
4.388496e+01	1.204599e-04	
4.899738e+01	5.802939e-05	
4.422897e+01	3.523043e-05	
4.592858e+01	6.084711e-05	
4.412327e+01	5.010866e-05	
4.739631e+01	1.949091e-05	
4.581041e+01	1.392454e-05	
4.252573e+01	4.341240e-05	
4.747176e+01	2.202588e-05	
4.404240e+01	4.673810e-05	
4.576558e+01	1.342129e-05	
4.583515e+01	5.754748e-05	
4.750423e+01	4.620376e-05	
5.075438e+01	2.522049e-05	
4.234619e+01	2.854003e-05	
4.398867e+01	5.361525e-05	
4.234560e+01	2.141888e-05	
4.747627e+01	2.886691e-05	
4.415990e+01	1.232426e-05	
4.583205e+01	1.070779e-05	
4.582880e+01	1.756455e-05	
4.249815e+01	3.627985e-05	
4.580230e+01	5.200054e-05	
4.569051e+01	3.848280e-05	
4.231835e+01	2.925716e-05	
4.400714e+01	9.543882e-05	
4.575865e+01	6.893706e-05	
4.083225e+01	8.367708e-05	
4.756321e+01	6.893053e-05	
4.414052e+01	1.059640e-04	
4.572676e+01	8.638275e-05	
3.906957e+01	2.127657e-04	
4.078809e+01	4.332434e-04	
3.733572e+01	4.146922e-04	
3.707527e+01	3.015523e-05	
4.241117e+01	7.484315e-05	
4.749290e+01	7.020124e-05	
4.400452e+01	9.103173e-05	
4.730277e+01	1.319357e-04	
4.575409e+01	8.319834e-05	
4.588355e+01	1.351455e-05	
4.758594e+01	8.802236e-05	
4.585575e+01	8.691160e-05	
4.578487e+01	6.158878e-06	
4.753804e+01	2.053686e-06	
4.590033e+01	5.981717e-05	
4.752669e+01	4.026953e-05	
4.575483e+01	2.565656e-06	
4.245310e+01	2.812628e-05	
4.918398e+01	2.141009e-05	
4.587613e+01	5.240766e-05	
4.756684e+01	1.723208e-05	
4.416022e+01	1.149357e-05	
4.242947e+01	5.915463e-05	
4.911456e+01	2.116376e-05	
4.755339e+01	3.536739e-05	
4.587213e+01	3.308342e-05	
4.919183e+01	3.076796e-05	
4.582769e+01	3.095608e-05	
4.418005e+01	4.985607e-05	
4.577797e+01	3.782806e-05	
4.396897e+01	9.938179e-05	
4.901542e+01	8.650671e-05	
4.231508e+01	4.687775e-05	
4.571679e+01	9.452108e-05	
4.412668e+01	1.403520e-04	
4.752613e+01	1.219096e-04	
4.413931e+01	1.073412e-04	
4.909200e+01	8.449820e-05	
4.402703e+01	7.866387e-05	
4.076703e+01	5.252673e-04	
4.226205e+01	3.373013e-04	
3.381346e+01	2.665167e-04	
4.760101e+01	1.057756e-04	
4.593086e+01	1.299545e-04	
4.417527e+01	1.589119e-04	
4.580104e+01	1.402860e-04	
4.575305e+01	4.914932e-05	
4.250897e+01	1.481138e-05	
4.756251e+01	1.132885e-04	
4.751278e+01	8.781483e-05	
4.913287e+01	2.329531e-05	
4.759103e+01	2.043487e-05	
4.592806e+01	1.216137e-06	
4.920720e+01	3.525133e-05	
4.573424e+01	9.426590e-06	
4.575994e+01	9.291392e-06	
4.579972e+01	2.949901e-05	
4.417827e+01	3.140472e-05	
4.761303e+01	5.087962e-05	
4.590799e+01	6.330412e-05	
4.585698e+01	2.736404e-05	
4.582854e+01	2.926484e-05	
4.590567e+01	3.823726e-05	
4.759239e+01	4.151946e-05	
5.263131e+01	2.729940e-05	
5.094896e+01	4.318519e-05	
4.412250e+01	3.924067e-05	
4.064902e+01	6.666765e-05	
4.232511e+01	1.051700e-04	
4.583462e+01	5.567569e-05	
4.578893e+01	6.280218e-05	
4.743887e+01	9.801056e-05	
5.085141e+01	1.241771e-04	
4.583790e+01	4.711727e-05	
4.581142e+01	5.071104e-05	
4.238802e+01	1.496171e-04	
4.743831e+01	1.646349e-04	
4.406609e+01	3.249522e-04	
3.377915e+01	2.657910e-04	
3.899625e+01	3.527929e-04	
4.589259e+01	1.201402e-04	
4.930296e+01	1.101665e-04	
4.594759e+01	4.565197e-05	
4.915639e+01	1.309311e-04	
4.408553e+01	2.487490e-05	
4.587225e+01	2.492508e-05	
4.418527e+01	4.025271e-05	
4.411363e+01	3.047106e-05	
4.917587e+01	1.103226e-05	
4.753874e+01	3.381396e-05	
4.932088e+01	3.213070e-05	
4.583286e+01	2.980659e-05	
5.071430e+01	1.830440e-05	
4.403832e+01	1.920728e-05	
4.578666e+01	1.943825e-05	
4.581434e+01	3.164735e-05	
4.751685e+01	4.964561e-05	
5.091840e+01	7.163773e-05	
4.415099e+01	2.601391e-05	
4.915403e+01	3.699346e-05	
4.748008e+01	6.214523e-05	
5.084857e+01	5.317436e-05	
4.756906e+01	6.169528e-05	
4.253845e+01	2.724416e-05	
4.579298e+01	3.189406e-05	
4.730080e+01	7.203852e-05	
4.413673e+01	4.462555e-05	
4.423232e+01	7.506480e-05	
4.427654e+01	6.825846e-05	
4.588248e+01	1.217709e-04	
4.417819e+01	1.752334e-04	
4.588796e+01	1.420223e-04	
4.249443e+01	9.362628e-05	
4.575297e+01	1.493468e-04	
4.563600e+01	1.188951e-04	
3.901573e+01	2.248966e-04	
3.207573e+01	3.136405e-04	
3.541213e+01	1.374124e-05	
4.418839e+01	1.447318e-04	
4.258247e+01	6.385450e-05	
4.925658e+01	7.958888e-05	
4.741516e+01	9.371284e-05	
4.739621e+01	8.693381e-05	
4.579288e+01	9.265063e-05	
4.408046e+01	1.276334e-04	
4.576205e+01	3.181234e-05	
4.928511e+01	6.135085e-05	
4.769951e+01	9.175130e-05	
4.937481e+01	7.991427e-05	
4.931932e+01	6.641827e-05	
4.911704e+01	2.265932e-05	
4.571455e+01	3.998313e-05	
4.238211e+01	2.687333e-05	
4.742254e+01	2.644338e-05	
4.913515e+01	5.956141e-05	
4.747251e+01	3.904733e-05	
4.749235e+01	2.375750e-05	
4.575503e+01	3.590622e-05	
5.079821e+01	4.445143e-05	
4.747522e+01	5.866875e-05	
4.762378e+01	2.925941e-05	
4.596354e+01	4.164875e-05	
4.075967e+01	6.202445e-05	
4.898151e+01	2.993329e-05	
4.920846e+01	4.523355e-05	
4.097116e+01	6.780426e-05	
4.598597e+01	8.070710e-05	
4.584937e+01	1.255004e-04	
4.742713e+01	1.856344e-04	
4.585927e+01	1.594433e-04	
4.412819e+01	1.114691e-04	
4.397665e+01	3.485803e-05	
4.396375e+01	1.139626e-04	
4.066029e+01	2.126768e-04	
3.547078e+01	2.621343e-04	
4.233555e+01	4.205279e-04	
4.418921e+01	1.724885e-04	
4.757376e+01	1.383031e-04	
5.085708e+01	1.568705e-04	
4.911256e+01	9.523045e-05	
4.576207e+01	1.580115e-05	
4.749667e+01	5.911360e-05	
4.410744e+01	2.962827e-05	
4.580256e+01	7.355600e-05	
4.933928e+01	3.652583e-05	
4.941234e+01	6.689179e-05	
4.774313e+01	5.500260e-05	
4.931707e+01	5.332049e-05	
4.745671e+01	1.762855e-05	
4.404179e+01	3.810214e-06	
4.740877e+01	3.151103e-05	
4.235201e+01	3.979086e-05	
4.744461e+01	1.491120e-05	
4.910527e+01	5.160874e-05	
4.076506e+01	5.509295e-05	
5.078094e+01	4.152614e-05	
4.903581e+01	4.706189e-05	
4.905466e+01	4.117579e-05	
4.593869e+01	6.902429e-05	
5.094181e+01	8.479594e-05	
4.409356e+01	6.098248e-05	
4.402519e+01	4.734011e-06	
4.583442e+01	7.019618e-05	
4.430312e+01	6.215511e-05	
4.590823e+01	4.346767e-05	
4.400030e+01	1.102785e-04	
4.398136e+01	7.745474e-05	
4.239759e+01	1.228340e-04	
4.737256e+01	7.516069e-05	
4.735298e+01	4.004100e-06	
4.405172e+01	1.966432e-04	
4.575463e+01	2.089609e-04	
4.060990e+01	4.651769e-04	
3.376773e+01	1.103929e-04	
5.084820e+01	2.187547e-04	
4.587044e+01	3.205764e-05	
4.754940e+01	1.036369e-04	
4.590571e+01	3.843243e-06	
5.257678e+01	2.006903e-05	
4.416827e+01	5.071655e-05	
4.747957e+01	1.174613e-05	
4.918944e+01	2.187118e-05	
4.761551e+01	4.500521e-05	
4.933835e+01	4.541008e-05	
4.603764e+01	4.061804e-05	
4.592825e+01	1.596535e-05	
4.579026e+01	1.015723e-05	
4.572887e+01	1.459341e-06	
4.572327e+01	2.340380e-05	
4.405420e+01	5.487180e-06	
4.912304e+01	2.275190e-05	
4.077996e+01	4.236719e-05	
4.413433e+01	5.218583e-05	
4.752463e+01	2.087483e-05	
5.075914e+01	5.283164e-05	
4.406896e+01	3.330252e-05	
4.412984e+01	6.391284e-05	
4.583139e+01	5.607579e-05	
4.408314e+01	5.966546e-05	
4.407799e+01	2.448504e-05	
4.582500e+01	7.658849e-05	
4.242624e+01	1.089763e-04	
4.567593e+01	9.795860e-05	
4.048295e+01	1.262028e-04	
4.729503e+01	1.164914e-04	
4.741405e+01	1.256002e-04	
4.411198e+01	4.532825e-05	
4.744767e+01	2.360525e-05	
4.749627e+01	1.908480e-04	
4.585597e+01	3.288487e-04	
3.380995e+01	2.706982e-04	
3.888740e+01	2.857231e-04	
4.569640e+01	1.766041e-04	
4.580828e+01	4.850925e-05	
4.584227e+01	2.958999e-05	
4.592338e+01	1.388302e-05	
4.924443e+01	1.926184e-05	
4.414925e+01	5.933067e-05	
4.917450e+01	5.663928e-05	
4.580699e+01	2.200480e-05	
4.918495e+01	1.564438e-06	
5.254092e+01	7.509293e-05	
4.412819e+01	3.949156e-05	
4.910646e+01	1.754050e-06	
4.911506e+01	1.219426e-05	
4.735937e+01	7.585580e-06	
4.573192e+01	6.374914e-07	
4.747126e+01	1.096201e-05	
4.744806e+01	3.031129e-05	
4.581703e+01	5.512447e-05	
4.756473e+01	3.667506e-05	
4.589684e+01	3.605629e-05	
4.422048e+01	1.093728e-06	
4.404165e+01	6.469958e-05	
4.569989e+01	5.709818e-05	
4.400437e+01	5.146589e-05	
4.571539e+01	2.246004e-05	
4.404218e+01	1.355328e-05	
4.241836e+01	6.030915e-05	
4.572519e+01	8.733592e-05	
4.564700e+01	6.414882e-05	
4.234203e+01	9.723966e-05	
4.409799e+01	9.927402e-05	
4.591010e+01	1.417206e-04	
4.925091e+01	1.779041e-04	
4.586857e+01	3.218864e-05	
4.749339e+01	1.831882e-04	
4.245403e+01	1.598144e-04	
3.564198e+01	4.313190e-04	
3.195358e+01	4.568784e-05	
4.566328e+01	1.922906e-04	
4.572092e+01	1.012875e-04	
4.582524e+01	1.129842e-04	
4.751994e+01	7.506061e-05	
4.914944e+01	9.633665e-05	
4.582614e+01	9.328294e-05	
4.919230e+01	4.746561e-05	
4.419526e+01	3.389701e-05	
4.081158e+01	2.265518e-05	
4.739539e+01	2.115347e-05	
4.406446e+01	4.061425e-05	
4.739975e+01	6.844806e-05	
4.071269e+01	7.734555e-05	
4.915684e+01	4.993190e-05	
4.756030e+01	3.123934e-05	
4.248097e+01	4.450501e-05	
4.915180e+01	4.225944e-05	
4.747871e+01	5.489400e-06	
4.922494e+01	4.397904e-05	
4.594597e+01	1.992021e-05	
4.757825e+01	2.254110e-05	
4.913439e+01	8.703710e-06	
4.899587e+01	7.568888e-05	
4.736320e+01	3.564487e-05	
4.580325e+01	5.137228e-05	
4.576860e+01	4.918483e-05	
4.245643e+01	8.312737e-05	
4.235923e+01	7.517036e-05	
4.409222e+01	8.429035e-06	
4.415661e+01	7.020109e-05	
4.586130e+01	6.945920e-05	
4.596452e+01	7.408765e-05	
4.762536e+01	8.056200e-05	
4.929205e+01	8.270224e-05	
4.753769e+01	1.426314e-04	
4.743019e+01	2.087553e-04	
3.377293e+01	5.199817e-04	
3.208033e+01	3.762279e-04	
4.067940e+01	2.123400e-04	
4.406244e+01	7.029607e-06	
4.574907e+01	1.087066e-04	
4.575763e+01	1.281359e-04	
4.909721e+01	7.274823e-05	
4.405596e+01	9.313935e-05	
4.582236e+01	3.393430e-05	
4.588831e+01	3.573393e-05	
4.583767e+01	3.382016e-05	
4.741262e+01	2.320097e-05	
4.235163e+01	4.037330e-05	
4.402376e+01	6.666278e-05	
4.577956e+01	7.193221e-05	
4.587160e+01	2.777288e-06	
4.591439e+01	1.761062e-05	
4.584633e+01	5.693491e-05	
4.741461e+01	4.876086e-05	
4.403373e+01	1.804720e-05	
4.580216e+01	1.117996e-05	
4.257438e+01	5.612909e-05	
4.923617e+01	3.053532e-05	
4.413290e+01	2.565846e-05	
4.742774e+01	4.561986e-05	
4.241445e+01	3.626616e-05	
4.242161e+01	5.739286e-05	
4.412335e+01	5.182655e-05	
4.580832e+01	8.182169e-05	
4.409453e+01	1.753490e-05	
4.420023e+01	5.412064e-05	
4.253529e+01	7.100552e-05	
4.255196e+01	3.094336e-05	
4.591906e+01	6.364880e-05	
4.757770e+01	8.205105e-05	
4.258902e+01	3.574520e-05	
4.072235e+01	1.074881e-04	
4.909211e+01	2.375682e-04	
3.362076e+01	3.315342e-04	
3.030706e+01	3.165631e-04	
3.386155e+01	1.675611e-04	
3.219887e+01	2.399155e-05	
3.376158e+01	1.814922e-05	
3.556099e+01	8.016467e-05	
3.533987e+01	4.087846e-05	
3.720735e+01	6.223374e-05	
3.892197e+01	3.870543e-05	
3.727523e+01	4.391871e-05	
3.721378e+01	2.497822e-05	
3.883685e+01	1.932753e-05	
3.375457e+01	2.029716e-05	
3.891881e+01	4.898197e-05	
4.055887e+01	3.373943e-05	
3.716605e+01	1.221784e-05	
3.560803e+01	1.583302e-05	
3.898498e+01	2.871407e-05	
4.221697e+01	3.184616e-05	
3.363485e+01	9.895199e-06	
3.722205e+01	2.473967e-05	
4.074772e+01	5.522433e-05	
3.897993e+01	3.727567e-05	
3.718915e+01	1.690099e-05	
3.380988e+01	1.343264e-05	
3.554621e+01	1.650118e-05	
3.729559e+01	4.541173e-05	
4.058844e+01	4.174553e-05	
3.716930e+01	7.213955e-06	
3.545681e+01	6.940260e-06	
3.900951e+01	3.998418e-05	
3.380794e+01	3.656416e-05	
3.893120e+01	3.617079e-05	
4.062598e+01	5.962862e-05	
4.060136e+01	5.804189e-05	
3.726215e+01	4.165388e-05	
3.370612e+01	2.047181e-05	
3.883312e+01	2.862777e-05	
2.505077e+01	2.356763e-04	
