1.418896e+01	3.974598e-14	
2.128624e+01	4.063416e-14	
2.479230e+01	5.125678e-12	
2.644898e+01	2.253753e-13	
2.643988e+01	3.748113e-12	
2.479630e+01	3.741452e-12	
2.483032e+01	2.855383e-12	
2.655822e+01	9.972023e-13	
3.153997e+01	5.630940e-12	
2.487068e+01	9.323653e-13	
2.823071e+01	4.795053e-13	
2.655963e+01	5.333511e-13	
2.486399e+01	3.618483e-11	
2.483575e+01	2.009504e-13	
2.477975e+01	1.505462e-12	
2.640942e+01	2.643108e-12	
2.813190e+01	4.782996e-11	
2.822529e+01	8.982814e-13	
2.653973e+01	1.861622e-12	
2.648303e+01	1.876976e-11	
2.646442e+01	1.228573e-12	
2.645429e+01	4.015055e-11	
2.650088e+01	5.427214e-12	
2.489886e+01	9.698908e-13	
2.831927e+01	7.901346e-12	
2.664272e+01	2.172040e-12	
2.651322e+01	2.095213e-12	
2.310260e+01	1.445510e-13	
2.475747e+01	3.137157e-12	
2.651305e+01	4.523315e-11	
2.995904e+01	2.802203e-13	
2.832513e+01	1.399392e-11	
3.167212e+01	1.482592e-12	
2.658988e+01	2.093437e-12	
2.651395e+01	1.880718e-13	
2.476264e+01	5.055290e-12	
2.474266e+01	3.153033e-14	
2.481032e+01	3.179679e-13	
2.306412e+01	4.585221e-14	
1.596290e+01	3.168577e-13	
1.420001e+01	4.023670e-12	
1.790841e+01	2.058586e-12	
2.639743e+01	1.403062e-13	
2.813110e+01	2.959696e-13	
2.315293e+01	9.962059e-14	
2.485110e+01	1.841908e-13	
2.817695e+01	7.094603e-14	
2.815190e+01	1.748737e-14	
2.982731e+01	5.118997e-15	
2.316567e+01	8.444734e-16	
2.655831e+01	1.166095e-15	
2.485420e+01	2.716817e-15	
2.479365e+01	1.364814e-15	
2.487157e+01	6.164347e-15	
2.827219e+01	1.555734e-16	
2.655535e+01	2.406029e-15	
2.656986e+01	1.464254e-16	
2.655919e+01	1.148595e-15	
2.491582e+01	4.251739e-16	
2.664651e+01	0	
2.325981e+01	8.448876e-16	
2.654567e+01	8.503478e-16	
2.653862e+01	1.435743e-16	
2.649273e+01	4.392763e-16	
2.648766e+01	3.007537e-15	
2.318596e+01	6.222934e-16	
2.656773e+01	9.733180e-16	
2.820025e+01	1.194213e-15	
2.649855e+01	2.897938e-15	
2.489459e+01	2.915237e-15	
2.828877e+01	0	
2.495969e+01	1.279749e-15	
2.823096e+01	7.830163e-16	
2.651872e+01	7.483759e-16	
2.646431e+01	8.838330e-16	
2.310378e+01	3.480195e-15	
2.487143e+01	1.866732e-14	
2.993606e+01	1.797087e-13	
2.138082e+01	5.967230e-13	
1.759288e+01	9.645729e-12	
2.133829e+01	7.549517e-15	
2.661263e+01	1.296296e-12	
2.663531e+01	3.959499e-12	
2.821439e+01	4.070078e-13	
2.647118e+01	2.024048e-12	
2.820621e+01	2.288991e-11	
2.989067e+01	1.454392e-13	
2.825114e+01	1.112554e-12	
2.320651e+01	2.127742e-12	
2.484543e+01	2.062628e-11	
2.821369e+01	1.243450e-13	
2.662157e+01	7.992496e-13	
2.330442e+01	7.184142e-12	
2.660530e+01	1.820766e-13	
2.485731e+01	3.447997e-11	
2.816941e+01	1.555100e-11	
2.484290e+01	1.623701e-11	
2.482395e+01	1.291278e-11	
2.650442e+01	1.283484e-10	
2.818780e+01	3.509415e-12	
2.821921e+01	2.580824e-11	
2.478059e+01	1.771250e-12	
2.301407e+01	2.150754e-10	
2.300096e+01	1.548384e-11	
2.634633e+01	3.757217e-11	
2.466978e+01	1.681222e-11	
2.645230e+01	2.462741e-11	
2.654669e+01	1.562077e-10	
2.656883e+01	4.458323e-12	
2.653877e+01	2.506650e-11	
2.646385e+01	1.113574e-10	
2.641525e+01	8.450796e-12	
2.971647e+01	1.262517e-10	
2.641545e+01	4.710754e-11	
2.488206e+01	3.936595e-11	
2.320472e+01	6.618261e-11	
2.651174e+01	3.467227e-11	
2.127367e+01	7.938650e-12	
2.312287e+01	2.127187e-13	
2.665966e+01	9.325873e-15	
2.662309e+01	3.719247e-14	
2.317425e+01	2.182032e-12	
2.813290e+01	9.303669e-14	
2.483296e+01	1.096723e-11	
2.657729e+01	3.690381e-13	
2.656494e+01	8.142598e-12	
2.814348e+01	1.461387e-12	
2.477729e+01	2.512657e-12	
2.645854e+01	2.041922e-12	
2.822554e+01	1.226468e-10	
2.654780e+01	8.258505e-12	
2.474671e+01	4.996004e-12	
2.467094e+01	1.213984e-11	
2.306374e+01	3.199663e-12	
2.648606e+01	1.387779e-12	
2.649453e+01	1.523115e-12	
2.481926e+01	1.230523e-10	
2.479194e+01	4.469758e-13	
2.475272e+01	9.796608e-13	
2.810383e+01	1.098011e-12	
2.648251e+01	1.280431e-11	
2.648340e+01	2.755773e-11	
2.644910e+01	3.670231e-11	
2.480549e+01	1.061373e-11	
2.482942e+01	9.241719e-12	
2.653277e+01	6.379475e-11	
2.989995e+01	6.823653e-12	
2.822574e+01	1.194504e-10	
2.487057e+01	1.971867e-12	
2.818499e+01	3.171019e-11	
2.317628e+01	5.297551e-11	
2.649817e+01	2.790546e-12	
2.478744e+01	4.034661e-12	
2.644840e+01	7.076562e-12	
2.818185e+01	6.097345e-13	
2.136927e+01	2.126077e-12	
3.206882e+01	6.734928e-06	
3.719500e+01	1.328572e-05	
3.187637e+01	1.678202e-05	
4.228363e+01	2.572582e-05	
4.063607e+01	5.616050e-05	
3.742392e+01	8.063914e-05	
4.070075e+01	5.026543e-05	
3.890965e+01	6.232071e-05	
3.202240e+01	3.719334e-05	
4.064627e+01	1.576518e-04	
3.542712e+01	8.022789e-05	
3.541560e+01	6.505495e-06	
4.069707e+01	3.883975e-05	
4.231830e+01	1.418883e-04	
4.402780e+01	7.086520e-05	
4.064485e+01	9.054972e-05	
3.737439e+01	9.062745e-05	
4.409249e+01	1.044278e-04	
3.877479e+01	1.429754e-04	
3.894231e+01	1.090784e-04	
3.728729e+01	7.671181e-05	
3.552555e+01	2.047126e-05	
3.726369e+01	1.184900e-04	
3.390740e+01	2.940357e-05	
3.722935e+01	2.191149e-05	
3.542205e+01	1.347874e-04	
3.364281e+01	8.274008e-05	
4.396646e+01	2.913844e-04	
3.889061e+01	1.614466e-04	
3.561231e+01	5.595251e-05	
3.720444e+01	6.152244e-05	
3.902152e+01	1.568055e-05	
4.072554e+01	2.371456e-05	
3.894395e+01	4.250997e-05	
3.699059e+01	1.432374e-05	
4.051949e+01	2.304421e-05	
3.200624e+01	2.764067e-06	
2.681847e+01	6.293200e-06	
3.722003e+01	3.164221e-05	
4.241842e+01	5.465500e-05	
4.227561e+01	4.586009e-06	
4.234953e+01	2.577848e-06	
4.749303e+01	7.331994e-05	
4.593332e+01	7.392497e-05	
4.765754e+01	1.445730e-04	
4.415486e+01	6.098434e-05	
4.408076e+01	8.070523e-05	
4.574663e+01	1.036207e-04	
4.408909e+01	6.753432e-05	
4.418080e+01	5.014902e-05	
4.417378e+01	1.223371e-04	
4.589464e+01	9.177762e-05	
4.922573e+01	8.457257e-05	
4.265640e+01	9.438923e-05	
4.435301e+01	7.874064e-05	
4.420438e+01	3.794054e-05	
4.580262e+01	7.798751e-05	
4.409867e+01	1.590177e-04	
4.074823e+01	1.929136e-04	
4.233249e+01	1.734036e-04	
4.068524e+01	9.597769e-05	
4.237017e+01	3.366293e-05	
4.229892e+01	2.591803e-05	
4.395057e+01	1.029554e-04	
4.398395e+01	2.668102e-04	
4.415388e+01	2.633474e-04	
4.584027e+01	1.199068e-04	
4.414228e+01	4.618892e-06	
4.578561e+01	6.868428e-06	
4.417134e+01	1.035580e-05	
4.584971e+01	8.084181e-05	
4.079328e+01	3.894244e-06	
4.746260e+01	8.205664e-05	
4.736945e+01	6.516499e-06	
4.068495e+01	1.039626e-04	
4.068073e+01	9.888331e-05	
3.375026e+01	8.911257e-07	
4.412363e+01	3.523579e-05	
5.080858e+01	1.459761e-05	
4.569407e+01	3.581182e-05	
4.757194e+01	1.990269e-05	
4.258463e+01	3.848138e-05	
4.604270e+01	6.065247e-05	
5.430296e+01	1.209200e-04	
4.738586e+01	4.139666e-05	
4.395334e+01	1.555222e-05	
4.579312e+01	6.688544e-05	
4.919072e+01	3.229097e-05	
4.763667e+01	8.801360e-05	
4.754860e+01	7.471636e-05	
4.753512e+01	1.080402e-04	
4.591519e+01	1.185641e-04	
4.597361e+01	7.264606e-05	
4.583568e+01	1.624426e-04	
4.402406e+01	6.277830e-06	
4.742558e+01	2.409040e-05	
4.071799e+01	6.543441e-06	
4.740744e+01	6.814522e-05	
4.897399e+01	3.334385e-05	
4.057875e+01	4.640304e-05	
4.557451e+01	2.937647e-05	
4.388898e+01	3.667032e-05	
5.084274e+01	1.300304e-04	
4.756852e+01	1.845035e-05	
4.253891e+01	1.234605e-05	
4.748580e+01	8.376166e-05	
4.734446e+01	2.019107e-05	
5.230404e+01	4.107083e-05	
4.908153e+01	1.386168e-05	
4.420787e+01	1.677770e-06	
4.754357e+01	9.480439e-06	
4.743195e+01	2.233478e-05	
4.405378e+01	1.276802e-04	
3.546338e+01	7.676331e-05	
3.882210e+01	2.858341e-05	
4.745318e+01	4.496677e-05	
4.579617e+01	1.254051e-05	
5.079461e+01	2.289394e-05	
5.090341e+01	2.264798e-05	
4.597846e+01	4.388776e-05	
4.773119e+01	8.604790e-06	
4.424153e+01	2.270252e-05	
4.913246e+01	2.690675e-05	
4.560394e+01	8.258402e-05	
4.394932e+01	2.698252e-05	
4.409509e+01	7.150993e-05	
4.423802e+01	8.857174e-05	
4.924056e+01	2.453659e-05	
4.575883e+01	8.022250e-05	
5.084839e+01	8.434905e-05	
4.750605e+01	3.922360e-05	
4.744863e+01	4.812551e-05	
5.070052e+01	2.785694e-05	
4.572838e+01	1.500166e-04	
4.412101e+01	1.601021e-04	
4.743190e+01	6.633748e-05	
4.569798e+01	6.614210e-05	
4.235875e+01	2.955339e-05	
4.726120e+01	4.004947e-05	
4.718937e+01	3.272656e-06	
5.090896e+01	1.255112e-04	
4.763320e+01	4.661818e-05	
4.932012e+01	8.230942e-05	
4.756187e+01	1.096060e-04	
5.075066e+01	1.506009e-04	
4.743134e+01	1.698329e-04	
5.077881e+01	1.096325e-04	
4.087277e+01	1.099079e-04	
4.421384e+01	1.244615e-04	
4.750103e+01	1.075595e-04	
4.399939e+01	2.168034e-04	
3.702994e+01	9.278085e-05	
4.404242e+01	5.587389e-05	
4.756410e+01	1.468467e-05	
4.916883e+01	1.784288e-05	
5.085685e+01	3.753170e-05	
4.912778e+01	1.049413e-05	
4.764129e+01	6.597449e-05	
4.941640e+01	3.405227e-08	
4.264478e+01	5.491941e-05	
4.403120e+01	4.319221e-05	
4.723760e+01	9.081788e-05	
4.228774e+01	3.212024e-05	
4.745611e+01	3.003986e-06	
4.582567e+01	2.119641e-05	
4.745956e+01	9.101669e-05	
4.740365e+01	8.961314e-05	
4.749026e+01	7.332601e-05	
4.933442e+01	8.660991e-05	
4.757114e+01	1.374362e-04	
4.579510e+01	8.342470e-05	
4.580163e+01	1.415069e-04	
4.246521e+01	9.767082e-05	
4.584302e+01	3.910862e-05	
4.585359e+01	2.245173e-05	
4.577949e+01	5.231090e-05	
4.574576e+01	6.307061e-05	
4.414873e+01	5.620450e-05	
4.426909e+01	8.816112e-05	
4.774743e+01	1.355768e-04	
4.430047e+01	1.140779e-04	
4.928768e+01	1.393053e-04	
4.252248e+01	1.757893e-04	
4.431166e+01	1.875929e-04	
5.272805e+01	1.729063e-04	
5.267490e+01	1.172513e-04	
4.416595e+01	1.912156e-04	
4.411081e+01	1.841968e-04	
4.238271e+01	2.544756e-04	
4.232178e+01	2.136709e-04	
3.553184e+01	1.014239e-05	
4.937941e+01	2.257855e-05	
4.602450e+01	4.926906e-05	
4.757932e+01	3.419511e-05	
4.581531e+01	6.969103e-05	
4.915833e+01	1.126000e-05	
4.761288e+01	1.073950e-04	
4.592207e+01	1.884408e-05	
4.409556e+01	7.113033e-05	
4.553680e+01	2.327302e-05	
4.554642e+01	3.930597e-05	
4.744016e+01	1.057302e-04	
4.750461e+01	9.549834e-05	
4.921018e+01	6.003006e-05	
4.923133e+01	3.991033e-05	
4.760815e+01	7.724809e-05	
4.770823e+01	9.257400e-05	
4.764626e+01	1.043257e-04	
4.752379e+01	1.028345e-04	
4.914935e+01	1.140820e-04	
4.409336e+01	1.019700e-04	
4.755574e+01	3.208569e-05	
4.421186e+01	7.447498e-05	
4.589013e+01	5.734821e-05	
4.415403e+01	3.609685e-05	
4.589465e+01	6.101668e-05	
4.933056e+01	6.079623e-05	
4.940265e+01	1.006944e-04	
5.270654e+01	8.521424e-05	
4.248582e+01	6.890544e-05	
4.761603e+01	1.336424e-04	
4.767350e+01	1.724306e-04	
4.263068e+01	1.691309e-04	
4.930383e+01	1.692916e-04	
4.574879e+01	1.438579e-04	
4.742039e+01	1.737810e-04	
4.407189e+01	2.707528e-04	
3.905913e+01	2.089228e-04	
4.241541e+01	1.752648e-04	
4.602285e+01	6.060108e-05	
4.770345e+01	5.823655e-05	
4.763197e+01	4.037139e-05	
4.746140e+01	5.338244e-05	
4.584928e+01	1.798361e-05	
4.752521e+01	2.734320e-05	
4.579850e+01	3.410837e-06	
5.243933e+01	5.395611e-05	
4.392459e+01	5.577719e-05	
4.394072e+01	5.112097e-05	
4.238713e+01	7.987830e-05	
4.588253e+01	5.382988e-05	
4.086085e+01	2.859811e-05	
4.931093e+01	2.528471e-05	
4.598746e+01	3.178897e-05	
4.935439e+01	3.014790e-05	
4.759730e+01	3.043522e-05	
4.754783e+01	2.051933e-05	
4.906025e+01	1.336816e-04	
5.079247e+01	9.301794e-05	
4.917498e+01	1.126800e-04	
5.087054e+01	1.006398e-04	
4.587877e+01	4.927612e-05	
4.579090e+01	3.500940e-05	
4.919269e+01	6.846162e-05	
4.769428e+01	8.053442e-05	
4.761413e+01	7.611471e-05	
4.571666e+01	6.834378e-05	
4.739333e+01	1.539665e-04	
4.576163e+01	1.441778e-04	
4.930787e+01	1.370980e-04	
4.765340e+01	1.550465e-04	
4.748299e+01	1.634945e-04	
4.735143e+01	9.022456e-05	
4.564825e+01	2.450835e-04	
4.248970e+01	1.893815e-04	
3.571598e+01	1.735440e-04	
4.417013e+01	1.748656e-04	
4.600563e+01	7.115431e-05	
4.931226e+01	1.106140e-05	
4.918708e+01	3.684644e-05	
4.903722e+01	2.349898e-05	
4.899811e+01	4.105090e-05	
4.240059e+01	5.128922e-05	
5.084334e+01	5.387268e-05	
4.580291e+01	4.787246e-05	
4.586969e+01	4.124272e-05	
4.746260e+01	7.771236e-05	
4.749694e+01	3.256659e-05	
4.586214e+01	9.260061e-05	
4.411083e+01	7.606490e-05	
4.742659e+01	2.056093e-06	
5.250756e+01	4.234416e-05	
4.586320e+01	5.681618e-05	
5.084354e+01	8.755099e-05	
4.739938e+01	8.581161e-05	
4.573745e+01	6.575046e-05	
4.248387e+01	1.529454e-04	
4.580439e+01	1.261820e-04	
4.421580e+01	9.817270e-05	
4.754551e+01	1.339719e-04	
4.741109e+01	6.285638e-05	
4.909347e+01	7.552218e-05	
4.769995e+01	1.128683e-04	
4.257964e+01	1.207469e-04	
4.237015e+01	1.311110e-04	
5.058392e+01	1.841795e-04	
4.567507e+01	1.791599e-04	
4.911025e+01	2.241933e-04	
4.749883e+01	1.832600e-04	
3.896969e+01	1.562173e-04	
4.389813e+01	8.322199e-05	
4.567243e+01	1.641154e-04	
4.580765e+01	1.848436e-04	
3.726227e+01	5.428334e-05	
3.536763e+01	9.613351e-05	
4.405941e+01	2.605916e-04	
4.573144e+01	1.493059e-04	
4.571645e+01	1.083916e-04	
4.403394e+01	1.215265e-04	
4.907564e+01	9.039824e-05	
4.574790e+01	1.079808e-04	
4.745532e+01	3.452812e-05	
4.765256e+01	5.162879e-05	
4.928167e+01	1.013623e-06	
4.922366e+01	6.149921e-05	
4.750284e+01	1.665371e-05	
4.573025e+01	7.019985e-05	
4.229282e+01	7.448048e-05	
5.075734e+01	2.226010e-05	
4.240713e+01	1.104687e-05	
4.913171e+01	5.979129e-05	
5.075844e+01	6.215930e-05	
4.913132e+01	8.216955e-05	
4.578130e+01	7.013600e-05	
4.073094e+01	8.833930e-05	
5.087157e+01	1.085829e-04	
4.755145e+01	1.518015e-04	
4.414708e+01	5.899353e-05	
5.243532e+01	8.640151e-05	
4.578114e+01	9.232812e-05	
4.751093e+01	1.615805e-04	
4.587266e+01	1.450594e-04	
4.409848e+01	1.366516e-04	
4.735136e+01	1.273666e-04	
4.405249e+01	1.667450e-04	
4.406521e+01	1.364910e-04	
4.741418e+01	1.897347e-04	
4.736331e+01	1.714696e-04	
4.570787e+01	7.542533e-05	
4.404676e+01	1.643051e-04	
4.405964e+01	2.186247e-04	
3.720445e+01	8.033621e-05	
3.534584e+01	1.952889e-04	
4.224420e+01	1.172467e-04	
4.566081e+01	1.891952e-04	
4.572976e+01	1.540726e-05	
4.413412e+01	4.760854e-05	
4.247061e+01	2.666930e-05	
4.575488e+01	1.406780e-05	
4.927991e+01	7.182901e-05	
4.430538e+01	5.343594e-05	
4.935041e+01	4.729441e-06	
4.934734e+01	1.986500e-05	
4.243176e+01	6.608021e-05	
4.905782e+01	7.108055e-05	
4.394475e+01	1.612659e-04	
4.236803e+01	5.788724e-05	
4.249640e+01	8.273869e-05	
4.754326e+01	1.055678e-04	
4.420885e+01	9.335949e-05	
4.745267e+01	8.318860e-05	
4.581403e+01	8.417056e-05	
4.576846e+01	7.543697e-05	
4.745456e+01	1.308511e-04	
4.585363e+01	1.318105e-04	
4.421776e+01	8.003645e-05	
4.421027e+01	7.198415e-05	
4.413602e+01	7.502413e-05	
4.582726e+01	8.853146e-05	
4.912342e+01	9.348253e-05	
4.570851e+01	1.262019e-04	
4.749357e+01	9.959129e-05	
4.255596e+01	1.158245e-04	
3.902068e+01	1.166094e-04	
4.407035e+01	1.280229e-04	
4.572720e+01	1.079950e-04	
4.744634e+01	4.171954e-05	
4.584477e+01	1.261245e-04	
4.915572e+01	2.785177e-04	
4.062528e+01	2.110020e-04	
4.046833e+01	1.472101e-04	
4.222909e+01	1.606686e-04	
4.217201e+01	1.827558e-05	
4.742878e+01	4.615832e-05	
4.418680e+01	2.638611e-05	
4.583010e+01	3.340079e-06	
4.569596e+01	4.756676e-06	
5.071580e+01	3.617876e-05	
4.252249e+01	5.903103e-05	
4.427770e+01	5.973347e-05	
4.766978e+01	6.596674e-05	
5.078764e+01	4.813970e-05	
5.070331e+01	5.951329e-05	
4.554190e+01	1.036925e-04	
4.738380e+01	6.809087e-05	
4.252937e+01	8.944882e-05	
4.923843e+01	9.013212e-05	
5.092499e+01	1.380172e-05	
4.755650e+01	4.149230e-05	
4.917388e+01	5.356803e-05	
4.067293e+01	6.882402e-05	
4.909729e+01	1.120464e-04	
4.583477e+01	1.166514e-04	
4.591662e+01	8.792782e-05	
5.257423e+01	1.074170e-04	
4.585158e+01	1.265720e-04	
5.245969e+01	1.027448e-04	
4.404226e+01	9.686906e-05	
4.572564e+01	1.242940e-04	
4.411131e+01	1.390585e-04	
4.256660e+01	1.269161e-04	
5.085587e+01	1.348633e-04	
4.900996e+01	1.272081e-04	
4.233711e+01	1.111689e-04	
4.247789e+01	1.570489e-04	
4.761662e+01	2.103957e-04	
4.595257e+01	2.221831e-04	
4.250219e+01	1.377570e-04	
3.209804e+01	1.651003e-04	
4.232166e+01	2.297138e-04	
4.562740e+01	2.080414e-05	
4.236254e+01	8.916857e-05	
4.581845e+01	5.737384e-05	
4.413189e+01	5.342980e-05	
4.732505e+01	2.796442e-05	
4.392247e+01	5.296233e-05	
4.417517e+01	3.621667e-05	
4.924748e+01	2.957200e-05	
4.749100e+01	3.777620e-05	
4.416026e+01	1.010834e-04	
4.746442e+01	1.023418e-04	
4.237379e+01	8.409496e-05	
4.738000e+01	8.871444e-05	
4.913140e+01	1.223287e-04	
4.413425e+01	6.804647e-05	
4.756874e+01	4.987358e-05	
5.094253e+01	5.047457e-05	
4.419359e+01	3.314490e-05	
5.068080e+01	9.470129e-05	
4.740876e+01	1.093548e-04	
4.593062e+01	8.777132e-05	
4.766129e+01	1.498124e-04	
4.433124e+01	1.369062e-04	
5.264221e+01	1.673862e-04	
4.423587e+01	1.364045e-04	
4.579139e+01	1.074312e-04	
4.234461e+01	1.522137e-04	
4.571412e+01	1.658655e-04	
4.585408e+01	1.554463e-04	
4.242018e+01	1.350790e-04	
4.734846e+01	1.321364e-04	
4.734216e+01	1.601464e-04	
5.091782e+01	1.512723e-04	
4.603344e+01	6.518235e-05	
4.435527e+01	1.692729e-04	
3.554005e+01	9.876367e-05	
3.207063e+01	1.380402e-04	
4.240969e+01	1.920520e-04	
4.398538e+01	1.103125e-05	
4.411446e+01	8.116484e-05	
4.074874e+01	6.009638e-05	
5.076610e+01	5.553275e-05	
4.562974e+01	5.175077e-05	
4.387726e+01	5.235234e-05	
4.899204e+01	1.934984e-05	
4.911136e+01	9.023275e-05	
5.086121e+01	9.876171e-05	
4.589414e+01	8.962790e-05	
4.595844e+01	1.371148e-04	
4.925190e+01	1.323714e-04	
4.235133e+01	7.231935e-05	
4.904355e+01	1.111501e-04	
4.910826e+01	9.599596e-05	
4.755846e+01	9.896914e-05	
4.947027e+01	4.251056e-05	
4.427617e+01	3.847090e-05	
4.581123e+01	8.666990e-05	
4.754300e+01	8.683394e-05	
4.255198e+01	1.072549e-04	
4.767194e+01	1.060499e-04	
4.935395e+01	7.953559e-05	
4.937922e+01	1.185866e-04	
4.763499e+01	1.451290e-04	
4.580413e+01	8.619646e-05	
4.910334e+01	7.348263e-05	
4.407761e+01	2.040982e-04	
4.916197e+01	1.645583e-04	
4.586413e+01	1.129056e-04	
4.746974e+01	1.527466e-04	
4.752364e+01	1.153619e-04	
4.755883e+01	9.887441e-05	
5.107815e+01	2.567148e-05	
4.599812e+01	7.725693e-05	
3.904957e+01	2.991445e-04	
3.719775e+01	2.263933e-04	
4.240955e+01	1.729970e-04	
4.233675e+01	1.131903e-04	
4.411637e+01	1.003708e-04	
4.582623e+01	1.505650e-04	
4.577284e+01	1.255724e-04	
4.573989e+01	1.613756e-05	
4.398379e+01	1.033359e-05	
4.581244e+01	5.503705e-05	
4.582741e+01	1.605809e-05	
4.765579e+01	1.083880e-04	
4.262838e+01	8.515613e-05	
4.428883e+01	1.468773e-04	
4.756204e+01	1.427228e-04	
4.573508e+01	2.548431e-05	
4.572096e+01	5.629090e-05	
4.407698e+01	5.847143e-05	
5.085602e+01	6.569450e-05	
4.943218e+01	5.755612e-05	
4.940971e+01	7.145326e-05	
4.939870e+01	2.127906e-06	
4.590520e+01	1.099137e-04	
4.756254e+01	1.015060e-04	
4.931103e+01	2.003016e-05	
4.765512e+01	5.436051e-05	
4.763668e+01	1.007020e-04	
4.763059e+01	1.357670e-04	
4.591832e+01	1.354415e-04	
4.754880e+01	8.837401e-05	
4.240067e+01	1.808958e-04	
4.583173e+01	1.245617e-04	
4.419544e+01	1.058214e-04	
5.083706e+01	1.219081e-04	
4.753690e+01	1.500187e-04	
4.927944e+01	1.218430e-04	
4.592490e+01	2.042522e-04	
5.097069e+01	1.693525e-04	
3.707204e+01	3.195481e-05	
3.544578e+01	1.656259e-04	
4.738820e+01	1.752793e-04	
4.577003e+01	1.970320e-05	
4.579564e+01	9.684195e-05	
4.414726e+01	1.460553e-04	
4.245185e+01	9.824178e-05	
4.251800e+01	2.503809e-06	
4.086165e+01	1.855488e-05	
5.095330e+01	1.729921e-05	
4.422809e+01	2.253158e-05	
4.764148e+01	1.148003e-04	
4.925522e+01	1.067944e-04	
4.907882e+01	6.436009e-05	
4.737014e+01	3.298447e-05	
4.908734e+01	8.986971e-05	
4.073600e+01	6.700261e-05	
5.069331e+01	9.044960e-05	
4.914364e+01	8.912540e-05	
4.928270e+01	6.392440e-05	
4.777605e+01	3.255119e-05	
4.434247e+01	2.020449e-05	
4.408341e+01	1.027876e-04	
4.743964e+01	1.053385e-04	
5.255952e+01	6.126977e-05	
4.591154e+01	6.927220e-05	
5.088797e+01	1.417942e-04	
5.258852e+01	1.573265e-04	
4.417729e+01	7.169766e-05	
4.584813e+01	7.804255e-05	
4.915708e+01	9.764672e-05	
4.741453e+01	1.835735e-04	
4.912067e+01	1.166951e-04	
4.744458e+01	1.149484e-04	
4.755104e+01	1.221036e-04	
4.766929e+01	1.447349e-04	
4.929522e+01	2.696840e-04	
4.744978e+01	2.077002e-04	
3.873974e+01	5.898547e-05	
4.060645e+01	2.547656e-04	
4.745785e+01	1.447476e-04	
4.244427e+01	6.654644e-05	
4.587977e+01	2.025993e-05	
5.086999e+01	4.576353e-05	
4.744419e+01	6.290685e-05	
4.751491e+01	2.343021e-07	
4.925155e+01	8.497070e-06	
4.930066e+01	1.699068e-05	
5.262992e+01	3.031729e-05	
4.413135e+01	1.627588e-05	
4.559635e+01	3.193728e-05	
4.561969e+01	7.988160e-05	
4.569574e+01	4.603903e-05	
4.416151e+01	4.163183e-06	
4.580215e+01	4.815059e-05	
5.082892e+01	2.469703e-05	
5.237460e+01	9.602130e-05	
4.751395e+01	3.212111e-05	
4.424467e+01	4.909561e-05	
4.928421e+01	5.683778e-05	
4.232093e+01	3.795805e-05	
5.070821e+01	6.630073e-05	
4.418243e+01	5.833066e-05	
4.756420e+01	7.422887e-05	
4.415589e+01	8.233967e-05	
4.909733e+01	1.152274e-04	
4.412449e+01	1.400226e-04	
4.583563e+01	5.745659e-05	
4.409213e+01	1.226040e-04	
4.572319e+01	9.307250e-05	
4.583018e+01	9.496730e-05	
5.253662e+01	1.011912e-04	
5.096421e+01	1.216800e-04	
4.768510e+01	1.178001e-04	
4.427590e+01	1.382949e-04	
4.755201e+01	2.517464e-04	
4.230458e+01	2.626802e-04	
3.709659e+01	2.355001e-04	
4.405531e+01	2.119394e-04	
4.247272e+01	7.193490e-05	
4.926622e+01	6.315188e-05	
4.585509e+01	5.551387e-05	
4.921551e+01	6.195515e-05	
4.910917e+01	1.154267e-04	
4.243847e+01	9.269891e-05	
4.586020e+01	5.195201e-05	
4.416747e+01	7.854493e-06	
4.912538e+01	4.370497e-05	
4.555803e+01	7.918806e-05	
4.224224e+01	5.646750e-05	
4.746460e+01	4.040474e-05	
4.759928e+01	1.992309e-05	
4.766874e+01	3.414047e-05	
4.580160e+01	6.366054e-05	
4.572837e+01	3.161590e-05	
4.746929e+01	2.953242e-05	
4.747329e+01	8.937230e-05	
4.912494e+01	7.283723e-05	
4.901447e+01	5.460706e-05	
5.247540e+01	5.985974e-05	
4.250804e+01	6.709196e-05	
4.762191e+01	8.799834e-05	
4.583908e+01	9.863979e-05	
4.569013e+01	9.378941e-05	
4.073822e+01	1.491419e-04	
4.567774e+01	1.146016e-04	
4.914262e+01	1.308262e-04	
4.920357e+01	1.161634e-04	
4.754418e+01	9.467753e-05	
5.090233e+01	1.731064e-04	
4.922595e+01	1.231687e-04	
4.931988e+01	1.669857e-04	
4.595049e+01	1.466960e-04	
4.251810e+01	1.557511e-04	
3.566434e+01	8.282157e-05	
3.542576e+01	2.928258e-04	
4.903789e+01	1.587506e-04	
4.741936e+01	1.682253e-05	
4.426680e+01	5.190511e-05	
4.601955e+01	8.188711e-06	
4.762978e+01	1.979696e-05	
4.919090e+01	6.820400e-05	
4.906248e+01	1.681092e-05	
4.913750e+01	2.347745e-05	
4.756036e+01	1.799874e-05	
4.409460e+01	3.091344e-05	
4.911883e+01	3.658537e-05	
4.408299e+01	5.949222e-05	
4.256467e+01	2.171816e-05	
4.258560e+01	4.494842e-05	
4.759663e+01	6.362439e-05	
5.089160e+01	6.942978e-05	
4.243725e+01	2.261762e-05	
4.579350e+01	5.701423e-05	
4.580400e+01	3.434059e-05	
4.412931e+01	8.893015e-05	
4.750138e+01	7.110726e-05	
4.927549e+01	9.691498e-05	
4.765855e+01	9.218840e-05	
4.764942e+01	7.458765e-05	
4.418122e+01	8.615973e-05	
4.394703e+01	9.063264e-05	
4.227603e+01	7.221271e-05	
4.737707e+01	6.857421e-05	
4.918467e+01	9.338630e-05	
4.924735e+01	8.244841e-05	
4.758851e+01	7.931727e-05	
5.091397e+01	1.042938e-04	
4.420087e+01	1.855540e-04	
4.582400e+01	1.443418e-04	
5.087813e+01	1.165421e-06	
4.747484e+01	8.614633e-05	
3.731660e+01	3.710581e-05	
3.529355e+01	8.151937e-05	
4.396895e+01	6.829488e-05	
4.752047e+01	1.776902e-04	
5.262836e+01	1.496210e-04	
4.601838e+01	5.235252e-05	
4.260694e+01	7.890041e-06	
4.248879e+01	2.429903e-05	
4.905177e+01	6.017844e-05	
4.745138e+01	4.242713e-05	
4.430222e+01	2.185373e-06	
4.594380e+01	6.181743e-07	
4.246722e+01	3.537197e-05	
4.246282e+01	3.184168e-05	
5.103487e+01	2.451157e-05	
4.771893e+01	2.289480e-05	
4.751305e+01	1.639300e-05	
4.741036e+01	1.201729e-05	
4.576576e+01	6.048931e-06	
4.579957e+01	7.561650e-06	
5.084561e+01	1.087793e-05	
4.415739e+01	6.824287e-05	
4.584635e+01	4.565997e-05	
4.590869e+01	4.777596e-05	
4.763720e+01	8.760241e-05	
5.092492e+01	9.515327e-05	
4.401878e+01	7.100342e-05	
5.068372e+01	3.989810e-05	
4.565754e+01	6.696233e-05	
4.902220e+01	8.879737e-05	
4.594370e+01	1.620693e-04	
4.767172e+01	1.700555e-04	
4.427337e+01	1.285961e-04	
4.756356e+01	1.170683e-04	
4.739983e+01	1.448933e-04	
4.907709e+01	1.078023e-04	
4.575769e+01	1.482757e-04	
4.744587e+01	2.328289e-04	
3.544172e+01	5.877585e-05	
4.063021e+01	2.615777e-04	
4.419476e+01	7.675692e-05	
4.421605e+01	2.153373e-05	
5.097203e+01	8.995717e-05	
4.933160e+01	9.806046e-06	
4.594459e+01	1.912006e-05	
4.573935e+01	3.599838e-06	
5.073692e+01	3.191040e-05	
4.248503e+01	4.196526e-05	
4.587640e+01	5.676783e-05	
4.583454e+01	4.369659e-05	
4.575943e+01	5.539615e-05	
4.915436e+01	4.179796e-06	
4.419765e+01	3.278803e-06	
4.766064e+01	3.482758e-05	
4.589782e+01	2.152779e-05	
4.915156e+01	5.200088e-05	
4.571835e+01	6.082883e-05	
4.572842e+01	2.924135e-05	
4.575434e+01	3.163917e-06	
4.747955e+01	4.961883e-05	
4.926875e+01	4.243083e-05	
4.930637e+01	5.689720e-05	
4.586148e+01	1.044773e-04	
4.752912e+01	1.153587e-04	
4.913234e+01	8.913600e-05	
4.243586e+01	7.626716e-05	
4.572679e+01	1.557179e-04	
4.238679e+01	1.253407e-04	
4.579360e+01	1.282611e-04	
4.765854e+01	1.765647e-04	
4.755145e+01	8.507364e-05	
5.084823e+01	6.255528e-05	
4.575763e+01	1.539790e-04	
4.740513e+01	1.242094e-04	
4.412885e+01	4.135240e-05	
4.581447e+01	2.962614e-04	
3.901495e+01	2.424183e-04	
3.887212e+01	2.431784e-04	
4.758909e+01	5.616416e-05	
4.596127e+01	7.825262e-06	
3.742140e+01	7.697409e-05	
5.416986e+01	2.758754e-05	
4.571219e+01	2.281337e-05	
4.910158e+01	1.620301e-05	
4.251808e+01	2.244627e-05	
4.925152e+01	4.243411e-05	
4.757791e+01	2.361293e-05	
4.908499e+01	1.337741e-05	
4.735840e+01	5.853705e-06	
4.745390e+01	4.247183e-05	
4.583041e+01	8.458297e-05	
4.764528e+01	9.012660e-05	
4.930691e+01	6.211081e-05	
4.579967e+01	4.885492e-05	
4.577758e+01	6.924934e-05	
4.744429e+01	7.085329e-05	
4.909178e+01	6.860383e-05	
4.578488e+01	7.225873e-05	
5.252471e+01	1.110568e-04	
4.745768e+01	9.588900e-05	
4.576214e+01	5.720260e-05	
4.916569e+01	7.495587e-05	
4.246247e+01	5.319175e-05	
4.080394e+01	7.671273e-05	
4.747011e+01	6.422598e-05	
4.575349e+01	1.615901e-04	
4.571504e+01	4.176873e-05	
4.580296e+01	8.389988e-05	
4.751664e+01	1.035184e-04	
4.755782e+01	1.154013e-04	
4.420173e+01	1.313385e-04	
5.089927e+01	2.164200e-06	
4.418781e+01	1.148210e-04	
4.579980e+01	1.909379e-04	
4.234918e+01	1.520614e-04	
3.713564e+01	8.025697e-05	
4.924642e+01	5.906590e-05	
4.762653e+01	1.903935e-05	
4.910628e+01	7.445889e-05	
4.738290e+01	8.075910e-05	
4.570911e+01	5.665002e-05	
4.750681e+01	3.935201e-05	
4.421035e+01	2.362332e-05	
4.934247e+01	2.193549e-05	
4.594601e+01	5.429921e-05	
5.076770e+01	6.819316e-05	
4.907297e+01	6.345146e-05	
4.240892e+01	4.378674e-05	
4.414292e+01	7.588198e-05	
4.764087e+01	8.584030e-05	
4.756626e+01	1.949653e-05	
4.253538e+01	1.173140e-05	
4.750146e+01	6.238263e-06	
4.412043e+01	5.942791e-05	
4.577162e+01	2.640433e-05	
4.743401e+01	5.791569e-05	
5.083979e+01	7.517529e-05	
4.756174e+01	7.281733e-05	
5.089741e+01	4.938346e-05	
4.911485e+01	5.551294e-05	
4.574291e+01	6.393449e-05	
4.406999e+01	6.540494e-05	
4.407864e+01	1.892556e-05	
4.566524e+01	6.994105e-05	
4.570351e+01	8.786432e-05	
4.572275e+01	6.904103e-05	
5.246285e+01	9.533575e-05	
4.081318e+01	1.147093e-04	
4.592639e+01	8.156402e-05	
4.926381e+01	5.920538e-05	
4.925344e+01	1.652191e-04	
4.251914e+01	6.055573e-06	
3.738334e+01	1.248190e-04	
4.052917e+01	7.363942e-05	
4.746067e+01	2.791182e-05	
4.582377e+01	2.027203e-04	
4.742981e+01	9.382356e-05	
4.732115e+01	6.524378e-05	
4.398430e+01	3.129534e-05	
4.582534e+01	6.496251e-05	
4.756022e+01	2.101712e-06	
5.267129e+01	6.131045e-06	
4.763098e+01	5.872669e-06	
4.746054e+01	4.772771e-05	
4.403806e+01	3.131230e-05	
4.412051e+01	4.264804e-05	
5.085914e+01	3.928714e-05	
4.758896e+01	3.334859e-05	
5.098355e+01	3.389653e-05	
4.756076e+01	3.260212e-05	
4.917345e+01	5.308809e-06	
4.742215e+01	2.661918e-05	
4.411812e+01	3.410088e-05	
5.086500e+01	3.910360e-05	
4.929887e+01	4.144893e-05	
4.257135e+01	8.763099e-05	
4.426812e+01	8.398951e-05	
4.744460e+01	6.333421e-05	
4.744978e+01	1.195307e-04	
4.729674e+01	6.350317e-05	
4.399782e+01	5.007390e-05	
4.239621e+01	1.090849e-04	
4.071263e+01	1.081489e-04	
4.233113e+01	9.988910e-05	
4.904578e+01	8.075716e-05	
4.068220e+01	5.850254e-05	
4.420970e+01	4.522845e-05	
4.589477e+01	4.293792e-05	
4.933111e+01	7.593435e-05	
4.596957e+01	1.290325e-04	
3.564166e+01	4.118633e-05	
4.555324e+01	5.264658e-05	
4.246350e+01	2.013576e-04	
4.583838e+01	1.100882e-04	
4.576891e+01	1.155761e-04	
4.406879e+01	1.307063e-06	
4.570974e+01	5.511624e-05	
4.401939e+01	2.565214e-06	
4.918095e+01	1.839332e-05	
4.753088e+01	1.654317e-05	
4.589495e+01	1.207378e-07	
4.754809e+01	3.305031e-05	
5.085247e+01	1.784083e-05	
4.581530e+01	8.245517e-05	
5.090177e+01	5.666571e-05	
5.254554e+01	2.623371e-05	
4.929905e+01	5.703299e-05	
4.759804e+01	2.478509e-05	
4.918997e+01	3.863638e-05	
4.755424e+01	3.176219e-05	
5.083797e+01	8.945551e-05	
4.411707e+01	5.597416e-05	
5.100331e+01	3.504312e-05	
4.586694e+01	1.236767e-05	
4.422639e+01	1.068611e-04	
4.582221e+01	5.003825e-05	
4.907716e+01	4.342240e-05	
4.402151e+01	2.565161e-05	
4.391965e+01	8.354922e-06	
4.565270e+01	1.218520e-04	
4.404743e+01	7.300054e-05	
4.903560e+01	7.485222e-05	
4.725688e+01	1.138557e-04	
4.563921e+01	1.617317e-04	
5.075780e+01	6.789452e-05	
4.578254e+01	1.880962e-05	
4.765091e+01	6.128751e-05	
4.592818e+01	1.124646e-05	
3.899782e+01	1.439431e-05	
3.721295e+01	1.577134e-04	
4.584752e+01	1.808600e-04	
4.419634e+01	7.665188e-05	
4.752948e+01	6.057286e-05	
4.744049e+01	5.090282e-05	
4.738849e+01	2.555672e-06	
4.414356e+01	5.513492e-05	
5.246523e+01	2.082285e-05	
4.911742e+01	3.824386e-05	
4.919048e+01	6.791858e-05	
4.750688e+01	4.711835e-05	
5.253595e+01	3.411921e-05	
4.579919e+01	8.156874e-05	
4.751888e+01	5.630098e-05	
4.759624e+01	1.476046e-05	
4.755623e+01	6.495471e-05	
4.262410e+01	3.030093e-05	
4.593395e+01	4.066725e-05	
3.914613e+01	4.972059e-05	
4.919357e+01	7.909474e-05	
4.415519e+01	5.388870e-05	
4.747306e+01	8.708029e-06	
4.750603e+01	4.278213e-06	
4.579693e+01	2.677977e-05	
4.411394e+01	2.994408e-05	
4.580896e+01	2.207846e-05	
4.743743e+01	2.680915e-05	
4.400240e+01	9.368119e-06	
5.071003e+01	9.941311e-05	
4.071488e+01	8.133256e-05	
4.583503e+01	9.451383e-05	
4.913221e+01	1.076026e-04	
4.396634e+01	1.605464e-04	
4.898901e+01	1.869352e-04	
4.398508e+01	1.416622e-04	
4.241283e+01	2.041990e-04	
4.580829e+01	2.615276e-04	
4.058235e+01	6.372050e-05	
4.229228e+01	5.962453e-05	
4.746737e+01	3.337510e-05	
4.418810e+01	9.330802e-05	
4.913243e+01	1.521538e-04	
4.751243e+01	4.943771e-05	
4.591249e+01	4.533001e-07	
4.425992e+01	4.073267e-05	
4.583399e+01	2.901327e-06	
4.912778e+01	5.197165e-05	
4.581718e+01	2.729582e-05	
4.758252e+01	3.457145e-06	
4.579608e+01	4.291486e-05	
4.744428e+01	1.797411e-05	
4.915930e+01	4.602083e-05	
4.422197e+01	2.052860e-06	
4.421280e+01	4.687507e-06	
4.922515e+01	1.054965e-05	
4.412764e+01	3.423247e-05	
4.585103e+01	4.193493e-05	
4.407415e+01	2.710021e-05	
4.586459e+01	9.239733e-05	
4.579054e+01	8.406884e-05	
4.569922e+01	9.640931e-05	
4.732775e+01	1.223772e-04	
4.745262e+01	4.437195e-05	
5.096497e+01	2.117634e-05	
4.757719e+01	4.366729e-05	
4.750715e+01	4.794058e-05	
4.744490e+01	9.740743e-05	
4.745563e+01	9.866311e-05	
5.093339e+01	1.107666e-04	
4.937778e+01	1.578010e-04	
4.752515e+01	1.291332e-04	
4.411143e+01	1.875080e-04	
4.897613e+01	1.298373e-04	
4.914838e+01	2.690665e-04	
4.411687e+01	2.554298e-04	
3.883945e+01	1.406075e-04	
4.061196e+01	1.911326e-04	
4.585645e+01	1.581536e-04	
4.590195e+01	1.033648e-04	
4.748486e+01	1.241040e-04	
4.413680e+01	2.206135e-05	
4.769231e+01	4.748753e-05	
4.767378e+01	7.384644e-05	
4.590231e+01	3.339505e-05	
4.412946e+01	1.302713e-05	
4.910172e+01	2.401139e-05	
4.755723e+01	6.127427e-06	
4.591193e+01	2.394077e-05	
4.573857e+01	5.879594e-06	
4.732869e+01	5.680478e-05	
4.889468e+01	2.579489e-05	
4.900642e+01	3.064358e-05	
4.743149e+01	2.142904e-05	
4.580088e+01	1.664670e-05	
4.571386e+01	1.633627e-05	
4.558555e+01	6.640986e-05	
4.249131e+01	9.927877e-05	
4.929806e+01	8.924553e-05	
4.425664e+01	6.950056e-05	
4.909667e+01	1.228263e-04	
4.578457e+01	7.582400e-05	
4.432118e+01	6.515634e-05	
4.598902e+01	4.678352e-05	
4.250186e+01	1.605966e-05	
4.581428e+01	7.849579e-05	
4.425558e+01	8.496837e-05	
4.600356e+01	1.247607e-04	
4.941961e+01	1.009919e-04	
4.940898e+01	1.209343e-04	
4.761541e+01	1.844832e-04	
5.094327e+01	1.659368e-04	
4.410566e+01	2.739619e-04	
4.242743e+01	6.335961e-05	
3.557513e+01	1.285607e-04	
3.733917e+01	2.795062e-04	
4.591427e+01	1.052407e-04	
4.927097e+01	8.190557e-05	
5.090903e+01	6.722973e-05	
5.099585e+01	4.191250e-05	
5.269869e+01	2.356112e-05	
4.433723e+01	5.073172e-05	
4.421883e+01	4.665751e-06	
4.911046e+01	4.706375e-05	
4.911201e+01	4.286262e-05	
4.748247e+01	2.163254e-06	
4.073618e+01	1.118295e-05	
4.403451e+01	3.998302e-05	
4.215549e+01	4.692877e-05	
4.555872e+01	2.365447e-05	
4.392868e+01	3.626880e-05	
4.064495e+01	2.946272e-05	
4.234593e+01	5.949843e-06	
4.567159e+01	1.738420e-07	
4.894480e+01	2.521379e-05	
4.418732e+01	8.158611e-05	
4.603584e+01	2.990155e-05	
3.921604e+01	3.453560e-05	
4.752983e+01	6.548328e-05	
4.756167e+01	8.216853e-05	
4.600935e+01	8.155466e-05	
4.764001e+01	6.819633e-05	
4.579052e+01	1.567870e-05	
4.577926e+01	3.074618e-05	
4.574820e+01	2.143698e-05	
5.097538e+01	5.847658e-05	
4.940878e+01	1.163235e-04	
4.946772e+01	1.217851e-04	
4.942197e+01	1.928766e-04	
4.932539e+01	1.784272e-04	
4.919951e+01	2.262557e-04	
4.916038e+01	2.606571e-04	
3.893223e+01	3.082896e-04	
3.897663e+01	2.505792e-04	
4.592796e+01	2.224047e-04	
4.757823e+01	4.903954e-05	
4.419064e+01	1.472574e-04	
4.929653e+01	2.760931e-05	
5.268695e+01	8.064459e-05	
4.600411e+01	3.449804e-05	
4.757682e+01	7.420275e-06	
4.744523e+01	2.336926e-05	
4.733366e+01	1.288838e-05	
4.072695e+01	5.702398e-06	
4.408660e+01	5.902047e-06	
4.902585e+01	3.244291e-05	
4.570679e+01	1.540432e-05	
4.224553e+01	3.080593e-05	
4.746630e+01	1.855559e-05	
4.747151e+01	2.882294e-05	
5.081576e+01	5.587152e-06	
4.401492e+01	8.910687e-06	
4.564955e+01	5.398828e-05	
4.749776e+01	5.849352e-05	
4.263778e+01	6.685064e-05	
4.935934e+01	3.385633e-05	
5.422967e+01	4.995458e-05	
4.754222e+01	7.484900e-05	
4.750256e+01	6.109108e-05	
4.580328e+01	5.677764e-05	
4.912647e+01	7.454331e-05	
4.563045e+01	6.410842e-05	
4.737193e+01	2.764904e-05	
5.253642e+01	6.680301e-05	
4.766270e+01	1.081698e-04	
4.947634e+01	1.648407e-04	
5.106240e+01	1.117532e-04	
4.590879e+01	8.837066e-05	
4.757403e+01	2.440242e-04	
4.751160e+01	3.020925e-04	
3.538636e+01	1.871198e-04	
3.891908e+01	8.665039e-05	
4.415616e+01	8.913777e-05	
5.091038e+01	2.123642e-04	
5.421928e+01	1.534189e-04	
4.419703e+01	4.197285e-05	
5.100596e+01	5.067730e-06	
5.269080e+01	2.445939e-05	
4.929709e+01	5.017656e-06	
4.406758e+01	9.418732e-06	
5.072007e+01	2.506026e-05	
4.410574e+01	6.542536e-06	
4.574505e+01	4.862898e-05	
4.748311e+01	4.041002e-05	
4.077180e+01	1.546594e-05	
4.583709e+01	6.310486e-06	
4.752474e+01	1.274448e-05	
4.583044e+01	3.525354e-05	
4.423401e+01	3.447821e-05	
4.420590e+01	3.373005e-05	
4.585120e+01	5.931777e-06	
4.578865e+01	5.609457e-05	
4.592486e+01	4.955404e-05	
4.934710e+01	3.762062e-05	
4.578345e+01	3.253691e-05	
4.578432e+01	7.947729e-05	
4.074967e+01	4.071881e-05	
4.572855e+01	4.075497e-05	
4.569426e+01	8.297560e-05	
4.235150e+01	7.448148e-05	
4.403781e+01	8.043242e-05	
4.235115e+01	1.357089e-04	
4.572308e+01	1.862910e-04	
4.927794e+01	9.859587e-05	
4.932158e+01	1.103030e-04	
4.766232e+01	9.582657e-05	
5.421992e+01	3.180131e-04	
4.584485e+01	1.471199e-04	
3.380531e+01	4.980048e-04	
4.226610e+01	5.080237e-05	
4.410919e+01	1.645061e-04	
4.919967e+01	9.685881e-05	
5.090417e+01	1.206751e-04	
4.585797e+01	1.017061e-04	
5.257529e+01	7.139369e-06	
4.428447e+01	9.206256e-06	
4.929679e+01	4.809957e-05	
4.588527e+01	2.636330e-05	
4.753675e+01	9.547114e-06	
4.754406e+01	1.008075e-05	
4.413096e+01	1.087981e-05	
4.753709e+01	5.810357e-05	
4.928774e+01	5.019533e-06	
4.933112e+01	1.108205e-05	
4.755459e+01	4.356368e-05	
4.915692e+01	1.735076e-05	
4.928491e+01	2.438884e-05	
4.765571e+01	2.840774e-05	
4.423883e+01	2.045662e-05	
4.922336e+01	3.907038e-05	
4.418631e+01	9.006080e-05	
4.583270e+01	7.075526e-05	
4.746058e+01	3.441343e-05	
4.744803e+01	4.757988e-05	
4.405976e+01	9.284291e-05	
4.573834e+01	9.522974e-06	
4.737811e+01	1.951258e-05	
4.071419e+01	7.722738e-05	
4.075414e+01	1.101031e-04	
4.571607e+01	1.115093e-04	
4.896692e+01	1.439863e-04	
4.904291e+01	1.984485e-04	
4.417367e+01	1.830652e-04	
4.752323e+01	1.571968e-04	
4.744592e+01	1.252471e-04	
4.914671e+01	1.844848e-04	
4.224971e+01	6.496058e-04	
3.892301e+01	2.391151e-04	
4.584925e+01	2.646818e-04	
4.588198e+01	9.175574e-05	
5.080746e+01	1.236165e-04	
4.406480e+01	1.351616e-04	
5.247378e+01	4.537956e-05	
4.922852e+01	3.003622e-05	
4.921843e+01	2.009550e-05	
4.758979e+01	1.438387e-05	
4.755178e+01	2.508891e-06	
4.418515e+01	4.448996e-05	
4.423042e+01	1.060707e-05	
5.251503e+01	4.595097e-05	
4.933512e+01	1.993981e-05	
4.600660e+01	7.736886e-06	
4.926817e+01	2.499274e-05	
5.250955e+01	7.150958e-06	
4.590689e+01	1.525362e-05	
4.765925e+01	1.039074e-05	
4.587584e+01	5.162417e-05	
4.582328e+01	4.271951e-05	
4.750184e+01	5.186556e-05	
4.920893e+01	2.407148e-05	
5.253062e+01	3.002940e-05	
4.745918e+01	4.582839e-05	
4.920207e+01	4.705861e-05	
4.413022e+01	4.433921e-05	
4.747203e+01	4.766364e-05	
4.911005e+01	7.642494e-05	
4.578310e+01	1.026585e-04	
4.403969e+01	1.061518e-04	
4.228546e+01	1.605748e-04	
4.735117e+01	2.059573e-04	
4.738629e+01	1.956984e-04	
4.910695e+01	1.905984e-04	
4.908651e+01	3.377950e-04	
4.066554e+01	3.039571e-04	
3.711092e+01	3.008271e-04	
3.885033e+01	3.143351e-04	
4.419475e+01	2.736223e-04	
4.081172e+01	2.209854e-04	
5.079838e+01	7.853178e-05	
5.076658e+01	1.061972e-04	
4.580238e+01	1.292982e-06	
4.755398e+01	2.223756e-05	
4.248115e+01	1.120268e-05	
4.745967e+01	5.602807e-06	
5.083468e+01	1.598497e-05	
4.584522e+01	4.242174e-05	
5.090806e+01	2.311755e-05	
4.932039e+01	2.169862e-05	
4.926600e+01	3.963533e-05	
5.098698e+01	3.603276e-05	
4.581249e+01	2.265847e-05	
4.738923e+01	2.570011e-05	
4.410576e+01	6.392828e-06	
4.757304e+01	2.443005e-05	
4.924334e+01	1.286101e-05	
4.580955e+01	6.145263e-05	
4.574892e+01	5.959474e-05	
4.245664e+01	8.645958e-05	
4.753723e+01	5.677640e-05	
4.586979e+01	3.044523e-05	
4.924778e+01	6.798289e-05	
4.593359e+01	3.096992e-05	
4.587995e+01	5.749155e-05	
4.751872e+01	4.121987e-05	
4.746290e+01	7.658293e-05	
4.568954e+01	8.551304e-05	
4.063331e+01	8.276874e-05	
4.408625e+01	1.892740e-04	
4.079537e+01	2.697745e-04	
4.421905e+01	2.308147e-04	
5.086875e+01	2.019965e-04	
4.247793e+01	3.771210e-04	
3.215104e+01	2.481543e-04	
4.044449e+01	8.555389e-05	
4.917908e+01	1.152060e-04	
4.755303e+01	1.329088e-04	
4.747281e+01	1.041422e-04	
5.071231e+01	1.160110e-04	
4.912868e+01	4.489092e-05	
4.750259e+01	5.632830e-05	
4.412561e+01	4.536900e-05	
5.068713e+01	6.898805e-05	
4.574354e+01	4.090960e-05	
4.920847e+01	3.095024e-05	
4.422566e+01	2.745622e-05	
5.102315e+01	1.987746e-05	
4.762076e+01	1.745058e-05	
4.595940e+01	2.407635e-05	
4.919618e+01	5.890337e-06	
5.067910e+01	7.104817e-06	
4.740469e+01	2.928658e-05	
4.926232e+01	4.263026e-05	
4.929692e+01	3.798266e-05	
4.420948e+01	1.723765e-05	
4.744623e+01	7.843728e-05	
4.741748e+01	7.125004e-05	
4.406684e+01	6.255145e-05	
5.252189e+01	3.307322e-05	
5.101476e+01	1.617822e-05	
4.765141e+01	3.573215e-05	
4.592518e+01	2.949321e-05	
4.418697e+01	4.806726e-05	
4.414926e+01	4.939398e-05	
4.236310e+01	1.105966e-04	
4.237441e+01	7.888080e-05	
4.418681e+01	1.544640e-04	
4.421039e+01	1.539772e-04	
4.087432e+01	2.314783e-04	
4.762561e+01	2.759246e-04	
4.253542e+01	3.588662e-04	
4.574402e+01	2.101747e-04	
3.368671e+01	1.783925e-04	
4.421044e+01	9.463508e-05	
4.425330e+01	1.664576e-04	
4.254517e+01	1.737653e-04	
4.753246e+01	1.043947e-04	
4.413971e+01	8.112346e-05	
4.416664e+01	6.308714e-05	
4.748563e+01	7.270194e-05	
4.567470e+01	3.270429e-05	
4.400183e+01	3.924792e-05	
4.591202e+01	5.278598e-06	
4.936454e+01	6.005830e-06	
4.932025e+01	3.575964e-05	
4.933553e+01	2.124178e-05	
4.588719e+01	3.544313e-05	
4.396975e+01	2.785840e-05	
4.226744e+01	4.764180e-05	
4.230989e+01	4.958450e-05	
4.254387e+01	5.858283e-05	
4.765591e+01	6.209376e-05	
4.593398e+01	5.650522e-05	
4.402929e+01	5.741828e-05	
4.905990e+01	7.200194e-05	
4.741148e+01	4.324811e-05	
5.254888e+01	1.993760e-05	
4.757453e+01	3.645433e-05	
5.098448e+01	3.703731e-06	
4.931250e+01	6.414309e-05	
5.093132e+01	7.836488e-05	
4.581405e+01	5.982128e-05	
4.740042e+01	9.192068e-05	
4.737787e+01	4.464935e-05	
4.583027e+01	1.227928e-04	
4.074029e+01	7.068983e-05	
4.758171e+01	2.162141e-04	
4.589594e+01	3.085325e-04	
4.422785e+01	2.045670e-04	
3.906517e+01	1.216605e-04	
3.902402e+01	4.038916e-04	
4.589600e+01	2.322676e-04	
4.259313e+01	2.502446e-05	
4.759873e+01	1.447965e-04	
4.750694e+01	5.389871e-05	
4.753903e+01	1.529927e-05	
4.753978e+01	3.119797e-05	
4.409452e+01	4.474614e-05	
4.389592e+01	3.429123e-05	
4.564761e+01	1.445060e-05	
4.747812e+01	2.325436e-05	
4.593725e+01	1.213954e-06	
4.935682e+01	2.868454e-05	
5.266291e+01	2.116938e-05	
4.744435e+01	4.828741e-05	
4.734700e+01	2.451143e-05	
5.059281e+01	2.880383e-06	
4.732691e+01	4.341438e-05	
4.250425e+01	3.930568e-05	
4.762041e+01	4.624536e-05	
4.593743e+01	5.298756e-05	
4.908257e+01	2.125783e-05	
4.896708e+01	2.948377e-05	
4.747928e+01	6.813803e-05	
4.751753e+01	6.109855e-05	
4.763747e+01	1.772135e-05	
5.098889e+01	3.415817e-05	
5.262028e+01	5.960937e-05	
4.920612e+01	7.673711e-05	
4.750564e+01	6.093530e-05	
4.736784e+01	4.765133e-05	
4.570896e+01	9.718959e-05	
4.396410e+01	9.124203e-05	
4.736313e+01	3.909805e-05	
4.909962e+01	3.107523e-04	
4.744748e+01	1.608933e-04	
4.589779e+01	1.948711e-04	
4.240645e+01	2.098689e-04	
3.720057e+01	2.758183e-04	
4.409434e+01	9.637539e-05	
4.589348e+01	1.506201e-05	
4.251248e+01	5.885778e-05	
4.585007e+01	1.214354e-04	
4.750981e+01	3.865235e-05	
4.756034e+01	4.456119e-05	
4.238425e+01	1.077930e-04	
4.059182e+01	1.142335e-05	
4.392465e+01	5.429490e-05	
4.228938e+01	9.792727e-05	
4.748827e+01	9.838606e-05	
4.755657e+01	8.355218e-05	
4.763597e+01	4.040055e-05	
4.424725e+01	3.850157e-05	
4.235006e+01	1.739551e-05	
4.225293e+01	2.392675e-05	
5.073156e+01	1.324948e-05	
4.574750e+01	1.612304e-05	
5.084655e+01	5.570735e-05	
4.404960e+01	1.433544e-05	
4.403675e+01	2.921263e-05	
4.234183e+01	2.768822e-05	
4.238085e+01	1.916761e-05	
4.751239e+01	2.620565e-05	
4.426083e+01	6.298592e-06	
4.928844e+01	2.909072e-05	
4.419177e+01	2.872082e-05	
4.418725e+01	9.632237e-05	
4.084242e+01	6.618640e-05	
4.248137e+01	9.806625e-05	
4.571008e+01	9.652301e-05	
3.897396e+01	6.338004e-05	
4.385888e+01	3.588972e-05	
4.565431e+01	8.121429e-05	
4.581541e+01	1.000646e-04	
4.254754e+01	6.252208e-05	
3.725929e+01	5.026028e-05	
2.501328e+01	2.422274e-05	
3.884622e+01	1.290436e-04	
3.366149e+01	6.369002e-05	
4.071011e+01	7.547118e-05	
3.878163e+01	6.389018e-05	
3.544504e+01	6.924239e-05	
3.557436e+01	8.396491e-05	
3.720689e+01	6.560528e-05	
3.551969e+01	9.339363e-06	
3.031494e+01	2.002285e-06	
3.543360e+01	1.013650e-05	
4.233571e+01	7.250608e-05	
4.065247e+01	3.283268e-05	
3.745472e+01	4.269674e-05	
4.079267e+01	3.717121e-05	
3.719910e+01	2.828675e-05	
3.363758e+01	8.909477e-06	
3.200311e+01	2.086709e-05	
3.709091e+01	5.537112e-05	
3.371788e+01	3.013880e-05	
3.885886e+01	4.583504e-05	
3.532388e+01	2.556451e-05	
3.703242e+01	2.124627e-05	
3.716613e+01	2.164224e-05	
3.715814e+01	1.073896e-05	
3.725507e+01	1.717009e-05	
3.551661e+01	1.025505e-05	
4.246181e+01	2.058983e-05	
4.241721e+01	6.231879e-05	
3.557064e+01	2.011186e-05	
3.550715e+01	1.938696e-05	
3.551513e+01	1.319216e-04	
3.358564e+01	3.859777e-05	
3.528448e+01	5.815708e-05	
4.050497e+01	4.212721e-05	
3.552126e+01	6.962744e-06	
3.908636e+01	1.427966e-05	
3.032952e+01	9.336449e-05	
