1.326290e+01	4.550804e-13	
9.882686e+00	2.287059e-14	
1.219148e+01	6.339373e-13	
6.875980e+00	4.315992e-12	
1.110102e+01	1.283307e-12	
1.317399e+01	1.187939e-12	
1.479204e+01	1.365685e-12	
1.078550e+01	1.650458e-12	
1.059675e+01	1.671474e-11	
1.021813e+01	5.612177e-12	
1.264857e+01	4.111156e-12	
1.315193e+01	1.162404e-13	
1.101427e+01	8.491874e-12	
1.047070e+01	3.110179e-12	
5.987559e+00	7.412515e-12	
1.025468e+01	3.095302e-13	
1.048743e+01	4.418910e-12	
1.086615e+01	2.177147e-12	
1.117130e+01	6.757284e-11	
5.806557e+00	4.387157e-12	
9.969882e+00	8.212209e-12	
1.438792e+01	5.488499e-12	
1.423153e+01	8.691936e-13	
1.044397e+01	1.720624e-12	
1.281466e+01	4.241829e-12	
1.421151e+01	1.828537e-13	
6.744601e+00	2.945200e-11	
6.084154e+00	2.424505e-12	
9.487840e+00	6.237455e-12	
9.757429e+00	6.720180e-13	
1.334606e+01	1.167955e-12	
1.544352e+01	1.455835e-11	
1.317548e+01	1.494138e-12	
1.127052e+01	8.236856e-12	
1.147294e+01	1.240119e-12	
1.176400e+01	1.221534e-11	
1.029075e+01	5.531131e-13	
9.591977e+00	9.792167e-14	
1.337278e+01	3.392842e-13	
1.427954e+01	2.398082e-14	
9.118512e+00	6.694645e-12	
1.246511e+01	1.702006e-12	
9.016122e+00	1.938853e-14	
1.133848e+01	2.194479e-14	
1.390821e+01	2.610146e-14	
1.322238e+01	1.060600e-15	
9.999003e+00	4.639930e-15	
5.806591e+00	7.960666e-15	
1.257157e+01	3.618200e-14	
6.754974e+00	4.644604e-15	
8.635980e+00	5.441775e-15	
1.326390e+01	4.346907e-15	
1.342602e+01	1.706018e-16	
1.121882e+01	1.946636e-15	
1.081594e+01	2.489174e-15	
1.259125e+01	1.654145e-15	
1.397168e+01	3.074934e-15	
1.004984e+01	1.866467e-15	
1.263861e+01	5.668985e-16	
1.126324e+01	4.365253e-15	
6.612215e+00	5.632584e-16	
1.277330e+01	0	
8.892563e+00	7.178717e-16	
1.047848e+01	7.321272e-16	
1.123090e+01	1.353391e-15	
1.173864e+01	1.244587e-15	
1.167461e+01	8.110983e-16	
1.450171e+01	1.876620e-15	
1.231775e+01	1.267848e-15	
1.350197e+01	2.332189e-15	
1.442690e+01	8.444734e-16	
6.478686e+00	2.443158e-15	
9.074109e+00	3.915082e-15	
1.024459e+01	2.993503e-16	
1.481538e+01	1.237366e-15	
1.190128e+01	4.350244e-16	
9.341813e+00	2.137479e-15	
9.920069e+00	4.886743e-13	
9.352281e+00	3.110264e-13	
9.118512e+00	1.416911e-11	
1.160292e+01	6.816769e-14	
1.061240e+01	9.998669e-13	
1.342568e+01	1.395439e-12	
1.309258e+01	2.115863e-12	
1.394371e+01	3.505196e-12	
1.302758e+01	1.728062e-12	
1.073417e+01	3.732570e-13	
1.222860e+01	1.619338e-11	
9.592948e+00	1.860512e-12	
1.187350e+01	3.006262e-12	
6.831896e+00	5.487166e-12	
1.218735e+01	4.114487e-13	
1.260136e+01	1.522760e-11	
1.253437e+01	1.522205e-11	
8.893213e+00	5.305201e-12	
1.270265e+01	2.662515e-11	
9.948235e+00	6.589063e-12	
1.294148e+01	2.288969e-10	
1.348606e+01	6.317169e-14	
1.103522e+01	3.874900e-12	
1.288277e+01	5.522693e-12	
1.195505e+01	3.377831e-11	
6.498305e+00	1.624545e-11	
1.180523e+01	1.396883e-12	
1.398348e+01	1.466265e-10	
1.505695e+01	5.320189e-13	
1.262931e+01	1.312306e-11	
1.168071e+01	1.569989e-10	
1.302154e+01	9.599876e-12	
1.307650e+01	1.822231e-11	
1.138131e+01	2.343969e-11	
1.278676e+01	7.290291e-11	
1.404363e+01	3.554623e-11	
9.685972e+00	2.336753e-11	
9.092743e+00	1.138312e-11	
1.324536e+01	6.977752e-12	
1.064079e+01	7.920686e-11	
9.801636e+00	7.963741e-12	
1.057351e+01	3.235190e-13	
1.196266e+01	1.064926e-12	
1.144675e+01	1.868672e-11	
1.397461e+01	4.047429e-12	
9.663498e+00	3.913536e-13	
9.864621e+00	1.313838e-12	
6.224357e+00	2.429834e-12	
8.877444e+00	7.253753e-12	
1.389047e+01	8.324452e-13	
1.183662e+01	2.824851e-12	
9.155645e+00	6.949108e-12	
1.349000e+01	4.050871e-11	
1.473617e+01	7.828405e-12	
1.185989e+01	7.084777e-12	
6.748455e+00	1.656675e-12	
1.272522e+01	5.611933e-11	
1.063813e+01	3.786083e-12	
1.365675e+01	7.907119e-12	
9.476603e+00	8.643530e-12	
9.367457e+00	2.618183e-11	
6.770858e+00	2.307843e-11	
1.051603e+01	9.863221e-13	
1.360550e+01	1.001799e-11	
1.042989e+01	2.493419e-10	
1.283870e+01	2.224998e-11	
1.224474e+01	3.202760e-11	
6.202390e+00	5.911915e-11	
1.076489e+01	1.556599e-11	
1.051884e+01	1.162339e-10	
9.170914e+00	2.970957e-13	
1.093262e+01	3.461786e-12	
1.249622e+01	6.594947e-12	
1.030797e+01	4.393197e-11	
1.273061e+01	1.633094e-11	
1.274565e+01	3.825829e-12	
1.189063e+01	2.122591e-11	
1.177677e+01	8.484324e-13	
1.381967e+01	2.030887e-11	
1.953268e+00	9.697545e-06	
2.711501e+00	3.333159e-06	
3.622770e+00	1.387441e-05	
1.673929e+00	5.872067e-05	
5.572084e+00	2.672257e-05	
3.221867e+00	7.615368e-05	
4.419017e+00	4.082833e-05	
4.470171e+00	1.195958e-04	
2.621283e+00	1.360670e-04	
5.448481e+00	9.947043e-05	
3.099559e+00	1.364872e-04	
6.167089e+00	1.195527e-04	
2.195150e+00	1.097765e-05	
5.603546e+00	9.815684e-05	
8.766466e+00	1.085812e-04	
5.804304e+00	7.015137e-05	
5.209197e+00	9.341975e-05	
3.469933e+00	1.365986e-04	
1.393439e+00	1.371298e-04	
5.760909e+00	7.957129e-05	
1.675611e+00	1.766342e-04	
1.919782e+00	8.922251e-05	
6.666107e-01	9.426817e-05	
1.910817e+00	1.359273e-04	
1.160115e+00	1.213989e-04	
4.316029e+00	4.901569e-06	
5.657887e+00	8.020526e-06	
3.926650e+00	5.461484e-05	
5.149678e+00	1.068851e-04	
4.647852e+00	3.223370e-05	
7.586412e+00	1.590239e-05	
6.604838e+00	7.189143e-05	
5.352791e+00	5.740028e-05	
2.990350e+00	1.373357e-05	
1.684222e+00	2.358827e-05	
2.281671e+00	1.558236e-05	
2.057529e+00	9.844848e-06	
3.181080e+00	8.189183e-06	
1.584683e+00	1.255437e-05	
3.130860e-01	2.904447e-05	
3.609847e+00	1.975031e-06	
8.595837e+00	1.023013e-05	
2.574337e+00	6.193851e-05	
7.446813e-01	1.975839e-05	
2.419612e+00	7.068110e-05	
1.860479e+00	7.730952e-05	
6.480630e+00	1.058479e-04	
4.521367e+00	1.311387e-04	
4.617343e+00	6.653889e-05	
8.198328e+00	3.235164e-05	
6.725046e+00	5.224380e-05	
5.334960e+00	1.316804e-04	
3.627735e+00	6.396960e-05	
6.145290e+00	6.287750e-05	
3.033540e+00	1.534009e-04	
1.846565e+00	1.469886e-04	
5.090345e+00	1.201991e-04	
5.553501e+00	5.798123e-05	
7.052355e+00	5.443529e-05	
4.564647e+00	1.445708e-04	
3.627607e+00	9.325342e-05	
3.907197e+00	1.070525e-04	
6.447990e+00	1.083964e-04	
2.733989e+00	1.015716e-04	
7.323683e+00	1.097638e-05	
2.967174e+00	2.194401e-05	
2.680999e+00	3.057695e-05	
5.745094e+00	1.439977e-05	
5.857759e+00	1.844658e-05	
7.267311e+00	1.609013e-05	
8.553306e+00	3.611589e-05	
5.363260e+00	2.215234e-06	
2.886468e+00	2.926650e-05	
5.007219e+00	1.361442e-05	
5.497166e+00	4.323140e-05	
4.668614e+00	4.852996e-05	
6.235191e+00	2.221646e-05	
7.261759e+00	1.718550e-05	
3.867934e+00	3.928938e-05	
5.580248e+00	2.795338e-05	
9.716855e+00	4.548874e-06	
5.660227e+00	1.773330e-05	
2.479758e+00	2.255891e-05	
8.948689e+00	5.436490e-05	
6.421183e+00	6.835698e-05	
6.294535e+00	8.160213e-05	
3.087240e+00	4.793521e-05	
4.562053e+00	1.017453e-05	
4.140663e+00	7.144446e-05	
2.549823e+00	4.312111e-05	
3.178105e+00	7.437025e-06	
4.820210e+00	3.013838e-05	
6.571655e+00	5.113059e-05	
3.441726e+00	4.753052e-05	
5.125936e+00	2.216731e-05	
4.214777e+00	6.089801e-05	
3.504953e+00	9.384255e-06	
4.489167e+00	7.795775e-05	
1.329729e+00	8.788597e-05	
6.042009e+00	1.802291e-05	
6.063765e+00	6.655696e-05	
7.514820e+00	1.134933e-04	
6.356075e+00	5.236036e-05	
6.340733e+00	2.067676e-05	
5.865739e-01	1.399985e-06	
1.168329e+00	1.254119e-04	
6.880668e+00	4.139217e-05	
2.505350e+00	4.562814e-06	
7.588627e+00	3.107587e-05	
1.511548e+00	4.891728e-06	
1.725624e+00	2.129535e-05	
2.344549e+00	2.242388e-06	
6.183394e+00	5.977341e-05	
2.168141e+00	4.513768e-06	
4.972251e+00	7.248836e-05	
5.854875e+00	7.307085e-05	
5.113621e+00	3.759448e-05	
1.315947e+00	1.047208e-04	
3.877965e+00	9.718372e-05	
4.270910e+00	8.795242e-05	
5.256137e+00	4.173142e-06	
8.131272e+00	4.991413e-06	
6.418406e+00	3.998088e-05	
3.021089e+00	1.429462e-05	
8.303553e+00	7.482051e-06	
3.389543e+00	1.811273e-05	
5.726584e+00	2.892154e-05	
3.432621e+00	5.856680e-06	
3.862555e+00	1.118161e-05	
4.126078e+00	2.060052e-05	
6.715766e+00	7.628723e-05	
3.270728e+00	1.551296e-05	
2.805002e+00	3.341850e-05	
3.066468e+00	4.753288e-05	
5.407447e+00	1.172278e-05	
1.691516e-01	1.602721e-05	
9.317566e+00	1.508408e-05	
5.601492e+00	2.662573e-05	
1.558934e+00	2.137380e-05	
6.204118e+00	1.687651e-05	
2.882786e+00	2.369110e-05	
3.021734e+00	3.354532e-05	
6.599009e+00	6.171671e-06	
3.409427e+00	7.791692e-05	
7.138473e+00	7.661048e-05	
5.150301e+00	2.491930e-06	
4.981114e+00	4.466081e-06	
6.753359e+00	2.488144e-05	
4.043057e+00	5.692558e-05	
2.154177e+00	4.043094e-05	
6.361628e+00	8.509849e-05	
6.019628e+00	5.193350e-05	
4.088693e+00	1.360199e-04	
1.030521e+00	9.373830e-05	
8.403329e-01	1.014291e-04	
6.287996e+00	1.024905e-04	
4.254505e+00	1.165482e-04	
2.852527e+00	6.832100e-05	
6.294207e+00	3.741344e-05	
2.682989e+00	1.551019e-05	
4.477536e+00	9.613389e-06	
6.669163e+00	5.003415e-06	
5.938002e+00	8.402872e-05	
1.005978e+01	4.583733e-05	
4.434708e+00	1.713787e-05	
7.345097e+00	2.475954e-05	
4.810319e-01	1.430534e-05	
1.362302e+00	6.491811e-05	
1.805296e+00	2.606625e-06	
5.742607e+00	1.865584e-05	
4.574659e+00	1.575023e-05	
3.708404e-01	6.429028e-06	
3.179036e+00	2.366588e-06	
7.253534e+00	2.329507e-05	
7.367515e+00	3.219634e-05	
7.621109e+00	5.125924e-05	
6.942005e+00	2.446041e-05	
7.097141e+00	2.459410e-06	
4.502613e+00	1.300124e-05	
7.244840e+00	3.348538e-06	
4.712394e+00	6.640486e-05	
3.498337e+00	3.965727e-05	
7.537542e+00	2.687541e-05	
7.820839e+00	5.083742e-05	
4.187797e+00	3.439404e-05	
7.343875e+00	3.365619e-05	
1.224125e+00	1.585486e-05	
6.880613e+00	6.855599e-05	
6.088315e+00	1.014289e-04	
3.303668e+00	7.839018e-05	
6.496633e+00	1.685522e-04	
5.576855e+00	1.472592e-04	
5.593802e+00	1.088015e-04	
8.230073e+00	9.364737e-05	
7.465548e+00	8.940129e-05	
5.460211e+00	7.380102e-05	
5.383843e+00	6.343903e-05	
3.660877e+00	2.400678e-05	
7.361781e+00	2.579307e-05	
4.468327e+00	9.518675e-07	
7.131106e+00	3.211665e-05	
3.815958e+00	1.606439e-06	
4.220148e+00	1.448407e-05	
4.321183e+00	4.529251e-05	
6.227378e+00	4.072078e-05	
2.506019e+00	3.884287e-05	
1.726459e+00	7.877781e-05	
2.927769e+00	4.099347e-05	
7.265256e+00	2.343629e-05	
6.392326e+00	6.256276e-05	
2.246110e+00	1.283004e-05	
5.588393e+00	6.851107e-05	
7.201576e+00	2.849272e-05	
5.279844e+00	4.008943e-06	
3.189111e+00	8.412309e-06	
3.910638e+00	1.785329e-06	
1.256529e+00	8.227297e-06	
3.901443e+00	2.922490e-05	
3.199981e+00	2.936065e-06	
4.195883e+00	7.269222e-05	
8.522118e+00	2.001817e-05	
7.536538e+00	4.780406e-05	
5.725008e+00	6.245199e-05	
5.819759e+00	2.482657e-05	
7.855558e+00	4.111315e-05	
3.571742e+00	1.734928e-05	
2.986193e+00	1.047158e-04	
7.979869e+00	7.497684e-05	
5.162599e+00	7.075225e-05	
6.946686e+00	7.832802e-05	
7.417679e+00	1.729025e-04	
2.484130e+00	8.374610e-05	
4.133839e+00	5.158239e-05	
1.527331e+00	1.164799e-04	
4.994099e+00	5.303890e-05	
1.447422e+00	6.920996e-05	
1.755109e+00	8.384619e-05	
6.827635e+00	4.143588e-05	
6.604496e+00	3.247708e-05	
2.739590e+00	3.708763e-05	
4.970809e+00	3.449586e-05	
2.200836e+00	1.687293e-05	
3.776323e+00	5.873069e-05	
1.033710e+00	1.220986e-05	
5.382633e+00	2.669843e-05	
3.661075e+00	1.583356e-05	
5.655798e+00	4.889186e-05	
1.626868e+00	2.825769e-05	
7.141579e+00	3.672331e-06	
4.692318e+00	4.946759e-05	
4.816886e+00	2.688008e-05	
2.656997e+00	2.515631e-05	
1.587866e+00	2.621443e-05	
2.843183e+00	1.263100e-05	
1.847443e+00	2.905796e-05	
5.830724e+00	2.264970e-07	
6.970867e+00	1.803209e-05	
6.332676e+00	4.192800e-06	
5.866415e+00	1.746112e-05	
1.851765e+00	1.017177e-05	
1.071776e+00	8.133939e-05	
7.481042e+00	7.069635e-05	
8.428620e+00	6.293932e-05	
6.631684e+00	9.267336e-05	
3.696727e+00	1.541270e-04	
4.700033e+00	9.333479e-05	
6.278165e+00	1.027538e-04	
1.191616e+00	1.169054e-04	
3.328842e+00	1.164084e-04	
4.147003e+00	8.830356e-05	
3.509662e+00	7.651588e-05	
6.042697e+00	9.339235e-05	
6.863173e+00	7.969084e-05	
1.808094e+00	6.149039e-05	
2.487180e+00	1.046238e-04	
5.134466e+00	4.530265e-05	
3.787822e+00	2.757515e-05	
2.010174e+00	5.773252e-05	
5.172568e+00	9.903040e-06	
5.515158e+00	3.357479e-05	
7.029709e+00	2.656812e-05	
3.218246e+00	3.988009e-05	
5.678879e+00	6.503585e-05	
4.015219e+00	6.245742e-05	
4.193722e-01	7.570950e-05	
5.447417e+00	2.609733e-05	
6.354899e+00	3.884578e-05	
4.684832e+00	2.379921e-05	
6.106345e+00	4.703783e-05	
2.126355e+00	9.450885e-07	
4.242947e+00	3.622855e-06	
8.826438e+00	1.792123e-05	
5.145486e+00	5.270986e-05	
7.736877e+00	6.081834e-05	
5.671487e+00	2.338912e-05	
6.178423e+00	4.382039e-05	
3.429510e+00	3.174057e-05	
5.017206e+00	3.237376e-05	
3.504947e+00	5.491498e-05	
3.818606e+00	8.318131e-05	
3.252298e+00	8.755542e-05	
6.161285e+00	1.357520e-04	
2.653603e+00	1.665729e-04	
9.791266e-01	1.316749e-04	
4.430811e+00	1.310425e-04	
5.615445e+00	1.276193e-04	
2.058930e+00	1.263193e-04	
4.410832e+00	1.169091e-04	
3.920393e+00	1.176551e-04	
7.820270e+00	1.362389e-04	
6.785599e+00	7.711338e-05	
3.289058e+00	1.003050e-04	
5.319341e+00	7.885644e-05	
4.321396e+00	2.572507e-05	
2.882559e+00	3.675389e-05	
7.402968e+00	2.706636e-05	
2.623085e+00	3.767949e-05	
2.598208e+00	3.411623e-05	
4.477887e+00	6.577194e-05	
2.339831e+00	6.223945e-05	
5.013678e+00	4.609022e-05	
1.322926e+00	5.033480e-05	
4.732212e+00	4.137744e-05	
3.738422e+00	2.362775e-06	
1.707824e+00	1.702251e-05	
2.919403e-01	2.484327e-05	
4.880575e+00	2.257782e-05	
4.598949e+00	4.930874e-05	
4.218994e+00	4.732598e-05	
8.169635e+00	2.642228e-05	
4.919194e+00	4.535612e-05	
2.470081e+00	4.104260e-05	
6.951246e+00	9.590821e-06	
6.342109e+00	4.132410e-05	
2.077452e+00	5.071423e-05	
2.171062e+00	1.951088e-05	
8.277961e+00	7.267131e-05	
1.096021e+00	8.062038e-05	
3.531782e+00	1.288300e-04	
5.051236e+00	1.558660e-04	
1.299919e+00	1.030790e-04	
3.653602e+00	4.853325e-05	
5.285561e+00	2.304304e-04	
5.943478e+00	1.532574e-04	
6.791005e+00	1.480239e-04	
4.425584e+00	7.404069e-05	
6.252528e+00	1.115313e-04	
4.444640e+00	1.039363e-04	
3.806494e-01	4.408060e-05	
3.792801e+00	9.487666e-05	
1.076225e+00	9.925630e-05	
5.085145e+00	5.449231e-05	
5.898061e+00	5.450817e-05	
8.931611e+00	7.290819e-05	
3.054031e+00	3.599812e-05	
5.203641e-01	7.002165e-05	
1.473268e+00	3.073391e-05	
2.122106e+00	6.861109e-05	
3.280157e+00	5.034491e-05	
2.390183e+00	4.614671e-05	
4.086796e+00	4.785683e-05	
5.858703e+00	2.829957e-05	
2.259793e+00	1.761261e-05	
4.744895e+00	6.087415e-06	
1.991987e+00	1.715304e-05	
5.025117e+00	4.099153e-05	
4.125597e+00	6.099998e-05	
3.077612e+00	6.726460e-05	
1.294966e+00	1.620053e-05	
4.319042e+00	3.073216e-06	
2.954667e+00	4.184100e-06	
4.655941e+00	3.383349e-05	
1.707310e+00	5.559110e-05	
2.094404e+00	5.724590e-05	
6.074592e+00	3.409632e-05	
9.772961e+00	8.971142e-05	
7.342631e+00	6.480246e-05	
5.956899e+00	4.688552e-05	
7.678574e+00	1.000959e-04	
5.825688e+00	8.948190e-05	
2.468170e+00	7.598631e-05	
1.719142e+00	1.949505e-04	
5.899989e+00	1.416570e-04	
4.754596e+00	7.253743e-05	
1.717768e+00	1.304037e-04	
4.750751e+00	1.183379e-04	
2.157665e+00	9.097217e-05	
2.006052e+00	6.519809e-05	
6.179306e+00	1.034502e-04	
5.620178e+00	4.714309e-05	
2.380817e+00	6.338522e-05	
5.116673e+00	6.327107e-05	
2.874879e+00	4.257632e-05	
4.708211e+00	3.128153e-05	
5.184379e+00	4.370770e-05	
9.845219e+00	6.298362e-05	
3.686064e+00	8.238972e-05	
1.809819e+00	4.728217e-05	
1.115331e+00	4.898054e-05	
6.372161e+00	5.493480e-05	
7.192625e+00	4.278134e-05	
4.491385e+00	7.315566e-06	
6.435312e+00	9.033979e-06	
4.614598e+00	6.492907e-05	
2.225416e+00	4.383893e-05	
6.769756e+00	2.809414e-05	
5.971595e+00	3.538068e-05	
5.638474e+00	6.673299e-05	
5.087245e+00	5.098627e-05	
1.928383e+00	2.442965e-05	
7.450802e+00	8.555688e-05	
5.839771e+00	7.363645e-05	
4.798386e+00	7.190597e-05	
6.744204e+00	1.004031e-05	
5.480786e+00	1.220837e-05	
6.264717e+00	7.275083e-05	
5.972831e+00	4.474207e-05	
3.568746e+00	1.717006e-04	
2.937016e+00	2.085823e-04	
4.643451e+00	1.080923e-04	
6.838254e+00	1.732819e-04	
5.426013e+00	9.364935e-05	
2.524357e+00	9.930272e-05	
2.556157e+00	9.416572e-05	
1.318881e+00	6.730109e-05	
1.506812e+00	9.207158e-05	
7.193893e+00	8.092425e-05	
7.916146e+00	7.689017e-05	
3.943473e+00	6.406800e-05	
1.583430e+00	7.148545e-05	
3.000455e+00	6.616542e-05	
3.378080e+00	3.391175e-05	
6.738189e+00	2.003063e-05	
3.550228e+00	6.794528e-05	
8.243459e+00	4.583574e-05	
5.003527e+00	4.804406e-05	
6.290042e+00	4.597229e-05	
2.171143e+00	4.001221e-05	
7.082807e+00	8.716062e-05	
8.841092e+00	6.306772e-05	
5.758998e+00	5.626988e-05	
3.019868e+00	7.627367e-05	
4.143823e+00	3.968794e-05	
1.135958e+00	4.181990e-05	
2.657929e+00	3.152934e-05	
2.422908e+00	3.340579e-05	
5.027069e-01	6.061290e-05	
6.405792e+00	5.274418e-05	
3.444910e+00	4.910592e-05	
6.778143e+00	6.370688e-05	
4.391305e+00	2.102476e-05	
3.338300e+00	5.684126e-05	
7.231088e+00	6.913006e-05	
6.405495e+00	1.417666e-04	
7.223467e-01	9.643060e-05	
2.269560e+00	8.887739e-05	
3.605327e+00	1.138245e-04	
4.176111e+00	8.308680e-05	
3.748362e+00	8.311146e-05	
5.108813e+00	9.300758e-05	
6.931026e+00	6.356700e-05	
3.022472e+00	4.987000e-05	
3.434366e+00	8.165506e-05	
5.166293e+00	9.772761e-05	
7.000979e+00	9.602630e-05	
7.590891e+00	5.549882e-05	
4.543601e+00	5.518840e-05	
5.909109e+00	9.526570e-05	
3.200073e+00	1.021109e-04	
7.739447e+00	6.086434e-05	
6.923622e+00	8.721573e-05	
2.073124e+00	6.831330e-05	
6.173371e+00	4.606481e-05	
2.590047e+00	6.569856e-05	
3.665180e+00	4.757596e-05	
5.545366e+00	5.423173e-05	
5.691086e+00	5.157640e-05	
3.887144e+00	3.436436e-05	
7.917076e+00	1.766955e-05	
4.001382e+00	7.419652e-05	
2.450931e+00	3.522227e-05	
4.388724e+00	3.800541e-05	
2.334960e+00	1.735192e-05	
5.584405e+00	4.894683e-05	
6.717420e+00	4.289020e-05	
6.097045e+00	4.423322e-05	
3.334262e+00	3.117014e-05	
3.075452e+00	6.619368e-06	
2.776746e+00	2.039350e-05	
2.585863e+00	6.026141e-05	
3.079196e+00	8.493063e-05	
1.857683e+00	5.669796e-05	
5.604422e+00	2.836130e-05	
6.667124e+00	7.325991e-05	
2.566680e+00	1.253950e-04	
2.712315e+00	1.204444e-04	
3.564083e+00	8.474074e-05	
4.059272e+00	4.816483e-05	
6.299234e+00	7.323197e-05	
1.998295e+00	6.274461e-05	
2.729819e+00	4.820797e-05	
2.307933e+00	1.038607e-04	
4.737981e+00	3.547031e-05	
1.984064e+00	5.596529e-05	
2.165751e+00	5.637702e-05	
7.139864e+00	5.515286e-05	
4.561801e+00	8.245973e-05	
7.513999e+00	4.377180e-05	
7.590767e+00	5.069003e-05	
2.027658e+00	3.203002e-05	
8.842153e+00	2.754155e-05	
5.568112e+00	4.397945e-05	
1.312088e+00	3.909510e-05	
1.648497e+00	4.892681e-05	
4.199905e+00	2.492300e-05	
4.568812e+00	3.965383e-05	
1.060462e+01	2.739838e-05	
1.076866e+01	4.697474e-05	
2.300444e+00	3.436361e-05	
4.709111e+00	4.791371e-05	
3.796414e+00	5.729215e-05	
3.926410e+00	5.643025e-05	
5.081734e-01	7.759712e-05	
2.477711e+00	3.654812e-05	
3.960197e+00	2.661641e-05	
5.812711e+00	4.135032e-05	
9.534956e+00	1.072874e-05	
3.218906e+00	5.534553e-05	
2.301998e+00	4.855843e-06	
2.790691e+00	1.416904e-04	
6.683396e+00	1.030915e-04	
6.282306e+00	2.093496e-04	
4.748435e+00	1.822412e-04	
1.337338e+00	1.103219e-04	
2.660263e+00	7.078682e-05	
6.293997e+00	1.122334e-04	
8.153473e+00	8.788463e-05	
4.197584e+00	1.037702e-04	
3.281491e+00	6.911226e-05	
4.491586e+00	5.288510e-05	
3.829152e+00	2.685556e-05	
6.069202e-01	3.491738e-05	
7.010659e+00	2.458956e-05	
2.462234e+00	5.654055e-05	
5.384162e+00	1.779786e-05	
5.680606e+00	5.139897e-05	
7.869932e+00	3.226686e-05	
3.280586e+00	3.662157e-05	
1.446733e+00	3.977528e-05	
5.078406e+00	4.470943e-05	
4.569682e+00	7.861016e-05	
2.432479e+00	4.417528e-05	
4.960828e+00	2.816037e-05	
1.021452e+00	4.403170e-05	
6.329763e+00	4.894382e-05	
5.214389e+00	3.411266e-05	
5.493443e+00	9.083374e-05	
6.913669e+00	7.688523e-05	
3.797902e+00	8.202969e-05	
5.778985e+00	5.600891e-05	
1.123116e+00	2.922277e-06	
5.399481e+00	6.207672e-06	
7.136999e+00	1.317033e-05	
4.543132e+00	2.796062e-05	
8.302364e+00	3.839946e-05	
9.919552e+00	3.327074e-05	
1.780860e+00	1.485305e-05	
7.557762e+00	7.162061e-05	
5.089439e+00	1.475237e-04	
1.184171e+00	8.221870e-05	
5.837697e+00	2.656004e-04	
1.939309e+00	1.233018e-04	
4.414041e+00	1.031295e-04	
3.848549e+00	6.936045e-05	
1.577392e+00	2.431122e-05	
3.117928e+00	2.300101e-05	
3.792958e+00	7.973854e-05	
2.426419e+00	7.212471e-05	
6.333286e+00	3.442460e-05	
6.177450e+00	3.453242e-05	
7.612513e+00	2.426497e-05	
4.846691e+00	4.234947e-05	
4.131123e+00	6.650779e-05	
6.672620e+00	4.724327e-05	
1.163421e+00	4.820116e-05	
1.833292e+00	4.321705e-05	
9.228338e+00	6.328211e-05	
7.781740e+00	6.489995e-05	
5.381174e+00	4.533651e-05	
2.942082e+00	3.017712e-05	
3.920490e+00	2.117823e-05	
6.876272e+00	3.512959e-05	
6.486385e+00	1.284050e-05	
7.574024e-01	2.964100e-05	
4.933274e+00	6.525179e-05	
3.795678e+00	5.424810e-05	
5.218954e+00	6.527638e-05	
3.194585e+00	1.850022e-05	
4.904582e+00	1.117213e-05	
6.062299e+00	8.759335e-07	
2.994564e+00	1.274659e-05	
7.616052e+00	5.055456e-07	
3.256959e+00	4.037926e-05	
2.297105e+00	9.650613e-06	
7.567045e-01	2.989432e-05	
5.566639e+00	1.444298e-04	
2.324477e+00	1.145627e-04	
4.175900e+00	1.731512e-04	
4.727636e+00	1.161764e-04	
5.294573e+00	8.848117e-05	
3.648365e+00	1.010973e-04	
4.310957e+00	6.722565e-05	
4.890647e+00	1.829006e-05	
5.271387e+00	4.399924e-05	
7.638721e+00	4.650197e-05	
4.057082e+00	6.548773e-05	
5.175709e+00	6.659901e-06	
8.292323e+00	7.039882e-06	
7.380111e+00	1.931817e-05	
3.895326e+00	4.404944e-05	
5.476509e+00	5.331534e-05	
3.003931e+00	5.029645e-05	
3.287637e+00	4.924441e-05	
8.931897e+00	2.742555e-05	
4.918244e+00	5.490210e-05	
6.913920e+00	6.252986e-05	
3.769087e+00	1.539233e-05	
4.451336e+00	3.743636e-05	
6.875777e+00	3.268257e-05	
3.996873e+00	3.277397e-05	
4.089415e+00	6.685358e-05	
3.803647e+00	6.366095e-05	
4.991185e+00	6.269249e-05	
4.889641e+00	6.628710e-05	
2.661289e+00	3.174006e-05	
4.061278e+00	8.268495e-06	
7.663383e+00	7.789476e-06	
5.383096e+00	3.346394e-05	
4.299886e+00	5.295174e-05	
3.818914e+00	5.973545e-05	
8.740770e+00	2.599332e-05	
3.911023e+00	7.532907e-06	
3.966056e+00	5.650461e-05	
2.646248e+00	1.522026e-04	
2.451742e+00	2.696306e-04	
5.071996e-01	7.862817e-05	
4.665917e+00	1.055044e-04	
6.934255e+00	5.522704e-05	
5.221379e+00	1.107295e-05	
5.701337e+00	5.193271e-05	
1.681948e+00	5.530034e-05	
5.747013e+00	7.179701e-05	
5.269681e+00	7.217459e-05	
7.655142e+00	4.323893e-05	
3.448478e+00	2.239991e-05	
7.186059e+00	6.353085e-05	
8.021599e+00	7.402125e-05	
5.927039e+00	5.480117e-05	
1.935105e+00	4.390494e-05	
7.811632e-01	4.609970e-05	
3.560258e+00	4.531522e-05	
4.399298e+00	3.951227e-05	
4.493302e+00	3.848302e-05	
1.319311e+00	5.348886e-05	
9.224727e+00	3.710854e-05	
2.983928e+00	6.153961e-05	
6.362091e+00	7.476194e-05	
5.427595e+00	3.192442e-05	
8.544865e-01	9.815687e-05	
3.365156e+00	6.855510e-05	
5.491821e+00	7.679165e-05	
2.130832e+00	9.082009e-05	
5.421112e+00	3.930029e-05	
2.540750e+00	4.760510e-05	
3.618839e+00	3.276038e-05	
3.845627e+00	4.097809e-06	
3.767189e+00	1.870682e-05	
5.795960e+00	2.070310e-05	
6.360550e+00	1.443325e-05	
5.410960e+00	2.820386e-05	
5.284208e+00	2.639573e-05	
2.488781e+00	7.695308e-05	
4.310715e+00	1.532394e-04	
2.747417e+00	2.817921e-04	
1.102419e+00	4.582066e-05	
3.782820e+00	3.566757e-05	
7.588224e+00	3.992195e-05	
5.102861e+00	2.681147e-06	
3.214604e+00	1.296520e-05	
3.588165e+00	5.388271e-05	
8.582703e+00	6.581863e-05	
7.512511e+00	4.927790e-05	
4.398258e+00	3.182401e-05	
4.504257e+00	6.696550e-05	
7.477316e+00	2.994584e-05	
8.086300e+00	3.130860e-05	
3.153828e+00	3.636177e-05	
3.933682e+00	3.295789e-05	
5.989020e+00	5.351816e-05	
1.124202e+00	4.546351e-05	
3.328473e+00	5.923064e-05	
5.845543e+00	3.434857e-05	
3.940719e+00	3.905706e-05	
2.234236e+00	5.147892e-05	
5.882771e+00	3.495623e-05	
1.941748e+00	3.673158e-05	
2.965308e+00	3.915081e-05	
6.036205e+00	5.388701e-05	
6.697622e-01	5.601026e-05	
4.556488e+00	5.544281e-05	
3.475846e+00	6.802888e-05	
1.574220e+00	6.157027e-05	
2.041325e+00	8.844812e-06	
6.352117e+00	9.837300e-06	
5.660728e+00	7.055806e-06	
3.442651e+00	2.774702e-05	
4.529679e+00	1.774512e-05	
5.975627e+00	1.606666e-05	
8.891927e+00	2.907293e-05	
5.619070e+00	9.508354e-05	
6.127040e+00	1.344866e-04	
5.632248e+00	2.099850e-04	
5.096641e+00	2.855997e-05	
4.246690e+00	8.169615e-05	
7.735011e-01	6.799060e-05	
4.980203e+00	2.217702e-05	
3.764327e+00	5.154560e-06	
7.217891e+00	5.643002e-05	
7.972038e+00	6.938569e-05	
4.700469e+00	3.830250e-05	
4.569972e+00	4.940870e-05	
7.374838e+00	2.450355e-05	
5.504044e+00	3.763733e-05	
6.554014e+00	4.234644e-05	
1.231201e+00	5.791076e-05	
4.024745e+00	3.582996e-05	
2.374656e+00	4.845148e-05	
2.003975e+00	3.778014e-05	
5.864372e+00	5.777583e-05	
4.848683e+00	1.379318e-05	
2.753263e+00	2.669811e-05	
7.320621e+00	3.250406e-05	
9.240806e+00	5.940006e-05	
4.312806e+00	6.159689e-05	
2.374865e+00	3.879783e-05	
3.586141e+00	5.808553e-05	
8.212739e+00	3.705802e-05	
3.361092e+00	4.487498e-05	
3.139416e+00	4.938071e-05	
1.173312e+00	4.581672e-05	
3.753850e+00	9.989789e-06	
7.424440e+00	2.036519e-06	
6.067149e+00	3.298820e-05	
1.713148e+00	8.957699e-06	
4.784267e+00	2.615700e-06	
1.268802e+00	5.373593e-05	
4.202752e+00	8.615446e-05	
1.693338e+00	7.270313e-05	
3.249298e+00	8.949619e-05	
2.536701e+00	1.236935e-04	
2.902353e+00	1.573123e-04	
4.471041e+00	2.621870e-05	
4.707430e+00	8.050812e-06	
1.509318e+00	5.175598e-05	
5.415424e+00	1.282021e-05	
3.247169e+00	7.384602e-05	
2.500566e+00	6.925623e-05	
4.367195e+00	1.792639e-05	
1.607105e+00	2.036297e-05	
2.069257e+00	6.349117e-05	
8.215550e+00	8.855597e-05	
5.781741e+00	4.532699e-05	
4.127439e+00	7.131229e-05	
6.636702e+00	3.872315e-05	
2.964565e+00	4.030867e-05	
5.156643e+00	5.966610e-05	
2.402288e+00	2.151939e-05	
4.901764e+00	4.618520e-05	
3.881199e+00	6.517326e-05	
9.800961e+00	3.817345e-05	
4.398406e+00	9.114917e-05	
3.859493e+00	8.025645e-05	
2.613606e+00	4.641887e-05	
5.700154e+00	5.124922e-05	
3.472506e+00	7.339989e-05	
6.031976e+00	6.253391e-05	
4.268099e+00	7.214126e-05	
1.338953e+00	3.375586e-05	
2.857462e+00	4.221373e-05	
8.271723e+00	1.970129e-05	
5.451293e+00	5.205056e-06	
5.439558e+00	1.247115e-05	
5.208720e+00	1.090948e-05	
2.189950e+00	6.251728e-05	
3.768617e+00	3.767192e-05	
1.248377e+00	4.431549e-05	
2.399502e+00	2.029766e-05	
6.633692e+00	1.157427e-04	
4.691592e+00	2.404187e-04	
7.105147e+00	5.100883e-05	
9.615817e+00	1.294513e-04	
5.605282e+00	5.147204e-05	
2.952664e+00	1.991977e-06	
8.245580e+00	1.386340e-05	
6.659920e+00	2.902459e-05	
6.989861e+00	3.927959e-05	
4.547639e+00	5.281009e-05	
4.372367e+00	6.389019e-05	
2.922678e+00	7.274404e-05	
3.256283e+00	3.296117e-05	
1.136971e+01	6.983636e-05	
7.813472e+00	2.661480e-05	
2.352492e+00	3.091961e-05	
4.275804e+00	6.031033e-05	
4.267735e+00	3.390667e-05	
3.562741e+00	4.688474e-05	
3.798153e+00	5.555375e-05	
5.139879e+00	5.657869e-05	
6.453618e+00	3.273521e-05	
4.064131e+00	6.119605e-05	
3.692643e+00	3.577115e-05	
8.512069e-01	6.016474e-05	
5.798356e+00	3.861163e-05	
3.413859e+00	6.998394e-05	
7.376010e+00	2.781764e-05	
6.408860e+00	5.323363e-05	
6.776213e+00	3.210097e-05	
6.875074e+00	2.130438e-05	
5.665242e+00	3.645815e-05	
3.577232e+00	3.763847e-07	
6.147512e+00	5.018872e-05	
3.597442e+00	2.436418e-05	
2.048325e+00	6.261604e-05	
3.241816e+00	7.302813e-05	
6.446600e+00	5.927791e-05	
3.509333e+00	2.073153e-04	
2.715831e+00	1.654142e-04	
4.897145e+00	1.104472e-04	
1.708449e+00	9.759476e-05	
3.947897e+00	6.173193e-05	
3.481181e+00	2.578178e-05	
7.109324e+00	2.549984e-05	
8.656070e+00	3.134861e-05	
8.137861e+00	3.453595e-05	
2.152592e+00	4.596129e-05	
3.901207e+00	4.432191e-05	
9.241311e+00	2.597250e-05	
8.758675e+00	5.324639e-05	
5.324523e+00	4.754286e-05	
3.126918e+00	1.717041e-05	
4.203332e+00	4.942816e-05	
3.810654e+00	3.059842e-05	
3.190975e+00	3.833360e-05	
4.856585e+00	3.913675e-05	
3.438534e+00	3.118683e-05	
1.005663e+01	3.284837e-05	
2.798861e+00	2.574995e-05	
7.371098e+00	2.064731e-05	
2.346345e+00	4.831087e-05	
3.333099e+00	4.711850e-05	
4.231481e+00	4.880742e-05	
6.463773e+00	6.409010e-06	
3.119749e+00	3.399216e-05	
5.064689e+00	1.492358e-05	
1.097757e+00	2.940702e-05	
3.360065e+00	8.135025e-06	
2.801392e+00	3.641233e-05	
4.088500e+00	1.171134e-05	
2.642623e+00	3.864762e-05	
6.873553e+00	6.130851e-05	
8.709979e+00	9.329821e-06	
4.742398e+00	8.659239e-06	
5.571668e+00	3.212650e-05	
1.841818e+00	3.336687e-04	
3.215413e+00	3.097939e-04	
2.293607e+00	1.149896e-04	
2.024659e+00	8.092930e-05	
5.626042e+00	1.105241e-04	
4.834129e+00	7.773291e-05	
5.697672e+00	1.950544e-05	
5.327010e+00	8.783479e-07	
5.487767e+00	2.627273e-05	
7.848427e+00	1.014236e-05	
3.243305e+00	3.651664e-05	
9.785864e+00	6.521334e-05	
2.612057e+00	5.627637e-05	
4.658713e+00	4.455948e-05	
6.831011e+00	4.016609e-05	
4.625784e+00	1.526554e-05	
3.508501e+00	4.132769e-05	
5.978933e+00	5.186736e-05	
5.496574e+00	4.263161e-05	
3.152395e+00	4.591457e-05	
4.066261e+00	1.869090e-05	
5.162160e+00	1.216105e-05	
6.418062e+00	2.339005e-05	
5.725653e+00	4.129538e-05	
3.730514e+00	6.572083e-05	
3.700037e+00	1.781593e-05	
7.803788e+00	2.918941e-05	
5.688156e+00	3.184577e-05	
6.793538e+00	3.916628e-05	
3.784156e+00	8.787555e-06	
4.686349e+00	1.320227e-05	
1.840685e+00	2.533662e-05	
8.079469e-01	1.539234e-05	
5.928896e+00	5.304818e-05	
6.007489e+00	2.807836e-05	
6.531199e+00	6.076557e-05	
4.314749e+00	1.100148e-04	
2.706598e+00	1.161276e-04	
3.671485e+00	6.894334e-05	
2.524202e+00	1.573114e-04	
3.784663e+00	1.320045e-04	
6.118731e+00	6.477848e-05	
5.363837e+00	1.245587e-04	
3.666373e+00	1.116533e-04	
7.220282e+00	5.742632e-06	
3.921290e+00	9.045482e-06	
1.794554e-01	4.308983e-05	
2.826592e+00	5.153040e-05	
5.702112e+00	2.694494e-05	
5.326307e+00	4.352982e-05	
7.157576e+00	6.254910e-05	
3.888654e+00	5.672455e-05	
5.139272e+00	3.805406e-05	
3.848412e+00	1.372123e-05	
6.336847e+00	2.963259e-05	
5.373850e+00	2.576994e-05	
4.471880e+00	6.605654e-05	
2.695427e+00	2.714997e-05	
3.285360e+00	2.178280e-06	
5.309540e+00	1.590439e-05	
7.427905e+00	2.961963e-05	
5.765322e+00	3.539788e-05	
6.134868e+00	6.366763e-06	
2.261329e+00	2.679191e-05	
4.133356e+00	1.188988e-05	
3.371628e+00	1.941385e-05	
5.290678e+00	3.327486e-05	
7.221320e+00	4.520715e-05	
2.998486e+00	2.701978e-05	
4.338406e+00	2.665657e-05	
4.308715e+00	1.515324e-05	
5.798514e+00	6.936465e-05	
5.036040e+00	4.795356e-05	
5.846381e+00	2.885895e-05	
4.595945e+00	1.428135e-04	
3.220416e+00	7.695216e-05	
2.639350e+00	1.848700e-04	
5.496565e+00	2.456548e-04	
6.160014e+00	1.098658e-04	
4.233085e+00	5.134233e-05	
1.952949e+00	7.933425e-05	
7.456725e+00	8.268733e-05	
6.136930e+00	1.075563e-05	
1.428386e+00	5.626039e-06	
1.661594e+00	1.613540e-05	
3.542231e+00	5.103760e-05	
9.087439e-01	2.700745e-06	
4.488428e+00	1.731176e-05	
5.292905e+00	1.951588e-05	
5.050606e+00	4.906679e-05	
3.701695e+00	5.386174e-05	
2.041338e+00	3.325362e-05	
1.743978e+00	3.718171e-05	
5.784961e+00	4.090198e-05	
5.596108e+00	2.793667e-05	
4.145281e+00	4.602629e-05	
3.364830e+00	4.636654e-05	
3.513245e+00	2.891536e-05	
4.459176e+00	2.787008e-05	
5.521393e+00	2.131218e-06	
5.879853e+00	2.347402e-05	
4.367143e+00	1.166633e-06	
6.006439e+00	2.394569e-05	
6.232832e+00	1.863596e-07	
5.182830e+00	1.157416e-05	
5.583846e+00	3.899799e-05	
3.747396e+00	5.524206e-05	
6.978935e+00	1.384692e-05	
6.565974e+00	9.650439e-06	
5.263600e+00	8.637739e-05	
1.068233e+00	2.977201e-05	
6.480261e+00	1.064267e-04	
5.903674e+00	1.072475e-04	
6.248212e+00	1.456661e-04	
5.166948e+00	2.220747e-04	
3.176575e+00	4.100688e-04	
5.661784e+00	1.087629e-04	
7.595619e+00	3.812552e-05	
7.786324e+00	9.953783e-05	
5.484734e+00	6.182403e-05	
5.537407e+00	3.779308e-05	
7.328053e+00	2.580450e-05	
7.216987e+00	3.215081e-05	
3.357425e+00	4.050236e-06	
3.718048e+00	5.947360e-06	
2.317905e+00	1.602336e-05	
5.864837e+00	1.430012e-05	
7.229069e+00	3.123531e-05	
5.550960e+00	6.666154e-05	
6.692858e+00	3.986813e-05	
2.303988e+00	2.703278e-05	
5.712320e+00	3.034129e-05	
2.263705e+00	1.633625e-05	
4.268946e+00	4.164252e-05	
5.723325e+00	1.504508e-05	
2.666145e+00	3.945436e-05	
3.537091e-01	1.840111e-05	
1.954710e+00	1.397891e-05	
3.867399e+00	1.989432e-05	
5.977190e+00	3.276201e-06	
4.880191e+00	9.340339e-06	
4.000059e+00	7.449525e-06	
4.961298e+00	6.085065e-06	
1.534726e+00	6.143659e-05	
8.489301e+00	3.684279e-05	
6.362539e+00	3.123218e-05	
3.621715e+00	2.995187e-06	
9.854904e+00	1.021272e-04	
5.656264e+00	5.263381e-06	
8.514147e+00	6.951074e-05	
2.989090e+00	1.936253e-04	
6.892177e+00	2.494749e-04	
3.128473e+00	6.536794e-05	
6.329811e+00	3.489598e-04	
3.003167e+00	3.829773e-05	
9.354491e+00	3.375983e-05	
8.032776e+00	4.110049e-05	
2.338996e-01	8.134776e-05	
2.641897e+00	1.760242e-05	
5.906133e+00	6.271530e-05	
5.412048e+00	1.802331e-05	
2.807212e+00	2.953633e-05	
3.106873e+00	7.690261e-06	
3.600415e+00	2.512088e-05	
2.024042e+00	2.868643e-05	
3.532961e+00	3.577612e-06	
6.536585e+00	5.132007e-05	
5.450989e+00	5.404304e-05	
2.349144e+00	2.861949e-05	
3.658944e+00	1.651532e-05	
3.594635e-01	1.847615e-05	
3.175890e+00	4.259180e-06	
5.183308e+00	2.797258e-05	
5.704742e+00	2.957484e-06	
2.696870e+00	2.023836e-05	
1.601748e+00	9.475133e-06	
3.023304e+00	2.995253e-05	
3.024252e+00	1.929202e-05	
3.298885e+00	3.183286e-05	
4.829683e+00	6.694535e-05	
5.915764e+00	4.194023e-05	
3.335121e+00	3.731864e-05	
5.331837e+00	5.338578e-05	
8.242450e-01	2.898775e-05	
8.948796e+00	4.690835e-05	
6.741350e+00	1.402948e-04	
6.671628e+00	9.083341e-05	
1.034124e+01	5.388073e-05	
4.853954e+00	1.578821e-04	
5.755707e+00	1.818840e-04	
5.520394e+00	1.712928e-04	
1.821510e+00	2.944860e-04	
4.764412e+00	1.518853e-04	
6.190527e+00	9.526118e-05	
3.606422e+00	2.584255e-05	
5.522432e+00	2.755777e-05	
4.503425e+00	5.420658e-05	
3.775125e-01	3.928012e-05	
4.613512e+00	3.565005e-05	
3.886769e+00	4.533146e-05	
4.462735e+00	1.257928e-05	
3.424124e+00	4.493653e-05	
1.239718e+00	2.118703e-05	
7.881959e+00	1.632984e-05	
6.045664e+00	2.045004e-05	
5.752720e+00	4.789964e-05	
8.015355e+00	5.610409e-05	
1.593216e+00	3.078207e-05	
7.712414e+00	3.181583e-05	
6.362804e+00	4.377479e-05	
1.120112e+00	1.612335e-05	
3.689671e+00	5.382380e-06	
4.348736e+00	4.259030e-06	
5.942247e+00	1.188891e-05	
8.448785e+00	1.479329e-06	
3.112668e+00	4.478316e-06	
6.233256e-01	1.433972e-05	
4.387732e+00	5.345976e-05	
5.195209e+00	4.261608e-05	
1.279669e+00	2.093393e-05	
3.869054e+00	2.103500e-05	
3.425509e+00	7.437108e-06	
8.821418e+00	2.252092e-05	
6.520039e+00	9.862321e-05	
3.434829e+00	6.683852e-05	
4.428335e+00	7.475175e-05	
1.854499e+00	2.854556e-04	
1.420621e+00	3.445216e-04	
6.167912e+00	1.271174e-04	
4.027839e+00	2.225118e-04	
5.278703e+00	5.494112e-05	
5.871354e+00	9.054676e-05	
5.193446e+00	5.469010e-05	
7.846924e+00	7.999231e-05	
7.072244e+00	9.075862e-05	
5.195803e+00	6.763780e-05	
2.752568e+00	4.997711e-05	
9.647397e+00	6.295545e-05	
7.098694e+00	3.342359e-05	
4.001104e+00	5.578089e-05	
4.059660e+00	4.141649e-05	
1.975209e+00	1.875388e-05	
7.299857e+00	4.416079e-05	
1.217766e+00	3.315476e-05	
6.458729e+00	4.066363e-05	
5.443245e+00	3.496455e-05	
3.437767e-01	4.398230e-05	
8.067703e+00	2.706495e-05	
5.827470e+00	1.475300e-05	
7.428265e+00	2.407123e-05	
6.785619e+00	1.354343e-05	
3.777529e+00	1.479809e-05	
6.036047e+00	2.050942e-05	
3.209726e+00	1.513374e-05	
5.447590e+00	1.087173e-05	
4.925159e+00	4.548514e-05	
4.582944e+00	6.582808e-06	
8.536004e+00	3.531011e-06	
1.969554e+00	7.246454e-05	
2.730361e+00	7.080690e-05	
5.816994e+00	3.570443e-05	
5.545541e+00	8.862189e-05	
4.324558e+00	2.677910e-05	
6.233331e+00	7.310145e-05	
1.700985e+00	2.750272e-04	
1.870339e+00	2.125741e-04	
6.023818e+00	2.669854e-04	
6.954865e+00	2.778154e-04	
2.103617e+00	1.059155e-04	
2.735774e+00	1.658599e-04	
7.780461e+00	7.999202e-05	
2.542556e+00	4.221397e-05	
1.916515e+00	6.419642e-05	
6.728342e+00	6.363764e-05	
5.985005e+00	7.635378e-05	
2.010219e+00	4.906984e-05	
5.461849e+00	3.470898e-05	
4.129667e+00	5.107656e-05	
4.912786e+00	4.057383e-05	
6.575084e+00	6.386840e-05	
2.160455e+00	3.120041e-05	
6.094068e+00	3.709308e-05	
5.427902e+00	3.800078e-05	
2.342642e+00	3.405283e-05	
2.944848e+00	4.943122e-05	
6.677407e+00	4.314063e-05	
7.065658e+00	3.201926e-05	
3.798270e+00	4.104867e-05	
4.594696e+00	2.684391e-05	
4.174482e+00	1.029264e-05	
1.568878e+00	4.574550e-05	
4.878474e+00	4.914390e-05	
6.208179e+00	4.299604e-05	
6.933163e+00	2.092137e-05	
5.159079e+00	4.325390e-05	
6.385985e+00	3.136132e-05	
3.175396e+00	1.807904e-05	
5.366146e+00	5.574971e-05	
3.037737e+00	6.521095e-05	
1.921531e+00	8.139674e-05	
1.811203e+00	5.196183e-05	
4.083521e+00	3.175288e-05	
4.325891e+00	1.455456e-04	
4.482884e+00	1.565794e-04	
3.755534e+00	5.329708e-05	
6.727667e+00	2.538068e-04	
3.436862e+00	2.228929e-04	
1.270315e+00	1.313427e-04	
5.442729e+00	4.254541e-05	
4.400813e+00	8.701678e-06	
4.777050e+00	3.447526e-05	
3.704665e+00	8.047329e-05	
9.486283e-01	7.197767e-05	
4.075116e+00	4.243939e-05	
6.441272e+00	4.825179e-05	
3.514786e+00	4.594071e-05	
2.039212e+00	2.621496e-05	
1.139721e+00	2.861757e-05	
1.652659e+00	2.419239e-05	
6.526392e+00	1.346666e-05	
2.109016e+00	2.358036e-05	
3.789968e+00	4.835857e-05	
1.150412e+00	6.990872e-05	
4.845857e+00	4.083336e-05	
2.026477e+00	7.178062e-05	
5.077205e+00	6.458948e-05	
4.737649e+00	1.951465e-05	
4.202350e+00	2.331017e-05	
4.121471e+00	5.406442e-05	
4.298801e+00	7.811335e-05	
4.614096e+00	2.345723e-05	
4.087808e+00	3.393028e-05	
4.660720e+00	6.182457e-05	
1.565542e+00	3.830807e-05	
4.289411e+00	1.814153e-06	
5.616647e+00	4.942473e-05	
4.358616e+00	6.081616e-05	
2.604740e+00	9.750865e-05	
9.021091e+00	2.623602e-05	
3.201906e+00	4.659640e-05	
2.270534e+00	1.088157e-04	
1.894937e-01	1.420848e-04	
3.995441e+00	2.176448e-04	
3.679370e+00	1.571440e-04	
5.253911e+00	1.261551e-04	
5.468728e+00	1.917654e-04	
2.058598e+00	1.757820e-06	
5.532588e+00	3.862180e-05	
7.863844e+00	7.654963e-05	
5.573017e+00	3.465146e-05	
4.665955e+00	7.676946e-05	
4.634994e+00	4.043651e-05	
9.921567e-01	3.451457e-05	
4.933701e+00	3.638433e-05	
7.557074e+00	1.103507e-06	
3.363661e+00	3.161915e-06	
3.976682e+00	2.588983e-06	
5.677747e+00	1.194627e-05	
3.453759e+00	4.396506e-05	
7.278372e+00	6.285838e-05	
1.592066e+00	5.375552e-05	
4.213383e+00	4.317677e-05	
7.374574e+00	5.065420e-05	
6.907922e+00	6.705272e-06	
4.881107e+00	3.639689e-05	
6.473885e+00	1.656601e-05	
3.676442e+00	2.351493e-05	
2.242178e+00	5.058399e-05	
5.175534e+00	4.092304e-05	
1.207206e+00	4.644669e-05	
5.348956e+00	5.666241e-05	
2.433231e+00	3.908913e-05	
5.642197e+00	2.354956e-05	
7.121512e+00	7.162492e-05	
5.100229e+00	4.576402e-05	
5.051925e+00	6.097959e-05	
4.625567e+00	1.078452e-04	
6.238530e+00	2.609494e-05	
3.962065e+00	1.391061e-04	
5.687005e+00	1.598206e-04	
5.133837e+00	1.839867e-04	
5.941935e+00	1.094269e-04	
5.212380e+00	1.160128e-04	
3.604750e+00	1.247378e-04	
3.080430e+00	6.492181e-06	
5.122059e+00	1.659139e-05	
3.545963e+00	5.311842e-05	
3.465177e+00	3.661888e-05	
4.660593e+00	2.311792e-05	
3.213245e-01	5.743410e-05	
4.030331e+00	2.709952e-05	
6.810574e+00	7.044308e-05	
5.095143e+00	3.039450e-05	
4.770761e+00	3.005221e-05	
5.502235e+00	5.678412e-05	
5.717732e+00	5.547186e-05	
4.963363e+00	4.936789e-05	
2.880764e-01	4.795400e-05	
2.721411e+00	5.172830e-05	
6.492941e+00	5.566944e-05	
5.474957e+00	2.690076e-05	
3.473130e+00	4.152052e-05	
2.353966e+00	5.219447e-05	
3.542355e+00	2.309831e-05	
5.275970e+00	7.404726e-06	
3.430714e+00	3.436097e-05	
2.690679e+00	2.436969e-05	
6.250399e+00	3.985764e-05	
1.181996e+00	5.391128e-05	
4.457994e+00	2.317969e-05	
6.262956e+00	2.387799e-05	
5.903453e+00	8.376541e-05	
5.547483e+00	8.449494e-05	
6.980531e+00	5.733569e-05	
2.176935e+00	3.452132e-05	
3.898602e+00	4.839222e-05	
4.095764e+00	1.005360e-04	
4.519612e+00	1.204477e-04	
4.712825e+00	1.376458e-04	
6.225589e+00	2.309354e-04	
5.143454e+00	1.074892e-04	
4.394793e+00	1.669939e-04	
4.698848e+00	5.696828e-05	
3.066996e+00	3.740029e-05	
2.079741e+00	2.822960e-05	
6.898187e-01	6.903290e-06	
3.591885e+00	6.028765e-05	
1.477542e+00	6.413343e-06	
2.609721e+00	6.288591e-05	
6.947354e+00	7.159026e-05	
4.943346e+00	3.517597e-05	
5.965046e+00	5.588757e-05	
2.438183e+00	6.163504e-05	
1.003281e+00	4.754850e-05	
2.639245e+00	2.995490e-05	
2.252127e+00	4.112088e-05	
3.375114e+00	2.031126e-05	
3.523032e+00	6.096813e-05	
3.776488e+00	2.917070e-05	
3.210980e+00	3.163342e-05	
4.151831e+00	3.318704e-05	
4.774849e+00	2.792909e-05	
8.981340e+00	9.383711e-06	
5.274174e+00	8.357170e-06	
5.712756e+00	1.634681e-05	
4.150920e+00	5.280683e-06	
4.692302e+00	4.681559e-06	
6.070923e+00	1.777055e-05	
9.981857e-01	3.624570e-06	
4.372685e+00	4.718180e-05	
4.342288e+00	6.320744e-05	
2.740374e+00	7.509080e-05	
2.105404e+00	5.106074e-05	
5.371684e+00	1.101538e-04	
1.187626e+00	6.240790e-05	
5.312377e+00	1.245690e-04	
5.807633e+00	2.540471e-04	
8.124497e+00	1.952816e-04	
3.691008e+00	5.034686e-05	
5.983567e+00	6.230531e-05	
5.513874e+00	5.795107e-05	
7.128945e-02	3.662807e-05	
2.077190e+00	3.138900e-05	
5.276821e+00	1.043782e-05	
4.438732e+00	6.869980e-06	
3.804582e+00	7.492770e-05	
7.556780e+00	3.480432e-05	
3.575136e+00	5.651150e-05	
3.929495e+00	1.774969e-05	
5.574034e-01	4.464798e-05	
4.407121e+00	2.900108e-05	
5.364324e+00	2.829177e-06	
2.211226e+00	2.221891e-05	
2.744659e+00	4.718317e-05	
6.767262e+00	5.273778e-05	
8.037783e+00	2.589564e-05	
3.047361e+00	6.181439e-05	
1.262855e+00	3.259775e-05	
4.517354e+00	4.363587e-05	
2.913980e+00	6.231682e-05	
3.756590e+00	2.338367e-05	
4.625836e+00	3.641800e-05	
5.877845e+00	2.070757e-05	
7.811804e+00	1.171039e-05	
5.820878e+00	2.106357e-05	
2.559326e+00	4.733068e-05	
5.054888e+00	7.204732e-06	
3.932446e+00	3.928399e-05	
4.408765e+00	5.956992e-05	
2.892100e+00	8.509688e-05	
2.205701e+00	8.135730e-05	
6.835451e+00	3.899342e-05	
1.932179e+00	7.355673e-05	
8.892980e+00	2.139473e-05	
7.198521e+00	2.045252e-04	
3.375165e+00	1.081896e-04	
8.629402e+00	2.385867e-06	
5.186344e+00	8.969918e-05	
4.898589e+00	1.183682e-05	
2.487337e+00	3.430277e-05	
6.058997e+00	5.952950e-05	
3.354925e+00	3.395492e-05	
8.085070e+00	3.081903e-05	
6.147534e+00	1.942348e-05	
4.584610e+00	2.506786e-05	
5.056734e+00	2.185080e-05	
2.984040e+00	4.361742e-07	
6.888611e+00	5.930270e-06	
6.712909e+00	3.834613e-05	
8.212783e+00	2.463078e-05	
4.796659e+00	2.653609e-05	
5.167988e+00	3.939422e-05	
5.755920e+00	2.152578e-05	
9.049952e+00	2.535858e-05	
1.453960e+00	1.768905e-05	
3.756000e+00	2.592774e-05	
4.041020e+00	4.791958e-05	
2.208781e+00	4.778213e-05	
6.171062e+00	3.075317e-05	
2.830888e+00	5.065962e-05	
1.356231e+00	4.649245e-05	
5.906196e+00	5.649342e-07	
7.234654e+00	1.310623e-05	
7.310056e+00	4.788773e-05	
1.870823e+00	2.894860e-05	
3.715693e+00	2.083349e-05	
3.886694e+00	8.012491e-05	
7.524368e+00	3.425692e-05	
4.766398e+00	3.304178e-05	
5.720043e+00	2.893209e-05	
7.565063e+00	4.963212e-05	
8.042658e+00	1.222394e-04	
2.486457e+00	1.486540e-04	
3.444762e+00	7.554933e-05	
5.336740e+00	3.052537e-05	
6.712920e+00	2.566581e-05	
5.959058e+00	2.007182e-05	
5.322684e+00	1.977729e-05	
2.253857e+00	3.216548e-05	
4.357204e+00	4.421542e-05	
3.809713e+00	1.392782e-05	
4.461039e+00	2.018316e-06	
4.912492e+00	3.380997e-05	
2.999917e+00	2.361443e-05	
1.395063e+00	3.031074e-05	
7.011268e+00	3.121281e-05	
8.295480e+00	2.864052e-05	
8.120591e+00	3.424243e-05	
7.124685e+00	3.214765e-05	
3.787781e+00	2.648294e-06	
2.326303e+00	1.504613e-05	
2.716857e+00	2.863782e-05	
3.901994e+00	9.693931e-06	
4.561029e+00	1.732626e-05	
4.219693e+00	1.917544e-05	
2.880693e+00	4.955535e-06	
2.533694e+00	1.050225e-05	
3.463759e+00	4.834699e-05	
4.789202e+00	1.933388e-05	
5.472881e+00	2.660372e-05	
6.647199e+00	1.809731e-05	
6.249417e+00	5.082943e-05	
3.655932e+00	4.113193e-05	
6.706015e+00	4.198394e-05	
3.275104e+00	5.078702e-05	
5.645752e+00	2.161584e-05	
7.079213e+00	1.933815e-05	
6.266366e+00	3.439525e-05	
4.239034e+00	6.313530e-06	
6.170876e+00	1.071525e-05	
5.715467e+00	2.171978e-04	
