0	0
0.0256410256410256	0
0.0512820512820513	0
0.0769230769230769	0
0.102564102564103	0
0.128205128205128	0
0.153846153846154	0
0.179487179487179	0
0.205128205128205	0
0.230769230769231	0
0.256410256410256	0
0.282051282051282	0
0.307692307692308	0
0.333333333333333	0
0.358974358974359	0
0.384615384615385	0
0.41025641025641	0
0.435897435897436	0
0.461538461538462	0
0.487179487179487	0
0.512820512820513	0
0.538461538461538	0
0.564102564102564	0
0.58974358974359	0
0.615384615384615	0
0.641025641025641	0
0.666666666666667	0
0.692307692307692	0
0.717948717948718	0
0.743589743589744	0
0.769230769230769	0
0.794871794871795	0
0.82051282051282	0
0.846153846153846	0
0.871794871794872	0
0.897435897435897	0
0.923076923076923	0
0.948717948717949	0
0.974358974358974	0
1	0
0	1
0.0256410256410256	1
0.0512820512820513	1
0.0769230769230769	1
0.102564102564103	1
0.128205128205128	1
0.153846153846154	1
0.179487179487179	1
0.205128205128205	1
0.230769230769231	1
0.256410256410256	1
0.282051282051282	1
0.307692307692308	1
0.333333333333333	1
0.358974358974359	1
0.384615384615385	1
0.41025641025641	1
0.435897435897436	1
0.461538461538462	1
0.487179487179487	1
0.512820512820513	1
0.538461538461538	1
0.564102564102564	1
0.58974358974359	1
0.615384615384615	1
0.641025641025641	1
0.666666666666667	1
0.692307692307692	1
0.717948717948718	1
0.743589743589744	1
0.769230769230769	1
0.794871794871795	1
0.82051282051282	1
0.846153846153846	1
0.871794871794872	1
0.897435897435897	1
0.923076923076923	1
0.948717948717949	1
0.974358974358974	1
1	1
0	0.0256410256410256
0	0.0512820512820513
0	0.0769230769230769
0	0.102564102564103
0	0.128205128205128
0	0.153846153846154
0	0.179487179487179
0	0.205128205128205
0	0.230769230769231
0	0.256410256410256
0	0.282051282051282
0	0.307692307692308
0	0.333333333333333
0	0.358974358974359
0	0.384615384615385
0	0.41025641025641
0	0.435897435897436
0	0.461538461538462
0	0.487179487179487
0	0.512820512820513
0	0.538461538461538
0	0.564102564102564
0	0.58974358974359
0	0.615384615384615
0	0.641025641025641
0	0.666666666666667
0	0.692307692307692
0	0.717948717948718
0	0.743589743589744
0	0.769230769230769
0	0.794871794871795
0	0.82051282051282
0	0.846153846153846
0	0.871794871794872
0	0.897435897435897
0	0.923076923076923
0	0.948717948717949
0	0.974358974358974
1	0.0256410256410256
1	0.0512820512820513
1	0.0769230769230769
1	0.102564102564103
1	0.128205128205128
1	0.153846153846154
1	0.179487179487179
1	0.205128205128205
1	0.230769230769231
1	0.256410256410256
1	0.282051282051282
1	0.307692307692308
1	0.333333333333333
1	0.358974358974359
1	0.384615384615385
1	0.41025641025641
1	0.435897435897436
1	0.461538461538462
1	0.487179487179487
1	0.512820512820513
1	0.538461538461538
1	0.564102564102564
1	0.58974358974359
1	0.615384615384615
1	0.641025641025641
1	0.666666666666667
1	0.692307692307692
1	0.717948717948718
1	0.743589743589744
1	0.769230769230769
1	0.794871794871795
1	0.82051282051282
1	0.846153846153846
1	0.871794871794872
1	0.897435897435897
1	0.923076923076923
1	0.948717948717949
1	0.974358974358974
0.0269436235586859	0.0294258598569172
0.0486464452129092	0.0218370126663209
0.076848390934708	0.029095520054404
0.0999520351719175	0.0265787839007566
0.127395453449669	0.0277187253320162
0.153520693033497	0.027682292681483
0.177428250831248	0.0256100945862648
0.206612990647264	0.0237409469011423
0.2341706888925	0.0227248743356589
0.25901292338702	0.0231213796165483
0.281770266702791	0.0272385444148185
0.310444460108408	0.0282392266383227
0.329622397254824	0.0231044043477317
0.361807208484163	0.0285519181075426
0.385992959863604	0.0222410247567362
0.412092022060932	0.0286480005133829
0.439507967755512	0.0223924236740932
0.460874801186208	0.023136418444273
0.489516797543729	0.0291538163462155
0.5102395384904	0.0281135620196408
0.537466000411264	0.0289098235705814
0.564510900579776	0.0262003159681406
0.591400261436128	0.0227413298287526
0.612181053966185	0.0289914258153476
0.643592459225495	0.0290452990046198
0.66678544925337	0.0275824900519794
0.6923105546041	0.028586072283183
0.717819251645163	0.0232120442148538
0.740757049816804	0.0252467997563152
0.768010863911632	0.0253077930012122
0.791859117587663	0.0291439937944632
0.82417829042338	0.0279024881107531
0.846811741770777	0.0284049481404501
0.87225561438736	0.0219340914551914
0.893876888418367	0.0258972752687066
0.926614588157232	0.023022843354868
0.95219612519294	0.0229558312510799
0.973677553368673	0.0291465397141348
0.0268738515703237	0.0545414441978425
0.054029454283707	0.0489569218973707
0.0744672903191011	0.0528600288112101
0.101770308435959	0.0528481531956716
0.125773254495598	0.0513900086018394
0.153112648136187	0.049801070621645
0.18202168225104	0.0496734447110222
0.202019299110567	0.0535619441515474
0.228801365832482	0.0482602108157018
0.26011444300232	0.0526626084708226
0.281395388669654	0.0540834983637665
0.311264362238341	0.0532945495253259
0.334799615300012	0.0491707274581826
0.362386555957974	0.0477605181819901
0.384437502366431	0.0505176934393986
0.408402405891143	0.0485709649789807
0.436988802394342	0.0485485156246989
0.463933001523857	0.0546992023657483
0.484082884034467	0.0509701017373599
0.515633194157609	0.0489583656284769
0.535439758778755	0.0549807585998599
0.561798040261107	0.0548636369978133
0.592469232982769	0.0487603263903863
0.616658874691894	0.0493479158569854
0.643686337301154	0.0496372757075382
0.665266043106399	0.0544695363759691
0.69418408742265	0.0504625886229303
0.716359657056818	0.0534816952343471
0.744158006936925	0.055108022657711
0.767981556755703	0.0537985603050412
0.796621260785412	0.0519150457409361
0.817757092238976	0.0538874552956508
0.842686060362871	0.0551209334912883
0.871486993167832	0.0474700138012271
0.900455099537485	0.0505720775428583
0.924177748959926	0.0524777495628425
0.952234414746348	0.0537655283861062
0.974747719224917	0.0485073178125479
0.0287921284850729	0.0752419098749526
0.0485045210017087	0.0751822894890718
0.0766841238015403	0.0769657383407604
0.104543152796581	0.0801075973328229
0.125189833185042	0.0748355769528246
0.155653031219733	0.0788725491949358
0.1823889047281	0.0795726649087365
0.208664376214597	0.0743140694889748
0.227660876948651	0.079572841435789
0.258390913486474	0.0777080142710102
0.285086695746849	0.0798884837028842
0.308298728088463	0.0755543290698609
0.335273310780524	0.0773257565495936
0.362611493341666	0.0780451427865262
0.387111395231058	0.0795386040932712
0.41153975778303	0.0731247595031778
0.438645816311096	0.0787169470853601
0.46401586315685	0.077815661558476
0.489750997568926	0.0775443594985837
0.516245645183541	0.0759598723388611
0.537751604102381	0.0793482615297625
0.560809140435172	0.0794763165984261
0.590859013575828	0.0746780764192939
0.611992220919696	0.0768061023875144
0.640672551138114	0.0760178787408873
0.668029707772298	0.0805705741338402
0.693448381383359	0.0737075466354463
0.718917145290191	0.0756646622228737
0.74542238424624	0.0789532896749238
0.770635771772035	0.0738288207765248
0.793986471499704	0.0774945424191122
0.817469871812915	0.0791713540629412
0.845462524605294	0.0768546175663859
0.870448826157016	0.0807449463902462
0.898103559590794	0.0775492880969966
0.923157194487638	0.0803393966743407
0.949311646336129	0.0740061912597613
0.975435321784261	0.0736241288163691
0.0238477841040516	0.100418926676441
0.0542504715677438	0.100158908805873
0.078346553819698	0.101451225132258
0.10257812213804	0.105796155098048
0.126372583365351	0.104295688584207
0.15551089323095	0.102253837018402
0.180787019868454	0.104695014973048
0.205098465227162	0.106260107859925
0.228681884602002	0.10334189886479
0.257364821857928	0.103224988712427
0.285220960654841	0.103925001569267
0.308963461766992	0.100166618278765
0.33203891665335	0.102547828623709
0.361766426000194	0.101866325298734
0.383072921978284	0.102869090942187
0.411261965613416	0.104255191927671
0.439734371285613	0.104022239992557
0.462255893051272	0.102276611083265
0.484678435508305	0.101219759145396
0.51538519624296	0.0991532030334013
0.541769814794465	0.0998039284922283
0.562272469145954	0.102946962979396
0.586019860069273	0.101996134302258
0.617238299646723	0.106104183118675
0.638153062292011	0.100040998934978
0.669422378056147	0.104441088192627
0.689541399268609	0.102715294518455
0.718046247937216	0.10342352030541
0.740954482447914	0.100257596599341
0.766124901219526	0.100595238112485
0.796539968309886	0.100029508411373
0.823141940620952	0.103089363418086
0.842925062376674	0.103590806825416
0.872733519714746	0.0995937002353378
0.896887111753913	0.0996867968325907
0.919916838614044	0.100691250371615
0.950850097118613	0.101413657355451
0.973188612767198	0.105421867488387
0.0261880164581034	0.124971219870437
0.0496650077490218	0.131673524933409
0.0790735127623665	0.126433265644478
0.10413606614067	0.125000271071291
0.125926322486797	0.129795908170849
0.156073772448887	0.128806435187451
0.175729275755072	0.124627333602231
0.203115664696103	0.124376834092724
0.232081719218273	0.129834912559422
0.259904188304257	0.125216204525642
0.278693452202303	0.129175823176716
0.306705883077475	0.129907769841222
0.332197199320881	0.126915513682628
0.359771823383221	0.128441876128324
0.387817042227854	0.130677944435251
0.4101408047467	0.124664859262779
0.434355495001343	0.124368870086381
0.463712253730077	0.129924958853987
0.485039577937737	0.130968869676638
0.51634945952274	0.126733606630723
0.53920106639687	0.126155019371156
0.561530002085013	0.12953894769667
0.587529487190615	0.130264978706942
0.615986534661062	0.130263352747047
0.637838677341935	0.126604290212526
0.669202818483087	0.132006901823849
0.689123204317266	0.127818250306703
0.715080583790406	0.131746123996924
0.741826671480588	0.128101797840034
0.768226985096985	0.130588115322918
0.794676218682857	0.131073058151288
0.823584093463714	0.131768012320586
0.84706891416171	0.131376836423152
0.869288616863068	0.130479732026503
0.895541860573428	0.131700414803052
0.921474563467141	0.129513472473486
0.945193923474099	0.127265932755333
0.97346352807292	0.130833083927018
0.0231518421051592	0.150854132931981
0.0484016483731016	0.157142145153891
0.0753787678936552	0.156761082257227
0.103248397167759	0.152261598387013
0.127657297483464	0.154202277611993
0.157621283214204	0.152862765244053
0.177172111618364	0.152582875501545
0.207168910473252	0.150155574256199
0.234364139792451	0.153504513456559
0.254059160098153	0.156038860693427
0.281518069629246	0.152602964501285
0.311373134595992	0.15713172660949
0.329672066266558	0.152531431051768
0.356030637257951	0.155707438167832
0.383371037544272	0.150973287630782
0.413849279559797	0.155830702067597
0.439297642296063	0.154721269135971
0.462912730198396	0.153537910669394
0.48403062347228	0.156766630448822
0.513215249286249	0.153446129645622
0.534823885165419	0.154518617475614
0.560900227008671	0.152897931099953
0.590654189182194	0.157193818317294
0.614502585451817	0.15132638962047
0.638931204663112	0.157410263175808
0.666884444319199	0.153006524936105
0.690068228724658	0.15021089233836
0.72092804541183	0.154223865004296
0.745315307025611	0.155371239740256
0.768962524143178	0.156413498610326
0.793623332130591	0.153482681659748
0.821348039798577	0.151949427118991
0.843892342983563	0.156981114016262
0.868479395638792	0.155245609611528
0.900871087015421	0.15408392065193
0.923771163994536	0.155808894351041
0.952364194488623	0.154409595957989
0.973811653251087	0.157443188740703
0.0284001745627314	0.179540931666506
0.0535506135869203	0.177758487590246
0.0782075071141341	0.178075461182323
0.0995573390427266	0.177877561809051
0.125020509567004	0.181120765890188
0.156694949541955	0.176011492394974
0.181595478643653	0.177032662307222
0.205184482627104	0.179088251225508
0.233620332933778	0.17653985190813
0.25716026197937	0.181865040744677
0.282988669509296	0.183309226149564
0.306256972976665	0.182128196466683
0.337021412456454	0.182501564793133
0.361485831068193	0.18129897820004
0.381579320394366	0.182862373461345
0.408394084265493	0.180352064869229
0.435296431988924	0.180734172992102
0.462382111882483	0.179531653533687
0.490886997810326	0.181467055515979
0.510915979854972	0.178711507323422
0.536599524992602	0.17870068434978
0.566351531257907	0.176988633502789
0.591334974167135	0.182827590294181
0.611573037367826	0.179794464543719
0.644071103876205	0.178450143389736
0.667748145002199	0.18145878646439
0.694799650723772	0.182056203169317
0.716118315816643	0.178214065402044
0.744816428186732	0.181561971767573
0.767406250323975	0.18151629385752
0.792522082872698	0.182151648934181
0.821600411600895	0.181699428513222
0.849466594890452	0.18073520059495
0.874660226261376	0.18197563316687
0.895103675325353	0.179528980383556
0.926388026741719	0.175824691047917
0.95162913720339	0.178987907978551
0.972608912259182	0.176788949521006
0.0241884143293914	0.201901449302929
0.0482072173786662	0.208289540532939
0.0733487876476635	0.208883303711375
0.104252253339108	0.202536579404301
0.130859594774576	0.203598524113297
0.15368090835189	0.208718442874746
0.180041677363225	0.20828851778438
0.203389000634547	0.208620374659444
0.231078018294755	0.207240631629515
0.255983596571159	0.206925909447184
0.285618337168566	0.201399548242031
0.31084261714923	0.202493775725972
0.336046455183409	0.207107060483691
0.358242450825073	0.201541443800257
0.381642214041838	0.207431225925003
0.413639900530811	0.201454089583877
0.438068730471153	0.201578462768217
0.464857564458882	0.206397005611202
0.484990125929609	0.206410287815253
0.512863071656486	0.201981224632823
0.541711340371088	0.204139458066904
0.565576060558564	0.201316316791243
0.590372870342629	0.204822320270578
0.617076144965996	0.204219985779076
0.640945359214281	0.203475846773313
0.670084854350134	0.208841954767692
0.691273631765628	0.208366022788503
0.720820674250262	0.204657142477962
0.741672213240728	0.208695933653554
0.768548636095503	0.20371006031271
0.791320633983155	0.207755533983463
0.817201536218576	0.20766716265039
0.846362161264078	0.203757576542146
0.873333415653187	0.205792004946961
0.897283223522586	0.207872858407479
0.92290054933463	0.206235931168655
0.94840067434222	0.202014617467704
0.974352848900882	0.206418504419003
0.0272096861755241	0.233087569861115
0.0550732375188705	0.227437893627609
0.0771698039000269	0.231638639574295
0.1037324263775	0.2284919027157
0.124475823703015	0.227331175700394
0.156123153278442	0.231768189603053
0.18135740140628	0.228884396268037
0.204409786431424	0.231745855634354
0.227486584362435	0.229218548460345
0.256944388393223	0.233045452643008
0.282852300043227	0.232114015281545
0.306347700353138	0.231061828519419
0.336137382899455	0.230233380097435
0.356729301858965	0.231354198765718
0.38554776940267	0.22989340903569
0.413336414223303	0.232921145744031
0.438895699045595	0.233453287933325
0.459921497387564	0.233065901743006
0.488877090671142	0.229303595823265
0.510608021637286	0.231163638129145
0.539382650083374	0.228645973032449
0.563500251066047	0.232202149940657
0.586649142808064	0.227904250712732
0.618430532068741	0.234136168475975
0.642559157801057	0.227855767977721
0.668646435989033	0.234498934743528
0.694295351843157	0.230038179520079
0.718457776277989	0.233507446371346
0.747030584374671	0.234535059103607
0.766875739307062	0.233129187229289
0.796514520388434	0.230162538368137
0.818181743110688	0.227076188776516
0.849925845620234	0.227135441604381
0.874684643754142	0.231474195857558
0.897352577389566	0.233948009313846
0.922016871019536	0.231234208733382
0.945052602312631	0.232270916372924
0.974450434161717	0.230310452715896
0.0237042168400716	0.253296067907811
0.0492316491587946	0.258704795577396
0.0753465698786267	0.253849671735833
0.102350532451719	0.254507803695822
0.13027740871247	0.254978950292105
0.150279968274912	0.253605327918539
0.183259291292687	0.253493839460967
0.205879622763163	0.257709977291251
0.229437461256909	0.25466473704698
0.255209382257394	0.259143803954419
0.284431279980834	0.252693657614972
0.308952808217598	0.258481594508545
0.334195293284921	0.259380890532118
0.358140790592716	0.252915159204918
0.382772402540978	0.253231733039778
0.414074542672417	0.254965149922011
0.439266964826949	0.255408615889729
0.461855041499088	0.256862864765815
0.488226524468642	0.255116748508458
0.512634403178852	0.257901670036817
0.540596342632218	0.2560070495679
0.566706295024526	0.259642698308074
0.590538139674906	0.257111352786452
0.616158588643384	0.257520465790206
0.638734384487955	0.25732685923108
0.66924267719303	0.252674008867008
0.695070293270566	0.253532548373582
0.720155204923374	0.259815038853757
0.742406246356469	0.260137242491758
0.771169916066703	0.253086351271597
0.798458320914392	0.256577733542028
0.818277742630223	0.257475199831578
0.845519295592412	0.25306104307801
0.875057303333652	0.253119222307277
0.898313378164883	0.258565341780923
0.921382255766238	0.259822578428842
0.95159040584047	0.253703875270229
0.975141648956273	0.258578596218591
0.0265645962049395	0.282410717438529
0.0535366104618293	0.282756292352716
0.0793527316501145	0.280853982874157
0.102479916695802	0.282684680061598
0.12710960900005	0.283159193669212
0.153508217575665	0.283260867093877
0.175814429127555	0.279833233830605
0.203336394131712	0.283100636632786
0.231720611433595	0.282320933167955
0.253125618355429	0.281698211567688
0.284386383766429	0.282871870117344
0.311253000202361	0.283396261048905
0.330158103116031	0.278958553015237
0.360749965091932	0.279601636549055
0.383579075709425	0.28365788419664
0.412149261571959	0.280060753223216
0.434142591817557	0.281040110695251
0.461169822195408	0.281595034157236
0.48796362029971	0.279422372120555
0.516256395672201	0.282199123622429
0.537297964881821	0.281114037271964
0.567598792846882	0.282393921116357
0.585963752518697	0.278550518605286
0.614340351870481	0.281540041830035
0.642337916559288	0.281849039624207
0.669549849947531	0.283502786634869
0.693794766776664	0.279634807131039
0.720381598178924	0.284758755117636
0.743310791351003	0.280458679347828
0.765513927692993	0.283985138803364
0.792849435297424	0.285633894215108
0.822861312512791	0.281927552444856
0.849035229159512	0.283034946278928
0.874159216906091	0.279687827168631
0.895434967315864	0.283574977165235
0.9240655070205	0.282293438441518
0.950516801282648	0.279987224364507
0.978034755433867	0.279962109115235
0.0228377260769948	0.310510408177791
0.0519666162019901	0.306347496286997
0.0768492093422979	0.304880912252538
0.101211017657404	0.305079146696942
0.130441114301424	0.305533497860838
0.150441883680501	0.306560011786476
0.176227620239845	0.306320126427434
0.205029512466049	0.310455197703821
0.230625564005932	0.30895383252491
0.253937177077594	0.311192075899393
0.278814512276652	0.309984950361592
0.309267140005533	0.310385741467828
0.329694512368885	0.308942787444894
0.362069378213917	0.309890053922373
0.388105337135492	0.304273472737365
0.406837399064752	0.310870799050962
0.434183019992136	0.305783134692314
0.460969346155388	0.309520771155255
0.488713830499864	0.308967816553667
0.512598779903806	0.309840110857156
0.536281239097139	0.310021295552702
0.567611337248915	0.304551601486088
0.592006203921565	0.304543539321677
0.613735075293373	0.307075559316448
0.641128870642836	0.309450119307196
0.669721503329428	0.305210851232993
0.693113847951974	0.304779104631822
0.715473759852282	0.308175099684511
0.742860002463726	0.304510265097745
0.768354887022773	0.305213569481876
0.794048734714927	0.306297540266188
0.821368265934201	0.308584304612949
0.847544602868007	0.31015214466066
0.873218794419112	0.308657108894148
0.896884392265335	0.307811819521364
0.925340290623117	0.306940036725449
0.945352323551904	0.304080873637909
0.971662597815102	0.308080352014484
0.0238088857573223	0.330329575227588
0.0485451198804351	0.332926058180688
0.0773507735745988	0.330674703414979
0.105412876656454	0.329948095794737
0.128010755627158	0.335783193194878
0.153612092542934	0.336472407078456
0.179192194904156	0.330900233227781
0.204610277107279	0.329588188978112
0.233906456790787	0.334463764043456
0.255536549893341	0.329680292026669
0.279748291595843	0.337138924913614
0.304004673231205	0.330693385974156
0.3329565774546	0.336494027403093
0.355853905575708	0.333320829775835
0.38500136223184	0.333871303120811
0.410830247589843	0.332047348390762
0.437510096641413	0.333202466534112
0.458663053145334	0.332607440736968
0.490239537633642	0.331452074805763
0.516463738575751	0.332594994586174
0.540261510331294	0.335980928807408
0.564469706521499	0.333160347104028
0.58728069765224	0.336137486751695
0.611980355768113	0.334708733216965
0.638262177034512	0.33592905691093
0.665696096763312	0.3352200368931
0.689905842976078	0.333250478153654
0.721276823232517	0.33105424245077
0.742226908576064	0.333213718574638
0.766906402441931	0.333186962631265
0.792254940627267	0.332478876485142
0.817450297934719	0.333152912097698
0.845783780801278	0.330668186900129
0.871636842147055	0.333593235606811
0.894432980182627	0.33261786381923
0.919949011900018	0.333229938143224
0.949355165528817	0.335519062718779
0.9778101999714	0.330250000299573
0.0286976556295848	0.356952681517688
0.0534944723820495	0.362007487277512
0.0761488785979593	0.361529145071099
0.0992650111254931	0.361065777682242
0.126734775511892	0.359586653041039
0.150937937739736	0.361296083537113
0.178261579962658	0.361172977559043
0.201943249264372	0.357238511832448
0.228257687611808	0.361555609268077
0.255172433636756	0.355423340070602
0.27872608318964	0.355579424647638
0.304394805022858	0.358212932168412
0.335241902280004	0.361905986997
0.355367295613896	0.357614055585522
0.386677843166826	0.35868299386868
0.412992618096443	0.362019161290993
0.435254172544893	0.356478123487498
0.464837119519946	0.356550991798868
0.484946495425613	0.360078544370362
0.514261182442226	0.35598607625366
0.538929761104192	0.357895659240402
0.562084936689669	0.356744727378466
0.588807858717227	0.358520123872458
0.61569104326761	0.360948758538907
0.637636902730532	0.359961019963346
0.663370542478914	0.360097669349287
0.694513804051458	0.358487824391974
0.71940953010958	0.360580363334636
0.74622253398176	0.362616129829183
0.765784269721504	0.362686526279216
0.792121673575615	0.35520845080448
0.823828445132483	0.360604997925849
0.846382226894246	0.362190355018316
0.869304268094341	0.357688859497203
0.900957839014036	0.361555999273171
0.919633558030946	0.356596270668113
0.951436122234764	0.362098628826858
0.972725107795472	0.360455544461938
0.0252361516159824	0.386420102645913
0.0541476652209888	0.384278521310088
0.0753453481573936	0.381831561569282
0.101308418333036	0.383464023506433
0.126896096461291	0.38661139516761
0.151539355209306	0.386097847289503
0.176441206758901	0.38304027640392
0.202283858177197	0.383105230397508
0.230857533900041	0.387670678826023
0.255949763569318	0.387606087679416
0.282284210968837	0.38615317104943
0.309488357209851	0.386902465318175
0.334529891875887	0.384872917883904
0.359476549381397	0.382244208758729
0.381829131262905	0.380984578009377
0.409362182384331	0.385481148064406
0.43750091625066	0.381991818064366
0.461874167043079	0.383310148456279
0.487203459039555	0.382783711527964
0.512607624534831	0.384776161270949
0.538027087269854	0.384202937438103
0.563599315892839	0.382439405859208
0.586510720203102	0.382876419753576
0.613667488796389	0.382139940826664
0.640773465879626	0.382572303327954
0.665364559784767	0.382211680944108
0.693921536845914	0.383517963690926
0.720783402416996	0.385534604412092
0.740801951813036	0.385374044508397
0.767107124965683	0.384514079903625
0.797268439566095	0.386015654419422
0.819402500477289	0.385991598771018
0.8465412661827	0.38194408026002
0.873773884439756	0.381946668015944
0.896084600324331	0.383040498109359
0.926434344240881	0.384110928368321
0.952001897510869	0.385949811476064
0.976026111068795	0.381801508724481
0.0280132798654714	0.409622652875865
0.049405620837071	0.409227880760133
0.0803887424472147	0.40898106367748
0.103680819357924	0.409340551158136
0.128923062985404	0.406959091284212
0.155164906706867	0.413636474489547
0.182322798266811	0.411592630431138
0.202857754359263	0.411357100790387
0.230722680838438	0.407511763100783
0.254628149936633	0.412497540447596
0.280722999143769	0.407627574657247
0.305454747558444	0.410878031019828
0.331847888527348	0.410548458347929
0.357688969829763	0.412044241496219
0.386490010827652	0.411920573968654
0.409805403970816	0.407165003740831
0.433442706432836	0.413687090134751
0.461690746863954	0.41038143949946
0.490037320192793	0.407897569609541
0.513213777254374	0.407163815194299
0.539772481208277	0.408498754331984
0.563817068404873	0.410025535628233
0.586692388357498	0.409644586805116
0.614445540964316	0.412499723534426
0.643502142962688	0.409415564728037
0.666817894160661	0.407284320820731
0.68866046929684	0.410629268409569
0.719852030267584	0.408274218191007
0.741794594608573	0.407411768359222
0.767235359877134	0.41132162237876
0.796326492219944	0.408552461217494
0.81707409450386	0.413317377923922
0.8491514359534	0.412679575380548
0.874621740897119	0.411251201622945
0.897496565778963	0.411041061610344
0.926308347554877	0.413814130793008
0.947866447122743	0.409296654847854
0.974216144134192	0.413848280457367
0.0253755108609878	0.43410539066311
0.0477975414700237	0.435423485658579
0.0785359576499129	0.433422390274615
0.101198063628494	0.439089867924953
0.127543201225951	0.439042704410757
0.156955584935618	0.434762130445941
0.178754050669793	0.437860641997814
0.207185855882768	0.43406381239067
0.233287296002828	0.435634179016213
0.260050024091745	0.433201625563261
0.279575998665711	0.436854611443155
0.311397422141407	0.43735043123091
0.332380380514904	0.432390561693615
0.357380768727056	0.432609545577313
0.381382205897638	0.436486254602547
0.410469828474971	0.432270251761484
0.439042630791519	0.437007135744444
0.458349977397611	0.437528247743357
0.486754444441138	0.436854179090051
0.511335726612512	0.43618437412099
0.538601189293085	0.439667292774483
0.564982484674773	0.43390376029244
0.588331013624926	0.433573359610202
0.612843438650008	0.434784205173497
0.638615622630542	0.436413494079465
0.664246520290569	0.435652720935324
0.688777362911992	0.439072840086374
0.717915710007362	0.438779156146743
0.743986639756308	0.437371596879225
0.766882354418742	0.435513266308456
0.795001033959214	0.435987159733156
0.822027509661236	0.434437232367423
0.846873834811	0.432444294779594
0.869312647341168	0.435271343760719
0.899739293086178	0.434464612516847
0.922183571734736	0.43342391734911
0.948186970892859	0.433144066505753
0.973562263565143	0.439363716042993
0.0249875629376762	0.46165324417955
0.0523543081651074	0.463737838255686
0.0776213037312048	0.459065714102102
0.0992323750140595	0.464421993952461
0.127715664765172	0.461993690322315
0.156863891979866	0.458807931203078
0.181396298774861	0.457700065258487
0.202152975607724	0.465189769542891
0.232184266837601	0.462348428611657
0.253552329594952	0.461066958002382
0.282452623084481	0.459499610435005
0.308796703202328	0.463383128826686
0.330386334868023	0.460729911354251
0.35858441625693	0.457974515788216
0.387128338329518	0.460992494762585
0.412343606280124	0.458116084861922
0.434546642325365	0.463709188493851
0.462649395729291	0.460796328081921
0.48546393268638	0.460821212410255
0.510950658780301	0.459098820298748
0.536040794562163	0.458293023551967
0.560936118004085	0.465173254285958
0.586397333494331	0.458990857469412
0.614364254939854	0.459525551450143
0.637953442506523	0.46369161557257
0.668616879963424	0.459738313394444
0.689996528827235	0.462254736101053
0.716185550247546	0.462054531673236
0.742745673212451	0.460837698234861
0.7661599465548	0.46289491483812
0.797824781838513	0.458888328317245
0.816858862095911	0.460773435641089
0.843231770891928	0.464324140673342
0.868000157372807	0.461474118171486
0.895096477677971	0.459832584198129
0.922085847687349	0.457962035826739
0.95090428087448	0.464812531226135
0.976867088673603	0.464131292970837
0.0258787858044139	0.48634981316374
0.0514795235270615	0.483831260651047
0.076166182150282	0.489034126329608
0.102809998090883	0.48643428954356
0.125857036499077	0.488538467446695
0.153262074740386	0.485225425384969
0.180601416297057	0.486435929416696
0.203654633253316	0.485923901417533
0.227394934298215	0.490991625326894
0.255010844365959	0.488550318666714
0.281219093652047	0.483806200007069
0.305593897725204	0.489902459718089
0.331668104567785	0.490030334187166
0.361305722938219	0.485696272922861
0.383395658072174	0.488450556074146
0.413108258451439	0.48985365864007
0.432977361511722	0.489059163210597
0.462364239210679	0.483452693054644
0.486941889613499	0.487096536989024
0.511584452700828	0.483633134443921
0.541293583951751	0.485342613099409
0.567890307147618	0.488217253178441
0.592783447721005	0.487349407505203
0.616864644262191	0.483356489229974
0.640020173881903	0.489932474602471
0.669846578646144	0.490125559184797
0.688767730318652	0.488759767820913
0.719234074270939	0.490300785662551
0.740340351685647	0.49007173639001
0.765554703576819	0.490896413526167
0.796524455414105	0.488038492653681
0.819458975257343	0.488162592400493
0.84980782137452	0.485385867749282
0.874756266458276	0.489497261070322
0.895644620053774	0.484434325075833
0.925814773009511	0.483531877911267
0.949005879293146	0.48652847597687
0.978105234846715	0.484192085278746
0.0264334607398785	0.514197600064681
0.0481710132316764	0.516032519308519
0.0794475595313164	0.514311885406171
0.0996999119177329	0.514821694339771
0.129845439999788	0.513785671014699
0.15434588338394	0.516414599030859
0.175663191187078	0.513291820647303
0.202700823602123	0.512291645772642
0.228963112075555	0.515961120099589
0.255121643265753	0.510911096622222
0.279680489657352	0.514483994101589
0.309879014844049	0.513857993397786
0.337126131412585	0.512670135407733
0.3601455775077	0.516535843691214
0.386176930266913	0.510044177860431
0.409854272500013	0.509067554126351
0.439363686674258	0.514851038939116
0.465274369466213	0.512164861718132
0.489189519484313	0.516040822754531
0.512001639855045	0.513219788686273
0.537458629064821	0.514400225973625
0.560676724249087	0.512453076943891
0.592646420534115	0.510442247953964
0.617874792423145	0.513332350202595
0.642187287492916	0.516608966405622
0.668325454003258	0.514344436178366
0.689259370166501	0.511340033658654
0.714264752085753	0.516315426820373
0.744566111666317	0.516467808489583
0.770872770785722	0.51520690178096
0.79755832865631	0.509764921057204
0.821317050801308	0.511565752612408
0.84899475474909	0.509301739960866
0.87295867993951	0.512151411110782
0.900624526997983	0.509285684013824
0.92120433635004	0.51073105224848
0.946317040891881	0.513694288998014
0.972103960987021	0.516492601444398
0.0219653531168779	0.538129540660602
0.0539569044090809	0.5409458135588
0.0793329799388426	0.535373782719629
0.104861231023433	0.537789510402342
0.125661930861086	0.535496930364851
0.153134170777377	0.535357459501907
0.178923415610202	0.53880352665521
0.208426162210251	0.536471774676661
0.23054628769945	0.537734127839429
0.252679696502513	0.537492331696443
0.27861333230976	0.53842654942332
0.306304905851734	0.537059167093843
0.335422626076089	0.535778637917047
0.355292825888517	0.53770325428027
0.382653576497536	0.538865850080137
0.410346381877483	0.535887016066392
0.435154914120863	0.539956405943627
0.464690636357687	0.540008164619711
0.484462848794585	0.540431698924067
0.510220581807505	0.539629940476756
0.535113189400691	0.536972729362612
0.563303620825879	0.537485820703016
0.586459265132069	0.54122505671672
0.612286415634798	0.535180261588353
0.644736580633145	0.536759109242284
0.66436974907996	0.540376189773464
0.692706310145128	0.536836186392788
0.719106252038099	0.542119940715672
0.742376284988947	0.537452225886919
0.767512891285075	0.535145349568016
0.791940034467177	0.542014566467025
0.820756875498671	0.539729790958159
0.844408225657604	0.538172266699395
0.870508715712381	0.542140787003923
0.894003321716837	0.536099153664325
0.924451424418039	0.538593770607803
0.948070943827199	0.536562934577445
0.972117478562123	0.536312340580842
0.0289909569985768	0.563403998440916
0.0512013256062658	0.56360229805203
0.0769028496838019	0.563127522070845
0.105252599963704	0.562320388923292
0.125808991656657	0.563798006181097
0.153170862814912	0.56427188496971
0.175746315156952	0.567945911826783
0.206687055058965	0.565569409149407
0.233258332340525	0.562598940018155
0.258896017038089	0.564718032144127
0.278875131191713	0.562668390165333
0.308928466317712	0.5629791255381
0.332168590575988	0.566433794547257
0.357243647504826	0.562965500847382
0.385268404501329	0.564691788546601
0.412343445692106	0.566959850599559
0.436642418070389	0.562621428285317
0.458514828164371	0.56543471882012
0.488901195074035	0.564957629680541
0.511241884814292	0.56293365721084
0.540946463711613	0.564341113550117
0.561576877928289	0.561940806753087
0.58714135376221	0.561952427718707
0.612894698589942	0.560383109943329
0.639153072869683	0.562133578225262
0.663156572273357	0.567921113074277
0.694809811018377	0.56334511975489
0.714571008148363	0.566052732119396
0.742865627865175	0.561226111912957
0.769909228517671	0.561978938677578
0.797291170278479	0.560963633840992
0.821453880019479	0.561111841241879
0.847334619759434	0.565183714665941
0.871927816540951	0.566930998657409
0.895344905359885	0.561947691370035
0.921182905448646	0.56033157425317
0.951704253760303	0.564552690139137
0.974304437824519	0.562671846600623
0.0220670711524277	0.593127230735232
0.0504097406174158	0.590107625893248
0.075492754871782	0.591959271547612
0.0989837170495988	0.588035037117337
0.124953902798373	0.593482929110546
0.153856759896109	0.587114613857515
0.17781603620856	0.592223733234999
0.206464743686924	0.590546098819756
0.227796416201897	0.59329095708892
0.256336980283143	0.587338736556341
0.278772741737798	0.589043945197318
0.303848751759736	0.586586975106213
0.330697592499635	0.590752978101693
0.361466836663667	0.591700068802281
0.385685078843263	0.592868625049256
0.407905025599479	0.592643114010415
0.432665500052488	0.587345064929452
0.462534184602737	0.588298466518161
0.486152684362229	0.589624758002507
0.515376539459993	0.592892783882494
0.537741264197644	0.590192950334308
0.563058914954879	0.593358305638599
0.587040151827829	0.592881938815519
0.614227669109794	0.589208222532679
0.643188178392547	0.586802524646271
0.662882867102948	0.590639253953618
0.694408843938199	0.587468662734925
0.720279411273433	0.589843045127794
0.745936046401002	0.590902435686137
0.767394818659662	0.589027532129166
0.797975481520235	0.587461766584807
0.819952911881332	0.589031755614445
0.848872207146371	0.593287378188598
0.870220225243408	0.590127238501152
0.893797538421882	0.592793699486384
0.923112909059861	0.593431865596183
0.947583235559901	0.592003615397973
0.976495261836421	0.592477037068693
0.0250105217897591	0.616965562569024
0.0494568297189172	0.61464552268254
0.0789060801169264	0.617639113457237
0.102148335296304	0.616095545213727
0.130480974532254	0.617828784655124
0.153523009851027	0.616132090294912
0.181660091618434	0.616838013220185
0.201646034354172	0.617417025693614
0.232703732510309	0.613412026966392
0.25272340709155	0.616298199575025
0.280084413898879	0.613873201059668
0.303936990731235	0.618520443263269
0.332728089762521	0.611691128964657
0.359042662760615	0.616274978198863
0.38470772118254	0.617808259775972
0.413435873830342	0.617862788384767
0.436505941804188	0.616601167983519
0.458554540436468	0.617309967788942
0.485417857724325	0.618758698859365
0.509071778523166	0.61270335018879
0.540699140269296	0.613096428945915
0.567006106375031	0.612220802893286
0.593474626404079	0.616167450676225
0.617217592877925	0.618118285279467
0.643608935295494	0.613452641400018
0.668068665482558	0.613189408348847
0.689376460643307	0.61865767838319
0.718453758744832	0.612862476552777
0.743273778450482	0.614313968627718
0.766029136401163	0.618622948745969
0.795408455576083	0.618766092550403
0.820773131320297	0.614362221267981
0.847991308202509	0.6174568383295
0.875186738842573	0.613593102981817
0.895279092986784	0.618501837189504
0.925855447152985	0.61861298875333
0.949888562967038	0.615561813390838
0.974379644147208	0.617047980964812
0.0273035120249238	0.6389703996311
0.0493142142156007	0.641275590534138
0.0782240319195922	0.640215557567547
0.101294349524667	0.642636417871481
0.13191197004749	0.641170774129639
0.150594878829229	0.640678886091424
0.181039401216188	0.643630974100004
0.202302318911085	0.637315468121568
0.232453530508141	0.639701046238528
0.254178740119218	0.638356636424112
0.279153730450731	0.64402946006376
0.311416906742912	0.638532684350735
0.334321715391737	0.639464072110426
0.355389715019376	0.642246201688074
0.381493212399833	0.639238400536835
0.407135877664553	0.638760180850158
0.436442724707628	0.63777318724734
0.461740395576171	0.642831556573572
0.48595128115645	0.637550609998641
0.512460028217425	0.639944717559908
0.541496979723948	0.643562028573993
0.564408359020707	0.643512359825833
0.58900559885928	0.643598227213984
0.617228901103314	0.640377444264122
0.643700814924854	0.643691752294688
0.667824055322773	0.639424363534075
0.695414267921143	0.638800061094233
0.716401903315601	0.641586982597256
0.746147814076244	0.63835068465083
0.767457677682212	0.643180461472975
0.797903281953926	0.640064581326019
0.823263223196633	0.639685251779915
0.847196867776158	0.642932245773004
0.872827978027885	0.641662872991817
0.897829866848672	0.643115861540454
0.921473085903802	0.639466656824778
0.94893928328604	0.63768219225323
0.976915904677884	0.637366701768761
0.029480159600003	0.669226800416701
0.0550289913550162	0.669724620218291
0.0748609700837342	0.670201838954741
0.106236732786486	0.667256651820429
0.127216834341552	0.667015507765661
0.157021001852424	0.663615918232859
0.17923878955317	0.662941466451383
0.201841043280744	0.667391281728673
0.230967544245666	0.66528176981707
0.256729848183534	0.670230082317113
0.278471440424457	0.665464842638058
0.306213576319002	0.663362887298215
0.334576892439617	0.665886023684507
0.359493153525991	0.670177169982489
0.385266972945154	0.665236586910744
0.414023096849896	0.66494175482254
0.436587817173378	0.665941754726075
0.462685783075043	0.665602315181671
0.488042027712101	0.666272739589891
0.511237491620556	0.663359967513334
0.538659821646827	0.665285363906648
0.567923617804313	0.666803564471789
0.589625572677151	0.669738766999777
0.612707621943415	0.667121344061863
0.639494520637531	0.663197635722231
0.665817813739218	0.666021385227594
0.692602282889797	0.664510563955251
0.720912339841132	0.667170758624262
0.743849332712131	0.665375197283098
0.770259218003667	0.663459955677134
0.794790589859315	0.663384523658946
0.823581278540409	0.664478833549608
0.846160650445664	0.668832536849627
0.872165601012504	0.66451960130458
0.900032887999345	0.664202329990958
0.921294925408112	0.667502816537226
0.948490494374506	0.668166680416793
0.971826499896239	0.665055948601146
0.0273148054802651	0.694512784674622
0.0531665512014671	0.689158198705754
0.0806428837246629	0.692523547953717
0.100323561798819	0.694293604241638
0.124666572296824	0.693031482794603
0.155152271387366	0.694578795560155
0.175643747066466	0.691985324225883
0.204590486437144	0.696056923933076
0.231729388284736	0.69124396135818
0.253712082275013	0.691938831283996
0.284950850685394	0.692175839749222
0.304791939808253	0.69561707294159
0.337178182793337	0.691800759245883
0.357959841173389	0.690374723723631
0.383859509957285	0.695825679703196
0.409020855852816	0.691031041551168
0.436210657848471	0.695428868540902
0.459002871764796	0.692185451183966
0.484293033928896	0.693492883038665
0.515232249633267	0.689332118316573
0.539565955827671	0.692127243984607
0.561070084886549	0.691253219656872
0.589307060257889	0.695223864490626
0.619049547773557	0.693737555917415
0.639077587461986	0.691805794341618
0.66345591800743	0.688641285986849
0.694864386997156	0.69586600598612
0.715051252433402	0.688556281371031
0.745410885937388	0.692691628720796
0.769604297023948	0.690164212585203
0.798206480159681	0.690703312338619
0.819610598055552	0.690362311271008
0.842577177036894	0.694898208909765
0.872894656309138	0.693788959374562
0.897082545148986	0.695617627558407
0.921635137316899	0.691631734311263
0.946289450175042	0.691475545687254
0.972268832014385	0.691446680053241
0.0252698623894478	0.719219096485588
0.0487707354786046	0.715966928869445
0.0764532683124494	0.71432654704384
0.10607177347313	0.718117849551418
0.13153826468902	0.716102062175436
0.151142254098978	0.717333643420258
0.177053856581561	0.719744804267134
0.20482039850048	0.714323640011316
0.230154941567007	0.715730300494691
0.257343898668953	0.717494329809761
0.282341965832776	0.715405242364423
0.30976897799902	0.715880165110266
0.335771089190272	0.717121354353761
0.362226367840594	0.715638259496751
0.385307308829584	0.716581077528745
0.408205105831885	0.715405312298768
0.435753605601272	0.71522339586447
0.463231254410679	0.716069203473728
0.484201368969788	0.720919172719261
0.51480680188558	0.717699013169226
0.540710328854072	0.719201338188206
0.561969422480851	0.721176862113926
0.59128879581454	0.721792393814848
0.619106865961274	0.714739008365686
0.643354935078849	0.72155975988157
0.666804180371876	0.719081363474468
0.689075511591155	0.716392385664831
0.720738815774789	0.719139601902349
0.741582647089804	0.718419289528434
0.765903083491367	0.720018905976468
0.794718498113518	0.714813409840038
0.823368145140979	0.714694240046799
0.845431222779275	0.715492513273242
0.87104470510038	0.72026726879565
0.895040992506668	0.715175254880927
0.921119932010667	0.718915690340379
0.94787412899646	0.719110380524831
0.971280765464833	0.72094956424375
0.0252754468337227	0.741235550887783
0.0548582744362959	0.744641242901033
0.0763354818924123	0.739938882079021
0.104679567399144	0.744109673362257
0.127448676789668	0.742624282757943
0.152001299059111	0.743975229430426
0.181163732095798	0.740230329429925
0.205061552727071	0.741044671920865
0.232483036356097	0.745913100639335
0.252993746318674	0.740344128826792
0.279832617067461	0.74506870008987
0.304034294570996	0.742663027251588
0.334873569301496	0.740980686538497
0.358427062260684	0.745218722184347
0.385335060167505	0.74200765916447
0.407714720349263	0.741486852036789
0.435715753061607	0.747035396793093
0.460307958721068	0.747166617835658
0.485337098719815	0.741353442546275
0.516633601917045	0.741167839507715
0.537007491706818	0.743253655609119
0.567948627431811	0.744819551736007
0.592339996843123	0.740056892238535
0.617440962607068	0.74693949310611
0.644789590848747	0.746343316982255
0.669740017233641	0.743127796784406
0.69524032853385	0.74190614467696
0.719950585111644	0.740802135621707
0.743738276286726	0.742855829526189
0.76797751469677	0.741943157015329
0.79714663820956	0.744307490995778
0.817578172161593	0.740744607951102
0.842531502723528	0.742288062636369
0.873066713822071	0.745616964906472
0.893947198082332	0.747005699374831
0.921161669558418	0.746677390757878
0.952135458771138	0.740882998022581
0.970877655040073	0.744858698368973
0.0249657428393298	0.765443998688361
0.0518026842041553	0.768968784180271
0.0787855038701984	0.770902121181859
0.106125472005352	0.765541311147737
0.124417824850159	0.765676743742387
0.155733343754241	0.769656070560001
0.178610413349869	0.76626016672631
0.205460988881972	0.77268710402064
0.227356608543526	0.771358566992408
0.258295248261504	0.772148035166571
0.282095461135902	0.767286367552541
0.306735592768858	0.767395633947352
0.329640089144869	0.766496949274772
0.361241010817733	0.767734380948738
0.386205305427881	0.768566105545638
0.407090713283026	0.768597445720951
0.438520285205926	0.766404343952189
0.460310240287236	0.770865642646855
0.486244120547762	0.770822691432751
0.511841909916112	0.773007898193844
0.542232259939347	0.770838437697124
0.567070770590422	0.768778609953829
0.593368483426269	0.772814436839375
0.6179902856632	0.769015582360362
0.638134465881324	0.772962778996896
0.664950724441141	0.765661012622969
0.688638763201106	0.766202393950533
0.715596630631359	0.765443056237679
0.74147916960141	0.77276006719157
0.767174427656334	0.768624441503637
0.79123481673621	0.769195218870757
0.818096120809799	0.771532726332211
0.848335476399041	0.772024288608485
0.873313008564745	0.76880545573759
0.897884998876548	0.766528063015901
0.920269532898495	0.769568905979921
0.94599419471661	0.772367391799165
0.972205751782989	0.771121105722279
0.0223815897175724	0.794140989705448
0.0518737138619487	0.796534984979946
0.0790108871580296	0.797092720327752
0.105706913461953	0.795429908627436
0.127307476537059	0.794799516812536
0.157409215918945	0.798319612953917
0.179847719983629	0.793922053294222
0.203073450049374	0.791215047786693
0.227702778244568	0.795876841016142
0.255239947954546	0.796402295065939
0.278890003932047	0.798264753559651
0.310027683331354	0.796683543335931
0.33013685908425	0.79241191338275
0.362064596113644	0.793193217156485
0.383239046877745	0.793755261843893
0.412031293197512	0.793391107249618
0.438140765260507	0.792231455485796
0.460339258388966	0.794383072477654
0.484623783811339	0.79578685537178
0.513694254371201	0.79356291681754
0.540402485056022	0.796047109981516
0.563580135592649	0.792111657764187
0.591416214399336	0.7934187933228
0.614404817032201	0.791797893379116
0.642693151181155	0.797903681855431
0.670043122785806	0.793290932483672
0.691327876487046	0.792511329949946
0.718023455436363	0.796457382740874
0.739760526802708	0.791440635991272
0.76651859453676	0.79127991671747
0.791520054515051	0.797469509861557
0.819146568315941	0.792813199321899
0.845791714459266	0.797498333482164
0.872494463715897	0.79428655667037
0.899986927962206	0.795175367473577
0.922866932687548	0.792589922249669
0.948872342358664	0.792372295356947
0.9773781987073	0.793795306570523
0.023841338457124	0.820296968268725
0.0512529763808716	0.820776360123198
0.0805632294418814	0.821218232323563
0.101591372767604	0.823005243050548
0.131114738800753	0.821439908214435
0.153035504271342	0.820477299321791
0.18006439521003	0.822963727362742
0.208303346698004	0.819969315547464
0.232860243563115	0.820441620672191
0.258552415436999	0.819655571854241
0.280742678932284	0.822143724162636
0.304462394895082	0.817129165455783
0.329932568668073	0.82406812455717
0.357833018757516	0.822227736135434
0.387613284259911	0.823956952321275
0.414059624946411	0.821421302676223
0.436095757544661	0.823237159523694
0.465285851279564	0.818639231940878
0.485850402535076	0.824028833375518
0.513803774455094	0.817614537681804
0.541510513151338	0.820775739595323
0.56298080690315	0.82308441972172
0.590329676415053	0.824276042955275
0.616391563494682	0.81941581157563
0.643779379851814	0.818791880223646
0.66576950441266	0.818202599189407
0.692238680764343	0.820491177668228
0.715321918157951	0.817544142825873
0.74570985407383	0.819504343305945
0.771326249265844	0.823618112018886
0.794455397813971	0.820410576275044
0.816709765907397	0.821707199794662
0.842897437153747	0.820024174354418
0.87211559175497	0.817944705188168
0.894650211833156	0.821872013343974
0.919329025887114	0.819670392931021
0.945714259503062	0.823935711647291
0.973810876377906	0.816764827283322
0.0227183866333178	0.845822763178305
0.0549128509896882	0.848724596576583
0.0787109569551606	0.844254881011281
0.104509719058652	0.844461599123176
0.128433813668165	0.846725775232772
0.153593808466251	0.848298231780312
0.183191270329038	0.849773200270932
0.202328997815545	0.847250948974059
0.228179110859779	0.845010374454228
0.256011670519522	0.846381246685112
0.28080848282445	0.845309721851434
0.304576368653279	0.842718772347329
0.33513998142433	0.843944729690552
0.361526997786996	0.848915112435709
0.382041128327116	0.847478698923174
0.41067503243973	0.844333496995102
0.439385701844247	0.84463743759986
0.460549416926095	0.847664893847001
0.490811432201057	0.845568932386357
0.511446818905931	0.842400521607642
0.538370792014843	0.848440934442485
0.561276793017939	0.843674896355286
0.587037280515578	0.849350460315582
0.612931024919616	0.849930718737648
0.640581018571283	0.84491101491714
0.663096046437895	0.844103711577971
0.692808090327638	0.845298478656302
0.720847009683873	0.844034353275993
0.741199699562938	0.846709437210859
0.772831028319748	0.848513560911053
0.797076548807823	0.843231458112102
0.82336054429599	0.848737053119821
0.848119693605616	0.846314763232787
0.873529864397706	0.846916908872928
0.895311564501759	0.848641506198233
0.924133306442308	0.847341092954396
0.95016252387078	0.846310917381384
0.973548192938449	0.844493602170088
0.0223977863688784	0.86908318467871
0.0508373640460964	0.871159404530916
0.0796103163612847	0.87020352195269
0.0993570916200893	0.869281474892706
0.127905559632862	0.87140099486505
0.151804368563514	0.871136672700265
0.176509956383777	0.873440082785755
0.207439804361416	0.869896076765664
0.232421375942492	0.869565014194636
0.259859158878009	0.868322331329653
0.283606623511689	0.874653722106305
0.306163174280136	0.867995254464086
0.33618170935588	0.872366231686273
0.356730826504076	0.874310599170359
0.386772436038326	0.872745654427613
0.413263304068977	0.871057717048194
0.437063318732647	0.868974083918034
0.46107246908399	0.869827431284606
0.488977957214693	0.868949509919561
0.514392120551199	0.871160409149341
0.540122954129729	0.874210993614416
0.563792414607119	0.868310126039911
0.588094323305331	0.87302360138934
0.616566821434968	0.870287406995055
0.638173575809814	0.871989188898363
0.667940996077436	0.869497096397756
0.695523888718559	0.868769771554096
0.721060617963142	0.869026712863803
0.74352084330161	0.87489346876559
0.772262417145802	0.869201084490331
0.794640689473974	0.874457604336009
0.821363488801918	0.874104156761126
0.843946971110284	0.873367620711533
0.874369795388796	0.869614587937412
0.897789156428469	0.870690361466539
0.919790329435959	0.871893344723776
0.952067631059735	0.874576346934841
0.974993015511048	0.869033525438883
0.0248664911374047	0.894369340528849
0.0508139573156352	0.896555611292342
0.0797074009728634	0.901130358966341
0.104302861525243	0.895506009165877
0.131520354911224	0.893896542591988
0.155770680486325	0.900364696593426
0.180645759524862	0.897465236329562
0.20515915904039	0.899049545272092
0.231453020156011	0.899783521854965
0.257001603250334	0.896824624940314
0.280660291298072	0.900696000741716
0.303850402747306	0.897573313138562
0.331284942946318	0.897258400011557
0.360541967840995	0.89621176601407
0.386130352825856	0.898929307185156
0.413582966778009	0.896194081271306
0.433670362523234	0.898764776436017
0.458076918695121	0.895856907149445
0.485468170860316	0.899508013859625
0.511562210396765	0.894364563753549
0.541966699770803	0.89481791254641
0.567486875671901	0.896241720998696
0.592382627177696	0.898938335684984
0.616353880583463	0.900643931720682
0.638158285444523	0.895660943647
0.666783831846024	0.901205825284525
0.692279100648301	0.89797859800891
0.714365972871481	0.900541876240569
0.746829046506003	0.896878175860703
0.769817360535777	0.894713563082609
0.792165253086379	0.89618414557715
0.823007497382567	0.898764544707803
0.84502070989183	0.900735247604254
0.873088242830322	0.896899248684097
0.897479713695239	0.900171276217007
0.921792388683849	0.895694435974793
0.947868077451761	0.901058979583579
0.973662361515994	0.89650647759313
0.0226388126373664	0.924827517543664
0.0504466011298979	0.922137950929197
0.0783269452882612	0.920285801808961
0.100826705616307	0.923686352736846
0.131965812925696	0.920288872042701
0.151217055888662	0.920474799075634
0.176189234650735	0.926482946306213
0.207930241375033	0.92406425634718
0.227007542396131	0.919257054041985
0.258909968041357	0.920551916446646
0.280373760379931	0.921108452155336
0.307586552174047	0.920609611547948
0.330680886046805	0.922232079838284
0.360870492122242	0.922273368745868
0.381496238005464	0.926048398450882
0.409658021538641	0.920694255311946
0.436825545667561	0.924562947781163
0.458060945311903	0.922004287070523
0.488714424956795	0.920083689552189
0.511627566230598	0.925115222386602
0.54203368676739	0.925839600217183
0.566302327391253	0.926369288050098
0.588062974803707	0.920978382855718
0.618440348356079	0.922112717403899
0.644181033839167	0.92470247670759
0.665141012592701	0.924004809742732
0.689664344625026	0.923902330423001
0.720601858947571	0.923868781481658
0.747268590305265	0.920977407681286
0.772031263360963	0.921111424599153
0.793556237529611	0.920522169464734
0.823309033190498	0.9249293310266
0.848066071742553	0.922165455459067
0.868706714684949	0.922715474661724
0.900147556776057	0.922692800935125
0.919417221242432	0.926122082762418
0.946496331931896	0.925074532573808
0.976174399689974	0.923392454812674
0.0275414785006958	0.947898663114122
0.0525605728966152	0.945070915871639
0.0775295835787061	0.949598286512021
0.105075441184685	0.945056723034804
0.128230633002095	0.952219981232153
0.150643576130302	0.951078962611736
0.182313208126579	0.950661926948987
0.207085484089081	0.952182380041082
0.230081827536675	0.948387737285339
0.259749876591025	0.946909025289891
0.282341912312888	0.952487959589797
0.306613356894299	0.946656365802808
0.333128208299001	0.947600251553536
0.355403801764032	0.945532467493812
0.386338813953524	0.947975859236562
0.412969969595459	0.950895748238247
0.43350153266532	0.947656664720963
0.465153620862585	0.94694112008118
0.486332896716969	0.948612813023105
0.510925394918716	0.951083879271378
0.540932187286848	0.951586865865046
0.562905207849096	0.947251596496137
0.589485201956379	0.947983557833295
0.618332808271643	0.951307514927636
0.643009002732636	0.950584616865349
0.667391584952271	0.946530684844104
0.693644532606263	0.944893711762873
0.720482137923907	0.944923207480916
0.740091871589305	0.946509719214766
0.770236862090847	0.951598680669008
0.796119516831501	0.94786293010707
0.820438017127497	0.952096682762483
0.843088568443075	0.945961878813449
0.874016878632156	0.948872850631074
0.900023239072204	0.949920372048599
0.919296405606103	0.95250490699362
0.946994160015059	0.94510550457071
0.972181304427509	0.951110956289763
0.0236132943352364	0.974483823710574
0.0530388447124292	0.975477231580715
0.0793469475981707	0.972448023528661
0.102617060743321	0.972078764328501
0.131204570460602	0.976679718919978
0.154419073955284	0.977076227061514
0.17871857690494	0.976926388287223
0.207343207821532	0.974447896497875
0.229490355651404	0.97635088439684
0.254365676655019	0.971969563608157
0.28071023647027	0.977055660140362
0.31061732550842	0.971306223622507
0.334054406687963	0.974719290493561
0.36133379146195	0.977571769017527
0.383534231438137	0.973256144207174
0.40839171017542	0.975273409964154
0.436198985044082	0.970539004837074
0.46248070742434	0.976320724324679
0.484949272897637	0.977556061997035
0.513687656329995	0.971112674113947
0.540544696664789	0.974153836731737
0.567430782493488	0.971890866883579
0.592490203782386	0.971183199686968
0.612599389768875	0.975813377355435
0.640840127766024	0.975629739094664
0.665583640807775	0.977718506822898
0.692836409359	0.970543943472356
0.714578103606579	0.975599234285735
0.744204713139176	0.973661529651335
0.768576129428116	0.976115133155696
0.791902763472373	0.977190135438922
0.819744580050891	0.973571721192303
0.843129354870877	0.971160295663412
0.871991105377055	0.977532375598537
0.898303332519073	0.97375917648871
0.925277359678932	0.975344261592569
0.94648569506373	0.977862652456769
0.972290031185884	0.97638077305831
