0	0
0.0256410256410256	0
0.0512820512820513	0
0.0769230769230769	0
0.102564102564103	0
0.128205128205128	0
0.153846153846154	0
0.179487179487179	0
0.205128205128205	0
0.230769230769231	0
0.256410256410256	0
0.282051282051282	0
0.307692307692308	0
0.333333333333333	0
0.358974358974359	0
0.384615384615385	0
0.41025641025641	0
0.435897435897436	0
0.461538461538462	0
0.487179487179487	0
0.512820512820513	0
0.538461538461538	0
0.564102564102564	0
0.58974358974359	0
0.615384615384615	0
0.641025641025641	0
0.666666666666667	0
0.692307692307692	0
0.717948717948718	0
0.743589743589744	0
0.769230769230769	0
0.794871794871795	0
0.82051282051282	0
0.846153846153846	0
0.871794871794872	0
0.897435897435897	0
0.923076923076923	0
0.948717948717949	0
0.974358974358974	0
1	0
0	1
0.0256410256410256	1
0.0512820512820513	1
0.0769230769230769	1
0.102564102564103	1
0.128205128205128	1
0.153846153846154	1
0.179487179487179	1
0.205128205128205	1
0.230769230769231	1
0.256410256410256	1
0.282051282051282	1
0.307692307692308	1
0.333333333333333	1
0.358974358974359	1
0.384615384615385	1
0.41025641025641	1
0.435897435897436	1
0.461538461538462	1
0.487179487179487	1
0.512820512820513	1
0.538461538461538	1
0.564102564102564	1
0.58974358974359	1
0.615384615384615	1
0.641025641025641	1
0.666666666666667	1
0.692307692307692	1
0.717948717948718	1
0.743589743589744	1
0.769230769230769	1
0.794871794871795	1
0.82051282051282	1
0.846153846153846	1
0.871794871794872	1
0.897435897435897	1
0.923076923076923	1
0.948717948717949	1
0.974358974358974	1
1	1
0	0.0256410256410256
0	0.0512820512820513
0	0.0769230769230769
0	0.102564102564103
0	0.128205128205128
0	0.153846153846154
0	0.179487179487179
0	0.205128205128205
0	0.230769230769231
0	0.256410256410256
0	0.282051282051282
0	0.307692307692308
0	0.333333333333333
0	0.358974358974359
0	0.384615384615385
0	0.41025641025641
0	0.435897435897436
0	0.461538461538462
0	0.487179487179487
0	0.512820512820513
0	0.538461538461538
0	0.564102564102564
0	0.58974358974359
0	0.615384615384615
0	0.641025641025641
0	0.666666666666667
0	0.692307692307692
0	0.717948717948718
0	0.743589743589744
0	0.769230769230769
0	0.794871794871795
0	0.82051282051282
0	0.846153846153846
0	0.871794871794872
0	0.897435897435897
0	0.923076923076923
0	0.948717948717949
0	0.974358974358974
1	0.0256410256410256
1	0.0512820512820513
1	0.0769230769230769
1	0.102564102564103
1	0.128205128205128
1	0.153846153846154
1	0.179487179487179
1	0.205128205128205
1	0.230769230769231
1	0.256410256410256
1	0.282051282051282
1	0.307692307692308
1	0.333333333333333
1	0.358974358974359
1	0.384615384615385
1	0.41025641025641
1	0.435897435897436
1	0.461538461538462
1	0.487179487179487
1	0.512820512820513
1	0.538461538461538
1	0.564102564102564
1	0.58974358974359
1	0.615384615384615
1	0.641025641025641
1	0.666666666666667
1	0.692307692307692
1	0.717948717948718
1	0.743589743589744
1	0.769230769230769
1	0.794871794871795
1	0.82051282051282
1	0.846153846153846
1	0.871794871794872
1	0.897435897435897
1	0.923076923076923
1	0.948717948717949
1	0.974358974358974
0.0225505221360052	0.0270638078593948
0.0534027751341076	0.0229284020734598
0.0737953438523533	0.0244550603824948
0.100464795979149	0.0263561309190544
0.126185488883736	0.0284199146085945
0.150925660541299	0.0245492598347808
0.18106755323876	0.0240493232144648
0.20863035359248	0.0239961927612964
0.233909244524352	0.0239445405791547
0.255056918438724	0.0287102064699615
0.283777079424016	0.0292814049766733
0.308111588632781	0.0265537297869512
0.335102607664268	0.0236405753645327
0.360726232494265	0.0239406795757234
0.381351375780028	0.0265137398087907
0.408093221372939	0.0246273487007153
0.432435990507057	0.0243751892486968
0.463441644754747	0.0220890928016881
0.489971970636245	0.0249923347999353
0.515041066369539	0.0255841084727441
0.540413357873566	0.0287874809977935
0.566500281465877	0.0293454016883673
0.59015906244077	0.0267055271621466
0.614364016104255	0.0232970360587165
0.6384636375744	0.0250616879015706
0.663760659360592	0.024388281573927
0.694116461580015	0.0287478741445006
0.720910596916558	0.0290066921592318
0.746675918412488	0.0231369822630076
0.771775437716421	0.0271056974005737
0.796627353245983	0.0240318885519825
0.823244905802516	0.0275579569041041
0.848219437975114	0.0268164728842704
0.870813454089683	0.0291767463430207
0.897711592540054	0.024331694765895
0.925886520264414	0.0294687240304181
0.948737592803056	0.0289712193101846
0.974416165495638	0.0224664266146377
0.0222900219868416	0.0531370252741902
0.0480256211875766	0.0518706215762639
0.078724429873815	0.0518712040694111
0.104943226173664	0.048711785329757
0.130993171883372	0.0545266997451861
0.152646356057279	0.0487784135550271
0.177498927556013	0.0515854786746213
0.205536244915218	0.0531518880011882
0.234038475006608	0.0509874069925954
0.258310560909735	0.0479516622438383
0.284236791637661	0.0479709713996412
0.30460818005581	0.0484567032168539
0.329777672096812	0.0543010810302258
0.361969870591485	0.0524723726785163
0.381151525010502	0.0477668749758688
0.411705013124543	0.0479011638803412
0.43280344475939	0.053607218466179
0.463103088821608	0.0536925072417024
0.483573550099179	0.0502968577465276
0.509861592422685	0.0545115089144987
0.539901120048801	0.05023052154645
0.562483262797739	0.0515644639929256
0.58822482026426	0.0499155133390261
0.615059966323975	0.053158537169995
0.639129203362263	0.054790528049107
0.670171290783468	0.0511602876670948
0.690266603854316	0.0498826266375074
0.714222704418596	0.0514004643094472
0.745704978007714	0.0528054236181759
0.769187339633708	0.0542384296617863
0.794135678233712	0.0495949932784025
0.818995702814519	0.0483213088424812
0.843934478479673	0.0512698025573187
0.872419954317238	0.0545650671867825
0.894932882819295	0.0545036468549234
0.926573243336808	0.053282838291576
0.947786793613257	0.0526875004098489
0.975262844121872	0.0526846641488582
0.0268175482826795	0.0787514087701385
0.0504582843001144	0.0768211510656492
0.080479899894209	0.0751243942030419
0.0987958434414856	0.0753723113396416
0.128725814954941	0.0741491283280332
0.152829692935375	0.0739400955267382
0.178892955135609	0.0751591588553323
0.20724861240778	0.0746825527164127
0.23107761150471	0.0737413621128581
0.254262208408363	0.0781571445046358
0.283044766291636	0.0746102188233508
0.310438149479713	0.0779782678860463
0.333722823832326	0.0736425643515696
0.357492759267683	0.0743927675284935
0.386496555788698	0.0788288317578651
0.409684387270897	0.0762751226903038
0.434468244517689	0.0800324848394919
0.458972714519042	0.0763507492178511
0.488631459009812	0.0781315819631823
0.516639992313619	0.078092235887566
0.538611387163397	0.0759111976295004
0.562320496464912	0.0772175066060235
0.589092990508879	0.0802195587914818
0.615457768578536	0.0779588360007506
0.6384353316665	0.0803354762897547
0.664460351851725	0.0733991073171504
0.68850013366691	0.0734561133123183
0.720790645269853	0.0798881651332264
0.745749381401393	0.0761681580103466
0.767381091359819	0.0762526234683541
0.796501830142959	0.079422382310974
0.81831696829819	0.0749435227446998
0.843770580917377	0.0806423332689306
0.874573837605833	0.0758391194140001
0.898785524689467	0.0806675247737114
0.922210294180519	0.073254150050206
0.948668394199476	0.0772135380076547
0.975429763685216	0.0765197917291362
0.026112447962961	0.101571364932527
0.0548187441830641	0.104672587667709
0.0732358493701267	0.105364373104184
0.104597760905006	0.0987798614537141
0.124960248074085	0.0989700165999074
0.152598292447224	0.105578328905731
0.182215354485937	0.103981105097014
0.207695086315166	0.102389994591146
0.229416425201697	0.10474839372613
0.258568228530611	0.105642413802958
0.283546650046022	0.105588016710019
0.307947554613931	0.102728088961719
0.332253164900061	0.104955467375803
0.356980435660351	0.105256674354654
0.381241603081192	0.101667489113906
0.40848080357151	0.10541735816235
0.436816896798806	0.103770852265817
0.463207822153725	0.104938863617316
0.490126055355551	0.0998250906510367
0.514525466461093	0.103477502938776
0.540021849095299	0.0989992887000101
0.564659471011145	0.101577191511407
0.586208103801645	0.103545065394782
0.616443690556567	0.106107042295468
0.641464606640099	0.100029523764604
0.663369392249651	0.0995854451686456
0.695318124033305	0.102103397378471
0.718240255283227	0.103089303473145
0.747014355724897	0.102559984245918
0.768489830217379	0.104471815403241
0.791359555805413	0.102310476309215
0.823444515286901	0.103580937346382
0.847070778868291	0.106088355368524
0.872681013626162	0.102752387585634
0.896072893839454	0.100173899027477
0.921124826967992	0.104918856625324
0.952064696215636	0.10398443484634
0.977243627436902	0.102655373768909
0.0257915879237105	0.13142486110545
0.0482319324285788	0.129002368645991
0.0738700603918269	0.130798999631466
0.104590480763665	0.129433139417768
0.130003191037747	0.124650036676918
0.151587564641321	0.12449864803455
0.178277906585683	0.124513967546573
0.20391103692853	0.130192877905361
0.233144675059628	0.130715336291677
0.256205067846025	0.129656338782383
0.28083325012671	0.127646075862098
0.308077681787178	0.131224097486166
0.334227470846018	0.127807580228943
0.355559050921177	0.128143031465089
0.386013096937742	0.129498719609385
0.407526924323326	0.131202537232482
0.437189520676041	0.131909884378011
0.459586393607813	0.126305496329095
0.489501913524389	0.129279818375944
0.509543830991646	0.124529315589724
0.535650477034256	0.125042120668522
0.560767790728671	0.12770466562596
0.589574549581732	0.127069397758491
0.61399910197184	0.130985573553434
0.638673058261318	0.128341189541622
0.66602292162804	0.130861055982448
0.694855558173228	0.127514409926249
0.714952360230849	0.12822013146634
0.742288647437456	0.126683706224767
0.767356067942084	0.131782661496992
0.795878596366016	0.127091749442103
0.822543380529518	0.125094522369942
0.846351283591367	0.129952180176662
0.871810825748749	0.128919830139737
0.899827255005276	0.131136748933552
0.924778994569183	0.125462302030425
0.952542831505462	0.124769197237991
0.976891383316072	0.127595457446308
0.0261104687884263	0.154589577768348
0.0518390724557634	0.153896073029586
0.0734271143383953	0.15352461933898
0.101806040049024	0.155968110368812
0.128482277092371	0.150527013741763
0.152422409108766	0.156838106928657
0.177335146515201	0.155663569361956
0.20369427150199	0.15364293349877
0.229642291725013	0.152150526080898
0.259254016907519	0.157536582351652
0.28356313480595	0.152421853462357
0.310464412209324	0.154958711545106
0.335225884781254	0.153278894487246
0.360942828996267	0.156335264990987
0.386120325081796	0.155826848055268
0.40722193785136	0.153454812445915
0.43795669597707	0.152783424073807
0.459492266317725	0.151840022218168
0.487421951194537	0.157402270888148
0.513857269541289	0.151984450148861
0.540013777560097	0.151256852410866
0.561050446742074	0.15268667295675
0.587402185840138	0.150535726341118
0.617103842150486	0.150267364295495
0.643353564279699	0.156617607646172
0.668481903357066	0.153018193042441
0.692602161913442	0.152105943423617
0.715257728094633	0.15244529484575
0.741125675260402	0.151877214198128
0.769517341865035	0.154858612309052
0.798603199659146	0.155153387108945
0.817766472955802	0.156838895753523
0.847351743833316	0.152948877387725
0.872713282379059	0.154128310750236
0.898087531873218	0.15225433683116
0.924479624901181	0.152228898153792
0.945973466250343	0.157572725025179
0.972013246671013	0.151503374734441
0.0286044975686267	0.181505006880835
0.0522817645536507	0.178797038753387
0.0757648848105912	0.176961936973062
0.0993370788710819	0.180244840136132
0.12876043214755	0.176938480058094
0.151438885847781	0.176730610531864
0.181304833142288	0.181884992032029
0.204671365368882	0.177190351995403
0.228111571040257	0.179734595893064
0.255439665432669	0.1831722583543
0.279513698128425	0.18062609429408
0.307386189320556	0.178360947494957
0.335436434429545	0.181645804221261
0.359262485272945	0.181107198351726
0.385614929371469	0.179977471890079
0.410176150795645	0.181750122373522
0.436018052855453	0.183249006267442
0.460995331634117	0.175813068162172
0.487432734815007	0.179933129839075
0.509598684758354	0.17645096648154
0.534663584840878	0.180418985641522
0.565187605675293	0.178736444378402
0.588656861148543	0.1766936390198
0.617509327787428	0.176140469257814
0.642363248850114	0.18125342740332
0.663681162112234	0.182098296433028
0.693153311199571	0.182181959214811
0.715732485722426	0.179602200640212
0.742909975865387	0.17598570733386
0.76727366379746	0.182017931884816
0.791939120881914	0.180735085266616
0.822076940584351	0.182362417978002
0.844649410463458	0.177497797651582
0.869583302777097	0.180107242944408
0.89536015124918	0.180153874099255
0.924959275590066	0.181893448355134
0.951514263967181	0.1828067060046
0.972072617937475	0.177272629447738
0.0273908441586307	0.203405399455045
0.0534196560046043	0.207379849932184
0.0766499274733408	0.208812419103088
0.103420959383595	0.208543561995907
0.12975020419641	0.203492626086468
0.151921980199085	0.205596071248446
0.181079509011727	0.203520945081202
0.20857946090923	0.207215461399018
0.228563701233829	0.208561985532092
0.258346250836111	0.201410363973814
0.28349626054332	0.205900060379616
0.306847664116037	0.202092383599335
0.329915663167927	0.205645233952464
0.356573246409195	0.208839012156045
0.384767806641169	0.20780400587763
0.407510582536842	0.204693727530337
0.435207970055936	0.203105512324416
0.461710435064138	0.202156995806319
0.487377538503126	0.208776650573965
0.510501088541056	0.204281763368102
0.542258547054692	0.204540679819297
0.564959998593381	0.206398127281207
0.591448819745518	0.202840247897637
0.616292214905678	0.202291193204666
0.638018390635746	0.207435376633235
0.663263328048366	0.202137497152202
0.692721913455078	0.202260737351538
0.714642963551593	0.20795278042055
0.740281395728209	0.20326118610633
0.765665438226428	0.203269581319052
0.796233421471727	0.208031431078874
0.82279716624727	0.20297128913095
0.848616976289007	0.204528774026385
0.868240531463864	0.206777151562286
0.895037564817955	0.203130440970557
0.925874042502816	0.20774959742368
0.950550119408262	0.203273789270771
0.976574163758295	0.203391619161584
0.0257766704479198	0.227183896006784
0.0503174155019199	0.232259938483378
0.0778438404164602	0.233198111293674
0.100891626969241	0.228925504098078
0.127964325595341	0.228411063830472
0.152238822929212	0.229263431076451
0.177385606018003	0.229305619010658
0.205395676815257	0.233365586077071
0.230947320613819	0.229643903674505
0.253165743867926	0.231627186245009
0.281679345499137	0.230599076642288
0.304800445772308	0.231306189760428
0.332848114157557	0.230366674382185
0.355432911543939	0.230653954463588
0.382689229791833	0.233166529765661
0.410742594267328	0.227517459697488
0.436447613400926	0.22894687495006
0.464074893224658	0.229125233044831
0.485410360522189	0.227607919289873
0.511804966394693	0.234588484533594
0.539456848317372	0.234386548468392
0.562485285327679	0.22788391505228
0.587851704956724	0.230657432558958
0.613453047727472	0.232680913574737
0.63822890371563	0.231154079685581
0.667417473890904	0.229830685228951
0.690443093204674	0.233719155032081
0.715537420586973	0.227719760585544
0.740318332824302	0.231803584141932
0.766593210323035	0.234133508128715
0.792125446475638	0.233721823240135
0.818062494504602	0.227973921868964
0.848994801241548	0.230376785356668
0.875429909722944	0.233717579947869
0.896345787099132	0.230627997621989
0.925751262362971	0.230889712653374
0.945981673619592	0.232368827428737
0.977048289144146	0.230566883840488
0.0228325842478654	0.25589287745753
0.0517082350814897	0.260050177667232
0.078660749607363	0.258420543855745
0.102676236657699	0.260232491708496
0.127195325912349	0.258365567206252
0.151619807881159	0.25406941000218
0.182104269558907	0.257070439195964
0.205342948011875	0.258549307787376
0.229151817672598	0.257724171621317
0.255053691848509	0.255417207196124
0.282661082007553	0.259996105865845
0.310419170224302	0.254606882319237
0.332913895891917	0.256041071289893
0.357051153422992	0.258042945095872
0.382334819201238	0.25506403409579
0.4080364575817	0.256331638244168
0.4356749802942	0.254062437159467
0.459435510363292	0.257613111561921
0.487632820319524	0.256234180926802
0.516335108070961	0.257969111651476
0.540113170372654	0.254415320449372
0.561562348998817	0.259520361655198
0.588179549488992	0.253417539141948
0.612115145969215	0.253217492422158
0.639005711111165	0.258313444084586
0.664603900431766	0.259346121169475
0.690674496442651	0.259933071480334
0.718377015771264	0.255443251938336
0.741634762761127	0.257969008628205
0.766363712559727	0.258262840550601
0.795024079351795	0.252998789794772
0.82178942242741	0.25570932022492
0.849830562307205	0.2569798257071
0.873378421241956	0.258084627880128
0.895787195305805	0.256288684861347
0.919512299593133	0.2543435170963
0.948294097623232	0.257594788407998
0.971484137555937	0.25669633994106
0.0236089971397693	0.280343641532595
0.051393212676592	0.27859335900417
0.0799365394189041	0.282481546677609
0.0993571400843683	0.284484280957155
0.131153426330626	0.278358227391368
0.15401537295896	0.278645339605433
0.182337866652434	0.285530440574936
0.20591934782931	0.281983775344712
0.228792428556482	0.285841621434853
0.256114653134426	0.282550894077169
0.283006195579855	0.278652029139662
0.308300790869288	0.280647698246393
0.334833900831004	0.284309904957722
0.360311248938115	0.278468336358811
0.386665247129822	0.27912242665751
0.407979586341006	0.281389728682616
0.436515865758853	0.280204127130171
0.458955729508873	0.281442179753056
0.489195236544937	0.282349198911082
0.51384427107737	0.283807425192648
0.538495820785622	0.278993977643024
0.564286112297145	0.285275056438252
0.590334695959669	0.280877873766423
0.617915906093106	0.284032166923041
0.644666374102541	0.285793862752055
0.663602406995758	0.281047541902179
0.693875540118478	0.282175769899552
0.715810811756326	0.28012578301716
0.743213884585572	0.28518267204363
0.767222828539131	0.278252405558229
0.791664645276873	0.280824283717637
0.819150638499712	0.283672832886929
0.844020815126138	0.284185140719578
0.874744107084244	0.279843067560453
0.901060751274753	0.282942196400954
0.922381114027963	0.27965802342262
0.946039493167013	0.280399498258464
0.974322980972044	0.280035434796956
0.0279866259469776	0.305462676427983
0.0476433009601943	0.310198960538807
0.0789812475345975	0.305013993575538
0.101310661532703	0.310522979090856
0.129753254393969	0.309352735299647
0.155153811126416	0.311007638514761
0.180504863702887	0.306594790068093
0.207191300054328	0.307401168758965
0.22701012036319	0.309210236265672
0.25337750554814	0.310358661715629
0.279706845762443	0.31033429294491
0.310723522783064	0.304104677871988
0.329999750452759	0.304318747022841
0.35776272966784	0.306706376371273
0.385911368279167	0.310136992985719
0.410653111570993	0.307575367407216
0.436669548671426	0.304670175799528
0.463893767504459	0.307897888091815
0.489359279843216	0.306019942718512
0.513884147738751	0.308003030406396
0.541421239726119	0.306035702708813
0.566034254805831	0.304214102995989
0.588893856678577	0.306346096378124
0.617520166972423	0.304256187171483
0.640827506143888	0.308653721581896
0.667959049400877	0.308706609239587
0.692799383072325	0.309189235187421
0.716636310413849	0.306821309437493
0.740474387171579	0.309258286343597
0.771263439022028	0.307363787893368
0.798685045403441	0.305954740830779
0.820211175149034	0.305609835073442
0.846474571782018	0.307091940558176
0.874474107390811	0.30968516705755
0.899804584771283	0.305521473984574
0.920325868250828	0.309143661821549
0.948260725866292	0.307060814560752
0.973907802386035	0.306141080790746
0.0238879045485329	0.333689022726479
0.0488548099105926	0.335648608087134
0.0763243103495525	0.330643247510092
0.102605661487169	0.33247611600536
0.126349503817589	0.336859447301901
0.156869529857573	0.329559958874966
0.182585552914654	0.33458438691809
0.20897415529416	0.334240148114552
0.228850560563007	0.331867967049275
0.259745294503243	0.334321196568582
0.280583767148104	0.333949807940793
0.308824309773179	0.329942148674618
0.331825833638384	0.334196817298737
0.3619289592094	0.334719003949012
0.384443316630971	0.329623904365614
0.410244401678104	0.336435672865923
0.433006286577533	0.329942417262989
0.461658896792375	0.337038330795952
0.489137783751653	0.333557726221793
0.512782271550709	0.336955767591271
0.539380108180344	0.332130144498269
0.564023752828909	0.332215790396466
0.586769526859587	0.331960444350362
0.616016887010323	0.335735246956658
0.644856755325518	0.334453639166143
0.668954656327594	0.332664716013719
0.691802586748029	0.334546973767692
0.714382890212956	0.334803511248456
0.739915203631578	0.335940522401834
0.772071976680498	0.331529360204406
0.791500627593791	0.334856384106802
0.81737734505285	0.334667213369397
0.845386739899682	0.336800567228326
0.869495553741984	0.329805092364373
0.89827448605233	0.329609313300965
0.920917596342725	0.330108176406517
0.947146971853716	0.333401740736438
0.974523472103948	0.334395010901781
0.0235220625623077	0.356626623484486
0.0534506323182176	0.360688117092346
0.0739749941683702	0.361003192098742
0.105641057318715	0.360978993795163
0.129505822133841	0.355414014833004
0.15205788646211	0.362502478417988
0.179751115301535	0.360967993880438
0.206811072651847	0.360705340935921
0.233827414231069	0.356879290680883
0.2572290923577	0.358564128058031
0.284080413691665	0.356759574156167
0.306024276465405	0.359435802005203
0.330406075107294	0.35585051628542
0.361383128227293	0.356488200956043
0.388390699201866	0.362433765146153
0.407177177507009	0.360287334611051
0.433004686895314	0.362292518606445
0.46015037629498	0.358604350941165
0.486696297066652	0.355491588014278
0.515924581847364	0.355530921426094
0.540018902017514	0.360158779128818
0.561754280911891	0.359443374230606
0.588069337847256	0.360515692644496
0.619073993953149	0.362520834257319
0.637391163751158	0.361049011158819
0.663518643182298	0.361220357303841
0.69213631975583	0.355201620257785
0.714946607679636	0.359856732248682
0.741872040437477	0.357650902253933
0.772909528486912	0.358690497216202
0.791576831125128	0.358458140596736
0.819303706485637	0.361728176567107
0.848175120603132	0.358139133590616
0.873075983825325	0.356416720173979
0.90021195504969	0.358557327270794
0.925093459588499	0.362641083412026
0.945871571924911	0.358841432099612
0.976377488355452	0.362785740530117
0.0281734329438777	0.387553766398767
0.0541872537810844	0.384952196029533
0.074807859455107	0.38197434247037
0.104358453525281	0.385273225529356
0.124745429578436	0.384465162968313
0.151215549627881	0.3820797392516
0.181475677245311	0.38557706390613
0.2013124878489	0.383459850177512
0.232250257497331	0.387629627885228
0.256899899127091	0.384154069192295
0.279817030484559	0.388374795421451
0.30742441349533	0.385052609992369
0.330231142660735	0.385754858848419
0.357319718927432	0.382217185847892
0.384674293817688	0.383913735659387
0.408800843750536	0.38470912889757
0.435439538519052	0.385123047938045
0.465170020149511	0.386774602540523
0.485789050370506	0.385652246481475
0.510969317789675	0.38786288152945
0.538053885887009	0.386005297015934
0.567447768489615	0.381713266326344
0.592206393017188	0.384702880820586
0.616249374965211	0.383633819076785
0.642851311134073	0.387302154793804
0.669562014902955	0.384514682433191
0.693928217889659	0.382434443902793
0.71768020823687	0.386893216551871
0.741770855904861	0.3833766366349
0.772667752749056	0.38204416329857
0.791783245659506	0.387649254266898
0.818976394762536	0.387106121199406
0.846273353474894	0.381619427176002
0.874772706700732	0.381125835203919
0.898651918933347	0.385863425216344
0.920420529158029	0.383448043476566
0.948890201022781	0.386813591861617
0.976699840999141	0.388328625488339
0.0253581878439224	0.409112005450107
0.0547777924919618	0.412924007534145
0.0767332729977909	0.408259015710946
0.104511437997159	0.412693300235174
0.129143183898384	0.407910253935063
0.151066614987418	0.412246316472113
0.178103715917495	0.411624435955977
0.206462808857661	0.408561481514605
0.228987528235241	0.408366741598646
0.257483569703344	0.411327219204453
0.285386523991686	0.412805651880537
0.310345197710255	0.406432520386092
0.336526280659189	0.409457175225376
0.356773808442948	0.408208207999216
0.388384941955709	0.408144526210065
0.410752367715	0.411534301594514
0.438660126990451	0.411527725794408
0.460621067028712	0.407061441920024
0.490401889473953	0.411689785766999
0.516079474231594	0.40936266155964
0.540638861120945	0.412755859769517
0.565921527194827	0.407348304502338
0.590219064678215	0.41364370149874
0.612315539831269	0.407032742855637
0.637308687695401	0.410064557706541
0.663248095050371	0.406739173568092
0.69564703018052	0.40854426372718
0.719883617117876	0.41058638896637
0.744041814661921	0.413536864316891
0.77057765103719	0.41247903476151
0.796811144404921	0.410445482576743
0.823497250268488	0.407668663408224
0.844948493852553	0.41202235919707
0.871963562689587	0.410270668238932
0.893946309953276	0.406947019700901
0.92031160223065	0.41209490499311
0.950601490609959	0.408907580374668
0.971793323924024	0.413750114290719
0.023335221997197	0.435226523707417
0.0537048659648746	0.435551752355735
0.0755467947008027	0.432390062561917
0.105813592651465	0.432623214140987
0.125601720305531	0.434309548929978
0.157591226512783	0.432084582199431
0.182419679990637	0.435280891396517
0.203347409626569	0.433518134638992
0.234613538114985	0.434288755598687
0.253294207525458	0.437152672716721
0.278894568892778	0.437602781713004
0.307264620504713	0.433340261248722
0.332044530694891	0.438684108740669
0.362254431946536	0.435551851367176
0.384844984979586	0.433043364183384
0.410805796175098	0.436763538580452
0.43664045099954	0.432084119762067
0.457761105999453	0.433269663903953
0.486298837711249	0.43790639937902
0.516174413485347	0.434053124122728
0.53967319114907	0.433154403546084
0.560362629280047	0.434250721700745
0.587553573706044	0.438366514972546
0.613298781579706	0.432598649241754
0.639425842230428	0.436225046627792
0.66590048155313	0.43605221150094
0.694498007548484	0.436899512116942
0.717540243254588	0.432811221425285
0.740876787903061	0.435198132796711
0.769166989963155	0.43798109544634
0.79860806512832	0.43750507151455
0.823493341686564	0.438139652049438
0.848746853033035	0.439220281684732
0.869216251365146	0.433796011205369
0.895303538016868	0.439622471362537
0.926496315148016	0.433934260064723
0.948011766770198	0.435828465708757
0.970788520284298	0.434603599731882
0.0262851287584148	0.463009679141265
0.0550153595112262	0.462521657777828
0.0765612448686364	0.4592702675001
0.0988833361861931	0.458210693959835
0.130467786051842	0.461257565332829
0.152363702827095	0.464787428290454
0.175964877967067	0.458676668048486
0.202146142472647	0.465364995346051
0.234248890826481	0.458406659881268
0.253810960413203	0.458640542809838
0.282957499662633	0.462848187632881
0.307967495933232	0.458906447879681
0.33492925840175	0.461031480000347
0.356220657851058	0.458586972770245
0.384227547015173	0.463232591242207
0.411507968384032	0.458121630417029
0.433703394619515	0.461174204988974
0.459589944377805	0.458847180682465
0.485617345063163	0.461021348751628
0.514140393954694	0.461233241008253
0.542107389244408	0.462648306673536
0.566245166892461	0.465228102921542
0.593362924997118	0.462015719255809
0.612374840551517	0.465142871109826
0.642912610576407	0.464017161474559
0.667980089325018	0.462500596180276
0.694626958409116	0.460608972258547
0.717388559378378	0.460380411194896
0.743417520979797	0.460994009526476
0.77096913695776	0.462142549818417
0.791091199118257	0.463979417967314
0.821126867199581	0.464603617238452
0.847315679437192	0.464563294684041
0.872852366524098	0.461308061353586
0.901137299730867	0.460687419851532
0.923523130831881	0.46409098541776
0.946779963755029	0.462733134360279
0.971861417716329	0.45952215754127
0.0264831199009254	0.487497296806573
0.0477315481146392	0.485847829036576
0.0766676846968458	0.490658197922723
0.102947875690732	0.487242074183096
0.127405064461331	0.490314360608699
0.152012211689402	0.484506000115983
0.181961881546268	0.48860342162698
0.202202449488461	0.483651030939
0.229157286026433	0.484159138108032
0.256611314509755	0.484133918385399
0.279490662620722	0.490316365518451
0.310258507399729	0.487858771249578
0.333663130924572	0.48723912119205
0.362370732392561	0.488225994561704
0.381967512428527	0.487189565552957
0.410299106152002	0.48761722551624
0.432635112369302	0.488905646812586
0.46420444017598	0.488445826010575
0.485375516743411	0.487771264559458
0.512066473824633	0.486094311242461
0.542235122908202	0.490911581661525
0.56186396920249	0.486971425674993
0.590821742191923	0.484475042933842
0.618845041786053	0.484216096739076
0.639372123854306	0.485282357208195
0.665949405718041	0.48395652193088
0.694335293694126	0.483796974091061
0.720367158952547	0.483381380218656
0.74590345075863	0.485172643284253
0.768045399490747	0.486014416946779
0.796550011770293	0.486259111517416
0.820572420235571	0.489287175278
0.848366962482694	0.483473989760121
0.870200607708608	0.484899991940422
0.900903783423408	0.488461283718483
0.925067821687345	0.48625076019092
0.946600602977872	0.489555422137426
0.977961200530413	0.490664576858247
0.0248263905070692	0.511282137908131
0.0492113935554971	0.51226504533032
0.075352199690784	0.515784398618457
0.100068185631993	0.511183925890654
0.127142379222449	0.514451847036179
0.156420167676061	0.510915132910442
0.176573775217993	0.510047022829292
0.204243254070638	0.512718850999183
0.228646139563663	0.509835865368859
0.25950595472978	0.512015836437988
0.282352624586911	0.510801618136885
0.306681665772385	0.515795063437581
0.333123190854991	0.516142818556544
0.359355669127136	0.513773907236411
0.381812247417195	0.514087434997983
0.410994805784847	0.510865301355861
0.43558373717607	0.511379527205447
0.457746412591106	0.509657522172324
0.489649336749816	0.512552585900776
0.51183599745799	0.512054649321337
0.535791881613975	0.512614934334842
0.567678713330345	0.51416861476284
0.58845926770256	0.509561023048331
0.618737910496894	0.512408077406616
0.641315295596349	0.510113100970449
0.668943634547042	0.516297581304278
0.695063664008825	0.509565511366523
0.720765447907212	0.51066742550593
0.744181665050144	0.516661783103395
0.77139566020094	0.512041108169111
0.797253667123877	0.509843763069395
0.818348589145632	0.512330491808719
0.844288647169645	0.515498503558468
0.873795047378961	0.510957758654099
0.898675403530184	0.511920049859564
0.921420326018863	0.509039973110248
0.945411748752775	0.514994235073464
0.977103235359629	0.509978762440682
0.0278745622796963	0.539389713936527
0.0508732643899407	0.537852672026534
0.0795900696108422	0.535785741895081
0.103590723946166	0.538954346183044
0.127115644814074	0.541106201638446
0.155996343472611	0.537288730426753
0.178683473840569	0.540550970481162
0.20770197533026	0.534735280666011
0.227348546541874	0.542007209016356
0.256334624167961	0.539156289566436
0.283636172655802	0.53512527869874
0.310150571702104	0.535671255699446
0.334603406233842	0.537012252275931
0.357046516515246	0.538490942550519
0.387191297170889	0.537392856613963
0.408264431826356	0.538159540974264
0.436420278297495	0.541095330106716
0.460474910119634	0.536069178341708
0.484438150473568	0.540237471799464
0.511018249724778	0.540436558629206
0.540872951633997	0.539414891547768
0.564412783950177	0.538155299266091
0.586611722358221	0.538502811517718
0.61906017914061	0.534930245925945
0.640992318055838	0.54224514262371
0.669686799023472	0.54057645114363
0.68939959279061	0.535766567445435
0.715676988712118	0.540329939791676
0.747111674703715	0.539342600206545
0.772492773820656	0.538862573808325
0.796868291022685	0.534927453980137
0.817987361607142	0.539444907419419
0.843720676599404	0.53900171895472
0.870246670395392	0.539477343806985
0.895601624738555	0.537433476173658
0.919604086797708	0.536361341825
0.951829196294426	0.53983783215475
0.971652538917396	0.53814566471797
0.0221732861795624	0.567322102020421
0.0524409899997944	0.56362285281638
0.0757434708828085	0.566729485786809
0.103564589865178	0.564281051505393
0.130698392351249	0.565625825706721
0.156889225281158	0.560939923783004
0.180645049933557	0.566783602216436
0.205986150372354	0.564564142944077
0.23090604656663	0.56457387993726
0.254251034934636	0.565219049085765
0.280440318505373	0.565751794079317
0.305867934176206	0.565921576335226
0.330112902190437	0.561947507626859
0.361469845347505	0.565112749313761
0.382810754962726	0.561482846245107
0.409497900012888	0.563460119995748
0.437886249671999	0.56569607912533
0.464042681667129	0.56638896784646
0.48866088174965	0.56383506403514
0.516393735665219	0.56156164833504
0.541174193087529	0.562805283132838
0.563910809269691	0.566971594335415
0.587211694308457	0.567086668348509
0.616984047530375	0.561129459193674
0.639725421107531	0.565019544364245
0.662839202482985	0.560961786205493
0.690222096636304	0.567944422395678
0.716418370351668	0.562494771091457
0.740021920492502	0.562867389071022
0.767838859493224	0.563024615159579
0.791460675083394	0.564032655874479
0.816910815596617	0.564449297632971
0.847441886858877	0.561402868404171
0.873710881133382	0.564818887579453
0.896241879468465	0.566836790267182
0.923013088093226	0.560905560089631
0.950307113423587	0.562886144584438
0.97081050912002	0.567922876342052
0.0221013650553813	0.592826164843234
0.0525248957411895	0.587091350367966
0.0733966489487609	0.592641791368198
0.100623420896683	0.591529226810389
0.13074891901455	0.588532765322666
0.15121203971892	0.589212647561389
0.179792946837868	0.589534883759318
0.203550717445302	0.590829152600143
0.233119253401664	0.588218394166794
0.253786900062062	0.587869185020591
0.282972263815137	0.592710940224497
0.304889809881024	0.586960110173188
0.33659335043205	0.589991751637667
0.359679948712071	0.587146433825551
0.384825542046982	0.586358962624792
0.410323704635706	0.590632219371861
0.438898842250739	0.592915171559918
0.459091308609382	0.590120479808167
0.487386536237695	0.593114253893995
0.516234261063047	0.58680190794797
0.536497678607307	0.587691052241045
0.565987531395776	0.592305677526316
0.592250911786816	0.586364010774007
0.617684249161407	0.589866901611918
0.643962591707314	0.593099656697392
0.665495056938065	0.58923388513186
0.692323855169438	0.59241559913158
0.716175324827189	0.587011284014125
0.745938960905756	0.592823644830328
0.770766784134316	0.592014852286568
0.794704531070837	0.591659843506705
0.821049422342225	0.591699056090831
0.843957939077384	0.589921089242957
0.874293150453568	0.586017590426392
0.894554806652435	0.593275286327478
0.921024451556909	0.589597834869449
0.947601919317148	0.591471571514145
0.977434500360362	0.587539883812383
0.0235294168109508	0.614362279441537
0.0508705817355547	0.612849485047342
0.0765904189548101	0.616702863638068
0.0999292042748695	0.612237329378726
0.128688369914701	0.616468349090019
0.150246837094896	0.613852158797839
0.179687083574074	0.617868109782659
0.208011131595246	0.618554100169503
0.229193488175042	0.613449487958707
0.25762790919373	0.614769079628942
0.28097203486803	0.618562891245637
0.310844250744649	0.612696014607413
0.331894415685071	0.613123038091346
0.361086868062119	0.611991064629626
0.386394571505474	0.613288292278196
0.409070752362438	0.612835955016382
0.438502005490666	0.616726151030793
0.457994744186067	0.619071398370568
0.484888526853268	0.617823993486061
0.514250624669778	0.618221243789827
0.538461023540772	0.611935700967838
0.565025034440573	0.612573610357301
0.593075222999284	0.615918303801124
0.618471824358695	0.614889897726624
0.639951083922287	0.613181921798568
0.669998643985793	0.618859556982069
0.69315248078774	0.611929785998147
0.714750548465858	0.612162595592369
0.742058313141117	0.618918046689471
0.769906749808844	0.614970744373216
0.797279534928951	0.61593452279163
0.823018089475614	0.614456050427151
0.846462443396988	0.617746203586703
0.873339086181536	0.618864242072834
0.90046942891076	0.617623242391056
0.919640560327844	0.614294927873684
0.949473433663836	0.614014688969755
0.97307072731139	0.613872081752175
0.0278054019620535	0.643135607211295
0.0475441484336876	0.64020847687564
0.0786668332826258	0.644057467095858
0.102933180013713	0.64156859236282
0.128124471728741	0.640784081145807
0.150290284833805	0.641514442755484
0.178537931068128	0.641782205898696
0.205741622275626	0.637623069586371
0.233270117199733	0.64445931980945
0.252935052236771	0.642602206337427
0.283035323329478	0.638501904470851
0.30670707806613	0.643430507849818
0.335482951366099	0.640765472612274
0.359355592680104	0.640528892529673
0.382439271493946	0.637747105629039
0.411109590565993	0.639621010014848
0.432137240158968	0.641749799936508
0.461716693842105	0.637377333759836
0.487328584139416	0.643805608841079
0.509755019882251	0.641077778932111
0.535839108853292	0.637307493582206
0.564430575267207	0.63719362780321
0.590059439303466	0.63999325432443
0.612424647423842	0.643752683170952
0.639777532534895	0.644441073852017
0.668253657059068	0.640298383388475
0.694335504166015	0.644398580898837
0.716894815922073	0.639626527272967
0.744140490310196	0.642532632607582
0.76989365898073	0.638287676237793
0.795018859796244	0.641842112202702
0.820650378485005	0.63757088607331
0.845998443918931	0.644722179468194
0.870106232638175	0.641535627684019
0.90057896424362	0.644588943828751
0.92687705258584	0.643981565329943
0.952456036899324	0.641420533664066
0.974962780377891	0.639413265385519
0.0283859997535281	0.668989484307486
0.0503652406481471	0.666786569927576
0.0784365822018324	0.663070255641906
0.105333384669531	0.663317024609617
0.126533897127586	0.665467972639413
0.155954905854647	0.668986118195345
0.176130504061959	0.66533692167381
0.204380858412673	0.666189739660137
0.234613145216557	0.670408417058579
0.258312504077645	0.663906159071177
0.284130014145856	0.666896052109541
0.306972169853395	0.664533566453828
0.333061827114781	0.668280612639863
0.359783022568568	0.666554658848094
0.382966252323686	0.666121951542431
0.412695144975768	0.664719633879215
0.432485225647561	0.666731847507082
0.460955559528408	0.669569542947901
0.489355318328034	0.667181869491313
0.514207308104685	0.666253006359822
0.537876024585087	0.669555791025189
0.564855476776917	0.665097225040485
0.591842087830804	0.667740201644351
0.616545554229639	0.668629475877396
0.638098555547212	0.669315422248603
0.66983649203084	0.666549897221499
0.693085825641001	0.663622996222261
0.715252397761034	0.666240828937243
0.743473438128693	0.665325832365096
0.769171882259903	0.665951904494039
0.797946644641182	0.664354888958137
0.82049586002978	0.668202655041173
0.848951368213793	0.663693562571893
0.869321573338412	0.662953069563967
0.894377740921173	0.668163479185826
0.922822584994734	0.66940946305633
0.947057186155035	0.666078870152788
0.9770243802498	0.669676513289848
0.026168134256993	0.694258647824534
0.0547211519629989	0.695411976580546
0.0761254991545916	0.69249539675925
0.103237549012548	0.690468447488933
0.126996338618085	0.690374650634485
0.151421297241488	0.694511841215907
0.179322998271648	0.692339124304087
0.20346394683518	0.693194851136656
0.229229787715876	0.689985893594673
0.256615527214287	0.688553201058165
0.282229791954809	0.694720792115839
0.309452066592569	0.691592568742754
0.332340122527067	0.689618291671413
0.357207264899896	0.69560209932821
0.38604847929061	0.692682706268571
0.411296764017714	0.694642313100156
0.436675130798328	0.693583343354599
0.459027538016343	0.689712493369464
0.486107528505369	0.695713346669275
0.511775315202107	0.695474938064099
0.537107610233093	0.692200187910598
0.565643939692784	0.695272601096975
0.588038406885246	0.689306445493216
0.618425518814551	0.695325512151941
0.644552195763993	0.692387137605105
0.666117998675997	0.695833018024507
0.694452480386307	0.691100283396905
0.714111689744807	0.693250848434281
0.745656721693576	0.694866461640744
0.769472238357058	0.6889679530297
0.796983232466164	0.69399897539252
0.818097355207822	0.694424451089607
0.842456060768969	0.69388023320176
0.873972546277	0.694562080166322
0.894791273099375	0.690799150823966
0.926117632477255	0.694653961880153
0.94791926342306	0.691068444631277
0.977096051535905	0.695984356363461
0.028310381518913	0.720157175960298
0.047899721864615	0.720653237119356
0.0784945099107474	0.715631294609272
0.103063147739687	0.717368073468531
0.128310234644845	0.716616250638245
0.15687294882374	0.718403134322903
0.176107203325887	0.716414361855846
0.203250683230632	0.7158261673415
0.227108640634529	0.71708752314314
0.253894132986662	0.720358688018862
0.281636229512663	0.720407581089974
0.306302316760396	0.71772521105867
0.331580145082802	0.715157467882805
0.356153400940087	0.718483454204537
0.386362926960411	0.717292274014503
0.408168569501778	0.717996493361974
0.436357956190034	0.720773819076351
0.463963378486474	0.715485272305884
0.488236144396779	0.720032479168174
0.512386035654804	0.71942210578588
0.537535086347071	0.716550703678686
0.565536636527904	0.71846755135182
0.591646611834989	0.71962562114747
0.619083683486446	0.716310350870741
0.644481945173542	0.720913430282157
0.663479515268093	0.719493082880632
0.688733481532573	0.717942884154361
0.720737488074673	0.715624247485444
0.743785989890337	0.71658511780767
0.766152605216534	0.717119108585698
0.794535039661023	0.714665255384678
0.823328503845618	0.717361074147848
0.844293275649961	0.716282085243611
0.870416720300603	0.716499093714717
0.897508185349252	0.715988401886112
0.926752849045794	0.714955756786679
0.949235066459905	0.717356950533327
0.97336609668186	0.715781397287248
0.024535265522831	0.741171073470048
0.052715805467547	0.740349275575744
0.0735624797830659	0.744314781799711
0.104325247710782	0.739977662587152
0.127745140411869	0.747305227770941
0.155692808708131	0.742599537913554
0.178404870093493	0.740531108163447
0.208761420435085	0.747116908167022
0.231264540985172	0.742662538894862
0.258573967797492	0.745762951474092
0.283627993900457	0.744039268715975
0.305616731388395	0.7437378232925
0.332782837000936	0.740724600206375
0.358626361723447	0.741232186638431
0.386882740283514	0.742926057190656
0.413281511808528	0.746915268659154
0.437744932495503	0.740139099487395
0.462474160688041	0.741388535752271
0.485325657520336	0.745539655003139
0.514727860527803	0.743469866703679
0.536643369563825	0.740228385053383
0.566436432213939	0.740046084120921
0.590116092385093	0.740162044599165
0.613949055050906	0.745774134728739
0.644468611132148	0.746268127550677
0.663114280597468	0.740127386309774
0.689064216538539	0.740699785976484
0.717028097548571	0.742364776311337
0.74670343797516	0.742686643845201
0.768172205920712	0.74703310745496
0.79242454239686	0.741290013158081
0.81704018998779	0.742767579763767
0.846886335421279	0.745647609845393
0.868499443230508	0.742233229918984
0.899699580902544	0.739850400842606
0.923607672494237	0.746807554156937
0.948559425878343	0.743794582265007
0.970738628988058	0.740883856288104
0.0286746246325561	0.76972684129989
0.0520213210259842	0.767366296123403
0.075767027974177	0.770468276420488
0.100057579433045	0.769835891361899
0.124708909557341	0.768536425140563
0.151976725719347	0.769148343217073
0.176652294712663	0.765754965462062
0.20810780076965	0.771170717373894
0.233215762742659	0.765982918536168
0.253184605479386	0.766886236313132
0.28260147243133	0.77205632695983
0.304620119540825	0.76614456043161
0.336950575268807	0.770874394144504
0.358178054099015	0.767930853602814
0.38365134613092	0.770066086812615
0.407741291872057	0.766923768673154
0.439483682350187	0.765497147366975
0.461719502851888	0.772627874348994
0.484045809465823	0.766495381943014
0.509157148994011	0.766923672233363
0.538942249302377	0.767519448062614
0.564082594342219	0.768078807196556
0.592730353689018	0.767048896886614
0.616841110432515	0.766109430446015
0.643646250280911	0.770094321761459
0.668421714648601	0.772234778225437
0.68993759508892	0.769847885794597
0.716043877143261	0.766292143264085
0.743080476448188	0.771240938033122
0.771779930537309	0.766085015832579
0.798220059920415	0.772844913678742
0.820979971622235	0.768690429673715
0.848343456205302	0.768475612010361
0.872317871154698	0.770350470623749
0.895520334012916	0.769468137636087
0.923024110443336	0.767792799460768
0.947201858977271	0.770798717877984
0.977210501809393	0.768174945866958
0.0264881798276227	0.794503157811096
0.0551097361059132	0.797338716084768
0.0735822102841017	0.795470838558654
0.100582307837575	0.794775075024561
0.124415759473209	0.795820658062518
0.153785946076183	0.793714951269385
0.177208675320425	0.794585768079959
0.207878701781984	0.798379678296589
0.232841101340297	0.792578144118098
0.253696085589153	0.798567347004962
0.278693795461174	0.791318951640308
0.303946659791757	0.795395358802874
0.335934937614903	0.792281422735152
0.355972600054472	0.796657135804094
0.387255088775574	0.794654981348419
0.411514320601925	0.792080175617739
0.437197108537876	0.796804126749053
0.465007360291205	0.79805896348592
0.48577594091351	0.791923498093183
0.512861385158511	0.798548291428624
0.541377015592696	0.792755544873979
0.561472434489724	0.79553033610715
0.58949695732234	0.794169364902385
0.615721377002174	0.793935001157668
0.640037256990879	0.798373817886994
0.664135169101307	0.797627512097589
0.694296114881903	0.794009724601654
0.719748244658482	0.797843094234164
0.745615700115131	0.792247647320382
0.767174844870703	0.79741213303753
0.795920328540146	0.793634221732128
0.818407733276752	0.793787044295351
0.845704615352729	0.797635489335712
0.871834339745408	0.792633962209148
0.901118819827142	0.791732373857761
0.921931856156082	0.795025579992206
0.945936750177299	0.79571880887515
0.976800256962237	0.795427923212294
0.0248404974515419	0.818161826218894
0.049503077828658	0.818864879098458
0.0737495596310314	0.821975834560127
0.101561710835636	0.823337843275553
0.132045103993016	0.819960005181421
0.152558231921884	0.817943733977874
0.177127868753215	0.820800568109555
0.208321458911031	0.816948980100973
0.229639191190113	0.82299062116841
0.258681284956306	0.82386107581809
0.278783096924546	0.822109281312175
0.306448014054477	0.818470732985437
0.330292425250134	0.820301602018844
0.359126553307571	0.82224018482183
0.388000942651829	0.824339049151555
0.407550007194317	0.823537992639887
0.437087330522515	0.816746029037421
0.461098608803393	0.817060852360982
0.483765103890142	0.82001106084752
0.509240512785379	0.817007870487059
0.538979338149322	0.820171451759621
0.560850811137756	0.817370292892367
0.589085657259978	0.818985431854042
0.613753988082231	0.823337245017635
0.641420863059241	0.820501174441139
0.668894499860486	0.821689761075328
0.69442319000071	0.821561380884147
0.714616697395186	0.819749230676381
0.745066746845459	0.822335981303094
0.771926520217108	0.822127611848452
0.796033899700643	0.821992009362325
0.818683914089925	0.822772513025853
0.846147479455183	0.82204280362672
0.86969677771406	0.822104990252572
0.895765356174451	0.817327960177965
0.920038527874153	0.819796268787681
0.945375724841778	0.819684646849991
0.974629245936349	0.816934709882231
0.0261366460710344	0.849798865436923
0.0498567602118903	0.844928245741231
0.0807552883428411	0.842797654916048
0.100308771351925	0.846211735935568
0.131669394316848	0.847108060004558
0.153878319788013	0.845473138760531
0.17917395966286	0.844700943440204
0.203719153386162	0.842419178915494
0.227135081000511	0.849321135996182
0.257542451197933	0.842366644271156
0.284425177823655	0.843991164463031
0.310636469694983	0.848430635435058
0.333489983798861	0.843745841341197
0.355647513713962	0.842410032416221
0.382768255762392	0.848949201713439
0.411593660809151	0.842763667557778
0.434483844296357	0.843268513111295
0.459628207371525	0.846104631880646
0.484105526799251	0.842597588388687
0.515340636844527	0.846148189181351
0.537035171418501	0.844232997077107
0.561091778056307	0.849068511388615
0.591608491011041	0.844384962162504
0.614192115857049	0.849976047995557
0.643911795912887	0.844440937693433
0.662824804081485	0.84482790768561
0.690945085084522	0.849430815503088
0.719777227872355	0.844980439820552
0.742225950239731	0.848163271265902
0.772882133427091	0.844845299785651
0.793786620797959	0.847135278313745
0.820722495090425	0.848930748031413
0.846581549748617	0.844846691946813
0.87302642655379	0.844096400249493
0.893686940531396	0.842999932735269
0.919370706291986	0.844196909055379
0.945546910017922	0.849658265963593
0.978035042848433	0.847122786394926
0.0288824401452199	0.870054538778059
0.0483845959427477	0.871110506481385
0.0749128896018985	0.869639167136063
0.0996132478557508	0.869510971270258
0.126197172506012	0.868782083489379
0.157055227796609	0.870950675676235
0.181386164731615	0.868252040843111
0.205599897811974	0.872819820899347
0.230279783376869	0.869579303538542
0.257791066065692	0.872920231878287
0.280362605568218	0.871509346553321
0.310466988376698	0.871752218652054
0.331099382371816	0.873809214230896
0.358211409760551	0.871512824512133
0.385544500739716	0.871918521106398
0.413676253465532	0.871930997639626
0.434442718066633	0.874070492266605
0.464491676975936	0.868685780930609
0.488749252348222	0.871890506654613
0.512853696171482	0.870110800169087
0.536813216423917	0.875454730473884
0.565731861684518	0.872492191859836
0.590319633769713	0.872060900952384
0.618956175742882	0.872190774211254
0.644078218690295	0.875050070971382
0.666100837177675	0.873838621908201
0.694025840763662	0.868361993063724
0.714324025425514	0.869399304689675
0.741035897634761	0.869346079674504
0.770349709808851	0.873573211571806
0.793795609853467	0.871711205133547
0.822635533108057	0.872563802937407
0.843354337940441	0.872251542079629
0.869355508854521	0.874273859101061
0.899011429027817	0.870657666720616
0.923247154119994	0.870311831300782
0.94891531909662	0.870800747713037
0.974825845622972	0.872398296499054
0.0269946406736693	0.899449597649897
0.049411192175841	0.896606275166146
0.0779552959782428	0.899948825515057
0.0991891525469465	0.899398663902078
0.130414436181853	0.900459606499883
0.151685567926573	0.900441514976271
0.179179100398896	0.894401515779812
0.202227621750221	0.900838478894687
0.230343803068301	0.901161103205355
0.255988093932778	0.894818817982153
0.27870164466721	0.898291849230571
0.307375802105579	0.89727899948669
0.332540342100531	0.896579824257249
0.359909127937655	0.897339324272355
0.385165849176849	0.895674594712186
0.407708233071581	0.897057049554669
0.436148738798187	0.896494274719401
0.460358792648766	0.896658410324415
0.488490877915997	0.899255410979517
0.509041115891044	0.895931895353661
0.540940182006408	0.900117795465967
0.566949319029653	0.897180162513169
0.591874984648713	0.896639222939483
0.616015264525683	0.899873093644451
0.641465821982992	0.896166772849032
0.666992531277805	0.89510438439705
0.69162987185038	0.90011881717183
0.714787835534968	0.893648458658874
0.746210835410603	0.899324986385906
0.770201832486369	0.894849454760579
0.792091345077409	0.898394055465138
0.822135862701626	0.897111255458748
0.843452929972999	0.89601907520488
0.868244098096107	0.898273300016409
0.897410139163679	0.897277328068143
0.924037160241395	0.900816030193775
0.951676444797917	0.898841151339013
0.976016045403979	0.899736527423298
0.0237994977909056	0.921725083924037
0.048305160342141	0.923938246265998
0.0767535289463106	0.925252546301122
0.106194360420038	0.925569677180446
0.129128312444968	0.92408842290478
0.156721121162634	0.92671308674667
0.180322630061548	0.924039477964332
0.208291569707579	0.924521737026921
0.232061419168556	0.92231584370044
0.25657009555634	0.921962008606141
0.283844886758555	0.92047960071343
0.308762074241143	0.92626577457797
0.332863312195983	0.924529095296584
0.360101556638055	0.926623834213208
0.385611280503881	0.92636565631239
0.413100101336281	0.92626888724961
0.432912474200518	0.923618964211813
0.464395668912469	0.920816552992539
0.48798177821701	0.922886876550798
0.510214568649234	0.924713007634746
0.539624199301613	0.926637948583388
0.567770402906704	0.923915762303393
0.589183977010766	0.921310673458481
0.612284621236826	0.92413606529718
0.638651029287276	0.925919574715177
0.668339812225005	0.919421381241664
0.689491678160424	0.920196153852315
0.720774063152941	0.926209486448194
0.740898581712538	0.926662076333437
0.771979505648335	0.925198239958475
0.794934213224968	0.921257839058107
0.821381718481729	0.925794505053045
0.843549073247619	0.924480028450666
0.874843530950782	0.926635474348967
0.898984371011262	0.921924515725914
0.920256031213893	0.923836205231108
0.952315688408444	0.926693502442852
0.972840410112814	0.925226076946304
0.0245113817701002	0.945055651793315
0.0512091040418802	0.945059843220571
0.0785475091149923	0.947478804978747
0.106203817526861	0.94571050697703
0.125578444684768	0.946446035937229
0.155473325166411	0.949612961716435
0.181125430322779	0.949192588804423
0.204910017396481	0.948054888745191
0.227364870628327	0.952556665187188
0.258559758832668	0.950948486946466
0.285419486882339	0.949705205436108
0.30677668058223	0.949561554038956
0.336607102180435	0.949358998299969
0.35809829348681	0.946744860768827
0.387735645870149	0.946768755131473
0.407194173565018	0.946180993356181
0.43457184617683	0.952507895904749
0.459290083337661	0.946380768973609
0.490400276917246	0.949797821190632
0.514589104121906	0.952485272672237
0.535169844334311	0.951144066758485
0.562584222797964	0.947309874462919
0.588974520279545	0.945094397434941
0.613312712170682	0.950825111737926
0.638995179243319	0.949267304760638
0.668473977553857	0.949383148614763
0.694896199358693	0.946689211756575
0.715034519621738	0.946005171656938
0.744123414325042	0.950456007816623
0.769282607294192	0.951652934003756
0.793691513834603	0.94914883130758
0.817464095194375	0.945269621459293
0.848666048732941	0.949607081397474
0.873726136330962	0.950858270413464
0.895349563586235	0.946464992691283
0.9193592030114	0.946327887886366
0.945485685209425	0.948063997282145
0.976397670568414	0.950074240940568
0.0224481239853826	0.973087569434907
0.0516803789849388	0.974790395445813
0.0752028917151804	0.977691876273382
0.10145382977088	0.974669200505859
0.127452404685971	0.976940511400908
0.157403162866957	0.975317092269469
0.176422749468857	0.974252875303402
0.208118789317782	0.973023151218097
0.233759920742027	0.978085764852674
0.253885751514515	0.97477583435697
0.284206338975616	0.974421234404962
0.310160893469042	0.970589930467489
0.330039162291222	0.97067666929157
0.356123959985731	0.970973583206573
0.381790245701521	0.976850358302159
0.409736602020028	0.975614287291458
0.436654271985267	0.973668163857329
0.460875543431903	0.974778585885316
0.486016303925658	0.973422541544089
0.509184073576442	0.973017578245275
0.536064078866934	0.974665051165082
0.561616292952692	0.975685704054041
0.590806417680552	0.971841636070318
0.618457286765438	0.971827219363603
0.637895693093933	0.977173536082357
0.664057274941411	0.9725984122519
0.689997507810562	0.972162115681488
0.716281344130019	0.972663494783052
0.740567908070362	0.977719522975419
0.771811079788572	0.973145173149932
0.797797824025125	0.97120730261631
0.820209533150525	0.975873881913948
0.84856226459205	0.977230145432605
0.871982777929694	0.971517507067414
0.895506571491373	0.977921807658502
0.924495452398608	0.978201121725016
0.949027316345063	0.977934145815261
0.975800483478007	0.970747948320695
