1.499410e+01	4.396483e-14	
1.071418e+01	7.993606e-13	
6.265874e+00	1.049494e-12	
1.013832e+01	1.224354e-12	
1.006158e+01	4.502843e-12	
1.480482e+01	3.337997e-12	
1.299340e+01	6.732392e-13	
1.327379e+01	2.491918e-11	
1.237381e+01	2.576384e-12	
1.230995e+01	9.148238e-14	
1.143708e+01	2.549738e-12	
6.580455e+00	4.193867e-12	
1.326209e+01	2.890022e-12	
1.210067e+01	2.835732e-12	
1.443786e+01	7.540635e-13	
1.105719e+01	1.744960e-11	
6.854410e+00	1.431744e-12	
4.863795e+00	3.241851e-12	
6.744399e+00	9.039436e-13	
7.902942e+00	1.643130e-14	
1.211707e+01	4.075296e-12	
1.238457e+01	4.658496e-12	
8.337378e+00	6.803447e-12	
1.106847e+01	3.373057e-11	
1.007065e+01	2.797096e-12	
6.822820e+00	3.544720e-12	
6.263231e+00	1.919798e-12	
9.784192e+00	3.974598e-12	
6.789038e+00	6.466672e-11	
7.897890e+00	1.616485e-13	
5.355638e+00	9.230394e-12	
9.035161e+00	1.004530e-12	
1.074845e+01	1.563749e-12	
1.058771e+01	6.133982e-13	
1.402647e+01	2.114975e-13	
1.117635e+01	1.739719e-13	
6.809917e+00	4.514167e-12	
1.341179e+01	4.622969e-13	
1.057242e+01	4.072298e-13	
1.429298e+01	1.854072e-14	
1.367566e+01	8.899326e-12	
9.733973e+00	2.957107e-12	
1.182798e-14	8.424628e-13	
4.348256e+00	1.460611e-13	
1.041634e+01	9.701044e-14	
6.886142e+00	5.179262e-14	
1.099044e+01	2.978536e-14	
6.757911e+00	6.316332e-14	
5.736967e+00	8.260200e-15	
4.654887e+00	1.562276e-14	
1.108911e+01	1.088355e-14	
1.144846e+01	8.150451e-15	
8.823802e+00	4.776850e-15	
1.324734e-13	2.400851e-14	
1.005494e+01	1.400160e-15	
1.031151e+01	7.669218e-15	
9.444789e+00	2.079241e-14	
6.848329e+00	4.307230e-15	
1.120944e+01	1.133797e-15	
1.325962e+01	4.646882e-15	
9.407507e+00	1.689775e-15	
1.204810e+01	2.834493e-16	
1.395116e+01	8.614461e-16	
1.087148e+01	1.610680e-15	
9.314950e+00	3.308290e-15	
6.114830e+00	8.867681e-15	
8.237655e+00	2.303519e-14	
9.231640e+00	6.653470e-15	
4.819048e+00	1.811211e-16	
1.002983e+01	1.554793e-15	
6.344474e+00	8.444734e-16	
4.484444e+00	1.977794e-15	
8.505168e+00	1.435530e-15	
6.920148e+00	4.490255e-16	
1.273865e+01	2.121199e-15	
1.475739e+01	2.610146e-15	
1.082394e+01	1.097239e-14	
7.936145e+00	3.848518e-13	
9.912531e+00	1.650364e-12	
1.373416e+01	5.822898e-12	
1.070730e+01	1.485034e-12	
1.457170e+01	2.404743e-13	
1.376321e+01	1.880718e-13	
1.054463e+01	3.811618e-12	
1.079546e+01	1.136513e-11	
1.184880e+01	7.229772e-13	
5.279513e+00	9.561241e-13	
5.252652e+00	1.192046e-12	
9.475586e+00	2.051515e-11	
1.103885e+01	1.788569e-12	
1.092477e+01	2.152500e-12	
9.087235e+00	2.631895e-12	
4.896945e+00	3.945777e-11	
6.352692e+00	1.710176e-11	
8.737975e+00	2.992051e-12	
1.137541e+01	5.491163e-13	
6.457785e+00	1.153684e-10	
4.528691e+00	3.900102e-12	
8.859630e+00	2.450595e-11	
1.126212e+01	1.392531e-11	
1.152054e+01	2.703171e-11	
6.388005e+00	1.019135e-10	
9.422396e+00	6.138867e-12	
1.021211e+01	5.802914e-12	
1.094255e+01	4.952927e-11	
1.299213e+01	1.152001e-11	
1.402989e+01	5.947587e-11	
1.158184e+01	5.578293e-11	
4.514935e+00	5.014933e-11	
8.262070e+00	5.983902e-11	
4.146875e+00	2.738976e-11	
1.261814e+01	1.166023e-11	
1.433721e+01	2.288747e-11	
1.120866e+01	1.646705e-11	
1.278596e+01	5.952794e-12	
1.191195e+01	1.218603e-11	
1.216296e+01	1.710632e-12	
1.007613e+01	7.678302e-13	
1.054862e+01	2.833289e-13	
1.384445e+01	3.788081e-13	
1.343162e+01	9.113821e-13	
6.533568e+00	2.321476e-12	
1.265692e+01	3.218426e-12	
1.179941e+01	1.261213e-12	
1.232549e+01	7.225331e-13	
6.607896e+00	6.482592e-13	
1.205600e+01	2.018774e-11	
1.243361e+01	9.754419e-13	
6.917939e+00	3.300582e-12	
8.212543e+00	2.597922e-14	
6.766940e+00	5.897727e-12	
6.920974e+00	3.260769e-11	
1.146280e+01	1.791789e-12	
1.590407e+01	2.227440e-12	
1.274139e+01	4.078515e-12	
1.120884e+01	4.254153e-12	
1.124653e+01	2.282844e-10	
1.074430e+01	1.509237e-12	
1.170342e+01	1.264988e-12	
1.354479e+01	4.856116e-12	
1.144018e+01	9.670553e-11	
1.081767e+01	7.903456e-12	
9.242833e+00	4.750422e-12	
4.636522e+00	8.898660e-12	
1.219996e+01	2.998934e-12	
1.301748e+01	8.892553e-12	
9.574168e+00	1.621958e-11	
9.559433e+00	6.059375e-12	
1.099501e+01	2.029621e-11	
1.033688e+01	5.526202e-11	
6.731004e+00	4.017175e-11	
9.940770e+00	3.518963e-11	
1.137970e+01	2.621814e-11	
9.847350e+00	1.785805e-11	
1.395592e+01	2.653877e-12	
1.402217e+01	8.575252e-12	
1.032675e+01	6.973342e-06	
9.121071e+00	7.196775e-05	
9.840317e+00	8.534852e-05	
5.553100e+00	5.719322e-05	
2.127461e+00	1.388049e-04	
1.957982e+00	1.334410e-04	
4.259064e+00	8.904179e-05	
1.112245e+01	2.232577e-04	
8.119075e+00	2.224593e-04	
3.419594e+00	2.677438e-04	
5.262115e+00	1.142368e-04	
1.472516e+00	2.582581e-04	
1.478914e+00	1.732619e-04	
1.174325e+01	4.075080e-04	
9.410561e+00	1.038160e-04	
4.782675e+00	1.371041e-04	
1.713781e+01	1.235745e-04	
1.070813e+01	2.001705e-04	
5.217317e+00	5.371287e-05	
1.311023e+00	1.144080e-04	
6.302349e+00	1.558851e-04	
8.497909e+00	3.832911e-04	
1.039543e+01	5.246851e-05	
5.273879e+00	2.921914e-04	
6.992681e+00	1.281464e-04	
9.099141e+00	1.203179e-04	
1.011814e+01	2.154349e-04	
3.883041e+00	7.136025e-05	
9.283025e+00	2.163415e-05	
9.433513e+00	1.372822e-05	
2.814242e+00	8.727309e-05	
1.020862e+01	4.254573e-06	
6.157081e+00	1.446945e-06	
5.075712e+00	1.047298e-04	
8.122349e+00	1.298697e-04	
9.728011e+00	1.136921e-05	
7.705406e+00	1.497962e-05	
8.705215e+00	3.626292e-05	
4.391475e+00	4.152164e-05	
1.140128e+01	1.231561e-04	
8.551577e+00	1.254584e-04	
5.446348e+00	1.753031e-04	
2.837117e+00	1.983005e-04	
8.820161e+00	1.498134e-04	
3.887065e+00	1.556631e-04	
8.838836e+00	1.597506e-04	
6.956479e+00	1.715282e-04	
5.760706e-01	2.417380e-04	
2.441461e+00	3.652912e-04	
9.125172e+00	2.024149e-04	
3.586568e+00	2.324758e-04	
1.750353e+01	7.868933e-05	
1.728883e+01	3.493010e-05	
1.032774e+01	5.310802e-05	
1.244515e+01	1.078556e-04	
1.491568e+01	4.185041e-05	
1.901240e+00	2.343307e-04	
2.553197e+00	2.106944e-04	
8.019161e+00	2.311216e-04	
8.663895e+00	1.675820e-04	
1.458475e+01	5.392359e-05	
9.128523e+00	2.827594e-04	
1.106600e+01	2.217060e-04	
6.352847e+00	1.533375e-04	
6.299319e+00	1.147692e-04	
8.930455e+00	3.049679e-05	
5.572234e+00	5.318757e-06	
7.882157e+00	1.747709e-05	
7.720339e+00	1.898116e-05	
9.418364e+00	8.641488e-05	
2.947098e+00	6.877429e-05	
7.485176e+00	3.703608e-05	
8.103862e+00	1.849103e-04	
1.085492e+01	1.303721e-05	
1.431184e+01	3.715535e-05	
8.884823e+00	8.693478e-06	
6.930582e+00	4.322635e-05	
1.485888e+01	1.720655e-04	
1.712028e+01	1.580454e-04	
1.210116e+01	1.811120e-04	
5.474473e+00	1.721806e-04	
9.131750e+00	1.495934e-04	
1.056900e+01	2.582161e-04	
2.500990e+00	2.014940e-04	
5.328144e+00	1.969169e-04	
4.690292e+00	2.558868e-04	
1.588415e+01	1.663087e-04	
1.102309e+01	4.782829e-05	
1.103714e+01	9.360011e-06	
1.516899e+01	7.368360e-05	
9.180242e+00	1.076923e-04	
2.077736e+01	1.604213e-05	
2.033486e+01	4.912848e-05	
5.901579e+00	3.484413e-04	
4.492726e+00	2.442483e-04	
1.068758e+01	2.077234e-04	
4.567758e+00	2.233965e-04	
6.613014e+00	2.158980e-04	
5.373475e+00	1.145455e-04	
1.005754e+00	1.683359e-04	
5.220772e+00	1.580601e-04	
1.245346e+01	1.585939e-04	
3.976098e+00	7.368384e-05	
6.620272e+00	7.612503e-05	
2.813371e+00	3.681626e-05	
8.631712e+00	4.967942e-05	
4.478843e+00	1.013819e-05	
1.150687e+01	4.905596e-05	
1.038935e+01	9.661814e-05	
8.631000e+00	6.142662e-05	
1.234493e+01	6.428006e-05	
2.321081e+01	4.549573e-05	
1.365285e+01	5.103809e-05	
6.045277e+00	3.835659e-08	
1.203433e+01	3.948328e-05	
9.313066e+00	6.401281e-05	
9.506131e+00	1.048908e-04	
1.253208e+01	6.030003e-05	
6.604483e+00	3.699278e-05	
1.055582e+01	1.718313e-04	
1.346300e+01	2.514349e-04	
3.013804e+00	2.034580e-04	
4.600403e+00	2.704104e-04	
3.466513e+00	2.201888e-04	
3.795033e+00	2.524984e-04	
8.529954e+00	1.429354e-04	
9.055671e+00	2.815311e-05	
1.639836e+01	3.225901e-05	
9.251692e+00	1.253406e-04	
1.561296e+01	1.022875e-04	
1.310288e+01	1.416294e-05	
1.434522e+01	1.659514e-05	
5.927821e+00	1.995958e-04	
8.160666e+00	2.590772e-04	
2.679906e+00	2.019808e-04	
6.227362e+00	2.530270e-04	
7.436618e+00	1.093471e-04	
2.295762e+00	8.907427e-05	
5.536038e+00	1.087620e-04	
2.372327e+00	1.505973e-04	
6.377233e+00	9.385732e-05	
4.979965e+00	7.515250e-05	
5.291014e+00	1.900511e-05	
1.522226e+01	3.502939e-05	
1.355053e+01	7.156440e-05	
2.079282e+00	1.058367e-04	
6.271331e+00	7.266235e-05	
1.016257e+01	5.562436e-05	
5.091074e+00	3.694984e-05	
6.887637e+00	4.082356e-05	
3.542942e+00	1.863679e-04	
5.100519e+00	1.469237e-04	
5.664680e+00	1.008883e-05	
2.119754e+00	2.545545e-06	
7.087951e+00	1.129384e-05	
6.958946e+00	6.822702e-05	
1.472921e+01	1.075005e-04	
1.012361e+01	1.869084e-04	
7.879473e+00	2.350614e-04	
1.076492e+01	1.785773e-04	
8.938740e+00	2.381637e-04	
8.694234e+00	1.990734e-04	
9.258026e+00	2.257023e-04	
5.580826e+00	5.990837e-05	
8.465715e+00	4.644275e-05	
4.406647e+00	8.478438e-06	
9.794684e+00	5.308809e-05	
4.626282e+00	7.262098e-05	
7.906861e+00	7.599323e-05	
9.860710e+00	1.366915e-04	
1.141794e+01	1.739627e-04	
6.847196e+00	2.662066e-04	
6.051518e+00	2.187390e-04	
1.933690e+00	2.434285e-04	
8.898667e+00	1.050771e-04	
9.232962e+00	1.253911e-04	
1.145447e+01	1.860377e-04	
6.098020e+00	1.853284e-04	
2.908614e+00	9.885376e-05	
6.383026e+00	4.872475e-06	
6.747473e+00	4.356796e-05	
1.994688e+01	2.178478e-05	
7.147239e+00	1.404656e-05	
6.302234e+00	3.674377e-05	
1.109114e+01	1.622232e-05	
9.513140e+00	6.446130e-05	
1.562136e+01	1.511137e-05	
9.396234e+00	3.510160e-05	
5.426821e+00	8.258214e-05	
5.765343e+00	1.321887e-04	
8.237159e+00	5.166264e-05	
4.226403e+00	2.270837e-05	
7.600081e+00	1.530703e-05	
5.725529e+00	7.475857e-05	
9.314216e+00	6.231462e-06	
1.112923e+01	2.901240e-07	
9.878064e+00	7.550832e-06	
1.363289e+01	1.023622e-04	
1.194194e+01	2.230131e-05	
2.881695e+00	4.144748e-05	
9.562050e+00	2.171169e-05	
3.323241e+00	6.368164e-05	
3.276933e+00	1.036093e-04	
8.892554e+00	8.007555e-05	
9.999545e+00	2.244094e-05	
4.417997e+00	5.844778e-05	
2.482643e+00	5.854609e-05	
4.717666e+00	9.519727e-05	
5.513276e+00	2.293667e-04	
4.584832e+00	1.769731e-04	
4.857313e+00	1.123216e-04	
4.311961e+00	1.327717e-04	
1.030338e+01	2.007419e-04	
5.174390e+00	1.878805e-04	
6.293520e-01	1.748600e-04	
4.909012e+00	8.840011e-05	
6.337474e+00	7.375456e-05	
1.190817e+01	4.169041e-05	
3.898518e+00	4.697801e-05	
1.243876e+01	8.334765e-06	
9.317039e+00	2.548380e-06	
1.664588e+01	1.952791e-05	
6.065807e+00	9.665202e-06	
7.992129e+00	4.521330e-05	
8.985061e+00	1.565963e-04	
9.160983e+00	1.039973e-04	
4.812009e+00	9.537830e-05	
6.920974e+00	9.308776e-05	
7.316257e+00	1.026203e-05	
8.187061e+00	9.577677e-05	
3.761110e+00	6.011017e-06	
4.127824e+00	2.363022e-05	
6.578693e+00	4.707273e-05	
5.696453e+00	1.017575e-05	
3.455110e+00	2.801010e-05	
2.713318e+00	4.414948e-05	
8.454765e+00	8.488513e-05	
9.847534e+00	5.933007e-05	
6.606027e+00	6.789363e-05	
1.812725e+00	8.711442e-05	
1.293917e+01	1.313480e-04	
1.178653e+01	7.766512e-05	
7.189799e+00	3.282170e-05	
1.204901e+01	3.053892e-05	
2.119172e+00	8.705782e-05	
9.917555e+00	5.322782e-05	
4.083706e+00	1.297962e-04	
2.226118e+00	1.349011e-04	
3.768821e+00	1.555885e-04	
1.365265e+01	7.084005e-05	
1.350267e+01	2.890705e-05	
1.452127e+01	2.505547e-05	
1.596795e+01	3.535281e-05	
1.397229e+01	5.994514e-05	
5.661395e+00	4.634391e-05	
5.509377e+00	9.606552e-05	
1.016919e+01	9.238238e-06	
8.361015e+00	3.368445e-05	
6.489653e+00	2.612009e-05	
6.424590e+00	4.536261e-05	
6.345023e+00	3.441234e-05	
1.079410e+01	1.460607e-04	
5.799181e+00	1.252695e-04	
9.608668e+00	1.833165e-04	
9.640985e+00	9.218134e-05	
8.492509e+00	2.395600e-04	
4.087242e+00	7.124620e-05	
5.227197e+00	1.415710e-04	
7.921956e+00	1.053045e-04	
3.211165e+00	4.107765e-05	
1.645925e+00	3.961111e-05	
7.405579e+00	7.071125e-05	
1.808368e+00	8.416616e-05	
3.851218e+00	6.993079e-05	
1.152116e+01	1.243473e-04	
1.030096e+01	6.165803e-05	
6.432824e+00	5.635506e-05	
6.496369e+00	7.817342e-05	
2.222630e+00	1.197435e-04	
1.074449e+01	2.353341e-04	
8.747388e+00	4.219912e-06	
4.484446e+00	9.971424e-06	
4.287741e+00	9.760881e-05	
6.188605e+00	1.091021e-04	
2.987169e+00	7.799360e-05	
4.649273e+00	1.148507e-04	
1.660518e+01	5.873931e-05	
8.626857e+00	1.566378e-05	
7.254327e+00	1.805356e-05	
1.249840e+01	1.376531e-05	
6.942245e+00	5.532752e-05	
1.519811e+01	9.957049e-05	
1.598738e+01	5.376220e-05	
1.082397e+01	7.490535e-05	
5.133088e+00	4.999200e-05	
9.911704e+00	1.248399e-05	
7.432613e+00	5.617935e-05	
1.197990e+01	7.227141e-05	
8.347016e+00	4.284195e-05	
7.924804e+00	1.572420e-04	
7.196371e+00	9.869120e-05	
3.642313e+00	2.208113e-04	
8.396956e+00	2.527691e-04	
1.040445e+01	1.102576e-04	
3.676230e+00	1.845427e-04	
1.741314e+00	1.754345e-04	
4.897078e+00	1.223940e-04	
4.864789e+00	8.716588e-05	
6.871766e+00	3.487300e-05	
7.475347e+00	7.400278e-05	
9.865979e+00	6.421389e-05	
6.376111e+00	1.909001e-06	
6.352076e+00	1.243275e-05	
7.605647e+00	5.692062e-05	
6.465116e+00	6.884968e-05	
6.696884e+00	7.649609e-05	
1.874769e+00	1.915871e-04	
9.066136e+00	2.172495e-04	
1.311832e+01	1.878381e-05	
1.149608e+01	3.906816e-05	
1.225249e+01	9.717685e-05	
4.592722e+00	9.423747e-05	
9.365996e+00	3.177138e-05	
1.218190e+01	1.167654e-04	
4.021478e+00	1.334513e-04	
4.828031e+00	7.925989e-05	
3.108797e+00	7.962329e-05	
4.176509e+00	1.098233e-05	
1.381172e+01	6.041990e-05	
1.754942e+01	7.270435e-05	
9.589732e+00	4.610341e-05	
8.802497e+00	5.636852e-05	
4.079119e+00	2.435251e-05	
4.619931e+00	5.951106e-05	
6.860348e+00	2.228436e-05	
1.338006e+01	8.999516e-05	
7.520271e+00	1.263833e-04	
5.788433e+00	3.056421e-05	
5.140490e+00	1.320497e-04	
8.126158e+00	1.614058e-04	
9.729383e+00	4.947962e-05	
8.611423e+00	2.151859e-04	
5.010234e+00	3.943478e-05	
4.422056e+00	1.699303e-04	
2.852708e+00	5.778218e-05	
5.767465e+00	1.259908e-05	
3.583029e+00	3.257776e-05	
5.783687e+00	7.626038e-05	
2.646936e+00	4.018484e-05	
3.201665e+00	2.116427e-05	
5.584792e+00	4.126789e-05	
4.977351e+00	4.241030e-05	
2.781334e+00	8.171373e-06	
3.030565e+00	1.198724e-05	
4.285690e+00	4.502673e-05	
5.938855e+00	4.471523e-05	
1.251348e+01	1.363742e-04	
1.409849e+01	7.907406e-05	
7.262012e+00	1.404654e-05	
8.672106e+00	2.710932e-05	
1.130723e+01	5.566861e-05	
3.825201e+00	1.509485e-04	
1.041709e+01	1.746653e-04	
3.044274e+00	1.313482e-04	
4.759227e+00	5.997992e-05	
3.072243e+00	1.029122e-05	
2.329899e+00	9.580441e-06	
1.013081e+01	8.955523e-06	
7.202338e+00	3.954442e-06	
7.409033e+00	4.727109e-05	
9.611288e+00	3.017061e-05	
7.432993e+00	8.460261e-05	
1.499427e+00	1.210061e-05	
4.985960e+00	3.295530e-05	
8.672001e+00	5.114630e-05	
2.650769e+00	9.392146e-05	
4.327146e+00	1.339702e-04	
9.425585e+00	6.226406e-05	
1.041005e+01	1.946452e-06	
2.258179e+00	5.851979e-05	
4.189313e+00	2.596704e-05	
6.248917e+00	8.126962e-05	
5.920920e+00	1.202839e-04	
5.884182e+00	2.176013e-05	
3.493336e+00	2.540352e-05	
5.776944e+00	3.081560e-05	
5.623236e+00	2.490085e-05	
1.111342e+01	1.794348e-05	
1.484985e+01	3.210435e-05	
4.307586e+00	6.066412e-06	
6.089366e+00	6.290081e-05	
4.674032e+00	8.517673e-05	
9.253140e+00	9.249884e-05	
9.523542e+00	1.056921e-04	
1.109527e+01	1.167145e-04	
9.445755e+00	9.021212e-05	
1.190215e+01	9.598176e-06	
7.264164e+00	2.346202e-05	
9.071055e+00	2.630636e-06	
1.301863e+00	6.969055e-05	
5.247730e+00	8.021986e-05	
1.432162e+00	7.317419e-05	
5.554157e+00	2.231030e-05	
5.382735e-01	2.754351e-05	
5.719580e+00	5.495683e-06	
3.862331e+00	1.321875e-05	
4.429030e+00	6.677482e-05	
5.963203e+00	3.204999e-05	
1.449711e+01	5.526961e-05	
1.273548e+01	8.981194e-05	
1.931484e+01	5.501804e-05	
1.162888e+00	5.389511e-05	
5.626611e+00	1.161099e-04	
3.922729e+00	1.702100e-04	
4.464917e+00	9.548515e-05	
1.083200e+01	2.514903e-04	
1.924632e+01	3.016015e-04	
9.449478e+00	7.060687e-05	
1.325575e+01	5.737870e-05	
9.116356e+00	2.592056e-05	
6.652934e+00	1.480275e-04	
2.562340e+00	1.085172e-04	
3.542589e+00	4.125555e-05	
3.815015e+00	1.915259e-05	
1.306073e+01	1.249507e-05	
8.515553e+00	6.437693e-05	
1.120217e+01	4.362711e-05	
8.423037e+00	6.729997e-05	
1.173643e+01	7.142984e-06	
8.271282e+00	8.519585e-05	
8.724785e+00	4.666704e-06	
1.705852e+01	1.658365e-05	
7.946659e+00	7.357308e-05	
5.290599e+00	8.223010e-05	
6.592490e+00	7.455846e-05	
5.087602e+00	1.091113e-04	
1.366986e+01	7.857063e-05	
6.794071e+00	7.771018e-05	
5.173006e+00	7.286715e-05	
1.231485e+01	8.937110e-05	
1.094473e+01	1.394058e-05	
8.258519e+00	4.946243e-05	
3.059415e+00	4.095898e-05	
7.334718e+00	1.368810e-05	
1.787883e+00	3.887168e-05	
3.644794e+00	1.283163e-05	
6.160887e+00	3.695316e-05	
9.288525e+00	8.585401e-05	
7.629621e+00	7.808575e-05	
1.138020e+01	6.901872e-05	
3.853749e+00	9.454229e-05	
5.235281e+00	6.357891e-05	
4.245945e+00	4.605010e-05	
6.661256e+00	2.353682e-04	
1.578997e+01	3.146285e-04	
1.855743e+01	3.226264e-04	
5.049136e+00	2.015745e-04	
9.462307e+00	1.674463e-04	
7.674043e+00	1.008670e-04	
5.393882e+00	7.521600e-05	
2.691664e+00	6.246430e-05	
1.257712e+01	8.382931e-05	
1.501368e+01	1.002448e-04	
9.035787e+00	8.148926e-05	
5.489677e+00	5.301901e-06	
8.671123e+00	4.644545e-05	
1.168634e+01	8.251310e-05	
1.313369e+01	4.060075e-06	
9.778415e+00	4.059976e-05	
7.560181e+00	8.012942e-05	
8.660804e+00	9.193218e-05	
1.238799e+00	4.659757e-05	
2.914973e+00	4.199020e-05	
6.429196e+00	2.606668e-06	
7.298560e+00	2.564773e-05	
7.431133e+00	3.359203e-05	
3.740452e+00	3.944527e-05	
1.157914e+01	9.242066e-05	
6.875597e+00	1.493375e-05	
7.505218e+00	2.674908e-05	
1.208515e+01	2.319457e-05	
2.021170e+00	1.043077e-05	
1.296772e+00	4.448424e-05	
6.464469e+00	4.826082e-06	
6.569455e+00	2.631212e-05	
9.806767e+00	5.552887e-05	
6.519176e+00	7.785315e-05	
9.103555e+00	3.078305e-05	
3.375226e+00	2.334633e-04	
5.157756e+00	2.067206e-04	
3.985082e+00	4.148692e-05	
1.936969e+01	2.245817e-04	
1.557712e+01	2.747955e-04	
7.951813e+00	4.527084e-04	
8.523532e+00	5.664949e-05	
9.462237e+00	1.062481e-04	
7.250153e+00	1.046477e-04	
1.453860e+01	3.049734e-05	
9.289050e+00	3.179657e-05	
1.070826e+01	4.786363e-05	
8.852550e+00	4.466662e-05	
1.346926e+01	2.926336e-05	
6.945039e+00	8.967248e-06	
1.065562e+01	2.201167e-05	
1.204723e+01	6.655405e-05	
2.570106e+00	1.062953e-04	
1.467748e+00	1.648553e-05	
1.198755e+01	7.203917e-05	
6.125957e+00	5.897312e-05	
8.694311e+00	5.755578e-05	
4.516754e+00	4.746120e-05	
8.965608e+00	6.209940e-05	
3.367154e+00	8.171933e-05	
1.023125e+01	2.682479e-05	
6.221062e+00	6.469700e-05	
8.076728e+00	6.261274e-05	
5.916190e+00	3.432932e-05	
3.983146e+00	1.435042e-05	
7.568327e+00	2.632303e-05	
3.625165e+00	2.444481e-05	
8.650752e+00	2.373203e-05	
9.888054e+00	5.125778e-05	
2.607899e+00	7.140675e-05	
8.135246e+00	7.763126e-05	
3.003504e+00	3.941534e-06	
6.022221e+00	1.909673e-05	
1.322847e+01	4.973302e-05	
1.116073e+01	2.131332e-04	
4.136578e+00	2.747058e-04	
1.618663e+01	2.491209e-04	
1.091597e+01	3.516007e-04	
6.348862e+00	2.161930e-04	
1.405305e+01	2.673515e-04	
8.106569e+00	1.701205e-04	
1.039642e+01	1.404688e-04	
3.630230e+00	8.558489e-05	
4.403026e+00	4.096934e-05	
2.782098e+00	5.789343e-05	
1.707398e+01	9.054867e-06	
5.998435e+00	7.622292e-06	
1.353065e+01	3.304220e-05	
1.122165e+01	2.870431e-05	
5.933843e+00	2.939091e-05	
3.733875e+00	5.360972e-05	
8.246972e+00	5.048229e-05	
9.852218e+00	5.766038e-05	
3.670771e+00	2.339313e-05	
1.078985e+01	5.932960e-05	
1.079732e+01	5.040257e-05	
2.623452e+00	5.633224e-05	
6.729652e+00	6.226236e-05	
5.745619e+00	6.328796e-05	
3.861089e+00	6.972049e-05	
8.882478e+00	4.594715e-05	
2.669004e+00	7.079028e-05	
8.661652e+00	2.034799e-05	
3.839957e+00	5.681260e-05	
6.983018e+00	4.786989e-05	
4.328069e+00	1.536323e-05	
7.196772e+00	1.681104e-05	
1.231738e+01	3.593256e-06	
5.189528e+00	1.337154e-05	
7.330282e+00	2.928995e-05	
9.363586e+00	8.258429e-05	
4.925692e+00	6.449563e-05	
6.693030e+00	1.988509e-04	
2.924811e+00	1.901010e-04	
1.244186e+01	8.225318e-05	
5.168920e+00	3.187792e-04	
8.747541e+00	4.555526e-04	
5.548754e+00	7.516953e-05	
7.654195e+00	1.185363e-04	
1.777485e+00	1.581385e-04	
1.824118e+00	1.423557e-04	
2.598336e+00	9.641735e-05	
7.471874e+00	2.838427e-05	
5.993325e+00	6.099454e-05	
1.224717e+01	2.175423e-05	
9.706741e+00	5.930809e-05	
6.556406e+00	5.433863e-05	
9.105092e+00	4.119740e-05	
3.465627e+00	9.189407e-06	
4.568505e+00	8.376486e-05	
5.227207e+00	5.646976e-05	
6.155812e+00	4.192886e-05	
7.931930e+00	7.017232e-05	
1.242269e+01	1.065382e-04	
9.612683e+00	7.089795e-05	
8.164206e+00	5.766494e-05	
1.470708e+01	5.179117e-05	
1.240324e+01	6.175235e-05	
5.463997e+00	7.790548e-05	
4.501905e+00	5.917318e-05	
2.886705e+00	6.555768e-05	
4.525615e+00	4.606905e-05	
5.290166e+00	2.825697e-05	
5.217266e+00	9.587168e-05	
5.588652e+00	1.133086e-05	
4.594832e+00	4.482111e-05	
6.640860e+00	1.300720e-05	
1.459654e+01	6.620663e-05	
1.708526e+01	3.660847e-05	
1.118581e+01	8.751106e-05	
1.763836e+00	1.233295e-04	
1.089424e+01	1.598893e-04	
5.281013e+00	3.284865e-05	
3.922659e+00	5.805053e-05	
9.085907e+00	4.631392e-04	
4.296208e+00	8.849489e-06	
4.094437e-01	2.664173e-04	
3.674851e+00	1.863835e-04	
3.334891e+00	1.185397e-04	
7.058026e+00	6.402298e-05	
6.587528e+00	1.682274e-05	
4.192830e-01	4.556972e-05	
8.038698e+00	2.535867e-05	
7.294773e+00	6.070247e-05	
9.180797e+00	3.997051e-05	
2.479029e+00	7.397176e-05	
5.016186e+00	2.952109e-06	
1.214179e+01	5.730620e-05	
7.606003e+00	4.108280e-05	
1.840006e+00	1.499217e-05	
1.446304e+01	1.193840e-05	
1.029076e+01	1.434317e-05	
5.768110e+00	2.143130e-05	
1.291818e+01	2.858964e-05	
1.784834e+01	3.347465e-05	
8.520714e+00	5.431846e-05	
1.765775e+01	4.818012e-05	
9.035905e+00	4.581923e-05	
3.884156e+00	6.217916e-05	
1.175361e+01	3.339467e-05	
1.457684e+01	9.077834e-05	
4.011658e+00	1.052134e-04	
8.346643e+00	2.589432e-05	
1.174005e+00	3.831105e-05	
3.777597e+00	2.998530e-05	
1.097380e+01	6.791171e-05	
5.731156e+00	4.681592e-05	
2.949172e-01	5.715137e-07	
9.946279e+00	1.166354e-04	
1.140704e+01	1.921579e-04	
3.243825e+00	4.772779e-05	
6.074040e+00	3.152303e-04	
1.050772e+01	4.277231e-04	
8.672405e+00	2.662252e-04	
2.673865e+00	3.601886e-04	
2.967322e+00	2.578504e-04	
1.726987e+00	1.023905e-04	
1.110559e+01	8.295996e-06	
6.788026e+00	2.652449e-05	
7.662216e+00	8.795224e-05	
5.546022e+00	4.321472e-05	
1.682826e+01	2.886212e-05	
1.160869e+01	5.655133e-05	
1.267675e+01	5.277382e-05	
1.508817e+01	3.785074e-05	
3.879712e+00	5.773628e-05	
7.113823e+00	4.831329e-05	
5.602295e+00	1.271642e-05	
9.316159e+00	4.718727e-05	
5.786299e+00	4.746180e-05	
8.167712e-01	6.346711e-05	
1.262974e+01	4.942831e-05	
7.200427e+00	3.953505e-05	
1.455420e+01	5.295531e-05	
3.151825e+00	9.630767e-05	
5.747518e+00	5.316883e-05	
7.929802e+00	4.517937e-05	
1.402199e+01	6.037741e-05	
1.436317e+01	1.483977e-05	
1.407088e+00	4.910651e-05	
1.688758e+01	3.349408e-05	
1.058043e+01	2.847196e-05	
7.271464e+00	1.281764e-05	
1.440859e+01	3.672757e-05	
7.884493e+00	1.106920e-05	
8.037176e+00	1.381075e-05	
3.240568e+00	5.673219e-05	
2.777706e+00	6.730581e-05	
8.928382e+00	8.173199e-05	
7.228491e+00	3.173507e-04	
5.019502e+00	3.224247e-04	
8.235538e+00	1.109199e-05	
2.868497e+00	1.797389e-05	
8.391564e+00	3.059991e-04	
1.058703e+01	1.592553e-04	
8.115458e+00	1.459609e-04	
5.119077e+00	2.013940e-05	
6.352305e+00	2.797312e-05	
2.208259e+01	1.079526e-05	
1.400365e+01	3.450976e-05	
8.672479e+00	3.876447e-05	
8.717893e+00	2.410434e-05	
5.620863e+00	2.174898e-05	
4.741818e+00	3.160347e-05	
1.132954e+01	4.962597e-05	
1.109560e+01	3.320951e-05	
1.344805e+01	1.750296e-05	
3.832306e+00	3.439109e-06	
4.477395e+00	1.511510e-05	
5.793493e+00	5.357661e-05	
7.532838e+00	4.005382e-05	
4.849220e+00	9.129476e-05	
7.225745e+00	9.586253e-05	
9.650622e+00	8.223045e-05	
6.818411e+00	7.684426e-05	
2.829275e+00	6.643442e-05	
8.173218e+00	2.404193e-05	
1.310389e+01	4.414008e-05	
6.343178e+00	1.326715e-04	
1.164407e+01	2.473155e-05	
9.296444e+00	1.794789e-05	
4.567093e+00	2.034190e-05	
4.567967e+00	9.273860e-06	
6.083670e+00	3.460493e-05	
1.831306e+01	2.782692e-06	
8.287138e+00	6.735719e-05	
1.473160e+01	3.683739e-05	
1.163349e+01	3.098246e-04	
5.854709e+00	3.907923e-04	
2.962336e+00	4.786731e-05	
9.162270e+00	1.592845e-04	
1.284571e+01	7.825042e-05	
1.279097e+01	1.797544e-04	
4.000705e+00	5.464019e-05	
7.294976e+00	1.241616e-07	
1.256071e+01	6.544598e-05	
8.670876e+00	1.091472e-04	
1.015849e+01	1.559532e-05	
2.002171e+00	3.855507e-06	
7.438399e+00	1.124319e-05	
7.784734e+00	4.179533e-06	
5.625579e+00	3.218927e-06	
1.428819e+00	8.915826e-06	
1.103580e+01	5.087399e-05	
1.176079e+01	2.157268e-05	
3.663953e+00	4.154010e-05	
6.125893e+00	4.395151e-05	
3.279910e+00	1.053327e-06	
9.042549e+00	6.850127e-05	
7.206227e+00	1.699640e-05	
1.025475e+01	3.588885e-05	
5.985983e+00	8.845384e-05	
4.982941e+00	8.316950e-05	
6.492839e+00	5.629507e-05	
8.852253e+00	9.654196e-05	
1.019312e+01	7.420907e-05	
2.795917e+00	1.417134e-04	
5.482580e+00	9.029286e-05	
9.432622e+00	2.980187e-05	
8.150227e+00	4.612639e-05	
6.688673e+00	4.399838e-05	
2.411009e+00	3.054862e-05	
8.711890e+00	9.481784e-06	
8.641863e+00	1.229509e-04	
6.103763e+00	2.369668e-04	
6.045127e+00	4.856922e-04	
6.714246e+00	2.967714e-04	
3.286271e+00	3.190705e-04	
4.962088e+00	1.332692e-04	
1.216785e+01	1.745904e-04	
9.519739e+00	6.581485e-05	
5.380880e+00	5.872007e-05	
5.454117e+00	7.848280e-05	
3.637786e+00	9.132532e-05	
5.770502e+00	3.549281e-05	
2.875870e+00	1.837797e-05	
5.586970e+00	1.982184e-05	
5.805228e+00	2.777185e-05	
1.393267e+01	6.418569e-06	
8.481428e+00	3.517814e-05	
5.535252e+00	2.500368e-05	
1.741177e+01	7.183069e-05	
1.562940e+01	7.488581e-05	
4.202565e+00	4.590927e-05	
6.297871e+00	2.464452e-05	
2.564291e+00	8.885674e-05	
9.797885e+00	6.287580e-05	
8.222840e+00	1.966415e-05	
9.018182e+00	2.101911e-05	
3.187446e+00	9.955834e-05	
6.639138e+00	7.320233e-05	
5.429981e+00	5.962286e-05	
8.554676e+00	7.876051e-05	
5.315128e+00	4.181736e-05	
1.227809e+01	9.791993e-05	
7.748837e+00	1.412695e-05	
5.753392e+00	4.982368e-05	
6.240634e+00	1.415037e-05	
4.065792e+00	6.280820e-06	
1.743311e+00	5.954924e-05	
5.195991e+00	6.841950e-06	
5.621697e+00	1.503627e-04	
5.274542e+00	1.948017e-04	
5.866718e+00	3.374968e-04	
4.178720e+00	4.160153e-04	
8.233159e+00	6.250642e-05	
1.568769e+01	2.393820e-04	
4.058684e+00	4.097468e-04	
8.509690e+00	2.394615e-04	
6.030616e+00	9.496163e-05	
1.810061e+00	4.363559e-05	
1.031704e+00	4.713927e-05	
2.982092e+00	1.630295e-05	
7.970546e+00	2.188607e-05	
1.202519e+01	1.848211e-05	
1.126904e+01	1.303859e-05	
9.501629e+00	9.540312e-05	
1.450329e+00	7.365126e-06	
6.046402e+00	3.120737e-05	
1.558183e+00	5.167826e-05	
8.393738e+00	4.253205e-05	
6.251733e+00	6.505199e-05	
8.996148e+00	1.211796e-05	
6.984829e+00	6.320510e-05	
1.030723e+01	5.867119e-05	
1.080397e+01	1.653561e-05	
1.468120e+01	5.078454e-05	
1.003102e+01	6.485530e-05	
1.172366e+01	8.011755e-05	
3.407452e+00	4.476330e-05	
1.336845e+01	4.339106e-05	
8.819345e+00	1.405777e-05	
6.716312e+00	7.017017e-05	
1.513082e+01	9.982167e-05	
1.000369e+01	6.320454e-05	
3.517282e+00	5.269848e-05	
9.620281e+00	4.243279e-05	
7.676871e+00	6.355069e-05	
9.212508e+00	4.604623e-06	
1.993020e+00	9.422210e-05	
5.986371e+00	1.339830e-04	
7.245523e+00	1.363203e-04	
2.753869e+00	3.824901e-04	
6.994507e+00	7.147618e-04	
8.784988e+00	2.337674e-04	
1.297517e+01	2.783421e-04	
4.788269e+00	1.969967e-04	
6.323896e-01	4.997780e-05	
6.418580e+00	3.600336e-05	
8.703771e+00	5.575544e-05	
9.800898e+00	9.019366e-06	
7.817131e+00	1.616008e-07	
4.850730e+00	4.304314e-06	
1.422819e+01	6.198541e-06	
3.977604e+00	7.809435e-05	
9.553090e+00	1.335365e-04	
2.025950e+01	3.255301e-05	
1.032140e+01	4.968890e-05	
1.054883e+01	4.046829e-05	
7.614744e+00	7.343266e-05	
7.823247e+00	7.932792e-05	
1.512640e+01	2.137532e-05	
9.165955e+00	4.465196e-05	
9.674354e+00	2.060244e-05	
1.354557e+01	1.097822e-05	
4.707758e+00	3.889843e-05	
7.780973e+00	7.490584e-05	
9.751859e+00	6.313796e-05	
1.304929e+01	5.771802e-05	
1.517261e+01	5.865383e-05	
5.048155e+00	3.708445e-05	
1.613695e+01	9.706967e-05	
1.848303e+01	4.988243e-05	
1.379415e+01	3.532037e-05	
1.039563e+01	2.593275e-06	
9.361936e+00	4.539756e-05	
6.163079e+00	3.606988e-05	
7.911785e+00	2.092955e-05	
2.364639e+00	6.961045e-05	
7.218568e+00	6.365340e-05	
2.614632e+00	4.401921e-05	
1.372642e+01	6.433896e-04	
7.787307e+00	4.794304e-04	
7.665644e+00	3.583187e-04	
3.739929e+00	1.700060e-04	
9.577238e+00	1.118771e-04	
9.508876e+00	1.512068e-04	
7.248027e+00	7.060807e-05	
9.702997e+00	8.615781e-06	
5.789033e+00	2.647950e-05	
4.462933e+00	4.286025e-06	
1.358077e+01	1.792652e-05	
1.047241e+01	1.168135e-04	
1.218972e+01	1.242055e-04	
9.017148e+00	4.977432e-05	
9.459453e+00	6.776369e-06	
7.600155e+00	1.999074e-06	
4.518599e+00	5.297870e-05	
1.357035e+01	4.315177e-05	
1.411534e+01	3.764946e-05	
6.640520e+00	1.870151e-05	
3.463335e+00	6.541989e-05	
6.728454e+00	4.382465e-06	
2.931290e+00	3.416438e-05	
7.465818e+00	7.975175e-05	
1.192769e+01	3.752078e-05	
1.123777e+01	4.964187e-05	
5.282326e+00	1.734272e-05	
9.681971e+00	6.339868e-06	
4.608970e+00	6.483781e-05	
1.330235e+01	1.008735e-05	
1.362228e+01	5.976774e-05	
7.176351e+00	6.150277e-05	
4.319897e+00	6.764722e-05	
4.785985e+00	7.675127e-05	
6.797430e+00	2.279747e-05	
4.206406e+00	2.018124e-05	
1.252839e+01	3.332064e-05	
1.542955e+01	3.834262e-04	
5.524949e+00	1.756677e-04	
7.076960e+00	5.768883e-04	
2.175899e+00	1.941273e-04	
3.132112e+00	2.365402e-04	
3.983674e+00	1.159725e-04	
6.915585e+00	7.389034e-05	
2.827788e+00	2.699351e-05	
1.518250e+00	1.936878e-05	
5.736099e+00	5.961806e-05	
5.702392e+00	6.922673e-05	
1.565142e+01	5.300425e-05	
1.916594e+01	4.186620e-05	
1.008192e+01	4.801442e-05	
1.044412e+01	2.839448e-05	
8.883182e+00	1.481040e-05	
8.930115e+00	3.661498e-05	
7.945674e+00	2.784326e-05	
1.129512e+01	2.557498e-05	
1.392764e+01	3.133332e-05	
3.784477e+00	4.470205e-05	
8.674150e+00	5.340848e-05	
1.276707e+01	8.079840e-07	
1.565017e+01	9.339460e-05	
4.419048e+00	8.057349e-05	
6.360598e+00	8.912427e-05	
1.333777e+00	6.274544e-05	
9.453515e+00	9.405135e-07	
7.520830e+00	2.819946e-05	
8.523316e+00	6.602605e-05	
7.854324e+00	2.491893e-05	
1.097057e+01	3.804639e-05	
4.121012e+00	5.163769e-05	
4.416757e+00	7.007876e-05	
9.011369e+00	1.883403e-05	
5.403033e+00	9.919950e-05	
4.403034e+00	3.490469e-05	
3.336813e+00	1.565317e-04	
7.570496e+00	4.164608e-05	
5.262638e+00	3.592330e-04	
9.781810e+00	3.294222e-04	
1.571964e+01	2.712313e-04	
5.903791e+00	2.027121e-04	
1.219527e+01	1.144450e-04	
6.431322e+00	6.521844e-05	
9.398105e+00	1.651504e-05	
8.152041e+00	1.712640e-05	
1.715331e+01	3.280762e-05	
4.958038e+00	4.474440e-05	
6.215924e+00	5.145808e-05	
1.612099e+01	2.368002e-05	
8.198798e+00	3.250424e-05	
1.870199e+01	6.789783e-06	
1.313491e+01	4.246385e-05	
1.150939e+01	4.515385e-05	
3.703316e+00	2.122943e-05	
1.057346e+01	4.903556e-06	
8.022571e+00	1.615830e-05	
5.257961e+00	1.756198e-05	
6.636958e+00	1.341487e-05	
7.949324e+00	4.274713e-05	
2.030614e+01	6.819143e-06	
1.235311e+01	1.635641e-06	
1.289304e+01	1.590616e-06	
8.696636e+00	1.372919e-05	
1.205381e+01	1.168348e-05	
2.035696e+00	3.256504e-05	
8.878215e+00	3.915495e-05	
1.152568e+01	4.861347e-05	
4.303578e+00	2.292839e-05	
1.050404e+01	4.937381e-05	
8.925737e+00	6.239436e-05	
2.938534e+00	3.142969e-05	
3.688748e+00	1.571217e-05	
6.516013e+00	3.363090e-05	
7.712483e+00	1.381186e-04	
3.414675e+00	1.221638e-05	
5.361353e+00	3.392070e-04	
4.317964e+00	4.703301e-04	
2.580485e+00	2.742178e-04	
6.697806e+00	2.173179e-04	
7.893642e+00	3.254399e-05	
1.158945e+01	4.827646e-05	
9.213823e+00	5.930066e-06	
7.219958e+00	4.645006e-05	
8.768778e+00	2.347010e-05	
4.076583e+00	4.221502e-05	
6.201036e+00	5.858368e-06	
5.739538e+00	4.135959e-05	
7.118047e+00	2.999942e-05	
3.322308e+00	5.362748e-05	
9.823033e+00	3.802389e-05	
2.669998e+00	7.166778e-06	
3.468899e+00	2.052671e-05	
5.007363e+00	3.650573e-05	
6.631404e-01	1.503934e-05	
6.486385e+00	6.716829e-06	
6.240358e+00	1.346228e-05	
1.234648e+01	5.106965e-05	
1.791879e+01	2.995368e-05	
1.254414e+01	1.881332e-05	
1.551751e+01	1.753724e-05	
9.786720e+00	2.280325e-05	
7.034592e+00	1.596195e-05	
5.557729e+00	4.210520e-05	
2.297242e+00	1.323492e-05	
5.137686e+00	4.229032e-05	
4.470536e+00	1.754925e-05	
6.805431e+00	2.028584e-05	
1.874231e+00	8.774470e-05	
2.647740e+00	7.910764e-05	
7.473423e+00	2.637615e-05	
1.135516e+01	6.577594e-05	
8.336531e+00	4.052679e-05	
5.120268e+00	5.560430e-05	
9.629396e+00	2.522890e-04	
1.204924e+01	4.766045e-04	
2.496363e+00	1.923176e-04	
4.158020e+00	2.199582e-04	
3.502997e+00	8.468669e-05	
8.308103e+00	1.412284e-05	
2.834932e+00	1.500270e-05	
7.591172e+00	1.181313e-04	
1.174406e+01	2.848801e-05	
2.379774e+00	5.403435e-05	
5.787624e+00	2.937030e-05	
5.707369e-01	1.369813e-05	
3.884835e+00	6.492671e-05	
3.526972e+00	1.544922e-06	
2.762525e+00	1.145148e-05	
7.804204e+00	8.833787e-06	
7.050772e+00	2.395085e-06	
4.106552e+00	3.523116e-05	
8.965835e+00	6.748688e-06	
1.706591e+01	3.424489e-05	
5.105794e+00	3.876339e-05	
1.171529e+01	2.100048e-05	
9.998172e+00	5.179958e-05	
9.614293e+00	7.715072e-05	
7.013765e+00	1.115031e-05	
3.320459e+00	1.647826e-05	
8.309574e+00	5.028875e-06	
9.574773e+00	4.125986e-05	
7.704728e+00	6.331402e-05	
6.900123e+00	1.918107e-05	
1.882964e+00	7.494475e-05	
3.852356e+00	3.327836e-05	
1.543920e+00	4.683225e-05	
1.670337e+00	6.666729e-06	
6.324085e+00	1.305491e-05	
6.006281e+00	4.290630e-05	
1.067591e+01	9.810000e-05	
1.007878e+01	2.222665e-05	
4.094026e+00	3.037076e-04	
9.117583e+00	3.902245e-04	
8.574939e+00	3.107085e-04	
9.766724e+00	1.436434e-04	
1.029435e+01	1.754037e-04	
6.239590e-01	1.334820e-04	
9.309797e+00	7.110654e-05	
1.157232e+01	7.114563e-05	
6.076404e+00	2.884785e-05	
7.039284e+00	2.777165e-05	
1.054248e+01	5.138802e-05	
5.063448e+00	3.713567e-05	
7.254385e+00	2.460664e-05	
8.112613e+00	1.808385e-05	
6.225462e+00	1.098284e-05	
3.170937e+00	1.269903e-05	
1.105822e+01	8.758807e-06	
1.768059e+00	1.324928e-05	
9.453569e+00	3.427065e-05	
2.144782e+01	2.509333e-05	
8.555548e+00	1.993296e-05	
1.621173e+00	2.736319e-05	
4.650587e+00	1.495069e-05	
1.799686e+00	6.803266e-05	
6.155498e+00	1.741184e-05	
2.203731e+00	4.415071e-05	
1.007011e+01	2.516830e-05	
6.798339e+00	1.117753e-05	
7.328633e+00	3.425487e-05	
6.651349e+00	3.570004e-05	
3.216796e+00	5.467122e-05	
8.162723e+00	7.951147e-05	
9.568314e+00	1.914102e-05	
9.150699e+00	1.860350e-05	
2.331430e+00	2.693370e-05	
4.035135e+00	4.425860e-05	
7.367905e+00	1.168363e-05	
4.338660e+00	2.300715e-04	
1.002395e+01	3.077169e-04	
6.311885e+00	3.463086e-04	
3.032426e+00	2.579588e-04	
8.841961e+00	3.257675e-04	
9.918195e+00	1.191604e-04	
5.174883e+00	1.321515e-04	
6.297310e+00	2.212963e-05	
3.876353e+00	2.209699e-05	
8.259797e+00	1.192503e-05	
7.050659e+00	5.524193e-05	
4.724054e+00	8.805293e-05	
4.827539e+00	3.190738e-05	
2.725141e+00	5.856473e-05	
1.254848e+01	5.677796e-05	
5.129328e+00	1.463179e-05	
1.427094e+01	1.816299e-05	
1.737918e+01	1.672785e-05	
1.647778e+00	2.519184e-05	
8.380531e+00	5.116178e-06	
1.386569e+01	2.529470e-05	
9.843716e+00	3.546184e-06	
8.059190e+00	6.135356e-06	
6.093774e+00	5.401465e-06	
8.833591e+00	5.450279e-05	
2.228556e+00	3.384268e-05	
1.921648e+00	1.360146e-05	
6.204946e+00	7.615106e-06	
2.841147e+00	7.128820e-06	
1.158360e+01	1.127323e-05	
4.188474e+00	2.913553e-06	
9.131163e+00	5.640819e-05	
1.516722e+01	7.821582e-05	
2.505060e+00	7.894368e-05	
1.382400e+01	9.257120e-05	
8.371514e-01	5.096443e-05	
7.181187e+00	7.539265e-05	
1.876711e+00	6.808839e-05	
6.297478e+00	2.975365e-04	
6.229555e+00	4.895941e-04	
3.633520e+00	4.689983e-04	
8.204805e+00	2.710134e-04	
9.913764e+00	2.891186e-04	
1.430308e+01	7.868696e-05	
1.203108e+01	1.107355e-04	
5.903677e+00	7.124065e-06	
6.849494e+00	2.280627e-06	
1.763576e+01	3.829669e-05	
7.129963e+00	6.194639e-05	
9.105659e+00	9.600438e-05	
1.530462e+01	7.588575e-05	
4.988179e+00	5.587255e-05	
6.184659e+00	2.683174e-05	
5.930610e+00	6.333828e-06	
8.522528e+00	8.512055e-05	
5.765752e+00	3.722006e-05	
8.910472e+00	6.183369e-06	
5.689308e+00	1.970093e-05	
1.856624e+01	2.818499e-05	
1.842740e+01	1.029285e-05	
7.554363e+00	3.451274e-05	
6.179767e-01	3.602883e-05	
2.480079e+00	3.141500e-05	
2.202828e+00	3.806585e-05	
3.260609e+00	4.215347e-05	
1.835471e+00	3.381585e-05	
1.228776e+01	3.496638e-05	
6.308315e+00	1.696543e-05	
1.226661e+01	7.954070e-05	
1.059739e+01	2.688294e-05	
4.768552e+00	3.951013e-05	
7.954127e+00	4.697677e-05	
5.708498e+00	6.790421e-05	
1.188421e+01	1.607189e-05	
1.984283e+00	5.413775e-05	
4.593266e+00	2.926210e-05	
3.366416e+00	2.248604e-04	
5.009246e+00	1.850387e-04	
2.173514e+00	4.645162e-04	
1.190776e+01	1.719140e-04	
1.162812e+01	2.555756e-04	
7.324957e+00	1.036135e-04	
5.248277e+00	1.811554e-04	
1.357442e+01	1.710734e-05	
1.079372e+01	1.266204e-04	
1.727408e+01	7.887851e-05	
5.171925e+00	1.088693e-04	
9.896422e+00	1.323586e-04	
2.601849e+00	1.182133e-04	
1.349401e+01	6.451550e-05	
6.697174e+00	3.209243e-05	
1.237697e+01	5.984993e-05	
1.126225e+01	6.634595e-05	
7.649778e+00	9.520838e-06	
9.947031e+00	1.682367e-05	
1.218391e+01	9.888523e-06	
1.377543e+01	1.226940e-04	
1.259349e+01	7.846979e-05	
4.700497e+00	6.519313e-05	
5.858671e+00	4.899360e-05	
1.776419e+00	4.643385e-05	
5.589774e+00	3.803256e-05	
4.842852e+00	5.111906e-06	
4.775341e+00	4.359012e-05	
6.341886e+00	1.262992e-05	
9.864400e+00	6.626417e-05	
5.299279e+00	6.127782e-05	
5.738544e+00	7.699879e-06	
7.782423e+00	1.830973e-06	
9.807494e+00	1.082352e-04	
8.532288e+00	1.036633e-04	
1.223645e+01	1.271057e-04	
1.368385e+01	1.012862e-04	
9.253267e+00	1.032598e-04	
8.647464e+00	1.837355e-04	
7.611643e+00	1.529268e-04	
9.831401e+00	4.871185e-04	
1.189879e+01	3.238508e-04	
1.741210e+01	2.526211e-04	
1.008032e+01	7.877912e-05	
8.202781e+00	1.224402e-04	
2.007794e+01	1.428538e-04	
2.339218e+01	1.432054e-04	
1.299365e+01	7.102604e-05	
3.783730e+00	7.001693e-05	
4.593127e+00	9.847201e-05	
3.894174e+00	1.285497e-04	
4.636393e+00	1.373508e-04	
9.414920e+00	1.105962e-04	
1.031593e+01	1.253747e-04	
1.293185e+01	5.118798e-05	
2.653798e+00	5.514573e-05	
8.846315e+00	1.714540e-05	
5.218933e+00	9.898724e-06	
4.080641e+00	2.864127e-06	
8.194491e+00	4.841926e-05	
8.035536e+00	5.207437e-05	
9.088570e+00	4.692122e-06	
8.950675e+00	7.808610e-07	
1.199036e+01	2.918639e-05	
4.632497e+00	3.460239e-05	
3.890949e+00	4.850014e-05	
7.882199e+00	2.308754e-05	
6.608148e+00	1.758361e-05	
9.235008e+00	2.589875e-05	
1.291814e+01	1.805033e-05	
6.998869e+00	1.175970e-04	
6.212787e+00	1.186522e-06	
7.873670e+00	1.309165e-05	
4.778483e+00	1.274529e-04	
1.018335e+01	1.216725e-04	
3.040017e+00	8.016135e-05	
5.650165e+00	3.963761e-04	
1.820067e+00	5.052446e-04	
1.949067e+00	3.932909e-04	
6.060668e+00	2.533252e-04	
7.193386e+00	2.135582e-04	
7.778741e+00	8.917344e-05	
9.369777e-01	5.762004e-05	
1.539089e+01	4.036100e-06	
1.512453e+01	1.146785e-04	
1.379707e+01	1.569138e-04	
8.499510e+00	1.086541e-04	
6.264414e+00	1.356405e-04	
1.115133e+01	1.218219e-04	
1.950563e+01	8.007537e-05	
1.689656e+00	7.838497e-05	
1.964075e+01	9.772885e-05	
6.189024e+00	3.423436e-05	
5.622773e+00	2.241370e-05	
6.706258e+00	1.485432e-05	
4.345556e+00	9.037602e-06	
3.081888e+00	2.127056e-05	
7.524651e+00	5.997778e-05	
3.130061e+00	2.092970e-05	
5.998015e+00	6.701187e-06	
6.808270e+00	7.189754e-06	
5.535060e+00	5.280054e-05	
5.858759e+00	4.878424e-05	
6.581602e+00	4.496010e-05	
1.058658e+01	4.218046e-05	
3.464365e+00	1.448079e-05	
5.742705e+00	5.355414e-05	
1.009805e+01	5.543091e-05	
4.334859e+00	1.789421e-05	
8.102053e+00	4.291416e-05	
7.324330e+00	1.270706e-06	
8.812207e+00	8.246239e-05	
6.991536e+00	9.356342e-05	
3.752196e+00	2.737361e-04	
1.106802e+00	6.316158e-04	
7.548987e+00	6.439010e-04	
3.055882e+00	7.208291e-05	
8.121963e+00	1.474270e-04	
3.617537e+00	1.956651e-04	
1.811293e+00	8.790406e-05	
2.480250e-01	1.130488e-04	
2.897674e+00	3.890172e-05	
1.878534e+00	4.222504e-05	
1.587563e+01	1.059624e-04	
6.730268e+00	1.140689e-04	
5.358767e+00	1.240274e-04	
2.517995e+00	1.163661e-04	
1.465424e+01	9.964174e-05	
5.170333e+00	9.454654e-05	
1.836994e+01	9.849980e-05	
1.248376e+01	3.610475e-06	
1.113522e+01	2.762287e-05	
9.721506e+00	4.929867e-05	
9.738634e+00	2.397018e-05	
7.694123e+00	2.657086e-05	
5.142906e+00	3.336365e-05	
3.767728e+00	4.464455e-05	
3.930400e+00	4.050971e-05	
9.819411e+00	1.190043e-05	
3.072389e+00	6.233026e-05	
4.028482e+00	3.386348e-05	
5.578152e+00	3.877293e-05	
1.690389e+00	4.043676e-05	
8.283355e+00	4.923365e-05	
8.957822e+00	1.147710e-05	
1.129180e+01	1.779737e-05	
9.766234e+00	2.150424e-07	
6.058717e+00	3.848772e-05	
4.399451e+00	1.249779e-04	
3.344243e+00	6.984207e-05	
9.342860e+00	2.507059e-05	
6.715012e+00	1.149297e-04	
3.586557e+00	2.768412e-04	
9.920913e+00	6.929167e-04	
1.242642e+01	4.372121e-05	
1.058604e+01	2.309356e-05	
1.311750e+01	1.760073e-05	
8.822174e+00	1.907922e-04	
9.938478e+00	2.914014e-05	
3.013006e+00	1.181683e-04	
4.582492e+00	7.345048e-05	
8.318166e+00	6.166309e-05	
1.244824e+01	9.594859e-05	
7.610359e+00	1.199342e-04	
1.103546e+01	4.215678e-05	
6.080023e+00	3.682357e-05	
8.573237e+00	7.111651e-05	
2.986895e+00	9.284397e-05	
4.749089e+00	3.775530e-05	
1.736363e+01	4.284968e-05	
1.056165e+01	8.607258e-05	
4.556663e+00	7.896130e-05	
2.223213e+00	3.194909e-05	
8.127901e+00	9.430334e-06	
6.135048e+00	2.431309e-05	
5.449409e+00	4.253377e-06	
2.633309e+00	5.401985e-05	
8.247952e+00	4.825545e-05	
1.765805e+01	6.103965e-05	
7.567508e+00	5.209514e-05	
1.910855e+00	3.503115e-05	
6.395314e+00	2.672310e-05	
8.427470e+00	2.237421e-05	
2.226696e+00	2.219760e-05	
7.952468e+00	2.025022e-05	
9.862234e+00	7.697822e-06	
1.134443e+01	1.803015e-04	
7.084096e+00	1.290850e-04	
3.814490e+00	1.610064e-04	
1.611022e+01	7.952698e-05	
2.189010e+00	4.355287e-04	
9.556928e+00	7.133607e-04	
1.432419e+01	1.258907e-04	
1.273481e+01	2.849523e-05	
8.481442e+00	6.101127e-06	
6.785674e+00	1.125267e-04	
9.991646e+00	2.334448e-05	
9.722500e+00	1.092116e-04	
3.372305e+00	6.179361e-05	
7.231950e+00	6.588744e-05	
3.105941e+00	6.216366e-05	
1.294031e+01	3.380673e-05	
1.962204e+00	4.087876e-05	
7.723905e+00	7.955289e-05	
4.433181e+00	1.063619e-04	
6.832796e+00	3.406584e-05	
8.113965e+00	3.778039e-05	
1.070558e+01	7.027178e-05	
6.725551e+00	1.098746e-05	
6.282341e+00	7.197821e-05	
1.398890e+01	8.263261e-05	
1.001247e+01	3.764119e-05	
4.418303e+00	6.243211e-05	
4.492919e+00	4.019991e-05	
8.316606e+00	3.137984e-05	
7.608669e+00	2.218698e-05	
7.185077e+00	3.934335e-05	
2.367511e+00	4.351717e-05	
7.835424e+00	6.328554e-05	
5.273302e+00	2.089400e-05	
2.307105e+00	1.369458e-05	
1.081099e+01	1.793420e-05	
1.554389e+01	8.498233e-05	
1.615518e+01	1.375712e-05	
9.460298e+00	3.360351e-05	
3.437490e+00	2.046012e-05	
5.638901e+00	2.938470e-05	
5.614716e+00	2.637764e-05	
5.372201e+00	3.842836e-04	
5.677022e+00	3.059581e-04	
6.200550e+00	1.923932e-04	
1.802482e+01	1.191165e-05	
7.550421e+00	1.619846e-05	
3.210845e+00	6.704266e-05	
6.165991e+00	3.013177e-05	
6.858593e+00	7.407864e-06	
1.120244e+01	2.487779e-05	
1.140803e+01	1.291249e-05	
2.108262e+00	2.984298e-06	
1.888716e+00	4.514473e-06	
1.611504e+00	3.813415e-05	
3.972848e+00	7.773197e-05	
3.962262e+00	1.451102e-05	
5.285592e+00	7.424450e-06	
1.101768e+01	6.276288e-05	
5.871910e+00	2.533135e-05	
7.659915e+00	8.597030e-06	
5.365846e+00	7.211662e-05	
4.369283e+00	6.046745e-05	
1.393242e+00	2.511801e-05	
2.071280e+00	2.412943e-05	
1.382197e+00	6.318570e-05	
7.966205e+00	3.450016e-05	
2.819871e+00	8.433585e-06	
9.183742e+00	7.360567e-06	
5.972862e+00	1.965832e-05	
1.112246e+00	1.476913e-05	
5.561948e+00	3.613622e-05	
1.060006e+01	3.246685e-05	
1.041408e+01	4.657319e-05	
4.011674e+00	1.315117e-04	
7.748331e+00	6.915281e-05	
8.382859e+00	3.764324e-05	
5.466003e-01	1.185333e-05	
2.669402e+00	4.644279e-05	
8.227500e+00	2.019142e-06	
3.024126e+00	9.393449e-05	
