6.432968e-03	5.694792e-08	
2.503260e-03	1.197063e-05	
6.478807e-03	2.057134e-05	
7.135729e-03	1.302375e-04	
6.556418e-03	1.060213e-04	
4.079622e-03	2.157405e-05	
2.451454e-03	6.604424e-05	
3.810461e-03	5.392195e-05	
2.228318e-03	4.020131e-05	
5.942005e-03	1.429708e-04	
2.504978e-03	7.322307e-05	
5.786359e-03	1.166414e-06	
1.390828e-03	1.439530e-04	
6.646028e-03	7.584952e-05	
5.749615e-03	1.065793e-04	
4.035330e-03	1.391279e-04	
5.714285e-03	1.012282e-07	
7.159946e-03	4.856698e-05	
8.202337e-04	3.426422e-05	
3.969687e-03	4.857706e-07	
5.112111e-03	4.854648e-05	
2.642782e-03	1.729934e-04	
6.100689e-03	1.640581e-04	
2.428487e-03	1.374133e-04	
1.919397e-03	3.681356e-05	
2.054021e-03	1.725937e-04	
8.989344e-04	1.297668e-04	
3.756434e-03	9.979127e-05	
7.257576e-03	5.157726e-05	
7.079904e-03	1.179842e-04	
4.386011e-03	3.377422e-05	
7.469439e-03	5.565794e-05	
3.726633e-03	3.473105e-05	
6.446055e-03	3.857417e-05	
4.816563e-03	6.314516e-05	
2.980690e-03	6.117377e-06	
1.619274e-03	2.528407e-05	
7.118328e-03	7.722401e-06	
4.235664e-03	8.878315e-06	
2.752370e-03	1.624214e-05	
2.886001e-03	1.614321e-04	
3.842421e-03	1.459579e-04	
2.323507e-03	9.842128e-05	
8.320999e-03	3.633614e-05	
2.479627e-03	1.333894e-04	
2.945568e-03	9.964894e-05	
4.344697e-03	9.553416e-05	
5.404623e-03	3.877436e-05	
4.779343e-03	1.086649e-04	
6.830344e-03	1.439374e-04	
4.195594e-03	3.826410e-05	
7.832210e-03	2.979112e-05	
2.891703e-03	9.711221e-06	
8.187517e-03	7.110692e-06	
2.780499e-03	8.308522e-05	
4.120125e-03	3.858768e-05	
4.931224e-03	8.197472e-05	
5.263505e-03	1.412505e-04	
3.001875e-03	1.007348e-04	
3.086815e-03	9.220902e-05	
7.269155e-03	2.024623e-04	
7.752710e-03	1.550783e-04	
8.682701e-04	7.792902e-05	
3.545091e-03	1.112658e-04	
2.653919e-03	1.336152e-04	
3.850891e-03	8.232332e-05	
1.129231e-03	2.378353e-04	
8.139189e-03	2.366673e-04	
4.739250e-03	8.411908e-05	
5.032740e-03	6.303090e-05	
4.888612e-03	1.165149e-05	
1.038072e-02	4.735481e-05	
3.144277e-03	1.963593e-05	
2.367152e-03	5.510955e-05	
1.682132e-03	3.140163e-05	
4.751062e-03	7.878490e-05	
3.045078e-03	1.714137e-05	
3.910528e-03	6.210662e-06	
6.583406e-03	9.032058e-05	
4.644966e-03	6.985232e-05	
4.332583e-03	2.626075e-05	
1.217919e-03	5.652265e-05	
6.614231e-03	1.418228e-04	
7.946856e-03	1.584102e-04	
5.803618e-03	1.940731e-05	
1.095139e-02	7.506159e-06	
2.354755e-03	9.380979e-05	
3.956540e-03	8.755254e-05	
5.753582e-03	9.150281e-05	
3.620950e-03	1.511291e-04	
3.112407e-03	5.455596e-05	
4.575170e-03	1.193769e-05	
3.209839e-03	8.162205e-06	
4.522487e-03	4.382744e-05	
3.507719e-03	1.203891e-04	
7.370611e-03	1.588898e-04	
5.149069e-03	5.426213e-05	
3.422026e-03	9.634256e-05	
9.002285e-03	5.215319e-05	
7.087459e-03	1.492753e-04	
4.414255e-03	1.481802e-04	
3.124377e-03	8.162863e-05	
2.733879e-03	5.127666e-05	
1.434647e-03	7.780253e-05	
2.824226e-03	1.513660e-05	
3.216449e-03	6.863691e-05	
6.472046e-03	2.803501e-05	
1.397961e-03	4.472657e-05	
6.122716e-03	2.264832e-05	
4.894076e-03	3.165945e-05	
8.059131e-03	3.390404e-05	
3.924039e-03	2.597609e-05	
4.212062e-03	3.689495e-05	
5.291115e-03	1.076653e-04	
6.502497e-03	4.325251e-05	
4.760002e-03	1.301479e-04	
2.418010e-03	1.068016e-04	
3.985461e-03	3.368971e-05	
6.801883e-03	2.242364e-05	
5.650974e-03	4.783585e-06	
4.641797e-03	2.495470e-05	
7.558537e-03	3.456985e-05	
2.963038e-03	2.438496e-04	
8.713870e-03	1.702436e-04	
5.338456e-03	2.009774e-04	
9.058246e-03	1.712692e-04	
6.441336e-03	1.405289e-04	
5.223561e-03	4.199057e-05	
3.324363e-03	6.706177e-05	
7.978882e-03	7.684436e-06	
5.619584e-03	5.886044e-05	
1.198618e-02	7.682706e-05	
1.176406e-02	1.098827e-04	
8.661356e-03	9.531795e-05	
1.068190e-02	4.901324e-05	
3.312873e-03	1.376001e-05	
6.410524e-03	5.015508e-05	
2.019117e-03	3.418727e-05	
3.130268e-03	8.840187e-05	
4.207444e-03	9.363566e-05	
9.380560e-04	1.013981e-06	
3.462588e-03	4.127500e-05	
4.958678e-03	5.068809e-06	
6.480868e-03	3.421254e-05	
2.970661e-03	6.202230e-05	
3.477360e-03	4.620921e-05	
5.382519e-03	3.086926e-05	
8.405284e-03	6.737107e-05	
1.033058e-02	8.855473e-05	
1.990276e-03	9.758966e-05	
2.312347e-03	1.291365e-04	
4.377118e-03	1.565702e-05	
2.837712e-03	1.268150e-04	
5.352521e-03	1.687561e-04	
5.858956e-03	6.591879e-05	
7.385769e-03	1.970847e-05	
4.300664e-03	9.568081e-06	
3.601791e-03	4.988756e-05	
5.844226e-03	4.458748e-05	
1.791705e-03	2.085326e-05	
8.748007e-03	1.547039e-06	
1.144312e-02	1.516587e-04	
4.607172e-03	3.392026e-05	
8.082871e-03	1.705827e-04	
4.968961e-03	2.310475e-05	
4.974121e-03	4.093469e-05	
3.810771e-03	3.346346e-05	
1.330561e-03	1.376064e-04	
8.965190e-03	1.004031e-04	
8.510283e-03	9.444012e-05	
3.566677e-03	3.068103e-05	
4.580874e-03	3.351442e-06	
6.418964e-03	7.866910e-06	
6.568933e-03	1.244497e-04	
2.165252e-03	1.061641e-04	
4.385999e-03	4.058399e-05	
8.395833e-03	3.597523e-05	
1.117819e-02	4.504488e-05	
2.509858e-03	8.187312e-05	
8.460691e-03	8.632674e-05	
9.042274e-03	8.402467e-05	
1.032784e-02	2.244423e-05	
6.434038e-03	8.449406e-06	
7.982949e-03	2.332701e-05	
2.718707e-03	2.856337e-05	
4.307165e-03	9.009469e-05	
5.728293e-03	4.302124e-05	
7.381723e-03	9.225417e-05	
9.933248e-03	3.712189e-05	
1.671458e-03	7.449818e-05	
5.015030e-03	5.757938e-05	
9.247178e-03	5.509543e-05	
8.260350e-03	3.139154e-05	
9.257291e-03	1.045463e-04	
8.543357e-03	4.473428e-05	
2.180654e-03	9.582295e-06	
3.492681e-03	5.804595e-05	
2.728133e-03	9.208862e-05	
8.281269e-03	1.051513e-04	
7.323822e-03	9.748851e-05	
8.761216e-03	1.273810e-04	
1.012571e-02	1.563999e-04	
6.531033e-03	8.693363e-05	
3.842403e-03	4.129056e-05	
5.746747e-03	1.563230e-05	
6.800490e-03	2.602617e-05	
2.703761e-03	5.912308e-05	
5.516979e-03	1.037281e-04	
4.237605e-03	6.299926e-05	
8.074659e-03	2.410021e-05	
2.966341e-03	2.129816e-05	
9.019654e-03	6.797367e-05	
4.320138e-03	4.809211e-05	
6.502670e-03	4.974624e-05	
2.226310e-03	9.627348e-05	
7.895030e-03	2.548688e-05	
4.843067e-03	6.751492e-05	
4.852411e-03	6.192720e-05	
6.309834e-03	4.753433e-05	
8.253634e-03	5.581988e-05	
7.509380e-03	7.657435e-05	
9.784263e-03	2.589273e-05	
1.310259e-03	1.912022e-05	
8.107535e-03	1.276612e-05	
1.032432e-03	2.533431e-05	
6.238787e-03	6.242065e-05	
3.515327e-03	8.143861e-06	
4.608661e-03	1.322667e-04	
6.673828e-03	6.576500e-06	
3.713075e-03	1.114786e-04	
1.081164e-02	1.455244e-04	
3.005066e-03	1.406377e-04	
6.076932e-03	1.448341e-05	
8.428573e-03	2.368744e-05	
2.403267e-03	8.599002e-06	
5.213428e-03	1.154978e-04	
3.824176e-03	1.817058e-05	
3.956894e-03	2.009686e-05	
4.570056e-03	6.701077e-05	
2.778788e-03	6.943216e-05	
2.814481e-03	1.006120e-05	
4.835064e-03	1.364329e-04	
5.489284e-03	8.117931e-05	
6.881697e-03	3.341546e-05	
1.084684e-03	1.142541e-04	
4.921569e-03	2.380862e-05	
1.535185e-03	3.845679e-05	
6.009181e-03	4.054599e-05	
3.455414e-03	5.830532e-05	
3.040668e-03	3.597972e-05	
6.524997e-03	1.265260e-05	
3.145327e-03	3.063417e-05	
1.798918e-03	9.575474e-05	
4.788594e-03	1.005715e-05	
9.677743e-03	6.440794e-05	
3.059761e-03	2.928213e-05	
5.023961e-04	3.978646e-05	
1.935262e-03	7.487215e-05	
9.482986e-03	5.510162e-05	
4.935152e-03	3.241467e-05	
6.145528e-03	5.891112e-05	
6.289210e-03	5.242610e-05	
3.414612e-03	6.076796e-05	
2.363307e-03	5.410212e-05	
4.746818e-03	2.279233e-05	
5.496077e-03	1.209781e-04	
4.662503e-03	7.318966e-05	
4.448519e-03	2.883076e-05	
7.836184e-03	1.234189e-04	
8.355153e-04	3.424414e-05	
2.271340e-03	6.758386e-05	
7.199695e-03	7.376440e-06	
3.934750e-03	1.599238e-05	
3.895385e-03	2.040909e-05	
4.875614e-03	2.072778e-05	
7.865478e-03	2.049794e-05	
6.351193e-03	8.744512e-05	
4.449298e-03	4.898152e-05	
3.452987e-03	7.660440e-05	
8.381027e-03	8.478115e-05	
2.962178e-03	1.129011e-05	
1.594493e-03	1.857717e-06	
8.631505e-03	3.030975e-05	
5.549068e-03	4.714533e-05	
4.751101e-03	5.344382e-06	
6.313109e-03	2.091110e-05	
1.677172e-03	1.233213e-05	
5.913522e-03	2.875332e-05	
6.794289e-03	2.007883e-06	
4.688394e-03	2.198983e-05	
8.815747e-03	3.386400e-05	
5.390433e-03	5.323206e-05	
1.067376e-02	5.565000e-05	
5.764318e-03	4.197761e-05	
4.460169e-03	1.363985e-05	
4.769274e-03	4.359617e-06	
5.808721e-03	4.176775e-06	
5.182192e-03	2.141101e-05	
4.924938e-03	2.426662e-05	
7.243407e-03	1.138908e-04	
9.405694e-03	1.083970e-04	
4.532554e-03	1.107235e-04	
4.749420e-03	1.495746e-04	
6.193462e-03	1.225156e-04	
5.133603e-03	7.573662e-05	
3.380614e-03	1.643218e-04	
5.625817e-03	5.432377e-05	
5.067085e-03	1.639974e-04	
7.228489e-03	9.177585e-05	
6.576115e-03	6.283689e-05	
7.207686e-03	8.373747e-05	
3.218945e-03	3.430306e-06	
4.199914e-03	9.726149e-05	
6.889609e-03	4.061382e-05	
2.629783e-03	9.717843e-07	
3.022150e-03	8.020001e-05	
1.688982e-03	3.930983e-05	
6.568913e-03	7.190989e-06	
3.700641e-03	1.487837e-05	
2.088284e-03	9.892797e-06	
6.698542e-03	4.242703e-05	
2.974545e-03	5.605658e-05	
6.191306e-03	3.981631e-05	
1.376199e-03	2.054426e-05	
1.653644e-03	2.379203e-05	
6.386543e-03	2.493667e-05	
2.432558e-03	1.731283e-05	
6.547004e-03	2.904244e-05	
3.536422e-03	1.718455e-05	
5.545527e-03	7.169097e-05	
6.254157e-03	7.837407e-05	
5.951234e-03	3.862105e-05	
7.726959e-03	1.017431e-04	
6.568339e-03	4.270735e-05	
5.072298e-03	1.738247e-05	
2.935850e-03	2.929930e-05	
7.709424e-03	3.051602e-05	
9.124699e-03	1.658234e-05	
8.218065e-03	1.297376e-04	
6.734927e-03	1.403656e-04	
6.094497e-03	3.038009e-05	
5.805129e-03	8.120989e-05	
5.853545e-03	1.607442e-04	
5.015664e-03	1.304025e-04	
7.432536e-03	5.980537e-05	
4.258085e-03	1.467193e-04	
3.285669e-03	4.642712e-05	
3.013226e-03	6.891127e-05	
8.291748e-03	4.848585e-05	
3.965918e-03	1.581309e-05	
5.774031e-03	2.666717e-05	
4.543027e-03	3.979280e-05	
2.752755e-03	2.993015e-05	
7.873548e-03	1.778226e-05	
6.142026e-03	4.234978e-05	
5.894463e-03	2.043826e-05	
5.474549e-03	2.995091e-06	
7.787371e-03	1.231773e-05	
4.914928e-03	5.306040e-05	
8.786382e-03	2.820926e-05	
4.590289e-03	2.734352e-05	
5.332116e-03	1.061729e-06	
8.381098e-03	7.948800e-06	
3.831801e-03	4.148384e-06	
6.741256e-03	6.210961e-05	
1.511602e-03	3.266946e-05	
5.634527e-03	1.310462e-05	
9.814063e-03	7.282993e-05	
4.709896e-03	8.593700e-05	
6.148886e-03	5.830575e-05	
1.164544e-02	8.825654e-05	
6.229431e-03	1.010325e-04	
5.176164e-03	4.235040e-05	
3.878990e-03	3.411501e-06	
8.060867e-03	3.409189e-05	
2.698915e-03	2.807530e-05	
3.740596e-03	3.717412e-06	
7.028997e-03	1.320917e-04	
7.870932e-03	2.977834e-05	
1.076023e-02	9.116338e-05	
8.865059e-03	4.915700e-05	
1.925118e-03	2.530083e-04	
4.198906e-03	1.544770e-04	
8.210246e-03	1.186445e-04	
6.093392e-03	7.748346e-05	
3.640203e-03	1.091103e-04	
5.596693e-03	6.318985e-05	
3.728967e-03	1.857498e-05	
4.188297e-03	6.182759e-05	
3.553924e-03	1.873634e-05	
7.190433e-03	2.061076e-05	
2.240350e-03	5.486656e-05	
2.824168e-03	3.922074e-05	
4.303773e-03	4.889150e-06	
3.344300e-03	1.280657e-05	
7.058996e-03	9.084787e-06	
7.104435e-03	1.590735e-05	
9.600889e-03	4.203115e-05	
2.224751e-03	3.921730e-05	
1.946056e-03	3.587980e-05	
2.117556e-03	3.844301e-06	
7.405317e-03	1.282109e-06	
6.066507e-03	1.237118e-05	
4.917599e-03	9.605869e-06	
5.128724e-03	1.566600e-05	
8.172954e-03	1.595453e-05	
7.893585e-03	1.179796e-05	
7.671213e-03	6.460841e-06	
6.228861e-03	7.961120e-05	
1.389197e-03	7.388697e-05	
1.038404e-02	9.446025e-05	
5.085854e-03	1.874550e-05	
5.111421e-03	4.459456e-06	
1.218666e-03	9.530796e-06	
7.830399e-03	7.746257e-05	
6.316696e-03	3.351551e-04	
2.609028e-03	2.054592e-04	
4.141295e-03	1.608420e-04	
4.758180e-03	1.971710e-04	
5.589216e-03	4.077925e-05	
4.026589e-03	1.587213e-04	
8.971619e-03	9.952314e-05	
5.385211e-03	7.309167e-05	
3.327618e-03	1.076437e-04	
2.407488e-03	6.551841e-05	
5.566341e-03	2.577996e-05	
2.695063e-03	4.582807e-05	
3.380521e-03	1.741809e-05	
2.269961e-03	9.240992e-05	
1.820453e-03	3.040919e-06	
4.024005e-03	1.905300e-05	
4.774268e-03	2.149473e-05	
2.135344e-03	1.652663e-05	
5.016391e-03	1.106211e-05	
1.779756e-03	5.733400e-08	
8.211066e-03	3.931247e-05	
9.392575e-03	6.315360e-05	
1.881574e-03	6.353908e-05	
3.855025e-03	4.501356e-05	
4.912559e-03	6.556904e-05	
5.323122e-03	4.146678e-05	
4.444484e-03	3.594682e-05	
1.641707e-03	1.669316e-05	
4.279363e-03	1.555611e-05	
1.214893e-02	1.117523e-04	
2.936880e-03	5.819984e-05	
4.785075e-03	4.844050e-05	
5.772005e-03	9.920048e-05	
9.211860e-03	9.001080e-06	
8.368082e-03	4.780068e-06	
7.833716e-03	3.662365e-05	
2.184365e-03	2.535140e-05	
5.237081e-03	1.629560e-04	
7.097091e-03	2.126743e-04	
2.530542e-03	1.502130e-04	
4.127887e-03	1.531056e-04	
6.360031e-03	1.774066e-04	
4.298616e-03	7.363145e-05	
4.100708e-03	1.826554e-04	
3.556979e-03	7.585175e-05	
1.046337e-04	2.903274e-05	
1.475462e-03	5.131753e-05	
2.631658e-03	2.068933e-05	
1.772720e-03	8.974051e-05	
2.251297e-03	3.798513e-06	
5.149122e-03	1.431904e-05	
6.035532e-03	1.847860e-05	
2.390733e-03	1.317762e-06	
2.429449e-03	3.660265e-06	
1.747639e-03	4.284669e-05	
3.679215e-03	1.575393e-05	
8.419273e-03	1.390081e-05	
6.363249e-04	3.222691e-05	
3.300544e-03	1.028228e-05	
5.775073e-03	4.051003e-05	
3.624648e-03	6.083436e-05	
5.629187e-03	2.614387e-06	
2.432421e-03	2.086161e-05	
6.472005e-03	4.345120e-05	
5.345087e-03	1.769276e-06	
7.575815e-03	1.106617e-06	
8.119691e-03	3.245874e-06	
5.016704e-03	9.241754e-05	
6.442627e-03	5.412311e-05	
7.732257e-03	7.672686e-05	
6.869137e-03	6.644387e-05	
5.025393e-03	2.401351e-05	
3.523194e-04	3.277046e-05	
2.851372e-03	1.750877e-04	
1.020742e-02	1.918641e-04	
7.257245e-03	1.068392e-04	
6.027326e-03	7.905762e-05	
5.707427e-03	2.797997e-04	
4.697197e-03	2.262712e-04	
3.878588e-03	7.461601e-05	
3.055047e-03	1.240666e-04	
7.730157e-03	1.593121e-04	
9.995445e-04	7.013495e-05	
4.221704e-03	1.444148e-05	
7.788539e-03	3.389890e-05	
7.662831e-03	5.922339e-06	
5.907736e-03	2.125433e-05	
5.111422e-03	3.263276e-06	
1.225448e-03	2.436128e-05	
5.543201e-03	8.822122e-06	
7.516802e-03	3.145926e-05	
5.872480e-03	2.479791e-05	
1.007961e-02	1.583569e-05	
3.136685e-03	3.846889e-05	
4.441937e-04	1.530884e-05	
6.312361e-03	1.225604e-05	
8.619414e-03	4.159536e-05	
8.682917e-03	4.400388e-05	
2.634654e-03	4.059427e-05	
5.429246e-03	1.695188e-05	
9.182230e-03	3.642079e-06	
7.357374e-03	7.319555e-06	
4.199041e-03	4.936137e-06	
1.131193e-03	6.777993e-06	
3.696185e-03	2.879645e-05	
6.492013e-03	7.616472e-05	
5.855633e-03	1.044917e-04	
4.678200e-03	1.025963e-04	
2.938224e-03	6.255581e-05	
2.210178e-03	1.290114e-04	
3.107231e-03	6.108212e-05	
1.234384e-02	2.235424e-04	
3.683556e-03	1.659888e-04	
3.592349e-03	3.144898e-06	
1.790524e-03	1.919826e-04	
8.768191e-03	2.742514e-04	
2.150701e-03	7.530590e-05	
2.912651e-03	1.522677e-04	
4.462996e-03	7.039085e-05	
6.126790e-03	1.758923e-04	
4.464832e-03	2.895829e-05	
5.182190e-03	2.773056e-06	
4.787722e-03	7.265335e-05	
6.848964e-03	1.225767e-05	
8.728699e-03	7.023677e-06	
4.297051e-03	1.264391e-05	
2.509912e-03	2.163849e-05	
6.729816e-03	1.444229e-05	
1.464708e-03	6.393826e-06	
7.237138e-04	7.349727e-07	
1.374947e-02	2.534020e-05	
1.050204e-03	2.778274e-05	
2.195092e-03	2.502443e-05	
2.969892e-03	2.167396e-05	
1.877281e-03	2.834954e-05	
3.915899e-03	3.986865e-05	
6.294409e-03	1.414438e-05	
6.862020e-03	2.101185e-05	
4.662644e-03	2.040904e-06	
8.843828e-03	1.225438e-05	
7.700342e-03	8.831499e-06	
7.586661e-03	4.031456e-05	
7.288407e-03	1.379120e-05	
1.720985e-03	5.946709e-05	
3.452452e-03	3.450363e-05	
5.079068e-03	6.624234e-05	
3.180537e-03	7.819819e-05	
7.150856e-03	1.152363e-04	
8.763420e-03	1.646770e-04	
9.715419e-03	6.729129e-05	
7.252333e-03	7.504907e-05	
3.119952e-03	9.278255e-05	
3.903817e-03	1.816636e-04	
5.117613e-03	3.146641e-04	
1.670316e-03	1.842979e-05	
2.801123e-03	7.293948e-05	
9.773693e-03	1.608062e-04	
3.783929e-03	2.107857e-04	
3.480846e-03	1.911842e-05	
6.884102e-03	2.189485e-05	
4.041378e-03	3.978198e-05	
5.965524e-03	4.660665e-05	
1.602965e-03	5.331481e-05	
4.867245e-03	1.158095e-05	
2.003686e-03	7.525553e-05	
3.930079e-03	4.195801e-06	
5.129600e-03	1.977862e-06	
3.598071e-03	5.392661e-05	
1.182394e-03	1.974184e-05	
3.224191e-03	2.691283e-05	
8.584049e-04	3.160355e-05	
8.302079e-03	2.939094e-05	
5.657870e-03	2.472043e-05	
4.781492e-03	1.013887e-05	
7.827390e-03	2.563292e-05	
6.446117e-03	2.293305e-05	
2.641031e-03	6.283091e-06	
5.320911e-03	6.354434e-05	
8.158580e-03	8.532492e-05	
4.028593e-03	7.375069e-05	
3.518217e-03	7.302430e-05	
8.111827e-03	5.572687e-05	
7.355413e-03	4.997885e-05	
5.961096e-03	4.702463e-05	
5.388648e-03	8.089741e-05	
8.222199e-03	1.305472e-04	
9.194371e-03	2.025081e-05	
6.387013e-03	8.708207e-05	
6.937619e-04	6.964763e-05	
6.963099e-03	1.393773e-04	
6.533604e-03	1.604982e-04	
8.195099e-04	2.466413e-04	
3.238379e-03	4.352498e-04	
4.475444e-03	2.300038e-04	
7.077777e-03	2.540042e-04	
2.854392e-03	2.029272e-04	
3.895022e-03	1.015233e-04	
8.690500e-03	1.438443e-04	
4.120812e-03	1.665205e-04	
6.419992e-03	3.227328e-05	
2.879476e-03	3.375670e-05	
3.090320e-03	1.643109e-05	
6.042648e-03	4.757341e-06	
3.134689e-03	1.049320e-05	
3.131517e-03	2.069447e-05	
4.274914e-03	1.448022e-05	
3.049313e-03	1.203763e-05	
9.160128e-04	2.801625e-05	
3.418384e-03	2.090237e-05	
5.717217e-03	2.168380e-05	
3.594037e-03	1.782332e-05	
1.130867e-03	1.347506e-05	
6.511180e-04	1.391677e-05	
4.787892e-03	2.876822e-05	
4.104754e-03	1.123930e-05	
3.535737e-03	7.712797e-05	
9.916816e-03	8.160982e-05	
5.702181e-03	7.987317e-05	
1.024114e-03	6.456782e-05	
4.269019e-04	7.341972e-05	
4.709929e-03	3.871523e-05	
6.077800e-03	1.015426e-04	
7.787990e-03	6.723448e-05	
6.596251e-03	1.617150e-05	
4.835022e-03	5.387012e-05	
6.626549e-03	7.356475e-05	
3.128303e-03	8.210110e-05	
2.467220e-03	1.435103e-04	
4.872212e-03	4.256507e-05	
2.279199e-03	2.788047e-04	
1.118596e-03	4.888173e-04	
5.839284e-03	3.667855e-04	
6.420712e-03	3.080870e-04	
8.805245e-03	1.635904e-04	
8.562145e-04	3.105217e-05	
6.111446e-03	1.680757e-04	
4.208282e-03	8.886262e-05	
1.639615e-03	4.668822e-05	
1.934870e-03	1.909736e-05	
4.089403e-03	2.793948e-05	
3.653468e-03	4.882827e-05	
3.951533e-03	3.861862e-05	
3.044601e-03	4.131839e-05	
5.881133e-03	2.594172e-05	
5.481549e-03	1.476145e-05	
4.774519e-03	2.328205e-05	
9.148999e-03	1.428506e-06	
3.113653e-03	1.927369e-05	
8.731702e-04	2.272674e-05	
8.231963e-03	2.966400e-05	
6.039418e-03	2.526379e-05	
6.014199e-03	4.934359e-05	
2.301409e-03	5.690232e-05	
5.949718e-03	2.982193e-05	
6.726707e-03	8.265659e-05	
4.031877e-03	2.717486e-05	
1.082617e-03	2.692376e-05	
4.194222e-03	8.619125e-05	
2.399990e-03	6.103909e-05	
4.972807e-03	6.013266e-05	
8.279427e-03	7.425034e-05	
8.480346e-03	6.442917e-05	
6.196270e-03	1.282390e-04	
7.227781e-03	1.332925e-04	
3.301720e-03	1.182691e-04	
2.315648e-03	1.341920e-04	
3.884328e-03	1.085895e-04	
2.555259e-03	2.999862e-04	
3.848188e-03	3.821123e-04	
4.456363e-03	3.245427e-04	
9.632178e-03	4.223046e-04	
4.343550e-03	1.014025e-04	
5.250737e-03	9.779661e-05	
3.768490e-03	3.840404e-06	
8.791805e-03	9.724121e-05	
4.028682e-03	4.801808e-05	
5.497951e-03	7.415064e-05	
8.397251e-04	3.112457e-05	
1.426733e-03	1.361025e-05	
6.112441e-03	3.735442e-05	
5.258870e-03	1.646674e-05	
5.200652e-03	2.809260e-05	
2.831200e-03	2.663282e-05	
9.434505e-03	2.913173e-05	
8.364615e-03	4.008654e-05	
2.260947e-03	3.458826e-05	
5.501630e-03	6.174241e-05	
5.252683e-03	1.706359e-05	
2.525209e-03	7.431442e-06	
2.568766e-03	2.693389e-05	
1.122563e-02	6.562331e-05	
7.714220e-03	1.816103e-05	
4.821539e-03	4.397487e-05	
8.002837e-03	2.192038e-05	
5.632402e-03	1.759417e-05	
4.033849e-03	4.275168e-05	
3.787289e-03	1.780569e-05	
6.710804e-03	5.300880e-06	
5.001850e-03	4.959363e-05	
2.029432e-03	4.280780e-05	
3.954343e-03	2.319824e-05	
1.437736e-03	6.433387e-05	
5.927996e-03	6.484654e-05	
1.786075e-03	1.060318e-04	
8.290397e-04	1.247233e-04	
7.059076e-03	3.574044e-04	
5.483756e-03	4.737204e-04	
5.946519e-03	2.430298e-04	
6.807265e-03	2.904491e-04	
5.548360e-03	1.529822e-04	
2.013386e-03	1.236357e-04	
6.384255e-03	1.697095e-05	
1.107693e-03	4.226818e-05	
3.955171e-03	4.080776e-05	
1.171652e-02	5.567893e-05	
6.700269e-03	1.997986e-05	
3.630162e-03	2.673576e-05	
3.868046e-03	2.504958e-05	
4.393570e-03	2.001068e-05	
3.444616e-03	2.584860e-05	
3.363318e-03	4.799758e-05	
4.201203e-03	5.539964e-05	
6.421084e-03	3.617134e-05	
6.863817e-03	1.334645e-05	
1.235009e-02	3.831987e-05	
5.909471e-03	7.422902e-05	
6.279229e-03	5.531486e-05	
7.270133e-03	5.273239e-05	
6.849229e-03	2.651765e-05	
2.900540e-03	2.841456e-05	
2.520565e-03	3.933826e-05	
6.365283e-03	4.288684e-05	
1.254892e-03	7.274754e-05	
7.151463e-03	6.055163e-05	
2.497539e-03	5.061261e-05	
4.709644e-03	4.160514e-05	
4.880414e-03	1.143128e-05	
8.363116e-03	3.785278e-05	
2.509488e-03	4.408205e-05	
3.235372e-03	6.915734e-05	
4.249533e-03	1.503003e-04	
9.217993e-04	8.265819e-05	
8.618858e-03	2.133242e-04	
2.585357e-03	3.163887e-04	
9.603493e-03	4.280859e-04	
1.010368e-03	4.205606e-04	
5.972335e-03	2.589745e-04	
7.497909e-03	1.887435e-04	
3.275877e-03	2.070018e-04	
8.617180e-03	2.027915e-05	
3.193322e-03	2.395163e-05	
3.199163e-03	4.803881e-05	
8.566234e-03	3.842170e-06	
1.013473e-02	2.784485e-05	
2.626133e-03	6.454898e-06	
1.943821e-03	6.989378e-05	
5.688470e-03	2.185485e-05	
3.057245e-03	5.251523e-05	
4.824127e-03	3.284944e-05	
4.600745e-03	8.976561e-06	
6.472553e-03	3.889635e-05	
5.113833e-03	3.361573e-05	
6.882364e-03	4.659256e-05	
6.470371e-03	7.481371e-05	
5.620576e-03	5.418854e-05	
8.619395e-03	5.460049e-05	
3.511420e-03	3.063052e-05	
3.966941e-03	2.307910e-05	
1.127765e-03	2.718194e-05	
7.184972e-03	1.043515e-05	
2.627271e-03	6.844285e-05	
4.975313e-03	4.880045e-05	
3.969545e-03	2.581619e-05	
5.870892e-03	2.181594e-05	
4.361275e-03	4.101595e-05	
9.440954e-03	9.169802e-05	
5.770958e-03	6.885463e-05	
3.755776e-03	1.234858e-04	
3.708546e-03	1.515528e-04	
5.872480e-03	1.313553e-04	
7.400238e-03	1.450569e-04	
6.870004e-03	3.338564e-04	
7.922281e-03	4.198045e-04	
5.382561e-03	3.664845e-04	
9.001533e-03	3.057323e-04	
4.168137e-03	1.569348e-04	
9.773105e-03	1.543894e-04	
7.475227e-03	3.516019e-05	
3.181476e-03	3.597540e-05	
3.390395e-03	1.704441e-05	
6.557206e-03	2.567266e-05	
1.471381e-02	2.248842e-05	
8.465818e-03	1.498115e-05	
5.403248e-03	8.001694e-05	
7.786040e-03	3.121757e-05	
2.085001e-03	5.408582e-06	
5.510592e-03	3.460593e-05	
3.987068e-03	2.872463e-05	
7.409342e-03	2.921665e-05	
2.422023e-03	5.035003e-05	
3.270230e-03	1.354044e-05	
4.407730e-03	4.617107e-05	
1.931427e-03	9.467830e-05	
6.527285e-03	1.299974e-05	
5.627363e-03	6.317408e-06	
3.388212e-03	4.862802e-05	
1.502896e-04	5.206064e-05	
2.269143e-03	3.770623e-05	
5.293987e-03	3.892168e-05	
3.207939e-03	2.598873e-05	
1.722039e-03	4.051384e-05	
6.249512e-03	2.926641e-05	
8.989250e-03	6.365845e-05	
6.417132e-04	8.218667e-05	
6.034631e-03	9.639248e-05	
3.848939e-03	5.293586e-05	
2.071275e-03	1.517006e-04	
1.324060e-03	1.616621e-04	
3.109965e-03	1.493982e-04	
4.534942e-03	3.754190e-04	
3.992774e-03	2.302023e-04	
9.081210e-03	2.605255e-04	
8.202991e-03	3.221680e-04	
4.217761e-03	4.888653e-05	
5.710983e-03	1.591480e-04	
2.246160e-03	2.816369e-06	
3.019606e-03	6.018392e-05	
8.151890e-03	6.555276e-05	
5.356744e-03	1.946401e-05	
4.799430e-03	1.479665e-05	
1.242611e-02	3.676526e-05	
5.837103e-03	1.976899e-05	
7.324872e-03	2.178049e-05	
5.174985e-03	1.102973e-05	
1.615637e-03	1.439435e-07	
5.379069e-03	1.330800e-06	
7.885130e-03	2.001237e-05	
4.367643e-03	6.628930e-05	
1.959245e-03	6.344182e-05	
6.994978e-03	9.264941e-05	
8.485130e-03	1.017431e-04	
9.044227e-04	6.745470e-05	
5.914275e-03	5.911678e-05	
7.279296e-03	4.185010e-05	
2.874347e-03	2.073250e-05	
3.303438e-03	3.510606e-05	
5.044045e-03	1.912849e-05	
2.441052e-03	5.899193e-05	
3.105337e-03	4.965267e-05	
5.581556e-03	3.375696e-05	
7.315900e-03	7.045309e-05	
4.493318e-03	1.217082e-04	
3.733473e-03	3.774904e-05	
1.055129e-03	4.470269e-05	
4.503461e-03	1.392047e-04	
2.226258e-03	1.571759e-04	
1.356501e-03	2.767607e-04	
3.637823e-03	2.846855e-04	
4.043221e-03	1.523297e-04	
8.795723e-03	3.399507e-04	
2.712566e-03	1.193127e-04	
6.835069e-03	1.425084e-04	
3.724516e-03	1.663082e-04	
4.721832e-03	4.163133e-05	
5.759851e-03	3.189907e-05	
6.454499e-03	1.675645e-05	
9.036692e-03	1.589468e-05	
4.523748e-03	3.039554e-05	
7.579373e-03	5.003391e-05	
9.154930e-03	7.453445e-05	
5.900772e-03	5.790021e-05	
2.645884e-03	1.820369e-05	
5.109470e-03	3.800115e-05	
1.628855e-03	6.708214e-05	
3.616840e-03	4.222115e-05	
7.375034e-03	3.003580e-05	
1.389680e-03	9.265998e-05	
3.230331e-03	1.176875e-04	
1.190054e-02	9.800622e-05	
2.885589e-03	6.706233e-05	
3.561042e-03	7.699949e-05	
7.439911e-03	8.648689e-05	
3.237079e-03	8.192067e-05	
1.608402e-03	2.895060e-05	
5.561771e-03	4.529717e-05	
1.096474e-03	4.818066e-05	
1.743343e-03	3.935517e-05	
6.783738e-03	2.906252e-05	
5.262184e-03	3.782569e-05	
2.177429e-03	8.215778e-05	
3.220635e-03	3.327674e-05	
2.592699e-03	6.147229e-05	
5.400637e-03	6.152956e-05	
5.891300e-03	1.478457e-04	
1.575407e-03	2.571204e-04	
3.747245e-03	2.975178e-04	
6.281277e-03	4.007359e-04	
1.829622e-03	3.220505e-04	
8.825985e-03	4.036338e-04	
1.410335e-02	1.705617e-04	
6.841870e-03	1.833981e-04	
1.066363e-02	5.342115e-05	
6.096075e-03	3.976256e-05	
7.928429e-03	1.538888e-06	
6.473987e-03	1.322918e-05	
2.169346e-03	6.638101e-05	
1.216999e-02	8.612727e-06	
7.064712e-03	4.213060e-05	
8.821923e-03	3.880480e-05	
5.613467e-03	1.233564e-06	
1.026465e-03	3.052022e-05	
9.366873e-03	2.608964e-05	
1.149941e-02	3.475362e-05	
3.179893e-03	5.235728e-05	
7.844706e-03	4.314639e-05	
3.032430e-03	1.169240e-04	
6.683087e-03	1.084409e-04	
3.726474e-03	3.068902e-05	
3.747525e-03	4.198575e-05	
5.781379e-03	8.222832e-05	
8.080663e-03	5.612694e-05	
8.531952e-03	4.327092e-05	
8.479610e-03	8.182539e-05	
3.950015e-03	1.169519e-04	
2.858566e-03	7.227784e-05	
2.390121e-03	7.294656e-05	
2.829487e-03	1.475202e-04	
8.364772e-03	8.598446e-05	
5.586987e-03	7.860113e-05	
3.849075e-03	1.049936e-04	
1.185389e-03	6.868756e-05	
3.427528e-03	1.546503e-04	
9.535190e-03	1.896041e-04	
5.831497e-03	2.686201e-04	
7.678660e-03	3.101610e-04	
2.744436e-03	3.135980e-04	
4.650608e-03	1.893881e-04	
5.285823e-03	1.560529e-04	
6.759079e-03	1.181179e-04	
3.720203e-03	3.884143e-05	
2.951252e-03	5.839467e-05	
5.488107e-03	7.932568e-06	
8.150815e-03	1.430333e-05	
1.142266e-03	9.591112e-06	
8.094950e-03	9.100092e-06	
3.694567e-03	4.366850e-05	
4.312863e-04	3.810376e-06	
1.414182e-03	7.666181e-06	
6.357676e-03	1.346541e-05	
3.920655e-03	2.436945e-05	
5.022236e-03	4.549235e-05	
2.016064e-03	5.875329e-05	
7.756790e-03	5.470435e-05	
1.040197e-02	1.025394e-04	
8.110522e-03	7.337294e-05	
5.900686e-03	7.441924e-05	
1.868723e-03	6.650463e-05	
6.208593e-03	6.714069e-05	
1.130688e-02	3.748058e-05	
8.490638e-03	2.276000e-06	
7.621425e-03	7.511828e-05	
2.729741e-03	8.774443e-05	
1.047654e-03	6.799871e-05	
5.723294e-03	4.169272e-05	
2.273942e-03	8.299855e-05	
6.173303e-03	9.997274e-05	
1.323481e-03	7.856866e-05	
7.382039e-03	1.562987e-04	
3.737264e-03	5.928515e-05	
5.300890e-03	9.959161e-05	
2.858214e-03	1.649531e-04	
4.526704e-03	1.856056e-04	
6.413506e-03	3.108937e-04	
5.181715e-03	9.751334e-06	
5.006481e-03	7.190647e-05	
4.789593e-03	7.017874e-06	
4.343628e-03	2.265346e-05	
6.999944e-03	1.577972e-05	
8.857788e-03	6.924008e-05	
2.033816e-03	6.430801e-05	
5.495542e-03	3.972661e-05	
8.727727e-03	3.774719e-05	
7.210225e-03	8.763442e-06	
4.420678e-03	2.310789e-05	
1.999881e-03	5.815224e-05	
1.368755e-03	1.673571e-05	
5.084186e-03	2.778657e-05	
6.324192e-03	5.984201e-06	
4.107014e-03	5.993614e-05	
6.396978e-03	9.228538e-05	
3.638877e-03	9.897980e-05	
5.596190e-03	6.748143e-05	
6.541608e-03	8.748732e-05	
6.142626e-03	8.609719e-05	
1.756590e-03	2.801654e-05	
6.713338e-03	3.486895e-05	
4.328432e-03	9.044461e-05	
5.992064e-03	6.914107e-05	
5.321593e-03	6.732008e-05	
2.117810e-03	7.209553e-05	
3.073695e-03	7.130120e-05	
7.534514e-03	8.041027e-05	
9.517264e-03	6.056000e-05	
6.167691e-03	5.784836e-05	
3.302551e-03	4.960878e-05	
2.384322e-03	5.774916e-05	
3.733263e-03	9.669873e-05	
3.037931e-03	9.375149e-05	
2.490375e-03	2.078254e-04	
4.443537e-03	1.403663e-04	
6.739373e-03	2.041526e-04	
3.255986e-03	3.200427e-04	
5.805963e-03	7.956892e-05	
5.268670e-03	1.945097e-05	
5.183818e-03	3.558797e-05	
3.981028e-03	1.700362e-04	
3.625782e-03	9.164337e-05	
3.677026e-03	6.722517e-05	
1.750530e-03	2.838836e-06	
8.519529e-03	2.755471e-05	
7.693490e-03	1.581349e-05	
4.341856e-03	6.446442e-06	
8.290570e-03	9.968699e-06	
5.813538e-03	2.016220e-05	
4.224468e-03	7.024908e-06	
4.046035e-03	9.769812e-06	
2.884464e-03	2.830979e-05	
3.962967e-03	9.932462e-05	
8.593032e-03	7.984420e-05	
6.140248e-03	7.535422e-05	
9.662397e-03	8.606306e-05	
7.172081e-03	8.663523e-05	
7.140577e-03	1.528001e-05	
7.359937e-03	2.479715e-05	
2.971911e-03	3.753867e-05	
7.949189e-03	6.072660e-05	
1.099900e-03	2.930058e-05	
1.438043e-03	7.796282e-05	
8.160944e-03	6.288287e-05	
7.176867e-03	3.584031e-05	
5.275957e-03	9.326367e-05	
1.196061e-02	1.213753e-04	
7.142040e-03	1.406710e-04	
8.637364e-03	1.335754e-04	
1.092600e-03	9.126673e-05	
5.438925e-03	1.526188e-04	
6.238653e-03	5.508272e-05	
7.715205e-04	1.244484e-05	
2.448982e-03	2.878441e-04	
5.497799e-03	5.622467e-04	
2.251463e-03	5.878383e-05	
6.101550e-03	4.677698e-05	
4.029133e-04	5.125863e-05	
6.323707e-03	1.396876e-06	
4.127222e-03	9.723153e-05	
7.353401e-03	9.760491e-05	
4.095478e-03	2.690537e-05	
7.635661e-03	7.328798e-06	
3.954998e-03	3.406460e-05	
4.114882e-03	4.672484e-05	
6.473371e-03	1.264810e-05	
6.048064e-03	9.437812e-06	
4.204619e-03	2.228981e-05	
6.019583e-03	2.853867e-05	
4.730710e-03	4.282321e-05	
8.540785e-03	2.745355e-05	
4.839911e-03	1.044348e-04	
5.532991e-03	8.409316e-05	
4.587893e-03	4.691071e-05	
3.895488e-03	5.726508e-05	
9.178015e-03	8.295884e-05	
6.093642e-03	9.769210e-05	
4.111030e-03	6.180793e-05	
2.940850e-03	3.942754e-05	
3.693118e-03	6.373324e-05	
3.979975e-03	7.199760e-05	
6.081349e-03	6.984826e-05	
5.769660e-03	4.787068e-05	
1.068488e-03	5.770285e-05	
5.172941e-03	8.149708e-05	
4.864755e-03	5.502250e-05	
4.558149e-03	1.239889e-04	
5.998348e-03	1.574383e-04	
2.733710e-03	1.252277e-04	
2.599156e-03	1.083999e-04	
4.767460e-03	1.867455e-04	
4.510810e-03	4.372764e-04	
3.009940e-03	5.493016e-05	
9.933835e-03	1.976397e-05	
3.321940e-03	1.826107e-04	
6.155810e-03	7.544165e-05	
4.956488e-03	1.593847e-05	
4.401358e-03	4.398446e-05	
2.979797e-03	1.022465e-05	
4.197529e-03	5.826440e-05	
5.996904e-03	7.436986e-06	
3.968213e-03	4.814342e-05	
3.188688e-03	1.025502e-04	
5.128321e-03	7.997479e-05	
1.230269e-03	2.893493e-06	
6.847893e-03	8.832042e-06	
7.220262e-03	9.760965e-06	
4.780016e-03	5.578856e-05	
3.600457e-03	3.741023e-05	
5.211337e-03	3.588419e-05	
1.071494e-02	8.323580e-05	
1.767072e-03	1.523317e-05	
5.104077e-03	4.914576e-06	
7.812379e-03	8.903046e-06	
6.426846e-03	4.395421e-05	
5.786194e-03	1.170773e-05	
7.241347e-03	6.443589e-06	
3.478303e-03	6.553026e-05	
1.425635e-03	8.073209e-05	
5.862751e-03	3.992505e-05	
2.998866e-03	4.615815e-05	
1.150888e-02	4.454864e-05	
6.018427e-03	2.430697e-05	
2.780544e-03	7.909012e-05	
8.981177e-03	9.405939e-05	
1.035832e-02	4.871338e-05	
4.162045e-03	1.107766e-04	
4.297206e-04	1.763541e-04	
6.413861e-03	3.127120e-04	
5.026263e-03	1.784486e-04	
6.352255e-03	1.575847e-04	
1.847845e-03	7.000619e-05	
7.292762e-03	2.125297e-04	
9.389066e-03	7.812339e-05	
1.991646e-03	1.268626e-05	
4.263668e-03	1.936345e-05	
4.945536e-03	2.003886e-05	
5.662543e-03	5.416466e-05	
5.631688e-03	1.562857e-05	
7.329813e-03	2.193762e-05	
1.072525e-02	9.668083e-05	
4.967249e-03	9.149469e-05	
3.943157e-03	5.956277e-05	
4.619870e-03	1.891498e-05	
7.896615e-03	1.848515e-05	
1.009932e-02	2.893706e-05	
7.707478e-04	3.726533e-05	
4.693398e-03	5.128286e-05	
4.349998e-03	4.063534e-06	
8.866687e-03	6.495413e-05	
3.735545e-03	3.093507e-05	
4.744863e-03	6.075013e-07	
3.956518e-03	7.161679e-06	
1.075405e-02	1.526811e-05	
2.198096e-03	4.341717e-05	
7.509171e-03	3.188364e-05	
2.990284e-03	5.602049e-05	
3.011159e-03	2.031125e-06	
4.956437e-03	3.871275e-06	
8.307995e-03	5.250592e-05	
7.490751e-03	6.121845e-05	
2.058931e-03	9.223691e-05	
8.468699e-04	4.990086e-05	
2.186447e-03	4.737555e-05	
7.030333e-03	1.692423e-04	
1.965235e-03	7.674345e-05	
6.973603e-03	2.832667e-04	
1.908360e-03	2.180947e-04	
4.234781e-03	1.767111e-04	
2.094047e-03	2.209657e-04	
6.345868e-03	1.159993e-04	
1.031641e-02	1.333654e-04	
7.097025e-03	7.699377e-05	
4.989405e-03	6.242167e-05	
2.534636e-03	3.459274e-06	
7.008256e-03	2.192573e-05	
2.330723e-03	2.636200e-05	
4.311232e-03	5.154796e-05	
3.213117e-03	4.174262e-06	
5.717014e-03	8.569410e-05	
2.918570e-03	1.302706e-06	
1.513731e-03	3.547074e-05	
4.513260e-03	3.550479e-05	
6.639841e-03	4.224799e-06	
4.466563e-03	3.191016e-05	
5.852361e-03	1.743249e-05	
7.404520e-03	5.730000e-06	
8.250850e-03	6.558105e-05	
2.483365e-03	3.054984e-05	
7.878294e-03	9.368084e-06	
3.833627e-03	1.393358e-05	
5.405973e-03	8.571723e-05	
3.955636e-03	3.823250e-05	
3.112283e-03	3.405075e-06	
4.068416e-03	6.010486e-05	
4.759790e-03	3.474372e-05	
5.517928e-03	3.047003e-07	
3.195283e-03	6.884175e-05	
7.299887e-03	5.744814e-05	
3.996362e-03	9.996548e-05	
1.760270e-03	8.720582e-05	
6.982506e-03	5.955365e-05	
5.276342e-03	1.521361e-04	
5.413806e-03	1.597776e-04	
3.102061e-03	2.482465e-04	
3.296619e-03	2.995474e-04	
4.773943e-03	3.269939e-04	
9.621344e-03	3.291763e-04	
5.205190e-03	9.288425e-05	
2.159200e-03	2.270958e-04	
3.922480e-03	9.605770e-05	
1.322538e-03	2.199225e-05	
5.238204e-03	2.437084e-05	
4.492547e-03	3.628087e-05	
1.752550e-03	7.117096e-05	
4.612914e-03	3.814129e-05	
1.814895e-03	6.223465e-05	
5.245410e-03	6.770098e-05	
9.600332e-03	1.702516e-05	
9.282915e-03	3.251946e-06	
6.319687e-03	1.357182e-05	
7.267188e-03	1.755715e-05	
6.445078e-03	4.266957e-06	
2.828991e-03	3.105293e-05	
9.771090e-04	1.689910e-05	
9.411702e-03	2.330625e-06	
9.151136e-03	3.293891e-05	
5.282698e-03	5.823988e-06	
4.663420e-03	3.325109e-06	
5.355931e-03	7.225572e-05	
4.612041e-03	4.768469e-05	
3.585927e-03	3.358402e-05	
9.813300e-03	2.677859e-05	
5.089249e-03	3.572009e-05	
5.507749e-03	4.215996e-05	
6.920443e-03	5.461013e-05	
7.685073e-03	8.820862e-05	
3.861136e-03	5.263914e-05	
3.150383e-03	1.907206e-05	
8.963466e-03	9.575101e-05	
2.320846e-03	1.650596e-04	
5.095899e-03	1.223169e-04	
5.603191e-04	2.556556e-04	
2.987393e-03	4.032227e-04	
3.548347e-03	3.210933e-04	
4.961273e-03	7.685737e-05	
3.843192e-03	1.724250e-04	
8.893302e-03	1.758960e-04	
6.798809e-03	4.095913e-05	
5.196354e-03	8.639359e-05	
3.956825e-03	2.107882e-05	
3.584531e-03	3.247854e-05	
4.291338e-03	5.587692e-05	
2.058620e-03	4.465317e-05	
1.514525e-03	8.695273e-05	
5.276333e-03	8.960211e-05	
9.993093e-03	8.358995e-06	
4.301979e-03	4.014732e-05	
5.122010e-03	2.315971e-05	
5.300581e-03	1.425822e-05	
7.421933e-03	2.023186e-05	
5.941650e-03	4.110657e-05	
5.531168e-03	3.590143e-05	
4.957369e-03	3.748684e-05	
6.164056e-03	8.548714e-05	
3.600320e-03	1.048900e-04	
9.280220e-03	8.617652e-05	
4.069737e-03	1.166329e-04	
3.334258e-03	6.127284e-05	
5.158740e-03	1.696644e-05	
4.309387e-03	1.744136e-05	
1.007822e-02	6.813248e-05	
2.162502e-03	4.869416e-05	
9.337282e-03	1.457070e-05	
7.800811e-03	1.333385e-05	
7.734300e-03	1.006435e-05	
6.719639e-03	7.401088e-06	
7.485732e-03	8.476791e-05	
1.022634e-03	9.562671e-05	
3.086213e-03	1.527219e-04	
5.241913e-03	2.236708e-04	
4.218824e-03	3.103823e-04	
5.169128e-03	4.066856e-04	
6.945696e-03	2.045980e-04	
4.561710e-03	2.147905e-04	
5.586599e-03	2.226937e-04	
7.584716e-03	7.161018e-06	
6.693734e-03	2.298772e-05	
3.375839e-03	6.819627e-05	
7.044788e-03	6.174432e-05	
1.915364e-03	3.582336e-05	
4.624875e-03	5.165421e-05	
4.681247e-03	8.325292e-05	
5.140913e-03	2.815119e-05	
1.143769e-02	2.665490e-05	
6.426112e-03	5.675367e-05	
7.118355e-03	1.212627e-05	
5.547770e-03	9.612195e-06	
7.599904e-03	9.096548e-07	
3.744720e-04	6.782964e-05	
7.694629e-03	6.291077e-05	
7.736105e-03	5.668427e-05	
2.297198e-03	5.766266e-05	
6.649524e-03	5.819952e-05	
1.558919e-03	8.248123e-05	
3.520822e-03	9.174951e-05	
8.201461e-03	1.093488e-04	
5.585909e-03	1.084070e-04	
6.325963e-03	5.565879e-06	
2.883637e-03	5.616179e-08	
7.213830e-03	1.072286e-04	
1.718683e-03	6.563992e-05	
4.268707e-03	6.831107e-05	
3.203996e-03	1.075423e-05	
5.549808e-03	6.011111e-05	
6.404599e-03	1.087225e-04	
6.320261e-03	9.862900e-05	
4.655470e-03	1.357684e-04	
2.698480e-03	1.170280e-06	
4.928783e-03	3.785827e-04	
3.756181e-03	4.661730e-04	
5.946833e-03	1.611779e-04	
4.103521e-03	2.619514e-04	
3.556274e-03	2.832465e-04	
5.312663e-03	1.184398e-04	
4.673840e-03	3.198301e-06	
3.272272e-03	6.292426e-06	
3.603500e-03	5.942618e-05	
8.585985e-04	7.115148e-06	
5.807060e-04	6.853871e-05	
7.024089e-03	7.022799e-05	
2.858049e-03	3.764445e-06	
9.904361e-03	2.345111e-05	
7.089296e-03	8.628801e-05	
6.645608e-03	2.857089e-06	
7.494553e-03	3.619125e-05	
2.469786e-03	1.320277e-05	
5.272496e-03	2.826421e-05	
5.611371e-03	2.230715e-05	
3.634328e-03	3.512413e-05	
6.182300e-03	2.621961e-05	
3.979315e-03	4.122356e-05	
3.824299e-03	1.538138e-05	
3.084902e-03	2.181002e-05	
6.606317e-03	1.014806e-04	
3.443340e-03	3.577799e-05	
2.021114e-03	2.654962e-05	
1.053385e-02	8.062827e-06	
5.444231e-03	7.347886e-05	
1.062967e-02	5.992714e-05	
5.680645e-03	6.813228e-05	
5.477517e-03	1.121286e-04	
1.216718e-03	8.996644e-05	
2.707373e-03	1.225613e-04	
6.361768e-03	7.209322e-05	
1.269606e-03	7.895669e-05	
2.201517e-03	6.551945e-05	
6.590414e-03	5.216895e-04	
5.458718e-03	5.746448e-04	
2.503020e-03	9.335558e-05	
2.766550e-03	8.424348e-05	
9.779962e-03	2.905162e-04	
9.198596e-03	8.349659e-05	
2.437833e-03	4.481593e-05	
4.839215e-03	2.076444e-05	
5.016952e-03	2.703586e-06	
1.186750e-02	1.069809e-05	
3.254879e-03	2.777434e-05	
6.080472e-03	4.422845e-05	
1.189201e-02	3.571143e-06	
3.195736e-03	1.455818e-05	
8.424620e-03	4.019709e-05	
1.550273e-02	2.148122e-06	
7.100151e-03	8.265207e-06	
9.362348e-04	4.845620e-05	
1.631148e-03	3.552468e-05	
2.105207e-03	9.237778e-06	
8.170096e-03	5.765376e-05	
6.519100e-04	6.631189e-05	
5.142522e-03	4.471473e-05	
6.502015e-03	2.561088e-05	
2.386891e-03	6.780858e-05	
3.140722e-03	6.755453e-05	
6.125608e-03	7.702944e-05	
6.799402e-03	9.578558e-05	
1.295650e-02	8.610743e-05	
5.608720e-03	2.719358e-05	
1.244287e-03	1.309240e-05	
1.522549e-03	9.531176e-05	
5.107786e-03	5.698488e-05	
9.263023e-03	8.742752e-05	
5.544449e-03	6.988194e-05	
5.290754e-03	1.530580e-04	
8.247156e-03	1.398099e-04	
7.129116e-03	6.452575e-05	
5.719343e-03	6.191920e-04	
4.583063e-03	4.916115e-04	
3.864104e-03	9.415827e-05	
3.728672e-03	1.341044e-04	
1.140209e-02	1.544492e-04	
1.403404e-02	1.848625e-05	
5.230836e-03	2.443899e-05	
2.335563e-03	4.646085e-06	
7.490856e-03	1.396452e-06	
6.948741e-03	1.907636e-05	
6.732298e-03	3.275603e-05	
2.461297e-03	4.214383e-05	
4.959826e-03	4.209193e-05	
2.527798e-03	2.792629e-05	
5.104863e-03	5.619974e-06	
6.677742e-03	1.430024e-05	
4.617127e-03	4.920201e-05	
7.046412e-03	6.873018e-05	
1.166086e-03	2.802395e-05	
4.444192e-03	1.250388e-05	
2.552309e-03	2.552590e-05	
1.167827e-03	3.326120e-05	
2.936411e-03	4.112352e-05	
4.242821e-03	5.189833e-07	
8.110240e-03	2.876570e-05	
7.836135e-03	4.682559e-05	
2.656983e-03	1.166395e-06	
5.107131e-03	7.525229e-05	
5.950654e-03	6.567675e-05	
6.309146e-03	5.637695e-05	
2.973767e-03	7.230871e-05	
4.019004e-03	4.968306e-05	
3.657913e-03	2.968478e-05	
4.820997e-03	3.153582e-05	
2.235997e-03	3.725279e-05	
8.869568e-03	1.015668e-04	
2.966332e-03	9.380185e-05	
4.818817e-03	2.046102e-04	
6.068372e-03	1.227905e-04	
