1.793706e-02	3.120169e-06	
1.680421e-02	3.573172e-06	
1.623624e-02	2.292146e-06	
1.924615e-02	2.336079e-05	
2.035733e-02	2.480113e-05	
1.997273e-02	3.223218e-05	
1.661218e-02	1.096140e-04	
1.844042e-02	4.222872e-05	
1.712413e-02	2.235731e-05	
1.906089e-02	1.239994e-04	
1.617945e-02	7.676273e-05	
1.921622e-02	8.295402e-05	
1.689729e-02	5.782699e-05	
1.971325e-02	1.459288e-04	
1.694496e-02	2.856543e-05	
1.981525e-02	2.263542e-05	
1.647373e-02	1.317710e-04	
1.550798e-02	1.021741e-04	
1.779610e-02	4.114245e-05	
1.853128e-02	3.870788e-05	
1.825243e-02	5.794433e-05	
1.946769e-02	2.918125e-05	
1.875844e-02	5.701436e-05	
1.897339e-02	8.702145e-05	
1.557407e-02	1.640952e-04	
1.637172e-02	5.003758e-05	
1.868280e-02	1.341115e-04	
2.076978e-02	1.969052e-05	
1.745907e-02	8.526794e-05	
1.529549e-02	8.930044e-05	
1.653711e-02	3.712892e-05	
1.436912e-02	2.335847e-05	
1.892715e-02	2.947822e-05	
1.724236e-02	3.942982e-05	
1.535840e-02	1.474993e-06	
1.882528e-02	1.347043e-05	
1.559255e-02	8.367009e-07	
1.745514e-02	7.490545e-06	
1.661041e-02	6.437960e-06	
1.545761e-02	2.676617e-05	
1.959474e-02	6.210758e-06	
1.856647e-02	7.359959e-05	
1.973419e-02	4.995512e-06	
1.856710e-02	5.818623e-06	
1.928921e-02	1.495609e-05	
1.625710e-02	2.377791e-05	
1.526721e-02	3.718189e-06	
1.744085e-02	2.853607e-06	
1.870033e-02	2.109406e-05	
1.694661e-02	7.585369e-05	
1.499085e-02	7.604414e-05	
1.516693e-02	8.050882e-05	
1.894020e-02	4.921784e-05	
1.794413e-02	2.778542e-05	
1.920519e-02	3.382110e-05	
1.539933e-02	3.860830e-05	
1.818662e-02	9.632141e-05	
1.750911e-02	1.350575e-05	
2.251660e-02	9.165173e-06	
1.742779e-02	2.219566e-05	
1.752800e-02	5.833822e-05	
1.634804e-02	1.059087e-04	
1.570781e-02	9.383941e-05	
1.919916e-02	1.162988e-04	
1.628951e-02	1.125431e-04	
1.904616e-02	1.250392e-04	
1.613076e-02	1.310482e-04	
1.958491e-02	1.169747e-04	
1.776431e-02	8.837036e-05	
1.678469e-02	9.372891e-05	
1.700722e-02	5.482640e-05	
1.789076e-02	8.515305e-07	
1.595437e-02	1.521412e-05	
1.854554e-02	1.907708e-05	
1.518517e-02	4.102000e-06	
1.392198e-02	4.957909e-06	
1.902137e-02	1.625219e-05	
1.855052e-02	2.594074e-05	
1.725631e-02	6.177495e-06	
1.918365e-02	1.522252e-05	
1.953050e-02	1.770595e-05	
1.571050e-02	2.295947e-05	
1.941674e-02	8.159335e-06	
1.877091e-02	9.183934e-06	
1.551436e-02	5.168735e-05	
1.807807e-02	7.975124e-05	
1.532875e-02	8.154597e-06	
1.800816e-02	3.636442e-06	
1.891339e-02	3.662527e-05	
1.732441e-02	4.336276e-05	
1.827867e-02	5.694729e-05	
1.597148e-02	2.340470e-05	
1.850054e-02	5.316932e-05	
1.858106e-02	4.950544e-05	
1.834477e-02	4.760449e-05	
1.699691e-02	6.749703e-05	
1.644357e-02	4.989194e-05	
1.721225e-02	2.405168e-06	
1.363201e-02	2.517647e-05	
1.614302e-02	4.839675e-07	
1.914547e-02	1.087292e-05	
1.657889e-02	2.974577e-05	
1.992272e-02	8.648953e-05	
1.470144e-02	2.178999e-05	
1.798320e-02	4.732073e-05	
1.799901e-02	1.124700e-05	
1.928002e-02	4.935293e-05	
1.877116e-02	2.688038e-05	
1.621209e-02	2.339233e-05	
1.689248e-02	1.187931e-05	
1.527199e-02	1.221101e-05	
1.906516e-02	4.436659e-05	
1.295136e-02	5.589259e-05	
1.981798e-02	5.915033e-05	
2.007693e-02	1.193722e-05	
1.930104e-02	4.694699e-05	
1.653769e-02	2.351810e-05	
1.680821e-02	1.083218e-05	
1.809458e-02	3.858065e-06	
1.513322e-02	1.202341e-05	
1.976376e-02	1.656418e-06	
1.890996e-02	1.319310e-05	
1.640789e-02	4.272121e-06	
1.683778e-02	1.595010e-05	
1.734463e-02	5.356264e-05	
1.546875e-02	1.030676e-05	
1.904247e-02	6.784650e-06	
1.976988e-02	3.788338e-06	
1.889645e-02	3.976193e-05	
2.028797e-02	2.138095e-06	
1.546834e-02	2.068936e-06	
1.801683e-02	3.839451e-06	
1.842434e-02	3.888039e-05	
1.546247e-02	1.643176e-05	
2.120139e-02	3.506102e-05	
1.714632e-02	1.022632e-05	
1.839690e-02	1.721722e-05	
1.514137e-02	2.605576e-05	
1.889073e-02	1.778423e-06	
1.899529e-02	4.173629e-06	
1.678607e-02	6.432827e-06	
2.019986e-02	8.188820e-06	
1.650039e-02	1.379559e-05	
1.863872e-02	6.178542e-06	
1.739937e-02	7.398623e-05	
1.768859e-02	2.995635e-05	
1.741725e-02	2.256539e-06	
1.568244e-02	6.442585e-05	
1.738809e-02	1.970232e-05	
1.643594e-02	1.965699e-05	
1.681690e-02	6.129843e-05	
1.611785e-02	5.935547e-05	
1.809512e-02	4.097503e-05	
1.699504e-02	8.264558e-05	
1.681727e-02	1.754453e-05	
1.658201e-02	3.853917e-05	
1.652747e-02	3.700352e-05	
1.777687e-02	2.028121e-06	
1.388708e-02	4.500665e-05	
1.773477e-02	5.127246e-05	
1.963379e-02	4.151650e-05	
1.551790e-02	7.308880e-05	
1.584925e-02	6.410039e-06	
1.891305e-02	2.874709e-05	
1.773400e-02	2.842213e-05	
1.843564e-02	1.346882e-05	
1.696398e-02	1.949738e-05	
1.704283e-02	3.277036e-06	
1.673950e-02	1.542430e-05	
1.633862e-02	8.184605e-06	
1.672906e-02	9.821123e-06	
1.701988e-02	1.439945e-05	
2.012640e-02	2.835259e-05	
1.712048e-02	1.221611e-05	
2.003091e-02	4.518831e-06	
1.920532e-02	2.813272e-05	
1.947386e-02	1.361897e-05	
2.025314e-02	2.708317e-06	
1.548882e-02	3.008951e-05	
1.626413e-02	2.134073e-05	
1.888296e-02	6.556427e-06	
1.712109e-02	1.560120e-05	
1.798170e-02	2.474148e-05	
1.510469e-02	4.392057e-05	
1.621772e-02	1.021607e-05	
2.000793e-02	5.713440e-05	
1.845732e-02	6.571530e-05	
1.862656e-02	6.491883e-05	
1.881298e-02	1.179373e-04	
1.791312e-02	3.645811e-05	
1.791426e-02	2.625643e-05	
1.482344e-02	5.790729e-05	
1.774729e-02	3.006491e-05	
1.907744e-02	9.039644e-07	
1.563656e-02	2.763891e-05	
1.907664e-02	1.150857e-05	
1.614635e-02	9.757526e-06	
1.891521e-02	1.687497e-05	
1.803701e-02	2.556565e-05	
1.926263e-02	5.944351e-05	
1.937173e-02	1.829871e-05	
1.571485e-02	6.724656e-05	
1.791214e-02	1.841249e-05	
1.529891e-02	2.127431e-05	
1.873612e-02	7.194842e-05	
1.862602e-02	3.464267e-05	
1.928396e-02	5.315530e-05	
1.732642e-02	3.170498e-05	
1.695716e-02	1.669141e-05	
1.886493e-02	3.255147e-05	
1.997720e-02	4.060569e-05	
1.740853e-02	3.732184e-05	
1.864093e-02	4.046940e-05	
1.725270e-02	1.620772e-05	
1.979328e-02	2.244445e-05	
1.929853e-02	1.590767e-05	
1.655470e-02	2.388886e-05	
1.604180e-02	8.730802e-07	
1.710070e-02	1.797050e-05	
1.841160e-02	2.599171e-05	
1.589388e-02	4.289975e-05	
2.150420e-02	3.686590e-05	
1.665999e-02	3.537719e-05	
1.879897e-02	5.784221e-05	
2.124636e-02	1.122860e-04	
1.858294e-02	1.194092e-04	
1.657033e-02	7.848701e-05	
1.803676e-02	7.074049e-05	
1.626051e-02	2.895633e-05	
1.522303e-02	8.933639e-05	
1.764530e-02	4.880059e-05	
1.507954e-02	3.216577e-05	
1.940789e-02	3.085790e-05	
1.701735e-02	4.492926e-06	
1.697945e-02	2.943595e-05	
1.649408e-02	3.330299e-05	
1.697890e-02	1.887385e-05	
1.651964e-02	2.081048e-05	
1.695653e-02	6.233673e-05	
1.764796e-02	7.103251e-05	
1.850273e-02	2.180181e-05	
1.956652e-02	5.303655e-05	
1.866193e-02	1.474648e-05	
1.621114e-02	4.997480e-05	
1.585900e-02	2.962694e-05	
1.723533e-02	1.618746e-05	
1.690958e-02	6.557503e-06	
1.688319e-02	2.521076e-07	
1.682105e-02	3.680317e-05	
2.012367e-02	3.691429e-05	
1.645747e-02	2.981103e-05	
1.791378e-02	3.311984e-05	
1.883281e-02	4.553669e-05	
1.958801e-02	5.176991e-05	
1.863950e-02	3.139406e-05	
1.742151e-02	3.410503e-05	
1.984340e-02	7.262108e-05	
1.751070e-02	5.682555e-05	
1.936617e-02	4.023810e-05	
1.779704e-02	8.397392e-05	
1.764013e-02	5.487183e-05	
2.008034e-02	6.080279e-05	
1.814525e-02	1.404266e-04	
1.639135e-02	5.665754e-05	
1.840158e-02	1.131936e-04	
1.627657e-02	9.168339e-05	
1.620146e-02	3.394572e-05	
1.679202e-02	9.809105e-05	
1.689629e-02	8.547378e-06	
1.730138e-02	2.349818e-05	
2.014021e-02	8.813823e-06	
1.627027e-02	1.960636e-05	
1.636388e-02	5.378917e-05	
1.616493e-02	4.547727e-05	
1.854803e-02	3.132240e-05	
1.743230e-02	4.747249e-05	
1.505917e-02	5.777935e-05	
1.695967e-02	1.685263e-05	
1.846813e-02	3.247460e-05	
1.558991e-02	7.554269e-06	
1.658012e-02	1.394576e-05	
1.459541e-02	4.897318e-05	
1.803529e-02	8.090923e-05	
1.534144e-02	4.607291e-05	
1.457274e-02	5.408803e-05	
1.924250e-02	9.639341e-06	
1.642766e-02	3.342725e-06	
1.988182e-02	3.629089e-05	
1.717765e-02	5.091917e-07	
1.824997e-02	1.353350e-06	
1.545257e-02	1.128174e-05	
1.519332e-02	6.450350e-07	
1.701297e-02	3.708134e-05	
1.790109e-02	3.417881e-05	
2.032132e-02	4.216354e-05	
1.656399e-02	7.518665e-05	
1.811901e-02	5.362076e-05	
1.681916e-02	7.577265e-05	
2.039504e-02	7.453957e-05	
1.641013e-02	4.473125e-05	
1.634106e-02	5.780745e-05	
1.640480e-02	8.085559e-05	
2.036693e-02	1.047892e-04	
1.861411e-02	8.589691e-05	
2.118510e-02	8.946703e-05	
1.714384e-02	1.028984e-04	
1.618620e-02	6.588226e-05	
1.590451e-02	6.526278e-05	
1.646517e-02	7.701823e-05	
2.088761e-02	3.763513e-05	
1.930482e-02	1.035190e-04	
1.461516e-02	8.356887e-05	
1.821736e-02	6.219697e-05	
1.652657e-02	3.687878e-05	
1.703056e-02	6.229465e-05	
1.949185e-02	2.485855e-05	
1.802530e-02	3.557638e-05	
1.641520e-02	5.734645e-05	
1.915785e-02	6.173024e-05	
1.898355e-02	7.297167e-05	
1.901814e-02	2.010627e-05	
1.548001e-02	6.422030e-05	
1.712468e-02	5.316105e-05	
2.147351e-02	5.747391e-05	
1.643039e-02	3.843218e-05	
1.783611e-02	5.053923e-05	
1.836058e-02	4.366002e-05	
2.176154e-02	2.399348e-05	
1.755092e-02	1.185782e-05	
1.802094e-02	7.294059e-06	
1.755491e-02	5.344722e-05	
1.741167e-02	5.147431e-05	
1.892669e-02	2.986210e-05	
1.652519e-02	4.665503e-05	
2.033558e-02	8.639135e-05	
1.513305e-02	6.988028e-05	
1.722050e-02	9.350831e-05	
1.559567e-02	7.744763e-05	
1.889508e-02	1.076206e-04	
1.800307e-02	7.718237e-05	
1.790811e-02	1.341943e-04	
1.349554e-02	1.879342e-04	
1.678938e-02	9.558474e-05	
1.629399e-02	1.058435e-04	
1.427069e-02	8.211672e-05	
2.044644e-02	9.072177e-05	
1.706570e-02	9.555972e-05	
1.989840e-02	6.634839e-05	
2.023676e-02	7.018776e-05	
1.929911e-02	4.630860e-05	
1.670768e-02	5.148587e-05	
2.163408e-02	4.254193e-05	
1.712865e-02	5.036475e-05	
1.788645e-02	4.484998e-05	
1.814224e-02	2.365087e-05	
2.238873e-02	6.414879e-05	
2.049349e-02	6.156782e-05	
1.599399e-02	4.303202e-05	
1.894875e-02	4.063619e-05	
1.993972e-02	2.640347e-05	
1.516105e-02	5.299658e-05	
1.445983e-02	5.646356e-05	
1.655534e-02	2.779442e-05	
1.624946e-02	4.444009e-05	
1.482529e-02	4.962395e-05	
1.535727e-02	3.715371e-05	
1.821892e-02	3.960758e-05	
1.734646e-02	4.272486e-05	
1.876898e-02	3.512376e-05	
1.659285e-02	7.118539e-05	
1.671660e-02	3.643740e-05	
1.886729e-02	4.698804e-05	
1.940310e-02	8.476334e-05	
1.940042e-02	9.345326e-05	
2.008794e-02	2.126360e-05	
1.850498e-02	8.291670e-05	
1.645027e-02	1.147473e-04	
1.553487e-02	1.386995e-04	
2.004130e-02	1.475078e-04	
1.739007e-02	1.053952e-04	
1.726587e-02	9.147248e-05	
1.535680e-02	1.961729e-04	
1.696364e-02	8.407431e-05	
1.625112e-02	6.165922e-05	
1.430977e-02	2.965424e-05	
1.937311e-02	5.765986e-05	
1.924427e-02	2.008660e-05	
2.012648e-02	4.358078e-05	
1.639532e-02	5.287691e-05	
1.633241e-02	5.235651e-05	
1.729067e-02	3.008195e-05	
1.893878e-02	4.108008e-05	
1.574819e-02	3.089550e-05	
1.689518e-02	1.381852e-05	
1.879641e-02	7.583505e-05	
1.569220e-02	3.339397e-05	
1.886221e-02	3.898103e-05	
1.861752e-02	4.539009e-05	
1.982099e-02	5.879111e-05	
1.605963e-02	5.506804e-05	
1.685506e-02	5.587281e-05	
2.071585e-02	8.769812e-06	
1.775773e-02	3.119985e-05	
1.785073e-02	4.405180e-05	
1.846307e-02	2.675040e-05	
1.421722e-02	4.246223e-05	
1.877722e-02	2.769967e-05	
1.981024e-02	3.122214e-05	
1.887924e-02	3.730544e-05	
1.820198e-02	3.821627e-05	
1.739220e-02	7.441938e-05	
1.961949e-02	4.194767e-05	
1.659220e-02	6.799936e-05	
1.474532e-02	8.486910e-05	
2.015644e-02	1.157422e-04	
1.663199e-02	3.717546e-05	
1.785478e-02	1.410939e-04	
1.597807e-02	1.605520e-04	
1.634639e-02	1.513607e-04	
1.706606e-02	1.182611e-04	
1.901500e-02	1.025473e-04	
1.787995e-02	7.023411e-05	
1.986548e-02	6.996124e-05	
1.903710e-02	4.844798e-05	
1.596454e-02	8.086508e-05	
2.050505e-02	1.997236e-05	
1.883614e-02	4.254419e-05	
1.658231e-02	4.569527e-05	
1.733733e-02	4.420052e-05	
1.724562e-02	4.529920e-05	
1.741585e-02	2.950471e-05	
1.584936e-02	2.684014e-05	
1.627157e-02	2.690861e-05	
1.740611e-02	7.108051e-05	
1.403394e-02	5.711813e-05	
2.062083e-02	6.623446e-05	
1.661683e-02	5.656064e-05	
1.826360e-02	6.280118e-05	
1.697274e-02	5.724874e-05	
1.410740e-02	5.670228e-05	
1.725809e-02	4.869495e-05	
1.629640e-02	3.108843e-05	
1.752361e-02	6.106446e-05	
1.815988e-02	1.025733e-05	
1.836565e-02	1.544706e-05	
1.670100e-02	5.649348e-05	
1.785146e-02	3.355076e-05	
1.641775e-02	5.608710e-05	
1.528754e-02	8.960564e-06	
1.730388e-02	4.251563e-05	
1.905041e-02	4.447546e-05	
1.622349e-02	4.726976e-05	
1.699618e-02	7.289410e-05	
1.636981e-02	8.857652e-05	
1.516444e-02	1.137811e-04	
1.856372e-02	1.223009e-04	
1.756626e-02	1.002354e-04	
1.976121e-02	1.541704e-04	
1.782299e-02	1.040708e-04	
1.701794e-02	9.636123e-05	
1.586621e-02	4.170182e-05	
1.879998e-02	8.343263e-05	
1.542210e-02	4.348107e-05	
1.719306e-02	4.018746e-05	
1.546001e-02	4.562194e-05	
1.455740e-02	4.872719e-05	
1.933292e-02	5.890846e-05	
2.016304e-02	1.555112e-05	
1.864519e-02	3.717022e-05	
1.742047e-02	1.193666e-05	
1.716814e-02	1.575802e-05	
1.805751e-02	4.650398e-05	
1.659507e-02	3.212037e-05	
1.910677e-02	3.902152e-05	
1.608900e-02	3.568556e-05	
1.813918e-02	3.507652e-05	
2.196457e-02	3.838574e-05	
2.000441e-02	4.531479e-05	
1.515485e-02	2.142111e-05	
1.849349e-02	1.956642e-05	
1.875685e-02	9.804525e-06	
1.711292e-02	3.620586e-05	
1.841935e-02	6.959748e-06	
1.977250e-02	4.449409e-05	
1.981783e-02	5.756743e-05	
1.829463e-02	4.162419e-05	
1.546602e-02	1.568004e-05	
1.950068e-02	2.784227e-05	
1.655436e-02	3.280182e-05	
1.793589e-02	5.984565e-05	
1.919167e-02	1.113791e-04	
1.882002e-02	2.164774e-05	
1.834628e-02	9.821451e-05	
1.601773e-02	1.380568e-04	
1.730155e-02	2.209318e-04	
2.042365e-02	4.466399e-05	
1.630854e-02	1.372029e-04	
1.584222e-02	7.604740e-05	
1.517935e-02	5.960544e-05	
1.512620e-02	3.820942e-05	
1.617561e-02	2.735817e-05	
1.808824e-02	3.092883e-05	
1.923896e-02	4.483343e-05	
1.427857e-02	4.245156e-05	
1.838009e-02	4.672970e-05	
1.830316e-02	1.625261e-05	
1.881194e-02	9.661077e-06	
1.967653e-02	2.799661e-05	
1.529035e-02	2.226979e-05	
2.029357e-02	2.986377e-05	
1.927142e-02	4.179385e-05	
1.696289e-02	2.207658e-05	
1.692346e-02	4.436605e-05	
1.815904e-02	1.920665e-05	
1.767307e-02	3.334544e-05	
1.800487e-02	4.345855e-05	
1.845188e-02	9.902060e-06	
1.443143e-02	1.490897e-06	
1.903552e-02	8.880284e-06	
1.684146e-02	1.623188e-05	
1.571022e-02	2.627673e-05	
1.724509e-02	3.598847e-06	
1.884507e-02	4.575678e-05	
1.649811e-02	3.292081e-05	
1.627087e-02	4.750437e-05	
1.626625e-02	4.072968e-05	
1.752639e-02	1.158948e-05	
1.715642e-02	6.183109e-05	
1.666486e-02	2.882801e-05	
1.885663e-02	5.178022e-05	
1.930864e-02	1.906399e-04	
1.800458e-02	2.962684e-04	
1.796206e-02	9.930653e-05	
1.856831e-02	1.046409e-04	
2.025166e-02	6.938335e-05	
1.772759e-02	3.406207e-05	
1.773520e-02	5.125376e-05	
1.867757e-02	4.842829e-05	
1.856822e-02	5.318359e-05	
1.736005e-02	6.672311e-05	
1.939131e-02	2.723557e-05	
1.409718e-02	4.941571e-05	
2.188980e-02	3.606824e-05	
1.630907e-02	3.815281e-05	
1.868422e-02	4.768519e-05	
1.866033e-02	5.549199e-05	
1.735187e-02	3.293644e-05	
1.742581e-02	3.567002e-05	
1.931808e-02	5.645080e-05	
1.866487e-02	3.676391e-05	
1.852721e-02	3.545471e-05	
1.566041e-02	3.731630e-05	
1.994969e-02	5.577264e-05	
1.596031e-02	4.089384e-05	
1.756285e-02	4.910846e-05	
1.796148e-02	2.802730e-05	
1.840528e-02	1.654143e-05	
1.938487e-02	3.091217e-05	
1.666291e-02	3.005151e-05	
1.660304e-02	1.351781e-05	
1.876466e-02	4.640254e-06	
1.855221e-02	4.140827e-05	
1.757995e-02	2.775297e-05	
1.740899e-02	6.147020e-05	
1.789979e-02	3.363963e-05	
1.635028e-02	3.504989e-06	
1.779965e-02	2.603653e-05	
1.757505e-02	4.697081e-05	
1.651292e-02	1.593554e-04	
1.937261e-02	1.654106e-04	
1.701063e-02	2.109678e-04	
1.573292e-02	2.492738e-05	
1.500543e-02	7.518403e-05	
1.812262e-02	6.502496e-05	
1.875243e-02	6.254356e-05	
1.706184e-02	1.180801e-05	
1.930710e-02	6.201787e-05	
1.645437e-02	6.810929e-05	
1.891969e-02	4.682044e-05	
1.633103e-02	4.499520e-05	
1.837670e-02	3.895276e-05	
2.044961e-02	3.918017e-05	
1.495407e-02	2.568754e-05	
1.549579e-02	2.824725e-05	
1.783721e-02	1.700598e-05	
1.733578e-02	1.910307e-05	
1.531279e-02	3.289957e-05	
1.755490e-02	3.227980e-05	
1.988925e-02	9.980003e-06	
1.617079e-02	1.670683e-05	
1.698777e-02	2.627854e-05	
1.727253e-02	3.565287e-05	
1.930257e-02	2.172857e-05	
1.788996e-02	4.268690e-05	
1.609003e-02	2.244932e-06	
1.833631e-02	1.360930e-05	
1.744009e-02	4.035302e-05	
1.824645e-02	1.084681e-05	
1.783228e-02	2.618298e-05	
1.888784e-02	4.248738e-05	
1.665516e-02	3.104234e-05	
1.836533e-02	8.205055e-06	
1.776990e-02	8.665654e-06	
1.822603e-02	2.803825e-05	
1.906315e-02	1.106459e-04	
1.714367e-02	1.008461e-04	
1.868989e-02	5.185180e-05	
1.918753e-02	2.490423e-05	
1.920027e-02	1.791177e-04	
1.450491e-02	1.182707e-04	
1.647895e-02	5.822826e-05	
1.740679e-02	1.012589e-04	
1.918577e-02	7.777983e-05	
1.765455e-02	3.799666e-05	
1.869265e-02	4.576308e-05	
1.922234e-02	4.256899e-05	
1.475935e-02	5.993665e-05	
1.536108e-02	1.956895e-05	
1.756468e-02	5.540939e-05	
1.691132e-02	2.972784e-05	
1.710569e-02	4.017725e-06	
1.632220e-02	2.569242e-07	
1.625188e-02	4.877199e-06	
1.558187e-02	7.653879e-06	
1.936930e-02	9.973144e-06	
1.895341e-02	2.359109e-05	
1.907249e-02	5.411545e-06	
1.525241e-02	1.728840e-05	
1.848159e-02	1.723033e-05	
1.849833e-02	4.356422e-08	
1.526558e-02	1.977754e-05	
1.642007e-02	1.647043e-05	
1.609111e-02	1.308427e-05	
1.944262e-02	5.393527e-06	
2.002896e-02	1.275562e-06	
1.824747e-02	1.913432e-05	
1.555389e-02	8.019096e-06	
1.797356e-02	2.264722e-05	
1.890023e-02	1.103987e-05	
1.695213e-02	2.270631e-05	
1.522993e-02	1.991805e-05	
1.778898e-02	5.413148e-05	
1.874113e-02	8.089075e-05	
1.633527e-02	3.085117e-05	
1.657213e-02	1.090666e-04	
1.747051e-02	1.248110e-04	
1.475464e-02	2.357849e-04	
1.619117e-02	1.205681e-04	
1.973629e-02	1.092884e-04	
1.522048e-02	8.606505e-05	
1.616030e-02	5.958396e-05	
1.914256e-02	6.036888e-05	
1.734974e-02	7.846832e-05	
1.876433e-02	7.473982e-05	
1.679940e-02	4.487137e-05	
1.515723e-02	3.787150e-05	
1.385285e-02	3.195270e-05	
1.698517e-02	4.322942e-05	
1.491342e-02	2.670151e-05	
1.804579e-02	2.340743e-05	
1.689973e-02	4.775555e-06	
1.573938e-02	3.983919e-05	
2.033380e-02	3.102742e-05	
1.924102e-02	3.654851e-05	
1.658216e-02	1.616538e-05	
1.555741e-02	2.243325e-05	
1.714906e-02	4.035198e-05	
1.815011e-02	2.481240e-05	
1.843554e-02	2.865115e-05	
1.804697e-02	5.360784e-06	
1.578678e-02	2.019170e-05	
1.987132e-02	2.286476e-05	
1.654462e-02	6.505494e-06	
1.596420e-02	6.677015e-06	
1.867147e-02	9.285227e-06	
2.064855e-02	4.944685e-06	
1.595478e-02	3.954622e-05	
1.780758e-02	3.121751e-05	
1.818972e-02	2.632377e-05	
2.012350e-02	3.317271e-06	
1.912025e-02	2.020092e-05	
1.666003e-02	6.847762e-05	
1.945969e-02	9.224817e-05	
1.492852e-02	1.355233e-04	
1.689171e-02	1.869963e-04	
1.856741e-02	1.622153e-04	
1.651908e-02	1.234606e-04	
1.991057e-02	1.111554e-04	
1.852767e-02	5.852631e-05	
1.638126e-02	5.580626e-05	
1.827077e-02	7.214805e-05	
1.504578e-02	3.323312e-05	
1.714282e-02	4.558983e-05	
1.828985e-02	3.280993e-05	
1.715716e-02	4.757151e-05	
1.921975e-02	4.872828e-05	
1.812464e-02	3.847630e-05	
1.884559e-02	1.874861e-05	
1.532971e-02	3.035133e-05	
1.584987e-02	1.226175e-06	
1.615803e-02	3.477869e-05	
1.394369e-02	5.663897e-06	
1.829680e-02	9.910169e-06	
1.659900e-02	1.164833e-05	
1.772217e-02	2.504699e-05	
1.613767e-02	1.848912e-05	
1.836778e-02	1.467250e-05	
1.723148e-02	3.069291e-05	
1.950864e-02	3.410127e-05	
1.601414e-02	4.719603e-05	
1.883715e-02	4.986639e-05	
1.892826e-02	5.074879e-05	
1.831089e-02	2.880754e-05	
1.546392e-02	3.870475e-05	
1.890072e-02	4.451891e-05	
1.699680e-02	5.434307e-05	
1.841381e-02	3.638519e-05	
1.877304e-02	8.210730e-05	
1.612477e-02	2.424269e-05	
1.852176e-02	6.094997e-05	
2.020739e-02	6.003843e-05	
1.791443e-02	1.047906e-04	
1.384842e-02	2.576665e-04	
1.622198e-02	1.902239e-04	
1.575612e-02	1.769900e-04	
1.412198e-02	1.052259e-04	
1.836968e-02	4.831713e-05	
1.685403e-02	5.285933e-05	
1.757780e-02	6.787476e-05	
1.722021e-02	1.132798e-05	
1.860317e-02	7.651573e-06	
1.723917e-02	4.031685e-05	
1.756924e-02	5.906931e-06	
1.869480e-02	4.167804e-05	
1.578678e-02	1.142173e-05	
1.719580e-02	9.858682e-06	
1.622988e-02	9.635367e-06	
1.889503e-02	1.318432e-05	
1.847767e-02	1.718306e-05	
1.804973e-02	5.293633e-05	
1.706590e-02	4.956828e-05	
2.018002e-02	4.504720e-05	
1.544977e-02	3.397312e-05	
1.683276e-02	1.294000e-05	
1.621550e-02	2.333997e-05	
1.656761e-02	2.412848e-05	
1.985079e-02	2.562682e-05	
2.035098e-02	1.632182e-05	
1.999860e-02	5.477568e-05	
1.910232e-02	5.318916e-05	
1.992916e-02	4.785015e-06	
1.605213e-02	2.279543e-05	
2.033073e-02	6.451166e-05	
1.957616e-02	2.499292e-05	
1.530869e-02	6.651181e-05	
1.917487e-02	4.691542e-05	
1.848059e-02	1.257069e-04	
1.676475e-02	8.795730e-05	
1.644001e-02	9.131443e-05	
1.661105e-02	9.382753e-06	
1.772225e-02	1.598993e-04	
1.662685e-02	2.449396e-04	
1.913786e-02	1.267480e-04	
1.730084e-02	1.404545e-04	
1.415257e-02	9.134153e-05	
1.852419e-02	6.463084e-05	
1.783173e-02	5.769292e-05	
1.809587e-02	3.890929e-05	
1.496743e-02	1.254770e-05	
1.811789e-02	7.015271e-06	
1.847398e-02	2.046259e-05	
1.976238e-02	1.453294e-05	
1.977625e-02	2.916970e-05	
1.927834e-02	1.798004e-05	
1.898606e-02	3.600109e-05	
1.432984e-02	3.406878e-05	
1.910601e-02	1.234477e-05	
1.711277e-02	4.366310e-05	
1.601773e-02	4.915748e-05	
1.820912e-02	5.098364e-05	
1.906710e-02	3.166585e-05	
1.344779e-02	5.702145e-05	
1.882872e-02	3.825278e-05	
1.514598e-02	4.367340e-05	
1.857731e-02	3.141363e-05	
1.645450e-02	1.741132e-05	
1.921548e-02	6.501614e-05	
1.835912e-02	2.653720e-05	
1.621173e-02	2.635016e-05	
1.762030e-02	5.863881e-05	
1.672296e-02	5.872058e-05	
1.386932e-02	4.780940e-05	
1.954947e-02	1.788295e-05	
1.745238e-02	4.365651e-06	
1.785434e-02	6.414893e-05	
1.763284e-02	8.741108e-05	
1.765564e-02	1.289810e-04	
1.775188e-02	1.813493e-04	
1.732891e-02	2.433382e-04	
1.827189e-02	2.138165e-04	
1.696150e-02	1.461629e-04	
1.773488e-02	7.866454e-05	
1.744595e-02	7.891378e-05	
1.820310e-02	7.505351e-05	
1.820710e-02	4.781615e-05	
1.659649e-02	1.431225e-05	
1.877477e-02	4.617715e-06	
1.563868e-02	2.636341e-05	
1.909494e-02	4.657648e-07	
1.776078e-02	3.277074e-05	
1.809322e-02	1.835884e-05	
1.830127e-02	2.945521e-05	
2.059409e-02	3.584083e-05	
1.867381e-02	1.844162e-05	
1.933680e-02	1.548062e-05	
1.577541e-02	1.988291e-05	
1.806874e-02	2.724478e-05	
1.352529e-02	3.206695e-05	
1.721984e-02	2.641985e-05	
1.377143e-02	3.853618e-05	
1.856209e-02	8.289310e-06	
2.075691e-02	5.587295e-05	
1.699480e-02	5.077771e-05	
1.936783e-02	3.278456e-05	
1.632692e-02	1.329396e-05	
1.751512e-02	5.996783e-05	
1.873653e-02	3.188939e-05	
1.543546e-02	4.680004e-05	
1.847772e-02	5.786296e-05	
1.627963e-02	3.426373e-05	
1.647374e-02	2.387699e-06	
1.685609e-02	9.797000e-06	
2.007630e-02	3.772110e-05	
1.657019e-02	5.092465e-05	
1.670628e-02	1.855021e-04	
1.678048e-02	1.595800e-04	
1.528931e-02	1.410583e-04	
2.071034e-02	2.610343e-04	
2.071027e-02	1.481809e-04	
1.811646e-02	1.170320e-04	
1.889647e-02	4.994263e-05	
1.545105e-02	5.247726e-05	
1.682084e-02	7.089418e-05	
1.747649e-02	3.101347e-06	
1.932016e-02	2.362719e-05	
1.942544e-02	4.342119e-05	
1.847985e-02	6.237541e-06	
1.209907e-02	5.597447e-06	
1.860982e-02	1.844179e-05	
1.418419e-02	1.785397e-05	
1.222263e-02	2.154539e-05	
1.814050e-02	1.799172e-05	
1.565050e-02	2.743683e-05	
1.850750e-02	3.071776e-05	
1.639433e-02	1.974138e-05	
1.644942e-02	2.717190e-05	
1.829545e-02	4.218832e-05	
1.699265e-02	4.037149e-05	
1.642695e-02	3.294202e-05	
1.825424e-02	2.659852e-05	
1.920064e-02	5.659777e-05	
1.795145e-02	2.607390e-05	
1.651847e-02	3.380113e-05	
2.003265e-02	5.211047e-05	
1.698274e-02	3.566862e-05	
1.638492e-02	8.983230e-06	
1.916911e-02	2.506739e-06	
1.750602e-02	4.661726e-05	
1.589735e-02	9.431224e-06	
1.636792e-02	4.397619e-05	
1.591807e-02	5.305130e-05	
1.580981e-02	3.113820e-05	
1.788244e-02	1.179687e-04	
1.761183e-02	2.674748e-04	
1.765116e-02	2.277796e-04	
1.668884e-02	1.870715e-04	
1.925172e-02	1.696946e-04	
1.668207e-02	1.024772e-04	
1.712135e-02	3.532939e-05	
2.240193e-02	7.587247e-05	
1.625910e-02	3.678490e-05	
1.625839e-02	4.807808e-05	
1.707808e-02	3.766468e-05	
1.796840e-02	6.807513e-05	
1.770240e-02	2.346230e-06	
1.771396e-02	3.866877e-05	
1.473822e-02	4.322981e-05	
1.941374e-02	4.389732e-05	
2.022091e-02	4.983843e-05	
1.842037e-02	3.830487e-05	
1.732412e-02	5.196307e-05	
1.596857e-02	4.126577e-05	
1.816768e-02	3.472109e-05	
1.880357e-02	4.592768e-05	
1.950616e-02	4.483492e-05	
1.723853e-02	6.708125e-05	
2.117468e-02	6.456404e-05	
2.013224e-02	2.955129e-05	
1.732963e-02	5.662665e-05	
1.748374e-02	5.524258e-05	
1.543779e-02	3.516533e-05	
1.451892e-02	4.652678e-05	
1.741228e-02	1.929877e-05	
1.651225e-02	5.254078e-05	
1.603886e-02	4.906798e-05	
1.643782e-02	3.524205e-05	
1.807794e-02	5.532236e-05	
1.567415e-02	8.788933e-05	
1.895734e-02	4.615553e-05	
1.777606e-02	2.215147e-05	
1.836387e-02	4.144519e-05	
1.611089e-02	2.301178e-04	
1.616189e-02	1.688454e-04	
1.624729e-02	1.525521e-04	
1.862397e-02	1.723921e-04	
1.782024e-02	1.206720e-04	
1.871507e-02	1.016989e-04	
1.778225e-02	9.371565e-05	
1.777519e-02	3.164879e-05	
2.032023e-02	2.838670e-05	
1.706492e-02	3.138771e-05	
1.779969e-02	1.774893e-05	
1.721286e-02	2.386508e-05	
1.821544e-02	5.346349e-05	
1.586077e-02	4.680442e-05	
1.592030e-02	2.903356e-05	
2.011595e-02	2.059572e-05	
1.564577e-02	1.907220e-05	
1.970807e-02	1.793178e-05	
1.526808e-02	1.716110e-05	
1.811115e-02	2.485667e-05	
1.611721e-02	2.674101e-05	
1.740892e-02	3.328030e-05	
2.004063e-02	3.479846e-05	
1.901604e-02	3.364381e-05	
1.880239e-02	3.161760e-05	
1.528313e-02	6.049084e-05	
1.716241e-02	5.056321e-05	
1.477587e-02	6.084468e-05	
1.831921e-02	5.348688e-05	
1.663755e-02	4.650130e-05	
1.693859e-02	3.533638e-05	
2.120270e-02	2.075493e-05	
1.744845e-02	5.832909e-05	
1.738376e-02	7.021653e-05	
1.836405e-02	2.348968e-05	
1.572100e-02	3.916658e-05	
1.663037e-02	3.332356e-05	
1.801744e-02	9.151282e-05	
1.553789e-02	2.234020e-04	
1.853054e-02	1.957115e-04	
1.643311e-02	1.474947e-04	
1.704877e-02	5.537127e-05	
1.988569e-02	7.724948e-05	
1.988410e-02	9.524535e-05	
1.918436e-02	6.755932e-05	
1.781612e-02	8.800795e-06	
1.511663e-02	9.804682e-06	
1.537248e-02	3.737298e-05	
1.744500e-02	5.839139e-05	
2.051551e-02	3.772722e-05	
1.509693e-02	4.710368e-05	
2.094335e-02	1.818878e-05	
1.878611e-02	4.372997e-05	
1.610058e-02	3.076841e-05	
2.124182e-02	1.430056e-05	
1.696237e-02	1.683105e-05	
1.764692e-02	2.203426e-05	
1.829950e-02	3.561431e-05	
1.928570e-02	4.458462e-05	
1.885887e-02	5.145515e-05	
1.801360e-02	3.857094e-05	
1.970476e-02	2.515336e-05	
1.839970e-02	4.280002e-05	
1.744465e-02	4.200003e-05	
1.867193e-02	6.429500e-06	
1.723980e-02	4.116650e-05	
1.490762e-02	4.200316e-05	
1.653841e-02	1.639351e-05	
1.929280e-02	6.325833e-05	
1.704649e-02	3.018337e-05	
1.702173e-02	6.306207e-05	
1.991848e-02	2.223751e-05	
1.570237e-02	6.764053e-06	
1.721779e-02	2.124592e-05	
1.956974e-02	9.271805e-05	
1.634904e-02	1.525839e-05	
1.695583e-02	1.750444e-04	
1.542020e-02	1.501947e-04	
1.914271e-02	8.214583e-05	
1.648863e-02	8.790096e-05	
1.744282e-02	1.901030e-05	
1.791225e-02	2.320580e-05	
1.980074e-02	1.242800e-04	
1.753380e-02	8.849185e-05	
1.715113e-02	4.692750e-05	
1.868547e-02	3.806695e-05	
1.862231e-02	3.889056e-05	
1.669497e-02	3.749092e-05	
1.830833e-02	4.234163e-05	
1.821901e-02	2.079181e-06	
1.858098e-02	3.134963e-05	
1.642915e-02	4.419950e-05	
1.663685e-02	2.854764e-05	
1.791481e-02	4.337540e-05	
1.846169e-02	2.810019e-05	
1.428642e-02	4.175052e-05	
1.391621e-02	3.292479e-05	
1.574484e-02	2.978552e-05	
1.759710e-02	2.346328e-05	
1.835543e-02	2.085753e-05	
1.606419e-02	3.892898e-05	
1.897955e-02	7.789543e-06	
1.856239e-02	8.290269e-06	
1.861285e-02	3.639193e-06	
1.529508e-02	2.348980e-05	
1.799929e-02	2.811821e-05	
1.732798e-02	2.220970e-05	
1.751770e-02	3.703391e-05	
1.486236e-02	2.733080e-05	
1.864365e-02	5.500322e-05	
1.543868e-02	6.699321e-05	
1.584945e-02	2.113561e-05	
1.568022e-02	2.353757e-05	
1.750159e-02	1.012094e-04	
1.849989e-02	2.493841e-04	
1.686758e-02	2.212956e-04	
1.789882e-02	2.056571e-05	
1.621100e-02	7.552045e-05	
1.748973e-02	7.916272e-05	
1.846888e-02	4.880276e-05	
1.545006e-02	5.533573e-05	
1.557790e-02	8.756030e-05	
1.983803e-02	1.644785e-05	
1.724897e-02	8.744979e-06	
1.884630e-02	2.520267e-05	
1.880973e-02	1.095337e-05	
1.987889e-02	2.585706e-05	
2.038176e-02	2.668421e-05	
1.580400e-02	1.585984e-05	
1.675661e-02	2.144319e-05	
1.750971e-02	1.123255e-05	
1.937873e-02	1.682529e-05	
1.691870e-02	3.726179e-05	
1.976311e-02	1.714708e-05	
1.625200e-02	4.390797e-05	
1.918610e-02	3.663086e-05	
1.613748e-02	3.205240e-05	
1.578701e-02	1.102129e-05	
1.682191e-02	3.842059e-05	
1.693207e-02	2.751721e-05	
1.761658e-02	1.399178e-05	
1.636449e-02	1.920118e-05	
1.701072e-02	3.209243e-05	
1.692493e-02	1.328918e-05	
1.548071e-02	1.536441e-05	
1.610027e-02	3.372785e-05	
2.241751e-02	3.169761e-05	
1.641778e-02	3.855746e-05	
1.706643e-02	6.137916e-05	
1.873850e-02	4.859735e-05	
1.645008e-02	9.248407e-05	
1.627223e-02	1.789355e-04	
1.609535e-02	2.640123e-04	
1.731879e-02	4.076080e-04	
1.718664e-02	7.511607e-05	
1.603120e-02	5.546794e-05	
1.751992e-02	8.837743e-05	
1.721829e-02	7.649371e-06	
1.979615e-02	5.789000e-05	
1.734298e-02	3.301311e-06	
1.841961e-02	1.204613e-05	
1.915257e-02	2.409190e-05	
1.885752e-02	3.146467e-05	
1.721041e-02	5.434210e-06	
1.621487e-02	2.842284e-05	
1.771078e-02	3.121959e-05	
1.917053e-02	7.047046e-06	
1.660179e-02	2.407638e-06	
1.834095e-02	1.729790e-05	
1.629066e-02	6.722044e-06	
2.241669e-02	1.846573e-06	
1.571348e-02	2.846910e-05	
1.712427e-02	3.899078e-05	
1.818950e-02	4.022263e-05	
2.063656e-02	4.276799e-05	
1.641420e-02	3.437633e-05	
2.013663e-02	3.574469e-05	
1.603670e-02	3.988169e-05	
1.886544e-02	1.893707e-05	
1.555809e-02	2.776930e-05	
1.809651e-02	3.311877e-05	
1.602694e-02	5.039949e-05	
1.765078e-02	2.616901e-05	
1.609841e-02	6.282236e-05	
2.065871e-02	7.383720e-05	
1.573049e-02	4.560274e-05	
1.461924e-02	6.339030e-05	
1.750860e-02	7.372150e-05	
1.914290e-02	5.177140e-05	
1.772090e-02	2.271627e-04	
1.862092e-02	7.804896e-05	
1.688381e-02	2.498237e-04	
1.879215e-02	8.512467e-05	
1.922060e-02	4.321585e-05	
1.655703e-02	3.118350e-05	
1.876154e-02	2.300715e-05	
1.821156e-02	4.676956e-05	
1.869564e-02	4.965641e-05	
1.688188e-02	4.929539e-05	
1.844583e-02	2.977247e-05	
1.647467e-02	2.433280e-05	
1.762677e-02	2.069587e-05	
1.698083e-02	1.914692e-05	
1.724940e-02	3.436630e-05	
1.706311e-02	6.656760e-06	
1.744985e-02	1.318548e-05	
1.684281e-02	3.957331e-06	
1.806545e-02	8.609940e-06	
1.847113e-02	3.321239e-05	
1.775786e-02	1.716220e-05	
1.911941e-02	7.833775e-06	
1.520188e-02	3.609458e-05	
1.781196e-02	3.060151e-05	
1.685845e-02	1.605568e-05	
1.693950e-02	2.297233e-05	
1.678516e-02	2.608590e-05	
1.834994e-02	2.309180e-05	
1.876373e-02	1.499230e-05	
1.991057e-02	2.266679e-05	
1.783198e-02	1.981898e-05	
1.840604e-02	8.071933e-06	
1.994176e-02	6.561427e-05	
1.651220e-02	2.814197e-05	
1.637721e-02	5.559753e-05	
1.988713e-02	5.314921e-05	
2.032812e-02	4.062570e-05	
1.905632e-02	6.342238e-05	
1.738151e-02	1.410814e-04	
1.669079e-02	2.783942e-04	
1.562589e-02	2.257484e-04	
1.825881e-02	2.180985e-05	
1.639978e-02	1.217137e-04	
1.536321e-02	8.155310e-05	
1.801330e-02	2.291772e-05	
1.593181e-02	3.628124e-05	
1.818643e-02	3.452154e-05	
1.587550e-02	1.032834e-05	
1.989206e-02	3.667035e-05	
1.995914e-02	3.204478e-05	
1.825569e-02	1.425292e-05	
1.600841e-02	9.026217e-06	
1.751000e-02	5.421157e-07	
1.605675e-02	2.611047e-05	
1.892443e-02	2.070421e-05	
1.653847e-02	1.721010e-05	
1.781808e-02	1.497952e-05	
1.763457e-02	3.494538e-05	
1.973236e-02	3.599917e-05	
1.734182e-02	3.137922e-05	
1.817541e-02	2.934620e-05	
1.812665e-02	5.060017e-05	
1.784022e-02	5.068726e-05	
1.800979e-02	4.504390e-05	
1.354865e-02	6.075144e-05	
1.750419e-02	2.790301e-05	
1.723821e-02	3.781397e-05	
1.986098e-02	3.711993e-05	
1.747219e-02	3.879533e-05	
2.082140e-02	9.034621e-06	
1.768815e-02	4.248979e-05	
1.645680e-02	5.426471e-05	
1.746993e-02	2.615358e-05	
1.928232e-02	1.707825e-05	
1.626098e-02	4.316097e-05	
1.678440e-02	4.214143e-05	
1.772311e-02	1.378262e-04	
1.642781e-02	1.147839e-04	
1.759993e-02	2.922101e-04	
1.520864e-02	4.764150e-05	
1.693732e-02	1.232841e-04	
1.334385e-02	9.620617e-05	
1.931499e-02	3.825870e-05	
1.715467e-02	1.410140e-05	
1.801040e-02	1.694536e-05	
1.764477e-02	3.631179e-05	
1.672748e-02	9.348790e-06	
1.986901e-02	4.256111e-05	
1.854143e-02	1.798151e-05	
1.930619e-02	1.357566e-06	
1.923161e-02	1.781432e-05	
1.842207e-02	2.161477e-05	
1.650399e-02	1.383131e-05	
1.859386e-02	2.425920e-05	
1.919168e-02	3.773406e-05	
1.763830e-02	2.211149e-05	
1.676285e-02	4.255245e-05	
1.797139e-02	3.950858e-05	
1.576315e-02	3.457065e-05	
1.607039e-02	6.024280e-05	
1.928392e-02	4.824686e-05	
1.590196e-02	6.045652e-05	
1.862550e-02	4.614809e-05	
1.920191e-02	5.460391e-05	
1.608974e-02	1.614921e-05	
1.760885e-02	4.588908e-05	
1.569398e-02	3.790594e-05	
1.581516e-02	9.169452e-06	
1.710737e-02	2.244934e-05	
1.727750e-02	6.184453e-05	
1.911605e-02	3.213932e-05	
1.576436e-02	1.711937e-05	
1.615059e-02	8.703985e-05	
1.717050e-02	7.252719e-05	
1.661620e-02	6.032718e-05	
1.543134e-02	1.086096e-04	
1.528158e-02	1.275120e-04	
1.637309e-02	7.501047e-05	
1.895228e-02	1.071400e-04	
1.532756e-02	1.055360e-04	
1.592124e-02	1.681715e-05	
1.911265e-02	6.464624e-05	
1.778723e-02	5.958424e-05	
1.661059e-02	2.797226e-05	
1.734935e-02	4.385234e-05	
1.920206e-02	4.108670e-05	
1.648397e-02	2.720710e-05	
1.672677e-02	2.335186e-05	
1.799966e-02	2.652144e-05	
1.942168e-02	1.410129e-05	
1.780238e-02	1.183909e-05	
1.855093e-02	1.958953e-05	
1.803121e-02	2.239013e-05	
1.922789e-02	6.259578e-06	
2.077674e-02	8.311257e-06	
2.036202e-02	2.052443e-05	
1.802759e-02	1.927052e-05	
1.780104e-02	3.103725e-05	
1.871635e-02	2.479311e-05	
1.759201e-02	4.444327e-05	
1.784180e-02	2.812884e-05	
1.652729e-02	1.850073e-05	
1.521913e-02	2.592003e-05	
1.545974e-02	5.142337e-05	
1.777901e-02	3.851464e-05	
1.843937e-02	2.588581e-05	
1.582285e-02	6.826783e-06	
1.834352e-02	3.442598e-05	
1.690706e-02	7.370683e-05	
1.461353e-02	5.780107e-05	
1.636393e-02	7.634515e-05	
1.869898e-02	1.216356e-04	
1.501560e-02	1.111212e-04	
1.757437e-02	2.046083e-04	
1.525186e-02	3.365297e-04	
1.534126e-02	1.249859e-04	
1.570585e-02	7.712734e-05	
1.740688e-02	4.673080e-05	
1.844742e-02	7.440792e-05	
1.754961e-02	1.006436e-04	
1.496088e-02	3.359918e-05	
1.721205e-02	3.850372e-05	
1.698789e-02	4.301751e-06	
1.709286e-02	3.944838e-05	
1.838214e-02	2.358270e-05	
1.726464e-02	2.803527e-06	
1.701186e-02	1.568318e-05	
1.755524e-02	1.501830e-05	
1.724339e-02	8.077828e-06	
1.748550e-02	1.526753e-05	
1.797602e-02	1.250965e-05	
1.775247e-02	2.041110e-06	
1.900413e-02	7.848195e-07	
1.645446e-02	1.185060e-05	
1.879032e-02	2.643802e-05	
2.012890e-02	4.382495e-05	
1.797851e-02	2.651695e-05	
1.609154e-02	3.356709e-05	
2.019452e-02	2.910520e-05	
1.664095e-02	3.096690e-05	
1.808780e-02	2.555883e-05	
1.828135e-02	3.635142e-05	
1.575985e-02	1.875447e-05	
1.917648e-02	8.163673e-06	
1.672539e-02	1.266375e-05	
1.714941e-02	4.757205e-05	
1.821439e-02	8.094935e-05	
1.854138e-02	5.053948e-05	
1.883430e-02	6.646379e-05	
1.852857e-02	1.727730e-04	
1.859473e-02	1.970354e-04	
1.732071e-02	1.998863e-04	
1.558238e-02	9.358704e-06	
1.515963e-02	1.822931e-04	
1.650375e-02	8.022916e-05	
1.659491e-02	8.122618e-05	
1.614603e-02	1.140368e-05	
1.737956e-02	4.977226e-05	
1.739151e-02	1.767338e-05	
1.610718e-02	1.762148e-05	
1.595726e-02	1.905026e-05	
1.817343e-02	1.906499e-06	
1.938671e-02	1.640409e-05	
1.901679e-02	8.082091e-06	
1.682447e-02	8.733977e-06	
1.813272e-02	1.757068e-05	
1.780893e-02	1.657491e-05	
1.565616e-02	4.933988e-06	
1.783637e-02	1.575926e-05	
1.555886e-02	2.582485e-05	
1.617661e-02	2.848295e-05	
1.790865e-02	2.191015e-05	
1.613215e-02	4.646782e-05	
1.716292e-02	4.163894e-05	
1.675507e-02	3.550108e-05	
1.626235e-02	4.673441e-05	
1.704514e-02	3.531822e-05	
1.675475e-02	4.344515e-05	
1.450866e-02	2.503645e-05	
1.761781e-02	4.410790e-05	
1.773496e-02	1.835321e-05	
1.454044e-02	3.377941e-05	
1.861173e-02	4.646207e-05	
1.609250e-02	6.967493e-05	
1.718885e-02	5.638672e-05	
1.800805e-02	5.613413e-05	
1.779613e-02	6.651262e-05	
1.872661e-02	2.018505e-04	
2.147143e-02	2.189921e-04	
1.862568e-02	2.306643e-04	
1.846336e-02	4.557009e-05	
1.825360e-02	8.228196e-05	
1.647744e-02	1.166751e-04	
1.822504e-02	9.946949e-05	
1.538144e-02	1.276230e-05	
2.203669e-02	7.878182e-06	
1.442002e-02	2.687167e-05	
1.827460e-02	4.795593e-05	
1.709952e-02	4.018317e-05	
1.765236e-02	2.831703e-05	
1.849374e-02	1.621516e-05	
1.678113e-02	2.268749e-05	
1.575899e-02	4.082611e-05	
1.781587e-02	3.994247e-05	
1.742171e-02	2.278360e-05	
1.704161e-02	4.643192e-07	
1.696087e-02	6.804939e-06	
1.708814e-02	1.119773e-06	
2.000384e-02	3.178717e-06	
1.717540e-02	9.154206e-06	
1.965836e-02	1.431058e-05	
1.621279e-02	1.742061e-05	
1.990731e-02	2.286224e-05	
1.687755e-02	4.007877e-05	
1.561594e-02	1.299756e-06	
1.705770e-02	3.656108e-05	
1.704599e-02	6.270663e-06	
1.662901e-02	2.813865e-05	
1.657490e-02	1.909154e-05	
1.671192e-02	5.487014e-05	
1.688405e-02	5.237755e-05	
1.939287e-02	3.362955e-05	
1.809615e-02	5.632382e-05	
1.822081e-02	4.413458e-05	
1.621104e-02	6.726535e-05	
2.158430e-02	1.238525e-04	
1.577693e-02	3.065277e-04	
1.923771e-02	3.620649e-04	
1.679964e-02	4.054039e-05	
1.941861e-02	7.064941e-05	
1.984700e-02	4.842971e-05	
1.427509e-02	5.053954e-05	
1.551329e-02	3.495239e-05	
1.650815e-02	3.915956e-05	
1.623958e-02	7.910898e-05	
1.841763e-02	2.839973e-05	
1.780484e-02	3.638555e-05	
1.710143e-02	2.853096e-05	
1.320317e-02	2.624000e-05	
2.201471e-02	1.135342e-05	
1.795317e-02	5.532048e-06	
1.446883e-02	2.154143e-05	
1.689271e-02	1.151031e-05	
1.766608e-02	2.367352e-06	
2.124448e-02	5.971922e-07	
1.485648e-02	5.474726e-06	
1.369655e-02	1.763519e-05	
2.099911e-02	6.568460e-06	
1.731756e-02	1.411932e-05	
1.688994e-02	3.910827e-05	
1.842504e-02	4.708838e-05	
1.543783e-02	2.080221e-05	
1.648389e-02	3.142047e-05	
1.915498e-02	1.251912e-05	
1.722494e-02	1.385176e-05	
1.762126e-02	1.031610e-05	
1.533185e-02	2.628315e-05	
1.612719e-02	2.873942e-05	
2.009531e-02	9.712002e-06	
2.064081e-02	6.199154e-05	
1.663012e-02	1.504433e-05	
1.578737e-02	4.071227e-05	
1.520280e-02	1.186660e-04	
1.985746e-02	8.290330e-05	
1.709342e-02	2.752811e-04	
1.577978e-02	3.688246e-04	
1.844122e-02	2.301638e-04	
1.611221e-02	8.889458e-05	
1.619577e-02	1.326486e-05	
1.981461e-02	2.461264e-05	
1.761728e-02	2.277944e-05	
1.373287e-02	8.159467e-06	
1.517622e-02	3.101366e-05	
1.498310e-02	2.980420e-05	
1.774349e-02	1.870209e-05	
1.912032e-02	6.318326e-06	
1.742085e-02	2.521219e-05	
1.781335e-02	2.899608e-06	
1.878298e-02	5.047743e-06	
2.244636e-02	6.801319e-06	
1.605050e-02	1.873178e-05	
1.698465e-02	1.827055e-05	
1.439147e-02	2.445469e-05	
1.892608e-02	1.935756e-05	
1.844032e-02	1.521289e-05	
1.939913e-02	1.646610e-05	
1.906699e-02	2.177577e-05	
1.746521e-02	2.142817e-05	
1.866797e-02	2.570402e-05	
1.752563e-02	1.118699e-05	
1.754792e-02	1.601544e-05	
1.683482e-02	1.978245e-05	
1.620445e-02	1.552820e-06	
1.775344e-02	2.954906e-05	
1.848037e-02	4.436376e-05	
1.727483e-02	3.741474e-05	
1.626610e-02	8.899414e-06	
1.625434e-02	5.295577e-06	
1.898972e-02	4.311885e-05	
1.810872e-02	3.596427e-05	
1.753354e-02	5.537428e-05	
1.725973e-02	5.905424e-05	
1.930233e-02	1.910331e-04	
1.628850e-02	1.237043e-04	
