1.738995e-02	1.171645e-05	
1.696236e-02	1.154136e-06	
1.901251e-02	1.007263e-05	
1.958761e-02	2.374260e-05	
1.615424e-02	1.040814e-05	
1.885106e-02	2.894994e-06	
2.248833e-02	5.563828e-05	
1.766118e-02	4.925199e-05	
1.755543e-02	7.502242e-06	
1.771232e-02	1.078265e-04	
1.911902e-02	4.831898e-05	
1.698843e-02	8.279559e-05	
1.718150e-02	7.469239e-05	
1.494147e-02	4.612713e-05	
1.797168e-02	1.118730e-04	
2.056784e-02	5.049943e-05	
1.937228e-02	5.488771e-05	
1.603208e-02	1.486242e-04	
1.883527e-02	4.235490e-05	
1.902577e-02	6.287027e-05	
1.798922e-02	1.561939e-04	
1.700297e-02	1.347855e-05	
1.658792e-02	8.541543e-05	
1.825212e-02	6.182171e-05	
1.836282e-02	1.625329e-04	
2.075519e-02	3.273826e-05	
1.888608e-02	8.906787e-05	
1.622318e-02	7.731403e-05	
1.968499e-02	4.943442e-06	
1.893817e-02	3.532560e-05	
1.898785e-02	6.013439e-05	
1.675597e-02	2.369095e-05	
1.906839e-02	3.137676e-06	
1.755825e-02	5.005060e-05	
1.984712e-02	4.202470e-05	
1.911646e-02	5.483194e-07	
1.558550e-02	3.122452e-06	
1.600174e-02	1.927775e-05	
1.871722e-02	1.589369e-05	
2.044885e-02	2.986452e-05	
1.669111e-02	2.364472e-05	
1.844563e-02	5.432475e-05	
1.757663e-02	7.864761e-06	
1.372223e-02	2.445805e-06	
1.662427e-02	3.251848e-05	
1.799273e-02	8.309976e-06	
1.533884e-02	2.774974e-05	
1.741960e-02	6.083226e-06	
1.863134e-02	3.075479e-05	
1.748313e-02	9.074152e-05	
1.371842e-02	1.182334e-05	
1.896971e-02	7.668589e-05	
1.713156e-02	2.591462e-05	
1.696668e-02	2.337541e-07	
1.761093e-02	4.649417e-05	
1.932097e-02	8.218181e-06	
1.880493e-02	3.194023e-05	
1.786311e-02	3.248709e-05	
1.705756e-02	1.082990e-05	
1.656974e-02	7.322582e-06	
1.714055e-02	1.937210e-05	
1.830557e-02	3.458273e-05	
1.574950e-02	2.060516e-05	
1.549769e-02	6.782248e-05	
1.989172e-02	5.777927e-05	
1.938879e-02	3.755565e-05	
1.575696e-02	5.120951e-05	
2.028721e-02	1.644794e-05	
1.836797e-02	3.998224e-06	
1.862493e-02	5.059954e-05	
1.872622e-02	3.260992e-05	
1.728437e-02	9.279122e-05	
1.825696e-02	1.345798e-05	
1.904640e-02	2.209770e-05	
2.022151e-02	4.456501e-05	
2.008121e-02	9.138037e-06	
1.821753e-02	6.192231e-05	
1.685213e-02	1.190770e-07	
1.635676e-02	1.957802e-05	
1.741440e-02	1.687748e-05	
1.720746e-02	9.763771e-06	
1.830211e-02	1.742463e-05	
1.941943e-02	1.951674e-06	
1.766145e-02	1.169755e-05	
1.838879e-02	2.987653e-05	
1.865318e-02	3.346147e-05	
1.661771e-02	1.531799e-05	
1.707501e-02	4.330057e-05	
1.516038e-02	8.101335e-07	
1.970704e-02	5.000015e-05	
1.555750e-02	7.867019e-05	
1.813411e-02	3.437838e-05	
1.935881e-02	2.757146e-05	
1.746936e-02	3.324012e-06	
1.420477e-02	3.151560e-05	
1.646696e-02	2.124323e-05	
1.787396e-02	4.438043e-05	
1.914106e-02	2.278225e-05	
1.685114e-02	2.116960e-05	
1.588170e-02	4.660235e-05	
1.736327e-02	4.368147e-05	
1.533167e-02	3.986467e-05	
1.596577e-02	2.626534e-07	
1.998204e-02	9.366506e-06	
1.687692e-02	2.930244e-05	
1.685362e-02	5.575863e-05	
1.652467e-02	1.087358e-05	
1.618335e-02	2.523226e-05	
1.742786e-02	3.896493e-05	
1.617097e-02	2.934734e-05	
1.707272e-02	4.187696e-05	
1.901573e-02	3.185319e-05	
1.686847e-02	3.126954e-06	
1.864148e-02	4.468007e-05	
1.763932e-02	2.027913e-05	
2.001430e-02	1.079336e-05	
1.916188e-02	1.557657e-05	
1.667076e-02	3.170736e-05	
1.574540e-02	9.165088e-05	
1.747446e-02	4.337565e-05	
1.762167e-02	5.539320e-05	
1.711405e-02	3.958644e-05	
1.624902e-02	5.150519e-05	
2.037073e-02	1.626832e-05	
1.877846e-02	1.208355e-05	
1.986235e-02	5.355850e-05	
1.734030e-02	2.721531e-05	
1.972168e-02	1.429158e-05	
1.721411e-02	1.689244e-05	
1.689939e-02	2.560374e-05	
1.770041e-02	3.785678e-05	
1.702165e-02	4.451405e-05	
1.823719e-02	3.882822e-05	
1.746409e-02	3.805710e-05	
1.966488e-02	1.478528e-05	
1.600539e-02	4.301819e-06	
1.942958e-02	5.573620e-06	
1.895151e-02	1.754519e-06	
1.907080e-02	2.634396e-05	
1.794894e-02	1.415678e-05	
1.779000e-02	3.654640e-05	
1.925231e-02	7.389292e-05	
1.938935e-02	5.270704e-05	
1.871580e-02	6.885549e-05	
1.807615e-02	5.595916e-05	
1.856800e-02	4.258169e-05	
1.764004e-02	5.034397e-05	
1.813472e-02	5.766140e-05	
2.075404e-02	7.873277e-05	
1.838795e-02	7.032618e-05	
1.869783e-02	9.143974e-05	
1.851472e-02	6.593954e-05	
1.801232e-02	9.111611e-05	
1.513036e-02	3.570535e-05	
1.880501e-02	3.105432e-05	
1.745479e-02	3.158505e-05	
1.676799e-02	3.028997e-05	
1.619670e-02	8.301190e-05	
1.964194e-02	2.453554e-05	
1.825936e-02	6.911867e-05	
1.611546e-02	9.292153e-06	
1.958348e-02	1.985674e-06	
1.729344e-02	1.769746e-05	
1.672239e-02	6.749648e-06	
1.828048e-02	1.889831e-05	
1.892895e-02	6.931529e-06	
1.594086e-02	2.626192e-05	
1.773880e-02	1.613077e-05	
1.816557e-02	6.981092e-05	
1.713249e-02	2.678859e-05	
1.846551e-02	1.578165e-05	
1.832865e-02	1.257032e-05	
1.744844e-02	3.256286e-05	
1.729912e-02	1.941955e-05	
1.815999e-02	5.964697e-05	
1.752542e-02	2.874614e-05	
1.650133e-02	2.183997e-05	
1.747614e-02	4.238550e-05	
1.617391e-02	4.925433e-05	
1.858384e-02	6.052777e-05	
1.788710e-02	7.048566e-05	
1.640317e-02	7.685901e-05	
1.850249e-02	8.382172e-05	
1.926653e-02	4.204818e-05	
1.749210e-02	4.074680e-05	
1.866168e-02	4.524491e-05	
1.629321e-02	9.172892e-05	
1.789367e-02	5.135060e-05	
1.469459e-02	8.605682e-05	
1.943397e-02	1.088356e-04	
1.733096e-02	3.868353e-05	
1.816794e-02	6.589074e-05	
1.688069e-02	1.161045e-04	
1.579184e-02	4.232746e-05	
1.625009e-02	2.784042e-05	
1.536253e-02	3.906606e-05	
1.740350e-02	6.666717e-06	
1.804878e-02	3.170039e-05	
1.656320e-02	4.093567e-05	
1.984575e-02	9.333421e-06	
1.651039e-02	1.851863e-05	
1.675269e-02	4.346551e-06	
1.849905e-02	1.217845e-05	
1.757485e-02	2.358703e-05	
1.434133e-02	1.669196e-05	
1.666993e-02	3.677541e-05	
1.503470e-02	9.712319e-06	
1.876390e-02	1.987329e-05	
1.590955e-02	2.278908e-05	
1.782374e-02	2.157459e-05	
1.716128e-02	3.554186e-05	
1.467037e-02	3.163258e-05	
1.798265e-02	5.221475e-05	
1.962611e-02	6.416137e-05	
1.819777e-02	3.801979e-05	
1.999955e-02	5.201195e-05	
1.666011e-02	7.372242e-05	
1.802457e-02	3.084106e-05	
1.769543e-02	4.951829e-05	
2.038762e-02	6.134045e-05	
1.705573e-02	9.606014e-05	
1.682776e-02	5.955550e-05	
1.732690e-02	7.811351e-05	
1.884629e-02	6.273378e-05	
1.931326e-02	7.818182e-05	
1.854329e-02	6.388885e-05	
1.596663e-02	8.596280e-05	
1.670889e-02	7.933118e-05	
1.777391e-02	1.058048e-04	
1.954623e-02	1.149270e-04	
1.590387e-02	8.845918e-05	
1.858023e-02	9.349361e-05	
1.524443e-02	5.504997e-05	
1.577043e-02	8.084749e-05	
1.680703e-02	9.528526e-05	
1.706419e-02	1.034553e-04	
1.588924e-02	2.829124e-05	
1.510039e-02	4.580719e-05	
1.610505e-02	1.753546e-05	
1.722624e-02	2.872730e-05	
1.651987e-02	2.877134e-05	
1.529231e-02	4.234359e-06	
1.841261e-02	5.018207e-05	
1.605991e-02	2.515397e-05	
1.801673e-02	6.062634e-06	
1.912636e-02	3.222245e-05	
1.804140e-02	6.469150e-06	
1.755306e-02	2.265485e-05	
1.923947e-02	2.993107e-07	
1.612800e-02	4.746390e-05	
1.695416e-02	4.077701e-05	
1.776042e-02	6.289476e-05	
2.083167e-02	4.590226e-05	
1.660247e-02	5.254956e-05	
1.365716e-02	6.910120e-05	
1.538996e-02	5.932037e-05	
1.631160e-02	9.222116e-05	
1.804475e-02	6.706384e-05	
1.536454e-02	4.862304e-05	
1.954792e-02	9.503868e-05	
1.728239e-02	9.217981e-05	
1.713767e-02	8.541340e-05	
1.648464e-02	1.281853e-04	
1.770278e-02	9.731471e-05	
1.835969e-02	1.252294e-04	
1.744282e-02	1.037428e-04	
1.807890e-02	1.094804e-04	
1.982785e-02	9.580952e-05	
1.933471e-02	8.602688e-05	
1.793605e-02	6.937334e-05	
1.537102e-02	1.361186e-04	
1.890303e-02	5.843064e-05	
1.850520e-02	7.408221e-05	
1.866714e-02	8.687578e-05	
1.861872e-02	2.297778e-06	
2.051791e-02	1.199081e-05	
1.477497e-02	3.908662e-05	
1.511110e-02	5.989580e-05	
1.506559e-02	8.139530e-06	
1.756326e-02	2.408765e-05	
1.646587e-02	5.875156e-05	
1.633154e-02	5.978555e-05	
1.690528e-02	2.285319e-05	
1.937475e-02	1.750022e-05	
1.713251e-02	3.709838e-05	
1.823072e-02	2.107550e-05	
1.926487e-02	1.636557e-05	
1.925719e-02	4.059433e-05	
1.848921e-02	3.253205e-05	
1.767950e-02	7.919466e-05	
1.907999e-02	8.226018e-05	
1.826794e-02	5.509589e-05	
1.718036e-02	6.524212e-05	
1.640039e-02	9.197010e-05	
1.586622e-02	4.622676e-05	
1.693003e-02	9.043299e-05	
1.802550e-02	8.938467e-05	
1.648584e-02	9.859469e-05	
1.899030e-02	1.102873e-04	
1.475038e-02	9.492136e-05	
1.488907e-02	9.090319e-05	
1.641521e-02	1.025045e-04	
1.733528e-02	8.635373e-05	
1.735879e-02	9.256414e-05	
1.581028e-02	4.141370e-05	
1.861812e-02	1.822457e-04	
1.901090e-02	1.155167e-04	
1.752342e-02	7.116176e-05	
1.758698e-02	7.550471e-05	
1.837729e-02	6.929126e-05	
1.966468e-02	9.380720e-05	
1.913257e-02	8.557129e-05	
1.296778e-02	2.150912e-05	
1.902248e-02	3.671376e-05	
1.956244e-02	4.006585e-05	
1.729445e-02	2.280192e-05	
1.944453e-02	2.140272e-05	
1.933193e-02	5.678283e-05	
1.703411e-02	5.093093e-05	
1.762091e-02	2.764106e-05	
1.395383e-02	2.625525e-05	
1.642796e-02	4.284927e-05	
1.683704e-02	2.935395e-05	
1.922118e-02	5.478925e-05	
1.928670e-02	5.729220e-05	
1.609332e-02	2.648059e-05	
1.836892e-02	5.755292e-05	
1.742868e-02	5.138107e-05	
1.824122e-02	8.613560e-05	
1.755661e-02	5.029989e-05	
1.510833e-02	6.607705e-05	
2.096339e-02	4.559594e-05	
1.558074e-02	6.034131e-05	
2.085588e-02	7.961574e-05	
1.858735e-02	8.862208e-05	
1.751903e-02	4.400962e-05	
1.884268e-02	1.237368e-04	
1.847596e-02	1.026528e-04	
1.871216e-02	1.053576e-04	
1.614244e-02	1.013301e-04	
2.097290e-02	9.198411e-05	
1.904898e-02	2.037070e-05	
1.618024e-02	1.418468e-04	
1.882740e-02	8.770705e-05	
1.912708e-02	1.072276e-04	
1.595258e-02	5.626591e-05	
1.606717e-02	7.187180e-05	
1.929925e-02	8.033889e-05	
1.480280e-02	1.036934e-04	
1.689399e-02	1.055987e-04	
1.677593e-02	3.438061e-05	
1.663172e-02	3.419306e-05	
1.711457e-02	2.337331e-05	
1.673809e-02	2.066470e-05	
1.694272e-02	1.454974e-05	
1.889015e-02	4.661551e-05	
1.766701e-02	1.207839e-05	
1.661725e-02	2.523233e-05	
1.792672e-02	3.216581e-05	
1.681770e-02	2.222752e-05	
1.876582e-02	3.024724e-05	
1.522145e-02	6.223686e-05	
1.747165e-02	5.524990e-05	
1.692082e-02	6.160014e-05	
1.853590e-02	5.771844e-05	
1.806541e-02	7.841467e-05	
1.863425e-02	6.592216e-05	
1.632425e-02	3.327857e-05	
1.851646e-02	1.354674e-05	
1.723724e-02	5.345646e-05	
1.875441e-02	3.453127e-05	
1.432911e-02	7.004995e-05	
1.445661e-02	9.126470e-05	
1.652253e-02	4.015713e-05	
1.574988e-02	1.056197e-04	
1.621594e-02	1.106297e-04	
1.514291e-02	8.282528e-05	
1.884439e-02	8.441503e-05	
1.922798e-02	1.277974e-04	
1.761438e-02	1.205249e-04	
1.717744e-02	8.862522e-05	
1.990896e-02	1.488491e-04	
1.406811e-02	9.752375e-05	
2.036098e-02	1.230242e-04	
1.484854e-02	8.215897e-05	
1.913496e-02	7.622503e-05	
1.804878e-02	6.987645e-05	
1.841978e-02	6.042029e-05	
1.923107e-02	3.056013e-05	
1.788657e-02	5.656629e-05	
1.414948e-02	3.089463e-05	
1.957203e-02	4.265799e-06	
1.942352e-02	4.331914e-05	
1.983307e-02	1.969011e-05	
2.060265e-02	3.197251e-05	
2.059624e-02	4.527401e-05	
1.876326e-02	4.052787e-05	
1.988213e-02	4.029340e-05	
1.695835e-02	6.579315e-05	
1.693366e-02	4.199967e-05	
1.862925e-02	4.763543e-05	
1.899855e-02	4.070690e-05	
1.860255e-02	6.013240e-05	
1.793000e-02	7.862471e-05	
1.932926e-02	6.046035e-05	
1.841694e-02	5.171222e-05	
1.610568e-02	4.897532e-05	
1.837915e-02	9.059602e-05	
1.837143e-02	7.206510e-05	
1.926061e-02	8.007960e-05	
1.842840e-02	5.937097e-05	
2.025723e-02	7.746925e-05	
1.668201e-02	8.594309e-05	
1.653953e-02	1.091456e-04	
1.783538e-02	6.121473e-05	
1.400108e-02	1.018888e-04	
1.652412e-02	1.556171e-04	
1.604744e-02	3.281376e-05	
1.759339e-02	2.098019e-04	
1.866537e-02	1.496062e-04	
1.655433e-02	1.021400e-04	
1.703754e-02	7.806008e-05	
1.678320e-02	3.827671e-05	
1.996117e-02	8.358002e-06	
1.705851e-02	6.866657e-05	
1.899818e-02	4.716934e-05	
1.665583e-02	3.171599e-05	
1.741018e-02	5.764591e-05	
1.840726e-02	1.307371e-05	
1.302070e-02	1.133960e-05	
2.074536e-02	5.745348e-05	
2.063343e-02	4.429654e-05	
1.691966e-02	4.778927e-05	
1.644175e-02	4.733513e-05	
1.545889e-02	4.589824e-05	
1.941052e-02	4.969322e-05	
2.024322e-02	6.929137e-05	
1.914943e-02	3.101771e-05	
1.888120e-02	2.636497e-05	
1.798283e-02	7.352746e-05	
1.879441e-02	8.178945e-05	
1.857254e-02	6.067090e-05	
1.939376e-02	7.029707e-05	
1.927279e-02	8.217010e-05	
1.512729e-02	6.724944e-05	
1.814384e-02	7.303769e-05	
2.001893e-02	9.443167e-05	
1.991580e-02	8.432156e-05	
1.470812e-02	1.370597e-04	
1.844317e-02	6.980208e-05	
1.897996e-02	1.126484e-04	
1.740549e-02	1.250444e-04	
1.851200e-02	1.059006e-04	
1.842799e-02	4.089510e-05	
1.508945e-02	1.160828e-04	
1.762386e-02	6.866708e-05	
1.676928e-02	6.743141e-05	
1.933800e-02	8.247572e-05	
1.678877e-02	1.176379e-04	
1.816915e-02	6.746608e-05	
1.777795e-02	2.151193e-05	
1.684131e-02	4.564205e-05	
1.432144e-02	2.280901e-05	
1.864391e-02	2.251832e-05	
1.657033e-02	3.374507e-05	
1.650636e-02	4.065674e-05	
1.833887e-02	8.420273e-06	
1.558761e-02	2.696743e-05	
1.834123e-02	2.304976e-05	
1.535526e-02	5.634252e-05	
1.688003e-02	3.808847e-05	
1.587829e-02	4.741312e-05	
1.652783e-02	2.266260e-05	
1.812281e-02	6.985713e-05	
1.755602e-02	6.903445e-05	
1.857587e-02	4.454681e-05	
1.660028e-02	6.332081e-05	
1.645929e-02	5.534868e-05	
1.601529e-02	8.168494e-05	
1.592564e-02	7.737339e-05	
1.840671e-02	6.563291e-05	
1.889789e-02	8.540318e-05	
1.828734e-02	6.945128e-05	
1.417310e-02	7.842037e-05	
2.149718e-02	6.341368e-05	
1.783611e-02	7.080534e-05	
1.863844e-02	9.466607e-05	
1.854555e-02	1.321955e-04	
1.927305e-02	9.130022e-05	
1.875824e-02	1.206775e-04	
1.751973e-02	2.634686e-05	
1.841572e-02	5.755072e-05	
1.928595e-02	1.134649e-04	
1.658623e-02	1.175956e-04	
1.908164e-02	2.063881e-04	
1.818607e-02	1.353277e-04	
1.692073e-02	6.398417e-05	
1.752063e-02	5.303222e-05	
1.490103e-02	5.577811e-05	
1.911783e-02	4.582712e-05	
1.548992e-02	7.489051e-05	
1.834413e-02	5.608374e-05	
1.852872e-02	5.773950e-05	
2.000899e-02	1.612349e-05	
1.803035e-02	2.088224e-05	
1.671986e-02	3.168232e-05	
1.660253e-02	3.040029e-05	
1.267204e-02	1.538408e-05	
1.739361e-02	5.413007e-05	
1.849377e-02	4.282114e-05	
1.943798e-02	5.700082e-05	
1.525166e-02	7.406867e-05	
1.650206e-02	6.804683e-05	
1.505110e-02	5.317029e-05	
1.725545e-02	6.818533e-05	
1.583145e-02	5.925522e-05	
1.736880e-02	5.284721e-05	
1.702206e-02	7.196671e-05	
1.750637e-02	9.094932e-05	
1.630682e-02	7.159156e-05	
1.679807e-02	5.755171e-05	
1.619785e-02	8.094709e-05	
1.862333e-02	7.816232e-05	
1.747186e-02	7.462752e-05	
1.685080e-02	9.493490e-05	
1.823806e-02	6.926351e-05	
1.517221e-02	5.659135e-05	
1.680925e-02	7.326865e-05	
1.661865e-02	6.492393e-05	
2.089544e-02	7.748513e-05	
1.835144e-02	1.418921e-04	
1.809126e-02	2.190348e-04	
1.749511e-02	2.503548e-04	
1.872691e-02	1.842825e-04	
1.500174e-02	1.207267e-04	
1.684926e-02	4.693172e-05	
1.518786e-02	2.772797e-05	
1.393281e-02	4.091690e-05	
1.685686e-02	6.050439e-05	
1.836279e-02	4.972797e-05	
1.919420e-02	3.922802e-05	
1.594395e-02	3.272367e-05	
1.681954e-02	5.549147e-06	
1.633991e-02	6.188976e-05	
1.688804e-02	4.187901e-05	
1.790455e-02	4.076467e-05	
1.716363e-02	2.844728e-05	
1.684623e-02	6.142415e-05	
1.902718e-02	5.281505e-05	
1.618803e-02	4.528312e-05	
1.650153e-02	4.206094e-05	
1.554159e-02	5.794282e-05	
1.628962e-02	3.535553e-05	
1.796848e-02	5.896294e-05	
1.755363e-02	5.357571e-05	
1.821878e-02	7.418612e-05	
1.792387e-02	9.125157e-05	
1.775285e-02	8.271679e-05	
1.911876e-02	9.266250e-05	
1.454211e-02	9.584566e-05	
1.688049e-02	6.764655e-05	
1.709753e-02	1.087538e-04	
1.778209e-02	1.017425e-04	
1.804123e-02	8.236965e-05	
1.560917e-02	3.589697e-05	
1.910355e-02	7.327754e-05	
2.006315e-02	8.707500e-05	
1.815704e-02	7.531073e-05	
1.630357e-02	5.940774e-05	
1.644883e-02	2.898086e-04	
1.805997e-02	2.714023e-05	
1.784630e-02	1.182241e-04	
1.578922e-02	1.331056e-04	
1.602920e-02	1.148778e-04	
1.739814e-02	5.110516e-05	
1.922136e-02	3.776428e-05	
1.673479e-02	7.409347e-05	
1.898354e-02	2.544519e-05	
1.998447e-02	2.875493e-05	
2.041499e-02	3.880468e-05	
1.696395e-02	4.299535e-05	
1.659185e-02	4.012491e-05	
1.811569e-02	6.551586e-05	
1.570121e-02	1.739796e-05	
1.507547e-02	3.325977e-05	
1.784412e-02	1.375641e-05	
2.043873e-02	5.004682e-05	
1.688367e-02	3.575472e-05	
1.714812e-02	3.588964e-05	
1.672040e-02	5.021932e-05	
1.855930e-02	4.996179e-05	
1.895050e-02	3.654343e-05	
1.872877e-02	5.010301e-05	
2.140293e-02	4.502915e-05	
1.895484e-02	8.808185e-05	
1.951786e-02	9.253527e-05	
1.620900e-02	5.920234e-05	
1.679475e-02	6.810608e-05	
1.821248e-02	8.038896e-05	
1.785402e-02	8.896213e-05	
1.692672e-02	7.572278e-05	
1.562332e-02	8.747565e-05	
1.563069e-02	7.498162e-05	
1.812543e-02	4.865426e-05	
1.955945e-02	8.591364e-05	
1.914233e-02	5.755617e-05	
1.607992e-02	8.166731e-05	
1.817951e-02	6.569199e-05	
2.104532e-02	2.061983e-04	
1.707374e-02	1.428011e-04	
1.742356e-02	8.867616e-05	
1.565993e-02	1.084257e-04	
1.684284e-02	3.453175e-05	
1.785829e-02	4.167733e-05	
1.700006e-02	7.141306e-05	
1.882590e-02	6.128484e-05	
1.762492e-02	4.260892e-05	
1.867487e-02	3.690540e-05	
1.927521e-02	3.392308e-05	
1.680693e-02	3.224119e-05	
1.701742e-02	4.494960e-05	
1.912345e-02	2.034968e-05	
1.928914e-02	3.607700e-06	
1.597498e-02	2.699379e-05	
1.813429e-02	5.938908e-05	
1.786539e-02	6.657211e-05	
1.752698e-02	6.752285e-05	
1.700482e-02	8.844426e-05	
1.828374e-02	7.477465e-05	
1.687727e-02	6.099980e-05	
1.754566e-02	5.652244e-05	
1.448432e-02	6.580454e-05	
1.847646e-02	5.758067e-05	
1.860239e-02	6.037725e-05	
1.846766e-02	7.682196e-05	
1.803654e-02	5.640522e-05	
1.739259e-02	9.044228e-05	
1.898909e-02	8.052944e-05	
1.737591e-02	8.116254e-05	
1.711134e-02	7.592472e-05	
1.680745e-02	8.785749e-05	
1.695300e-02	1.317657e-04	
1.793231e-02	1.974884e-05	
1.747788e-02	2.964611e-05	
1.903665e-02	4.033643e-05	
1.800033e-02	1.998773e-04	
1.852230e-02	1.687982e-04	
1.754993e-02	1.224794e-04	
1.919524e-02	5.305018e-05	
1.491997e-02	6.648581e-05	
1.774915e-02	6.206322e-05	
1.628248e-02	7.235273e-05	
1.501450e-02	1.078973e-04	
1.698213e-02	5.424114e-05	
1.505100e-02	6.257598e-05	
1.699917e-02	2.688795e-05	
1.418672e-02	2.747751e-05	
1.717087e-02	4.139931e-05	
1.598202e-02	3.538929e-05	
1.532081e-02	3.436577e-05	
1.619905e-02	3.910938e-05	
1.690969e-02	3.179029e-05	
1.943713e-02	5.493892e-05	
1.621072e-02	5.012316e-05	
1.551578e-02	7.571965e-05	
1.708003e-02	8.353785e-05	
1.622616e-02	7.837734e-05	
1.821627e-02	8.438781e-05	
1.657824e-02	6.989125e-05	
1.785131e-02	7.259894e-05	
1.917355e-02	4.819065e-05	
1.669167e-02	8.060423e-05	
1.757222e-02	7.880406e-05	
1.911102e-02	6.425534e-05	
1.862185e-02	4.778679e-05	
1.680097e-02	8.030418e-05	
1.937423e-02	8.183322e-05	
2.040712e-02	1.092485e-04	
1.625356e-02	7.385479e-05	
1.556355e-02	2.363749e-05	
1.838225e-02	6.028447e-05	
1.810408e-02	5.174022e-05	
2.003448e-02	1.277815e-04	
1.812254e-02	2.255304e-04	
1.953701e-02	4.611655e-06	
1.655492e-02	1.382405e-04	
1.763751e-02	9.499194e-05	
1.868455e-02	1.478468e-04	
1.873566e-02	5.901115e-05	
1.888839e-02	9.353847e-05	
1.618455e-02	6.251897e-05	
1.774627e-02	7.672206e-05	
1.827088e-02	4.485711e-05	
1.509922e-02	3.375250e-05	
1.663123e-02	5.875959e-05	
1.840427e-02	4.680485e-05	
1.575680e-02	5.589675e-05	
2.017379e-02	4.886968e-05	
1.590772e-02	5.128750e-05	
1.746905e-02	6.641557e-05	
1.691103e-02	6.205571e-05	
1.862595e-02	6.492053e-05	
1.804995e-02	7.962350e-05	
1.938634e-02	6.782736e-05	
1.850308e-02	6.669866e-05	
2.022455e-02	5.524050e-05	
1.604832e-02	7.172630e-05	
1.876338e-02	6.582106e-05	
1.882899e-02	7.144600e-05	
1.683917e-02	6.975723e-05	
1.957363e-02	8.597128e-05	
2.116477e-02	8.332862e-05	
1.652014e-02	7.057363e-05	
1.826206e-02	4.637793e-05	
1.669775e-02	8.564873e-05	
1.825972e-02	9.258823e-05	
1.704056e-02	5.624992e-05	
1.727840e-02	5.523874e-05	
1.939009e-02	7.743997e-05	
1.569801e-02	1.259676e-04	
1.712519e-02	1.767714e-04	
1.870098e-02	2.848800e-04	
1.939789e-02	2.575161e-04	
1.655123e-02	1.336174e-04	
1.762508e-02	6.472480e-05	
1.717943e-02	9.921486e-05	
2.085490e-02	8.592576e-05	
1.870132e-02	9.020672e-05	
1.854774e-02	8.599430e-05	
1.884161e-02	7.468139e-05	
1.831436e-02	5.997343e-05	
1.676640e-02	6.318971e-05	
1.568921e-02	4.681922e-05	
1.786714e-02	4.687181e-05	
1.847844e-02	2.982798e-05	
1.813479e-02	3.744903e-05	
1.643247e-02	6.204405e-05	
1.903650e-02	6.652520e-05	
2.003488e-02	6.660748e-05	
1.749556e-02	8.545634e-05	
1.699480e-02	7.201895e-05	
1.887187e-02	7.291599e-05	
1.669007e-02	9.032629e-05	
1.679258e-02	6.667731e-05	
1.781624e-02	8.407439e-05	
1.801540e-02	7.721977e-05	
1.855950e-02	7.269684e-05	
1.777165e-02	5.485527e-05	
1.674051e-02	8.398860e-05	
1.931987e-02	9.577614e-05	
1.817000e-02	5.956128e-05	
1.492358e-02	6.037963e-05	
1.714807e-02	5.499693e-05	
1.719434e-02	6.233826e-05	
1.622974e-02	2.724936e-05	
1.622613e-02	6.915567e-05	
1.464934e-02	1.300991e-04	
1.649746e-02	1.648037e-04	
1.943120e-02	2.123711e-04	
1.865494e-02	7.686800e-05	
1.672060e-02	2.314370e-04	
1.555622e-02	1.587314e-04	
1.656888e-02	4.671658e-05	
1.603028e-02	9.380102e-05	
2.170530e-02	5.114343e-06	
1.896719e-02	1.038944e-04	
1.728516e-02	9.372153e-05	
1.492083e-02	8.019263e-05	
1.888505e-02	6.566519e-05	
1.699128e-02	7.193745e-05	
1.649802e-02	5.244472e-05	
1.913058e-02	2.586772e-05	
1.760670e-02	2.284358e-05	
1.727495e-02	4.613094e-05	
1.763378e-02	3.338356e-05	
1.954802e-02	4.541654e-05	
1.791859e-02	8.303053e-05	
1.857304e-02	7.246236e-05	
1.761341e-02	5.394848e-05	
1.803334e-02	6.036904e-05	
1.971587e-02	8.369057e-05	
1.853889e-02	7.659781e-05	
1.839637e-02	8.451608e-05	
1.374313e-02	7.156782e-05	
1.744825e-02	6.810726e-05	
1.753286e-02	5.490016e-05	
1.406470e-02	7.071156e-05	
1.844647e-02	6.176475e-05	
1.351745e-02	5.145381e-05	
1.758725e-02	6.263278e-05	
1.889715e-02	6.667519e-05	
1.827977e-02	6.056430e-05	
1.810403e-02	5.894166e-05	
1.544041e-02	1.153215e-04	
1.765013e-02	1.300310e-04	
1.796204e-02	2.228157e-04	
1.905486e-02	1.865878e-04	
1.721313e-02	2.739793e-04	
1.848338e-02	1.633561e-04	
1.894647e-02	1.018933e-04	
1.851811e-02	1.007286e-04	
1.608791e-02	8.282795e-05	
1.901269e-02	9.822792e-05	
2.025289e-02	6.775649e-05	
1.732471e-02	1.172168e-04	
1.463951e-02	4.715689e-05	
1.814424e-02	3.671427e-05	
1.808100e-02	7.859582e-05	
1.710739e-02	4.167612e-05	
1.730335e-02	2.230395e-05	
1.511602e-02	2.904630e-05	
1.652740e-02	2.812775e-05	
2.061370e-02	3.566667e-05	
1.801437e-02	3.309116e-05	
1.442240e-02	4.561513e-05	
1.861406e-02	7.989391e-05	
1.929844e-02	5.725551e-05	
1.936341e-02	5.368072e-05	
1.761604e-02	6.654632e-05	
1.835296e-02	7.925477e-05	
1.802920e-02	7.337636e-05	
1.758667e-02	6.091447e-05	
1.814846e-02	1.005619e-04	
1.873844e-02	7.499439e-05	
1.682266e-02	9.302467e-05	
1.445798e-02	9.380568e-05	
1.697265e-02	7.276456e-05	
2.008435e-02	6.688792e-05	
2.068409e-02	6.763451e-05	
1.740877e-02	7.971016e-05	
1.908907e-02	9.317198e-05	
2.071294e-02	1.443513e-04	
1.589825e-02	1.437353e-04	
1.828004e-02	1.596757e-04	
1.449271e-02	2.443325e-04	
2.252403e-02	2.921617e-04	
1.804919e-02	3.337884e-04	
1.911005e-02	1.663138e-04	
1.724481e-02	2.206666e-04	
1.720492e-02	1.042907e-04	
1.851082e-02	3.406730e-05	
1.851464e-02	8.985972e-05	
1.773752e-02	9.415930e-05	
1.683559e-02	4.462835e-05	
1.612322e-02	5.003477e-05	
1.586376e-02	4.145241e-05	
1.741094e-02	3.242116e-05	
1.757886e-02	3.016728e-05	
1.697582e-02	1.499214e-05	
1.757815e-02	2.015076e-05	
1.725899e-02	2.867760e-05	
1.887387e-02	4.387618e-05	
1.874437e-02	6.754485e-05	
2.173648e-02	7.835505e-05	
1.577338e-02	5.178053e-05	
1.765467e-02	3.400705e-05	
1.688470e-02	5.224506e-05	
1.693724e-02	7.570597e-05	
1.771073e-02	8.308683e-05	
1.815301e-02	9.448840e-05	
1.418375e-02	8.205253e-05	
1.831097e-02	1.153090e-04	
2.038367e-02	7.798005e-05	
1.670480e-02	1.074536e-04	
2.000364e-02	6.958529e-05	
1.696304e-02	8.411262e-05	
1.624649e-02	9.615397e-05	
1.837010e-02	7.244724e-05	
1.829167e-02	1.207114e-04	
1.685672e-02	1.633772e-04	
1.659610e-02	1.202225e-04	
1.625488e-02	1.976968e-04	
1.725243e-02	2.322487e-04	
2.024513e-02	1.322509e-04	
1.580923e-02	1.907084e-04	
1.505505e-02	1.705340e-04	
1.829429e-02	1.252540e-04	
1.456047e-02	8.329048e-05	
1.663602e-02	5.578795e-05	
1.787987e-02	6.653818e-05	
1.760910e-02	1.061629e-04	
1.654308e-02	4.320874e-05	
1.640697e-02	5.297724e-05	
1.686460e-02	4.626077e-05	
1.600503e-02	5.741120e-05	
1.951985e-02	5.084147e-05	
1.747688e-02	5.610432e-05	
1.958761e-02	3.441121e-05	
1.616224e-02	2.440000e-05	
1.884996e-02	5.129894e-05	
1.696638e-02	5.547899e-05	
1.792996e-02	6.295551e-05	
1.837107e-02	5.649719e-05	
1.874294e-02	6.361956e-05	
1.842624e-02	5.585955e-05	
1.816481e-02	5.053094e-05	
1.856847e-02	6.027442e-05	
1.778026e-02	6.564333e-05	
1.952623e-02	8.011350e-05	
1.492560e-02	6.586611e-05	
1.653389e-02	8.615198e-05	
1.837185e-02	7.346181e-05	
1.745337e-02	6.219276e-05	
1.906795e-02	7.206999e-05	
1.748214e-02	7.708684e-05	
1.764545e-02	9.496888e-05	
1.653007e-02	8.277480e-05	
1.876701e-02	1.326140e-04	
1.719444e-02	1.247035e-04	
1.908365e-02	2.251650e-04	
1.908832e-02	2.438574e-04	
1.845888e-02	1.998836e-04	
2.102956e-02	2.292746e-04	
1.765924e-02	1.134540e-04	
1.670657e-02	1.716422e-04	
1.498847e-02	1.053415e-04	
1.778055e-02	9.129132e-05	
1.615032e-02	1.011670e-04	
1.683577e-02	6.882341e-05	
1.693941e-02	6.565861e-05	
1.702272e-02	6.512427e-05	
1.881154e-02	7.929729e-05	
1.575167e-02	5.380816e-05	
2.102747e-02	6.883879e-05	
1.674027e-02	4.930672e-05	
1.529123e-02	4.109811e-05	
1.566077e-02	1.914819e-05	
1.769713e-02	4.580297e-05	
1.899957e-02	3.492634e-05	
1.660682e-02	4.095419e-05	
1.776066e-02	5.234078e-05	
1.585758e-02	4.973779e-05	
1.823799e-02	3.602887e-05	
1.707067e-02	4.414812e-05	
1.959025e-02	3.550388e-05	
1.889101e-02	5.966005e-05	
1.394812e-02	7.006910e-05	
1.737188e-02	7.941340e-05	
1.715662e-02	4.048797e-05	
1.756020e-02	7.078704e-05	
1.816759e-02	4.687868e-05	
1.410100e-02	8.877373e-05	
1.787957e-02	5.960000e-05	
1.714818e-02	8.204591e-05	
1.746165e-02	1.912969e-05	
1.457748e-02	1.360393e-04	
1.526069e-02	8.712102e-05	
1.748105e-02	1.664657e-04	
1.551189e-02	2.484737e-04	
1.537479e-02	2.575767e-04	
1.962616e-02	2.423164e-04	
1.724354e-02	2.227618e-04	
1.747213e-02	1.620411e-04	
1.794454e-02	8.879443e-05	
1.730780e-02	3.492309e-05	
1.780420e-02	5.267289e-05	
1.579179e-02	5.364206e-05	
1.868250e-02	1.929679e-05	
1.571801e-02	6.885258e-05	
1.659229e-02	4.079002e-05	
1.778214e-02	2.602025e-06	
1.752046e-02	3.000761e-05	
1.835646e-02	2.775417e-05	
1.805174e-02	3.470133e-05	
1.930925e-02	2.539561e-05	
1.898134e-02	2.889636e-05	
1.884831e-02	1.083807e-05	
1.930224e-02	3.383752e-05	
1.889363e-02	6.567935e-05	
1.539848e-02	5.809336e-05	
1.680378e-02	5.387344e-05	
1.766524e-02	6.832624e-05	
1.744567e-02	7.707956e-05	
1.772648e-02	7.803846e-05	
1.834950e-02	8.995105e-05	
1.877741e-02	9.146877e-05	
1.849111e-02	5.650569e-05	
1.827605e-02	7.195901e-05	
1.462257e-02	8.732193e-05	
1.701863e-02	7.368976e-05	
1.577561e-02	2.987327e-05	
1.798858e-02	3.194680e-05	
2.033483e-02	4.583099e-05	
1.943245e-02	1.121512e-04	
1.660097e-02	1.346723e-04	
1.871693e-02	1.493438e-04	
1.879056e-02	2.127578e-04	
1.559769e-02	1.561964e-04	
1.893105e-02	1.629098e-04	
1.715583e-02	1.618389e-04	
1.651635e-02	6.274051e-05	
1.825760e-02	1.109685e-04	
1.612740e-02	4.459676e-05	
1.567602e-02	2.053680e-05	
1.530147e-02	7.089634e-06	
1.866835e-02	3.353236e-05	
1.845729e-02	1.712457e-05	
1.862334e-02	3.505567e-05	
1.696226e-02	8.928571e-06	
1.775064e-02	2.748181e-05	
1.826518e-02	6.449236e-05	
1.882953e-02	5.202690e-05	
1.628279e-02	5.161525e-05	
1.784028e-02	1.687346e-05	
1.882859e-02	2.767374e-05	
1.655411e-02	2.422802e-05	
1.759875e-02	5.017172e-05	
1.702692e-02	7.415125e-05	
1.818885e-02	6.289577e-05	
1.879624e-02	6.331123e-05	
1.346691e-02	6.683733e-05	
1.634679e-02	6.283431e-05	
1.966975e-02	8.616835e-05	
1.650483e-02	4.429662e-05	
1.569795e-02	5.545640e-05	
1.972929e-02	7.778679e-05	
1.707860e-02	1.042710e-04	
1.914380e-02	3.324768e-05	
1.542539e-02	6.736982e-05	
1.527263e-02	7.783568e-05	
1.449088e-02	9.053433e-05	
1.982784e-02	1.091943e-04	
1.761368e-02	9.289866e-05	
1.483849e-02	1.602120e-04	
1.942203e-02	1.286431e-04	
1.904431e-02	7.385840e-05	
1.915707e-02	4.489156e-04	
2.008260e-02	1.612166e-04	
1.449371e-02	9.734899e-05	
1.920627e-02	6.063817e-05	
1.589132e-02	2.521510e-05	
1.612003e-02	3.515051e-05	
1.587573e-02	4.845121e-05	
2.062153e-02	2.384139e-05	
1.782760e-02	1.514187e-05	
2.043488e-02	5.500091e-05	
1.418729e-02	6.462592e-05	
1.984456e-02	5.905962e-05	
1.451032e-02	4.801485e-05	
2.055100e-02	4.340322e-05	
1.335489e-02	3.724549e-05	
1.492226e-02	4.054480e-05	
1.483406e-02	2.325668e-05	
1.450914e-02	2.551650e-05	
1.919328e-02	2.464994e-05	
1.956481e-02	7.141786e-05	
1.843068e-02	7.436417e-05	
1.655385e-02	6.766547e-05	
1.531380e-02	7.666123e-05	
2.053389e-02	4.171551e-05	
1.625272e-02	3.340047e-05	
1.742117e-02	5.266731e-05	
1.841462e-02	6.634922e-05	
1.601998e-02	5.579334e-05	
1.598708e-02	3.906208e-05	
1.941171e-02	3.111195e-05	
1.707779e-02	6.000895e-05	
1.742962e-02	8.751856e-05	
1.450584e-02	8.055104e-05	
1.586413e-02	6.635434e-05	
1.733106e-02	1.095038e-04	
1.597516e-02	1.582599e-04	
1.865329e-02	1.888829e-04	
1.828311e-02	1.524493e-04	
1.762954e-02	3.912837e-04	
1.740011e-02	1.862829e-04	
1.544302e-02	7.621902e-05	
1.707340e-02	3.465003e-05	
1.798091e-02	3.237214e-05	
1.712090e-02	6.368145e-06	
1.799337e-02	5.686921e-05	
1.827993e-02	7.486472e-05	
1.762158e-02	5.452378e-05	
1.962117e-02	5.571010e-05	
1.827030e-02	3.727925e-05	
1.847359e-02	3.158410e-05	
1.963037e-02	1.901915e-05	
1.793141e-02	2.054187e-05	
1.849531e-02	2.435309e-05	
1.804424e-02	3.107721e-05	
1.772243e-02	8.070375e-06	
1.693299e-02	1.118854e-05	
1.917318e-02	1.676632e-05	
1.783215e-02	4.888160e-05	
1.866191e-02	4.740951e-05	
1.754051e-02	5.323081e-05	
1.809144e-02	2.962497e-05	
1.747964e-02	2.213679e-05	
1.773244e-02	3.722248e-05	
1.879882e-02	4.352624e-05	
1.769065e-02	3.004408e-05	
1.793415e-02	3.925404e-05	
1.630768e-02	2.500788e-05	
1.711521e-02	3.319021e-05	
1.742597e-02	5.382533e-05	
1.825289e-02	7.634710e-05	
1.801468e-02	1.790796e-05	
1.628276e-02	1.602417e-05	
1.738835e-02	6.704869e-05	
1.670173e-02	1.457130e-04	
1.931924e-02	1.278072e-04	
1.853346e-02	2.149465e-04	
1.935884e-02	3.156896e-04	
1.727089e-02	1.957595e-04	
1.755817e-02	7.687818e-05	
1.676271e-02	7.839632e-05	
1.586631e-02	6.542671e-05	
1.614715e-02	1.407258e-05	
1.725978e-02	5.321951e-05	
1.983418e-02	4.347431e-05	
1.715909e-02	4.611301e-05	
1.736541e-02	5.411408e-05	
1.675395e-02	3.012289e-05	
1.646931e-02	3.206434e-05	
1.699366e-02	1.435198e-05	
1.647812e-02	2.523582e-05	
1.608403e-02	3.399617e-05	
1.636568e-02	2.614245e-05	
1.763555e-02	1.033454e-05	
1.482771e-02	1.384604e-05	
1.616218e-02	4.567673e-05	
1.824033e-02	1.991785e-05	
1.794036e-02	6.475213e-05	
1.693590e-02	4.092433e-05	
1.624729e-02	4.933134e-05	
1.749550e-02	5.081081e-05	
1.725822e-02	4.149175e-05	
1.779721e-02	6.034395e-05	
1.586170e-02	5.072269e-05	
1.764646e-02	1.876784e-05	
1.797385e-02	4.661343e-05	
1.645249e-02	4.383643e-05	
1.737889e-02	6.533894e-05	
1.872249e-02	6.885482e-05	
1.714260e-02	4.509575e-05	
1.580450e-02	2.533338e-05	
2.044512e-02	3.433303e-05	
1.849237e-02	1.231467e-04	
1.810042e-02	1.462284e-04	
1.746974e-02	2.737067e-04	
1.644373e-02	1.669260e-04	
1.533495e-02	1.831550e-04	
1.860861e-02	1.045937e-04	
1.870371e-02	9.713557e-05	
1.502691e-02	5.920332e-05	
1.848680e-02	4.164271e-05	
1.699837e-02	4.867440e-05	
1.633135e-02	5.521039e-05	
1.766011e-02	7.145765e-05	
1.922101e-02	4.816444e-05	
2.017460e-02	2.060979e-05	
1.621605e-02	2.505710e-05	
1.783680e-02	1.147736e-05	
1.652964e-02	1.865191e-05	
1.849052e-02	2.736121e-05	
1.621350e-02	8.857177e-06	
1.398012e-02	2.227993e-05	
1.525007e-02	3.902709e-05	
1.736345e-02	4.090493e-05	
1.912079e-02	5.292220e-05	
1.550119e-02	3.637628e-05	
1.799431e-02	3.530708e-05	
2.015026e-02	6.402424e-05	
1.609279e-02	2.250061e-05	
1.545185e-02	4.000196e-05	
2.003963e-02	2.130674e-05	
1.701245e-02	6.126174e-05	
1.717361e-02	3.321176e-06	
1.872926e-02	2.715546e-06	
1.947971e-02	6.029275e-05	
2.004944e-02	8.342706e-07	
1.730309e-02	3.987587e-05	
1.821597e-02	2.485879e-05	
1.819208e-02	2.965152e-05	
1.758864e-02	9.327392e-05	
1.748132e-02	1.724226e-04	
1.663862e-02	8.643471e-05	
1.834792e-02	8.849665e-05	
1.518671e-02	3.485417e-04	
1.546052e-02	1.480392e-04	
1.928476e-02	5.582295e-05	
1.659939e-02	9.242628e-05	
1.801620e-02	6.530468e-05	
1.545495e-02	6.725020e-05	
1.724178e-02	3.979164e-05	
1.771324e-02	5.247110e-05	
1.678724e-02	3.589999e-05	
1.800457e-02	1.008034e-05	
1.691470e-02	1.732348e-05	
1.434816e-02	4.406591e-05	
1.614738e-02	2.231478e-05	
1.644652e-02	3.283359e-05	
1.711071e-02	3.133058e-05	
1.427582e-02	1.755586e-05	
1.614982e-02	2.546597e-05	
1.487223e-02	2.611366e-05	
2.028564e-02	3.251128e-05	
1.670871e-02	1.953275e-05	
1.278070e-02	1.794163e-05	
1.997614e-02	2.660765e-05	
1.439152e-02	2.678244e-05	
1.556220e-02	3.219526e-05	
1.765232e-02	1.871270e-05	
1.786288e-02	1.462186e-05	
1.719668e-02	4.998699e-05	
1.621317e-02	1.295526e-05	
1.748635e-02	1.592244e-05	
1.264227e-02	7.336806e-06	
1.714595e-02	2.486151e-05	
1.778333e-02	3.522780e-05	
1.633957e-02	3.715206e-05	
1.506596e-02	8.580216e-06	
1.699959e-02	8.603670e-05	
1.825699e-02	2.134966e-04	
1.525261e-02	1.896726e-04	
1.496329e-02	6.208746e-05	
1.698227e-02	1.273163e-04	
1.487447e-02	2.252686e-04	
1.997911e-02	1.143117e-04	
1.959719e-02	1.426659e-04	
1.893036e-02	9.279799e-05	
1.777621e-02	3.585087e-05	
1.758545e-02	1.919684e-05	
1.530264e-02	2.749110e-06	
1.625574e-02	4.192783e-05	
1.992065e-02	1.379561e-05	
1.481953e-02	3.959136e-05	
1.908697e-02	5.124299e-05	
1.450619e-02	4.531956e-05	
1.550366e-02	5.645322e-05	
1.830945e-02	2.097092e-05	
1.841340e-02	2.250812e-05	
1.722259e-02	3.166694e-05	
1.829201e-02	1.595609e-05	
1.565323e-02	3.877247e-05	
1.841207e-02	5.587208e-05	
1.683420e-02	4.375165e-05	
1.727491e-02	4.953938e-05	
1.788792e-02	3.111737e-05	
1.721690e-02	3.649970e-05	
1.807228e-02	3.512993e-05	
2.005624e-02	2.032434e-05	
1.857380e-02	1.870574e-05	
1.821126e-02	4.005322e-05	
1.861039e-02	1.396790e-05	
1.772564e-02	2.850308e-05	
1.924045e-02	3.212109e-05	
1.982816e-02	3.005385e-05	
1.878967e-02	8.479192e-05	
1.501642e-02	4.403315e-05	
1.973298e-02	8.889272e-05	
1.995571e-02	1.112851e-04	
2.009288e-02	6.032986e-05	
1.562851e-02	2.158867e-04	
1.926716e-02	2.416058e-04	
1.734794e-02	1.952339e-04	
1.806633e-02	1.384226e-04	
1.779060e-02	9.854173e-05	
1.672664e-02	6.227187e-05	
1.740814e-02	4.423983e-06	
1.846258e-02	7.991720e-06	
1.857738e-02	5.313870e-05	
1.376358e-02	4.359219e-05	
1.751530e-02	2.375873e-05	
1.494764e-02	5.108825e-05	
1.800771e-02	2.113277e-05	
1.658004e-02	5.457285e-05	
1.712406e-02	1.855025e-05	
1.797002e-02	3.578882e-05	
1.450616e-02	2.967649e-05	
1.795657e-02	3.082004e-05	
1.834757e-02	5.233442e-05	
1.928694e-02	2.633629e-05	
1.606396e-02	7.760631e-05	
1.957697e-02	6.603934e-05	
1.819844e-02	3.609789e-05	
1.867086e-02	3.867485e-05	
1.574760e-02	4.061568e-05	
1.744323e-02	1.504625e-05	
1.717278e-02	1.631667e-05	
1.858690e-02	2.215782e-05	
1.863792e-02	3.569964e-05	
1.722856e-02	1.253614e-05	
1.625681e-02	1.625648e-06	
1.573867e-02	4.146888e-05	
1.752264e-02	2.592806e-05	
1.907518e-02	8.837839e-05	
1.802224e-02	1.250136e-04	
1.580534e-02	8.144604e-05	
1.839692e-02	1.051242e-04	
1.678345e-02	9.420016e-05	
2.056403e-02	2.294150e-04	
1.575266e-02	1.592642e-04	
1.796691e-02	5.984379e-05	
1.798811e-02	8.161411e-05	
1.575068e-02	5.089602e-05	
1.647461e-02	1.953771e-05	
1.821606e-02	4.524470e-05	
1.815724e-02	5.437431e-05	
2.057472e-02	3.241888e-05	
1.905374e-02	1.960384e-05	
1.662608e-02	3.732719e-05	
1.543884e-02	4.317475e-05	
1.833684e-02	8.073802e-06	
1.917431e-02	1.068479e-05	
1.643880e-02	3.845907e-05	
1.931949e-02	3.176134e-05	
1.795435e-02	1.982609e-05	
1.801708e-02	1.772468e-05	
1.445783e-02	3.397240e-05	
1.861893e-02	4.299292e-05	
1.773073e-02	2.584764e-05	
1.729849e-02	3.816926e-05	
1.705057e-02	3.304540e-05	
1.823448e-02	3.412244e-05	
1.698747e-02	1.779202e-05	
1.775321e-02	3.109845e-05	
1.724625e-02	2.055072e-05	
1.903169e-02	3.387755e-05	
1.731174e-02	3.977701e-06	
1.641906e-02	2.425724e-05	
1.593932e-02	3.027165e-05	
1.667781e-02	1.864864e-05	
1.924377e-02	1.961330e-05	
1.389754e-02	7.516178e-05	
1.803905e-02	3.667773e-05	
1.820517e-02	1.155145e-04	
1.600901e-02	1.559164e-04	
1.649945e-02	1.477755e-04	
1.646635e-02	1.937214e-04	
1.721617e-02	7.375244e-05	
1.962597e-02	1.011018e-04	
1.893610e-02	5.346423e-05	
1.921210e-02	6.577766e-05	
1.466287e-02	7.946166e-05	
1.701350e-02	4.929610e-05	
1.931087e-02	4.467252e-05	
1.891035e-02	2.797150e-06	
1.528665e-02	2.797886e-05	
1.977440e-02	4.216188e-05	
1.816911e-02	3.885274e-05	
1.781473e-02	5.250134e-05	
1.458057e-02	3.487999e-05	
1.635300e-02	2.962337e-05	
1.446020e-02	4.767044e-05	
1.613909e-02	3.660527e-05	
2.117392e-02	2.209050e-05	
1.734337e-02	5.320934e-05	
1.597156e-02	4.768904e-05	
1.796039e-02	1.748856e-05	
1.587246e-02	1.197057e-05	
2.047232e-02	5.667808e-05	
1.712540e-02	3.006212e-05	
1.344221e-02	3.420542e-05	
1.764661e-02	4.669916e-05	
2.084231e-02	2.390508e-05	
1.605694e-02	5.418740e-06	
1.737725e-02	3.136291e-05	
1.938930e-02	2.903057e-06	
1.756355e-02	3.237773e-05	
1.947728e-02	2.697615e-05	
1.652848e-02	5.498709e-05	
1.939080e-02	5.897019e-05	
1.638837e-02	9.382189e-05	
1.801960e-02	7.672751e-05	
1.444814e-02	1.767516e-04	
1.862172e-02	1.827578e-04	
1.601861e-02	2.853953e-04	
1.801241e-02	3.462073e-04	
2.013091e-02	1.353582e-04	
1.468091e-02	7.585675e-05	
1.818638e-02	1.002192e-04	
1.904758e-02	2.002954e-05	
1.474338e-02	3.083848e-05	
1.861878e-02	3.808363e-05	
1.611127e-02	3.704155e-06	
1.642354e-02	5.923319e-05	
2.028315e-02	2.096476e-05	
1.529423e-02	4.789572e-05	
1.708603e-02	2.113089e-05	
1.494158e-02	3.788244e-05	
1.680257e-02	4.037298e-05	
1.414075e-02	4.287654e-05	
1.825877e-02	2.673365e-05	
1.545608e-02	3.054881e-05	
1.899100e-02	2.112637e-05	
1.993889e-02	3.748408e-05	
1.612652e-02	7.549425e-06	
1.771695e-02	7.749002e-06	
1.969641e-02	1.177274e-05	
1.532632e-02	2.959104e-05	
1.666947e-02	3.147097e-05	
1.684147e-02	2.138123e-05	
1.771302e-02	3.104026e-05	
1.817563e-02	1.329836e-05	
1.857855e-02	1.520285e-05	
1.768434e-02	1.258451e-07	
1.451659e-02	2.770970e-05	
1.849919e-02	2.633357e-05	
1.546792e-02	5.435232e-05	
1.765916e-02	1.150387e-04	
1.680471e-02	1.026967e-04	
1.647224e-02	1.457469e-04	
1.607952e-02	1.078065e-04	
1.769843e-02	8.687204e-05	
1.737084e-02	2.405495e-04	
1.779125e-02	2.325083e-05	
2.031677e-02	1.421488e-04	
2.029176e-02	9.994406e-05	
2.107908e-02	9.897036e-05	
1.703529e-02	1.324014e-05	
1.572006e-02	4.772940e-06	
1.697976e-02	6.357452e-06	
1.636752e-02	1.000752e-05	
1.701507e-02	3.049322e-05	
1.632605e-02	1.172720e-05	
1.765363e-02	1.488626e-05	
1.610025e-02	2.102220e-05	
1.452040e-02	2.663122e-05	
1.719027e-02	3.189851e-05	
1.826792e-02	3.549991e-06	
1.780561e-02	3.228100e-05	
1.796550e-02	1.899343e-05	
1.571775e-02	1.825598e-05	
1.751791e-02	1.653567e-05	
1.733272e-02	1.661401e-05	
1.854173e-02	2.115223e-05	
1.858389e-02	8.332601e-06	
1.777046e-02	3.083931e-05	
1.854964e-02	3.532172e-05	
1.455005e-02	1.368683e-05	
1.787544e-02	1.553183e-05	
1.678777e-02	1.922393e-05	
1.826799e-02	5.854783e-06	
1.640129e-02	6.942855e-06	
1.831521e-02	6.720532e-06	
1.620030e-02	2.460709e-05	
1.664358e-02	3.869592e-05	
1.633496e-02	7.084052e-05	
1.865140e-02	7.247539e-05	
1.816650e-02	5.667968e-05	
1.645407e-02	6.915179e-05	
1.648229e-02	4.915091e-05	
1.789732e-02	2.030713e-04	
