1.424758e+01	6.994405e-14	
2.135184e+01	1.632028e-13	
2.652043e+01	5.192513e-13	
2.483328e+01	6.818990e-13	
2.649550e+01	1.756373e-12	
2.482345e+01	1.088019e-12	
2.482217e+01	3.176792e-12	
2.483522e+01	1.072875e-11	
2.484338e+01	9.214851e-14	
2.651110e+01	2.737366e-12	
2.482899e+01	6.065148e-13	
2.481852e+01	4.807665e-11	
2.483655e+01	1.573630e-12	
2.483413e+01	1.569234e-11	
2.650952e+01	9.383605e-13	
2.650779e+01	1.163769e-11	
2.650201e+01	1.295741e-12	
2.481568e+01	4.375389e-12	
2.482129e+01	3.867351e-12	
2.652655e+01	7.053913e-12	
2.486291e+01	6.571188e-12	
2.487091e+01	4.014122e-12	
2.486449e+01	2.027267e-13	
2.482436e+01	1.450373e-11	
2.650361e+01	3.582468e-12	
2.482929e+01	9.535150e-12	
2.484153e+01	4.981571e-13	
2.485173e+01	4.704015e-12	
2.484682e+01	1.430189e-12	
2.484501e+01	4.953604e-11	
2.651593e+01	7.194245e-14	
2.483811e+01	8.466228e-12	
2.483368e+01	1.650236e-12	
2.650563e+01	5.162981e-12	
2.481843e+01	6.646905e-13	
2.481937e+01	1.004041e-11	
2.483919e+01	3.408385e-13	
2.484016e+01	1.978417e-13	
1.964998e+01	8.126833e-14	
1.422534e+01	4.352074e-14	
1.421780e+01	1.531886e-12	
1.962852e+01	9.267959e-14	
2.650627e+01	2.368319e-13	
2.484225e+01	6.839934e-15	
2.652793e+01	2.262127e-14	
2.483851e+01	1.272720e-14	
2.483456e+01	2.993503e-16	
2.653095e+01	3.262568e-15	
2.485286e+01	2.326817e-16	
2.652817e+01	2.111184e-16	
2.485369e+01	7.773965e-16	
2.651708e+01	1.630090e-15	
2.650683e+01	3.582638e-15	
2.484214e+01	1.135538e-15	
2.651664e+01	3.111467e-16	
2.482544e+01	1.353391e-15	
2.480200e+01	2.196382e-15	
2.480960e+01	2.871487e-16	
2.481511e+01	0	
2.482452e+01	1.408146e-16	
2.650936e+01	1.408146e-15	
2.485844e+01	1.417246e-16	
2.486753e+01	1.722892e-15	
2.652062e+01	2.928509e-16	
2.482541e+01	6.015073e-16	
2.482815e+01	2.800320e-15	
2.652777e+01	2.271075e-15	
2.654236e+01	3.070832e-15	
2.483409e+01	1.992333e-15	
2.481958e+01	2.915237e-15	
2.482553e+01	1.055592e-15	
2.482917e+01	1.745113e-15	
2.650069e+01	1.305027e-16	
2.649000e+01	1.945777e-15	
2.650334e+01	3.535332e-16	
2.651388e+01	1.740098e-15	
2.653301e+01	2.849972e-14	
2.485680e+01	3.398204e-14	
2.134309e+01	6.986313e-13	
1.423602e+01	6.249667e-12	
1.966877e+01	2.220446e-15	
2.651112e+01	2.950973e-13	
2.481995e+01	6.675771e-13	
2.650005e+01	2.610134e-13	
2.649161e+01	8.826273e-13	
2.482852e+01	9.187096e-12	
2.651397e+01	1.620704e-12	
2.484568e+01	1.542322e-12	
2.483206e+01	1.754152e-13	
2.650318e+01	9.988677e-13	
2.650115e+01	1.175146e-10	
2.483242e+01	3.656409e-12	
2.485059e+01	1.927236e-12	
2.486083e+01	9.511725e-12	
2.652918e+01	1.607159e-12	
2.485820e+01	5.802359e-12	
2.652310e+01	1.339728e-11	
2.652073e+01	1.086830e-10	
2.650952e+01	6.508682e-12	
2.484999e+01	7.187917e-12	
2.485980e+01	1.177236e-11	
2.484276e+01	5.990319e-12	
2.482795e+01	1.333833e-11	
2.650573e+01	1.764071e-10	
2.652277e+01	2.622458e-11	
2.484292e+01	7.145839e-12	
2.485938e+01	1.083578e-12	
2.483993e+01	5.618173e-12	
2.483573e+01	2.646550e-12	
2.483865e+01	3.627099e-12	
2.651096e+01	3.700484e-12	
2.652539e+01	1.463729e-11	
2.652228e+01	1.555600e-11	
2.654092e+01	1.078182e-11	
2.653740e+01	6.195511e-11	
2.484976e+01	2.291500e-13	
2.483837e+01	9.000689e-12	
1.964489e+01	2.375655e-12	
2.131971e+01	1.992850e-13	
2.483144e+01	1.917577e-12	
2.652083e+01	9.597878e-13	
2.654896e+01	8.628653e-13	
2.655473e+01	2.553513e-13	
2.653912e+01	8.172574e-12	
2.652333e+01	2.559286e-12	
2.653147e+01	1.720846e-13	
2.652546e+01	2.063461e-12	
2.651748e+01	4.293232e-12	
2.483698e+01	4.390932e-13	
2.652115e+01	4.731326e-12	
2.487398e+01	2.311706e-12	
2.487604e+01	6.742162e-12	
2.486989e+01	2.890799e-12	
2.485742e+01	1.606892e-11	
2.652964e+01	1.945855e-11	
2.486273e+01	1.991984e-11	
2.652983e+01	1.847189e-12	
2.484456e+01	3.074430e-12	
2.485291e+01	7.920864e-11	
2.484754e+01	7.992940e-12	
2.485990e+01	7.850831e-12	
2.486532e+01	2.266409e-12	
2.654151e+01	4.604095e-13	
2.482811e+01	2.662481e-11	
2.479216e+01	2.531131e-11	
2.478133e+01	1.252576e-11	
2.480203e+01	2.804645e-12	
2.482823e+01	1.221201e-11	
2.483769e+01	5.928591e-12	
2.652456e+01	4.466549e-11	
2.484325e+01	1.126299e-11	
2.652498e+01	1.127431e-11	
2.485687e+01	1.276379e-11	
2.485498e+01	1.199263e-12	
2.485682e+01	1.820766e-14	
2.133613e+01	2.223699e-11	
2.516589e+01	3.369967e-06	
3.547060e+01	9.504519e-06	
3.379426e+01	2.308062e-06	
3.547894e+01	6.821220e-06	
3.543713e+01	5.924110e-06	
3.547527e+01	2.876018e-05	
3.545285e+01	7.623757e-06	
3.376541e+01	2.547300e-05	
3.546909e+01	2.482250e-05	
3.546569e+01	1.806981e-05	
3.711172e+01	3.515592e-05	
3.377158e+01	1.714646e-05	
3.549681e+01	3.653719e-05	
3.381480e+01	1.778286e-05	
3.547316e+01	3.011121e-05	
3.552153e+01	5.702180e-05	
3.544561e+01	2.458322e-05	
3.716368e+01	6.865712e-05	
3.547512e+01	1.397875e-06	
3.550170e+01	7.957568e-06	
3.717881e+01	2.204229e-06	
3.550640e+01	2.538628e-05	
3.718838e+01	8.136679e-05	
3.545197e+01	1.105355e-05	
3.544699e+01	2.055177e-05	
3.543366e+01	1.472335e-05	
3.720609e+01	6.923237e-05	
3.718083e+01	5.700538e-05	
3.547214e+01	8.780446e-06	
3.546281e+01	1.151234e-05	
3.550250e+01	1.139499e-05	
3.383245e+01	1.234858e-05	
3.380936e+01	5.651940e-06	
3.714626e+01	8.360094e-06	
3.544489e+01	1.327931e-05	
3.720621e+01	1.779070e-05	
3.551146e+01	1.121276e-05	
2.857626e+01	1.074489e-05	
3.550204e+01	3.495457e-05	
4.241738e+01	1.170799e-05	
4.408055e+01	2.520642e-05	
4.576351e+01	1.670601e-05	
4.406021e+01	2.915607e-06	
4.237532e+01	3.905291e-05	
4.405850e+01	2.149629e-05	
4.407273e+01	4.238410e-05	
4.577328e+01	2.522730e-05	
4.241232e+01	4.412852e-05	
4.406714e+01	3.251622e-05	
4.407321e+01	9.450443e-06	
4.410181e+01	2.647111e-05	
4.410768e+01	6.029652e-05	
4.409879e+01	4.730413e-05	
4.242445e+01	6.181708e-05	
4.410326e+01	3.182338e-05	
4.746363e+01	1.085297e-05	
4.411084e+01	3.855428e-05	
4.580136e+01	8.530688e-05	
4.581932e+01	2.902320e-05	
4.414928e+01	3.795681e-05	
4.411904e+01	2.857963e-05	
4.240424e+01	3.383250e-05	
4.404609e+01	2.870677e-05	
4.236274e+01	5.454687e-06	
4.240131e+01	8.262136e-06	
4.242117e+01	2.287965e-05	
4.242631e+01	2.125587e-05	
4.743514e+01	1.807157e-05	
4.240535e+01	2.871257e-05	
4.242468e+01	1.961163e-05	
4.576709e+01	9.287280e-06	
4.407016e+01	2.057452e-05	
4.575681e+01	3.443707e-06	
4.242450e+01	2.388465e-05	
4.579939e+01	1.847352e-05	
3.554650e+01	2.950125e-05	
3.545109e+01	3.218699e-05	
4.409241e+01	3.262421e-05	
4.242488e+01	4.666182e-05	
4.409734e+01	6.240218e-05	
4.409491e+01	2.784107e-05	
4.408681e+01	4.595572e-05	
4.239534e+01	5.535836e-05	
4.577348e+01	4.380942e-05	
4.243392e+01	7.737477e-05	
4.244275e+01	5.981366e-05	
4.577673e+01	5.313458e-05	
4.410093e+01	5.445935e-05	
4.577836e+01	4.708822e-05	
4.411558e+01	6.471829e-05	
4.578376e+01	5.205669e-05	
4.576712e+01	5.335557e-05	
4.241216e+01	2.638533e-05	
4.409741e+01	2.068091e-05	
4.242936e+01	6.378883e-05	
4.411189e+01	3.457629e-05	
4.413554e+01	4.490762e-05	
4.583493e+01	3.670906e-05	
4.412532e+01	6.460100e-05	
4.576013e+01	6.965070e-05	
4.573983e+01	2.180403e-05	
4.405291e+01	2.696215e-05	
4.407345e+01	3.572099e-05	
4.409530e+01	2.769376e-05	
4.242350e+01	1.028894e-06	
4.742219e+01	4.201809e-05	
4.573905e+01	2.871448e-05	
4.241883e+01	4.991023e-05	
4.745156e+01	4.988595e-05	
4.408257e+01	3.397521e-05	
4.408233e+01	3.679117e-05	
4.576441e+01	3.069614e-05	
4.412093e+01	2.471041e-05	
3.549825e+01	1.157640e-05	
3.711824e+01	5.583171e-05	
4.409638e+01	5.120665e-05	
4.579004e+01	4.824424e-05	
4.412882e+01	5.971872e-05	
4.580102e+01	4.459086e-05	
4.412202e+01	5.888793e-05	
4.579368e+01	5.996330e-05	
4.411627e+01	8.081591e-05	
4.415162e+01	6.956102e-05	
4.584952e+01	5.287870e-05	
4.580650e+01	7.535294e-05	
4.410556e+01	7.352187e-05	
4.409467e+01	6.293887e-05	
4.242633e+01	6.706550e-05	
4.074056e+01	8.351744e-05	
4.576458e+01	7.131850e-05	
4.409278e+01	4.890904e-05	
4.410077e+01	7.869596e-05	
4.243319e+01	4.138102e-05	
4.410615e+01	5.230028e-05	
4.582907e+01	3.278383e-05	
4.413469e+01	5.970165e-05	
4.748366e+01	8.784951e-05	
4.412086e+01	6.341669e-05	
4.576849e+01	5.314657e-05	
4.576169e+01	4.691644e-05	
4.577506e+01	5.025972e-05	
4.746036e+01	3.518359e-05	
4.409830e+01	2.213053e-05	
4.239803e+01	6.118068e-05	
4.911073e+01	4.281351e-05	
4.579387e+01	5.207718e-05	
4.246237e+01	6.962350e-05	
4.578278e+01	6.166577e-05	
4.407667e+01	5.922397e-05	
4.576685e+01	6.559404e-05	
4.245667e+01	4.167261e-05	
3.383298e+01	3.108764e-05	
3.377744e+01	6.386886e-05	
4.408514e+01	3.621792e-05	
4.410072e+01	5.479152e-05	
4.414440e+01	8.913708e-05	
4.583561e+01	9.776055e-05	
4.246953e+01	8.128754e-05	
4.746526e+01	8.400315e-05	
4.579248e+01	7.169322e-05	
4.582335e+01	9.494578e-05	
4.415806e+01	8.104686e-05	
4.245391e+01	7.561138e-05	
4.576106e+01	1.050587e-04	
4.575905e+01	9.190414e-05	
4.577019e+01	9.599009e-05	
4.579383e+01	5.821918e-05	
4.412037e+01	7.302316e-05	
4.241849e+01	8.639397e-05	
4.744202e+01	1.029902e-04	
4.577557e+01	7.770117e-05	
4.578886e+01	6.531388e-05	
4.413894e+01	9.388508e-05	
4.412442e+01	7.966427e-05	
4.580233e+01	6.862160e-05	
4.243683e+01	8.126121e-05	
4.579006e+01	7.333382e-05	
4.244860e+01	6.499826e-05	
4.414606e+01	6.261674e-05	
4.583610e+01	5.174530e-05	
4.414250e+01	6.726106e-05	
4.580295e+01	1.019930e-04	
4.244926e+01	7.637570e-05	
4.246993e+01	7.577278e-05	
4.415490e+01	9.940480e-05	
4.411117e+01	7.006679e-05	
4.239809e+01	6.700020e-05	
4.574523e+01	5.822908e-05	
4.411919e+01	7.713627e-05	
3.384011e+01	4.524997e-05	
3.544156e+01	4.270623e-05	
4.576635e+01	5.695762e-05	
4.578258e+01	9.825852e-05	
4.580563e+01	9.339432e-05	
4.412378e+01	8.834448e-05	
4.579186e+01	9.300692e-05	
4.577965e+01	6.131074e-05	
4.578981e+01	9.696825e-05	
4.415571e+01	9.481248e-05	
4.416770e+01	1.042501e-04	
4.748450e+01	7.854326e-05	
4.574301e+01	9.841004e-05	
4.403986e+01	9.498590e-05	
4.072217e+01	7.117922e-05	
4.413062e+01	5.822655e-05	
4.414125e+01	7.526562e-05	
4.414076e+01	7.289584e-05	
4.410966e+01	1.043607e-04	
4.411351e+01	8.672550e-05	
4.411682e+01	7.995593e-05	
4.246850e+01	7.856831e-05	
4.746943e+01	9.760837e-05	
4.241857e+01	7.582209e-05	
4.239348e+01	7.462987e-05	
4.575512e+01	1.022957e-04	
4.579146e+01	9.030490e-05	
4.582937e+01	6.718414e-05	
4.417797e+01	6.191617e-05	
4.583112e+01	7.344745e-05	
4.412834e+01	9.793887e-05	
4.580358e+01	8.309691e-05	
4.413002e+01	8.923804e-05	
4.244557e+01	1.035086e-04	
4.409447e+01	8.700656e-05	
4.406644e+01	8.172869e-05	
4.572899e+01	7.294051e-05	
4.577895e+01	5.769072e-05	
3.551193e+01	5.635285e-05	
3.549707e+01	9.384091e-05	
4.747461e+01	8.163207e-05	
4.748459e+01	7.702509e-05	
4.748046e+01	9.660461e-05	
4.578239e+01	1.019498e-04	
4.409626e+01	1.032254e-04	
4.576588e+01	1.029989e-04	
4.241249e+01	9.468669e-05	
4.413521e+01	9.584156e-05	
4.583353e+01	1.187075e-04	
4.245432e+01	1.022223e-04	
4.240275e+01	9.636473e-05	
4.741706e+01	8.512613e-05	
4.408596e+01	7.080579e-05	
4.413053e+01	8.666207e-05	
4.414460e+01	5.489321e-05	
4.247061e+01	8.174515e-05	
4.410256e+01	8.027497e-05	
4.410041e+01	8.501331e-05	
4.411698e+01	7.425751e-05	
4.415359e+01	8.642076e-05	
4.409823e+01	7.834081e-05	
4.073241e+01	7.628868e-05	
4.405391e+01	7.077794e-05	
4.572112e+01	9.710613e-05	
4.577771e+01	8.574839e-05	
4.582996e+01	9.041617e-05	
4.249213e+01	8.245842e-05	
4.578738e+01	8.009238e-05	
4.409133e+01	9.218466e-05	
4.411283e+01	1.077028e-04	
4.411523e+01	1.024373e-04	
4.576923e+01	9.869291e-05	
4.238010e+01	1.050945e-04	
4.574086e+01	6.411687e-05	
4.406682e+01	8.211658e-05	
4.243874e+01	7.536419e-05	
3.719757e+01	9.853303e-05	
3.719393e+01	1.054571e-04	
4.583270e+01	1.489489e-04	
4.585119e+01	1.282604e-04	
4.582452e+01	1.053354e-04	
4.580262e+01	1.001408e-04	
4.743870e+01	9.154609e-05	
4.239199e+01	1.205210e-04	
4.409408e+01	1.017674e-04	
4.409470e+01	7.926378e-05	
4.076710e+01	8.463795e-05	
4.581829e+01	1.093579e-04	
4.073508e+01	1.016127e-04	
4.239824e+01	9.446268e-05	
4.241809e+01	9.436638e-05	
4.579506e+01	9.424377e-05	
4.581561e+01	8.775483e-05	
4.241896e+01	9.623258e-05	
4.240713e+01	9.507213e-05	
4.576025e+01	1.000115e-04	
4.407936e+01	9.972809e-05	
4.243498e+01	1.035118e-04	
4.410150e+01	8.261508e-05	
4.744344e+01	9.827142e-05	
4.404982e+01	8.437231e-05	
4.404530e+01	7.717328e-05	
4.408477e+01	9.277646e-05	
4.411245e+01	9.759024e-05	
4.411263e+01	1.057393e-04	
4.741884e+01	1.074155e-04	
4.404018e+01	1.212322e-04	
4.575032e+01	1.133483e-04	
4.241615e+01	1.092644e-04	
4.408987e+01	1.025145e-04	
4.405311e+01	1.273833e-04	
4.409312e+01	9.517799e-05	
4.744624e+01	9.380206e-05	
4.244563e+01	9.603172e-05	
3.380362e+01	6.646137e-05	
3.722757e+01	1.412667e-04	
4.581916e+01	1.393957e-04	
4.415771e+01	1.357152e-04	
4.582546e+01	1.388139e-04	
4.244260e+01	9.455709e-05	
4.242793e+01	1.117597e-04	
4.409842e+01	1.018367e-04	
4.405975e+01	9.427791e-05	
4.406679e+01	9.562403e-05	
4.408485e+01	1.008058e-04	
4.410696e+01	9.612990e-05	
4.241987e+01	9.877912e-05	
4.744278e+01	7.950933e-05	
4.410704e+01	9.190984e-05	
4.410779e+01	8.921111e-05	
4.411748e+01	8.877777e-05	
4.577691e+01	9.994557e-05	
4.408747e+01	9.679494e-05	
4.241640e+01	1.006707e-04	
4.242577e+01	1.047126e-04	
4.412505e+01	1.045152e-04	
4.411310e+01	8.792329e-05	
4.242450e+01	8.067718e-05	
4.744414e+01	8.202612e-05	
4.408960e+01	8.032099e-05	
4.409581e+01	9.746675e-05	
4.576485e+01	1.168473e-04	
4.408017e+01	1.221320e-04	
4.403493e+01	1.160778e-04	
4.238231e+01	1.087707e-04	
4.576508e+01	1.234139e-04	
4.076109e+01	1.215125e-04	
4.409947e+01	1.330894e-04	
4.409369e+01	1.078638e-04	
4.244019e+01	1.292810e-04	
4.244367e+01	1.091228e-04	
4.581486e+01	1.086327e-04	
3.381684e+01	1.261057e-04	
3.550886e+01	1.361158e-04	
4.411872e+01	1.339475e-04	
4.578942e+01	1.293854e-04	
4.577645e+01	1.145062e-04	
4.411018e+01	1.418414e-04	
4.073893e+01	1.322180e-04	
4.576350e+01	1.203074e-04	
4.240871e+01	1.083776e-04	
4.408642e+01	1.197369e-04	
4.576657e+01	8.873645e-05	
4.409520e+01	9.531430e-05	
4.410166e+01	9.039786e-05	
4.407636e+01	1.008205e-04	
4.576756e+01	1.056551e-04	
4.407448e+01	1.057646e-04	
4.407855e+01	1.061295e-04	
4.576704e+01	8.686489e-05	
4.577179e+01	8.628797e-05	
4.242628e+01	9.590746e-05	
4.579243e+01	1.094388e-04	
4.578674e+01	9.255909e-05	
4.580616e+01	9.652571e-05	
4.582169e+01	9.573012e-05	
4.578116e+01	8.073194e-05	
4.577609e+01	9.101328e-05	
4.411984e+01	9.757920e-05	
4.576910e+01	9.995973e-05	
4.743710e+01	9.380763e-05	
4.575586e+01	1.016651e-04	
4.239249e+01	1.300278e-04	
4.408804e+01	1.226398e-04	
4.411520e+01	1.056882e-04	
4.410545e+01	1.259114e-04	
4.407165e+01	1.223992e-04	
4.409004e+01	1.339670e-04	
4.243319e+01	1.109245e-04	
4.411684e+01	1.082012e-04	
3.545265e+01	8.788141e-05	
3.545405e+01	8.214570e-05	
4.241086e+01	1.295704e-04	
4.575930e+01	1.318853e-04	
4.238254e+01	1.316912e-04	
4.408095e+01	1.372473e-04	
4.408248e+01	1.323906e-04	
4.242449e+01	1.142343e-04	
4.409083e+01	1.316529e-04	
4.075398e+01	1.177905e-04	
4.412574e+01	1.088457e-04	
4.411720e+01	1.014821e-04	
4.410716e+01	9.590878e-05	
4.408185e+01	9.435986e-05	
4.405549e+01	8.866468e-05	
4.403757e+01	1.020667e-04	
4.404630e+01	9.363086e-05	
4.409042e+01	8.109755e-05	
4.245271e+01	9.358571e-05	
4.414086e+01	8.637320e-05	
4.411816e+01	9.819738e-05	
4.412655e+01	8.690095e-05	
4.413348e+01	9.515317e-05	
4.411198e+01	1.002412e-04	
4.746022e+01	8.792391e-05	
4.410938e+01	1.024726e-04	
4.412476e+01	9.498287e-05	
4.580753e+01	9.184832e-05	
4.577926e+01	8.672460e-05	
4.575935e+01	1.077418e-04	
4.410091e+01	9.191014e-05	
4.744382e+01	1.164950e-04	
4.576244e+01	1.234826e-04	
4.407100e+01	1.204172e-04	
4.405160e+01	1.059137e-04	
4.240972e+01	1.373295e-04	
4.410701e+01	1.543090e-04	
4.409984e+01	1.027209e-04	
3.378395e+01	8.594818e-05	
3.547187e+01	1.189383e-04	
4.407873e+01	1.917371e-04	
4.575716e+01	1.625948e-04	
4.576249e+01	1.363385e-04	
4.410866e+01	1.191974e-04	
4.747562e+01	1.158749e-04	
4.412358e+01	1.226509e-04	
4.580567e+01	1.183219e-04	
4.749571e+01	1.023650e-04	
4.245691e+01	1.016434e-04	
4.412205e+01	9.304416e-05	
4.244446e+01	8.861082e-05	
4.408770e+01	9.164864e-05	
4.238876e+01	9.679559e-05	
4.404883e+01	9.188817e-05	
4.406591e+01	9.803364e-05	
4.579955e+01	8.885005e-05	
4.246764e+01	9.438540e-05	
4.414296e+01	9.548823e-05	
4.578432e+01	8.585962e-05	
4.409712e+01	9.750921e-05	
4.409712e+01	9.673102e-05	
4.241730e+01	9.550639e-05	
4.409975e+01	1.083999e-04	
4.412475e+01	8.812823e-05	
4.414526e+01	8.688288e-05	
4.413208e+01	1.011200e-04	
4.245063e+01	1.131897e-04	
4.581595e+01	9.832080e-05	
4.581413e+01	1.101129e-04	
4.744899e+01	1.152084e-04	
4.408353e+01	1.276076e-04	
4.404740e+01	1.257140e-04	
4.406848e+01	1.306988e-04	
4.239542e+01	1.493970e-04	
4.407942e+01	7.333063e-05	
4.243533e+01	1.209770e-04	
3.552698e+01	1.424279e-04	
3.721200e+01	1.835566e-04	
4.242438e+01	1.772573e-04	
4.242791e+01	1.205777e-04	
4.410727e+01	1.224137e-04	
4.245969e+01	1.372334e-04	
4.411047e+01	1.300003e-04	
4.412580e+01	1.345562e-04	
4.415427e+01	1.004161e-04	
4.414076e+01	9.682679e-05	
4.411979e+01	1.165653e-04	
4.578208e+01	1.060392e-04	
4.241107e+01	9.155992e-05	
4.407306e+01	1.146815e-04	
4.239212e+01	9.944642e-05	
4.405714e+01	8.278207e-05	
4.407925e+01	8.609024e-05	
4.581083e+01	8.187031e-05	
4.585321e+01	7.825426e-05	
4.415050e+01	9.299222e-05	
4.411255e+01	8.601321e-05	
4.576302e+01	9.650591e-05	
4.573818e+01	8.983584e-05	
4.741526e+01	1.087981e-04	
4.573428e+01	9.920737e-05	
4.579170e+01	7.548383e-05	
4.247220e+01	9.293961e-05	
4.244910e+01	9.900848e-05	
4.748538e+01	1.007913e-04	
4.581688e+01	1.078918e-04	
4.414224e+01	9.977423e-05	
4.245906e+01	1.180010e-04	
4.578768e+01	1.320665e-04	
4.238995e+01	1.332015e-04	
4.405854e+01	1.174311e-04	
4.407954e+01	1.151670e-04	
4.240945e+01	1.168406e-04	
4.243725e+01	1.706024e-04	
3.552562e+01	1.604827e-04	
3.381046e+01	1.058745e-04	
4.408907e+01	1.610192e-04	
4.240632e+01	1.371921e-04	
4.409552e+01	1.318247e-04	
4.076466e+01	1.531800e-04	
4.408120e+01	1.273575e-04	
4.746384e+01	1.272104e-04	
4.077033e+01	8.984310e-05	
4.412224e+01	9.717924e-05	
4.242555e+01	9.638970e-05	
4.238977e+01	9.052035e-05	
4.575834e+01	8.867092e-05	
4.407694e+01	9.975154e-05	
4.575185e+01	9.444647e-05	
4.745795e+01	7.047747e-05	
4.412783e+01	9.227575e-05	
4.417471e+01	7.925626e-05	
4.417490e+01	8.556197e-05	
4.412611e+01	9.214193e-05	
4.409079e+01	8.594441e-05	
4.407712e+01	9.192434e-05	
4.239809e+01	9.439816e-05	
4.573721e+01	8.252970e-05	
4.573530e+01	9.371061e-05	
4.241775e+01	8.567366e-05	
4.578393e+01	8.133200e-05	
4.578164e+01	9.811209e-05	
4.578142e+01	9.512739e-05	
4.579011e+01	7.482950e-05	
4.580641e+01	9.718211e-05	
4.749485e+01	1.043807e-04	
4.578906e+01	1.147119e-04	
4.407611e+01	1.160631e-04	
4.741294e+01	1.296800e-04	
4.573857e+01	1.207191e-04	
4.407976e+01	1.176683e-04	
4.409975e+01	1.719265e-04	
3.549953e+01	1.581532e-04	
3.716784e+01	1.270676e-04	
4.408004e+01	1.446810e-04	
4.574169e+01	1.016396e-04	
4.407092e+01	1.216443e-04	
4.405678e+01	1.316504e-04	
4.740599e+01	1.390421e-04	
4.572453e+01	1.165685e-04	
4.409796e+01	1.023519e-04	
4.747060e+01	1.182901e-04	
4.411613e+01	9.146706e-05	
4.409728e+01	8.264975e-05	
4.576865e+01	8.696511e-05	
4.240371e+01	1.084605e-04	
4.577239e+01	1.040448e-04	
4.411799e+01	9.435628e-05	
4.581101e+01	7.550534e-05	
4.750308e+01	9.298468e-05	
4.243555e+01	8.555748e-05	
4.574611e+01	7.585348e-05	
4.742250e+01	8.177575e-05	
4.407155e+01	7.919748e-05	
4.576166e+01	9.322676e-05	
4.240581e+01	8.234014e-05	
4.575269e+01	8.975839e-05	
4.577487e+01	8.908783e-05	
4.577480e+01	9.301533e-05	
4.576671e+01	8.962723e-05	
4.408249e+01	8.190505e-05	
4.577930e+01	1.119049e-04	
4.911315e+01	9.425521e-05	
4.411584e+01	1.026535e-04	
4.243967e+01	9.956291e-05	
4.409800e+01	1.218677e-04	
4.744013e+01	1.417690e-04	
4.237790e+01	1.390511e-04	
4.238308e+01	1.182088e-04	
4.240247e+01	1.493968e-04	
3.546469e+01	1.224775e-04	
3.547856e+01	8.862551e-05	
4.075137e+01	1.713048e-04	
4.575715e+01	1.848729e-04	
4.407648e+01	1.405480e-04	
4.575251e+01	1.483373e-04	
4.408699e+01	1.262181e-04	
4.239767e+01	1.167492e-04	
4.746974e+01	9.815796e-05	
4.243203e+01	1.076178e-04	
4.244267e+01	1.023020e-04	
4.580072e+01	9.442541e-05	
4.242156e+01	9.150908e-05	
4.409017e+01	8.761592e-05	
4.409354e+01	8.364191e-05	
4.578882e+01	8.853269e-05	
4.581597e+01	6.113944e-05	
4.581034e+01	8.075460e-05	
4.578745e+01	8.528251e-05	
4.406454e+01	8.077916e-05	
4.406119e+01	8.196652e-05	
4.410030e+01	9.079493e-05	
4.413408e+01	9.470190e-05	
4.582823e+01	8.236630e-05	
4.412869e+01	9.416398e-05	
4.411346e+01	1.001579e-04	
4.580571e+01	9.459730e-05	
4.412147e+01	9.491997e-05	
4.577286e+01	7.976579e-05	
4.239360e+01	1.049225e-04	
4.407030e+01	1.024550e-04	
4.241351e+01	1.109070e-04	
4.580662e+01	9.959462e-05	
4.411972e+01	1.085375e-04	
4.409858e+01	1.150377e-04	
4.573468e+01	1.719588e-04	
4.406048e+01	1.327322e-04	
4.407533e+01	2.021503e-04	
3.714283e+01	1.265289e-04	
3.724055e+01	2.231604e-04	
4.584075e+01	2.286594e-04	
4.580810e+01	1.347445e-04	
4.745744e+01	1.111765e-04	
4.578143e+01	9.583670e-05	
4.411401e+01	1.383744e-04	
4.581144e+01	1.136595e-04	
4.412571e+01	1.214739e-04	
4.413943e+01	9.616294e-05	
4.582480e+01	8.306203e-05	
4.580202e+01	8.321140e-05	
4.577984e+01	1.078965e-04	
4.407578e+01	8.498415e-05	
4.240284e+01	9.235045e-05	
4.579485e+01	9.182681e-05	
4.749220e+01	8.382571e-05	
4.582340e+01	9.286055e-05	
4.244854e+01	9.840998e-05	
4.576120e+01	9.375788e-05	
4.409359e+01	9.223017e-05	
4.578878e+01	1.041814e-04	
4.413861e+01	9.360184e-05	
4.583790e+01	9.817611e-05	
4.582287e+01	7.975212e-05	
4.413551e+01	8.826361e-05	
4.583391e+01	8.287014e-05	
4.080571e+01	9.696855e-05	
4.581850e+01	8.682629e-05	
4.408597e+01	9.851142e-05	
4.238957e+01	9.163476e-05	
4.577317e+01	9.513550e-05	
4.580977e+01	9.400591e-05	
4.244314e+01	9.211140e-05	
4.411582e+01	1.338096e-04	
4.406926e+01	1.400168e-04	
4.574712e+01	8.222692e-05	
4.242115e+01	1.440559e-04	
3.552125e+01	1.847829e-04	
3.725778e+01	2.098028e-04	
4.417021e+01	1.878191e-04	
4.414809e+01	1.423662e-04	
4.580752e+01	9.475304e-05	
4.582748e+01	1.346454e-04	
4.248068e+01	1.459930e-04	
4.583387e+01	1.364911e-04	
4.247824e+01	1.175267e-04	
4.584574e+01	1.138647e-04	
4.583448e+01	1.066753e-04	
4.413328e+01	9.492652e-05	
4.411192e+01	1.004486e-04	
4.406316e+01	8.688153e-05	
4.741457e+01	8.050449e-05	
4.410964e+01	9.266957e-05	
4.583619e+01	9.154868e-05	
4.416074e+01	8.653275e-05	
4.413682e+01	8.506018e-05	
4.579042e+01	8.300246e-05	
4.242682e+01	8.052553e-05	
4.577421e+01	9.590102e-05	
4.580684e+01	8.681481e-05	
4.581307e+01	7.658439e-05	
4.581336e+01	9.788255e-05	
4.747999e+01	9.063907e-05	
4.414201e+01	8.712676e-05	
4.246325e+01	9.228381e-05	
4.581182e+01	1.000537e-04	
4.577511e+01	6.935095e-05	
4.576914e+01	1.041760e-04	
4.412068e+01	8.147039e-05	
4.411742e+01	1.029049e-04	
4.409614e+01	1.243722e-04	
4.241204e+01	1.200154e-04	
4.576122e+01	7.740935e-05	
4.576007e+01	1.272370e-04	
4.241864e+01	1.842742e-04	
3.552485e+01	2.083393e-04	
3.553120e+01	1.379357e-04	
4.414084e+01	1.728779e-04	
4.579573e+01	1.616706e-04	
4.578808e+01	1.257547e-04	
4.579252e+01	1.212413e-04	
4.580068e+01	1.593209e-04	
4.579310e+01	1.176347e-04	
4.580439e+01	1.057777e-04	
4.581880e+01	1.132577e-04	
4.579159e+01	9.962450e-05	
4.579883e+01	1.001241e-04	
4.074127e+01	9.445918e-05	
4.574554e+01	8.434155e-05	
4.408215e+01	7.903344e-05	
4.412392e+01	9.188310e-05	
4.416106e+01	9.589772e-05	
4.583514e+01	8.185963e-05	
4.581164e+01	8.570106e-05	
4.411763e+01	8.624817e-05	
4.577824e+01	9.817588e-05	
4.743993e+01	8.182165e-05	
4.580491e+01	9.560268e-05	
4.245047e+01	8.869184e-05	
4.414176e+01	7.925507e-05	
4.243703e+01	8.723499e-05	
4.243462e+01	8.851169e-05	
4.578763e+01	9.700028e-05	
4.409409e+01	8.604143e-05	
4.241279e+01	7.404620e-05	
4.408386e+01	8.212603e-05	
4.243355e+01	8.447999e-05	
4.409739e+01	8.465812e-05	
4.575223e+01	8.460256e-05	
4.240290e+01	8.431840e-05	
4.240686e+01	1.027095e-04	
4.743465e+01	1.128068e-04	
4.240963e+01	2.007803e-04	
3.380445e+01	2.016576e-04	
3.551311e+01	1.451459e-04	
4.242955e+01	1.708079e-04	
4.574758e+01	1.952470e-04	
4.575193e+01	1.784798e-04	
4.409561e+01	1.587846e-04	
4.746491e+01	1.558192e-04	
4.579694e+01	1.055952e-04	
4.243859e+01	1.097264e-04	
4.412610e+01	1.123641e-04	
4.575582e+01	8.742101e-05	
4.407759e+01	8.736122e-05	
4.242666e+01	9.143509e-05	
4.410238e+01	8.137172e-05	
4.240672e+01	9.916258e-05	
4.410442e+01	8.350694e-05	
4.578859e+01	1.005070e-04	
4.578391e+01	9.476256e-05	
4.578701e+01	7.190177e-05	
4.577569e+01	9.363505e-05	
4.746297e+01	8.228086e-05	
4.410212e+01	9.065592e-05	
4.411635e+01	8.876844e-05	
4.579180e+01	8.369895e-05	
4.245527e+01	8.555881e-05	
4.577427e+01	8.150265e-05	
4.238592e+01	8.514526e-05	
4.573636e+01	7.446276e-05	
4.741997e+01	8.473298e-05	
4.240250e+01	6.948138e-05	
4.575788e+01	7.338635e-05	
4.410300e+01	8.493429e-05	
4.576455e+01	6.836828e-05	
4.409461e+01	6.965429e-05	
4.411707e+01	1.199328e-04	
4.580456e+01	1.176216e-04	
4.409136e+01	1.576958e-04	
4.240530e+01	1.836323e-04	
3.544927e+01	1.526101e-04	
3.381781e+01	1.496907e-04	
4.240648e+01	2.281306e-04	
4.574729e+01	1.789898e-04	
4.407485e+01	1.687715e-04	
4.576967e+01	1.818158e-04	
4.239896e+01	1.515476e-04	
4.408909e+01	1.371484e-04	
4.579713e+01	9.879102e-05	
4.409672e+01	1.253832e-04	
4.574050e+01	9.494176e-05	
4.405167e+01	9.092886e-05	
4.409008e+01	8.625669e-05	
4.410432e+01	1.024347e-04	
4.410143e+01	9.215172e-05	
4.408485e+01	7.655301e-05	
4.408882e+01	9.845921e-05	
4.407704e+01	7.459288e-05	
4.074629e+01	8.229155e-05	
4.579769e+01	7.135181e-05	
4.412652e+01	7.788546e-05	
4.412565e+01	8.260305e-05	
4.579952e+01	8.088449e-05	
4.412382e+01	7.442359e-05	
4.243399e+01	7.316251e-05	
4.075254e+01	8.163321e-05	
4.578580e+01	8.142144e-05	
4.408137e+01	7.950403e-05	
4.410963e+01	7.259244e-05	
4.577404e+01	9.358760e-05	
4.578418e+01	7.608281e-05	
4.243077e+01	1.010127e-04	
4.409387e+01	8.400150e-05	
4.412150e+01	6.869766e-05	
4.414298e+01	8.432168e-05	
4.246656e+01	9.647967e-05	
4.411130e+01	1.539780e-04	
4.410066e+01	2.695021e-04	
3.549571e+01	1.870572e-04	
3.378307e+01	1.635605e-04	
4.407903e+01	1.628099e-04	
4.406030e+01	1.255691e-04	
4.240980e+01	1.546513e-04	
4.238787e+01	1.289288e-04	
4.404995e+01	1.652729e-04	
4.575666e+01	1.270351e-04	
4.410616e+01	1.194924e-04	
4.244580e+01	1.101683e-04	
4.576828e+01	1.025881e-04	
4.239349e+01	8.906097e-05	
4.576749e+01	8.732034e-05	
4.408940e+01	1.046252e-04	
4.746784e+01	9.368551e-05	
4.578313e+01	7.663741e-05	
4.240763e+01	8.524259e-05	
4.742921e+01	8.455787e-05	
4.408743e+01	7.551364e-05	
4.411813e+01	7.568934e-05	
4.077820e+01	7.305785e-05	
4.579040e+01	8.931539e-05	
4.410488e+01	8.310447e-05	
4.240548e+01	8.422714e-05	
4.408063e+01	7.128666e-05	
4.408302e+01	8.094143e-05	
4.076390e+01	8.240676e-05	
4.077986e+01	8.334173e-05	
4.582147e+01	8.870927e-05	
4.245449e+01	8.920146e-05	
4.244556e+01	9.166832e-05	
4.409775e+01	7.121623e-05	
4.578406e+01	7.679894e-05	
4.412519e+01	8.739482e-05	
4.580271e+01	9.781592e-05	
4.408081e+01	8.741695e-05	
4.407506e+01	1.108110e-04	
4.242387e+01	2.189265e-04	
3.888811e+01	2.693341e-04	
3.546725e+01	2.234948e-04	
4.240400e+01	1.437270e-04	
4.577134e+01	1.351301e-04	
4.242366e+01	1.284949e-04	
4.407425e+01	1.083793e-04	
4.406507e+01	1.255361e-04	
4.575472e+01	1.205785e-04	
4.579053e+01	1.157739e-04	
4.414153e+01	1.095989e-04	
4.579451e+01	1.080477e-04	
4.410467e+01	9.030229e-05	
4.242677e+01	9.753298e-05	
4.579352e+01	1.077460e-04	
4.410672e+01	7.606301e-05	
4.580037e+01	9.622052e-05	
4.411573e+01	7.346664e-05	
4.239387e+01	7.543922e-05	
4.576184e+01	8.485495e-05	
4.408796e+01	7.141736e-05	
4.410328e+01	8.645796e-05	
4.239570e+01	6.799834e-05	
4.406714e+01	8.367494e-05	
4.574310e+01	6.538860e-05	
4.406590e+01	5.962684e-05	
4.407998e+01	6.136973e-05	
4.075790e+01	7.225856e-05	
4.413633e+01	7.905549e-05	
4.750014e+01	8.117512e-05	
4.412913e+01	8.698878e-05	
4.413098e+01	7.414352e-05	
4.241889e+01	7.735203e-05	
4.241266e+01	8.505381e-05	
4.410595e+01	7.262622e-05	
4.241220e+01	9.052195e-05	
4.740023e+01	6.582847e-05	
4.406558e+01	1.141530e-04	
4.244505e+01	2.190313e-04	
3.553968e+01	1.791292e-04	
3.545345e+01	1.414613e-04	
4.577263e+01	1.771543e-04	
4.745022e+01	1.403772e-04	
4.409491e+01	1.206261e-04	
4.745405e+01	7.092704e-05	
4.573962e+01	9.884053e-05	
4.242101e+01	1.115926e-04	
4.579823e+01	1.202166e-04	
4.581029e+01	1.033192e-04	
4.580600e+01	9.654633e-05	
4.747298e+01	8.439542e-05	
4.576201e+01	9.529412e-05	
4.410560e+01	8.952294e-05	
4.582695e+01	8.485502e-05	
4.415151e+01	9.207596e-05	
4.580654e+01	6.795043e-05	
4.742132e+01	7.122656e-05	
4.236949e+01	7.946347e-05	
4.239495e+01	7.374878e-05	
4.577013e+01	7.075145e-05	
4.576699e+01	7.782360e-05	
4.407437e+01	7.712527e-05	
4.410351e+01	7.912463e-05	
4.408647e+01	7.187968e-05	
4.745082e+01	6.960200e-05	
4.577197e+01	7.914816e-05	
4.577051e+01	6.366254e-05	
4.410842e+01	8.118300e-05	
4.575052e+01	8.252264e-05	
4.576974e+01	8.170326e-05	
4.238797e+01	7.418969e-05	
4.574947e+01	7.780322e-05	
4.578316e+01	9.028748e-05	
4.241732e+01	8.386778e-05	
4.576220e+01	8.458676e-05	
4.578365e+01	1.246770e-04	
4.247256e+01	1.934027e-04	
3.724841e+01	2.573918e-04	
3.383059e+01	1.912441e-04	
4.579614e+01	1.681983e-04	
4.747802e+01	1.028315e-04	
4.245320e+01	1.116084e-04	
4.245757e+01	8.373323e-05	
4.075757e+01	9.809398e-05	
4.243294e+01	1.000420e-04	
4.242553e+01	1.090222e-04	
4.582938e+01	1.067865e-04	
4.413785e+01	8.856478e-05	
4.746537e+01	9.556556e-05	
4.576809e+01	9.600035e-05	
4.241684e+01	7.420473e-05	
4.412620e+01	8.307997e-05	
4.415177e+01	8.389331e-05	
4.413271e+01	6.740944e-05	
4.574636e+01	7.339776e-05	
4.573989e+01	8.418076e-05	
4.746881e+01	7.322111e-05	
4.245714e+01	7.434323e-05	
4.412420e+01	8.166944e-05	
4.578108e+01	8.965229e-05	
4.580990e+01	6.644661e-05	
4.243724e+01	7.811615e-05	
4.243048e+01	7.509051e-05	
4.408568e+01	8.473487e-05	
4.407073e+01	7.698414e-05	
4.407898e+01	7.573083e-05	
4.407170e+01	7.952764e-05	
4.406524e+01	7.336138e-05	
4.574800e+01	6.399916e-05	
4.406622e+01	7.302748e-05	
4.239509e+01	9.674345e-05	
4.578581e+01	9.131605e-05	
4.247156e+01	9.876981e-05	
4.581689e+01	7.563971e-05	
4.247279e+01	1.341631e-04	
3.550308e+01	1.463707e-04	
3.721966e+01	2.377220e-04	
4.412507e+01	1.472135e-04	
4.411692e+01	1.242688e-04	
4.581515e+01	7.950720e-05	
4.412498e+01	1.139552e-04	
4.243053e+01	1.233809e-04	
4.577967e+01	8.607937e-05	
4.746948e+01	1.068458e-04	
4.582403e+01	1.260073e-04	
4.582441e+01	1.010250e-04	
4.580828e+01	7.917565e-05	
4.577509e+01	8.102576e-05	
4.407962e+01	7.998555e-05	
4.577367e+01	8.048187e-05	
4.413386e+01	8.118651e-05	
4.748343e+01	7.768773e-05	
4.578849e+01	7.740734e-05	
4.411818e+01	7.131617e-05	
4.413859e+01	8.052093e-05	
4.583203e+01	7.328227e-05	
4.415224e+01	8.021556e-05	
4.412208e+01	6.696932e-05	
4.246288e+01	6.842052e-05	
4.581475e+01	5.290726e-05	
4.412224e+01	6.403621e-05	
4.241554e+01	7.511953e-05	
4.576772e+01	6.087955e-05	
4.409144e+01	8.167433e-05	
4.576916e+01	7.411202e-05	
4.409951e+01	6.660484e-05	
4.411561e+01	7.763873e-05	
4.241243e+01	7.145083e-05	
4.408277e+01	8.834591e-05	
4.411224e+01	8.339423e-05	
4.248102e+01	9.827774e-05	
4.415093e+01	1.143577e-04	
4.579834e+01	1.863048e-04	
3.377839e+01	1.640569e-04	
3.381985e+01	1.845288e-04	
4.410535e+01	1.585499e-04	
4.409392e+01	1.217922e-04	
4.409507e+01	9.934426e-05	
4.577939e+01	1.127499e-04	
4.576014e+01	1.162536e-04	
4.411973e+01	9.228340e-05	
4.581791e+01	8.128357e-05	
4.414637e+01	1.081133e-04	
4.413960e+01	7.878970e-05	
4.579046e+01	9.333069e-05	
4.412349e+01	6.879457e-05	
4.239259e+01	6.683031e-05	
4.742089e+01	6.992389e-05	
4.241059e+01	6.924446e-05	
4.244972e+01	7.713125e-05	
4.581367e+01	7.831494e-05	
4.581866e+01	5.675590e-05	
4.583248e+01	6.375097e-05	
4.582317e+01	7.727221e-05	
4.579552e+01	7.995683e-05	
4.746074e+01	5.927646e-05	
4.411979e+01	7.649987e-05	
4.579453e+01	6.460794e-05	
4.580065e+01	7.055969e-05	
4.408987e+01	6.249637e-05	
4.577340e+01	4.719507e-05	
4.242338e+01	6.550091e-05	
4.744876e+01	8.145429e-05	
4.412544e+01	8.567403e-05	
4.245268e+01	7.080085e-05	
4.576365e+01	6.664635e-05	
4.574809e+01	7.867422e-05	
4.576941e+01	8.058358e-05	
4.748818e+01	9.652636e-05	
4.579939e+01	1.436773e-04	
4.575401e+01	1.714769e-04	
3.545034e+01	2.776073e-04	
3.378306e+01	1.829861e-04	
4.742169e+01	2.278862e-04	
4.406049e+01	8.617654e-05	
4.407847e+01	8.913908e-05	
4.409279e+01	7.643284e-05	
4.406189e+01	8.187190e-05	
4.242099e+01	9.391370e-05	
4.245007e+01	8.944744e-05	
4.413859e+01	8.857838e-05	
4.746875e+01	8.878363e-05	
4.578754e+01	8.714789e-05	
4.245550e+01	7.486827e-05	
4.745056e+01	5.484574e-05	
4.407796e+01	7.312254e-05	
4.409111e+01	6.182105e-05	
4.579183e+01	7.386025e-05	
4.413703e+01	7.357899e-05	
4.414262e+01	5.766680e-05	
4.413089e+01	7.229904e-05	
4.410642e+01	7.858415e-05	
4.408282e+01	5.989229e-05	
4.409344e+01	6.875511e-05	
4.411865e+01	7.112860e-05	
4.244653e+01	7.303394e-05	
4.579658e+01	6.105348e-05	
4.579794e+01	5.856355e-05	
4.579481e+01	7.033540e-05	
4.410670e+01	7.232248e-05	
4.577501e+01	8.131834e-05	
4.577651e+01	7.361401e-05	
4.245617e+01	7.173583e-05	
4.243295e+01	5.571118e-05	
4.409855e+01	8.268516e-05	
4.580778e+01	9.664701e-05	
4.415339e+01	1.017232e-04	
4.413842e+01	1.594926e-04	
4.407653e+01	1.808202e-04	
3.543966e+01	1.844591e-04	
3.715139e+01	2.565183e-04	
4.406090e+01	1.645483e-04	
4.239307e+01	1.120456e-04	
4.577592e+01	9.205282e-05	
4.411294e+01	6.893540e-05	
4.746159e+01	7.890126e-05	
4.577342e+01	7.226100e-05	
4.409958e+01	9.982282e-05	
4.409780e+01	8.843876e-05	
4.241140e+01	7.971636e-05	
4.745458e+01	8.574108e-05	
4.247078e+01	6.448266e-05	
4.412562e+01	7.612069e-05	
4.411241e+01	6.711467e-05	
4.239790e+01	5.795164e-05	
4.408397e+01	6.539306e-05	
4.410421e+01	4.996880e-05	
4.410397e+01	6.299625e-05	
4.242321e+01	6.081134e-05	
4.575142e+01	6.654849e-05	
4.407784e+01	6.764485e-05	
4.577519e+01	5.379941e-05	
4.412129e+01	6.411170e-05	
4.580037e+01	6.825967e-05	
4.412257e+01	5.470103e-05	
4.243562e+01	5.986125e-05	
4.745369e+01	6.181596e-05	
4.576372e+01	4.722424e-05	
4.408097e+01	6.943603e-05	
4.407427e+01	6.329932e-05	
4.576839e+01	6.851161e-05	
4.579063e+01	4.021499e-05	
4.749732e+01	2.241943e-05	
4.585016e+01	8.233703e-05	
4.416489e+01	1.255488e-04	
4.583087e+01	1.609561e-04	
4.745572e+01	2.234397e-04	
3.548312e+01	2.219557e-04	
3.377556e+01	2.394683e-04	
4.239360e+01	1.708564e-04	
4.408157e+01	1.250070e-04	
4.410172e+01	5.728347e-05	
4.414162e+01	7.906679e-05	
4.749654e+01	5.228032e-05	
4.411828e+01	7.545109e-05	
4.911663e+01	8.292659e-05	
4.407187e+01	8.914051e-05	
4.406920e+01	8.077496e-05	
4.410175e+01	6.595709e-05	
4.583533e+01	6.151881e-05	
4.247013e+01	5.170983e-05	
4.411781e+01	6.181902e-05	
4.409493e+01	5.536099e-05	
4.407354e+01	5.763268e-05	
4.241487e+01	4.753319e-05	
4.407686e+01	4.350036e-05	
4.743046e+01	6.286443e-05	
4.406223e+01	5.064187e-05	
4.239492e+01	5.111926e-05	
4.409155e+01	5.686066e-05	
4.243472e+01	4.983185e-05	
4.411716e+01	5.756086e-05	
4.412342e+01	4.609683e-05	
4.579724e+01	4.877997e-05	
4.410712e+01	5.617610e-05	
4.576804e+01	5.061431e-05	
4.408407e+01	5.821970e-05	
4.408238e+01	4.801586e-05	
4.407758e+01	5.153380e-05	
4.577504e+01	3.962550e-05	
4.580879e+01	4.567947e-05	
4.584994e+01	5.019990e-05	
4.919285e+01	9.965255e-05	
4.580596e+01	1.589919e-04	
4.579026e+01	1.794361e-04	
3.552107e+01	2.382834e-04	
3.379301e+01	1.461005e-04	
4.240405e+01	1.268708e-04	
4.405935e+01	5.148764e-05	
4.241802e+01	6.249265e-05	
4.245319e+01	5.048504e-05	
4.415750e+01	6.568196e-05	
4.414040e+01	8.271912e-05	
4.242707e+01	6.623784e-05	
4.574326e+01	6.328366e-05	
4.742482e+01	7.630000e-05	
4.241947e+01	5.783428e-05	
4.412374e+01	5.316397e-05	
4.580831e+01	5.914222e-05	
4.577048e+01	4.020706e-05	
4.240074e+01	5.584086e-05	
4.239032e+01	4.422309e-05	
4.240578e+01	5.120957e-05	
4.073288e+01	5.377325e-05	
4.239742e+01	4.682211e-05	
4.574211e+01	4.889569e-05	
4.237877e+01	5.586125e-05	
4.741969e+01	4.882874e-05	
4.409153e+01	5.003643e-05	
4.410848e+01	4.807274e-05	
4.577529e+01	6.004556e-05	
4.407128e+01	5.366628e-05	
4.574102e+01	4.839997e-05	
4.407787e+01	3.479444e-05	
4.240042e+01	4.282443e-05	
4.407609e+01	5.223759e-05	
4.577288e+01	1.023448e-05	
4.409577e+01	2.773807e-05	
4.580523e+01	5.536736e-05	
4.750521e+01	1.089343e-04	
4.581114e+01	8.334210e-05	
4.243567e+01	1.128019e-04	
4.409603e+01	1.072064e-04	
3.548757e+01	1.627663e-04	
3.383463e+01	2.009580e-04	
4.407682e+01	1.602661e-04	
4.406826e+01	1.112086e-04	
4.575000e+01	5.680107e-05	
4.913523e+01	5.803769e-05	
4.415936e+01	7.741232e-05	
4.581922e+01	5.491595e-05	
4.411112e+01	4.456254e-05	
4.239843e+01	6.151221e-05	
4.408106e+01	5.096150e-05	
4.409200e+01	6.373471e-05	
4.745486e+01	6.460368e-05	
4.242061e+01	4.956547e-05	
4.575301e+01	5.756741e-05	
4.238013e+01	5.033041e-05	
4.239876e+01	4.934240e-05	
4.407320e+01	5.043369e-05	
4.578350e+01	3.142529e-05	
4.409511e+01	3.756141e-05	
4.407551e+01	3.360076e-05	
4.403889e+01	4.461206e-05	
4.574085e+01	4.097246e-05	
4.579418e+01	3.163088e-05	
4.411024e+01	4.772948e-05	
4.408239e+01	4.258457e-05	
4.407378e+01	5.088906e-05	
4.406542e+01	4.594106e-05	
4.406245e+01	2.042026e-05	
4.407566e+01	2.822013e-05	
4.409886e+01	1.322301e-05	
4.409427e+01	2.225234e-05	
4.409621e+01	5.001298e-05	
4.580023e+01	4.605657e-05	
4.582389e+01	7.851929e-05	
4.416252e+01	8.668733e-05	
4.411328e+01	7.720845e-05	
4.577149e+01	1.652372e-04	
3.546771e+01	2.013113e-04	
3.550327e+01	1.220724e-04	
4.074195e+01	1.312141e-04	
4.406601e+01	1.075646e-04	
4.240468e+01	3.245607e-05	
4.745469e+01	6.361868e-05	
4.580556e+01	5.247775e-05	
4.409811e+01	5.726472e-05	
4.911993e+01	6.152628e-05	
4.242022e+01	5.102176e-05	
4.243224e+01	5.781537e-05	
4.412409e+01	4.485551e-05	
4.243702e+01	5.169295e-05	
4.244372e+01	5.289174e-05	
4.409730e+01	6.039580e-05	
4.240217e+01	4.795392e-05	
4.407843e+01	4.381158e-05	
4.577437e+01	3.293699e-05	
4.413785e+01	2.660367e-05	
4.412595e+01	3.528920e-05	
4.074445e+01	3.228829e-05	
4.575606e+01	3.235028e-05	
4.409143e+01	4.946117e-05	
4.245286e+01	3.883754e-05	
4.581136e+01	3.498810e-05	
4.575930e+01	3.698684e-05	
4.573604e+01	4.258691e-05	
4.237087e+01	3.857164e-05	
4.406850e+01	2.760146e-05	
4.576526e+01	3.029140e-05	
4.580039e+01	2.396150e-05	
4.412934e+01	1.107258e-05	
4.411067e+01	2.503725e-05	
4.579978e+01	6.015443e-05	
4.416084e+01	4.944605e-05	
4.417337e+01	7.633491e-05	
4.578473e+01	1.607764e-04	
4.576879e+01	1.284505e-04	
3.208769e+01	2.670333e-04	
3.551557e+01	6.570617e-05	
4.076814e+01	8.137721e-05	
4.408584e+01	5.977016e-05	
4.577111e+01	4.384229e-05	
4.243710e+01	3.906767e-05	
4.412401e+01	5.902873e-05	
4.407956e+01	4.149861e-05	
4.575889e+01	5.897464e-05	
4.410134e+01	5.238116e-05	
4.577872e+01	4.309200e-05	
4.412372e+01	4.274892e-05	
4.243927e+01	4.016854e-05	
4.410651e+01	4.153699e-05	
4.408640e+01	5.018194e-05	
4.409536e+01	2.869574e-05	
4.745586e+01	3.206910e-05	
4.581655e+01	2.486155e-05	
4.415123e+01	2.667023e-05	
4.414388e+01	3.054785e-05	
4.745212e+01	3.186922e-05	
4.407050e+01	3.682582e-05	
4.410293e+01	5.003388e-05	
4.414519e+01	4.038689e-05	
4.582121e+01	3.102275e-05	
4.240658e+01	3.401815e-05	
4.239372e+01	2.571742e-05	
4.406155e+01	1.772273e-05	
4.577367e+01	2.995402e-05	
4.414034e+01	2.637393e-05	
4.250561e+01	4.319407e-05	
4.582147e+01	4.910569e-05	
4.409981e+01	3.143784e-05	
4.406150e+01	3.243726e-05	
4.409944e+01	6.012298e-05	
4.243261e+01	7.274975e-05	
4.241953e+01	5.507013e-05	
4.576706e+01	1.284527e-04	
3.545081e+01	1.852957e-04	
3.552931e+01	9.363212e-05	
4.243484e+01	8.933510e-05	
4.743752e+01	7.399121e-05	
4.408958e+01	1.693219e-05	
4.578514e+01	2.516762e-05	
4.578441e+01	1.934772e-05	
4.237701e+01	4.668570e-05	
4.238062e+01	4.119123e-05	
4.409277e+01	5.640975e-05	
4.577954e+01	4.274374e-05	
4.242582e+01	3.874187e-05	
4.576906e+01	3.855771e-05	
4.576757e+01	3.711067e-05	
4.408450e+01	3.227284e-05	
4.579574e+01	2.996945e-05	
4.246615e+01	3.455627e-05	
4.584647e+01	2.519733e-05	
4.919814e+01	2.793868e-05	
4.247098e+01	2.989782e-05	
4.576983e+01	4.298124e-05	
4.575850e+01	2.452209e-05	
4.411121e+01	4.101062e-05	
4.580671e+01	3.644054e-05	
4.579387e+01	2.764805e-05	
4.578439e+01	2.213085e-05	
4.576478e+01	2.142083e-05	
4.408033e+01	2.135601e-05	
4.413343e+01	2.670629e-05	
4.584638e+01	1.017474e-05	
4.589336e+01	4.442800e-05	
4.752710e+01	4.223687e-05	
4.577793e+01	4.273334e-05	
4.571769e+01	6.893434e-05	
4.234604e+01	5.884702e-05	
4.405027e+01	4.735425e-05	
4.239234e+01	5.248312e-05	
4.408702e+01	6.785175e-05	
3.547057e+01	1.928901e-04	
3.553503e+01	1.610528e-04	
4.410547e+01	5.758621e-05	
4.240909e+01	4.977571e-05	
4.411969e+01	4.342155e-05	
4.412498e+01	2.753557e-05	
4.410854e+01	4.077235e-05	
4.574137e+01	5.710392e-07	
4.404505e+01	2.898718e-05	
4.573690e+01	3.485988e-05	
4.242030e+01	4.056590e-05	
4.408430e+01	2.865379e-05	
4.407977e+01	3.005126e-05	
4.408488e+01	4.785885e-05	
4.407347e+01	2.260782e-05	
4.409992e+01	4.133082e-05	
4.245334e+01	2.460516e-05	
4.248572e+01	2.704477e-05	
4.583441e+01	3.489828e-05	
4.414927e+01	3.536453e-05	
4.577668e+01	2.081058e-05	
4.409663e+01	3.530270e-05	
4.412089e+01	2.618872e-05	
4.746034e+01	2.931839e-05	
4.579593e+01	3.572465e-05	
4.578732e+01	2.918182e-05	
4.579148e+01	4.980803e-06	
4.578614e+01	7.005433e-06	
4.577443e+01	2.576515e-05	
4.748583e+01	2.574649e-05	
4.586103e+01	3.638025e-05	
4.585830e+01	3.727847e-05	
4.413331e+01	4.957946e-05	
4.573517e+01	5.007441e-05	
4.402825e+01	6.954193e-05	
4.570375e+01	3.636055e-05	
4.406174e+01	2.794534e-05	
4.242574e+01	8.168089e-05	
3.720185e+01	1.667889e-04	
3.717952e+01	1.876216e-04	
4.242678e+01	5.831409e-05	
4.411265e+01	4.365473e-05	
4.580599e+01	1.558920e-05	
4.245027e+01	2.834053e-05	
4.412134e+01	3.252727e-06	
4.408611e+01	3.876808e-05	
4.406864e+01	3.450804e-05	
4.241300e+01	3.215290e-05	
4.578760e+01	3.901933e-05	
4.410942e+01	2.288171e-05	
4.409777e+01	1.812232e-05	
4.408824e+01	1.881874e-05	
4.408183e+01	3.154355e-05	
4.409109e+01	2.433437e-05	
4.745159e+01	2.360787e-05	
4.580020e+01	2.344359e-05	
4.580340e+01	2.973961e-05	
4.580028e+01	3.082835e-05	
4.578311e+01	3.059016e-05	
4.578706e+01	2.112303e-05	
4.243984e+01	2.928260e-05	
4.411221e+01	2.107183e-05	
4.577968e+01	4.476819e-05	
4.243183e+01	2.312539e-05	
4.079169e+01	1.861960e-05	
4.411321e+01	2.409068e-05	
4.406766e+01	1.251013e-05	
4.408197e+01	2.953118e-05	
4.580290e+01	2.324721e-05	
4.414733e+01	2.736353e-05	
4.414211e+01	2.766610e-05	
4.242233e+01	3.504916e-05	
4.406043e+01	4.890433e-06	
4.238101e+01	5.222114e-05	
4.241289e+01	3.783090e-05	
4.411814e+01	1.245029e-04	
3.551381e+01	5.531677e-05	
2.855592e+01	1.215544e-04	
3.549373e+01	7.313449e-05	
3.546359e+01	4.789062e-05	
3.551415e+01	4.376397e-05	
3.721405e+01	1.178822e-05	
3.722010e+01	1.202385e-05	
3.548237e+01	2.712009e-06	
3.378357e+01	9.945013e-06	
3.551383e+01	2.754360e-05	
3.212411e+01	8.871740e-06	
3.552710e+01	2.579993e-05	
3.721120e+01	2.007596e-05	
3.213706e+01	1.162030e-05	
3.377995e+01	1.130254e-05	
3.714802e+01	2.371106e-05	
3.376787e+01	1.720839e-05	
3.547673e+01	2.305924e-05	
3.551147e+01	2.956441e-05	
3.378000e+01	1.103095e-05	
3.551393e+01	1.978340e-05	
3.553782e+01	1.785111e-05	
3.550946e+01	9.971840e-06	
3.548356e+01	1.176520e-05	
3.717811e+01	1.986013e-05	
3.720345e+01	1.712993e-05	
3.721298e+01	1.644042e-05	
3.379700e+01	1.012654e-05	
3.549776e+01	2.761901e-05	
3.879178e+01	2.405797e-05	
3.543793e+01	1.044831e-05	
3.552673e+01	2.356030e-05	
3.721335e+01	3.067951e-05	
3.552148e+01	2.983556e-05	
3.379486e+01	1.697033e-05	
3.545866e+01	1.042384e-05	
3.548190e+01	1.927906e-05	
3.553450e+01	6.445015e-05	
2.859760e+01	1.537816e-04	
