0.116355 0.000045 0.000036
0.116485 0.000050 0.000035
0.117356 0.000052 0.000039
0.116704 0.000055 0.000040
0.116457 0.000046 0.000031
0.115492 0.000050 0.000039
0.116595 0.000051 0.000040
0.116977 0.000052 0.000043
0.115536 0.000053 0.000039
0.117601 0.000050 0.000037
0.115462 0.000056 0.000039
0.117048 0.000051 0.000038
0.117308 0.000049 0.000040
0.115295 0.000051 0.000035
0.117457 0.000043 0.000042
0.115414 0.000051 0.000037
0.116162 0.000045 0.000035
0.115983 0.000047 0.000036
0.116772 0.000051 0.000039
0.116533 0.000049 0.000033
0.117342 0.000052 0.000040
0.115919 0.000050 0.000035
0.115756 0.000054 0.000042
0.118471 0.000052 0.000037
0.118028 0.000046 0.000042
0.115149 0.000047 0.000036
0.116431 0.000053 0.000041
0.116938 0.000050 0.000037
0.117175 0.000051 0.000040
0.115301 0.000052 0.000039
0.117149 0.000046 0.000038
0.117077 0.000050 0.000037
0.115466 0.000050 0.000037
0.118150 0.000054 0.000043
0.116067 0.000054 0.000037
0.115896 0.000052 0.000037
0.115794 0.000054 0.000041
0.117501 0.000050 0.000038
0.116871 0.000051 0.000037
0.117690 0.000049 0.000034
0.117573 0.000047 0.000036
0.116365 0.000049 0.000035
0.117733 0.000053 0.000039
0.114630 0.000052 0.000043
0.116333 0.000052 0.000037
0.117359 0.000046 0.000037
0.117012 0.000047 0.000039
0.117496 0.000048 0.000037
0.115455 0.000053 0.000036
0.114759 0.000051 0.000036
