3.238047e-03	9.523147e-06	
1.618533e-03	1.920652e-05	
2.166325e-03	1.939204e-05	
5.053533e-03	8.990316e-07	
3.320492e-03	2.991319e-05	
4.791269e-03	9.235316e-06	
1.487185e-03	1.242796e-04	
3.131073e-03	7.654994e-05	
5.351376e-03	1.874367e-04	
1.238305e-02	1.687758e-04	
8.175998e-03	1.740717e-04	
1.301129e-02	2.311731e-04	
1.015671e-02	2.710147e-04	
1.974542e-03	2.054249e-04	
4.126345e-03	6.622090e-05	
6.835850e-03	2.625901e-05	
3.984997e-03	2.569229e-04	
7.759273e-03	1.074596e-04	
3.630130e-03	3.406628e-05	
2.736211e-03	1.000547e-04	
4.368430e-03	1.432913e-04	
5.331600e-03	4.350297e-05	
5.376813e-03	7.667142e-05	
2.036972e-03	3.807040e-05	
4.043413e-03	7.729511e-05	
8.454678e-03	2.576681e-04	
3.591467e-03	2.164620e-04	
1.487378e-03	1.518510e-04	
7.108036e-03	1.332096e-05	
4.429784e-03	1.645911e-04	
8.410112e-03	1.581306e-04	
6.926681e-03	9.073560e-05	
3.661367e-03	1.078230e-04	
1.140191e-02	7.526703e-05	
7.071085e-03	1.649501e-04	
1.045201e-02	1.215238e-04	
3.851987e-03	9.477134e-06	
8.775936e-03	2.046559e-05	
1.723828e-03	1.093575e-05	
4.641880e-03	4.420457e-05	
7.154112e-03	4.736529e-05	
4.022714e-03	1.534728e-05	
3.473299e-03	4.596911e-05	
3.128243e-03	1.284568e-04	
8.948197e-03	1.534107e-04	
8.362627e-03	1.013685e-05	
5.630801e-03	3.412165e-05	
1.037663e-02	3.989946e-05	
2.311845e-03	1.271410e-04	
2.250592e-03	1.578510e-05	
1.085417e-02	6.523050e-05	
2.760743e-03	1.097896e-04	
1.234640e-03	3.005922e-04	
1.017820e-02	4.153713e-05	
7.128835e-03	2.912159e-04	
3.094819e-03	2.225556e-04	
3.279883e-03	4.180540e-05	
6.574800e-03	1.462828e-04	
4.530791e-03	1.422071e-04	
5.713705e-03	1.057925e-04	
2.856296e-03	1.807785e-04	
6.869332e-03	1.236525e-04	
1.358001e-03	1.421683e-04	
8.227036e-03	1.802543e-04	
5.024210e-03	1.482125e-04	
7.390284e-03	8.523949e-05	
4.887215e-03	1.387168e-04	
8.325855e-03	1.616788e-04	
4.228263e-03	2.560066e-04	
3.340846e-03	2.028472e-04	
4.877401e-03	1.003826e-04	
6.658741e-03	1.268595e-04	
6.375276e-03	6.911758e-05	
7.420111e-03	3.012941e-05	
1.029925e-02	4.379337e-05	
5.274474e-03	5.503808e-05	
2.953387e-03	5.023457e-05	
1.178315e-03	5.572923e-05	
1.918465e-03	1.288439e-04	
4.367072e-03	8.246120e-05	
3.164075e-03	7.785571e-05	
4.195066e-03	1.091704e-05	
5.923320e-03	9.951672e-05	
4.683048e-03	7.517760e-05	
2.147656e-03	5.277216e-06	
2.964438e-03	2.868136e-05	
6.305072e-03	7.028413e-05	
1.195538e-02	6.265123e-05	
1.007564e-02	6.801027e-05	
9.359854e-04	4.093752e-05	
8.078517e-03	1.268153e-04	
8.603296e-03	2.105992e-04	
2.952826e-03	5.319170e-05	
6.647908e-03	3.899516e-05	
1.232417e-02	1.904788e-04	
1.088117e-02	1.642066e-05	
9.418613e-03	8.674696e-05	
5.116926e-03	1.041079e-04	
7.538888e-03	4.245355e-05	
5.347791e-03	6.566136e-05	
3.986833e-03	1.309694e-04	
2.060617e-03	1.679381e-04	
2.946565e-03	9.335822e-05	
4.968860e-03	1.406382e-04	
1.808768e-03	7.800963e-05	
7.261736e-03	4.042016e-05	
3.202401e-03	9.226133e-05	
8.896270e-03	5.437350e-05	
6.266000e-03	1.171088e-04	
2.146991e-03	4.701644e-05	
9.386907e-03	3.732733e-05	
8.534830e-03	1.599453e-05	
9.518338e-03	1.512019e-05	
4.441213e-03	4.204792e-06	
8.944326e-03	3.875124e-05	
6.352959e-03	1.680450e-04	
8.928199e-03	1.688860e-04	
3.749818e-03	1.496362e-04	
4.339147e-03	1.564985e-04	
5.405512e-03	7.296880e-05	
6.931006e-03	4.534194e-05	
1.041047e-02	6.442556e-05	
6.102560e-03	2.864496e-05	
2.117470e-03	1.728425e-05	
7.310236e-03	8.598277e-05	
7.148213e-03	1.753497e-05	
9.980421e-03	9.039116e-05	
2.415647e-03	5.466850e-05	
1.893982e-03	1.075086e-04	
1.634903e-03	2.363311e-04	
6.612974e-03	2.126598e-04	
1.072222e-02	1.164137e-04	
1.048536e-02	1.280980e-04	
6.582906e-03	2.204062e-05	
5.162749e-03	4.038843e-06	
1.524264e-03	5.082122e-05	
2.184777e-03	9.556384e-05	
4.062181e-03	5.866912e-05	
3.351682e-03	1.332611e-04	
2.754909e-03	2.279802e-05	
6.584066e-03	1.515644e-05	
9.063183e-03	2.260147e-04	
5.269288e-03	3.849956e-05	
6.358935e-03	1.032616e-05	
2.066954e-03	2.209067e-05	
1.439779e-03	9.419840e-06	
5.935792e-03	4.128144e-05	
4.650728e-03	2.686680e-05	
8.511149e-03	2.963574e-05	
8.165523e-04	8.320212e-06	
9.055051e-03	1.391640e-04	
2.486830e-03	1.595418e-05	
9.488307e-03	1.240405e-04	
4.104483e-03	1.751108e-04	
4.399498e-03	1.367278e-04	
4.964572e-03	1.010160e-04	
7.360989e-03	1.506851e-04	
3.646422e-03	1.206154e-04	
6.044704e-03	6.286759e-05	
9.233331e-03	1.447027e-04	
7.346607e-03	1.584145e-05	
2.783397e-03	8.912819e-05	
5.112761e-03	7.369581e-05	
2.841323e-03	7.447298e-05	
7.372106e-03	6.579492e-05	
2.944640e-03	1.425557e-04	
1.928358e-03	1.801270e-04	
8.938720e-03	1.800796e-04	
6.836353e-03	1.602233e-04	
2.333323e-03	1.019789e-04	
5.833351e-03	1.161877e-04	
1.013356e-02	7.756512e-05	
3.895457e-03	9.668622e-05	
5.042005e-03	8.847281e-05	
5.757112e-03	6.263858e-05	
1.140129e-02	8.864936e-05	
6.297887e-03	1.200415e-04	
5.978446e-03	4.912210e-05	
1.169273e-02	1.468445e-04	
3.722052e-03	7.882113e-05	
5.773519e-03	1.474694e-04	
3.118671e-03	3.018763e-05	
1.532293e-03	3.136679e-05	
1.016110e-02	4.367407e-05	
3.493402e-03	5.083960e-05	
2.214294e-03	1.551978e-05	
8.568354e-03	3.657311e-05	
7.737401e-03	5.100245e-05	
3.316810e-03	3.762749e-05	
8.047847e-03	1.446362e-04	
1.036986e-02	1.435205e-04	
4.447246e-03	1.168978e-04	
6.176357e-03	1.655413e-04	
4.214283e-03	7.437566e-05	
7.945902e-03	9.766347e-05	
4.268459e-03	1.196532e-04	
9.017631e-03	4.255093e-05	
8.663166e-03	4.665582e-05	
1.277897e-02	6.372675e-05	
9.084173e-03	1.252424e-04	
5.867385e-03	7.440749e-05	
1.590722e-03	1.395621e-05	
5.735791e-03	5.587158e-05	
4.596948e-03	3.601364e-05	
1.034466e-02	7.180325e-05	
2.121926e-03	6.858624e-05	
3.060994e-03	1.094556e-04	
6.560544e-03	9.267971e-05	
8.851604e-03	7.566460e-05	
8.843389e-03	6.918982e-05	
3.386649e-03	6.760998e-05	
5.198624e-03	2.855937e-05	
9.613774e-03	4.211377e-05	
8.048349e-03	2.365454e-05	
7.132257e-03	1.543637e-05	
4.067531e-03	1.969551e-05	
4.444579e-03	6.425411e-05	
1.310279e-03	2.158305e-05	
5.251253e-03	7.310260e-05	
3.387740e-03	2.271538e-05	
1.487834e-03	7.446277e-05	
5.001240e-03	1.991910e-05	
4.617752e-03	1.062094e-04	
5.887096e-03	1.086985e-04	
3.909648e-03	5.867246e-06	
4.006728e-03	6.782116e-05	
9.917008e-03	6.916169e-05	
9.660477e-03	6.202297e-05	
5.636695e-03	1.552163e-04	
1.549095e-03	2.608242e-04	
6.423074e-03	1.609760e-04	
1.662867e-03	2.318121e-04	
2.135130e-03	1.858363e-04	
6.359889e-03	2.742554e-04	
5.217580e-03	3.088968e-04	
7.020413e-03	3.484774e-04	
7.074471e-03	2.119426e-04	
1.147591e-02	1.885479e-04	
2.874692e-03	1.091162e-04	
9.889803e-03	1.138453e-04	
4.382780e-03	8.678317e-06	
3.630039e-03	7.556120e-05	
3.125369e-03	5.103120e-05	
6.165613e-03	1.001641e-04	
2.271314e-03	7.035616e-05	
4.173159e-03	8.404756e-05	
1.122706e-03	1.094962e-04	
5.387672e-03	1.527585e-04	
2.491132e-03	8.016930e-05	
4.005726e-03	3.314612e-05	
2.113787e-03	5.350116e-05	
3.710752e-03	5.353423e-05	
1.813205e-03	4.785712e-05	
2.631141e-03	8.351644e-05	
1.117379e-02	5.360176e-05	
1.098101e-03	1.213440e-05	
4.283659e-03	6.671109e-05	
5.285392e-03	4.169277e-05	
1.661827e-03	1.356534e-04	
9.613997e-03	7.170516e-05	
7.270971e-03	6.608683e-05	
1.224803e-03	7.174397e-05	
5.405662e-03	1.177630e-04	
5.511241e-04	1.684910e-05	
5.499090e-03	7.792487e-05	
8.643802e-03	9.258140e-05	
2.946892e-03	1.015929e-04	
2.625488e-03	1.117885e-04	
4.563897e-03	6.051897e-05	
8.183424e-03	2.138967e-04	
6.238828e-03	3.541460e-04	
2.000604e-03	3.216737e-04	
1.000396e-02	2.607316e-04	
6.843657e-03	1.476163e-04	
8.773115e-03	1.111648e-04	
9.000793e-03	1.691417e-04	
2.926704e-03	6.002916e-05	
5.191292e-03	8.355948e-05	
9.736295e-03	4.422231e-05	
3.873769e-03	7.102808e-05	
5.732426e-03	6.896390e-05	
8.230494e-03	9.409205e-05	
3.173972e-03	1.591014e-04	
8.576957e-03	1.300849e-04	
6.546434e-03	1.917761e-04	
5.194513e-03	1.472447e-04	
9.747317e-03	1.174318e-04	
6.754620e-03	9.658672e-05	
2.446381e-03	7.935282e-05	
7.013621e-03	5.277469e-05	
3.514221e-03	8.821951e-05	
2.981738e-03	2.246016e-05	
4.849031e-03	1.745119e-05	
5.796360e-03	2.099432e-05	
1.094028e-02	6.926405e-05	
5.697997e-03	8.844260e-05	
8.706310e-03	2.546160e-05	
5.171230e-03	6.496794e-05	
5.693496e-03	6.557163e-05	
8.307674e-03	1.093445e-04	
6.928650e-03	1.205816e-04	
8.601683e-03	4.858610e-05	
9.204814e-03	5.433116e-05	
3.604828e-03	3.487814e-04	
3.235081e-03	1.072904e-04	
5.270442e-03	6.027141e-05	
6.363097e-03	7.248187e-05	
4.907343e-03	1.066058e-04	
1.122601e-02	1.147847e-04	
6.103530e-03	2.704958e-04	
7.700061e-03	1.727257e-04	
4.396302e-03	1.888814e-04	
3.162176e-03	1.588890e-04	
3.569009e-03	1.384651e-04	
2.137083e-03	4.454035e-05	
1.317839e-02	7.357602e-05	
7.740749e-03	9.119961e-05	
6.269080e-03	6.404229e-05	
6.423451e-03	6.829465e-05	
1.523099e-04	1.291611e-04	
4.326253e-03	1.143321e-04	
7.214062e-03	1.203552e-04	
9.841683e-03	2.786566e-05	
9.555464e-04	4.789464e-05	
5.480821e-03	7.825727e-05	
4.617222e-03	1.614085e-05	
5.681247e-03	1.675124e-05	
3.694145e-03	2.691029e-05	
7.306127e-03	7.840666e-07	
4.558689e-03	4.096583e-05	
6.411374e-03	1.692479e-05	
6.101550e-03	2.647382e-05	
4.530616e-03	4.398906e-05	
4.779754e-04	3.517499e-05	
3.638232e-03	2.359464e-05	
7.275065e-03	5.672269e-06	
1.195411e-02	6.949896e-05	
4.669592e-03	9.349082e-05	
1.934768e-03	7.664683e-05	
2.349936e-03	5.761975e-05	
5.941701e-03	1.456261e-05	
5.851576e-03	2.401933e-04	
2.996207e-03	2.404642e-04	
3.530303e-03	2.279709e-04	
1.852890e-03	1.752229e-04	
7.599507e-03	9.383805e-05	
7.055707e-03	2.189154e-04	
7.129541e-03	2.554363e-04	
7.693802e-03	1.618288e-04	
4.583638e-03	1.241688e-04	
2.169920e-03	1.931477e-04	
5.655706e-03	2.130936e-05	
4.204864e-03	1.055097e-05	
4.318314e-03	1.196132e-06	
5.086088e-03	9.301562e-05	
5.335503e-03	1.259589e-04	
9.492117e-04	1.028763e-04	
3.919882e-03	1.184551e-04	
2.974447e-03	7.702647e-05	
3.102159e-03	1.127523e-04	
3.729849e-03	5.949003e-05	
2.679721e-03	4.990108e-05	
2.038217e-03	1.581556e-04	
3.191886e-03	6.367828e-05	
4.256689e-03	1.501814e-05	
2.895060e-03	2.286108e-05	
5.930258e-03	1.160420e-05	
2.931480e-03	4.004821e-05	
7.373564e-03	2.560499e-05	
5.190754e-03	3.658154e-05	
5.730635e-03	2.840517e-05	
9.758164e-04	2.287537e-05	
1.571296e-03	4.361555e-05	
2.324601e-03	1.422627e-04	
9.041415e-03	5.855151e-06	
7.488982e-03	1.415830e-04	
5.109838e-03	2.245658e-04	
2.760869e-03	1.887316e-04	
2.174061e-03	2.479964e-05	
5.777559e-03	2.373426e-04	
9.968925e-03	2.083991e-04	
7.074806e-04	2.365477e-04	
6.875997e-03	1.267017e-04	
3.468233e-03	2.304429e-04	
2.831487e-03	2.278854e-04	
9.669279e-03	1.913264e-05	
5.933556e-03	1.467546e-04	
3.128766e-03	7.871083e-05	
1.013672e-02	1.886554e-04	
1.503672e-03	1.694565e-05	
3.874766e-03	1.746018e-05	
4.437175e-03	2.917772e-05	
6.721458e-03	1.254554e-05	
5.974098e-03	2.304490e-05	
9.588836e-03	5.603219e-06	
5.547078e-03	3.605296e-05	
4.966585e-03	4.605733e-05	
4.620911e-03	1.244230e-04	
4.157495e-03	3.864251e-05	
2.714798e-03	9.871640e-05	
6.876352e-03	1.369723e-04	
1.045017e-02	1.640056e-04	
4.345371e-03	4.385486e-06	
3.278250e-03	3.326012e-07	
2.924395e-03	6.963502e-06	
4.873319e-03	3.244244e-05	
5.916629e-03	7.202082e-05	
3.475402e-03	7.355857e-05	
2.472607e-03	7.505721e-05	
2.837737e-03	7.384531e-06	
3.430320e-03	1.608811e-05	
9.352783e-03	9.964438e-05	
6.656996e-03	2.466601e-05	
8.392657e-03	2.856656e-05	
2.217569e-03	2.376968e-04	
2.958840e-03	5.294105e-05	
6.284031e-03	1.609290e-04	
5.512020e-03	1.877645e-04	
4.425552e-03	2.516217e-04	
6.827862e-03	1.353262e-04	
4.094378e-03	1.273575e-04	
5.206775e-03	2.242678e-04	
4.613374e-03	2.585582e-04	
1.540134e-03	1.919562e-04	
1.012009e-02	3.662533e-05	
1.038069e-03	1.987776e-04	
8.279498e-03	1.869384e-04	
4.444154e-03	7.652827e-05	
4.695856e-03	1.149244e-04	
2.860180e-03	2.398352e-06	
3.088871e-03	2.706174e-05	
7.184034e-03	8.688925e-06	
5.034913e-03	4.459606e-05	
4.484285e-03	8.630776e-05	
6.068598e-03	1.176651e-04	
5.545062e-03	1.280911e-04	
3.041280e-03	1.148104e-04	
6.929239e-03	1.142857e-04	
6.921998e-03	1.179734e-04	
6.414202e-03	1.620732e-04	
7.856934e-03	6.011340e-06	
5.050067e-03	1.910031e-05	
5.148330e-03	2.111019e-05	
5.779883e-03	2.256007e-05	
9.083954e-03	3.031032e-06	
2.162863e-03	9.100219e-05	
3.592582e-03	8.691609e-05	
5.797030e-03	4.636820e-05	
3.751409e-03	5.930908e-05	
5.883143e-03	1.210831e-04	
8.744148e-03	8.930737e-05	
1.214550e-02	1.091804e-04	
9.795184e-03	1.654118e-04	
1.179092e-02	1.593843e-04	
7.268667e-03	1.745613e-04	
2.320590e-03	1.561438e-04	
2.002788e-03	3.047495e-04	
4.139367e-03	3.538861e-04	
8.453056e-03	2.382997e-04	
2.578540e-03	3.244565e-04	
2.878501e-03	3.437271e-04	
8.925469e-03	3.803437e-04	
1.098019e-02	2.568276e-04	
5.456369e-03	2.293247e-04	
2.337641e-03	2.211812e-04	
6.231394e-03	5.044560e-05	
2.154459e-03	3.008948e-05	
3.649026e-03	1.476271e-05	
1.435026e-03	2.725307e-05	
6.365822e-03	3.805852e-05	
4.864188e-03	9.880098e-05	
6.995887e-03	1.152043e-04	
3.490086e-03	6.132107e-05	
8.208563e-03	8.840152e-05	
5.024881e-03	1.144068e-04	
2.354418e-03	7.509980e-05	
3.256169e-03	9.126689e-05	
6.941866e-03	1.181451e-04	
7.334767e-03	1.042780e-04	
3.625728e-03	1.438030e-05	
4.726629e-03	1.737333e-05	
5.173871e-03	7.999077e-05	
1.617748e-03	2.258054e-05	
5.904750e-03	1.687959e-06	
1.713159e-03	6.176535e-05	
1.945307e-03	6.107868e-05	
2.271721e-03	1.223650e-04	
3.552398e-03	1.889576e-04	
3.729088e-03	1.815923e-04	
2.590303e-03	9.591997e-06	
1.780218e-03	1.609674e-04	
7.031807e-03	9.537103e-05	
4.619361e-03	3.661812e-04	
4.713790e-03	3.363957e-04	
2.906618e-03	4.482790e-04	
7.831832e-03	4.073750e-04	
5.218287e-03	2.428849e-04	
3.990536e-03	3.697169e-04	
5.530822e-03	4.205171e-04	
1.020636e-02	2.235287e-04	
2.281226e-03	2.435566e-04	
1.167379e-03	2.343887e-04	
5.028112e-03	1.429100e-04	
4.119763e-03	1.625780e-05	
7.035668e-03	7.605456e-07	
5.938826e-03	5.443555e-05	
7.631318e-03	3.670884e-05	
7.522023e-03	7.559440e-05	
4.835699e-03	6.086256e-05	
4.664183e-04	5.511186e-05	
1.818712e-03	9.723561e-05	
1.584501e-03	1.063528e-04	
7.394898e-03	1.125950e-04	
5.810246e-04	8.484566e-05	
2.505108e-03	1.085830e-04	
1.578672e-03	1.245719e-04	
7.301604e-03	8.671749e-05	
5.654726e-03	1.291551e-05	
8.322452e-03	1.921943e-05	
3.538356e-03	4.667398e-05	
2.709963e-03	9.310233e-06	
1.132155e-02	1.237840e-05	
8.673942e-03	8.803753e-05	
1.791445e-03	9.538219e-05	
5.810480e-03	5.764516e-05	
8.345801e-03	2.173722e-04	
7.145222e-03	5.306486e-05	
5.644562e-03	1.040334e-04	
9.635979e-04	1.996710e-04	
4.411636e-03	1.719177e-04	
4.586490e-03	1.763980e-04	
3.278014e-03	3.856962e-04	
9.454707e-04	1.844675e-04	
1.047079e-02	3.516084e-04	
7.172458e-03	3.388486e-04	
4.378482e-03	3.546476e-04	
6.893168e-03	4.102874e-04	
6.797716e-03	1.631802e-04	
4.344369e-03	2.397947e-04	
2.412954e-03	2.400104e-04	
4.991569e-03	1.035710e-04	
6.851823e-03	9.598662e-05	
8.673777e-03	2.727656e-05	
6.415917e-03	4.914001e-05	
5.168590e-03	4.992601e-05	
5.655356e-03	3.433005e-05	
8.952819e-03	8.202030e-05	
1.613402e-03	8.212665e-05	
9.927965e-04	7.579901e-05	
1.798257e-03	1.450807e-04	
8.353289e-03	1.116289e-04	
4.566693e-03	1.589029e-04	
8.040001e-03	1.115310e-04	
9.819847e-03	8.737618e-05	
2.665906e-03	6.027518e-05	
1.030847e-03	3.273683e-05	
1.607068e-03	7.489274e-06	
8.067361e-03	1.343256e-05	
2.367905e-03	7.870351e-06	
6.760171e-03	5.037577e-05	
9.051059e-03	6.502221e-05	
9.832251e-03	1.236702e-04	
1.307294e-02	1.223921e-04	
4.522005e-03	8.693461e-05	
3.531543e-03	9.555955e-05	
6.468621e-04	1.001733e-04	
8.679745e-03	1.579820e-04	
3.754678e-03	1.940135e-04	
2.262361e-03	1.625719e-04	
2.424396e-03	1.683762e-04	
7.585697e-03	4.757274e-05	
9.716267e-03	3.774053e-04	
2.097749e-03	1.349077e-04	
2.545688e-03	3.727960e-04	
2.606241e-03	2.850147e-04	
9.087022e-03	2.382222e-04	
8.432000e-03	2.127336e-04	
5.721815e-03	1.358448e-04	
4.022796e-03	1.289807e-04	
4.769154e-03	1.055057e-04	
9.515258e-03	6.677534e-05	
1.163889e-02	7.563835e-05	
1.659025e-03	1.705211e-05	
8.022477e-03	2.457661e-05	
9.628685e-03	1.049213e-05	
7.441250e-03	1.004663e-05	
3.795766e-03	3.774022e-05	
5.699413e-03	1.552464e-05	
5.916081e-03	8.943309e-05	
1.363321e-03	8.565373e-05	
7.219051e-03	9.433617e-05	
3.566037e-03	8.818521e-05	
1.395763e-03	4.146624e-06	
6.727060e-03	2.335917e-05	
6.009059e-03	3.372776e-05	
1.121787e-02	4.037226e-05	
2.513896e-03	3.366411e-05	
1.878007e-03	4.359500e-05	
2.934337e-03	5.757232e-05	
2.942974e-03	7.461921e-05	
4.998433e-03	2.978697e-05	
8.835376e-03	7.733624e-05	
9.492544e-03	9.016693e-05	
6.453087e-03	1.090091e-04	
6.974534e-03	3.421962e-04	
9.239335e-03	3.365781e-04	
9.097162e-03	1.787236e-04	
6.353769e-03	3.887717e-04	
3.531805e-03	1.852848e-04	
4.656682e-03	3.329496e-04	
6.150366e-03	2.147449e-04	
4.207791e-03	2.358214e-04	
5.075859e-03	2.862401e-04	
3.162008e-03	2.913380e-04	
4.869507e-03	2.583678e-04	
2.355291e-03	1.427838e-04	
1.227432e-02	1.696545e-04	
6.445167e-03	1.625802e-04	
1.270774e-02	1.016613e-04	
1.129692e-02	8.205401e-05	
6.223709e-03	3.202433e-05	
5.855124e-03	7.535591e-05	
8.544241e-03	2.604738e-05	
5.533203e-03	5.249044e-05	
8.659505e-03	5.092243e-05	
6.451680e-03	5.986451e-05	
3.153593e-03	1.384478e-04	
6.177728e-04	7.788850e-05	
3.734788e-03	1.012330e-04	
1.100109e-03	8.467863e-05	
2.672986e-03	9.815162e-05	
5.960755e-03	3.425723e-05	
7.175172e-04	4.488925e-05	
9.779658e-03	3.380099e-05	
3.397820e-03	1.247803e-05	
4.737201e-03	4.263630e-05	
5.273323e-03	9.846148e-05	
6.028494e-03	1.513117e-05	
5.841868e-03	7.992886e-05	
6.382831e-03	6.847403e-05	
3.467109e-03	6.607662e-05	
8.168084e-03	2.681287e-05	
6.078943e-03	3.911422e-04	
2.743126e-03	1.714591e-04	
3.369143e-03	1.665998e-04	
1.032658e-02	4.032915e-04	
4.070981e-03	2.511224e-04	
4.457024e-03	3.312500e-04	
5.169492e-03	2.001204e-04	
4.127733e-03	2.067632e-04	
5.204256e-03	7.683479e-05	
1.769885e-03	2.709004e-04	
3.343084e-03	2.622472e-04	
5.995541e-03	1.598278e-04	
7.142658e-03	1.664021e-04	
2.541656e-03	9.617232e-05	
4.689636e-03	9.340058e-05	
4.894660e-03	1.600241e-05	
1.026800e-02	5.219133e-05	
1.016307e-02	7.654870e-05	
6.280298e-03	8.409506e-05	
4.995747e-03	5.170972e-05	
6.561359e-03	7.410890e-05	
1.779407e-03	9.113941e-05	
8.616695e-03	1.486390e-04	
8.757393e-03	1.375375e-04	
6.214722e-03	9.791798e-05	
7.462480e-03	1.136785e-04	
4.296146e-03	8.568471e-05	
3.935514e-03	4.787532e-05	
5.783057e-03	6.473690e-06	
7.439271e-03	6.698040e-06	
1.853887e-03	4.125973e-06	
5.896908e-03	2.603446e-05	
5.230263e-03	1.131367e-04	
8.103737e-03	1.526154e-04	
3.283609e-03	1.953213e-04	
9.817619e-03	1.609692e-04	
2.912486e-03	1.912786e-04	
5.635100e-03	3.287632e-04	
7.701721e-03	4.238675e-04	
9.194625e-03	2.372826e-04	
1.142948e-02	1.998056e-04	
8.646657e-03	4.085594e-04	
5.866445e-03	2.705745e-04	
2.764419e-03	2.202362e-04	
7.323304e-03	1.656979e-04	
8.913851e-03	1.451377e-04	
3.936328e-03	9.253254e-05	
9.302217e-03	1.346844e-04	
9.789244e-03	1.726214e-04	
4.614581e-03	1.859368e-04	
9.536906e-03	2.013198e-04	
6.370686e-03	6.276313e-05	
5.182435e-03	2.152678e-05	
6.675748e-03	5.219500e-06	
6.298860e-03	7.859568e-05	
1.348525e-03	1.159922e-04	
3.114717e-03	6.699609e-05	
5.423529e-03	9.111308e-05	
5.894881e-03	1.007093e-04	
7.945540e-04	9.024556e-05	
1.078680e-03	1.100213e-04	
7.835107e-03	8.419709e-05	
8.345883e-03	1.082847e-04	
3.620587e-03	1.351218e-04	
7.631037e-03	1.279598e-04	
9.215359e-03	6.682584e-05	
1.233322e-02	6.371618e-05	
8.458509e-03	4.528291e-06	
8.158874e-03	2.058620e-05	
8.756766e-03	2.243468e-05	
6.726908e-03	4.225643e-05	
8.657883e-03	6.315586e-05	
8.441516e-03	1.378175e-04	
6.534891e-03	1.600407e-04	
5.324603e-03	2.527555e-04	
1.637804e-03	1.662652e-04	
1.184337e-02	5.656161e-04	
7.357573e-04	5.826920e-04	
5.857003e-03	4.736690e-04	
6.803062e-03	6.856215e-04	
4.227694e-03	2.642697e-04	
1.612224e-03	7.893253e-05	
7.573251e-03	1.685948e-04	
3.681304e-03	4.541827e-05	
2.465147e-03	1.517332e-04	
1.930417e-03	1.595924e-04	
7.713498e-03	4.219730e-05	
6.985990e-03	1.370300e-04	
8.192207e-03	7.192090e-05	
5.296763e-03	5.045504e-05	
5.731823e-03	9.064165e-06	
4.227221e-03	6.725181e-05	
4.831984e-03	5.884979e-05	
3.702776e-03	7.149351e-05	
3.558613e-03	7.680858e-05	
7.749266e-04	8.235988e-05	
5.316198e-03	4.874311e-05	
1.556358e-03	7.520850e-05	
3.134988e-03	8.865208e-05	
3.932441e-03	8.128270e-05	
7.124395e-03	1.058070e-04	
7.859767e-03	1.033869e-04	
2.697268e-03	1.109159e-04	
2.351142e-03	1.205752e-04	
6.194189e-03	7.322889e-05	
4.053245e-03	5.821195e-05	
1.000157e-02	2.510493e-05	
7.596258e-03	2.770978e-05	
6.756291e-03	5.757814e-05	
6.060456e-03	6.728065e-05	
5.739061e-03	1.458177e-04	
5.466170e-03	1.723015e-04	
8.096280e-03	1.363008e-04	
7.599791e-03	1.396084e-04	
6.268810e-03	4.888519e-04	
4.314344e-03	5.734105e-04	
7.509295e-03	3.281302e-04	
4.908275e-03	4.855575e-04	
1.006558e-02	2.214028e-04	
1.199324e-02	7.771353e-05	
1.924681e-03	2.156697e-04	
7.032421e-03	4.432191e-05	
4.803452e-03	5.294524e-05	
7.190721e-04	7.475794e-05	
2.452780e-03	4.517144e-06	
1.812425e-03	6.888766e-06	
9.492498e-03	4.760925e-05	
3.707746e-03	6.302488e-05	
3.170343e-03	8.668382e-05	
4.577583e-03	4.843012e-05	
3.670568e-03	5.009621e-05	
4.583865e-03	4.184854e-05	
7.182003e-03	6.008264e-05	
7.314858e-03	6.782864e-05	
9.235975e-03	6.595614e-05	
4.014065e-03	9.834679e-05	
5.469031e-03	9.001853e-05	
4.876352e-03	9.201237e-05	
4.144388e-03	8.504116e-05	
2.129950e-03	8.535047e-05	
3.527742e-03	8.278019e-05	
4.611476e-03	7.435789e-05	
3.337009e-03	7.194442e-05	
7.591700e-04	3.013971e-05	
5.692789e-03	2.283595e-05	
1.061245e-02	3.222880e-05	
7.901918e-03	6.009238e-05	
7.072485e-04	1.050277e-04	
9.552393e-03	1.228001e-04	
8.544363e-03	1.044814e-04	
6.652935e-03	2.071832e-04	
4.436953e-03	2.252726e-04	
9.766254e-05	4.379575e-04	
8.026404e-03	3.350542e-04	
8.406684e-04	1.312161e-04	
8.299584e-03	4.661434e-04	
4.431451e-03	2.858376e-04	
2.390730e-03	6.620352e-05	
4.880159e-03	6.516469e-05	
8.620020e-03	5.112592e-05	
5.731440e-03	1.220974e-05	
5.132913e-03	5.544882e-05	
2.143856e-03	3.645742e-05	
4.249220e-03	3.988957e-06	
1.729981e-03	2.458213e-05	
5.495684e-03	1.812728e-06	
5.997686e-03	1.701252e-05	
1.233815e-02	1.513300e-05	
1.784335e-03	2.998125e-06	
1.827854e-03	4.915375e-05	
1.873619e-03	6.760938e-05	
6.552218e-03	9.116658e-05	
2.788083e-03	7.261139e-05	
5.997435e-03	9.739535e-05	
8.042428e-03	1.005959e-04	
3.070729e-03	7.758766e-05	
7.094206e-03	5.781905e-05	
6.225719e-03	1.009351e-04	
8.644971e-03	8.161398e-05	
5.329775e-03	4.735894e-05	
4.662110e-03	3.577313e-05	
4.051753e-03	1.402193e-06	
5.902519e-03	4.681656e-05	
2.361643e-03	4.980053e-05	
5.967502e-03	1.724829e-06	
5.050747e-03	4.941601e-05	
4.775348e-03	1.039548e-04	
4.350826e-03	1.101824e-04	
2.439125e-03	1.793375e-04	
8.315701e-03	2.831241e-04	
9.377418e-03	3.063080e-04	
5.750642e-03	3.183344e-04	
5.071270e-03	9.107853e-05	
6.245036e-03	4.409855e-04	
3.577536e-03	5.335585e-04	
6.649246e-04	7.559270e-05	
8.295981e-03	4.402416e-05	
6.458533e-03	1.339211e-04	
1.896781e-03	8.769631e-05	
1.019231e-02	1.967051e-05	
3.675470e-03	5.006690e-05	
2.905203e-03	1.004387e-05	
1.189502e-02	3.385611e-05	
4.699164e-03	5.941139e-05	
4.755278e-03	2.628311e-05	
4.561672e-03	3.929881e-05	
2.477276e-03	8.200319e-05	
5.709970e-03	6.441234e-05	
4.597776e-03	9.479735e-05	
3.588326e-03	8.844947e-05	
5.337412e-03	7.879364e-05	
5.437314e-03	9.724112e-05	
2.887158e-03	1.013849e-04	
5.914117e-03	9.656067e-05	
7.597591e-03	1.343078e-04	
4.448958e-03	1.156962e-04	
6.716189e-03	1.285766e-04	
6.715918e-03	6.061988e-05	
3.718945e-03	4.305419e-05	
1.152479e-03	1.272836e-06	
1.155266e-02	2.263131e-05	
9.889750e-03	5.702517e-06	
1.062762e-02	5.476730e-05	
5.972257e-03	4.282128e-05	
8.221384e-03	7.347474e-05	
3.941887e-03	1.020078e-04	
4.102240e-03	2.073038e-04	
7.162034e-03	1.668588e-05	
1.983705e-03	2.296953e-04	
6.524744e-03	2.683602e-04	
3.509720e-03	2.677956e-04	
3.635336e-03	4.962074e-04	
7.914177e-03	4.085204e-04	
6.002567e-03	1.529231e-04	
9.046311e-03	1.295669e-04	
9.930898e-03	1.423495e-04	
3.857602e-03	9.010632e-05	
7.399172e-03	2.736899e-05	
4.665501e-03	3.599011e-05	
1.199683e-02	2.868624e-05	
6.396766e-03	6.592132e-05	
8.880980e-03	9.704877e-05	
1.052191e-02	1.701116e-05	
5.210358e-03	9.062806e-05	
1.443820e-03	7.569164e-05	
1.830890e-03	6.889473e-05	
5.268543e-03	7.513617e-05	
5.908532e-03	7.765628e-05	
8.077437e-03	7.863036e-05	
6.364301e-03	6.429533e-05	
2.532301e-03	1.206573e-04	
3.307578e-03	8.414446e-05	
1.141960e-02	1.301409e-04	
3.200409e-03	1.598052e-04	
3.587935e-03	1.967425e-04	
9.635769e-03	6.368602e-05	
2.348180e-03	5.583508e-05	
6.952310e-03	4.280016e-05	
1.230631e-02	1.361550e-05	
8.837337e-03	7.468830e-05	
6.345497e-03	6.454243e-06	
7.173093e-03	6.912940e-05	
2.854169e-03	7.957624e-05	
6.783221e-03	1.103328e-05	
3.173712e-03	7.921652e-05	
2.347057e-03	1.336398e-05	
6.886748e-03	1.063273e-05	
3.039262e-03	2.550573e-04	
8.042128e-03	1.332186e-04	
5.443208e-03	6.033032e-04	
4.575830e-04	8.138459e-04	
2.209286e-03	5.637065e-05	
5.294004e-03	1.140613e-04	
7.284612e-03	3.132176e-04	
6.192862e-03	9.851293e-05	
6.071380e-03	1.303725e-04	
5.908230e-03	1.698952e-04	
4.197920e-03	4.828415e-05	
3.835812e-03	6.131757e-05	
4.786319e-03	6.421059e-05	
1.036502e-02	1.111431e-04	
5.446897e-03	4.647517e-05	
7.329296e-03	4.330071e-05	
3.448526e-03	1.012351e-04	
7.566864e-03	1.087723e-04	
3.055522e-03	1.289375e-04	
8.394957e-03	8.289083e-05	
6.807043e-03	9.883250e-05	
4.748845e-03	9.120021e-05	
4.806648e-03	9.466094e-05	
2.230534e-03	3.595749e-05	
1.062306e-02	6.579191e-05	
3.450240e-03	1.043676e-04	
8.044397e-03	3.120646e-05	
4.160560e-03	1.341386e-05	
4.254209e-03	8.509018e-05	
2.739523e-03	8.504142e-05	
3.914157e-03	4.187635e-05	
6.022623e-03	4.334681e-05	
3.900732e-03	2.162653e-05	
5.159550e-03	1.139761e-04	
2.496268e-03	6.202006e-05	
4.656687e-03	7.930235e-05	
3.928584e-03	4.985762e-05	
7.450697e-03	4.440953e-05	
6.633278e-03	1.312016e-04	
5.487461e-03	2.501579e-05	
6.846566e-03	4.611649e-04	
4.970826e-03	6.326446e-04	
3.711137e-03	2.727858e-04	
6.502899e-03	2.766656e-04	
1.383896e-02	3.186424e-04	
5.582336e-03	1.125143e-04	
1.300490e-03	1.386276e-04	
5.156853e-03	1.631224e-04	
2.860476e-03	3.579959e-05	
4.823341e-04	4.677784e-05	
3.239242e-03	2.013518e-05	
1.289733e-03	8.152369e-05	
2.573702e-03	1.005821e-04	
7.887499e-03	8.716723e-05	
2.772154e-03	9.753293e-05	
7.453322e-04	1.372870e-04	
5.465210e-03	1.231083e-04	
8.159805e-03	1.482995e-04	
1.050735e-02	1.193286e-04	
2.659296e-03	1.154889e-04	
5.811130e-03	9.392624e-05	
1.047639e-03	1.082710e-04	
4.081877e-03	7.178229e-05	
3.715005e-03	5.923610e-05	
8.146573e-03	2.244074e-05	
8.891500e-04	2.565547e-05	
6.701783e-03	8.361891e-05	
6.004433e-03	1.562188e-05	
8.744189e-03	5.007633e-06	
5.506003e-03	1.277509e-05	
3.089708e-03	1.253139e-05	
4.275565e-03	6.517108e-05	
4.038986e-03	7.623925e-05	
5.756244e-03	4.500962e-05	
3.299916e-03	7.874698e-06	
3.686166e-03	9.135357e-05	
4.736323e-03	1.807782e-04	
2.434533e-03	6.690198e-05	
2.085999e-03	6.990581e-04	
2.560927e-03	5.326116e-04	
6.490136e-03	2.424314e-04	
3.926141e-03	1.709747e-04	
3.843173e-03	2.156556e-04	
5.912643e-03	1.978020e-05	
7.993648e-03	4.459807e-05	
5.859320e-03	8.782520e-05	
2.441119e-03	7.911632e-05	
5.187188e-03	1.010463e-04	
6.266732e-03	7.016734e-05	
9.352012e-03	7.416422e-05	
2.896018e-03	1.117855e-04	
3.020062e-03	1.357268e-04	
3.515785e-03	1.238652e-04	
4.256433e-03	7.079606e-05	
5.621423e-03	7.536973e-05	
6.075159e-03	9.302062e-05	
7.361634e-03	1.049777e-04	
5.860563e-03	6.279344e-06	
2.695829e-03	8.752926e-05	
7.865979e-03	1.213674e-04	
5.727369e-03	6.450242e-05	
1.473911e-02	5.480762e-05	
9.508608e-03	8.238121e-05	
2.403768e-03	2.278253e-05	
9.895892e-03	1.042190e-04	
5.120382e-03	1.857739e-05	
4.123175e-03	1.923614e-05	
3.040146e-03	8.222163e-06	
3.927565e-03	3.818303e-05	
1.815338e-03	6.353532e-05	
5.422900e-03	5.266213e-05	
7.800435e-03	6.181282e-05	
7.682686e-03	4.194012e-05	
2.920304e-03	3.792156e-06	
7.960548e-03	1.134147e-04	
3.166372e-03	6.149632e-05	
4.981737e-03	2.416081e-04	
7.026604e-03	6.392819e-04	
1.127475e-02	6.305642e-04	
7.322679e-03	2.501698e-04	
5.731746e-03	1.991143e-04	
6.300915e-03	4.703083e-05	
3.718770e-03	5.218444e-05	
3.827236e-03	8.601944e-05	
4.824028e-03	2.024780e-05	
6.204498e-03	3.860824e-05	
2.558536e-03	6.297796e-05	
5.502598e-03	9.277357e-05	
1.724735e-03	7.353433e-05	
7.475958e-03	9.356586e-05	
2.240244e-03	1.224994e-04	
2.910534e-03	9.223495e-05	
8.437169e-03	8.719139e-05	
8.845236e-03	1.032580e-04	
3.674571e-03	8.830780e-05	
7.002325e-03	1.131180e-05	
3.342023e-03	7.208747e-05	
2.432613e-03	6.609756e-05	
3.891579e-03	1.803000e-05	
9.542568e-03	6.389736e-05	
7.628886e-03	3.116886e-05	
5.602831e-03	5.388075e-05	
8.682212e-03	4.351681e-05	
5.365112e-03	4.282495e-06	
3.860127e-03	5.579372e-05	
2.544025e-03	4.744230e-05	
5.961329e-03	2.861397e-05	
6.911727e-03	3.650792e-05	
7.008524e-03	5.131088e-05	
1.292175e-02	5.864818e-05	
1.075178e-03	6.046586e-05	
5.484244e-03	5.446827e-05	
9.969442e-03	6.819347e-05	
5.245805e-03	1.865894e-04	
1.627255e-03	4.345332e-04	
3.505768e-03	9.382026e-05	
3.415002e-03	7.238880e-04	
4.062044e-03	1.749683e-04	
3.237896e-03	1.340465e-04	
2.006472e-03	1.569523e-04	
4.733727e-03	1.292426e-04	
8.742703e-03	3.764346e-05	
1.144416e-02	8.480831e-05	
3.027225e-03	4.323915e-05	
8.411831e-03	5.404097e-05	
4.912564e-03	7.794569e-05	
6.569864e-03	1.398226e-04	
5.041669e-03	9.790135e-05	
7.077810e-03	1.273508e-04	
4.062773e-03	1.428627e-04	
3.477436e-03	1.283239e-04	
1.672814e-03	9.756824e-05	
1.932318e-03	6.864021e-05	
3.421778e-03	4.864730e-05	
2.316987e-03	6.056718e-05	
4.107256e-03	2.924393e-05	
2.450805e-03	4.628659e-05	
4.100451e-03	3.511522e-05	
8.349065e-03	1.693803e-05	
5.100465e-03	3.194864e-06	
3.358141e-03	1.517211e-05	
3.629836e-03	5.571337e-05	
2.202988e-03	2.241885e-05	
1.673432e-03	2.004158e-05	
1.412790e-03	2.164930e-05	
7.353675e-03	1.377160e-05	
3.064068e-03	9.418106e-05	
4.197033e-03	1.027889e-04	
7.212643e-03	1.434400e-04	
2.155429e-03	1.793158e-04	
3.649681e-03	1.432193e-04	
6.505136e-03	2.721710e-04	
4.754386e-03	6.003745e-04	
8.430135e-03	5.938246e-04	
4.929494e-03	5.266715e-04	
4.185271e-03	1.659683e-04	
2.849983e-03	9.335273e-05	
5.257441e-03	8.609183e-05	
1.261031e-03	1.017650e-04	
3.075775e-03	1.420326e-05	
4.610299e-03	6.075871e-05	
6.573369e-03	6.442308e-05	
6.876017e-04	1.518080e-05	
3.956291e-03	6.883678e-05	
5.410995e-03	1.116112e-04	
9.073989e-03	4.798351e-05	
3.486338e-03	9.702973e-05	
3.152796e-03	4.033840e-05	
5.574954e-03	4.958141e-05	
8.021196e-03	3.630531e-05	
5.144744e-03	3.215555e-05	
9.225198e-03	9.816590e-06	
5.626626e-03	2.228837e-05	
8.986265e-03	4.269786e-05	
1.081074e-02	5.117973e-05	
2.932001e-03	7.752859e-05	
3.323502e-03	3.150700e-05	
7.491341e-03	4.356232e-06	
5.129818e-03	3.198629e-05	
6.233352e-03	3.883152e-05	
3.760799e-03	1.462841e-05	
4.624926e-03	5.975165e-05	
2.118668e-03	4.464152e-05	
7.037088e-03	8.273910e-06	
7.672039e-03	1.956176e-05	
5.464641e-03	9.792586e-05	
6.553415e-03	1.727587e-04	
6.225792e-03	1.514155e-04	
5.937259e-03	2.208133e-04	
7.734976e-03	3.447036e-04	
6.607162e-03	2.023885e-04	
6.912849e-03	4.454260e-04	
6.951640e-03	4.008349e-04	
3.142455e-03	3.298880e-04	
5.995269e-03	2.891972e-05	
1.627292e-03	3.784725e-05	
1.071492e-03	1.492565e-04	
8.445988e-03	7.928595e-06	
5.992207e-03	4.582066e-05	
5.925191e-03	2.874298e-05	
3.742328e-03	1.997601e-05	
4.043352e-03	2.717977e-05	
3.666662e-03	6.388407e-06	
5.637910e-03	3.135882e-05	
5.275510e-03	6.394445e-05	
1.901564e-03	6.465793e-05	
1.168619e-02	7.482254e-05	
4.210591e-03	3.404804e-05	
3.826997e-03	1.941903e-05	
6.694842e-03	4.653997e-06	
8.532359e-03	3.143254e-05	
8.219849e-03	3.029241e-05	
7.165689e-03	6.668547e-06	
1.401096e-03	5.286385e-05	
7.112666e-03	5.008717e-05	
1.459331e-03	1.161012e-05	
2.571571e-03	4.479654e-05	
8.530391e-04	5.582093e-06	
3.182882e-03	2.631105e-05	
5.119759e-03	4.130423e-05	
4.866338e-03	6.654145e-05	
7.853276e-03	2.948881e-05	
3.800955e-03	4.009028e-05	
3.244396e-03	1.230723e-04	
5.297505e-03	1.497057e-04	
6.075374e-03	8.543972e-05	
1.086835e-02	2.495607e-04	
4.107503e-03	3.265205e-04	
5.959004e-03	4.923090e-04	
1.847351e-03	3.098532e-04	
4.409667e-03	3.566860e-04	
1.146957e-02	3.971917e-04	
9.365846e-03	1.599596e-04	
1.261297e-02	2.088427e-04	
4.440610e-03	1.254511e-04	
5.168008e-03	1.999889e-05	
6.450253e-03	5.008499e-05	
9.068019e-03	2.197264e-05	
7.357667e-03	3.528603e-06	
5.215831e-03	4.108702e-05	
6.035001e-03	6.677739e-05	
2.951210e-03	5.798989e-05	
5.187037e-03	4.908638e-05	
5.270179e-03	2.643332e-05	
4.779469e-03	2.936975e-05	
4.214592e-03	2.019956e-05	
5.293164e-03	3.051449e-05	
4.651839e-03	1.769450e-05	
9.462374e-03	5.732228e-05	
3.721315e-03	5.399973e-05	
7.122640e-04	2.513187e-05	
7.070727e-03	2.547417e-06	
7.919139e-03	1.791409e-05	
2.350354e-03	5.498870e-05	
3.444219e-03	1.190230e-06	
9.151557e-03	7.645791e-06	
2.586503e-03	1.380355e-04	
5.548277e-03	1.773534e-04	
8.344895e-03	1.797442e-04	
8.714466e-03	2.085058e-04	
4.182738e-03	1.396402e-04	
2.977714e-03	8.315052e-05	
6.284519e-03	1.416378e-04	
5.455322e-03	1.193992e-04	
2.706610e-03	2.360049e-04	
4.111344e-03	2.572877e-04	
1.156476e-02	4.762599e-04	
4.201601e-03	2.767862e-04	
2.331440e-03	7.138611e-05	
8.981212e-03	3.880380e-04	
6.086984e-03	6.180058e-05	
6.990047e-04	1.328181e-04	
4.505801e-03	2.905744e-05	
6.247471e-03	1.178136e-05	
6.057536e-03	3.645694e-05	
4.260885e-03	1.428123e-05	
6.628498e-03	2.799144e-05	
1.875077e-03	3.696045e-05	
5.494762e-03	1.757491e-05	
1.059674e-02	1.956152e-05	
1.640194e-03	1.844072e-05	
2.777415e-03	1.160419e-05	
5.207526e-03	4.183853e-05	
4.140929e-03	1.406930e-05	
1.917534e-03	6.991264e-06	
9.819134e-03	5.858739e-05	
5.865088e-03	6.845621e-05	
2.720703e-03	7.017469e-05	
7.440447e-03	9.143308e-06	
5.924304e-03	1.336128e-05	
1.135285e-02	1.084280e-05	
7.517306e-03	1.427026e-05	
5.124526e-03	2.242825e-05	
6.097739e-03	1.222168e-05	
3.908987e-03	8.515797e-05	
7.714627e-04	9.716033e-05	
3.896881e-03	1.138796e-04	
1.531391e-03	1.750574e-04	
3.489708e-03	1.268763e-04	
1.392208e-03	1.243212e-04	
3.275383e-03	1.571288e-04	
1.818597e-03	1.928932e-04	
5.571229e-03	1.697243e-04	
8.520068e-03	4.806313e-04	
6.344890e-03	9.528135e-04	
9.910419e-03	2.462783e-04	
6.543855e-03	2.384187e-04	
1.921759e-03	4.204828e-05	
9.863278e-03	5.434682e-05	
3.208125e-03	1.444148e-04	
2.169012e-03	2.423946e-05	
5.380666e-03	2.411824e-05	
1.288829e-03	3.331270e-05	
6.359199e-03	4.643263e-05	
6.606439e-03	2.260154e-05	
4.039622e-03	5.429499e-06	
2.479341e-03	1.258650e-05	
1.060842e-03	6.280794e-06	
1.888431e-03	6.461399e-07	
5.476706e-03	1.349715e-05	
9.439148e-03	3.327828e-05	
2.452843e-03	4.620121e-05	
6.855273e-03	1.573071e-05	
3.403110e-03	3.610534e-05	
2.503950e-03	4.290280e-05	
5.793789e-03	8.079059e-05	
7.871037e-03	9.235136e-05	
4.007944e-03	1.197180e-06	
8.225458e-03	2.106006e-05	
3.817461e-03	1.217242e-05	
4.305680e-03	3.499726e-05	
9.069516e-03	3.171263e-05	
9.299547e-03	9.180097e-05	
4.143231e-03	6.890623e-05	
5.426162e-03	8.062313e-05	
7.337582e-03	2.688141e-05	
7.065318e-03	3.409495e-05	
7.989950e-03	9.318569e-05	
3.318968e-03	7.167216e-05	
1.821519e-03	1.628383e-04	
1.032414e-03	1.579277e-04	
4.259301e-03	4.551498e-04	
4.265279e-03	5.326251e-04	
3.704995e-03	1.438429e-04	
1.134849e-02	2.033269e-04	
2.669229e-03	6.943611e-06	
3.972095e-03	3.620706e-05	
5.256903e-03	1.847344e-04	
5.435179e-03	8.227999e-05	
5.438264e-03	1.443762e-06	
8.509492e-03	2.147871e-05	
6.278632e-03	5.291621e-05	
2.243502e-03	3.006984e-06	
2.798900e-03	1.567416e-05	
2.192324e-03	2.415587e-05	
6.338587e-03	1.523499e-05	
8.529937e-03	3.895826e-05	
5.953790e-03	4.065077e-05	
2.305722e-03	1.971842e-05	
7.805411e-03	3.592087e-06	
2.157780e-03	4.561648e-05	
3.193816e-04	2.174772e-05	
2.728764e-03	4.237381e-05	
3.687914e-03	5.675392e-05	
3.147614e-03	6.049491e-05	
4.479809e-03	3.274862e-05	
5.506767e-03	3.459942e-05	
3.062162e-03	5.448687e-05	
5.002625e-03	3.221692e-05	
1.022281e-03	4.552885e-05	
5.168137e-03	5.570648e-05	
1.121159e-03	6.195865e-05	
1.045637e-02	2.983539e-05	
2.978475e-03	4.420997e-05	
3.833043e-03	5.646926e-05	
7.023114e-03	8.858946e-05	
4.502640e-03	2.693634e-05	
1.218257e-03	1.181001e-04	
1.091824e-02	1.191882e-04	
6.217170e-03	3.879166e-04	
6.497968e-03	1.041984e-04	
7.483375e-03	4.875845e-04	
7.271226e-03	2.909339e-04	
5.946864e-03	2.289615e-04	
4.823111e-03	1.022059e-04	
2.135319e-03	7.737339e-05	
2.090079e-03	1.024453e-04	
7.365834e-03	6.319626e-05	
2.885019e-03	3.202754e-05	
2.085041e-03	1.524579e-05	
7.395315e-03	2.604760e-05	
3.779192e-03	3.778475e-05	
5.697538e-03	3.772105e-06	
5.140912e-03	1.397342e-05	
5.721492e-03	8.458139e-06	
4.393103e-03	1.394173e-05	
4.185802e-03	3.988657e-05	
3.519011e-03	1.134619e-05	
2.305629e-03	1.697040e-05	
6.470617e-03	3.538211e-05	
1.839445e-03	3.663176e-05	
5.659807e-03	1.739166e-05	
2.535366e-03	2.847113e-05	
4.406178e-03	5.407703e-05	
6.111727e-03	3.149039e-05	
5.140824e-03	4.511994e-05	
4.497033e-03	4.105882e-05	
6.916881e-03	3.777646e-05	
1.061852e-02	1.272567e-05	
6.037065e-03	2.336225e-05	
5.646525e-03	4.455758e-05	
5.622884e-03	3.642124e-06	
4.670111e-03	1.308595e-04	
6.632356e-03	6.947756e-05	
1.014681e-02	6.597497e-05	
6.488332e-03	1.552043e-04	
8.123292e-03	9.437279e-05	
9.057851e-03	3.655920e-04	
5.757842e-03	4.740431e-04	
2.262680e-03	3.231395e-04	
8.887912e-03	7.785577e-05	
3.907499e-03	2.780416e-04	
1.582671e-03	9.825023e-05	
2.619569e-03	1.021917e-05	
3.248105e-03	1.651120e-05	
4.309218e-03	7.651226e-05	
8.811703e-03	1.202170e-05	
5.467773e-03	1.829486e-05	
6.715018e-03	2.114055e-05	
1.380055e-03	1.152967e-05	
3.653868e-03	3.325024e-05	
1.866343e-03	7.574111e-05	
9.956334e-03	5.241226e-05	
3.779563e-03	2.734632e-05	
1.978589e-03	4.472993e-05	
2.854343e-03	4.329780e-05	
5.624471e-03	4.338300e-05	
8.198727e-03	1.157858e-06	
4.088664e-03	2.254257e-05	
5.777347e-03	3.827295e-06	
4.702191e-03	9.671675e-07	
9.527810e-03	5.691476e-05	
3.686597e-03	2.761135e-05	
4.347798e-03	3.042581e-05	
4.001545e-03	5.058564e-06	
5.415217e-03	1.592105e-06	
3.256233e-03	1.452786e-05	
8.579426e-03	1.923295e-05	
5.087802e-03	7.967650e-05	
1.085411e-02	4.158390e-05	
7.269998e-03	1.070607e-04	
4.292111e-03	7.958258e-05	
3.745617e-03	6.605560e-05	
3.867746e-03	9.791882e-06	
5.290752e-03	1.189629e-04	
3.636300e-03	3.444185e-04	
3.921688e-03	3.084426e-04	
4.072894e-03	1.756985e-04	
1.110806e-03	1.487907e-04	
7.989106e-03	5.328268e-06	
4.194065e-03	1.917589e-04	
5.050401e-03	5.820198e-05	
5.703748e-03	8.358433e-06	
4.160851e-03	5.716305e-06	
6.884175e-03	4.164151e-05	
1.168350e-02	6.139528e-05	
3.754976e-03	3.895726e-05	
2.860778e-03	8.406500e-06	
5.082986e-03	3.660370e-05	
4.493754e-03	2.567491e-05	
6.469337e-03	3.904996e-05	
2.459598e-03	1.666120e-06	
3.145154e-03	1.307037e-06	
6.112907e-03	4.771107e-05	
3.362562e-03	1.393941e-06	
3.613987e-03	9.800643e-06	
2.511674e-03	3.216602e-05	
4.031216e-03	9.489261e-06	
3.785663e-03	3.662864e-06	
2.766303e-03	3.001270e-05	
1.316758e-03	2.340790e-05	
3.284670e-03	2.321258e-05	
3.849284e-03	2.911559e-05	
8.334576e-03	1.155491e-05	
2.860577e-03	1.417491e-05	
4.371396e-03	2.315550e-05	
3.948598e-03	5.033180e-05	
5.001729e-03	1.211804e-05	
5.833157e-03	8.197564e-05	
8.719013e-03	5.170492e-05	
6.548733e-03	8.214692e-05	
4.974487e-03	5.519622e-05	
1.011270e-02	1.045575e-04	
6.458629e-03	2.404495e-04	
1.593669e-03	3.180026e-04	
