8.332416e-03	6.973342e-06	
5.692180e-03	7.196775e-05	
8.265610e-03	8.534852e-05	
4.896974e-03	5.719322e-05	
1.852440e-03	1.388049e-04	
3.328364e-03	1.334410e-04	
4.800124e-03	8.904179e-05	
5.985472e-03	2.232577e-04	
8.534244e-03	2.224593e-04	
5.333306e-03	2.677438e-04	
4.202570e-03	1.142368e-04	
4.310860e-03	2.582581e-04	
5.353240e-03	1.732619e-04	
2.110067e-03	4.075080e-04	
7.165532e-03	1.038160e-04	
4.525220e-03	1.371041e-04	
1.026160e-02	1.235745e-04	
5.427834e-03	2.001705e-04	
5.261116e-03	5.371287e-05	
8.995781e-03	1.144080e-04	
2.981685e-03	1.558851e-04	
5.222648e-03	3.832911e-04	
9.069854e-03	5.246851e-05	
3.239749e-03	2.921914e-04	
1.819908e-03	1.281464e-04	
4.820865e-03	1.203179e-04	
4.679773e-03	2.154349e-04	
3.404056e-03	7.136025e-05	
9.965678e-03	2.163415e-05	
3.061806e-03	1.372822e-05	
3.298750e-03	8.727309e-05	
2.179334e-03	4.254573e-06	
2.556970e-03	1.446945e-06	
4.310590e-03	1.047298e-04	
9.392211e-03	1.298697e-04	
8.049458e-03	1.136921e-05	
6.388468e-03	1.497962e-05	
2.819130e-03	3.626292e-05	
6.128341e-03	4.152164e-05	
4.934992e-03	1.231561e-04	
2.754284e-03	1.254584e-04	
4.984448e-03	1.753031e-04	
3.295893e-03	1.983005e-04	
4.646478e-03	1.498134e-04	
2.385265e-03	1.556631e-04	
2.831735e-03	1.597506e-04	
2.454782e-03	1.715282e-04	
1.792940e-03	2.417380e-04	
2.059451e-03	3.652912e-04	
9.995407e-03	2.024149e-04	
2.871887e-03	2.324758e-04	
1.042731e-02	7.868933e-05	
6.774689e-03	3.493010e-05	
3.630397e-03	5.310802e-05	
6.649992e-03	1.078556e-04	
5.754777e-03	4.185041e-05	
9.095124e-03	2.343307e-04	
7.670339e-03	2.106944e-04	
8.149776e-03	2.311216e-04	
1.004677e-02	1.675820e-04	
1.123795e-02	5.392359e-05	
8.556208e-03	2.827594e-04	
4.589045e-03	2.217060e-04	
5.530953e-03	1.533375e-04	
6.479623e-03	1.147692e-04	
4.103029e-03	3.049679e-05	
6.949153e-03	5.318757e-06	
8.467599e-03	1.747709e-05	
5.397125e-03	1.898116e-05	
6.130706e-03	8.641488e-05	
3.030768e-03	6.877429e-05	
1.244955e-03	3.703608e-05	
4.917785e-03	1.849103e-04	
7.430457e-03	1.303721e-05	
1.208568e-02	3.715535e-05	
1.109886e-02	8.693478e-06	
6.602443e-03	4.322635e-05	
1.027400e-02	1.720655e-04	
9.465617e-03	1.580454e-04	
3.470236e-03	1.811120e-04	
5.887987e-03	1.721806e-04	
1.190717e-02	1.495934e-04	
6.256329e-03	2.582161e-04	
7.603563e-03	2.014940e-04	
3.192076e-03	1.969169e-04	
2.902548e-03	2.558868e-04	
7.481773e-03	1.663087e-04	
9.275330e-03	4.782829e-05	
5.159506e-03	9.360011e-06	
8.285223e-03	7.368360e-05	
5.837679e-03	1.076923e-04	
8.674174e-03	1.604213e-05	
8.286083e-03	4.912848e-05	
4.215990e-03	3.484413e-04	
2.985418e-03	2.442483e-04	
3.093885e-03	2.077234e-04	
3.701048e-03	2.233965e-04	
4.595943e-03	2.158980e-04	
6.251172e-03	1.145455e-04	
4.968048e-03	1.683359e-04	
4.816118e-03	1.580601e-04	
7.234948e-03	1.585939e-04	
4.344096e-03	7.368384e-05	
3.120379e-03	7.612503e-05	
5.432565e-03	3.681626e-05	
7.563189e-03	4.967942e-05	
7.134558e-03	1.013819e-05	
6.938093e-03	4.905596e-05	
1.690226e-03	9.661814e-05	
9.183662e-03	6.142662e-05	
1.938257e-03	6.428006e-05	
8.159341e-03	4.549573e-05	
5.620066e-03	5.103809e-05	
7.877303e-03	3.835659e-08	
7.180844e-03	3.948328e-05	
7.650453e-03	6.401281e-05	
8.286598e-03	1.048908e-04	
1.266024e-02	6.030003e-05	
4.187824e-03	3.699278e-05	
5.054302e-03	1.718313e-04	
5.692086e-03	2.514349e-04	
2.757815e-03	2.034580e-04	
5.109852e-03	2.704104e-04	
6.913451e-03	2.201888e-04	
3.736087e-03	2.524984e-04	
4.279042e-03	1.429354e-04	
3.713671e-03	2.815311e-05	
1.433921e-03	3.225901e-05	
6.257532e-03	1.253406e-04	
1.281595e-02	1.022875e-04	
1.030769e-02	1.416294e-05	
8.436570e-03	1.659514e-05	
5.175106e-03	1.995958e-04	
1.554524e-03	2.590772e-04	
4.115599e-03	2.019808e-04	
7.431867e-03	2.530270e-04	
8.257264e-03	1.093471e-04	
3.874291e-03	8.907427e-05	
2.115853e-03	1.087620e-04	
2.564976e-03	1.505973e-04	
2.298332e-03	9.385732e-05	
2.026112e-03	7.515250e-05	
1.858240e-03	1.900511e-05	
1.162259e-02	3.502939e-05	
6.569759e-03	7.156440e-05	
4.509605e-03	1.058367e-04	
3.756820e-03	7.266235e-05	
6.901884e-03	5.562436e-05	
5.685700e-03	3.694984e-05	
6.747606e-03	4.082356e-05	
1.029024e-03	1.863679e-04	
4.476755e-03	1.469237e-04	
5.756135e-03	1.008883e-05	
5.471111e-03	2.545545e-06	
3.174974e-03	1.129384e-05	
2.778752e-03	6.822702e-05	
7.809152e-03	1.075005e-04	
4.544073e-03	1.869084e-04	
3.454258e-03	2.350614e-04	
7.259808e-03	1.785773e-04	
4.897766e-03	2.381637e-04	
3.154031e-03	1.990734e-04	
6.387500e-03	2.257023e-04	
5.043080e-04	5.990837e-05	
1.208671e-02	4.644275e-05	
1.665889e-03	8.478438e-06	
2.436099e-03	5.308809e-05	
5.218982e-03	7.262098e-05	
1.759806e-03	7.599323e-05	
4.101438e-03	1.366915e-04	
2.839037e-03	1.739627e-04	
5.025904e-03	2.662066e-04	
6.427056e-03	2.187390e-04	
8.683897e-03	2.434285e-04	
2.821038e-03	1.050771e-04	
6.710198e-03	1.253911e-04	
5.913612e-03	1.860377e-04	
2.281233e-03	1.853284e-04	
1.962471e-03	9.885376e-05	
3.685785e-03	4.872475e-06	
9.682184e-03	4.356796e-05	
7.464930e-03	2.178478e-05	
5.782471e-03	1.404656e-05	
1.084216e-03	3.674377e-05	
1.190956e-03	1.622232e-05	
7.766725e-03	6.446130e-05	
6.073170e-03	1.511137e-05	
7.374724e-03	3.510160e-05	
5.057608e-03	8.258214e-05	
4.864638e-03	1.321887e-04	
8.188821e-03	5.166264e-05	
3.475844e-03	2.270837e-05	
2.293610e-03	1.530703e-05	
3.039213e-03	7.475857e-05	
7.609688e-03	6.231462e-06	
4.393776e-03	2.901240e-07	
5.640336e-03	7.550832e-06	
7.130186e-03	1.023622e-04	
2.972792e-03	2.230131e-05	
2.078395e-03	4.144748e-05	
2.480287e-03	2.171169e-05	
1.017910e-03	6.368164e-05	
1.925795e-03	1.036093e-04	
5.680867e-03	8.007555e-05	
1.303971e-03	2.244094e-05	
3.533258e-03	5.844778e-05	
3.898980e-03	5.854609e-05	
2.323537e-03	9.519727e-05	
3.681788e-03	2.293667e-04	
3.990908e-03	1.769731e-04	
5.878458e-03	1.123216e-04	
3.381636e-04	1.327717e-04	
5.028664e-03	2.007419e-04	
1.127154e-02	1.878805e-04	
8.374033e-04	1.748600e-04	
7.783887e-03	8.840011e-05	
8.481305e-03	7.375456e-05	
6.525750e-03	4.169041e-05	
5.609857e-03	4.697801e-05	
7.153646e-03	8.334765e-06	
5.788926e-03	2.548380e-06	
7.356245e-03	1.952791e-05	
3.357624e-03	9.665202e-06	
2.897247e-03	4.521330e-05	
3.694232e-03	1.565963e-04	
5.731464e-03	1.039973e-04	
4.182772e-03	9.537830e-05	
1.983999e-03	9.308776e-05	
1.893512e-03	1.026203e-05	
2.207911e-03	9.577677e-05	
3.298175e-03	6.011017e-06	
2.516835e-03	2.363022e-05	
6.387934e-03	4.707273e-05	
9.537100e-03	1.017575e-05	
9.208801e-03	2.801010e-05	
5.064771e-03	4.414948e-05	
5.498574e-03	8.488513e-05	
4.882565e-03	5.933007e-05	
3.721828e-03	6.789363e-05	
3.139698e-03	8.711442e-05	
6.243497e-03	1.313480e-04	
5.952219e-03	7.766512e-05	
3.730900e-03	3.282170e-05	
1.617025e-03	3.053892e-05	
3.009034e-03	8.705782e-05	
1.758755e-03	5.322782e-05	
6.524169e-03	1.297962e-04	
2.568215e-03	1.349011e-04	
4.214636e-03	1.555885e-04	
7.242804e-03	7.084005e-05	
7.433587e-03	2.890705e-05	
5.994833e-03	2.505547e-05	
5.676085e-03	3.535281e-05	
6.615420e-03	5.994514e-05	
2.248915e-03	4.634391e-05	
4.681836e-03	9.606552e-05	
2.685981e-03	9.238238e-06	
5.013822e-03	3.368445e-05	
4.218035e-03	2.612009e-05	
5.561494e-03	4.536261e-05	
7.601090e-03	3.441234e-05	
5.947271e-03	1.460607e-04	
3.353937e-03	1.252695e-04	
2.987840e-03	1.833165e-04	
2.581217e-03	9.218134e-05	
1.675158e-03	2.395600e-04	
7.338691e-03	7.124620e-05	
6.803256e-03	1.415710e-04	
5.199113e-03	1.053045e-04	
5.949957e-03	4.107765e-05	
8.785540e-03	3.961111e-05	
3.968779e-03	7.071125e-05	
5.561158e-03	8.416616e-05	
2.765321e-03	6.993079e-05	
5.553820e-03	1.243473e-04	
7.058358e-03	6.165803e-05	
6.984986e-03	5.635506e-05	
5.228639e-03	7.817342e-05	
3.015236e-03	1.197435e-04	
6.222814e-03	2.353341e-04	
5.679960e-03	4.219912e-06	
4.792736e-03	9.971424e-06	
3.320841e-03	9.760881e-05	
6.105705e-03	1.091021e-04	
3.218707e-03	7.799360e-05	
9.056413e-03	1.148507e-04	
4.968418e-03	5.873931e-05	
3.728975e-03	1.566378e-05	
7.921761e-03	1.805356e-05	
5.286735e-03	1.376531e-05	
1.126715e-03	5.532752e-05	
3.848736e-03	9.957049e-05	
1.466606e-02	5.376220e-05	
5.046558e-03	7.490535e-05	
7.674385e-03	4.999200e-05	
9.161593e-03	1.248399e-05	
7.306411e-03	5.617935e-05	
7.957085e-03	7.227141e-05	
2.436771e-03	4.284195e-05	
3.315257e-03	1.572420e-04	
6.344671e-03	9.869120e-05	
4.589164e-03	2.208113e-04	
4.903276e-03	2.527691e-04	
1.010361e-02	1.102576e-04	
3.593867e-03	1.845427e-04	
7.680852e-03	1.754345e-04	
5.269361e-03	1.223940e-04	
4.840958e-03	8.716588e-05	
6.348865e-03	3.487300e-05	
1.115010e-02	7.400278e-05	
4.703226e-03	6.421389e-05	
6.267856e-03	1.909001e-06	
3.347117e-03	1.243275e-05	
3.120127e-03	5.692062e-05	
2.393437e-03	6.884968e-05	
2.779939e-03	7.649609e-05	
9.910960e-03	1.915871e-04	
1.104609e-02	2.172495e-04	
8.576097e-03	1.878381e-05	
1.909194e-03	3.906816e-05	
1.704964e-03	9.717685e-05	
8.647285e-04	9.423747e-05	
1.693429e-03	3.177138e-05	
5.253679e-03	1.167654e-04	
3.823160e-03	1.334513e-04	
4.201433e-03	7.925989e-05	
3.392839e-03	7.962329e-05	
2.012870e-03	1.098233e-05	
8.719710e-03	6.041990e-05	
4.680494e-03	7.270435e-05	
4.844775e-03	4.610341e-05	
9.316075e-03	5.636852e-05	
3.542228e-03	2.435251e-05	
4.237510e-03	5.951106e-05	
1.438907e-02	2.228436e-05	
1.234451e-02	8.999516e-05	
6.551171e-03	1.263833e-04	
4.965880e-03	3.056421e-05	
6.240946e-03	1.320497e-04	
8.695878e-03	1.614058e-04	
9.546289e-03	4.947962e-05	
6.889881e-03	2.151859e-04	
3.639031e-03	3.943478e-05	
6.549892e-03	1.699303e-04	
2.612052e-03	5.778218e-05	
1.689331e-03	1.259908e-05	
5.103461e-03	3.257776e-05	
7.986167e-03	7.626038e-05	
1.739251e-03	4.018484e-05	
3.347166e-03	2.116427e-05	
3.756355e-04	4.126789e-05	
4.371401e-03	4.241030e-05	
2.160232e-03	8.171373e-06	
5.212565e-03	1.198724e-05	
7.203202e-03	4.502673e-05	
3.418922e-03	4.471523e-05	
9.351919e-03	1.363742e-04	
5.750199e-03	7.907406e-05	
3.061354e-03	1.404654e-05	
5.078672e-03	2.710932e-05	
2.294571e-03	5.566861e-05	
6.239903e-03	1.509485e-04	
1.106478e-02	1.746653e-04	
4.064324e-03	1.313482e-04	
5.126456e-03	5.997992e-05	
6.341951e-03	1.029122e-05	
2.947649e-03	9.580441e-06	
7.686565e-03	8.955523e-06	
6.033099e-03	3.954442e-06	
9.569163e-03	4.727109e-05	
9.916511e-03	3.017061e-05	
9.454564e-03	8.460261e-05	
6.363575e-03	1.210061e-05	
5.875870e-03	3.295530e-05	
5.201659e-03	5.114630e-05	
5.287043e-03	9.392146e-05	
1.093083e-03	1.339702e-04	
2.876764e-03	6.226406e-05	
8.614437e-03	1.946452e-06	
8.280295e-03	5.851979e-05	
1.823316e-03	2.596704e-05	
4.598538e-03	8.126962e-05	
4.112660e-03	1.202839e-04	
7.711821e-03	2.176013e-05	
4.710305e-03	2.540352e-05	
4.421940e-03	3.081560e-05	
4.241768e-03	2.490085e-05	
3.278026e-03	1.794348e-05	
8.075143e-03	3.210435e-05	
8.075656e-03	6.066412e-06	
4.308945e-03	6.290081e-05	
6.381474e-03	8.517673e-05	
8.573868e-03	9.249884e-05	
7.637208e-03	1.056921e-04	
2.362868e-03	1.167145e-04	
1.313874e-03	9.021212e-05	
1.088617e-02	9.598176e-06	
6.723514e-03	2.346202e-05	
3.102230e-03	2.630636e-06	
4.399497e-03	6.969055e-05	
5.875299e-03	8.021986e-05	
2.251498e-03	7.317419e-05	
4.694099e-03	2.231030e-05	
5.661843e-03	2.754351e-05	
4.818247e-03	5.495683e-06	
6.313767e-03	1.321875e-05	
6.791079e-03	6.677482e-05	
1.043661e-02	3.204999e-05	
9.257667e-03	5.526961e-05	
9.733197e-03	8.981194e-05	
1.046258e-02	5.501804e-05	
4.559459e-04	5.389511e-05	
5.655857e-03	1.161099e-04	
3.730970e-03	1.702100e-04	
3.251778e-03	9.548515e-05	
7.455780e-03	2.514903e-04	
7.667153e-03	3.016015e-04	
6.385978e-03	7.060687e-05	
4.519157e-03	5.737870e-05	
5.743280e-03	2.592056e-05	
4.209734e-03	1.480275e-04	
4.456495e-03	1.085172e-04	
5.770482e-03	4.125555e-05	
3.637233e-03	1.915259e-05	
6.063216e-03	1.249507e-05	
4.007973e-03	6.437693e-05	
3.090518e-03	4.362711e-05	
6.133261e-03	6.729997e-05	
9.196664e-03	7.142984e-06	
6.159725e-03	8.519585e-05	
8.768929e-04	4.666704e-06	
3.199154e-03	1.658365e-05	
1.145279e-03	7.357308e-05	
5.412155e-03	8.223010e-05	
8.570126e-04	7.455846e-05	
5.470154e-03	1.091113e-04	
1.135613e-02	7.857063e-05	
2.356650e-03	7.771018e-05	
1.664852e-03	7.286715e-05	
9.722884e-03	8.937110e-05	
8.430084e-03	1.394058e-05	
4.147872e-03	4.946243e-05	
8.648986e-03	4.095898e-05	
7.338608e-03	1.368810e-05	
8.617122e-03	3.887168e-05	
8.468579e-03	1.283163e-05	
3.409503e-03	3.695316e-05	
3.779221e-03	8.585401e-05	
5.595792e-03	7.808575e-05	
5.057267e-03	6.901872e-05	
3.975593e-03	9.454229e-05	
4.417730e-03	6.357891e-05	
3.415351e-03	4.605010e-05	
1.601502e-03	2.353682e-04	
7.379853e-04	3.146285e-04	
1.535372e-03	3.226264e-04	
3.212557e-03	2.015745e-04	
3.654674e-03	1.674463e-04	
5.083669e-03	1.008670e-04	
2.673715e-03	7.521600e-05	
3.516235e-03	6.246430e-05	
3.252417e-03	8.382931e-05	
7.665097e-03	1.002448e-04	
4.138588e-03	8.148926e-05	
3.515923e-03	5.301901e-06	
4.204956e-03	4.644545e-05	
6.536447e-03	8.251310e-05	
9.590323e-03	4.060075e-06	
6.262051e-03	4.059976e-05	
5.177153e-03	8.012942e-05	
5.739640e-03	9.193218e-05	
6.865231e-03	4.659757e-05	
4.512457e-03	4.199020e-05	
9.026565e-03	2.606668e-06	
3.460845e-03	2.564773e-05	
2.862863e-03	3.359203e-05	
4.634787e-03	3.944527e-05	
4.583002e-03	9.242066e-05	
4.583061e-03	1.493375e-05	
2.805061e-03	2.674908e-05	
4.424472e-03	2.319457e-05	
3.608442e-03	1.043077e-05	
2.921290e-03	4.448424e-05	
7.817075e-03	4.826082e-06	
8.411656e-03	2.631212e-05	
1.241152e-03	5.552887e-05	
3.363403e-03	7.785315e-05	
1.264043e-02	3.078305e-05	
6.491634e-03	2.334633e-04	
5.470166e-03	2.067206e-04	
4.549967e-03	4.148692e-05	
9.811206e-03	2.245817e-04	
3.984907e-03	2.747955e-04	
3.884470e-03	4.527084e-04	
2.578666e-03	5.664949e-05	
3.600671e-03	1.062481e-04	
6.996536e-03	1.046477e-04	
9.028111e-03	3.049734e-05	
9.808627e-03	3.179657e-05	
5.931048e-03	4.786363e-05	
8.928082e-03	4.466662e-05	
7.293477e-03	2.926336e-05	
4.661626e-03	8.967248e-06	
2.670862e-03	2.201167e-05	
4.789439e-03	6.655405e-05	
5.965577e-03	1.062953e-04	
5.398261e-03	1.648553e-05	
3.682095e-03	7.203917e-05	
3.953938e-03	5.897312e-05	
5.853807e-03	5.755578e-05	
3.260829e-03	4.746120e-05	
5.220903e-04	6.209940e-05	
1.187245e-03	8.171933e-05	
1.475593e-03	2.682479e-05	
4.991595e-03	6.469700e-05	
6.262697e-04	6.261274e-05	
4.150132e-03	3.432932e-05	
6.632131e-03	1.435042e-05	
4.898731e-03	2.632303e-05	
3.508023e-03	2.444481e-05	
2.289350e-03	2.373203e-05	
5.400096e-03	5.125778e-05	
3.464495e-03	7.140675e-05	
5.559791e-04	7.763126e-05	
7.253828e-03	3.941534e-06	
1.849246e-03	1.909673e-05	
1.108311e-02	4.973302e-05	
8.753479e-03	2.131332e-04	
1.711541e-03	2.747058e-04	
7.876071e-03	2.491209e-04	
1.714451e-03	3.516007e-04	
6.466090e-03	2.161930e-04	
6.525313e-03	2.673515e-04	
3.381264e-03	1.701205e-04	
5.206458e-03	1.404688e-04	
2.311938e-03	8.558489e-05	
3.338027e-03	4.096934e-05	
6.817779e-03	5.789343e-05	
8.828694e-03	9.054867e-06	
5.556206e-03	7.622292e-06	
9.525326e-03	3.304220e-05	
1.088669e-02	2.870431e-05	
5.782406e-03	2.939091e-05	
7.431765e-03	5.360972e-05	
9.041883e-03	5.048229e-05	
9.815015e-03	5.766038e-05	
3.751583e-03	2.339313e-05	
3.577741e-03	5.932960e-05	
4.898314e-03	5.040257e-05	
4.136222e-03	5.633224e-05	
6.482431e-03	6.226236e-05	
4.610489e-03	6.328796e-05	
1.908102e-03	6.972049e-05	
3.723907e-03	4.594715e-05	
4.573584e-03	7.079028e-05	
5.950589e-03	2.034799e-05	
2.914586e-03	5.681260e-05	
5.910986e-03	4.786989e-05	
6.655413e-03	1.536323e-05	
4.031280e-03	1.681104e-05	
5.838315e-03	3.593256e-06	
4.707740e-03	1.337154e-05	
6.584221e-03	2.928995e-05	
1.406535e-03	8.258429e-05	
3.708145e-03	6.449563e-05	
9.522396e-03	1.988509e-04	
6.664421e-04	1.901010e-04	
9.168597e-04	8.225318e-05	
2.238895e-04	3.187792e-04	
3.253964e-03	4.555526e-04	
6.899995e-03	7.516953e-05	
3.758610e-03	1.185363e-04	
7.073798e-03	1.581385e-04	
6.316815e-03	1.423557e-04	
3.246517e-03	9.641735e-05	
3.025199e-03	2.838427e-05	
4.042817e-03	6.099454e-05	
7.939976e-03	2.175423e-05	
1.287771e-03	5.930809e-05	
1.049864e-02	5.433863e-05	
3.354983e-03	4.119740e-05	
4.154712e-03	9.189407e-06	
2.348496e-03	8.376486e-05	
6.819967e-03	5.646976e-05	
9.957000e-03	4.192886e-05	
1.920111e-03	7.017232e-05	
1.340802e-03	1.065382e-04	
1.307964e-02	7.089795e-05	
3.801716e-03	5.766494e-05	
2.751203e-03	5.179117e-05	
7.932779e-03	6.175235e-05	
7.027345e-03	7.790548e-05	
4.989165e-03	5.917318e-05	
2.797180e-03	6.555768e-05	
2.286717e-03	4.606905e-05	
4.786942e-03	2.825697e-05	
5.544080e-03	9.587168e-05	
4.037920e-03	1.133086e-05	
8.534016e-03	4.482111e-05	
5.686437e-03	1.300720e-05	
6.112718e-03	6.620663e-05	
7.301101e-03	3.660847e-05	
8.417312e-03	8.751106e-05	
1.626778e-03	1.233295e-04	
7.768628e-03	1.598893e-04	
1.247680e-03	3.284865e-05	
5.756747e-03	5.805053e-05	
2.981441e-03	4.631392e-04	
4.212342e-03	8.849489e-06	
1.127576e-03	2.664173e-04	
1.200081e-03	1.863835e-04	
7.297907e-03	1.185397e-04	
1.898966e-03	6.402298e-05	
6.046190e-03	1.682274e-05	
3.034319e-03	4.556972e-05	
6.015367e-03	2.535867e-05	
5.898030e-03	6.070247e-05	
6.444598e-03	3.997051e-05	
3.249706e-03	7.397176e-05	
5.122237e-03	2.952109e-06	
9.529208e-03	5.730620e-05	
8.322343e-03	4.108280e-05	
2.403427e-03	1.499217e-05	
9.319030e-03	1.193840e-05	
6.494286e-03	1.434317e-05	
4.309060e-03	2.143130e-05	
1.061520e-02	2.858964e-05	
9.043098e-03	3.347465e-05	
1.908625e-03	5.431846e-05	
2.911512e-03	4.818012e-05	
6.432215e-03	4.581923e-05	
3.065479e-03	6.217916e-05	
2.277018e-03	3.339467e-05	
6.631073e-03	9.077834e-05	
1.404331e-03	1.052134e-04	
3.414456e-03	2.589432e-05	
4.571467e-03	3.831105e-05	
4.597021e-03	2.998530e-05	
3.443205e-03	6.791171e-05	
7.712765e-03	4.681592e-05	
9.928705e-03	5.715137e-07	
8.673996e-04	1.166354e-04	
6.483755e-03	1.921579e-04	
3.087492e-03	4.772779e-05	
4.949744e-03	3.152303e-04	
1.113187e-02	4.277231e-04	
5.776295e-03	2.662252e-04	
2.616376e-03	3.601886e-04	
6.971567e-03	2.578504e-04	
3.989820e-03	1.023905e-04	
3.566451e-03	8.295996e-06	
6.990489e-03	2.652449e-05	
4.146171e-03	8.795224e-05	
4.301457e-03	4.321472e-05	
1.172929e-02	2.886212e-05	
4.881842e-03	5.655133e-05	
3.286941e-03	5.277382e-05	
5.204692e-03	3.785074e-05	
1.794120e-03	5.773628e-05	
7.372960e-03	4.831329e-05	
4.886543e-03	1.271642e-05	
1.143158e-02	4.718727e-05	
1.187943e-03	4.746180e-05	
6.401459e-03	6.346711e-05	
5.581886e-03	4.942831e-05	
5.743562e-03	3.953505e-05	
5.877844e-03	5.295531e-05	
4.117545e-03	9.630767e-05	
9.538054e-03	5.316883e-05	
2.110605e-03	4.517937e-05	
1.033901e-02	6.037741e-05	
7.849720e-03	1.483977e-05	
1.963156e-03	4.910651e-05	
3.227867e-03	3.349408e-05	
6.139873e-03	2.847196e-05	
4.026940e-03	1.281764e-05	
4.436910e-03	3.672757e-05	
3.662741e-03	1.106920e-05	
6.843883e-03	1.381075e-05	
5.453703e-03	5.673219e-05	
7.008885e-03	6.730581e-05	
6.082973e-03	8.173199e-05	
9.925161e-03	3.173507e-04	
5.814556e-03	3.224247e-04	
9.304383e-03	1.109199e-05	
4.213283e-03	1.797389e-05	
6.433464e-03	3.059991e-04	
3.970454e-03	1.592553e-04	
7.438688e-03	1.459609e-04	
2.930132e-03	2.013940e-05	
1.162174e-02	2.797312e-05	
1.175799e-02	1.079526e-05	
3.530098e-03	3.450976e-05	
1.037195e-02	3.876447e-05	
2.406428e-03	2.410434e-05	
2.980639e-03	2.174898e-05	
3.153302e-03	3.160347e-05	
3.647908e-03	4.962597e-05	
8.599882e-03	3.320951e-05	
6.443837e-03	1.750296e-05	
5.192896e-03	3.439109e-06	
5.181582e-03	1.511510e-05	
1.088186e-03	5.357661e-05	
7.565444e-03	4.005382e-05	
3.136433e-03	9.129476e-05	
5.526991e-03	9.586253e-05	
1.173789e-02	8.223045e-05	
1.605447e-03	7.684426e-05	
6.921315e-03	6.643442e-05	
5.940653e-03	2.404193e-05	
7.665219e-03	4.414008e-05	
5.558498e-03	1.326715e-04	
4.261505e-03	2.473155e-05	
4.941680e-03	1.794789e-05	
5.589136e-03	2.034190e-05	
3.644042e-03	9.273860e-06	
4.922227e-03	3.460493e-05	
4.474948e-03	2.782692e-06	
2.258932e-03	6.735719e-05	
2.215142e-03	3.683739e-05	
4.156561e-03	3.098246e-04	
3.332259e-03	3.907923e-04	
8.710925e-04	4.786731e-05	
2.895724e-03	1.592845e-04	
2.437553e-03	7.825042e-05	
7.977102e-03	1.797544e-04	
4.505670e-03	5.464019e-05	
4.179247e-03	1.241616e-07	
3.546567e-03	6.544598e-05	
9.131107e-03	1.091472e-04	
6.242967e-03	1.559532e-05	
4.244249e-03	3.855507e-06	
4.997352e-03	1.124319e-05	
3.814884e-03	4.179533e-06	
2.088998e-03	3.218927e-06	
1.134109e-03	8.915826e-06	
7.949559e-03	5.087399e-05	
1.401241e-02	2.157268e-05	
8.560380e-03	4.154010e-05	
6.094031e-03	4.395151e-05	
1.812946e-03	1.053327e-06	
8.201104e-03	6.850127e-05	
8.807045e-03	1.699640e-05	
7.629330e-03	3.588885e-05	
7.019841e-03	8.845384e-05	
3.666310e-03	8.316950e-05	
9.858866e-03	5.629507e-05	
6.598165e-03	9.654196e-05	
5.210472e-03	7.420907e-05	
5.834320e-04	1.417134e-04	
6.040114e-03	9.029286e-05	
2.836131e-03	2.980187e-05	
1.055245e-02	4.612639e-05	
7.735650e-03	4.399838e-05	
1.217426e-02	3.054862e-05	
8.408571e-03	9.481784e-06	
1.448714e-03	1.229509e-04	
7.222139e-03	2.369668e-04	
5.470891e-03	4.856922e-04	
4.614599e-03	2.967714e-04	
6.940611e-03	3.190705e-04	
2.789792e-03	1.332692e-04	
5.301771e-03	1.745904e-04	
2.276155e-03	6.581485e-05	
3.391342e-03	5.872007e-05	
3.945539e-03	7.848280e-05	
2.718196e-03	9.132532e-05	
3.861100e-03	3.549281e-05	
3.447679e-03	1.837797e-05	
5.262354e-03	1.982184e-05	
4.172060e-03	2.777185e-05	
3.404168e-03	6.418569e-06	
2.532684e-03	3.517814e-05	
5.968985e-03	2.500368e-05	
4.338609e-03	7.183069e-05	
6.183938e-03	7.488581e-05	
9.715395e-03	4.590927e-05	
5.038493e-03	2.464452e-05	
7.145485e-03	8.885674e-05	
2.429375e-03	6.287580e-05	
5.452161e-03	1.966415e-05	
8.258241e-03	2.101911e-05	
3.756545e-03	9.955834e-05	
3.681057e-03	7.320233e-05	
4.576951e-03	5.962286e-05	
8.894983e-03	7.876051e-05	
2.971358e-03	4.181736e-05	
3.682878e-03	9.791993e-05	
3.459823e-03	1.412695e-05	
4.204223e-03	4.982368e-05	
6.716131e-03	1.415037e-05	
5.176928e-03	6.280820e-06	
3.954659e-04	5.954924e-05	
1.055014e-03	6.841950e-06	
2.516997e-03	1.503627e-04	
4.502734e-03	1.948017e-04	
5.363541e-03	3.374968e-04	
2.600073e-03	4.160153e-04	
6.311523e-03	6.250642e-05	
6.398994e-03	2.393820e-04	
8.557611e-04	4.097468e-04	
1.484327e-03	2.394615e-04	
6.123725e-03	9.496163e-05	
1.896782e-03	4.363559e-05	
1.948733e-03	4.713927e-05	
4.170446e-03	1.630295e-05	
4.823149e-03	2.188607e-05	
5.369694e-03	1.848211e-05	
4.276964e-03	1.303859e-05	
3.768900e-03	9.540312e-05	
5.679731e-03	7.365126e-06	
2.535785e-03	3.120737e-05	
5.213901e-03	5.167826e-05	
2.100145e-03	4.253205e-05	
7.993265e-03	6.505199e-05	
2.078838e-03	1.211796e-05	
8.580724e-03	6.320510e-05	
8.722508e-03	5.867119e-05	
3.929210e-03	1.653561e-05	
3.955818e-03	5.078454e-05	
5.924617e-03	6.485530e-05	
5.049471e-03	8.011755e-05	
6.698201e-03	4.476330e-05	
5.989447e-03	4.339106e-05	
7.162128e-03	1.405777e-05	
4.310926e-03	7.017017e-05	
7.043662e-03	9.982167e-05	
5.791604e-03	6.320454e-05	
2.185855e-03	5.269848e-05	
6.797473e-03	4.243279e-05	
2.328441e-03	6.355069e-05	
5.387667e-03	4.604623e-06	
2.845761e-03	9.422210e-05	
5.195539e-03	1.339830e-04	
7.554378e-03	1.363203e-04	
5.681443e-03	3.824901e-04	
6.900774e-03	7.147618e-04	
1.035192e-02	2.337674e-04	
8.744943e-03	2.783421e-04	
2.541527e-03	1.969967e-04	
3.988189e-03	4.997780e-05	
4.000597e-04	3.600336e-05	
5.591157e-03	5.575544e-05	
3.931544e-03	9.019366e-06	
2.219093e-03	1.616008e-07	
1.695905e-03	4.304314e-06	
5.931846e-03	6.198541e-06	
1.870352e-03	7.809435e-05	
6.406558e-03	1.335365e-04	
8.739201e-03	3.255301e-05	
3.800673e-03	4.968890e-05	
8.661030e-03	4.046829e-05	
4.567348e-03	7.343266e-05	
8.950448e-03	7.932792e-05	
5.562471e-03	2.137532e-05	
3.302619e-03	4.465196e-05	
5.304674e-03	2.060244e-05	
6.617395e-03	1.097822e-05	
4.774518e-03	3.889843e-05	
7.276159e-03	7.490584e-05	
3.048549e-03	6.313796e-05	
1.108905e-02	5.771802e-05	
8.077086e-03	5.865383e-05	
6.408340e-03	3.708445e-05	
7.948451e-03	9.706967e-05	
8.123716e-03	4.988243e-05	
6.478999e-03	3.532037e-05	
6.302375e-03	2.593275e-06	
5.155094e-03	4.539756e-05	
7.677976e-03	3.606988e-05	
7.691053e-03	2.092955e-05	
5.714655e-03	6.961045e-05	
9.252517e-03	6.365340e-05	
6.421616e-03	4.401921e-05	
1.111776e-02	6.433896e-04	
2.945763e-03	4.794304e-04	
2.589585e-03	3.583187e-04	
4.202719e-03	1.700060e-04	
2.319897e-03	1.118771e-04	
2.147132e-03	1.512068e-04	
3.690810e-03	7.060807e-05	
6.072156e-03	8.615781e-06	
3.244715e-03	2.647950e-05	
2.813657e-03	4.286025e-06	
2.388872e-03	1.792652e-05	
9.168478e-03	1.168135e-04	
5.014072e-04	1.242055e-04	
1.502853e-03	4.977432e-05	
1.568308e-03	6.776369e-06	
5.898389e-03	1.999074e-06	
1.788564e-03	5.297870e-05	
3.463842e-03	4.315177e-05	
7.488591e-03	3.764946e-05	
5.880800e-03	1.870151e-05	
6.694601e-03	6.541989e-05	
7.875799e-03	4.382465e-06	
3.056438e-03	3.416438e-05	
7.653751e-03	7.975175e-05	
4.172404e-03	3.752078e-05	
9.312659e-03	4.964187e-05	
6.271893e-03	1.734272e-05	
6.102758e-03	6.339868e-06	
5.386627e-03	6.483781e-05	
6.324945e-03	1.008735e-05	
8.805073e-03	5.976774e-05	
4.790056e-03	6.150277e-05	
9.020534e-03	6.764722e-05	
2.693734e-03	7.675127e-05	
6.104801e-03	2.279747e-05	
6.020687e-03	2.018124e-05	
5.989536e-03	3.332064e-05	
4.574199e-03	3.834262e-04	
8.848946e-03	1.756677e-04	
1.154758e-03	5.768883e-04	
5.915243e-03	1.941273e-04	
3.786444e-03	2.365402e-04	
2.228567e-03	1.159725e-04	
1.224865e-03	7.389034e-05	
9.958352e-03	2.699351e-05	
2.042276e-03	1.936878e-05	
5.238342e-03	5.961806e-05	
2.745457e-03	6.922673e-05	
7.445700e-03	5.300425e-05	
9.673092e-03	4.186620e-05	
1.580575e-03	4.801442e-05	
3.374723e-03	2.839448e-05	
8.546402e-03	1.481040e-05	
3.980188e-03	3.661498e-05	
3.173510e-03	2.784326e-05	
7.367816e-03	2.557498e-05	
7.658462e-03	3.133332e-05	
1.671212e-03	4.470205e-05	
7.382893e-03	5.340848e-05	
7.198623e-03	8.079840e-07	
6.893969e-03	9.339460e-05	
1.717501e-03	8.057349e-05	
4.385320e-03	8.912427e-05	
9.920147e-04	6.274544e-05	
5.679197e-03	9.405135e-07	
4.548241e-03	2.819946e-05	
2.347161e-03	6.602605e-05	
5.752579e-03	2.491893e-05	
4.851910e-03	3.804639e-05	
4.630614e-04	5.163769e-05	
4.031157e-03	7.007876e-05	
3.004013e-03	1.883403e-05	
4.072786e-03	9.919950e-05	
5.073575e-03	3.490469e-05	
4.415465e-03	1.565317e-04	
1.179838e-02	4.164608e-05	
2.780721e-03	3.592330e-04	
6.882086e-03	3.294222e-04	
2.619110e-03	2.712313e-04	
2.870215e-03	2.027121e-04	
4.181682e-03	1.144450e-04	
2.062700e-03	6.521844e-05	
4.423503e-03	1.651504e-05	
8.407087e-03	1.712640e-05	
1.152586e-02	3.280762e-05	
9.237762e-03	4.474440e-05	
6.765097e-03	5.145808e-05	
9.011250e-03	2.368002e-05	
3.932136e-03	3.250424e-05	
6.321813e-03	6.789783e-06	
7.670891e-03	4.246385e-05	
6.575879e-03	4.515385e-05	
3.945272e-04	2.122943e-05	
2.766703e-03	4.903556e-06	
4.865219e-03	1.615830e-05	
5.531584e-03	1.756198e-05	
7.891218e-03	1.341487e-05	
6.579416e-03	4.274713e-05	
8.387410e-03	6.819143e-06	
3.634645e-03	1.635641e-06	
6.501396e-03	1.590616e-06	
2.875256e-03	1.372919e-05	
5.608230e-03	1.168348e-05	
4.183721e-03	3.256504e-05	
6.074044e-03	3.915495e-05	
1.115857e-02	4.861347e-05	
2.551885e-03	2.292839e-05	
6.770763e-03	4.937381e-05	
1.980136e-03	6.239436e-05	
6.469812e-03	3.142969e-05	
3.547099e-03	1.571217e-05	
5.512417e-03	3.363090e-05	
5.784717e-03	1.381186e-04	
9.092614e-03	1.221638e-05	
2.943001e-03	3.392070e-04	
1.408922e-03	4.703301e-04	
3.377273e-03	2.742178e-04	
1.885125e-03	2.173179e-04	
5.751723e-04	3.254399e-05	
7.679480e-03	4.827646e-05	
6.394986e-03	5.930066e-06	
3.949374e-03	4.645006e-05	
5.065030e-03	2.347010e-05	
7.025682e-03	4.221502e-05	
6.586045e-03	5.858368e-06	
2.126550e-03	4.135959e-05	
3.491276e-03	2.999942e-05	
5.798999e-03	5.362748e-05	
3.621852e-03	3.802389e-05	
1.297392e-03	7.166778e-06	
1.233824e-03	2.052671e-05	
5.271273e-03	3.650573e-05	
1.183528e-03	1.503934e-05	
4.606901e-03	6.716829e-06	
2.971604e-03	1.346228e-05	
9.261907e-03	5.106965e-05	
1.197293e-02	2.995368e-05	
7.070494e-03	1.881332e-05	
3.503589e-03	1.753724e-05	
4.957845e-03	2.280325e-05	
1.768577e-03	1.596195e-05	
1.311183e-03	4.210520e-05	
4.150199e-03	1.323492e-05	
2.912976e-03	4.229032e-05	
6.021687e-03	1.754925e-05	
1.400138e-02	2.028584e-05	
6.661355e-03	8.774470e-05	
2.914224e-03	7.910764e-05	
1.407072e-03	2.637615e-05	
4.196406e-03	6.577594e-05	
4.239742e-03	4.052679e-05	
9.432128e-03	5.560430e-05	
5.354148e-03	2.522890e-04	
6.998186e-03	4.766045e-04	
4.834767e-03	1.923176e-04	
9.821026e-03	2.199582e-04	
6.121083e-03	8.468669e-05	
5.319713e-03	1.412284e-05	
3.594488e-03	1.500270e-05	
7.288689e-03	1.181313e-04	
7.480424e-03	2.848801e-05	
4.550687e-03	5.403435e-05	
4.685085e-03	2.937030e-05	
1.754105e-03	1.369813e-05	
2.739391e-03	6.492671e-05	
6.724130e-03	1.544922e-06	
2.844474e-03	1.145148e-05	
2.718918e-03	8.833787e-06	
3.423103e-03	2.395085e-06	
2.750241e-03	3.523116e-05	
1.372513e-03	6.748688e-06	
5.801432e-03	3.424489e-05	
6.829219e-03	3.876339e-05	
7.449141e-03	2.100048e-05	
5.895284e-03	5.179958e-05	
4.371575e-03	7.715072e-05	
7.416947e-03	1.115031e-05	
4.222746e-03	1.647826e-05	
4.208099e-03	5.028875e-06	
8.502877e-03	4.125986e-05	
2.746908e-03	6.331402e-05	
6.055091e-03	1.918107e-05	
6.553032e-03	7.494475e-05	
5.540642e-03	3.327836e-05	
6.479332e-03	4.683225e-05	
4.991358e-03	6.666729e-06	
8.385827e-03	1.305491e-05	
5.598829e-03	4.290630e-05	
9.171622e-03	9.810000e-05	
6.456031e-03	2.222665e-05	
8.052224e-03	3.037076e-04	
6.529851e-03	3.902245e-04	
6.838655e-03	3.107085e-04	
4.969232e-03	1.436434e-04	
2.423244e-03	1.754037e-04	
9.191049e-04	1.334820e-04	
5.146288e-03	7.110654e-05	
1.027652e-02	7.114563e-05	
4.945105e-03	2.884785e-05	
5.494949e-03	2.777165e-05	
5.221511e-03	5.138802e-05	
3.225699e-03	3.713567e-05	
4.130748e-03	2.460664e-05	
4.401335e-03	1.808385e-05	
7.112554e-03	1.098284e-05	
4.125505e-03	1.269903e-05	
7.121082e-03	8.758807e-06	
3.344359e-03	1.324928e-05	
2.768852e-03	3.427065e-05	
3.649112e-03	2.509333e-05	
2.368691e-03	1.993296e-05	
4.600317e-03	2.736319e-05	
1.655987e-03	1.495069e-05	
4.777967e-03	6.803266e-05	
1.520518e-03	1.741184e-05	
2.384735e-03	4.415071e-05	
4.743476e-03	2.516830e-05	
2.874956e-03	1.117753e-05	
4.532656e-03	3.425487e-05	
9.296990e-04	3.570004e-05	
5.785956e-04	5.467122e-05	
5.693474e-03	7.951147e-05	
7.890193e-03	1.914102e-05	
7.992489e-03	1.860350e-05	
4.307469e-03	2.693370e-05	
8.984235e-04	4.425860e-05	
4.775828e-03	1.168363e-05	
3.702823e-03	2.300715e-04	
8.167193e-03	3.077169e-04	
8.183730e-03	3.463086e-04	
5.292262e-03	2.579588e-04	
5.437683e-03	3.257675e-04	
4.676907e-03	1.191604e-04	
2.444249e-03	1.321515e-04	
4.934269e-03	2.212963e-05	
8.052964e-03	2.209699e-05	
3.585648e-03	1.192503e-05	
4.827885e-03	5.524193e-05	
1.902137e-03	8.805293e-05	
4.389389e-03	3.190738e-05	
7.958230e-03	5.856473e-05	
5.412662e-03	5.677796e-05	
1.235007e-03	1.463179e-05	
1.042490e-02	1.816299e-05	
5.269822e-03	1.672785e-05	
3.622055e-03	2.519184e-05	
6.366619e-03	5.116178e-06	
9.296445e-03	2.529470e-05	
4.539421e-03	3.546184e-06	
3.039216e-03	6.135356e-06	
8.742209e-03	5.401465e-06	
2.481744e-03	5.450279e-05	
2.689855e-03	3.384268e-05	
6.232565e-04	1.360146e-05	
1.768301e-03	7.615106e-06	
2.267965e-03	7.128820e-06	
3.505507e-03	1.127323e-05	
6.008470e-03	2.913553e-06	
5.555016e-03	5.640819e-05	
4.612640e-03	7.821582e-05	
2.593247e-03	7.894368e-05	
6.464227e-03	9.257120e-05	
3.543489e-03	5.096443e-05	
5.846045e-03	7.539265e-05	
4.331780e-03	6.808839e-05	
6.060567e-03	2.975365e-04	
6.898369e-03	4.895941e-04	
7.733255e-03	4.689983e-04	
2.272072e-03	2.710134e-04	
7.384984e-03	2.891186e-04	
7.032602e-03	7.868696e-05	
6.087733e-03	1.107355e-04	
6.637911e-03	7.124065e-06	
1.038319e-02	2.280627e-06	
5.642009e-03	3.829669e-05	
4.673769e-04	6.194639e-05	
4.841090e-03	9.600438e-05	
3.494420e-03	7.588575e-05	
6.517428e-03	5.587255e-05	
1.696928e-03	2.683174e-05	
1.114139e-02	6.333828e-06	
8.856969e-03	8.512055e-05	
5.480911e-03	3.722006e-05	
6.947197e-03	6.183369e-06	
6.570054e-03	1.970093e-05	
3.097380e-03	2.818499e-05	
1.100293e-02	1.029285e-05	
9.485500e-03	3.451274e-05	
3.366357e-03	3.602883e-05	
2.608215e-03	3.141500e-05	
2.340141e-03	3.806585e-05	
3.768554e-03	4.215347e-05	
6.964718e-03	3.381585e-05	
5.235894e-03	3.496638e-05	
7.644288e-03	1.696543e-05	
2.089790e-03	7.954070e-05	
3.393754e-03	2.688294e-05	
2.784372e-03	3.951013e-05	
9.084015e-03	4.697677e-05	
4.822467e-03	6.790421e-05	
6.216344e-03	1.607189e-05	
2.595149e-03	5.413775e-05	
4.207440e-03	2.926210e-05	
4.729198e-03	2.248604e-04	
4.478196e-03	1.850387e-04	
1.139178e-02	4.645162e-04	
2.256396e-03	1.719140e-04	
1.348412e-02	2.555756e-04	
5.502375e-03	1.036135e-04	
6.769263e-03	1.811554e-04	
7.480045e-03	1.710734e-05	
1.212339e-03	1.266204e-04	
5.460943e-03	7.887851e-05	
7.440933e-03	1.088693e-04	
1.299637e-02	1.323586e-04	
6.270157e-03	1.182133e-04	
6.088509e-03	6.451550e-05	
3.652292e-03	3.209243e-05	
2.738649e-03	5.984993e-05	
1.086869e-02	6.634595e-05	
5.446137e-03	9.520838e-06	
1.042968e-02	1.682367e-05	
6.225701e-03	9.888523e-06	
8.831418e-03	1.226940e-04	
3.061650e-03	7.846979e-05	
1.367919e-02	6.519313e-05	
4.163825e-03	4.899360e-05	
4.802971e-03	4.643385e-05	
8.586844e-03	3.803256e-05	
4.943591e-03	5.111906e-06	
1.070839e-02	4.359012e-05	
7.265986e-03	1.262992e-05	
7.488044e-03	6.626417e-05	
1.856767e-03	6.127782e-05	
3.781763e-03	7.699879e-06	
6.112446e-03	1.830973e-06	
5.907306e-03	1.082352e-04	
2.810928e-03	1.036633e-04	
7.844350e-03	1.271057e-04	
1.214896e-02	1.012862e-04	
4.690710e-03	1.032598e-04	
2.827892e-03	1.837355e-04	
5.041975e-03	1.529268e-04	
2.549871e-03	4.871185e-04	
2.119255e-03	3.238508e-04	
8.947369e-03	2.526211e-04	
7.261159e-03	7.877912e-05	
4.823552e-03	1.224402e-04	
1.075846e-02	1.428538e-04	
1.128396e-02	1.432054e-04	
1.375368e-03	7.102604e-05	
7.111550e-03	7.001693e-05	
6.174453e-03	9.847201e-05	
1.800558e-03	1.285497e-04	
4.817268e-03	1.373508e-04	
1.061508e-02	1.105962e-04	
1.305446e-02	1.253747e-04	
1.084448e-02	5.118798e-05	
6.335724e-03	5.514573e-05	
1.148260e-02	1.714540e-05	
1.004669e-02	9.898724e-06	
4.918782e-03	2.864127e-06	
6.145321e-03	4.841926e-05	
1.067481e-02	5.207437e-05	
8.393635e-03	4.692122e-06	
1.293354e-02	7.808610e-07	
6.236497e-03	2.918639e-05	
4.565451e-03	3.460239e-05	
6.742511e-03	4.850014e-05	
1.464186e-03	2.308754e-05	
7.271651e-03	1.758361e-05	
4.214884e-03	2.589875e-05	
3.180712e-03	1.805033e-05	
1.209795e-03	1.175970e-04	
8.857632e-03	1.186522e-06	
3.002056e-03	1.309165e-05	
3.092258e-03	1.274529e-04	
6.299904e-03	1.216725e-04	
2.520937e-03	8.016135e-05	
1.248074e-03	3.963761e-04	
3.381863e-03	5.052446e-04	
2.073204e-03	3.932909e-04	
5.265479e-03	2.533252e-04	
6.212914e-03	2.135582e-04	
6.180345e-03	8.917344e-05	
6.977268e-03	5.762004e-05	
6.412329e-03	4.036100e-06	
3.984670e-03	1.146785e-04	
3.997261e-03	1.569138e-04	
2.679191e-03	1.086541e-04	
5.494119e-03	1.356405e-04	
4.094710e-03	1.218219e-04	
3.127907e-03	8.007537e-05	
4.358495e-03	7.838497e-05	
1.331500e-03	9.772885e-05	
1.016585e-02	3.423436e-05	
7.426140e-03	2.241370e-05	
3.538251e-03	1.485432e-05	
5.838145e-03	9.037602e-06	
5.111972e-03	2.127056e-05	
2.705419e-03	5.997778e-05	
3.750854e-03	2.092970e-05	
9.827691e-04	6.701187e-06	
5.653613e-03	7.189754e-06	
6.745709e-03	5.280054e-05	
5.469873e-03	4.878424e-05	
8.071500e-03	4.496010e-05	
3.674181e-03	4.218046e-05	
4.199587e-03	1.448079e-05	
4.455859e-03	5.355414e-05	
8.586621e-03	5.543091e-05	
6.235082e-03	1.789421e-05	
6.615910e-03	4.291416e-05	
2.306618e-03	1.270706e-06	
2.791503e-03	8.246239e-05	
5.426260e-03	9.356342e-05	
4.762647e-03	2.737361e-04	
3.974300e-03	6.316158e-04	
4.457207e-03	6.439010e-04	
2.377818e-03	7.208291e-05	
1.997125e-03	1.474270e-04	
7.564137e-03	1.956651e-04	
2.571285e-03	8.790406e-05	
2.033778e-03	1.130488e-04	
2.087305e-03	3.890172e-05	
5.939446e-03	4.222504e-05	
6.588305e-03	1.059624e-04	
7.669738e-03	1.140689e-04	
8.301595e-03	1.240274e-04	
6.611754e-03	1.163661e-04	
4.714340e-03	9.964174e-05	
2.131828e-03	9.454654e-05	
3.963380e-03	9.849980e-05	
8.284224e-03	3.610475e-06	
6.672084e-03	2.762287e-05	
9.607244e-03	4.929867e-05	
5.396929e-03	2.397018e-05	
7.211358e-03	2.657086e-05	
3.076937e-03	3.336365e-05	
8.057377e-03	4.464455e-05	
4.365661e-03	4.050971e-05	
7.406391e-03	1.190043e-05	
6.018404e-03	6.233026e-05	
4.480347e-03	3.386348e-05	
2.418934e-03	3.877293e-05	
5.240474e-03	4.043676e-05	
7.702616e-03	4.923365e-05	
4.517536e-03	1.147710e-05	
2.825037e-03	1.779737e-05	
6.122244e-03	2.150424e-07	
5.964030e-03	3.848772e-05	
4.296490e-03	1.249779e-04	
1.805287e-03	6.984207e-05	
7.143691e-03	2.507059e-05	
3.753618e-03	1.149297e-04	
1.788941e-03	2.768412e-04	
7.523824e-03	6.929167e-04	
7.879998e-03	4.372121e-05	
7.612248e-03	2.309356e-05	
2.997780e-03	1.760073e-05	
4.020097e-03	1.907922e-04	
6.523464e-03	2.914014e-05	
5.591507e-03	1.181683e-04	
4.082693e-03	7.345048e-05	
7.308126e-03	6.166309e-05	
4.293206e-03	9.594859e-05	
4.938107e-03	1.199342e-04	
7.087310e-03	4.215678e-05	
4.558555e-03	3.682357e-05	
4.189438e-03	7.111651e-05	
1.299438e-03	9.284397e-05	
6.564345e-03	3.775530e-05	
6.814690e-03	4.284968e-05	
9.353523e-03	8.607258e-05	
9.529283e-03	7.896130e-05	
5.332651e-03	3.194909e-05	
5.504822e-03	9.430334e-06	
9.679104e-03	2.431309e-05	
1.715858e-03	4.253377e-06	
3.417188e-03	5.401985e-05	
9.725806e-03	4.825545e-05	
2.916337e-03	6.103965e-05	
5.718671e-03	5.209514e-05	
7.525534e-03	3.503115e-05	
5.686379e-03	2.672310e-05	
6.260339e-03	2.237421e-05	
5.846412e-03	2.219760e-05	
1.798341e-03	2.025022e-05	
1.876543e-03	7.697822e-06	
8.548460e-03	1.803015e-04	
6.267579e-03	1.290850e-04	
8.587095e-03	1.610064e-04	
5.135837e-03	7.952698e-05	
7.422634e-04	4.355287e-04	
5.013979e-03	7.133607e-04	
1.855535e-03	1.258907e-04	
6.416580e-03	2.849523e-05	
4.984273e-03	6.101127e-06	
5.715018e-03	1.125267e-04	
6.658564e-03	2.334448e-05	
3.544156e-03	1.092116e-04	
4.307736e-03	6.179361e-05	
4.035206e-03	6.588744e-05	
8.504697e-03	6.216366e-05	
1.924177e-03	3.380673e-05	
2.516975e-03	4.087876e-05	
2.898493e-03	7.955289e-05	
2.813372e-03	1.063619e-04	
5.771433e-03	3.406584e-05	
4.948979e-03	3.778039e-05	
1.776939e-03	7.027178e-05	
4.608487e-03	1.098746e-05	
6.347870e-03	7.197821e-05	
3.513438e-03	8.263261e-05	
7.119949e-03	3.764119e-05	
9.558041e-03	6.243211e-05	
4.827909e-03	4.019991e-05	
8.062515e-03	3.137984e-05	
1.939430e-03	2.218698e-05	
4.311757e-03	3.934335e-05	
3.520623e-03	4.351717e-05	
4.928881e-03	6.328554e-05	
1.008492e-02	2.089400e-05	
4.145104e-03	1.369458e-05	
9.274060e-04	1.793420e-05	
9.127314e-03	8.498233e-05	
9.115210e-03	1.375712e-05	
2.727700e-03	3.360351e-05	
4.464043e-03	2.046012e-05	
5.280439e-03	2.938470e-05	
1.486723e-03	2.637764e-05	
6.331968e-03	3.842836e-04	
2.603789e-03	3.059581e-04	
5.209367e-03	1.923932e-04	
9.408487e-03	1.191165e-05	
4.233812e-03	1.619846e-05	
5.140928e-03	6.704266e-05	
9.224042e-03	3.013177e-05	
5.216331e-03	7.407864e-06	
6.426061e-03	2.487779e-05	
8.247284e-03	1.291249e-05	
4.716074e-03	2.984298e-06	
4.907188e-03	4.514473e-06	
5.424537e-03	3.813415e-05	
1.529369e-03	7.773197e-05	
3.648198e-03	1.451102e-05	
5.353120e-03	7.424450e-06	
8.194909e-03	6.276288e-05	
7.330172e-03	2.533135e-05	
2.235308e-03	8.597030e-06	
7.977414e-03	7.211662e-05	
4.098839e-03	6.046745e-05	
5.788609e-03	2.511801e-05	
1.639233e-03	2.412943e-05	
8.996584e-04	6.318570e-05	
4.055408e-03	3.450016e-05	
2.051229e-03	8.433585e-06	
1.963231e-03	7.360567e-06	
8.464949e-03	1.965832e-05	
9.040986e-03	1.476913e-05	
8.367184e-03	3.613622e-05	
2.171068e-03	3.246685e-05	
5.267903e-03	4.657319e-05	
2.417862e-03	1.315117e-04	
3.904692e-03	6.915281e-05	
7.777485e-03	3.764324e-05	
2.947578e-03	1.185333e-05	
3.302002e-03	4.644279e-05	
3.348860e-03	2.019142e-06	
5.061816e-03	9.393449e-05	
