5.645221e-03	3.928594e-05	
1.264878e-03	8.469963e-06	
2.613628e-03	8.047081e-06	
1.309946e-03	4.265346e-05	
4.987593e-03	5.656270e-05	
1.372875e-03	1.175446e-04	
7.467068e-03	5.945171e-05	
1.112074e-02	1.110713e-04	
3.458858e-03	7.135434e-05	
1.003587e-02	1.132041e-04	
2.173593e-03	1.505361e-04	
8.131786e-03	1.680095e-04	
2.124620e-03	1.071892e-04	
5.396174e-03	2.186073e-05	
4.474576e-03	1.721583e-04	
1.200954e-03	2.634392e-07	
8.127610e-03	3.075316e-04	
4.546886e-03	2.739279e-04	
4.680738e-03	1.742269e-04	
6.108753e-03	2.109353e-04	
7.527729e-03	1.334478e-04	
5.611459e-03	3.262921e-04	
4.886602e-03	6.692159e-05	
2.813335e-03	3.440142e-04	
4.682313e-03	2.707065e-04	
5.662846e-03	8.126415e-05	
6.864659e-03	2.225361e-04	
1.285956e-02	1.460687e-04	
7.784411e-03	1.272802e-04	
2.346489e-03	9.121366e-05	
2.806375e-03	1.259365e-04	
7.090607e-03	5.701061e-05	
1.300823e-03	7.622119e-05	
3.452376e-03	1.346531e-05	
9.787160e-03	3.081174e-05	
5.188475e-03	1.750962e-05	
2.208414e-03	9.845984e-06	
4.851416e-03	4.250548e-06	
9.648445e-03	3.534938e-05	
3.449644e-03	8.148419e-05	
2.664872e-03	2.238209e-05	
2.644747e-03	1.533618e-04	
4.175518e-03	1.540411e-04	
7.427310e-03	1.433232e-04	
4.691773e-03	1.807952e-04	
2.594076e-03	1.099755e-04	
1.344991e-03	1.020192e-04	
3.175194e-03	1.170237e-04	
2.105018e-03	3.103127e-04	
3.390863e-03	2.444827e-04	
7.427177e-03	1.596423e-04	
5.099266e-03	1.298612e-04	
3.858177e-03	1.561272e-04	
8.675472e-03	1.594751e-04	
2.323985e-03	3.051698e-04	
5.550460e-03	2.714468e-04	
6.566945e-03	1.553804e-04	
3.677118e-03	1.914181e-04	
1.294609e-02	2.213840e-04	
9.064828e-03	3.236864e-04	
5.854057e-03	1.350481e-04	
4.146512e-03	1.274525e-04	
5.115102e-03	1.220312e-04	
5.681818e-03	2.014675e-04	
5.772704e-03	4.854886e-05	
4.306149e-03	7.582533e-05	
4.362148e-03	1.825851e-04	
1.325501e-02	9.428420e-05	
2.600072e-03	1.019719e-04	
4.609759e-03	4.485487e-05	
4.867019e-03	5.114210e-05	
1.015741e-02	7.030835e-05	
3.101270e-03	1.417664e-04	
4.524452e-03	4.253834e-05	
3.576508e-03	4.845487e-05	
2.167405e-03	2.623012e-05	
4.925422e-03	4.585145e-05	
7.354653e-03	9.371553e-05	
5.288492e-03	1.269492e-04	
2.932833e-03	1.075231e-04	
8.453285e-03	7.280460e-05	
4.826364e-03	1.087500e-04	
1.593700e-03	1.546928e-04	
4.051702e-03	4.094186e-05	
8.502431e-03	7.562240e-05	
5.429603e-03	1.149768e-04	
4.920128e-03	2.761842e-04	
5.803411e-03	2.450328e-04	
3.977997e-03	9.027242e-05	
3.088875e-03	1.587509e-04	
2.791428e-03	1.929123e-04	
4.937059e-03	1.540164e-04	
3.115604e-03	1.302713e-04	
6.399813e-03	1.926994e-04	
5.494582e-03	8.988643e-05	
1.055448e-02	2.378784e-04	
6.491728e-03	2.709778e-04	
2.913313e-03	1.891976e-04	
1.991105e-03	2.151881e-04	
9.214170e-03	2.451628e-05	
4.882169e-03	1.356837e-04	
6.323287e-04	8.268449e-05	
3.050075e-03	8.493961e-06	
5.080493e-03	1.118012e-04	
2.819037e-03	1.625089e-04	
1.247354e-02	1.181647e-05	
7.221832e-03	1.233875e-05	
8.191484e-03	8.357417e-05	
1.447575e-03	3.167162e-05	
1.003053e-02	2.071807e-05	
9.357044e-03	1.037582e-05	
4.817581e-03	5.555173e-06	
6.788047e-03	1.924532e-05	
5.530578e-03	4.661611e-05	
9.384743e-04	5.527176e-05	
6.534328e-03	8.616693e-05	
4.816073e-03	1.397082e-04	
9.479900e-03	8.777473e-05	
4.560312e-03	4.207001e-06	
3.116975e-03	3.239295e-05	
8.928766e-03	3.690171e-05	
8.594581e-03	6.202131e-06	
8.035217e-03	1.364038e-04	
6.387489e-03	2.514280e-04	
9.825081e-03	2.112722e-04	
8.370999e-03	2.213727e-04	
7.077283e-03	1.952745e-04	
7.361138e-03	1.579556e-04	
4.860730e-03	7.869486e-05	
4.344375e-03	1.372323e-04	
9.550486e-03	9.363564e-05	
5.677834e-03	6.447063e-05	
6.050991e-03	9.774881e-06	
4.522159e-03	1.012622e-04	
7.551708e-03	1.111858e-04	
4.367251e-03	8.420593e-05	
1.437915e-03	7.874388e-05	
1.127359e-02	4.425672e-05	
6.526764e-03	8.794469e-05	
3.952339e-03	4.306403e-05	
7.489237e-03	7.769277e-05	
1.152878e-02	8.724747e-05	
8.874829e-03	7.815165e-05	
1.110539e-02	6.220131e-05	
2.445656e-03	1.014092e-04	
5.110938e-03	2.984865e-05	
9.368388e-03	2.044491e-05	
4.085380e-03	7.921034e-05	
8.725433e-03	2.943958e-05	
2.933097e-03	1.934445e-05	
4.460523e-03	4.278938e-06	
4.574836e-03	9.497231e-05	
2.816611e-03	3.114123e-05	
9.985033e-03	7.993120e-05	
4.054690e-03	1.109972e-04	
1.106798e-03	6.502745e-05	
3.129471e-03	7.768539e-05	
4.185099e-03	7.114034e-05	
3.654349e-03	1.043596e-04	
3.752071e-03	1.261205e-04	
6.938749e-03	2.425107e-04	
6.262037e-03	2.398801e-04	
7.690478e-04	1.677633e-04	
6.944677e-03	1.203064e-04	
8.084166e-03	1.139574e-04	
7.057435e-03	2.438950e-06	
2.273131e-03	1.633101e-05	
4.943528e-03	7.354496e-05	
9.381551e-03	1.120122e-04	
9.546666e-03	6.789637e-05	
4.060549e-03	1.002066e-04	
2.090830e-03	9.838024e-05	
7.320018e-03	1.013993e-04	
3.149945e-03	1.365363e-04	
5.788919e-03	5.656403e-05	
5.934760e-03	1.721088e-04	
1.467545e-03	5.759811e-05	
7.456533e-03	7.223250e-05	
3.417955e-03	3.923318e-05	
1.173288e-03	1.302597e-04	
6.746333e-03	1.535174e-04	
6.283822e-03	3.665210e-05	
4.687150e-03	1.689314e-05	
6.675369e-03	1.416745e-05	
4.965631e-03	4.514193e-05	
1.343596e-03	9.309253e-05	
2.427930e-03	1.184071e-05	
2.914842e-03	1.165826e-04	
3.896557e-03	7.482293e-05	
1.035349e-02	5.934701e-05	
6.515595e-03	7.392568e-05	
8.944006e-03	1.604297e-04	
2.304133e-03	7.321813e-05	
2.060431e-03	1.130204e-04	
7.787293e-03	7.213126e-05	
8.168666e-03	2.175513e-05	
6.782072e-03	4.332131e-05	
6.297664e-03	1.829267e-04	
8.927776e-03	2.174318e-04	
4.130447e-03	1.710767e-04	
3.294208e-03	1.144435e-04	
1.080602e-03	7.292719e-05	
3.226093e-03	8.494420e-05	
4.746306e-03	5.130246e-05	
1.268695e-03	1.229017e-05	
4.742150e-03	1.029439e-04	
4.125407e-03	8.247158e-05	
6.201330e-03	1.052781e-04	
2.404763e-03	1.192393e-04	
3.899311e-04	2.387288e-05	
4.121068e-03	6.339437e-05	
6.477680e-03	8.856465e-05	
8.290145e-03	1.550477e-04	
5.908706e-03	1.590998e-04	
1.920689e-03	9.833075e-05	
4.042411e-03	7.472463e-05	
5.792168e-03	1.638296e-04	
6.151964e-03	1.186026e-04	
4.667178e-03	1.354502e-04	
3.674094e-03	7.538043e-05	
4.272970e-03	1.539515e-04	
4.953728e-04	2.080996e-05	
2.186596e-03	8.968717e-05	
4.291769e-03	8.520073e-05	
3.957806e-03	9.444721e-05	
7.256880e-03	1.226684e-04	
2.148384e-04	1.028214e-04	
8.628850e-03	5.410191e-05	
5.153704e-03	1.116555e-04	
7.281130e-03	1.108459e-04	
8.515834e-03	9.969850e-05	
4.834321e-03	8.545705e-06	
5.013610e-03	2.503848e-05	
3.148925e-03	9.220732e-05	
3.710859e-03	4.443067e-05	
4.540716e-03	4.182571e-05	
5.721747e-03	4.996884e-05	
4.611252e-03	2.404392e-05	
6.682853e-03	4.136598e-05	
7.497770e-03	2.176861e-05	
2.224109e-03	7.438445e-05	
5.201596e-03	2.281729e-05	
6.606842e-03	6.494046e-05	
2.764438e-03	9.801153e-05	
7.016466e-03	5.840536e-05	
6.555127e-03	5.629487e-05	
3.461237e-03	1.276670e-04	
2.735391e-03	1.345222e-04	
3.704510e-03	7.783608e-05	
5.290882e-03	8.579823e-05	
8.519897e-03	2.064927e-04	
8.640492e-03	1.992767e-04	
5.837826e-03	2.123672e-05	
6.823982e-03	1.377445e-04	
3.699106e-03	1.697278e-04	
6.242594e-03	1.733005e-04	
5.202778e-03	4.834503e-05	
4.299111e-03	9.665559e-05	
1.032368e-02	1.286656e-04	
3.310467e-03	1.124473e-04	
4.463053e-03	5.197586e-05	
8.899691e-03	3.098488e-05	
1.117195e-02	1.183519e-04	
1.033086e-02	1.974169e-05	
4.943651e-03	9.114845e-05	
4.508300e-03	3.031561e-05	
3.309225e-03	3.227133e-05	
4.440984e-03	1.069840e-04	
4.255912e-03	1.692099e-05	
1.430385e-03	4.611654e-05	
8.506802e-03	4.664315e-05	
3.100080e-03	3.542589e-05	
1.607006e-03	2.728503e-05	
6.249754e-03	7.431014e-06	
4.605279e-03	6.867297e-05	
1.790083e-03	7.780702e-05	
9.476940e-03	4.981600e-05	
3.258662e-03	3.992415e-05	
5.285170e-03	4.300907e-05	
2.944844e-03	1.132905e-05	
5.421634e-03	7.492969e-05	
7.993738e-03	4.930316e-05	
3.877747e-03	4.082028e-05	
2.982516e-03	9.510785e-05	
4.107194e-03	6.343191e-05	
1.094074e-02	1.417797e-04	
7.226848e-03	9.871229e-05	
1.171402e-03	1.615426e-04	
5.427883e-03	1.820871e-04	
5.943126e-03	1.887736e-04	
1.139578e-02	2.093086e-04	
1.014654e-02	1.024703e-04	
7.613218e-04	9.601847e-05	
5.488304e-03	7.988869e-05	
9.486401e-03	6.419091e-05	
6.505103e-03	6.946060e-05	
7.491455e-03	1.121149e-04	
7.555896e-03	4.724933e-05	
6.028077e-03	5.215177e-05	
7.214734e-03	8.634286e-06	
1.069047e-02	8.181167e-05	
6.328088e-03	2.747308e-05	
5.083573e-03	1.024206e-04	
5.486954e-03	1.710909e-04	
9.279902e-03	9.424471e-06	
1.660317e-03	1.191898e-04	
1.264220e-02	9.994135e-05	
7.278520e-03	6.211319e-05	
1.881293e-03	5.666301e-05	
2.898270e-03	2.388303e-06	
5.522082e-03	3.261716e-05	
4.021403e-03	5.507172e-05	
3.827600e-03	4.311953e-05	
4.767058e-03	7.639905e-05	
3.738379e-03	4.568891e-05	
8.417594e-03	7.230914e-05	
1.038103e-03	2.206135e-05	
1.058313e-02	1.303973e-06	
6.545118e-03	1.069534e-05	
6.218657e-03	1.473736e-05	
6.022384e-03	4.141854e-05	
2.632554e-03	5.860283e-05	
1.076555e-02	4.221343e-05	
6.725749e-03	1.909753e-05	
7.350440e-03	1.469757e-04	
6.187658e-03	1.766207e-04	
3.134404e-03	1.440720e-04	
6.025765e-03	1.076889e-04	
7.690569e-03	1.927981e-04	
2.279569e-03	5.343091e-05	
1.534536e-03	3.202755e-05	
8.796220e-03	9.072642e-05	
4.986931e-03	2.171778e-05	
4.748548e-03	1.593789e-05	
5.254368e-03	3.065609e-05	
5.988714e-03	6.074722e-05	
2.093628e-03	2.574593e-05	
9.717168e-03	2.904700e-06	
6.124649e-03	9.905796e-05	
1.016432e-02	2.675014e-05	
6.957244e-03	1.057263e-04	
6.773753e-03	1.585961e-04	
3.892027e-03	4.254165e-05	
2.077996e-03	1.340783e-04	
2.997574e-03	1.088796e-04	
4.855104e-03	1.379425e-05	
3.732783e-03	2.253038e-05	
1.311711e-03	9.748900e-05	
5.104010e-03	1.281273e-04	
4.823222e-03	4.356797e-05	
2.931516e-03	2.549435e-06	
3.634540e-03	5.591501e-06	
5.506421e-03	2.601830e-05	
1.441392e-03	1.168794e-04	
4.730326e-03	4.894620e-05	
3.189014e-03	7.679224e-05	
3.184065e-03	5.468766e-05	
2.367037e-03	5.947402e-06	
6.751335e-03	2.618270e-05	
1.903721e-03	7.304885e-05	
6.354815e-03	5.009018e-05	
2.178206e-03	1.774357e-05	
5.836777e-03	5.971500e-05	
4.979403e-03	7.895359e-05	
3.077682e-03	5.873892e-05	
7.134217e-03	3.077762e-05	
9.453027e-03	1.296358e-04	
7.955205e-03	1.126819e-04	
7.370324e-03	5.938202e-05	
8.211262e-03	7.188560e-05	
7.158805e-03	4.016715e-05	
5.654448e-03	3.331713e-05	
4.031172e-03	2.400124e-05	
7.628838e-03	4.643926e-05	
5.269552e-03	7.490771e-05	
6.219293e-03	3.561327e-06	
6.684276e-03	9.033375e-05	
5.116667e-03	5.369389e-05	
1.963151e-03	2.827512e-04	
6.298211e-03	1.458809e-05	
1.497519e-03	1.683510e-04	
5.076814e-03	2.396378e-04	
2.449133e-03	1.119459e-04	
2.463684e-03	1.450971e-05	
7.901606e-03	7.994789e-05	
4.926519e-03	1.071299e-05	
7.350769e-03	1.022959e-04	
9.763409e-03	8.855446e-05	
3.727951e-03	3.132984e-06	
1.165518e-03	1.535856e-05	
2.546975e-03	1.287966e-05	
4.687754e-03	1.853616e-05	
7.664200e-03	8.750831e-06	
3.585977e-03	3.350119e-05	
4.192686e-03	6.447636e-05	
6.337619e-03	4.765513e-05	
5.937145e-04	6.320704e-05	
6.417945e-03	6.556664e-05	
2.156849e-03	5.923168e-05	
9.080040e-04	4.834811e-05	
9.458500e-04	4.646380e-05	
5.853052e-03	5.307296e-05	
4.014140e-03	9.182962e-05	
5.653474e-03	3.433042e-06	
6.271759e-03	5.512326e-05	
5.983814e-03	9.116451e-05	
8.002312e-03	1.608427e-05	
3.675174e-03	1.011325e-05	
3.737220e-03	1.324352e-07	
8.059578e-03	2.625949e-05	
4.558282e-03	2.773533e-05	
6.966269e-03	2.071415e-06	
2.143213e-03	4.917119e-05	
7.661412e-03	3.182297e-05	
7.986194e-03	1.449159e-05	
6.545184e-03	1.230585e-04	
2.861900e-03	6.318162e-05	
5.524660e-03	5.616008e-05	
5.247139e-03	2.022836e-05	
3.797703e-03	1.576475e-04	
5.380016e-03	1.817806e-04	
6.606397e-03	8.097062e-06	
1.249978e-02	1.121458e-04	
2.321433e-03	1.764746e-05	
7.607042e-03	4.661665e-05	
6.132372e-03	2.568195e-05	
1.392747e-02	2.234078e-05	
6.621241e-03	2.142190e-05	
1.078233e-02	3.823664e-05	
4.026778e-03	5.433486e-05	
7.993688e-03	1.084037e-05	
2.871150e-03	6.832521e-05	
7.333159e-03	5.136262e-05	
7.222062e-03	4.751118e-05	
2.529919e-03	7.633980e-05	
8.223983e-03	6.067159e-05	
5.363701e-03	5.804838e-05	
4.463960e-03	1.147677e-04	
4.613458e-03	6.153062e-05	
2.181891e-03	9.926808e-05	
4.179212e-03	1.090897e-04	
7.760120e-03	4.318846e-05	
6.829452e-03	6.274701e-05	
4.024930e-03	7.126434e-05	
2.481595e-03	1.320138e-06	
2.123301e-03	2.229336e-05	
4.324519e-03	1.874386e-05	
4.680181e-03	7.028321e-06	
6.627811e-03	1.203000e-05	
9.661701e-03	6.940054e-06	
6.763055e-03	3.718878e-05	
1.084595e-03	2.048645e-04	
6.699975e-03	1.780265e-04	
7.381092e-03	8.834353e-05	
4.998669e-03	2.889150e-05	
1.819242e-03	1.288562e-05	
3.843573e-03	3.348878e-04	
6.624574e-03	1.978475e-04	
7.448818e-03	6.172046e-05	
3.521597e-03	7.737069e-05	
6.838031e-03	8.914678e-05	
2.105722e-03	1.219947e-05	
2.832482e-03	3.723397e-05	
2.059522e-03	1.014181e-04	
7.693757e-03	1.287919e-04	
5.435554e-03	8.573268e-06	
6.583503e-03	7.557801e-05	
9.414361e-03	2.710167e-06	
5.132168e-03	8.071342e-06	
9.296172e-03	5.901099e-05	
3.641475e-03	2.474013e-05	
6.065753e-03	8.087717e-05	
2.717138e-03	5.110262e-06	
3.080611e-03	2.717923e-05	
1.216097e-03	6.056458e-06	
7.671834e-03	8.619211e-05	
3.452535e-03	3.972472e-05	
1.209037e-02	9.240634e-05	
4.039811e-03	1.594425e-04	
3.080203e-03	1.618589e-04	
7.825388e-03	6.926686e-05	
7.408277e-03	4.086064e-05	
3.965966e-03	6.674785e-05	
4.351411e-03	1.597792e-05	
5.887808e-03	5.705436e-05	
1.467286e-03	3.836415e-05	
4.247029e-03	4.947138e-05	
5.099766e-03	5.213075e-05	
8.392679e-03	3.309634e-05	
3.569756e-03	1.353820e-04	
7.997696e-04	9.094354e-05	
7.823360e-03	1.329465e-04	
8.049680e-03	1.811506e-04	
4.554839e-03	1.301041e-04	
6.665585e-03	2.140849e-04	
6.311129e-03	8.069855e-05	
5.655201e-03	9.019456e-05	
1.133844e-03	1.207842e-04	
2.896099e-03	6.662371e-06	
2.472586e-03	1.429585e-05	
4.272397e-03	2.837376e-05	
6.402709e-03	8.490708e-05	
7.047385e-03	7.513307e-05	
2.408540e-03	5.645943e-05	
5.882866e-03	7.535673e-05	
6.081961e-03	5.332065e-05	
3.779967e-03	1.893717e-05	
7.348958e-03	1.283648e-05	
1.840400e-03	1.212462e-05	
4.779745e-03	2.110538e-05	
8.591175e-03	2.660748e-05	
1.195226e-02	4.349391e-05	
1.765262e-03	6.712232e-05	
4.872815e-03	7.859371e-05	
1.058106e-02	4.318402e-05	
5.251109e-03	1.375971e-05	
6.219365e-03	1.006477e-05	
8.339893e-03	1.343504e-05	
5.460499e-03	8.537888e-06	
7.860321e-03	3.502069e-05	
7.115398e-03	2.936227e-05	
1.831099e-03	1.967192e-05	
8.078646e-03	1.985786e-05	
1.974371e-03	1.977798e-05	
6.530333e-03	2.088459e-05	
4.522567e-03	7.126778e-05	
8.414073e-03	7.506245e-05	
3.464938e-03	1.303178e-04	
1.756129e-03	1.128803e-04	
5.171805e-03	2.736207e-04	
4.293911e-03	1.394639e-04	
1.025066e-02	9.686763e-05	
8.384703e-03	2.036782e-04	
1.184189e-02	2.477623e-04	
1.054287e-02	2.220721e-04	
2.915919e-03	8.022977e-05	
4.733082e-03	6.869266e-05	
7.231766e-03	4.249786e-05	
6.335485e-03	8.102256e-05	
6.784194e-03	8.017738e-05	
2.245619e-03	5.998883e-05	
2.431724e-03	2.689239e-06	
6.641396e-03	8.428874e-05	
5.384658e-03	5.213996e-05	
8.994424e-03	2.113691e-05	
5.511004e-03	1.129475e-05	
4.096442e-03	2.075870e-05	
2.687181e-03	7.339659e-06	
9.611529e-03	3.787505e-05	
9.193062e-03	7.391167e-05	
2.563857e-03	2.072954e-05	
6.704383e-03	5.591596e-05	
8.888305e-04	8.745878e-05	
2.270440e-03	2.651822e-05	
8.880617e-03	5.036870e-06	
6.969977e-03	4.994225e-05	
6.444622e-03	3.965295e-05	
1.857976e-03	1.117204e-05	
6.162166e-03	3.271560e-05	
7.790861e-03	4.866175e-05	
4.331695e-03	4.349762e-05	
7.096262e-03	2.259955e-05	
2.804955e-03	1.101987e-05	
1.000682e-03	6.386865e-05	
2.703248e-03	8.394348e-05	
1.473624e-03	5.099577e-06	
9.883334e-04	4.481678e-05	
1.923987e-03	2.193671e-04	
8.497554e-03	3.441417e-04	
3.300669e-03	4.321684e-04	
8.407062e-03	1.962870e-04	
6.593946e-03	2.136689e-04	
3.925336e-03	6.357267e-05	
5.777280e-03	1.055877e-04	
1.060952e-03	1.403167e-05	
2.842106e-03	8.084068e-05	
1.177544e-03	9.731755e-05	
8.479202e-03	1.130265e-04	
3.457991e-03	1.188843e-04	
8.425163e-03	1.004731e-04	
9.159602e-03	9.338606e-05	
5.538418e-03	3.327986e-05	
1.432518e-03	2.057141e-05	
9.767024e-03	2.580422e-05	
6.487212e-03	2.431452e-05	
6.986174e-03	1.967620e-05	
5.611540e-03	2.392272e-05	
8.429859e-03	9.189664e-05	
4.532919e-03	4.612819e-05	
4.140574e-03	2.544910e-05	
1.166487e-02	1.648392e-05	
7.646244e-03	3.844952e-05	
4.890726e-03	4.516615e-05	
9.664428e-03	4.136792e-05	
8.635437e-03	7.019756e-05	
3.876052e-03	1.631709e-05	
6.865456e-03	1.314793e-05	
7.624515e-03	1.692305e-05	
2.695081e-03	9.518687e-05	
3.386640e-03	4.571986e-05	
5.123740e-03	2.654294e-05	
4.845671e-03	6.981048e-05	
5.034076e-03	3.168537e-05	
8.477915e-03	4.540211e-05	
2.926275e-03	2.397831e-05	
9.816866e-03	1.509762e-04	
4.660849e-03	1.749338e-04	
4.280668e-03	4.122241e-04	
1.609516e-03	2.726488e-04	
5.180901e-03	1.978778e-04	
3.258560e-03	2.710214e-05	
2.640044e-03	3.002144e-06	
3.508896e-03	6.231073e-06	
6.623608e-03	2.269720e-05	
5.161759e-03	9.824308e-05	
2.933917e-03	1.097984e-04	
8.489003e-03	1.276444e-04	
5.834565e-03	4.961441e-05	
3.232075e-03	1.087983e-04	
8.220869e-03	2.073388e-05	
9.365703e-03	5.510284e-06	
5.948314e-03	5.042447e-06	
9.219555e-03	2.030242e-05	
7.570953e-03	7.787334e-08	
4.568061e-03	2.287954e-05	
6.607147e-03	3.497744e-05	
3.429437e-03	3.609490e-05	
3.656256e-03	3.246338e-05	
1.129505e-02	5.662155e-05	
1.173081e-02	4.894309e-05	
3.968633e-03	6.725126e-05	
1.022569e-02	8.127686e-05	
8.491429e-04	5.382884e-05	
9.257444e-03	3.848746e-05	
1.069729e-03	1.647927e-06	
7.360655e-03	1.822945e-05	
6.281127e-03	1.614985e-05	
7.073540e-03	5.252463e-05	
4.048381e-03	6.572971e-05	
2.445986e-03	1.086581e-04	
7.070553e-03	7.655055e-05	
6.621207e-03	6.607309e-05	
4.017147e-03	2.047812e-04	
5.575680e-03	1.265473e-04	
3.124350e-03	1.791237e-04	
3.506605e-03	2.477872e-04	
7.793554e-03	2.399203e-04	
8.280262e-03	2.806601e-04	
4.618973e-03	2.877554e-05	
4.212934e-03	4.944543e-06	
4.182779e-03	3.786007e-06	
3.186680e-03	3.624010e-05	
6.031738e-03	4.951168e-05	
4.604770e-03	4.550384e-05	
2.910726e-03	1.952223e-05	
1.075054e-02	2.832874e-05	
4.600235e-03	1.173978e-05	
8.614037e-03	7.433193e-06	
4.352338e-03	4.927460e-05	
5.215530e-03	7.284129e-05	
3.419803e-03	1.926684e-05	
3.627097e-03	1.455284e-05	
4.627069e-03	2.933077e-05	
3.760757e-03	4.269401e-05	
7.303468e-03	2.268339e-06	
6.534433e-03	2.187781e-05	
4.355009e-03	4.320919e-05	
1.428142e-03	8.926458e-06	
8.769973e-03	5.914182e-05	
2.831648e-03	7.680395e-05	
3.288367e-03	2.869185e-05	
3.528605e-03	1.706656e-05	
3.811209e-03	4.370281e-05	
4.671772e-03	1.017379e-05	
1.256131e-03	8.452521e-05	
2.089402e-03	3.634731e-05	
5.698416e-03	5.644559e-05	
3.507089e-03	5.499689e-05	
5.738544e-03	7.804556e-05	
2.262512e-03	1.265658e-04	
7.222678e-03	1.553007e-04	
6.569220e-03	1.807342e-04	
6.562191e-03	2.836763e-04	
1.220785e-02	2.066523e-04	
3.490343e-03	1.646597e-04	
6.987496e-03	3.080563e-04	
6.391727e-03	3.031618e-04	
1.028834e-03	9.376034e-05	
5.894089e-03	4.314319e-05	
4.768137e-03	9.272191e-05	
3.870513e-03	1.083380e-04	
3.888197e-03	2.508341e-05	
3.356389e-03	2.654372e-05	
5.874916e-03	3.697564e-05	
8.793605e-03	1.421202e-05	
2.625443e-03	4.923672e-06	
2.909130e-03	3.614914e-05	
3.042318e-03	2.637856e-05	
2.239262e-03	1.081474e-06	
4.200398e-03	6.568646e-06	
3.835508e-03	4.050848e-06	
3.452745e-03	4.006233e-05	
2.576078e-03	4.530431e-06	
8.430238e-03	8.479885e-06	
4.191431e-03	4.966175e-05	
3.170868e-03	3.698576e-05	
3.124409e-03	2.500159e-05	
5.226773e-03	4.581018e-05	
6.105863e-04	3.918029e-05	
4.672749e-03	1.769893e-05	
6.215494e-03	4.847512e-05	
1.688524e-03	2.180595e-06	
1.722398e-03	6.529121e-05	
4.139538e-03	9.860684e-05	
4.597951e-03	6.672583e-05	
4.059753e-03	3.813157e-05	
6.570283e-03	7.739253e-05	
9.310434e-03	6.020836e-05	
1.813115e-03	1.862812e-04	
7.897784e-03	1.928554e-04	
3.920460e-03	3.554668e-04	
1.045425e-02	3.984038e-04	
7.033807e-03	2.442267e-04	
6.032089e-04	1.865054e-04	
7.761808e-03	1.997040e-04	
2.875408e-03	1.153738e-04	
1.025536e-02	9.552520e-05	
5.685273e-03	5.669973e-05	
6.107558e-03	5.754244e-05	
4.894043e-03	5.017436e-06	
4.677774e-03	1.680864e-05	
9.954923e-03	2.469101e-05	
7.634678e-03	5.351358e-05	
4.968871e-03	7.405186e-05	
8.666678e-03	1.521768e-05	
7.868239e-03	3.499959e-05	
5.268748e-03	7.973048e-06	
2.810770e-03	2.714630e-05	
2.493540e-03	2.526250e-06	
3.823142e-03	3.372661e-05	
1.860515e-03	6.130367e-05	
1.175942e-02	6.696675e-05	
1.184787e-02	6.351253e-05	
1.050588e-02	5.875103e-05	
7.469723e-03	1.657702e-05	
3.379746e-03	3.946594e-05	
4.761951e-03	2.375423e-06	
5.982018e-03	6.063338e-06	
8.376477e-03	1.825014e-05	
1.147739e-03	3.217985e-06	
4.319155e-03	1.580097e-05	
3.270086e-03	6.049300e-05	
4.613940e-03	4.073773e-05	
7.928351e-03	2.217435e-05	
2.845934e-03	1.757448e-05	
7.637425e-03	3.005958e-05	
2.148293e-03	1.944495e-04	
1.024666e-02	2.085648e-04	
4.486192e-04	2.060848e-04	
6.927844e-03	3.167634e-04	
8.843702e-03	2.459028e-04	
2.351656e-03	3.094305e-04	
3.645050e-03	1.099313e-05	
9.814378e-03	8.082948e-05	
7.902785e-03	3.035874e-05	
7.025644e-03	1.625030e-05	
5.533370e-03	7.373377e-06	
5.421522e-03	3.900453e-05	
4.678511e-03	5.925947e-05	
4.772864e-03	7.666502e-05	
4.084186e-03	3.210386e-05	
4.042381e-03	1.139375e-04	
6.628677e-03	1.232637e-04	
9.177061e-03	6.007074e-05	
4.474466e-03	3.024999e-05	
6.032436e-03	1.063752e-05	
9.338077e-03	4.410388e-06	
2.792256e-03	9.245917e-05	
1.318359e-02	8.518867e-05	
9.083175e-03	2.841035e-06	
5.396423e-03	8.279841e-05	
1.082621e-02	4.275077e-05	
8.380101e-03	3.568491e-05	
2.391750e-03	9.081364e-05	
5.280240e-03	3.499052e-05	
1.017813e-02	2.274346e-05	
1.880347e-03	2.078005e-05	
7.026980e-03	8.484622e-05	
1.456145e-03	7.809317e-05	
6.504587e-03	7.054180e-05	
7.713683e-04	1.238885e-04	
8.426381e-03	3.483943e-05	
8.453686e-03	1.700399e-05	
2.485528e-03	5.379122e-05	
4.434813e-03	3.060186e-04	
8.423041e-03	1.945430e-04	
4.939829e-03	1.699727e-04	
6.965266e-03	2.247772e-04	
2.484712e-03	1.501724e-04	
3.194192e-03	2.817827e-04	
3.330534e-03	7.360667e-05	
5.306163e-03	2.848663e-05	
3.597707e-03	5.041287e-05	
1.003528e-03	4.147613e-05	
4.172598e-03	1.013373e-04	
7.276844e-03	3.902570e-05	
4.305025e-03	4.566542e-05	
3.471999e-03	9.247040e-05	
4.013612e-03	4.640359e-05	
8.128965e-03	5.472123e-05	
1.684878e-03	1.484188e-04	
3.035754e-03	1.013434e-04	
8.666228e-03	1.100474e-06	
6.543388e-03	4.523027e-05	
1.120003e-02	3.840792e-05	
7.424692e-03	5.826721e-05	
6.930631e-03	4.493394e-05	
8.263954e-03	2.336862e-05	
5.302674e-03	8.721663e-06	
5.138927e-03	2.795663e-05	
6.115956e-04	1.831813e-05	
4.742871e-03	4.673178e-06	
7.247109e-03	1.763593e-05	
5.884742e-03	2.178657e-05	
2.160749e-03	2.935928e-05	
5.656361e-03	3.948178e-05	
2.032833e-03	5.619510e-05	
5.108461e-03	5.135876e-06	
7.658871e-03	4.619211e-05	
2.060680e-03	6.842609e-05	
7.048447e-03	5.402699e-05	
1.117767e-03	8.239196e-06	
5.734460e-03	1.660370e-04	
3.428185e-03	1.578273e-04	
3.012292e-03	2.925843e-04	
4.030527e-03	2.342375e-04	
2.965585e-03	4.089127e-05	
1.018820e-02	3.121764e-04	
5.616875e-03	2.089171e-04	
9.502696e-03	7.515365e-05	
3.322054e-03	7.177833e-05	
3.637677e-03	7.660006e-05	
6.840738e-03	6.334022e-05	
7.607536e-03	8.291845e-05	
7.149237e-03	4.692626e-05	
6.596496e-03	1.041752e-04	
1.526939e-03	1.882818e-05	
2.210575e-03	4.914739e-05	
8.089943e-03	3.889339e-05	
5.551074e-03	2.262306e-05	
1.033457e-03	2.766534e-05	
3.294710e-03	2.937150e-05	
2.378809e-03	6.096692e-05	
4.489322e-03	1.318969e-05	
8.175740e-03	1.733807e-06	
7.625967e-03	3.057511e-05	
5.575781e-03	1.823820e-05	
8.183586e-03	2.317784e-05	
4.553008e-03	2.534507e-05	
4.330255e-03	1.168815e-06	
1.476805e-03	6.057442e-05	
2.023295e-03	4.481471e-05	
2.704378e-03	2.589965e-05	
3.522092e-03	3.338891e-05	
1.114312e-02	2.675263e-05	
9.761192e-03	9.692551e-07	
2.700692e-03	3.817302e-05	
8.748547e-03	4.495693e-05	
7.602052e-03	3.366061e-05	
6.858933e-03	1.047216e-07	
2.414995e-03	1.468565e-04	
5.611757e-03	1.773278e-04	
3.408121e-03	3.020998e-06	
3.360314e-03	2.565622e-04	
5.969201e-03	4.080102e-04	
2.919758e-03	5.778165e-04	
8.325120e-03	1.738891e-04	
6.516647e-03	7.515161e-05	
8.066497e-04	8.111764e-05	
8.377381e-03	1.802846e-05	
7.474425e-03	8.324365e-05	
4.634229e-03	5.943574e-05	
3.538626e-03	8.438026e-05	
5.149818e-03	6.979077e-05	
6.124270e-03	7.733029e-05	
4.153160e-03	5.467746e-05	
1.647023e-04	8.852388e-05	
5.037096e-03	6.771053e-06	
6.942313e-03	2.836142e-05	
9.632040e-03	3.888157e-05	
6.563235e-03	3.234808e-05	
4.309031e-03	2.426389e-05	
1.053860e-03	1.885401e-05	
9.854959e-03	3.806415e-05	
4.323806e-03	7.534208e-05	
5.229990e-03	6.666763e-05	
6.128351e-03	9.194035e-05	
1.665005e-03	9.071265e-05	
5.372437e-03	4.098284e-05	
7.180583e-03	6.144749e-05	
3.984383e-03	6.507885e-05	
7.119834e-03	7.220967e-05	
1.400061e-03	1.478767e-06	
9.907367e-03	1.575038e-05	
8.821725e-03	6.313697e-05	
5.471637e-03	7.114802e-05	
5.762595e-03	6.099493e-05	
7.729294e-03	8.076701e-05	
9.830074e-03	7.928995e-05	
6.361568e-03	3.190430e-04	
6.981174e-03	2.667353e-04	
3.582534e-03	6.097570e-04	
6.154462e-03	3.514181e-04	
5.897157e-03	4.505528e-04	
2.082796e-03	1.525323e-05	
1.412105e-03	1.797745e-04	
2.057298e-03	7.625491e-05	
4.792197e-03	8.930372e-05	
8.146341e-03	9.482416e-05	
4.277331e-03	5.797683e-05	
2.612835e-03	6.401103e-05	
4.124711e-03	1.287515e-04	
6.687914e-03	5.116132e-05	
5.362376e-03	5.070634e-05	
7.774214e-03	1.116872e-04	
3.446594e-03	6.392922e-05	
1.269431e-03	2.161738e-05	
3.165102e-03	2.816204e-05	
2.035461e-03	8.220554e-06	
2.109967e-03	4.038318e-05	
2.206695e-03	5.017275e-06	
9.545814e-03	7.948214e-06	
6.479738e-03	9.395238e-06	
6.527976e-03	3.925964e-05	
5.290585e-03	8.016178e-05	
8.269875e-03	9.234692e-05	
5.899029e-03	7.721517e-05	
5.623214e-03	7.842164e-05	
3.045297e-03	1.110807e-04	
4.176019e-03	1.070034e-04	
1.671130e-03	2.844266e-07	
4.117730e-03	2.322000e-06	
1.569869e-03	2.991411e-05	
7.725104e-03	5.541980e-06	
7.775204e-03	8.290934e-05	
5.857962e-03	3.360392e-05	
4.918964e-03	1.669556e-05	
7.012593e-03	1.549058e-04	
5.116619e-03	1.655922e-04	
1.631486e-03	1.496017e-04	
5.702983e-03	1.613267e-04	
9.298088e-03	2.085817e-04	
4.869885e-03	2.291781e-05	
1.942351e-03	7.015183e-05	
6.450392e-03	5.854170e-05	
9.098322e-03	1.583098e-04	
1.327283e-02	1.457989e-04	
6.517509e-03	3.428097e-05	
7.553575e-03	5.225635e-05	
5.292219e-03	1.347678e-04	
9.917135e-03	1.616337e-05	
8.532675e-04	6.248225e-06	
7.257003e-03	3.148370e-05	
3.451201e-03	2.762686e-05	
4.891091e-03	3.910576e-05	
1.458579e-03	3.148119e-05	
6.029288e-03	2.864587e-05	
7.297189e-03	1.972823e-05	
3.682350e-03	1.158297e-05	
7.024244e-03	3.019582e-05	
1.555641e-03	9.788366e-05	
3.526724e-03	5.900799e-05	
2.033723e-03	4.572623e-05	
1.109697e-02	1.058329e-04	
1.182892e-02	6.245628e-05	
1.077191e-02	6.480007e-05	
7.991623e-03	1.427110e-04	
1.153841e-02	5.846645e-05	
2.061737e-03	4.953424e-05	
6.070767e-03	8.261176e-05	
9.134485e-03	6.202123e-05	
7.458759e-03	2.541476e-06	
8.192224e-03	7.993156e-05	
4.364287e-03	1.055893e-04	
5.222481e-03	6.901334e-05	
1.141578e-03	3.818187e-05	
5.013051e-03	1.853595e-04	
5.147177e-03	5.307578e-04	
5.458049e-03	3.438462e-04	
3.386952e-03	3.284299e-04	
6.206083e-03	4.325668e-05	
6.667295e-03	4.821220e-05	
9.016590e-03	5.031312e-05	
1.063411e-02	5.970088e-05	
6.638337e-03	9.847914e-05	
5.541904e-03	2.178458e-05	
4.805451e-03	6.082439e-05	
3.479652e-03	8.622609e-05	
7.092809e-03	5.568944e-05	
4.016805e-03	1.090680e-04	
1.020595e-02	4.125424e-05	
6.318823e-03	7.141823e-05	
6.311446e-03	7.524540e-05	
7.853112e-03	3.311237e-05	
2.840580e-03	2.068736e-05	
7.949473e-03	6.294950e-05	
2.826089e-03	3.181967e-05	
3.831842e-04	9.405762e-06	
2.870885e-03	2.076972e-05	
1.213351e-03	8.867926e-05	
4.118887e-03	8.888307e-05	
2.448022e-03	7.948924e-05	
1.153955e-03	7.048683e-05	
1.049009e-02	6.372860e-05	
5.604200e-03	1.591500e-05	
7.398377e-03	5.086375e-05	
9.246432e-03	5.036843e-05	
3.113167e-03	1.217916e-05	
2.420883e-03	2.422658e-05	
5.163821e-03	1.919632e-05	
4.405036e-03	4.401366e-05	
6.585715e-03	7.738932e-05	
6.753870e-03	7.392597e-05	
2.230515e-03	3.008768e-04	
4.546483e-03	1.423900e-04	
7.358823e-03	2.354950e-04	
4.528703e-03	2.934754e-04	
3.503332e-03	2.348285e-04	
1.067611e-03	5.900424e-05	
1.028718e-02	1.022884e-04	
2.930670e-03	4.671653e-06	
2.390597e-03	5.428293e-05	
3.855251e-03	6.460638e-05	
3.936820e-03	2.430037e-05	
2.046247e-03	3.653381e-05	
3.800496e-03	9.466749e-05	
3.585683e-03	4.708124e-05	
8.691097e-03	1.122414e-05	
4.514812e-04	2.791021e-05	
2.581471e-03	3.112021e-05	
7.110144e-03	7.394172e-05	
9.786030e-03	2.857905e-05	
7.060877e-03	1.829120e-05	
8.125088e-03	6.549688e-05	
7.747976e-03	4.310294e-06	
2.657795e-03	1.714672e-05	
4.398095e-03	7.621051e-06	
7.791657e-03	7.259415e-05	
3.968692e-03	5.875019e-05	
1.060585e-02	3.534431e-05	
7.346446e-03	4.399377e-05	
5.776053e-03	1.459102e-05	
9.012061e-03	4.328837e-05	
5.164199e-03	5.204073e-05	
4.500341e-03	7.152499e-06	
9.772629e-04	2.608831e-07	
4.898841e-03	3.832083e-05	
6.491177e-03	4.167233e-05	
3.605409e-03	7.757671e-05	
5.212146e-03	3.009088e-06	
3.066412e-03	4.722406e-05	
4.409937e-04	1.471217e-04	
4.504378e-03	1.789991e-04	
3.557067e-03	2.322907e-04	
4.188671e-03	2.859068e-05	
9.246035e-03	1.943803e-04	
4.848322e-03	4.845552e-05	
3.800379e-03	1.596326e-04	
4.962595e-03	2.182008e-04	
4.799232e-03	1.332818e-04	
4.578999e-03	1.211492e-04	
7.953478e-03	1.639010e-05	
6.305654e-03	2.501545e-05	
3.705518e-03	7.149688e-05	
3.729838e-03	4.360869e-05	
3.338754e-03	5.146955e-05	
3.089396e-03	5.002518e-05	
1.528890e-03	7.307675e-05	
8.330289e-03	1.157501e-05	
4.520141e-03	4.110167e-05	
6.242498e-03	4.614032e-05	
1.216461e-02	1.082091e-05	
2.869495e-03	2.079740e-05	
4.727459e-03	1.475419e-05	
6.851816e-03	2.316516e-05	
4.559265e-03	2.155037e-05	
5.846662e-03	5.995899e-05	
4.208707e-03	4.892613e-05	
1.146482e-02	6.247977e-05	
6.859026e-03	6.146138e-05	
5.279765e-03	4.405894e-05	
4.375595e-03	9.889658e-05	
2.760896e-03	6.706267e-05	
3.688916e-03	6.389241e-06	
1.239608e-03	5.224902e-05	
8.969247e-03	6.623590e-05	
6.071304e-03	1.121560e-06	
1.032656e-02	8.707548e-05	
1.049854e-02	6.639942e-05	
3.391082e-03	5.992587e-05	
4.682918e-03	1.402031e-04	
4.255539e-03	3.455404e-04	
5.272513e-03	6.858083e-04	
7.335796e-03	6.621456e-04	
1.361828e-03	1.657199e-04	
4.564483e-03	2.052922e-04	
4.818327e-03	7.287329e-05	
3.060061e-03	7.381004e-05	
8.049144e-03	2.472454e-05	
3.628880e-03	8.146261e-05	
6.441688e-03	8.444215e-05	
1.108764e-02	6.979019e-05	
9.893298e-03	6.804812e-05	
5.147336e-03	6.596103e-05	
7.246630e-03	1.075314e-05	
1.124425e-02	4.843816e-05	
5.614061e-03	3.698536e-05	
9.314279e-03	5.060927e-05	
8.547501e-03	2.461519e-05	
2.765230e-03	3.298924e-05	
5.339904e-03	2.761091e-05	
6.361127e-03	3.710530e-05	
6.607926e-03	1.868346e-05	
1.944766e-03	2.228992e-05	
5.184372e-03	4.744425e-05	
1.260482e-03	7.788300e-05	
6.881558e-03	8.316872e-05	
8.721802e-03	8.261707e-05	
7.227338e-03	5.119834e-05	
5.033701e-03	5.960703e-05	
8.417507e-03	5.444448e-05	
2.520818e-03	2.407476e-05	
5.055941e-03	3.502792e-05	
9.688638e-03	2.502318e-05	
2.714899e-03	3.326310e-05	
1.427457e-03	8.611797e-05	
9.574552e-03	1.328901e-04	
3.695543e-03	1.747248e-04	
1.026110e-03	1.937600e-04	
3.866533e-03	2.831175e-04	
2.917452e-03	5.463323e-04	
2.312026e-03	5.591111e-04	
7.590760e-03	6.201548e-05	
2.110820e-03	9.031457e-05	
3.303309e-03	7.202964e-05	
8.470938e-03	8.065901e-05	
6.186438e-03	3.681047e-05	
8.659650e-03	3.935498e-05	
3.056958e-03	6.931146e-05	
6.525027e-03	2.541997e-05	
2.301948e-03	2.509335e-05	
3.821255e-03	3.794476e-05	
2.634660e-03	5.439304e-06	
7.966067e-03	5.705276e-06	
1.155781e-02	7.787506e-06	
1.936112e-03	1.612554e-05	
9.887810e-03	2.781599e-05	
7.660018e-03	1.273662e-05	
4.410142e-03	7.597489e-07	
2.424095e-03	1.943727e-05	
1.585205e-03	1.701301e-05	
3.553635e-03	2.036791e-05	
1.209878e-03	1.644172e-05	
5.058227e-03	3.931443e-05	
4.532931e-03	4.885878e-05	
4.654713e-03	7.752527e-05	
4.604705e-03	9.398226e-05	
4.392230e-03	7.302660e-05	
2.612864e-03	4.173943e-05	
2.975340e-03	5.002040e-05	
5.286567e-03	2.110341e-06	
1.115745e-02	3.281846e-05	
5.594197e-03	9.389177e-05	
8.772462e-03	1.581940e-05	
4.676735e-03	1.834075e-05	
6.854384e-03	8.161369e-05	
5.456817e-03	3.079352e-04	
5.223317e-03	1.364074e-04	
1.739605e-03	3.597029e-04	
1.208837e-02	3.820749e-04	
3.246541e-03	1.855218e-04	
8.432038e-03	1.000535e-04	
7.769690e-03	1.701661e-04	
9.682014e-03	1.337356e-04	
5.858426e-03	6.771860e-05	
4.834636e-03	6.357966e-05	
5.899583e-03	4.737428e-05	
5.566347e-03	1.686170e-05	
5.039159e-03	1.429388e-05	
5.991300e-03	1.700819e-05	
7.417503e-04	2.727095e-05	
4.775597e-03	5.855245e-06	
2.917526e-03	2.852370e-05	
8.239924e-03	8.043385e-06	
3.266625e-03	9.501409e-06	
2.976411e-03	3.156235e-06	
2.385210e-03	1.604474e-05	
5.395852e-03	7.369186e-06	
1.603813e-03	1.261466e-06	
1.949839e-03	6.920882e-06	
7.765930e-03	1.560093e-07	
2.550312e-03	3.877358e-05	
5.702436e-03	6.208159e-05	
6.910594e-03	5.006713e-05	
4.223651e-03	6.252228e-05	
3.669688e-03	6.257555e-05	
7.986180e-03	3.437173e-05	
3.033585e-03	2.943932e-05	
5.588740e-03	5.069785e-05	
1.748160e-03	1.204637e-04	
9.605411e-03	4.873754e-05	
3.766891e-03	1.537877e-04	
1.252694e-03	7.113885e-05	
1.191123e-03	1.780987e-04	
9.679218e-03	1.030835e-04	
2.386924e-03	1.708183e-04	
4.770539e-03	3.800138e-04	
4.597695e-03	4.512870e-04	
2.313551e-03	1.123965e-04	
6.338257e-03	7.103685e-05	
1.418095e-02	1.141547e-04	
2.785899e-03	9.034617e-05	
8.501742e-03	4.486802e-05	
6.038387e-03	3.770470e-05	
2.580448e-03	3.668361e-05	
8.011505e-03	3.034635e-06	
4.757305e-03	2.193639e-05	
1.961808e-03	6.419520e-06	
5.262256e-03	3.510378e-05	
2.937245e-03	8.225129e-06	
4.684852e-03	9.022579e-06	
6.759159e-03	1.326326e-05	
4.396842e-03	1.382661e-06	
1.082475e-03	8.522624e-06	
2.602348e-03	2.464091e-05	
2.247434e-03	3.989313e-06	
7.844421e-03	5.165257e-05	
7.396244e-03	3.267228e-05	
5.063217e-03	4.211905e-05	
4.805992e-03	4.528792e-05	
1.063212e-03	7.253299e-05	
2.694524e-03	7.676018e-05	
6.761310e-03	9.632799e-05	
2.578994e-03	5.948554e-05	
6.620383e-03	9.153792e-05	
2.771547e-03	2.824325e-05	
1.058873e-02	7.048522e-05	
8.774149e-03	4.171698e-05	
7.473500e-03	2.012902e-05	
1.954086e-03	1.913123e-05	
1.921030e-03	1.019300e-04	
8.069516e-03	2.042840e-04	
6.836100e-03	1.448217e-04	
5.130956e-03	1.533296e-04	
2.095583e-03	4.398906e-04	
3.713521e-03	5.587320e-04	
9.904694e-03	1.302418e-04	
2.772157e-03	5.109966e-05	
1.233209e-02	1.421145e-04	
1.891930e-03	1.294438e-05	
4.416408e-03	2.897720e-05	
3.273775e-03	3.332091e-05	
4.790730e-03	7.084194e-06	
7.482046e-03	2.641156e-05	
4.783494e-03	4.731585e-05	
2.688261e-03	2.192325e-05	
2.323738e-03	3.541209e-05	
5.241808e-03	3.301076e-07	
1.065985e-02	1.306057e-05	
5.487775e-04	9.171210e-06	
7.114827e-03	3.022363e-05	
4.384394e-03	3.813286e-05	
9.936819e-03	2.550380e-05	
7.531404e-03	2.351839e-05	
8.154938e-03	2.290705e-05	
2.088379e-03	6.669532e-06	
6.239449e-03	3.288323e-05	
8.577151e-03	2.457251e-05	
8.606135e-03	8.062322e-05	
1.054432e-03	8.102519e-06	
6.747468e-03	8.232817e-05	
9.250782e-03	9.048900e-05	
8.272420e-03	9.455144e-05	
2.158136e-04	9.689879e-05	
6.140282e-03	4.060056e-05	
9.101385e-03	1.655772e-04	
6.846456e-03	1.828628e-04	
3.157936e-03	3.122880e-05	
6.433206e-03	9.353561e-05	
5.523444e-03	1.684398e-04	
8.579540e-03	4.363663e-04	
2.464211e-03	5.190545e-04	
4.850684e-03	3.252352e-04	
1.090098e-02	1.436644e-04	
4.139900e-03	1.390022e-04	
8.178710e-03	1.258166e-04	
5.193934e-03	3.300523e-05	
6.626568e-03	4.929605e-05	
5.441811e-03	3.667144e-05	
7.820827e-03	2.709272e-05	
9.173990e-03	2.575314e-05	
6.067937e-03	6.742220e-06	
5.588868e-03	2.271730e-06	
3.173544e-03	1.258746e-05	
2.230482e-03	2.512573e-05	
4.451101e-03	9.924470e-06	
3.891130e-03	1.946835e-05	
1.107220e-02	3.540815e-06	
7.142197e-03	6.177727e-06	
3.680789e-03	1.313513e-05	
1.151347e-02	3.366042e-05	
8.848316e-03	4.846585e-05	
3.238339e-03	1.460066e-05	
3.224393e-03	1.299870e-05	
4.410331e-03	3.675405e-05	
1.060993e-03	6.173347e-05	
6.485886e-03	8.145024e-05	
9.287644e-03	7.042438e-05	
9.088596e-03	5.520034e-05	
9.770153e-03	4.641691e-05	
1.402318e-02	8.785549e-05	
4.112726e-03	4.904668e-05	
9.210257e-03	4.253985e-05	
7.163717e-03	8.094388e-05	
7.383324e-03	1.288889e-04	
5.437992e-03	1.141892e-04	
7.187871e-03	2.697437e-05	
4.561629e-03	9.900795e-06	
3.914751e-03	2.166171e-04	
5.187034e-03	4.296205e-04	
5.557882e-03	9.310930e-04	
5.624616e-03	2.224223e-04	
2.557112e-03	1.037950e-04	
4.735420e-03	5.795034e-05	
6.114335e-03	1.330112e-05	
2.681111e-03	3.514595e-05	
4.742051e-03	8.719646e-05	
3.309010e-03	2.260614e-05	
3.634172e-03	6.943181e-06	
5.293954e-03	2.236364e-05	
2.079609e-03	4.092969e-07	
4.364521e-03	2.655816e-05	
2.425193e-03	5.831992e-06	
2.515911e-03	1.609830e-05	
3.732095e-03	4.508447e-05	
4.911370e-03	5.477755e-06	
5.170252e-03	1.396385e-06	
1.172189e-02	2.326146e-08	
9.716282e-03	9.509830e-06	
5.127184e-03	2.191661e-05	
3.449800e-03	8.404361e-06	
7.022415e-03	1.485826e-05	
2.250679e-03	2.766162e-05	
5.391570e-03	6.988644e-05	
7.332772e-03	3.563675e-05	
8.743498e-03	8.908020e-05	
2.020371e-03	9.842112e-05	
6.865248e-03	7.764774e-05	
1.493861e-02	1.750149e-04	
4.020997e-03	1.225326e-04	
9.529488e-03	6.515379e-05	
8.165443e-03	1.332597e-04	
6.790462e-03	6.573210e-05	
7.537295e-03	1.234134e-04	
1.013301e-02	3.074612e-05	
5.340776e-03	9.247724e-06	
4.494834e-03	2.988987e-04	
4.375767e-03	3.631231e-04	
1.631892e-03	2.682459e-04	
5.098754e-03	6.986177e-05	
4.232162e-03	1.501196e-04	
6.120027e-03	4.735822e-05	
4.493092e-03	6.895410e-06	
5.170721e-03	7.288483e-06	
5.238028e-03	1.055086e-04	
3.412890e-03	1.157845e-04	
1.921028e-03	3.462173e-05	
4.552261e-03	7.494134e-05	
5.154501e-03	9.400937e-06	
5.658136e-03	8.512640e-06	
1.193762e-04	1.472777e-05	
8.754065e-04	5.753375e-05	
6.469044e-03	1.688178e-05	
3.611800e-03	1.879076e-05	
1.572825e-02	3.750474e-05	
5.335191e-03	2.410615e-05	
1.072770e-02	7.289381e-06	
6.717752e-03	2.905088e-05	
2.444198e-03	4.577159e-06	
3.613260e-03	4.517245e-05	
2.184217e-03	4.037867e-05	
8.031487e-03	3.417928e-05	
2.250755e-03	3.072325e-05	
6.039967e-03	6.432282e-05	
6.076980e-03	1.143779e-04	
7.108662e-03	5.920053e-05	
8.945027e-03	1.554548e-04	
2.811912e-03	8.475873e-05	
2.199599e-03	7.254768e-07	
5.165014e-03	8.994875e-05	
7.610397e-03	3.884026e-05	
4.030585e-03	3.415674e-05	
5.275862e-03	4.749099e-05	
4.660014e-03	9.658288e-06	
3.314730e-03	2.954083e-04	
3.450352e-03	4.537883e-04	
2.355536e-03	7.560653e-05	
7.877076e-03	6.615635e-06	
2.907255e-03	4.629535e-05	
3.718366e-03	2.174830e-05	
3.588666e-03	1.161192e-04	
7.153789e-03	1.140961e-04	
4.811111e-03	2.264739e-05	
1.761892e-03	1.722767e-05	
2.645391e-03	2.049477e-05	
1.105680e-02	1.842735e-05	
4.042829e-03	5.390045e-05	
4.361814e-04	2.211690e-05	
3.382427e-03	2.321563e-06	
1.669857e-03	3.475403e-05	
5.064630e-03	1.751756e-05	
2.254634e-03	3.073697e-05	
4.350750e-03	5.756799e-06	
4.930364e-03	3.336419e-06	
8.078473e-03	2.771277e-05	
5.357451e-03	5.629373e-06	
1.873347e-03	7.399288e-06	
2.659529e-03	2.796021e-05	
4.402801e-03	8.182040e-05	
4.206112e-03	1.068836e-05	
4.807284e-03	5.468943e-05	
8.783261e-03	6.926086e-05	
9.271441e-03	4.990213e-06	
2.697990e-03	2.207360e-05	
8.637977e-03	3.195797e-06	
1.124684e-03	3.809273e-05	
1.886520e-03	2.558426e-05	
7.824248e-03	1.072717e-06	
4.162527e-03	1.350367e-06	
6.294645e-03	1.070904e-05	
5.045988e-03	9.993696e-06	
7.320410e-03	1.660995e-04	
6.929125e-04	1.098621e-04	
3.596058e-03	3.491610e-04	
