1.390479e+01	9.325873e-14	
1.259339e+01	3.552714e-15	
9.908450e+00	1.304512e-13	
1.022148e+01	2.280398e-13	
9.941864e+00	1.010636e-12	
1.269677e+01	1.245892e-12	
1.326535e+01	1.224798e-11	
1.265966e+01	2.563949e-12	
1.048727e+01	2.207312e-11	
1.287125e+01	3.048672e-13	
1.231674e+01	6.407097e-12	
9.661015e+00	2.324918e-12	
1.254801e+01	1.594758e-11	
1.328482e+01	1.134981e-12	
1.320251e+01	3.970158e-13	
1.032913e+01	3.397282e-13	
1.278264e+01	3.910872e-12	
1.316402e+01	9.213741e-13	
1.283897e+01	1.936229e-12	
1.283820e+01	8.566481e-13	
9.788791e+00	2.616840e-11	
1.248366e+01	2.211231e-12	
9.920893e+00	3.496758e-12	
1.278880e+01	4.501843e-12	
1.366376e+01	7.797318e-12	
1.250767e+01	1.502798e-12	
1.286548e+01	3.848211e-11	
1.323764e+01	4.982681e-13	
1.268875e+01	2.209344e-12	
1.245341e+01	2.759237e-12	
1.028480e+01	2.394052e-11	
1.346813e+01	3.125278e-13	
1.353001e+01	1.991740e-13	
1.180930e+01	1.731948e-14	
1.029835e+01	1.380807e-11	
1.318850e+01	8.837375e-14	
1.321311e+01	1.660894e-13	
1.347476e+01	1.845191e-13	
1.306984e+01	2.295941e-13	
1.357792e+01	5.706546e-14	
1.411636e+01	1.002431e-11	
1.047810e+01	2.690064e-12	
1.198781e+01	7.859650e-14	
1.011844e+01	1.239738e-14	
1.332229e+01	4.350244e-16	
1.274742e+01	7.424197e-15	
1.019304e+01	2.993503e-16	
1.030129e+01	1.435530e-15	
1.297248e+01	2.908521e-15	
1.305812e+01	1.266710e-15	
1.271462e+01	3.886982e-16	
1.310387e+01	2.354575e-15	
1.239589e+01	6.824072e-16	
1.004459e+01	4.866590e-16	
1.000546e+01	7.778668e-16	
9.711944e+00	1.804522e-15	
1.287819e+01	4.392763e-16	
1.344213e+01	8.614461e-16	
1.082789e+01	8.503478e-16	
1.227919e+01	1.126517e-15	
1.297537e+01	0	
1.305411e+01	1.700696e-15	
1.258351e+01	1.148595e-15	
9.635475e+00	2.635658e-15	
1.278252e+01	4.511305e-16	
1.358378e+01	1.400160e-15	
1.331073e+01	8.110983e-16	
1.295714e+01	2.729629e-15	
1.278809e+01	1.267848e-15	
1.247771e+01	5.830473e-16	
1.316752e+01	2.111184e-16	
1.300389e+01	1.512431e-15	
9.968641e+00	1.435530e-15	
1.274226e+01	1.945777e-15	
1.266309e+01	0	
1.310293e+01	2.175122e-16	
1.275465e+01	2.849972e-16	
1.270289e+01	1.250873e-15	
1.321494e+01	5.199482e-13	
1.389910e+01	1.884892e-11	
1.298056e+01	3.628209e-13	
1.227137e+01	1.046940e-12	
1.054491e+01	2.888800e-12	
1.295589e+01	6.655787e-13	
9.948985e+00	1.389777e-12	
1.228931e+01	1.404965e-11	
1.289245e+01	5.752732e-12	
1.295922e+01	1.805889e-12	
1.258209e+01	3.618217e-13	
1.305495e+01	1.820877e-12	
1.011852e+01	3.312484e-11	
9.533161e+00	5.483836e-12	
1.303459e+01	4.712231e-12	
1.270846e+01	1.771250e-12	
1.272573e+01	1.869394e-11	
1.234829e+01	4.029665e-12	
1.311078e+01	8.502088e-12	
1.352716e+01	8.191225e-12	
1.009164e+01	1.850742e-11	
1.253993e+01	1.165801e-11	
1.292288e+01	3.135936e-12	
1.267702e+01	1.021505e-10	
1.305337e+01	5.713208e-13	
1.045402e+01	1.160760e-11	
1.274369e+01	5.406564e-12	
1.329689e+01	2.545919e-11	
1.264786e+01	6.216805e-12	
9.844077e+00	5.783596e-12	
1.254380e+01	8.006484e-12	
1.301906e+01	1.803668e-12	
1.003072e+01	2.664757e-12	
1.008186e+01	1.880429e-11	
1.314088e+01	6.125989e-12	
1.292661e+01	6.897705e-12	
9.589783e+00	3.718770e-11	
9.484687e+00	1.068579e-11	
1.239279e+01	7.019607e-12	
1.315905e+01	3.023071e-11	
1.259471e+01	2.183809e-13	
1.009460e+01	7.120970e-13	
1.293699e+01	1.692202e-12	
1.360419e+01	1.047162e-12	
1.259410e+01	1.196820e-13	
6.641824e+00	5.035528e-12	
1.333427e+01	7.222001e-13	
1.322034e+01	8.801626e-12	
1.227789e+01	1.137390e-11	
1.266233e+01	1.022515e-12	
9.991830e+00	9.607870e-13	
1.260369e+01	3.089973e-12	
1.303213e+01	1.957323e-13	
1.234975e+01	4.989009e-12	
9.769142e+00	2.439715e-11	
1.263455e+01	2.220522e-10	
1.271448e+01	4.610534e-12	
1.010928e+01	4.141132e-13	
1.265613e+01	3.693379e-12	
1.324648e+01	1.154632e-13	
1.338142e+01	1.611333e-11	
1.217931e+01	3.494027e-11	
9.982003e+00	1.921241e-11	
1.281729e+01	2.845835e-11	
1.318358e+01	2.346001e-11	
1.043609e+01	8.464784e-12	
1.282675e+01	4.887646e-12	
1.270701e+01	4.102718e-12	
1.234625e+01	3.061329e-12	
1.350528e+01	1.457479e-11	
1.273404e+01	4.458722e-11	
1.226709e+01	2.210021e-11	
1.314257e+01	1.249467e-11	
1.055761e+01	1.856770e-11	
1.241000e+01	8.154588e-12	
1.250663e+01	2.041367e-12	
1.234897e+01	1.674660e-12	
1.283499e+01	4.737766e-12	
3.951811e+00	2.611640e-06	
5.713676e-01	1.774274e-05	
5.304604e+00	1.172477e-05	
3.520802e+00	1.316779e-05	
5.808812e+00	7.347031e-06	
1.241351e+00	3.448854e-08	
2.951597e+00	4.415000e-05	
5.452319e+00	3.008535e-05	
4.104253e+00	1.651168e-05	
7.703491e-01	1.269939e-05	
8.959233e-01	6.219147e-06	
5.701091e+00	3.834157e-05	
3.338431e+00	3.793275e-05	
4.701391e+00	1.710543e-05	
2.290517e-01	9.849372e-06	
3.568472e+00	2.884490e-05	
1.004926e+00	3.772325e-05	
3.977838e-01	1.664084e-05	
4.660787e+00	2.006307e-05	
5.535032e-01	2.582909e-05	
3.264851e+00	4.805625e-05	
3.312275e+00	1.411805e-05	
1.445900e+00	7.138919e-06	
5.461766e+00	8.093743e-06	
1.339300e+00	5.312725e-05	
4.020682e+00	5.634991e-06	
5.981178e-01	3.591123e-05	
1.533442e+00	1.930615e-05	
5.789151e+00	5.489634e-05	
9.405957e-01	1.218534e-05	
6.371089e+00	5.260437e-06	
7.464488e-01	7.032300e-06	
5.918125e+00	2.623452e-05	
3.967189e+00	5.108073e-06	
1.424300e+00	2.280661e-05	
3.979981e+00	5.982201e-06	
1.153604e+00	2.906252e-08	
4.018528e+00	1.003567e-05	
2.731096e+00	3.070163e-05	
5.194471e+00	1.621694e-05	
5.200482e+00	3.334528e-05	
3.127160e+00	1.647926e-05	
3.174264e-01	5.332767e-05	
4.913907e+00	1.353677e-05	
4.273907e+00	6.360377e-06	
1.086108e+00	5.700327e-05	
5.315818e+00	4.401157e-05	
3.150706e+00	4.363006e-05	
2.838315e+00	4.524683e-06	
4.329835e+00	8.697021e-06	
6.468002e+00	2.983687e-05	
1.110880e+00	5.525245e-05	
3.403138e-01	2.661295e-05	
4.107498e+00	3.284097e-05	
9.836832e-01	2.543268e-05	
1.325815e+00	2.399051e-05	
7.614636e-01	3.113092e-05	
7.910556e-01	1.430508e-05	
5.502750e+00	3.479296e-05	
4.249205e+00	2.258179e-05	
5.037688e+00	1.483668e-05	
4.605277e+00	4.046627e-05	
5.692446e+00	4.048524e-06	
3.747959e+00	2.000893e-05	
1.460379e+00	5.590597e-06	
4.877444e-01	7.694431e-06	
1.856912e+00	2.614718e-05	
6.254359e+00	1.121179e-06	
3.062212e+00	5.874330e-05	
4.153569e+00	1.401220e-05	
5.583499e+00	4.160445e-05	
4.207225e+00	4.082430e-05	
3.818233e+00	2.565325e-05	
5.211023e-01	2.648437e-05	
3.565787e+00	3.269376e-05	
6.477782e-01	1.064396e-05	
1.455181e+00	2.702399e-05	
6.661759e+00	3.811203e-05	
1.416787e+00	2.817305e-05	
3.463545e+00	6.546490e-05	
7.274257e-01	6.571303e-05	
4.312129e-01	6.811846e-05	
4.138131e+00	5.469918e-05	
7.050674e+00	5.050803e-05	
2.065532e+00	8.259009e-05	
4.368223e+00	3.701884e-05	
1.309910e+00	2.593105e-05	
7.289196e-01	5.641711e-05	
1.298367e+00	4.207583e-05	
3.809164e+00	4.244936e-05	
3.601121e+00	8.184437e-05	
1.030306e+00	3.555528e-05	
3.696780e+00	4.789320e-05	
4.671872e+00	7.063849e-05	
5.179498e+00	1.390613e-05	
9.628799e-01	5.942726e-05	
3.061786e+00	7.313292e-05	
4.116529e+00	3.915053e-05	
6.238406e+00	4.001335e-05	
4.729112e+00	6.389590e-05	
5.450395e+00	4.667980e-05	
3.438740e+00	4.345884e-05	
1.274536e+00	2.222619e-05	
3.702051e+00	4.726118e-05	
7.816768e-01	2.962073e-05	
4.118319e+00	5.719521e-05	
1.306120e+00	5.058122e-05	
3.920203e+00	4.539329e-05	
3.932857e+00	6.836640e-05	
2.880635e+00	7.118355e-05	
5.940042e-01	5.008099e-05	
7.373430e-01	5.517386e-05	
2.750020e+00	3.889202e-05	
3.960858e+00	3.505284e-05	
4.584606e+00	5.214673e-05	
1.169034e-01	6.014868e-05	
3.247084e+00	7.509379e-05	
1.431510e+00	9.140344e-05	
3.462577e+00	1.024302e-04	
4.492419e+00	8.620802e-05	
1.444609e+00	5.807792e-05	
1.516596e+00	7.467126e-05	
6.158021e+00	5.246615e-05	
1.542937e+00	8.901805e-05	
3.332288e+00	5.951569e-05	
2.657567e-01	8.118283e-05	
7.048913e-01	5.692596e-05	
6.063780e+00	5.126048e-05	
1.219819e+00	4.742615e-05	
3.910046e+00	5.781724e-05	
4.298844e+00	7.336788e-05	
4.754160e+00	5.018681e-05	
4.883086e+00	8.316823e-05	
5.886030e+00	6.264372e-05	
4.181825e+00	9.898710e-05	
1.353069e+00	6.292348e-05	
3.949457e+00	6.656754e-05	
9.230201e-01	5.328586e-05	
3.495692e+00	7.384419e-05	
3.632005e+00	3.413125e-05	
4.179381e+00	4.948888e-05	
4.696668e+00	7.624685e-05	
4.808427e+00	8.537881e-05	
5.067858e+00	5.951891e-05	
3.992954e+00	6.619142e-05	
5.779412e-01	6.771118e-05	
1.173911e+00	8.304018e-05	
4.796907e+00	7.584138e-05	
3.895684e+00	7.022525e-05	
3.272057e+00	6.572445e-05	
1.278880e+00	8.072059e-05	
5.036491e-01	6.831369e-05	
1.373975e-01	5.229423e-05	
3.364900e+00	9.912611e-05	
5.463177e+00	8.571432e-05	
4.827411e+00	8.005625e-05	
5.370244e+00	5.715406e-05	
5.401863e+00	1.057803e-04	
5.977083e+00	9.205614e-05	
4.246906e+00	7.594534e-05	
4.019652e+00	8.752886e-05	
1.723685e+00	7.416468e-05	
3.550957e+00	7.443136e-05	
4.942869e-01	6.242037e-05	
9.887455e-01	6.287950e-05	
5.859306e+00	6.566683e-05	
3.989595e+00	5.794887e-05	
6.837211e+00	7.932972e-05	
4.259764e+00	7.431134e-05	
3.856243e+00	9.394197e-05	
4.290932e+00	6.365393e-05	
4.400509e+00	9.021473e-05	
6.704818e-01	6.596473e-05	
4.433819e+00	8.183562e-05	
5.702644e-01	9.039795e-05	
6.092339e+00	7.350476e-05	
1.365785e+00	7.892448e-05	
3.938931e+00	7.848898e-05	
1.613756e+00	8.705918e-05	
3.813538e+00	9.026702e-05	
1.205039e+00	1.046878e-04	
9.024623e-01	1.099241e-04	
4.127064e+00	8.648956e-05	
2.011617e-01	1.001866e-04	
3.724384e-01	9.930883e-05	
4.695632e-01	8.342247e-05	
3.184440e+00	1.107923e-04	
1.981052e+00	8.205167e-05	
6.596975e+00	9.955388e-05	
3.620026e+00	8.183669e-05	
4.144613e+00	7.538170e-05	
1.788211e+00	8.338912e-05	
6.247020e+00	9.912741e-05	
4.082295e+00	8.167043e-05	
5.349300e+00	1.069148e-04	
6.134779e+00	1.080960e-04	
4.116203e+00	1.144751e-04	
5.558435e+00	7.159853e-05	
3.762172e+00	8.400506e-05	
1.324456e+00	8.749851e-05	
2.884160e+00	1.003278e-04	
5.241554e+00	8.072538e-05	
3.610882e+00	6.438047e-05	
1.130355e+00	6.883807e-05	
3.953563e+00	7.636217e-05	
2.341108e+00	9.769013e-05	
2.617068e+00	7.507102e-05	
3.565522e+00	1.061572e-04	
5.595259e+00	9.785738e-05	
2.488504e+00	7.656082e-05	
7.232301e-01	8.570219e-05	
1.133297e+00	1.086708e-04	
7.126366e+00	8.355335e-05	
3.928369e+00	8.096396e-05	
3.942477e+00	9.473610e-05	
2.500674e+00	8.893448e-05	
1.853745e+00	9.497500e-05	
1.322027e+00	8.267960e-05	
1.652517e+00	8.353002e-05	
4.850368e+00	1.256158e-04	
7.901067e-01	1.208490e-04	
6.147565e+00	1.219680e-04	
3.668747e+00	1.018706e-04	
4.296603e+00	1.093657e-04	
7.548190e-01	1.161303e-04	
6.450999e+00	1.298964e-04	
1.485885e+00	1.211493e-04	
3.979289e+00	6.811271e-05	
5.092806e-01	8.334815e-05	
7.757849e-01	1.104984e-04	
4.172008e+00	1.160809e-04	
5.028976e+00	9.427339e-05	
7.181562e-01	8.929418e-05	
5.454551e+00	1.063844e-04	
5.937373e+00	1.012977e-04	
1.106207e+00	9.489529e-05	
3.618743e+00	8.396712e-05	
4.948737e+00	8.813829e-05	
4.236643e+00	9.901288e-05	
6.996490e-01	7.421306e-05	
1.510444e+00	6.953441e-05	
3.334857e+00	7.917544e-05	
5.969351e+00	7.166381e-05	
1.898861e+00	1.045843e-04	
3.109649e+00	8.198430e-05	
3.499601e+00	9.716830e-05	
3.296447e+00	1.283940e-04	
1.279552e+00	1.168550e-04	
1.495306e+00	9.751025e-05	
4.987096e+00	9.152829e-05	
3.883523e+00	1.223699e-04	
1.217739e+00	1.024349e-04	
5.783993e+00	8.879643e-05	
5.982895e+00	1.148585e-04	
3.492101e+00	1.234870e-04	
7.933750e-01	1.014907e-04	
4.107544e+00	1.038208e-04	
4.015913e+00	1.177324e-04	
1.220160e+00	1.526714e-04	
6.642409e+00	1.378687e-04	
4.725351e+00	1.115413e-04	
4.544427e-01	1.090062e-04	
4.701879e+00	1.285851e-04	
5.263186e+00	1.388267e-04	
1.043809e+00	1.487060e-04	
2.951405e+00	1.300007e-04	
3.956631e+00	7.311642e-05	
3.541302e+00	9.249350e-05	
3.122911e-01	1.249210e-04	
5.700453e+00	9.271827e-05	
3.345259e+00	1.004827e-04	
3.817109e+00	8.342799e-05	
3.445081e+00	1.052168e-04	
2.898056e+00	1.104729e-04	
1.489615e+00	1.082176e-04	
4.990121e+00	8.336391e-05	
4.345233e+00	9.048470e-05	
2.331478e+00	9.267072e-05	
4.418196e+00	8.433591e-05	
1.212360e+00	8.334401e-05	
4.673993e-01	9.947945e-05	
3.352224e+00	9.660733e-05	
4.561529e+00	1.024862e-04	
3.725401e+00	9.394586e-05	
4.152087e+00	1.138466e-04	
4.463705e+00	1.018982e-04	
1.047276e+00	1.122719e-04	
3.775118e+00	1.064105e-04	
1.181885e+00	1.186057e-04	
5.561934e+00	1.165602e-04	
5.507574e+00	1.048854e-04	
6.436724e-01	1.150638e-04	
3.787359e+00	1.180228e-04	
3.505812e+00	9.867417e-05	
4.981732e+00	1.145853e-04	
8.093133e-01	1.320922e-04	
4.275705e+00	1.241812e-04	
8.901751e-01	1.289823e-04	
4.580202e+00	1.107525e-04	
1.494637e+00	1.110288e-04	
4.586817e+00	1.424598e-04	
3.487615e+00	1.413330e-04	
2.977835e+00	1.200615e-04	
2.885939e+00	7.220817e-05	
6.913230e-01	1.326915e-04	
5.572879e+00	1.360402e-04	
3.591562e+00	9.007900e-05	
5.050977e+00	8.785056e-05	
2.465514e+00	7.634143e-05	
3.784770e+00	8.750870e-05	
3.614441e+00	1.060587e-04	
7.035885e+00	1.035940e-04	
3.857264e+00	1.032398e-04	
3.535452e+00	9.712446e-05	
4.549017e+00	1.030854e-04	
1.176566e+00	9.465906e-05	
2.017985e+00	1.073367e-04	
1.453937e+00	9.013956e-05	
3.026963e+00	1.175350e-04	
2.991545e-01	1.028767e-04	
4.299520e+00	1.091891e-04	
4.174824e+00	1.138700e-04	
5.227460e+00	1.170502e-04	
5.832157e+00	1.092878e-04	
9.150617e-01	9.563725e-05	
3.968491e+00	1.118791e-04	
4.636978e+00	1.189344e-04	
4.493748e+00	1.159111e-04	
3.751197e+00	1.081266e-04	
5.875975e+00	1.153592e-04	
3.319260e+00	1.307600e-04	
4.912474e+00	1.091242e-04	
1.314121e+00	1.254426e-04	
4.199975e+00	1.232852e-04	
5.300618e-01	1.325319e-04	
3.461010e+00	1.133890e-04	
4.331327e+00	1.162910e-04	
3.386632e+00	1.183939e-04	
4.058499e+00	1.246644e-04	
1.995596e+00	1.526619e-04	
2.602087e+00	1.351790e-04	
4.172181e-01	1.405951e-04	
4.425494e+00	1.072611e-04	
4.356954e+00	1.042576e-04	
4.206116e+00	1.201827e-04	
3.337725e+00	1.217158e-04	
4.690815e+00	1.091454e-04	
4.498181e+00	1.114971e-04	
4.297512e+00	7.757853e-05	
3.750802e+00	1.064560e-04	
5.927787e+00	1.175791e-04	
4.856346e+00	9.008175e-05	
5.155721e+00	9.558294e-05	
6.518307e+00	7.947848e-05	
3.656772e+00	1.057272e-04	
4.746821e+00	9.897548e-05	
3.885598e+00	1.129467e-04	
1.251349e+00	1.021487e-04	
4.851304e+00	1.138906e-04	
4.164454e+00	1.214732e-04	
4.739609e+00	1.050174e-04	
4.899465e+00	1.038771e-04	
5.615255e+00	1.195339e-04	
3.624259e+00	1.290672e-04	
5.270130e-01	1.182008e-04	
5.899963e+00	1.237518e-04	
3.257282e+00	1.194049e-04	
3.675304e+00	1.246701e-04	
1.667923e+00	1.285652e-04	
5.144991e+00	1.464668e-04	
1.930492e+00	1.381783e-04	
3.590423e+00	1.405520e-04	
6.203850e+00	1.289822e-04	
5.937989e+00	1.493604e-04	
3.875635e+00	1.149976e-04	
3.943062e+00	1.233394e-04	
3.415905e+00	1.316254e-04	
1.121606e+00	1.416967e-04	
2.429800e-01	1.238587e-04	
6.713594e-01	7.232011e-05	
4.447086e-01	1.069710e-04	
4.312742e+00	1.359897e-04	
5.992112e+00	1.047530e-04	
6.613284e-01	1.234477e-04	
1.621504e+00	1.180768e-04	
3.384901e+00	1.136006e-04	
5.110428e+00	1.195461e-04	
4.184525e+00	9.413675e-05	
3.913090e+00	9.765650e-05	
4.633933e+00	1.099207e-04	
4.512334e+00	9.981663e-05	
6.280209e+00	9.942958e-05	
4.191956e+00	1.190435e-04	
6.161819e+00	1.191752e-04	
1.302729e+00	9.261793e-05	
3.342933e+00	9.880655e-05	
1.533606e-01	1.098851e-04	
9.885373e-01	1.079864e-04	
3.992426e+00	9.946870e-05	
4.501699e+00	1.121982e-04	
1.448468e+00	1.132216e-04	
5.362274e+00	1.150375e-04	
6.233825e+00	1.119622e-04	
1.791722e+00	1.144632e-04	
3.823027e+00	1.177340e-04	
2.607812e+00	1.179232e-04	
5.872593e-01	1.172311e-04	
5.548035e+00	1.226595e-04	
4.904895e+00	1.184492e-04	
3.939126e+00	1.130124e-04	
5.575907e+00	1.033696e-04	
4.085701e+00	1.202564e-04	
4.241820e+00	1.356221e-04	
5.757564e+00	9.118937e-05	
9.017404e-01	1.194458e-04	
4.102262e+00	1.379173e-04	
1.267457e+00	1.378436e-04	
6.629630e-01	1.214209e-04	
5.111206e+00	1.516538e-04	
1.379798e+00	1.384084e-04	
7.569641e-01	1.006645e-04	
4.165781e+00	1.285688e-04	
1.900747e+00	1.206859e-04	
2.722212e+00	1.337505e-04	
4.460739e+00	1.258531e-04	
1.899189e+00	9.056202e-05	
6.956547e+00	8.448005e-05	
4.693633e-01	1.072825e-04	
8.130232e-01	1.084980e-04	
5.022559e+00	1.037931e-04	
9.970115e-01	9.935189e-05	
7.326498e+00	1.116740e-04	
5.262914e+00	1.017574e-04	
3.075148e+00	1.159216e-04	
3.152098e+00	1.221702e-04	
5.038937e+00	1.114005e-04	
4.927734e+00	1.073278e-04	
6.685910e-01	1.157342e-04	
3.647106e+00	1.020799e-04	
5.742245e-01	1.072954e-04	
1.736371e+00	9.201897e-05	
9.344718e-01	1.022461e-04	
1.892733e+00	9.028364e-05	
3.414123e+00	1.107590e-04	
4.917192e+00	1.125168e-04	
2.867788e+00	1.002068e-04	
5.163055e+00	1.120455e-04	
9.592803e-01	8.929121e-05	
4.514672e+00	9.664960e-05	
4.898474e+00	1.221590e-04	
3.316117e+00	1.280235e-04	
5.420615e+00	1.389833e-04	
1.371881e+00	8.982510e-05	
4.836987e+00	1.240998e-04	
9.810540e-01	1.337065e-04	
5.144219e+00	1.260161e-04	
4.353509e+00	1.820082e-04	
1.284244e+00	1.621416e-04	
8.191414e-01	1.029609e-04	
1.707301e+00	1.220617e-04	
5.104990e+00	1.211137e-04	
1.770885e+00	1.263132e-04	
4.513013e+00	1.234915e-04	
3.139490e+00	9.878974e-05	
1.115915e+00	1.062156e-04	
3.322703e+00	1.111924e-04	
3.679953e+00	1.169230e-04	
2.461614e+00	1.230060e-04	
3.533610e+00	1.049713e-04	
5.423363e+00	1.181967e-04	
6.836314e+00	1.218774e-04	
4.118400e+00	1.267854e-04	
4.346184e+00	1.282073e-04	
5.642147e-01	1.186291e-04	
3.288262e+00	1.278162e-04	
6.208043e+00	1.070263e-04	
1.511136e+00	1.120940e-04	
2.760854e-01	9.586453e-05	
9.314515e-01	1.059956e-04	
3.837164e+00	1.085196e-04	
3.807841e+00	9.673911e-05	
3.230891e+00	1.029185e-04	
8.963750e-01	1.077093e-04	
5.047293e+00	9.294998e-05	
2.559021e-01	1.052759e-04	
1.083784e+00	1.171435e-04	
4.557125e+00	1.177734e-04	
2.071616e-01	1.352565e-04	
3.212171e+00	1.258106e-04	
2.184960e-01	1.431070e-04	
5.360630e+00	1.510437e-04	
8.665531e-01	1.461586e-04	
5.078136e+00	1.390995e-04	
9.747319e-01	8.981043e-05	
1.158227e-01	1.887958e-04	
6.627489e+00	1.964353e-04	
2.089154e+00	1.157028e-04	
3.387686e+00	1.445493e-04	
1.473148e+00	8.972100e-05	
7.691234e-01	1.059753e-04	
5.670319e+00	1.181187e-04	
6.658766e+00	1.147947e-04	
1.869189e+00	1.246784e-04	
3.917962e+00	9.461109e-05	
3.247218e+00	8.357181e-05	
2.431371e+00	1.058174e-04	
6.943148e+00	1.183709e-04	
8.367624e-01	1.076594e-04	
4.361280e+00	1.160905e-04	
1.151223e+00	1.160048e-04	
4.452447e+00	1.121719e-04	
4.522839e+00	1.200840e-04	
5.635372e+00	1.073806e-04	
1.606198e+00	1.116305e-04	
2.003655e-01	1.102873e-04	
2.383106e-01	1.042013e-04	
6.331373e-01	1.102131e-04	
6.789268e-01	1.123465e-04	
3.360631e+00	9.389156e-05	
1.377792e+00	1.203183e-04	
5.961263e+00	9.925629e-05	
2.006503e+00	1.082064e-04	
5.340234e+00	9.409852e-05	
4.686122e+00	1.077247e-04	
4.385092e+00	1.237542e-04	
6.492909e+00	1.356688e-04	
3.639120e+00	1.597956e-04	
5.878078e-01	1.321166e-04	
7.932418e-01	1.071937e-04	
6.566428e+00	1.287576e-04	
7.384227e-01	1.774680e-04	
2.780619e+00	1.585637e-04	
5.056294e+00	1.317889e-04	
3.637412e+00	1.711614e-04	
4.185518e+00	1.516937e-04	
1.796732e+00	1.376735e-04	
2.673152e+00	1.205462e-04	
4.383991e+00	1.054543e-04	
4.521028e+00	1.160169e-04	
7.123973e+00	1.058412e-04	
3.937915e+00	1.142609e-04	
7.239447e+00	9.479798e-05	
7.847939e-01	9.135396e-05	
5.516843e+00	1.013454e-04	
5.978007e+00	1.225468e-04	
4.677857e+00	1.185088e-04	
7.059176e-01	1.099753e-04	
3.525119e+00	1.019901e-04	
2.622472e-01	1.064391e-04	
3.162477e+00	9.623408e-05	
1.294328e+00	1.158075e-04	
3.447655e+00	1.013231e-04	
3.882081e+00	1.119927e-04	
7.363053e-01	1.005070e-04	
5.431356e+00	1.093715e-04	
2.205406e+00	9.072714e-05	
6.155738e-01	1.031716e-04	
8.531462e-01	9.775412e-05	
4.242627e+00	9.257291e-05	
1.555373e-01	9.288598e-05	
4.834354e+00	1.121085e-04	
2.972861e+00	1.189587e-04	
6.407532e+00	1.280836e-04	
9.110672e-01	1.339302e-04	
3.784302e+00	1.013310e-04	
4.594140e+00	1.272665e-04	
6.359183e-01	1.307567e-04	
3.833063e+00	1.690520e-04	
1.204904e+00	1.538214e-04	
1.869734e+00	9.652035e-05	
1.717472e+00	2.116441e-04	
4.840624e+00	1.843237e-04	
4.900089e+00	1.686391e-04	
4.226702e+00	1.412096e-04	
3.063307e+00	1.025679e-04	
3.261908e-01	1.083629e-04	
6.921150e+00	9.244911e-05	
5.876543e+00	1.111400e-04	
3.676834e+00	1.029415e-04	
5.417566e+00	1.136151e-04	
5.678227e+00	1.031124e-04	
4.804057e+00	1.101561e-04	
5.392633e+00	1.086325e-04	
3.722928e+00	1.245693e-04	
6.244931e+00	1.142318e-04	
9.661727e-01	1.129548e-04	
4.697447e+00	1.014747e-04	
1.225657e+00	1.080447e-04	
1.080300e+00	1.000788e-04	
5.757665e+00	1.187726e-04	
7.542492e-01	1.073822e-04	
4.168949e+00	1.123655e-04	
3.592536e+00	1.048522e-04	
4.483146e+00	9.323219e-05	
4.539844e+00	9.835577e-05	
1.018534e+00	1.017817e-04	
2.928093e+00	8.491002e-05	
2.873363e+00	7.775561e-05	
9.361259e-02	1.017451e-04	
5.170037e+00	1.223368e-04	
2.123727e+00	1.381057e-04	
6.139876e+00	1.209941e-04	
2.916582e-01	1.240054e-04	
1.639908e+00	1.250027e-04	
2.949148e+00	1.301764e-04	
9.048368e-01	1.438557e-04	
6.049503e+00	1.710290e-04	
1.366576e+00	1.533071e-04	
3.662633e+00	1.764324e-04	
5.039922e+00	1.859638e-04	
5.727344e+00	1.600768e-04	
3.879617e+00	1.173863e-04	
4.381148e+00	1.153326e-04	
3.481456e+00	9.387079e-05	
6.411677e+00	9.720632e-05	
5.186088e+00	9.302236e-05	
3.327673e+00	1.029146e-04	
3.697754e+00	1.124965e-04	
4.091112e+00	1.139308e-04	
1.724073e+00	9.673889e-05	
9.013848e-01	1.013462e-04	
4.321209e+00	9.403992e-05	
5.466825e-01	1.074779e-04	
4.782694e+00	9.881701e-05	
3.225238e+00	9.810092e-05	
3.873551e-01	1.017091e-04	
2.922663e+00	9.132345e-05	
7.548940e-01	1.175095e-04	
3.536320e+00	1.029050e-04	
1.334252e+00	1.125920e-04	
4.184095e+00	9.831166e-05	
3.643284e+00	9.044505e-05	
1.288768e+00	1.093258e-04	
3.861258e+00	7.778486e-05	
4.547062e+00	1.138458e-04	
4.176703e-01	9.652965e-05	
1.146865e+00	1.104504e-04	
4.198174e+00	1.228215e-04	
3.667163e+00	1.107653e-04	
1.708988e+00	1.126835e-04	
1.679547e+00	1.375646e-04	
3.577711e+00	1.273172e-04	
8.536471e-01	1.258449e-04	
6.938236e-01	1.619551e-04	
9.525613e-01	1.987020e-04	
4.091015e+00	2.086580e-04	
3.342487e+00	2.315853e-04	
6.030323e-01	1.176367e-04	
3.936678e+00	1.240867e-04	
5.544756e+00	1.358580e-04	
2.337212e-01	1.487584e-04	
5.269891e+00	1.481358e-04	
4.265785e+00	1.092669e-04	
4.987827e+00	8.737684e-05	
4.884568e+00	9.659888e-05	
4.254109e+00	9.709606e-05	
3.055956e+00	1.004969e-04	
1.092641e+00	9.476476e-05	
1.976752e+00	9.391293e-05	
2.698914e+00	1.034834e-04	
2.141212e+00	8.973722e-05	
4.428087e+00	9.383123e-05	
4.744059e+00	9.313759e-05	
3.389806e+00	7.501761e-05	
3.182980e+00	9.450721e-05	
5.470657e-01	7.683199e-05	
8.026282e-01	1.017443e-04	
9.019779e-01	8.599305e-05	
4.884791e-01	8.159607e-05	
5.518068e-01	9.527877e-05	
3.391793e+00	8.468914e-05	
5.550822e+00	9.708250e-05	
1.273132e+00	1.104942e-04	
4.670629e+00	1.066803e-04	
3.978772e+00	9.438692e-05	
4.512636e-01	1.200321e-04	
1.008297e-01	9.782795e-05	
1.602687e+00	8.114990e-05	
3.441137e+00	1.042331e-04	
3.252983e+00	1.335079e-04	
3.316927e+00	1.234313e-04	
3.141018e+00	1.782717e-04	
4.222460e+00	2.109580e-04	
1.488983e-01	1.839018e-04	
4.069991e+00	1.675518e-04	
4.385256e+00	1.278231e-04	
3.969897e+00	1.178105e-04	
5.012381e+00	1.473527e-04	
6.992623e-01	1.534714e-04	
2.825198e-01	1.484775e-04	
4.949363e+00	1.040954e-04	
1.173848e+00	7.579703e-05	
4.850770e+00	9.048920e-05	
1.281790e+00	7.799311e-05	
9.573415e-01	1.030390e-04	
3.157898e+00	9.497148e-05	
1.505833e+00	1.150441e-04	
2.881896e+00	1.097557e-04	
2.757029e+00	9.406808e-05	
3.888752e+00	1.071780e-04	
4.024839e+00	7.545217e-05	
6.269120e+00	9.175889e-05	
5.603843e+00	8.379717e-05	
4.329225e+00	9.151455e-05	
5.433614e-01	7.845790e-05	
3.019225e+00	8.970728e-05	
9.253379e-01	7.429479e-05	
1.295353e+00	7.663515e-05	
1.197914e+00	7.865142e-05	
4.367740e+00	9.790901e-05	
5.889047e+00	9.998322e-05	
1.366032e+00	1.091456e-04	
4.033089e+00	1.048196e-04	
4.717370e+00	8.554437e-05	
3.220287e+00	9.973888e-05	
3.212369e+00	9.774810e-05	
6.167649e+00	1.244501e-04	
1.738977e+00	1.637367e-04	
1.046316e+00	1.259737e-04	
3.795964e+00	1.463143e-04	
5.544248e+00	1.560814e-04	
4.529682e+00	1.448024e-04	
6.570972e+00	1.422126e-04	
4.816097e+00	9.157801e-05	
1.137322e+00	1.347664e-04	
3.775237e+00	1.379195e-04	
4.570578e+00	1.208594e-04	
1.076855e+00	1.504614e-04	
4.371878e+00	1.273774e-04	
4.838104e+00	1.036807e-04	
1.516994e+00	9.976616e-05	
3.737535e+00	9.234853e-05	
1.273965e+00	7.859227e-05	
4.547043e+00	1.033742e-04	
4.017575e+00	8.750798e-05	
5.446732e+00	1.054123e-04	
4.950398e+00	9.885544e-05	
3.660707e-01	9.923487e-05	
4.097794e+00	8.410107e-05	
4.282055e+00	8.701234e-05	
5.596903e-01	9.878040e-05	
1.089391e+00	9.007028e-05	
2.863037e+00	7.886745e-05	
1.034603e+00	9.260649e-05	
4.190011e+00	7.512612e-05	
8.029764e-01	8.878939e-05	
6.461374e+00	9.032024e-05	
1.596265e+00	8.462844e-05	
4.819942e+00	9.566713e-05	
1.785818e+00	1.059845e-04	
6.914835e+00	8.790813e-05	
5.645001e+00	1.013838e-04	
1.388269e+00	1.073228e-04	
2.755342e-01	1.031243e-04	
1.027329e+00	1.139984e-04	
4.778598e+00	1.317133e-04	
4.618585e+00	1.711481e-04	
4.269820e+00	1.520468e-04	
6.388196e-01	1.840777e-04	
4.180880e-01	1.762174e-04	
4.112103e+00	1.330152e-04	
3.453550e+00	1.112718e-04	
2.815810e+00	1.385849e-04	
7.444899e-01	1.383493e-04	
4.400558e+00	1.439057e-04	
5.779630e+00	1.200680e-04	
3.870949e+00	1.408231e-04	
4.953410e+00	1.149075e-04	
6.443032e-01	1.017374e-04	
1.288156e+00	7.761997e-05	
5.133838e+00	7.838711e-05	
1.055592e+00	9.114433e-05	
3.295783e+00	9.705335e-05	
1.128826e+00	9.505849e-05	
4.007225e+00	9.145136e-05	
4.191682e+00	8.984748e-05	
1.183209e+00	8.352307e-05	
6.055037e-01	8.827231e-05	
9.623189e-01	7.643545e-05	
9.337088e-01	8.463216e-05	
4.894784e-01	8.438961e-05	
1.431791e+00	6.713069e-05	
3.795076e+00	9.316686e-05	
3.245966e+00	9.048045e-05	
2.603227e-01	1.074518e-04	
6.121871e+00	8.249328e-05	
1.505045e+00	1.017449e-04	
7.831967e+00	1.091643e-04	
4.226418e+00	9.547623e-05	
3.329796e+00	9.627287e-05	
8.462885e-01	1.145203e-04	
3.091859e-01	1.118947e-04	
9.614863e-01	9.971521e-05	
5.043034e+00	1.147199e-04	
4.320849e+00	1.535203e-04	
9.400939e-01	1.474900e-04	
3.560253e-01	1.985293e-04	
3.500030e+00	1.573105e-04	
5.117862e-01	2.479715e-04	
4.551904e+00	1.381894e-04	
1.317713e+00	1.407446e-04	
1.048428e+00	1.443864e-04	
3.444310e+00	1.213602e-04	
3.268601e+00	1.289223e-04	
4.189842e+00	9.898191e-05	
4.896053e+00	1.165493e-04	
1.233739e+00	8.597969e-05	
3.682507e+00	9.870093e-05	
4.068356e+00	8.416163e-05	
4.937170e-01	7.384845e-05	
1.084133e+00	8.775237e-05	
1.888853e+00	9.534916e-05	
5.508589e-01	8.091338e-05	
1.275543e+00	8.052240e-05	
2.154692e+00	8.811904e-05	
1.327243e+00	6.813052e-05	
6.781421e+00	8.094899e-05	
4.022718e+00	7.009950e-05	
3.567502e+00	7.468701e-05	
2.328136e+00	7.497869e-05	
7.218150e-01	8.923694e-05	
1.257791e+00	8.409074e-05	
3.664467e+00	9.652976e-05	
1.212778e+00	8.794210e-05	
5.187963e+00	8.135472e-05	
5.555544e+00	1.007374e-04	
3.545069e+00	8.359446e-05	
3.598388e-01	1.021909e-04	
1.033657e+00	9.475130e-05	
1.345047e+00	1.050898e-04	
4.639348e+00	1.260365e-04	
3.985341e+00	1.344744e-04	
3.278588e+00	1.831826e-04	
3.181915e+00	1.862961e-04	
2.768923e+00	2.253086e-04	
2.711253e+00	2.215643e-04	
3.818355e+00	1.658093e-04	
4.723444e+00	1.817851e-04	
1.329526e+00	1.602423e-04	
1.017173e+00	1.214032e-04	
5.529207e+00	1.135282e-04	
4.509958e+00	8.936464e-05	
1.165613e+00	1.032884e-04	
4.722013e+00	9.123275e-05	
1.887030e+00	9.950165e-05	
4.340447e+00	9.451781e-05	
4.932990e+00	1.022106e-04	
3.774824e+00	7.993815e-05	
3.200154e+00	8.270037e-05	
1.328507e+00	6.847235e-05	
2.762627e+00	7.763417e-05	
1.173707e+00	8.178565e-05	
5.654066e+00	8.626028e-05	
3.439121e+00	7.381000e-05	
4.262241e+00	7.567245e-05	
4.968110e+00	8.704876e-05	
2.833958e-01	8.995661e-05	
5.669599e+00	8.604366e-05	
1.239510e+00	8.590186e-05	
4.399801e+00	8.708689e-05	
3.984750e+00	8.371443e-05	
6.374055e+00	8.552141e-05	
6.908337e+00	8.453723e-05	
2.506038e+00	9.813105e-05	
3.262102e+00	1.055051e-04	
6.603757e-01	1.054452e-04	
3.973723e+00	9.652726e-05	
1.288986e+00	1.205728e-04	
1.407348e+00	1.116946e-04	
5.482913e-01	1.527561e-04	
3.527022e+00	1.435956e-04	
2.986726e+00	1.495314e-04	
3.356945e+00	1.846731e-04	
1.478485e+00	2.336561e-04	
4.858146e+00	1.657484e-04	
6.120495e+00	1.785102e-04	
4.405132e+00	1.697420e-04	
2.334510e+00	1.286079e-04	
3.915511e+00	1.030314e-04	
3.286242e+00	9.601617e-05	
3.118964e+00	7.241265e-05	
9.038079e-01	9.387456e-05	
9.593688e-01	9.375282e-05	
1.341559e+00	1.066136e-04	
3.732670e+00	8.404348e-05	
4.734468e+00	8.264388e-05	
1.581758e+00	7.697164e-05	
2.923867e+00	7.134128e-05	
2.154303e+00	8.808317e-05	
5.369813e+00	6.549553e-05	
1.382618e+00	7.616486e-05	
4.016630e+00	7.291890e-05	
2.546944e+00	7.933032e-05	
6.159407e+00	6.288052e-05	
3.308463e+00	7.839677e-05	
4.439130e+00	9.155374e-05	
5.087524e-01	8.053187e-05	
5.603487e+00	7.852745e-05	
7.478477e+00	8.864737e-05	
4.470089e+00	9.465386e-05	
9.047025e-01	8.432096e-05	
1.996531e+00	7.437586e-05	
4.949996e+00	9.427901e-05	
6.791364e+00	1.002748e-04	
1.321432e+00	1.137392e-04	
2.711330e+00	9.524840e-05	
3.669589e+00	1.332343e-04	
3.285045e+00	1.203118e-04	
1.944753e+00	1.673318e-04	
6.114753e-01	1.624477e-04	
4.611782e+00	1.761247e-04	
1.045993e+00	1.591610e-04	
5.530083e+00	1.577577e-04	
2.922791e+00	1.321528e-04	
3.465989e+00	1.076055e-04	
4.118710e+00	1.157376e-04	
1.557804e+00	1.327092e-04	
4.473051e+00	9.894376e-05	
3.326720e+00	8.385722e-05	
4.927164e+00	9.135887e-05	
3.531877e+00	9.111844e-05	
1.363027e+00	9.760560e-05	
3.744608e+00	8.749340e-05	
6.425256e-01	8.859675e-05	
1.000206e+00	8.655566e-05	
3.287838e+00	6.582749e-05	
4.236379e+00	8.082671e-05	
4.619006e+00	6.634198e-05	
7.490400e-01	5.648014e-05	
9.979867e-01	8.406304e-05	
5.765965e+00	7.338643e-05	
3.535389e-01	7.097398e-05	
6.158345e+00	6.630745e-05	
5.256345e+00	7.735683e-05	
5.411699e+00	6.446953e-05	
3.890303e+00	6.348119e-05	
3.294955e+00	7.128091e-05	
3.586618e+00	8.590116e-05	
3.688835e+00	8.330006e-05	
3.168617e+00	7.068966e-05	
4.349576e+00	7.610250e-05	
3.257675e+00	9.531085e-05	
7.639099e-01	1.201497e-04	
7.656774e-01	1.135152e-04	
6.113948e-01	7.865369e-05	
5.178430e+00	1.025840e-04	
1.141779e+00	1.475183e-04	
6.384293e+00	1.868908e-04	
1.414851e+00	2.618531e-04	
6.597890e-01	2.036784e-04	
4.823246e-01	1.479609e-04	
2.765152e+00	1.859575e-04	
5.614184e+00	1.419908e-04	
5.271482e+00	1.265585e-04	
6.523740e-01	1.215599e-04	
2.395052e-01	1.059767e-04	
2.116880e+00	7.173631e-05	
6.736221e+00	7.866622e-05	
4.338834e+00	9.146867e-05	
2.233360e+00	7.850297e-05	
1.597862e+00	8.049594e-05	
6.848358e-01	6.689072e-05	
9.473100e-02	6.514317e-05	
5.658281e+00	7.256701e-05	
3.187776e+00	5.722957e-05	
5.275896e+00	6.715442e-05	
3.898682e+00	7.181360e-05	
6.322341e+00	7.523085e-05	
1.108349e+00	8.454963e-05	
4.132231e+00	6.689025e-05	
4.698548e+00	6.841315e-05	
4.217047e+00	6.121569e-05	
4.705176e+00	6.433497e-05	
3.726654e+00	7.164099e-05	
1.798234e+00	6.327766e-05	
2.965779e+00	6.631771e-05	
4.338006e+00	6.300612e-05	
4.527038e+00	7.908843e-05	
2.909417e-01	7.407687e-05	
4.246844e+00	9.201352e-05	
4.258108e+00	7.948414e-05	
1.400074e+00	9.706009e-05	
4.823228e+00	8.594866e-05	
7.073906e+00	1.137626e-04	
5.674833e+00	1.304177e-04	
4.835050e+00	1.519421e-04	
6.530961e+00	2.186502e-04	
8.722682e-01	1.702677e-04	
1.187509e+00	2.047783e-04	
3.465758e+00	1.929876e-04	
2.755060e+00	1.424708e-04	
1.346810e+00	8.120451e-05	
7.549856e-01	1.108488e-04	
1.130037e+00	6.897050e-05	
5.782593e+00	9.842136e-05	
9.506979e-01	8.964372e-05	
3.976275e+00	6.188560e-05	
1.274551e+00	9.033080e-05	
3.604583e+00	8.220946e-05	
7.239860e+00	6.160821e-05	
5.117654e+00	5.853026e-05	
3.304070e+00	5.811168e-05	
3.421282e+00	5.529221e-05	
4.759559e-01	7.044225e-05	
7.587959e-01	7.115530e-05	
2.253915e+00	7.290599e-05	
4.331123e+00	6.146109e-05	
6.064079e-01	7.826328e-05	
9.126318e-01	6.165645e-05	
3.783625e+00	6.457021e-05	
7.253251e-01	7.030270e-05	
4.599408e+00	6.317528e-05	
6.533451e+00	6.999562e-05	
9.552072e-01	6.242618e-05	
5.621985e+00	6.954828e-05	
5.419537e+00	7.224856e-05	
4.521580e+00	8.132795e-05	
4.146232e+00	5.500728e-05	
4.704410e+00	9.693967e-05	
6.045329e+00	1.008540e-04	
4.714870e+00	1.195264e-04	
7.232301e+00	1.000897e-04	
5.601147e+00	1.143460e-04	
6.775923e+00	1.354494e-04	
5.473784e+00	2.251408e-04	
3.625890e+00	2.897799e-04	
3.548339e+00	1.262291e-04	
1.347895e+00	1.900793e-04	
6.196471e+00	1.389278e-04	
8.559018e-01	8.456422e-05	
4.810186e-01	7.324396e-05	
4.168071e+00	9.376889e-05	
3.193066e+00	7.208260e-05	
4.023122e+00	7.372945e-05	
1.819759e+00	8.965678e-05	
4.982362e+00	8.688562e-05	
3.875715e+00	6.764096e-05	
4.770623e+00	7.564738e-05	
4.907914e+00	6.786896e-05	
3.440919e+00	6.093254e-05	
6.511742e+00	6.431401e-05	
6.643320e-01	6.470561e-05	
9.528492e-01	7.412713e-05	
4.672901e+00	6.287773e-05	
1.053757e+00	5.613691e-05	
9.463946e-01	6.330062e-05	
1.757260e+00	5.419391e-05	
3.876453e-01	6.121630e-05	
7.799042e-01	6.145132e-05	
4.449642e+00	6.585721e-05	
5.003650e+00	6.222575e-05	
5.706012e+00	6.683280e-05	
4.668537e-01	6.944303e-05	
4.070386e+00	6.613360e-05	
4.017667e+00	5.815426e-05	
4.386824e+00	6.301851e-05	
1.150826e+00	8.247081e-05	
3.386155e+00	7.936662e-05	
3.817209e+00	7.938436e-05	
6.017494e+00	1.141410e-04	
3.725915e+00	1.520052e-04	
4.429278e+00	1.320887e-04	
6.649747e+00	2.112537e-04	
1.314996e+00	1.477514e-04	
4.550229e+00	1.680637e-04	
6.969000e+00	2.019162e-04	
2.710754e+00	1.474697e-04	
6.800800e+00	6.635820e-05	
4.355312e+00	7.004545e-05	
4.621206e-01	6.352544e-05	
3.300136e+00	9.029060e-05	
3.652257e+00	5.582922e-05	
1.363604e+00	7.792011e-05	
5.780611e+00	6.196751e-05	
4.324455e+00	7.010884e-05	
1.480883e+00	5.069545e-05	
1.380733e+00	5.693182e-05	
3.693450e+00	4.351454e-05	
4.818505e+00	5.554033e-05	
3.279574e-01	6.151588e-05	
5.014151e+00	6.360618e-05	
1.004070e+00	5.768647e-05	
3.066521e+00	5.095699e-05	
7.999048e-01	5.737629e-05	
4.688714e-01	5.462570e-05	
4.293629e+00	6.010279e-05	
6.783831e-02	6.504176e-05	
7.217188e-01	5.839040e-05	
3.360186e+00	6.362827e-05	
4.626375e+00	7.983223e-05	
3.714636e+00	4.277993e-05	
2.156917e+00	6.695305e-05	
1.386045e+00	7.301462e-05	
3.014026e+00	6.264681e-05	
5.946699e+00	7.111030e-05	
6.290976e+00	9.090791e-05	
4.114961e+00	8.141699e-05	
2.398809e+00	8.815444e-05	
5.956465e+00	1.094963e-04	
7.023342e+00	1.583631e-04	
1.123199e+00	1.851511e-04	
3.839949e-01	1.979599e-04	
3.608859e+00	1.876679e-04	
3.587892e+00	1.400743e-04	
3.690851e+00	5.644569e-05	
4.702673e+00	5.471363e-05	
2.102798e+00	8.052619e-05	
4.043308e+00	7.624728e-05	
6.490653e-01	7.405456e-05	
4.575828e+00	7.453196e-05	
1.110420e+00	5.252514e-05	
4.607574e+00	4.728922e-05	
4.592316e+00	6.661288e-05	
4.577248e+00	5.637679e-05	
9.613555e-01	3.936263e-05	
6.819473e+00	4.764740e-05	
6.840518e+00	4.719374e-05	
5.474050e+00	5.090161e-05	
3.998517e+00	4.402034e-05	
1.474575e+00	6.544971e-05	
1.464557e-01	5.508025e-05	
6.931856e-01	5.446148e-05	
3.909927e+00	6.289402e-05	
5.669177e-01	6.266103e-05	
1.893069e+00	5.161743e-05	
4.081023e+00	4.667097e-05	
4.028278e+00	5.726924e-05	
4.367325e+00	5.341566e-05	
4.613788e+00	5.531155e-05	
2.966059e+00	6.550441e-05	
4.941002e+00	7.685818e-05	
4.565936e+00	9.892086e-05	
4.705132e+00	7.946154e-05	
3.490995e+00	6.482432e-05	
3.520804e+00	1.026861e-04	
6.821913e+00	1.051411e-04	
1.564568e+00	6.782275e-05	
1.537312e+00	1.130438e-04	
1.039144e+00	1.771769e-04	
6.773000e-01	2.580037e-04	
3.661418e+00	8.623629e-05	
2.580891e+00	1.156301e-04	
4.927689e+00	7.016354e-05	
1.214738e+00	5.961946e-05	
5.785112e-01	8.058787e-05	
2.984847e-01	7.158421e-05	
5.460850e+00	7.718089e-05	
6.890555e-01	7.748027e-05	
4.425749e+00	7.483299e-05	
5.418170e+00	5.960201e-05	
5.456102e+00	4.963799e-05	
4.572309e+00	3.777993e-05	
8.215642e-01	4.609460e-05	
6.102902e+00	5.211011e-05	
6.737843e+00	4.365287e-05	
4.176584e+00	5.136700e-05	
1.955583e+00	5.549988e-05	
5.602938e+00	4.773011e-05	
5.782355e+00	5.815174e-05	
5.252066e-01	5.017400e-05	
1.476352e+00	6.162144e-05	
1.129440e+00	6.634234e-05	
4.073244e+00	4.725914e-05	
4.159251e+00	5.274303e-05	
5.765691e+00	4.966438e-05	
6.052673e+00	3.779980e-05	
7.690150e-01	5.508455e-05	
9.798843e-01	5.716494e-05	
4.456376e+00	8.155895e-05	
1.445560e+00	6.776233e-05	
6.180452e+00	7.192851e-05	
3.789918e+00	8.710316e-05	
2.883068e+00	6.179066e-05	
6.043769e+00	7.779592e-05	
3.580446e+00	9.830257e-05	
2.892805e-01	1.357268e-04	
7.283582e-01	1.748914e-04	
3.913284e+00	1.811245e-04	
7.425720e-01	8.835265e-05	
6.350658e+00	1.515092e-04	
1.751475e+00	1.356120e-04	
4.470980e+00	6.761769e-05	
5.746529e-01	5.562080e-05	
3.827275e+00	3.167722e-05	
6.300923e-01	4.869522e-05	
6.077438e+00	6.525873e-05	
2.102741e+00	4.506193e-05	
2.976630e+00	5.372197e-05	
2.983020e+00	3.836709e-05	
1.094174e+00	3.156101e-05	
8.087928e-01	2.988476e-05	
3.742754e+00	5.072952e-05	
4.780565e+00	5.545173e-05	
4.251387e+00	4.895649e-05	
2.559288e+00	3.751698e-05	
3.303564e+00	4.162038e-05	
3.896199e+00	4.960597e-05	
6.208827e-01	5.032317e-05	
6.243914e-01	5.022200e-05	
4.464853e+00	4.532907e-05	
1.787126e-01	4.648228e-05	
4.708462e+00	5.709684e-05	
5.394256e+00	3.829822e-05	
4.410606e+00	4.056857e-05	
5.137236e+00	4.099192e-05	
5.133047e+00	6.087788e-05	
2.313707e+00	7.477830e-05	
3.983550e+00	6.189713e-05	
2.349639e-01	6.353986e-05	
5.364296e+00	7.116887e-05	
4.726730e+00	6.191453e-05	
4.400274e+00	8.337304e-05	
7.562897e-01	1.337882e-04	
6.806613e-01	1.110147e-04	
5.796628e+00	1.535251e-04	
6.273638e-01	2.047367e-04	
3.821254e+00	1.423735e-04	
1.349339e+00	1.055438e-04	
2.617127e-01	7.340098e-05	
5.943618e+00	3.810323e-05	
7.087662e+00	5.109104e-05	
8.073304e-01	4.013458e-05	
3.520349e+00	5.471157e-05	
4.845929e+00	6.612002e-05	
3.740825e+00	4.066167e-05	
3.796058e+00	5.626813e-05	
4.291317e+00	3.818518e-05	
1.564626e+00	1.923050e-05	
4.315253e+00	2.840558e-05	
4.486888e+00	3.787945e-05	
5.229442e+00	4.129665e-05	
1.118826e+00	3.508047e-05	
1.242222e+00	4.429523e-05	
3.819273e+00	3.734272e-05	
4.298791e+00	4.209985e-05	
4.642250e+00	3.694112e-05	
4.184956e+00	3.258305e-05	
4.740583e+00	4.584673e-05	
3.994337e+00	3.837837e-05	
6.716782e-01	4.814856e-05	
3.590192e+00	4.908282e-05	
4.242442e+00	3.573466e-05	
5.265966e+00	4.608408e-05	
4.133469e+00	4.734914e-05	
5.687828e+00	6.574859e-05	
1.240315e+00	4.827274e-05	
2.841176e-01	5.575247e-05	
3.746360e+00	4.988027e-05	
4.463988e+00	5.871436e-05	
7.759487e-01	8.070524e-05	
4.401921e+00	6.052453e-05	
6.981892e-01	1.015549e-04	
1.431946e+00	1.127015e-04	
3.771607e+00	2.144154e-04	
3.873707e+00	2.101950e-04	
2.221342e+00	1.490457e-04	
4.916164e+00	1.029218e-05	
3.470089e+00	4.200006e-06	
1.510030e+00	8.243895e-05	
6.340391e+00	4.590371e-05	
4.867543e+00	3.931379e-05	
3.550406e+00	4.375247e-05	
7.498963e+00	3.868743e-05	
7.442250e-01	3.314817e-05	
4.681594e-01	3.665868e-05	
3.177233e+00	2.151913e-05	
3.417232e+00	3.562301e-05	
4.869292e+00	3.039587e-05	
4.264912e+00	3.667154e-05	
3.586231e+00	4.159875e-05	
6.537512e+00	3.541314e-05	
5.668300e-01	3.200327e-05	
9.328342e-01	3.480466e-05	
4.157982e+00	3.127595e-05	
4.548053e+00	3.126253e-05	
5.343514e-01	3.961312e-05	
3.462184e+00	4.701523e-05	
4.988563e+00	3.790824e-05	
4.360127e+00	4.388414e-05	
6.760086e+00	4.575728e-05	
6.796558e+00	4.223130e-05	
3.625803e+00	3.742634e-05	
3.857637e+00	5.738651e-05	
2.156503e+00	2.591194e-05	
6.802334e+00	5.500352e-05	
1.922834e+00	6.656910e-05	
3.639337e+00	5.574384e-05	
4.351240e+00	1.750884e-05	
6.361904e+00	5.738517e-05	
4.630388e+00	6.395667e-05	
3.531485e+00	1.641848e-04	
7.901698e-01	1.244221e-04	
1.055294e+00	1.507883e-04	
5.285255e-01	1.483760e-04	
2.141263e+00	5.931667e-05	
1.769927e+00	2.382246e-05	
7.000776e+00	4.328779e-05	
4.162831e+00	8.776369e-06	
2.088048e-01	3.298624e-05	
1.215089e+00	2.440222e-05	
6.930324e+00	2.872266e-05	
4.856529e+00	1.269096e-05	
1.018297e+00	2.320365e-05	
3.488091e+00	3.427838e-05	
6.455534e-01	2.680168e-05	
7.639708e+00	3.223155e-05	
5.405149e+00	2.909391e-05	
1.327238e+00	2.317956e-05	
4.352878e+00	3.867933e-05	
5.121134e+00	2.262312e-05	
3.087137e+00	2.471824e-05	
1.195264e+00	2.329842e-05	
9.100503e-01	2.589366e-05	
4.473753e+00	2.878730e-05	
3.406961e-01	4.845201e-05	
5.460158e-01	3.931536e-05	
6.992186e+00	4.056830e-05	
4.204287e+00	4.994308e-05	
3.201340e+00	3.443588e-05	
7.104886e+00	2.626748e-05	
7.148160e-01	3.812878e-05	
5.750632e+00	5.910739e-05	
1.335373e+00	4.973819e-05	
4.121379e+00	4.888416e-05	
2.249833e+00	4.040294e-05	
6.115240e+00	4.606925e-05	
5.849603e+00	5.035995e-05	
5.904442e+00	8.564171e-05	
6.436111e+00	1.234200e-04	
6.359374e+00	1.801694e-04	
6.283957e-01	1.212268e-04	
1.398082e+00	7.939737e-05	
4.737189e+00	6.449419e-05	
1.099944e+00	3.810067e-05	
1.064179e+00	1.236994e-05	
5.564210e+00	6.096579e-05	
6.333564e+00	2.896412e-05	
4.909788e+00	1.734918e-05	
4.880154e+00	1.183273e-05	
6.766468e+00	1.972638e-05	
4.443974e+00	1.907879e-05	
1.398952e-01	3.619503e-05	
9.550841e-01	4.019557e-05	
5.625472e+00	3.843462e-05	
3.587889e+00	2.539897e-05	
1.018160e+00	2.343925e-05	
8.144404e-01	2.653824e-05	
2.775635e+00	2.718965e-05	
5.484766e+00	3.317548e-05	
3.570900e+00	1.470608e-05	
6.853714e-01	2.938803e-05	
6.077339e+00	3.290283e-05	
2.746745e+00	2.708414e-05	
1.271541e+00	4.184567e-05	
3.427759e+00	2.415453e-05	
5.901491e+00	3.772267e-05	
3.350600e+00	4.283905e-05	
3.992594e+00	3.266669e-05	
3.795839e+00	2.972346e-05	
3.751777e+00	4.449062e-05	
6.516273e+00	3.765778e-05	
3.948870e+00	4.392728e-05	
7.559594e-01	4.801023e-05	
4.633046e+00	3.763662e-05	
3.696003e+00	6.358590e-05	
4.686487e+00	8.315042e-05	
4.253784e+00	1.224111e-04	
4.906091e-01	2.055849e-04	
3.376108e+00	1.692007e-04	
5.603790e-01	1.617899e-04	
1.141088e+00	8.011005e-05	
1.378176e+00	3.703500e-05	
5.952218e+00	3.865870e-05	
4.005988e+00	6.986394e-06	
2.211953e+00	2.443401e-05	
3.882097e+00	2.713468e-05	
8.194689e+00	1.680981e-05	
6.085390e+00	1.020026e-05	
1.520198e+00	1.298588e-05	
3.502715e+00	2.947584e-05	
1.027944e+00	2.781135e-05	
4.891760e-01	3.184267e-05	
4.890782e+00	3.251067e-05	
2.531304e+00	2.004917e-05	
3.652390e+00	3.116188e-05	
3.128310e+00	2.250491e-05	
7.151551e-01	2.515525e-05	
5.524462e+00	3.344461e-05	
4.279687e+00	2.499997e-05	
6.826694e-01	2.930296e-05	
2.884385e+00	2.488138e-05	
7.766085e-01	1.619201e-05	
1.297253e+00	1.249861e-05	
3.830132e+00	1.861732e-05	
4.601238e+00	1.990331e-05	
5.737177e+00	3.331654e-05	
1.928816e+00	2.665244e-05	
4.729548e+00	5.079648e-05	
5.892507e+00	3.667949e-05	
2.578672e-01	4.354571e-05	
3.397001e-01	3.159295e-05	
6.216800e-01	3.998611e-05	
1.355031e-01	2.067651e-05	
1.544906e+00	1.085058e-05	
3.510350e+00	1.241976e-04	
1.212267e+00	1.123937e-04	
3.576207e+00	1.396924e-04	
3.422368e+00	1.093005e-04	
1.589795e+00	7.079044e-05	
3.625947e+00	4.771725e-05	
3.914723e+00	2.470644e-06	
3.289023e-01	1.017737e-05	
4.381253e+00	5.649754e-06	
4.160636e+00	3.266107e-05	
3.862237e+00	1.014092e-05	
4.414059e+00	1.804932e-06	
3.784576e+00	1.490709e-05	
4.077985e+00	2.727738e-05	
3.727340e+00	1.548954e-05	
5.089340e+00	2.601239e-05	
3.962790e+00	2.544198e-05	
8.951816e-01	2.043431e-05	
4.845077e-01	1.410147e-05	
3.865433e+00	1.576540e-05	
3.135698e+00	2.565861e-05	
1.262742e+00	1.893610e-05	
8.829571e-01	2.148381e-05	
4.371831e+00	1.843721e-05	
4.567660e-01	1.705799e-05	
3.291764e-01	9.032589e-06	
4.556308e+00	8.923292e-06	
4.327973e+00	1.764103e-05	
3.487273e+00	2.076873e-05	
1.588125e+00	3.187911e-05	
6.769036e-01	2.654614e-05	
3.592767e-01	8.967222e-06	
3.482707e+00	3.506253e-05	
7.064537e-01	3.630995e-05	
2.451254e-01	1.913728e-05	
3.495773e-01	1.248993e-05	
7.443449e-01	1.404457e-05	
4.942722e-01	5.233070e-05	
4.211768e-01	5.058681e-05	
4.081063e+00	1.463314e-04	
