0.003718 0.000030 0.000039
0.003710 0.000062 0.000074
0.003744 0.000051 0.000070
0.003753 0.000065 0.000078
0.003644 0.000059 0.000057
0.003688 0.000042 0.000065
0.003609 0.000042 0.000063
0.003608 0.000044 0.000051
0.003631 0.000033 0.000058
0.003645 0.000041 0.000051
0.003669 0.000037 0.000055
0.003613 0.000047 0.000055
0.003635 0.000051 0.000073
0.003652 0.000058 0.000063
0.003642 0.000055 0.000058
0.003678 0.000031 0.000045
0.003673 0.000042 0.000065
0.003615 0.000058 0.000087
0.003712 0.000040 0.000054
0.003653 0.000038 0.000059
0.003620 0.000060 0.000067
0.003620 0.000038 0.000070
0.003644 0.000056 0.000064
0.003614 0.000041 0.000051
0.003660 0.000051 0.000060
0.003661 0.000057 0.000073
0.003603 0.000052 0.000069
0.003646 0.000047 0.000054
0.003745 0.000053 0.000071
0.003659 0.000039 0.000055
0.003713 0.000059 0.000067
0.003598 0.000032 0.000055
0.003643 0.000042 0.000056
0.003648 0.000043 0.000079
0.003701 0.000046 0.000062
0.003763 0.000041 0.000059
0.003707 0.000051 0.000074
0.003662 0.000049 0.000061
0.003742 0.000042 0.000058
0.003671 0.000052 0.000067
0.003724 0.000054 0.000071
0.003755 0.000064 0.000059
0.003686 0.000055 0.000061
0.003593 0.000037 0.000062
0.003691 0.000040 0.000053
0.003753 0.000045 0.000059
0.003655 0.000048 0.000058
0.003689 0.000042 0.000052
0.003681 0.000043 0.000068
0.003612 0.000039 0.000054
