0	0
0.0256410256410256	0
0.0512820512820513	0
0.0769230769230769	0
0.102564102564103	0
0.128205128205128	0
0.153846153846154	0
0.179487179487179	0
0.205128205128205	0
0.230769230769231	0
0.256410256410256	0
0.282051282051282	0
0.307692307692308	0
0.333333333333333	0
0.358974358974359	0
0.384615384615385	0
0.41025641025641	0
0.435897435897436	0
0.461538461538462	0
0.487179487179487	0
0.512820512820513	0
0.538461538461538	0
0.564102564102564	0
0.58974358974359	0
0.615384615384615	0
0.641025641025641	0
0.666666666666667	0
0.692307692307692	0
0.717948717948718	0
0.743589743589744	0
0.769230769230769	0
0.794871794871795	0
0.82051282051282	0
0.846153846153846	0
0.871794871794872	0
0.897435897435897	0
0.923076923076923	0
0.948717948717949	0
0.974358974358974	0
1	0
0	1
0.0256410256410256	1
0.0512820512820513	1
0.0769230769230769	1
0.102564102564103	1
0.128205128205128	1
0.153846153846154	1
0.179487179487179	1
0.205128205128205	1
0.230769230769231	1
0.256410256410256	1
0.282051282051282	1
0.307692307692308	1
0.333333333333333	1
0.358974358974359	1
0.384615384615385	1
0.41025641025641	1
0.435897435897436	1
0.461538461538462	1
0.487179487179487	1
0.512820512820513	1
0.538461538461538	1
0.564102564102564	1
0.58974358974359	1
0.615384615384615	1
0.641025641025641	1
0.666666666666667	1
0.692307692307692	1
0.717948717948718	1
0.743589743589744	1
0.769230769230769	1
0.794871794871795	1
0.82051282051282	1
0.846153846153846	1
0.871794871794872	1
0.897435897435897	1
0.923076923076923	1
0.948717948717949	1
0.974358974358974	1
1	1
0	0.0256410256410256
0	0.0512820512820513
0	0.0769230769230769
0	0.102564102564103
0	0.128205128205128
0	0.153846153846154
0	0.179487179487179
0	0.205128205128205
0	0.230769230769231
0	0.256410256410256
0	0.282051282051282
0	0.307692307692308
0	0.333333333333333
0	0.358974358974359
0	0.384615384615385
0	0.41025641025641
0	0.435897435897436
0	0.461538461538462
0	0.487179487179487
0	0.512820512820513
0	0.538461538461538
0	0.564102564102564
0	0.58974358974359
0	0.615384615384615
0	0.641025641025641
0	0.666666666666667
0	0.692307692307692
0	0.717948717948718
0	0.743589743589744
0	0.769230769230769
0	0.794871794871795
0	0.82051282051282
0	0.846153846153846
0	0.871794871794872
0	0.897435897435897
0	0.923076923076923
0	0.948717948717949
0	0.974358974358974
1	0.0256410256410256
1	0.0512820512820513
1	0.0769230769230769
1	0.102564102564103
1	0.128205128205128
1	0.153846153846154
1	0.179487179487179
1	0.205128205128205
1	0.230769230769231
1	0.256410256410256
1	0.282051282051282
1	0.307692307692308
1	0.333333333333333
1	0.358974358974359
1	0.384615384615385
1	0.41025641025641
1	0.435897435897436
1	0.461538461538462
1	0.487179487179487
1	0.512820512820513
1	0.538461538461538
1	0.564102564102564
1	0.58974358974359
1	0.615384615384615
1	0.641025641025641
1	0.666666666666667
1	0.692307692307692
1	0.717948717948718
1	0.743589743589744
1	0.769230769230769
1	0.794871794871795
1	0.82051282051282
1	0.846153846153846
1	0.871794871794872
1	0.897435897435897
1	0.923076923076923
1	0.948717948717949
1	0.974358974358974
0.0346130982093696	0.0180544062319637
0.0558309171244	0.030724155381139
0.0787954911192278	0.0263132192987066
0.101136863864297	0.0220261254208185
0.131540905849739	0.0139893455110553
0.14300423437549	0.0269057969004023
0.180197262748986	0.0133803734463796
0.201829970872656	0.0360377078449804
0.240163316910729	0.0347776119447915
0.255948219470495	0.037938899271385
0.289324707980526	0.0303999037106271
0.319812366698871	0.0343125131425562
0.341262898467014	0.0310561659801606
0.355325475454564	0.0163372151885542
0.383014300110393	0.0337171606146788
0.411481324698778	0.0283063772522706
0.446929881012947	0.0341463389857086
0.453588882443435	0.0327443395395982
0.475334034188967	0.0303688738993368
0.504017295609212	0.0274560659967097
0.538161551543857	0.0133174976665007
0.552967379168436	0.0352884133756391
0.585917872754764	0.0183179702405174
0.625863290482159	0.0205108705837745
0.65292296051581	0.0189043696304043
0.678076830572696	0.0159560337964352
0.702223215065555	0.0297748937577274
0.707728754324788	0.0378656559277935
0.746998404012135	0.0353672946457095
0.781019260020926	0.0325946060458005
0.783985754341079	0.021756084659043
0.818028435500524	0.0293711981595411
0.843943828098031	0.0324013913901334
0.8682154757991	0.0163158603903296
0.891060993903717	0.0319810801695299
0.93533833288975	0.0253031609195083
0.953927574129848	0.0169680956762889
0.970421831040156	0.0269777975014995
0.0168464703723029	0.0588411077830596
0.059939734190743	0.0551498664356682
0.0793722116413321	0.0423301840836901
0.113749652140319	0.0429431825721777
0.130768086313096	0.0496655765400523
0.152725082181865	0.0467477541072183
0.190191822377398	0.0460550847314398
0.210357682299572	0.0439597386117554
0.226034055258386	0.0596954229788719
0.260696512561934	0.0552106068155373
0.290367159840164	0.0622256050503175
0.301413316689781	0.0487708435017594
0.321436449359016	0.0403575888336555
0.35285254226554	0.0546894864122074
0.390477327311164	0.045124912478733
0.407291296426657	0.0513940583217102
0.442242726247294	0.0550999097560334
0.4679945286826	0.0397633617398092
0.498529350585394	0.0484419191872496
0.507490729121355	0.0610457586262659
0.543646638501814	0.0558472233002539
0.560979693954347	0.045581998069404
0.599905693915894	0.0475614296233644
0.608435840055417	0.0451429977806974
0.63127192028507	0.0483746980689531
0.664678651885984	0.0581407948607472
0.70046333641231	0.0568103646481573
0.706258907655284	0.0438632294820483
0.73811879485965	0.0527815544442123
0.779185207655081	0.0399737979703168
0.787891760807474	0.0493337397012051
0.81793474571594	0.0550284053087876
0.857355199270214	0.0603341703847447
0.884325900406019	0.0431347737820515
0.889133855385567	0.0516717853353728
0.926064932868037	0.058931663301438
0.945539695455714	0.0464094586422362
0.972651330594289	0.0588700116172251
0.0213213536738354	0.0883600406401497
0.0603114521137914	0.0712043705770413
0.0801175306617234	0.0662850448717344
0.113467281928276	0.0657825097158029
0.125152318819788	0.0857646261846559
0.165349591453709	0.0862347212799919
0.179046822826176	0.0794736368703537
0.199447008771308	0.0718737832074842
0.234357940756706	0.0866565259336814
0.248512519139511	0.0698396648391793
0.289164713270156	0.0792003844125788
0.295361841911111	0.087763596534198
0.326917466179434	0.0696482577066806
0.356748895034319	0.0741653853019212
0.37483981050775	0.0713897199543398
0.416614531523989	0.089363456939079
0.447689762472324	0.0798009418493899
0.464157320543998	0.0649766505977311
0.475724022514996	0.0878881236555634
0.513563106617265	0.0650663455231476
0.549564935423464	0.0653834822925166
0.558475554418102	0.0809263939599354
0.590467073595264	0.0769084628732376
0.625726317466247	0.0681791979979716
0.640776968306397	0.0771120419219639
0.6619012188861	0.0825644567400823
0.685082658525092	0.0879968326866249
0.726561012473199	0.070766850263565
0.747924585480324	0.0819362626735593
0.775184782637985	0.0803117039878616
0.78802732462213	0.0778047008632279
0.82799273535757	0.0891169195595953
0.847446740658127	0.0764869450098143
0.862638716683052	0.0698619966725244
0.90768955893791	0.0714744997134356
0.929049143984408	0.083834766192189
0.947026763880516	0.0870314796193802
0.98626064984735	0.0871000183138351
0.0240351513596447	0.108084646139474
0.0551583907305749	0.103273858058607
0.0712788377097239	0.107885904123376
0.109845688659742	0.0963012813531513
0.139280695797535	0.108915451203483
0.143502356437724	0.108422327440164
0.189751730049144	0.112335582419186
0.198376390724987	0.107508101799525
0.243508988510942	0.100413127673718
0.266881093417994	0.114502561656933
0.28664082917889	0.0989542438285874
0.29576736782573	0.0987029995929768
0.321723839416705	0.0907533999831335
0.355359335807088	0.0933031616371486
0.384287012149183	0.0923869016505566
0.406300963400916	0.110459592862623
0.448192362534903	0.110412080596651
0.455735965081199	0.100518812171026
0.48427447319355	0.108021766088777
0.521177625435684	0.111216207437424
0.528373628489431	0.101202067480367
0.556681727414381	0.104490620045962
0.582130480815366	0.0954521986071408
0.605962717504002	0.113198377927116
0.644099452872257	0.0937751532728824
0.665469932899031	0.102286892859769
0.696829975113683	0.0979957635672216
0.728260857554059	0.113174699988751
0.733813390639848	0.112810754483248
0.776958217135338	0.092353405302531
0.798519558462396	0.0976373442462192
0.818846239400742	0.109215313741504
0.838176466162712	0.0960327399596571
0.873913501021671	0.103702848524904
0.895685179725086	0.109093351109669
0.935205140938748	0.107910438120003
0.956209890199727	0.112224927463132
0.978149013837522	0.109935280029343
0.0313978341021916	0.118832029741045
0.0450230608769368	0.128815605936331
0.0818938889268521	0.136105610211991
0.113131529359465	0.131742835220467
0.120541377997122	0.115586077304884
0.159755401035962	0.117306446528101
0.170116198388545	0.123635499273969
0.198950710272715	0.12400066818469
0.238472431897741	0.119634143618597
0.263811509217899	0.117946395359496
0.287027758734448	0.120503719282264
0.314293202121797	0.132185423433438
0.321805032745072	0.132006297495954
0.363943104879708	0.134539376343677
0.376518705942923	0.115446473153009
0.406896575081135	0.129348904433602
0.437029523774358	0.136551975496423
0.451267536058255	0.128245894281194
0.49865584026033	0.132642639622477
0.520922438275069	0.129751435343053
0.548449276058054	0.120491279126519
0.564386487443267	0.133179941826992
0.592700389207342	0.118093486284588
0.621933731403618	0.130653601320554
0.641701747318931	0.118714594278333
0.656931899036382	0.13909519034973
0.684181902938488	0.117724377583972
0.719035664238992	0.126379451818434
0.752847325009021	0.135975243882451
0.780376336009846	0.133084144572433
0.787974175985861	0.129058689422666
0.81600381445808	0.115729832004487
0.836292569437446	0.137183202878387
0.863259412414997	0.12971483060643
0.89314813074141	0.129668615008936
0.923753515200788	0.131392705926517
0.947180547356898	0.128616136742361
0.967322939750072	0.116589870046177
0.0368355659056788	0.143202625639464
0.0471299068441098	0.16458519109064
0.0740366978722182	0.16163597479515
0.106030595926013	0.158179590707769
0.138131754131806	0.15186434776341
0.151682649887752	0.141766335566923
0.168069624359491	0.14447656472033
0.200134505577003	0.15020808935278
0.242569888709026	0.146624490201719
0.257470349678902	0.147020363589089
0.288557236970401	0.147483772182304
0.310862110900677	0.160093569651617
0.336155378888432	0.154174240367913
0.353138437280563	0.141663959448991
0.37290586974448	0.155021282925159
0.404931576880128	0.146060008899111
0.439049529730026	0.146309310206525
0.470908023306233	0.155725521306492
0.491734590862605	0.162602937008029
0.523462996657666	0.150928022347845
0.535134693563584	0.166630920481556
0.552382989235246	0.157495039244094
0.581790187088588	0.147165657316419
0.626030329621624	0.15312156995384
0.639977840363856	0.144225407163096
0.663506154266407	0.152317491576375
0.699930380698505	0.148029283760569
0.71885273487701	0.152530390586311
0.751369936999548	0.148104023050306
0.772526036517904	0.142599562758044
0.785581554289984	0.155842924739765
0.809717855033546	0.149641290932007
0.849324624528499	0.146713993114969
0.859224773002349	0.163034192675469
0.893048460241581	0.153001117394886
0.923831964340803	0.151298336815112
0.943745085876857	0.152668006595939
0.970412135237838	0.161926775794365
0.0357496083987796	0.170892699643327
0.0578477717843867	0.173224365121941
0.0660958352556827	0.179643411633003
0.112788023811876	0.181034972595725
0.121772398995944	0.189974796419547
0.156638802769867	0.167608859016009
0.179499746058307	0.179958948148031
0.197113081100984	0.188518594914807
0.229566005530469	0.188095605944389
0.261689618847287	0.1899560932169
0.289720533205572	0.173919526276251
0.295832724395251	0.179213723957413
0.328732335198979	0.186994614023865
0.350269702469986	0.170451175820455
0.392278154457878	0.181260266440372
0.404428146939285	0.183719657156933
0.427944828020529	0.178363942068541
0.453717468516363	0.167333572037607
0.475502610486377	0.168428275064399
0.510461593119485	0.18360833120601
0.549925650697242	0.18626978924912
0.560427404086784	0.170737575791175
0.595370030041535	0.192221378893024
0.614678200593733	0.184750517311498
0.6495883590247	0.173180118743311
0.677571764898528	0.17824143905884
0.687011058483714	0.179178752426696
0.70883641588561	0.175106216093876
0.744348214122595	0.168292786444239
0.779541018793725	0.184021619428745
0.789827623634688	0.183550398336075
0.830935609254001	0.170593036429211
0.85127484309814	0.178939870287327
0.860837608395463	0.178606659123481
0.899440760955149	0.167512281896535
0.921136953587457	0.191785677271
0.939097699555288	0.185708614723621
0.974608143434126	0.178643085140077
0.0329583664142673	0.199856751053546
0.0480834539852465	0.209792523944942
0.0896080935365507	0.202355011176612
0.102144694790116	0.212046201863239
0.11753369912981	0.210563328928804
0.149733965466945	0.20027269225604
0.178570377905475	0.205683859719263
0.205750129357773	0.20388042451858
0.231180800525981	0.204527250199099
0.246276566685735	0.206711750008446
0.294803487210913	0.195877659002534
0.314430692260928	0.19771559705109
0.322487175718159	0.201017895081556
0.365412612938247	0.203427790133972
0.39443093408556	0.216222054883474
0.405965634403824	0.215016310251662
0.42937451596539	0.192571597759593
0.455751013876386	0.204762998236896
0.4759835914275	0.194611855403275
0.502739327348927	0.204631991897173
0.540454664494247	0.193315582098997
0.57406624231496	0.196200665874636
0.595682784983804	0.207182503679371
0.61547251425653	0.194756254675659
0.634641397439973	0.215569522442231
0.678988660708689	0.193395466953941
0.689765030391335	0.20311588795557
0.70614737516672	0.209246645648838
0.738171909064686	0.215864493070693
0.759000285663595	0.196438664162468
0.798984001723044	0.216717347768998
0.830377018255535	0.196311237067194
0.846484156707226	0.210732254239079
0.872245884245634	0.212747656567889
0.898116823209782	0.214813287202768
0.920577144125913	0.19349377464787
0.945133753096058	0.204237746029985
0.96486915907659	0.212661866303516
0.0293478966861259	0.237848066007145
0.0586904333629085	0.218417709318179
0.0694944402875605	0.241823054748013
0.114995236884934	0.233851952543187
0.127824655624534	0.240357358085506
0.141999568226876	0.238714695077473
0.180851784519863	0.227993996776417
0.195007175501423	0.241897165336113
0.227414961215897	0.235818470223622
0.256542281202827	0.218577743498904
0.271949737346882	0.23917740272914
0.315934170755825	0.225618194137008
0.336895522809409	0.221868975876873
0.352047139524623	0.236070759310329
0.395830373144007	0.241444163584872
0.400489110411976	0.240499654919549
0.443628179878803	0.222594678641414
0.458708011896801	0.23368497529954
0.494341593990586	0.225885358160089
0.501585784701054	0.230868760490471
0.545630161214749	0.237942588659249
0.553776516915344	0.221922277446903
0.600245358850203	0.21933420917897
0.608839206573869	0.231383046258657
0.628853906626942	0.219119368226664
0.675879714975009	0.234073048201804
0.696621563366964	0.228804938218888
0.71559275002903	0.243203275018845
0.75298589453066	0.228207153250998
0.762271039877117	0.232618094975127
0.788321866580384	0.243012072610146
0.808575980521176	0.237003213898928
0.843954675971566	0.229734745060947
0.8784348631511	0.218637073689377
0.905557929772635	0.221205396949867
0.918835655137891	0.2426024821268
0.958484317926375	0.228133962960676
0.971741760153917	0.225771362154816
0.0277496299466442	0.250467655802219
0.0544814688681875	0.246980574997542
0.0783493243946085	0.258609234047702
0.106051874700562	0.256730459627845
0.119053760061345	0.261452717471813
0.156558077982564	0.267693077561521
0.168347335990626	0.25411789159952
0.205519910248969	0.258609755955096
0.239381496567665	0.266375675573986
0.263541665036008	0.263251918031413
0.284627848487898	0.259725530904963
0.31873924132545	0.247904113998527
0.340359665234303	0.254466117175804
0.368281122611062	0.266670556945088
0.385691424114406	0.255673960090079
0.416998829954579	0.257431449873339
0.43237351366252	0.250934073676233
0.468848395507899	0.250094281018494
0.481809483864442	0.265731778479479
0.509265216247508	0.265775985173254
0.548596172305595	0.261957096228206
0.566029083999419	0.263238149631724
0.595504564389888	0.251702618077244
0.624588025843785	0.265360546546812
0.649252060719599	0.265471930200092
0.658107938955018	0.26366474124175
0.703234631612369	0.247280754143375
0.715488857712953	0.255619157094971
0.747354479774915	0.261581533472302
0.760226304730256	0.266538594977871
0.796352718747401	0.255437786673696
0.82924838309916	0.25384834456874
0.839509722743234	0.257991401048137
0.877726143492919	0.258840489378984
0.903057058465686	0.25931177313175
0.921873281437374	0.248055534137901
0.949441095951633	0.252793699357657
0.986439419240538	0.261140912865206
0.0328803153031857	0.283891588370481
0.0477818681635751	0.269913034192766
0.0821997250501259	0.282260714865112
0.106723359088972	0.281525665806177
0.12514249939386	0.271617613050458
0.153438021677383	0.292000595569476
0.187081934172155	0.285310041619957
0.196932594607658	0.289295120764399
0.219317208032416	0.272264370162217
0.246536064827259	0.287881857190439
0.278083738143757	0.288164138234265
0.306404571194433	0.278125217370615
0.339890784813729	0.290277214969319
0.363652103330427	0.284581719167079
0.389995652983823	0.281862586298503
0.400618695175967	0.270242518569752
0.441601491308563	0.271331080348164
0.46639974431432	0.288139216128003
0.475713633784076	0.280215250833864
0.524782336599818	0.284000415823053
0.542562257850793	0.286947199940861
0.55499159940916	0.292655003439409
0.589586060309575	0.291802061997402
0.61584809517683	0.277239018542488
0.629141385986801	0.288945336741435
0.655002716324805	0.281135847512591
0.686831385841139	0.279474447966889
0.706460642981016	0.280161816460623
0.747363303054305	0.286518622620821
0.767649686657527	0.270905435608096
0.798395298874747	0.284668865828026
0.824590084326472	0.293126497141019
0.848994333912503	0.286952205283399
0.881788366572841	0.271442631591901
0.897258518916151	0.270144027146353
0.913892012934995	0.271377413076484
0.94862498868067	0.281942333978521
0.968625117276757	0.285515122812972
0.0256539058450094	0.302089412840993
0.0413680552868107	0.316898351436475
0.0682062539806955	0.297858963259479
0.0934756259022939	0.307286154319226
0.116084384537948	0.320383460102465
0.154191457798007	0.318900194185988
0.190361673235269	0.305172446868584
0.19560860853335	0.320190943018309
0.240296597601944	0.306095776312068
0.24541466802361	0.309869392609586
0.283969791957949	0.298410304246236
0.300262456089607	0.295058054386085
0.339382520004887	0.297629206288597
0.371730326282566	0.301377675698137
0.386722581427762	0.304813861773565
0.399320313073248	0.300550327110915
0.43733622443003	0.295630820125885
0.472410785585091	0.298632308149964
0.483345597650257	0.296881160947082
0.505349661004794	0.305272611639331
0.542888644650764	0.310002395585505
0.566132862550398	0.318481759468581
0.580194480068705	0.303817399598216
0.627540998360706	0.300857633947366
0.639099837120928	0.313441806380922
0.660083487413046	0.311937587446932
0.689685884712021	0.301046151653848
0.719599191989552	0.297739873215121
0.736758097319706	0.31900293282794
0.770975476437772	0.316191422880543
0.788236697590291	0.306656273557945
0.828292744227553	0.297183821879722
0.835127825593362	0.320156981466283
0.874280700559932	0.305932783144148
0.885224896395441	0.319485581272303
0.924337015779307	0.300302780753431
0.953982810895197	0.309607016364263
0.967438434024913	0.302782497825795
0.0246773622490887	0.345999495695095
0.0507937195910585	0.333276736690607
0.0880029123775396	0.345911132734625
0.100097732732917	0.335660385342218
0.123810300266784	0.323037970948662
0.157876821172445	0.343593762650018
0.173708719259811	0.331698923893457
0.210736824869749	0.330946084397496
0.221503488578152	0.337256504738114
0.257947301716322	0.325215176214344
0.287001574103559	0.341427502404532
0.314164162184053	0.329198492464598
0.320691593539276	0.335909314661811
0.370505407441099	0.330023300185871
0.384888292215335	0.340718891944702
0.421397127751715	0.326795416771056
0.443763818286467	0.327312469979902
0.471196365745156	0.33641693173519
0.486717544520196	0.329486805295631
0.507905110886451	0.338602012504671
0.542390213105832	0.329105435941062
0.565009488210112	0.327828569275383
0.592521415417984	0.336705697450678
0.603317282175223	0.321433365489072
0.630909926580202	0.323786274620583
0.655196849135795	0.329217060961665
0.679744782113477	0.339087574554199
0.713198415884213	0.327985842267565
0.733482113471904	0.333387563448803
0.769415421232439	0.340259231470119
0.795830081377742	0.335291366128948
0.809732282692244	0.334928938137264
0.837319961432419	0.32598414487833
0.874144964254379	0.337190352417453
0.909021803058406	0.337745713644613
0.928593157006743	0.346143853658859
0.936641757744811	0.339120804495683
0.96483948720644	0.330625152397491
0.0374920939237637	0.348816745706675
0.0537000680016517	0.346823383041562
0.0711545661151115	0.366603688609308
0.111784243112968	0.359819411956356
0.134419663982351	0.365057763555504
0.141177613004333	0.353756923788914
0.186458263762328	0.360183283355104
0.21531031243566	0.356081506022536
0.220773867798394	0.354975909480219
0.247103358415733	0.361691960866232
0.283815580209819	0.350940828610895
0.307631529311832	0.371123411895007
0.342607811672431	0.3513863330022
0.35772422024041	0.357635980983031
0.396949995883573	0.360537051132182
0.419137785853987	0.362432243497431
0.424075275181107	0.365137579806531
0.462724552549715	0.34728774653042
0.490764178752103	0.363183960419041
0.50598430580552	0.34903552696296
0.54306107686458	0.365183087231273
0.55711670590641	0.369412308654492
0.582532684839445	0.368229936736154
0.608052851615713	0.363679723198473
0.634534064354803	0.369190474176862
0.665397599770353	0.371724525639458
0.683248765286964	0.352108572021925
0.714199924469757	0.347164814543301
0.748839626429659	0.36131787152496
0.757405664426096	0.352460191398642
0.798750327867937	0.370069124000629
0.831503154124254	0.353533756421001
0.843386498673952	0.361357694404954
0.85908404313281	0.365495870694713
0.894247515147556	0.369893328664787
0.918544698547458	0.370594584267867
0.955560809197385	0.349863316640941
0.973577788750018	0.34794052730536
0.0159942511796699	0.372480524949889
0.0635809568613353	0.381544836412844
0.0701944867140004	0.38454069135312
0.0914534131177741	0.389739917305776
0.131778451515323	0.38772973597789
0.158230784596153	0.38158744486742
0.18086625991555	0.382304258425639
0.217227376421735	0.373761833349199
0.227572715305417	0.381660152746435
0.245773724996477	0.395726455615426
0.276499260024571	0.382082794732034
0.295756334158566	0.378113440912175
0.331757101868526	0.391381121974796
0.370722500057784	0.395941098496019
0.385963028559408	0.381620724720815
0.408276903281684	0.385815870054213
0.427958803569985	0.382807155575421
0.469363006197291	0.396754841024707
0.487827555515258	0.388359662197356
0.516793641949816	0.395701319384603
0.528453952265763	0.378622685172212
0.575681414250685	0.395205617469076
0.597616769145809	0.372657121535187
0.6217624591731	0.385271269312878
0.62840826017325	0.382943018685189
0.663897230150597	0.385481079838971
0.703691008846014	0.379227964565873
0.709686362002621	0.373851536554365
0.751733405455166	0.388202815635457
0.764369446118732	0.372345257101584
0.799340518972833	0.388680045762695
0.823680573302869	0.385215357961157
0.834241937725837	0.376744633305853
0.868380802419122	0.393719780995385
0.899385402378771	0.396656371237787
0.921382583535811	0.382770300032563
0.947617572338894	0.383637336397248
0.967087285851047	0.394568074745896
0.0369383218190734	0.412234535737627
0.0519897991603601	0.42251986243505
0.0891371608632476	0.421014697571814
0.100182709871541	0.405067477662241
0.129146657302185	0.414995743770305
0.154699851295429	0.40107852628107
0.180418707502653	0.413486284545137
0.215570848486879	0.410454585971092
0.221108012553297	0.418078037540095
0.26500319851289	0.405729828539153
0.271660333922309	0.402600943561981
0.307203788342271	0.407039889800947
0.322939802931274	0.401334762768402
0.363734730200472	0.412882430714306
0.380277358997507	0.416796603921837
0.410867555159608	0.408400500281726
0.427215236157798	0.403014267386038
0.465715515646	0.412976227292734
0.483777598742935	0.419831507099284
0.516962711130904	0.422656003670377
0.534329842108483	0.414868289802236
0.573501432668716	0.41428845607902
0.588980032015202	0.421888862341848
0.622335436390999	0.399177307665233
0.634986437856147	0.403087735411075
0.669158726832052	0.406977606445037
0.701245297992745	0.406617449981985
0.71856347598615	0.416774703311823
0.742413657564619	0.42096854700458
0.767040609838914	0.416642453186205
0.791768805404433	0.403106891712776
0.81615958358075	0.398708802279893
0.840852834666231	0.415628404604871
0.874765291205804	0.421794865376728
0.885014443538916	0.405845995536763
0.930090049434255	0.401749909151554
0.937800515826597	0.398274366999081
0.976058771400317	0.401819269726575
0.0376313103161506	0.436241269082746
0.0575602521980196	0.446986747392982
0.0767625556558993	0.426140211309355
0.112506113250819	0.43313970384849
0.12618570413855	0.43270489005349
0.144205090512139	0.435739687115972
0.185867624431961	0.437192600288458
0.207676960555228	0.431912914759592
0.22532140948156	0.423491061452831
0.24370903123544	0.448070936819982
0.281565958851486	0.428834434793783
0.319578323022214	0.429647619846986
0.327895551286158	0.430776869432122
0.364620868050515	0.424108393039294
0.38208600358816	0.423960301904673
0.408955764353597	0.448490539934724
0.42328400846673	0.425396903977636
0.467163384666363	0.43916954608764
0.483683886477575	0.442891812465163
0.512164852177352	0.426458727571365
0.549875249185095	0.434765712907711
0.554732296463271	0.439709085339565
0.602365893060825	0.431706161198015
0.627355307597358	0.443328064570379
0.632776626930722	0.448594504180259
0.663950365158078	0.44552670290177
0.687841459372042	0.428560457434549
0.707586061124728	0.440738839732208
0.752463780880375	0.445558157383727
0.780782876810607	0.439602731413058
0.790770404941795	0.440126621661161
0.820377769753354	0.431063335312484
0.846409519733493	0.446859955204167
0.878683662259862	0.423945376721573
0.902660723095956	0.429224214066688
0.912375019575827	0.440105655146571
0.947231206357138	0.429332626183576
0.980513553884408	0.431787962352051
0.0320806574899	0.449130939412477
0.0468276151750734	0.457977670101745
0.0847020239610155	0.462542828369242
0.0921900471139628	0.450385335425345
0.119909683103151	0.462667225555141
0.146038393292408	0.473307024724783
0.184303170814314	0.453674438083326
0.200599028522294	0.469288523188435
0.222592358596701	0.458587108942159
0.262450411101798	0.472279575781057
0.294736718189925	0.463106919607955
0.307514120927616	0.472208362962326
0.340102972165894	0.451989047392557
0.364834153368276	0.452288927722286
0.39435468974907	0.468560551687082
0.404256277542232	0.463790336933282
0.428035582882643	0.461937898451752
0.45544886779752	0.469888539231158
0.4834346350835	0.471493392265964
0.506202354172113	0.451376883101842
0.530209596394171	0.468535642302703
0.554584466294567	0.455905578137937
0.584321101866304	0.467894103125756
0.602899702365205	0.455354208219088
0.63688999214869	0.45627731757117
0.662982627516433	0.467503105617749
0.685074961045826	0.459322255174837
0.720408090721027	0.474033715394868
0.756187038995228	0.470368606353475
0.770694047349641	0.449044964439972
0.80674710364816	0.462687939592949
0.808794131105649	0.451980126909632
0.835477742913881	0.452138198396575
0.863970218184348	0.456200251379233
0.901359044274568	0.472869791081679
0.92251791227353	0.472032163429294
0.937118444069775	0.465294327957801
0.985875200735001	0.450010185775711
0.0180746563783357	0.483701255687416
0.0430952414602827	0.498501009044666
0.0809999643489225	0.495592240860236
0.112782207422547	0.481462603499861
0.128267816468665	0.499473618728335
0.15762990386885	0.486501106837598
0.178270104606788	0.49961226477095
0.216577761596431	0.474888110003184
0.223905064733124	0.489262404998485
0.253347062861705	0.477234169596045
0.280673709510188	0.478428240416107
0.298331034699969	0.488119237312047
0.343632219078168	0.474632296884851
0.370149607294933	0.491780445713317
0.39570268469774	0.499946836046101
0.41927850094698	0.48524133626589
0.424780455485328	0.49256731873947
0.452040457069973	0.48435048141088
0.485358447109581	0.47992086547796
0.524973641974212	0.485703205889633
0.542752069892756	0.493443865986839
0.557493979092349	0.48015258523417
0.598531051315323	0.485550988254036
0.624367880543896	0.478141276805006
0.629172181895905	0.492794345969237
0.656592868145226	0.492696962132847
0.688454625148236	0.478403623536434
0.722557223538995	0.496254767620371
0.749867658470711	0.493874979508825
0.781595838854582	0.490595075369164
0.785722987793068	0.476889599072873
0.832383151376726	0.484955321516146
0.856486938277185	0.493396007031756
0.862030674905635	0.488626724662509
0.895594134948164	0.488889739754548
0.925901035911846	0.476110928991547
0.957491808865988	0.487649808996442
0.971922296578135	0.49479477697264
0.0354855973642529	0.513629579176744
0.0617958566059064	0.515708299108103
0.089372558887326	0.51112346029865
0.109737000683485	0.500681492551567
0.121306252341833	0.509947402539522
0.159329508224096	0.520748247810768
0.187098741792926	0.508137396557809
0.193351157745409	0.524845190351386
0.221364205943785	0.515458499429292
0.244836390747448	0.51186742424439
0.29198376175908	0.500468266268686
0.320066277527278	0.522468244770174
0.321994182234972	0.50830006612443
0.349374289100271	0.501340057001173
0.380219745301145	0.525130325375474
0.412849488304937	0.51892972705012
0.440478800249949	0.510296696815918
0.464202192392532	0.509024230027123
0.493509242112304	0.52142114494852
0.500541034547354	0.501221725962682
0.54949569426641	0.504558508728387
0.556783040138017	0.501530339362065
0.595875401685039	0.516438344226605
0.616510254521126	0.505557729204789
0.641939323604632	0.511525984269256
0.663510102367061	0.504777861776839
0.695976747429336	0.509911296358745
0.710620917437907	0.50875688007784
0.740840133482815	0.516830638117837
0.769543076804664	0.510891917548651
0.803942234266277	0.524184690370909
0.81047710283309	0.506013177210898
0.834604114631532	0.520471424008595
0.873530113202851	0.503728754913955
0.9061602279822	0.501622240639143
0.921216910503869	0.500572707630882
0.955991678555411	0.513916904813045
0.968388300346564	0.50474996363007
0.034065528257981	0.550105132193709
0.0464758817564403	0.532046613878263
0.0707032868297091	0.545064233118334
0.0950321117798504	0.550893910316643
0.139388887928998	0.525675873430366
0.166509084293857	0.536034279175159
0.17580761420482	0.535929863635574
0.206680393119911	0.550029096840061
0.228153679381643	0.549082346691936
0.253053923933045	0.535655780568733
0.271166719147841	0.538295572566815
0.301923854372025	0.533829330022894
0.326486761307703	0.543307508782025
0.35589475929978	0.547121233711165
0.38910789260606	0.537902543269318
0.422986542909567	0.532874903247186
0.443022775068326	0.527814517634453
0.471548862867199	0.531171694537288
0.481339636604658	0.532621765520065
0.525235974680156	0.542538337240026
0.541839918643302	0.53583839601652
0.565899787083899	0.550776592725113
0.577514333877103	0.551145407510792
0.61859882462315	0.54186097895123
0.647086223275327	0.545962683427308
0.670987139736949	0.544016267854373
0.686539533560245	0.551190153718157
0.706023925254499	0.54248267851786
0.737724316979303	0.5505883274706
0.762233323580595	0.545100292954206
0.795508699837125	0.551152320625407
0.832371848487407	0.545568733588437
0.842065053958623	0.540087732865752
0.870475877938195	0.544021010683704
0.901297563293403	0.532884384244121
0.923384454804274	0.548876320282071
0.95139206983701	0.5263423854955
0.978395199191881	0.548979109468522
0.0254348818564151	0.569114875961179
0.0463260029594391	0.557048949956026
0.0783979819010639	0.567152692280716
0.113234666720458	0.563384919646306
0.14012183594258	0.565300391726427
0.153164469384259	0.565480799007253
0.1814874712293	0.554029961135544
0.21220784506866	0.563908764077939
0.240413646952539	0.552709937672479
0.250969311193257	0.568758591654218
0.28473621761848	0.561533590488897
0.301023064769385	0.57606496153449
0.343785644281863	0.570893320730142
0.347656212732135	0.558618736359554
0.381645051999879	0.556653488819453
0.406481451403184	0.572255168780424
0.424303965115584	0.576681428007045
0.469282432966951	0.5656142825706
0.478996085207904	0.568567363810364
0.506835472194687	0.575327288147873
0.534515982700777	0.566126458508202
0.566999801247443	0.560837131767964
0.59210269394609	0.562607731647005
0.604900910877877	0.575771301262132
0.647070239155968	0.559255286017804
0.660057944162246	0.553730030092085
0.702807728975918	0.562760961880865
0.720555188841518	0.556550024121188
0.756014922088969	0.553156720063657
0.760459001912099	0.566968120005971
0.802060983704363	0.570790981377762
0.822312753229551	0.565625550498672
0.839052722765635	0.552112817452837
0.861716851466285	0.568156900910026
0.908295656369021	0.552466018556495
0.921873825915208	0.566027219313866
0.951490133644008	0.556418340723108
0.962190490826772	0.563836246938334
0.0193926515210815	0.597275942203882
0.0415027488531513	0.577906191470974
0.0851964485417806	0.599786686833475
0.112691920242933	0.602124631288534
0.138030540207558	0.601052170703987
0.164029434110635	0.594986620565498
0.1713499657556	0.58432512808215
0.209940057809771	0.588028930085873
0.227014474040189	0.597841607407868
0.253948008774222	0.580574988996481
0.279986534778426	0.588559081242727
0.309970624908699	0.582031944714002
0.322981134002495	0.589769963706213
0.367749017572772	0.593449055892271
0.388887726432264	0.583841600912213
0.40844863656421	0.595359309902573
0.445383874658878	0.588309833247244
0.473698380310477	0.594002830231176
0.481346601473413	0.588215559259555
0.510780846949268	0.583479437695985
0.530762542975905	0.582731142882672
0.554885195868242	0.583334841387441
0.590301658850171	0.586493109584244
0.627612517314982	0.585993829999561
0.652564193884253	0.596865540007366
0.672123756222958	0.601226818230637
0.680713386121582	0.580619018252232
0.716333649241048	0.587105734887765
0.752947807374319	0.578384511906462
0.758340001949088	0.583273966484284
0.801940024133653	0.597303453401261
0.81469227685077	0.57825863007325
0.849356675414811	0.586956935926054
0.862378830868147	0.584708615403621
0.893934451106488	0.577334169498517
0.924506924700554	0.587900254901835
0.954016397504773	0.583429598062755
0.98262350645421	0.584080503128097
0.0317417034818022	0.622183984920663
0.0461829262975188	0.611712367266909
0.0751984592458757	0.610007868519547
0.112395935314994	0.602977262120235
0.11898808365051	0.626504436955497
0.151150124018011	0.622335834923872
0.187697987493891	0.603491121839961
0.207782232257255	0.612674333870793
0.242827728486769	0.616237103337222
0.260005480630606	0.620228960605996
0.281977252097612	0.611163558242441
0.304552003675309	0.626384794188525
0.323224183518943	0.60681367685434
0.365994855704828	0.622304081945366
0.394821725601627	0.611948002402164
0.399701640851595	0.61229236992369
0.437562144834795	0.616272708452582
0.456647753824617	0.616756182286855
0.47462039995021	0.62173259386164
0.511960968434989	0.620797765638897
0.537754575103278	0.620637900536506
0.573849581486945	0.626492407637777
0.595608117131989	0.618375789673124
0.621741945978071	0.62453805631318
0.630284866009223	0.603669512319704
0.665538523897958	0.618074361630631
0.698886747549933	0.603087180011297
0.721822967362495	0.606652308686707
0.756307332240126	0.61400830146415
0.772050886759158	0.62816145872409
0.790581447614425	0.617603796083554
0.829078051692025	0.620359154283198
0.841724435392484	0.612110758323707
0.877604044290475	0.611657689568577
0.886916144542627	0.61387294166084
0.923669501668178	0.618343654227132
0.936750968894311	0.616913611290026
0.968541965324702	0.627207312607581
0.030686804522013	0.628598255155101
0.0503558423273315	0.650986039402729
0.0704370664012658	0.652979200123418
0.0934768487557379	0.628713380624298
0.138860351719878	0.632697725930749
0.158556162263309	0.64246056134123
0.173598183076615	0.646595209273311
0.194227343979866	0.648696216804365
0.222033968613044	0.645477503045955
0.252598367864697	0.642686608172132
0.274139827672643	0.646864465433336
0.308873290807084	0.636153153830617
0.322149150857389	0.628269484744233
0.360360304404776	0.650091200743529
0.388173250918604	0.636913600474937
0.4143095745474	0.645428433837
0.433871736154622	0.638779607399311
0.450959525847043	0.632740921132921
0.486263754539805	0.629210309816349
0.51221395311502	0.630211938944893
0.543332467993278	0.64030932149394
0.563562159622253	0.630850648941242
0.599278191406157	0.633990701522277
0.620830334587064	0.642354152019288
0.647684948429544	0.630979274209114
0.658330542377779	0.640331290546637
0.680063000445996	0.651463372708019
0.708439908729251	0.634454930238308
0.735302638854181	0.643742534526237
0.758739532324781	0.633698473016287
0.804924056816358	0.631291339663997
0.822938291173257	0.641956023813396
0.838392231402641	0.629544804101448
0.864555600905652	0.652183155407102
0.884976594600284	0.640361244848305
0.925690469020395	0.638160970067614
0.936404543229135	0.636412179174283
0.961866018380984	0.653300385944795
0.0304075074581906	0.669100618959876
0.0418424188537956	0.67646685187412
0.0835550169939183	0.657594259984794
0.100182946464225	0.673646565805151
0.121371673822907	0.662762468329964
0.166226256601915	0.656998069697571
0.169991828075231	0.657193960440184
0.211056677823605	0.670129430089364
0.225092341010534	0.676802321819056
0.253507620073223	0.656385446767638
0.2857524278132	0.663433672128102
0.29922312224304	0.658197783154323
0.322758465127306	0.659985491561711
0.367561409722726	0.675308015661895
0.384091523013426	0.657848038241089
0.403636819825588	0.657009835930896
0.44356193902899	0.661092513694399
0.455718221945454	0.656101662714032
0.494353253917469	0.664441542566992
0.525199654306588	0.676370778861075
0.546107050638906	0.677515568489935
0.565441105802534	0.654851635296061
0.58949076758957	0.665269036848668
0.611590268506314	0.656955897859106
0.653815683826731	0.676544131698498
0.654203305687799	0.674744707332271
0.690397634653712	0.657618134313037
0.727005427310441	0.678599701040259
0.73897474322892	0.668057255150166
0.761520436978112	0.667936684537842
0.806019173413921	0.662734922757438
0.822365387918429	0.675005843301874
0.856684979428853	0.674063081819438
0.877478732786703	0.675663740722562
0.905286345582983	0.656691010046499
0.926726008610307	0.672597485597591
0.946985411377017	0.669965195883703
0.982994914704198	0.655714347650406
0.032676627291749	0.699325853603774
0.0405399654694426	0.690470413114184
0.0759373394233406	0.694050192819837
0.0973409563820869	0.6911634671558
0.136999674378444	0.684465386574391
0.143800316970615	0.68320872023925
0.18596551554917	0.695887675817626
0.212103205547717	0.70351992039913
0.219713302473162	0.683813762958927
0.244211788367432	0.686919674380941
0.284191330512563	0.702662471095935
0.314838957915681	0.687023612318331
0.337515440677039	0.703987591154922
0.367317642134263	0.701337682498247
0.37375076851758	0.703764104338211
0.416199797738594	0.680248758040827
0.441477258723088	0.693296969579395
0.459830252746055	0.690087339472228
0.491750790721925	0.690890713084014
0.50694560616751	0.699402120029579
0.528293025067997	0.698219254036721
0.573261445822969	0.682036145873795
0.594097633663545	0.68910322696135
0.622883195673337	0.700264402222202
0.639613874265422	0.692959790806833
0.657967375124196	0.68038309089263
0.703935033026467	0.692900833878295
0.728131288076276	0.690166615605262
0.736143281239096	0.681856671601521
0.770570701035387	0.68583950898644
0.786796359535947	0.690378521650258
0.812920452503053	0.683840623733739
0.854962601045288	0.687221930065616
0.881603019632006	0.693949205820239
0.895124396558292	0.7001771890771
0.922724601465165	0.702183909903384
0.954105278250326	0.683831925323517
0.987098008657122	0.696610109708473
0.0286759144534472	0.7265700536917
0.0583316610808656	0.716863821250702
0.0807366042204702	0.714537200548987
0.0968796450297084	0.706763216036112
0.125012604435972	0.712171284284626
0.15474605210852	0.710552760499353
0.177700989128569	0.713006705659577
0.197632517323029	0.730137677667171
0.233181578481524	0.729066556686122
0.245642162449366	0.71618413083603
0.291283698510942	0.708809482127583
0.312530280251115	0.714091967595879
0.328645015437949	0.714409075355116
0.350932858929246	0.720499073035891
0.380458311541616	0.711831480783813
0.419420791366826	0.72631913007086
0.431031487137042	0.723386743401274
0.455339165537493	0.705886902686101
0.492808531475209	0.722748749212249
0.511599894211517	0.719791278270611
0.530844202989578	0.721110803901901
0.564385614034301	0.706346128832908
0.584099284136629	0.710357638664018
0.602578079839725	0.713711397326704
0.649894313023531	0.725722865438908
0.658992365864237	0.708815248390842
0.694123418605188	0.70653164791816
0.722370983131124	0.706810867017534
0.745597035510277	0.725855432426027
0.766463560418803	0.710606895983836
0.805531363372982	0.715092132675737
0.828514875910773	0.717873976803495
0.852789157344676	0.712306612899112
0.879570225237108	0.730229462546278
0.902811369176886	0.721616512379784
0.932117656436634	0.719082263389324
0.951569012133685	0.723978393288313
0.976930633812374	0.708959217343664
0.0179913958167804	0.740572860219439
0.048240634014631	0.732293590516076
0.0803237525355644	0.73775556192785
0.113013825864998	0.753507292236605
0.128187885203385	0.741155510292044
0.160936561663244	0.739982899936351
0.16850701336898	0.731636100820735
0.198235735756038	0.739505677934148
0.226870241468493	0.736856364805128
0.243643754040129	0.752414018552549
0.274208203611749	0.739931454131463
0.309012167775306	0.756137407754232
0.329376921311064	0.741516637974189
0.361787154116664	0.739643155408672
0.38719697478887	0.754071704168134
0.411349012566726	0.750883231710506
0.429817035677077	0.736038867610519
0.459924744256829	0.74979338000358
0.494284886648539	0.751589067650228
0.501120324009049	0.73713383652069
0.536344212061468	0.74169688693253
0.562620103972057	0.752737690870286
0.594254228068821	0.731052947378003
0.615861411119773	0.753194760456528
0.647577633960118	0.736758176663446
0.658298901088681	0.744997853923431
0.69156525014769	0.755028264960938
0.712566609565456	0.744627740734072
0.741636130778204	0.749140525887694
0.762967133868069	0.742455774156145
0.788724857263299	0.735399088196189
0.81075841983609	0.733311568444735
0.851442025420065	0.74819363139017
0.867880938037942	0.755179650736711
0.89730595200366	0.732055088017366
0.924757627387704	0.747378661054737
0.938787440394465	0.739405950920124
0.975604063522028	0.738741887419771
0.0302905443769751	0.771738749968885
0.045191445475786	0.772825182955947
0.0845077960159608	0.77942356348641
0.0911551655794305	0.769909678670302
0.115544329179919	0.776005454467825
0.149234146037559	0.762681525154227
0.190135342485784	0.7788895790165
0.21624285754723	0.757261936062494
0.235663728686163	0.769194590080607
0.247213686293956	0.777804615267983
0.292305249796791	0.761452243940941
0.300092624024255	0.763061711006289
0.340077845387868	0.781796859238969
0.359391167306695	0.759768784066903
0.397355113279818	0.763797653221779
0.412724738201763	0.761419326577678
0.448017412180551	0.756456462980311
0.470746811121135	0.757783170922382
0.49553274983626	0.767074734488456
0.517913598995172	0.782010038283816
0.547921379555559	0.768572254406405
0.554330117065901	0.779324058572137
0.584993039399619	0.769678034184142
0.616556667376113	0.775281895831814
0.644294082897375	0.781240525773216
0.662407003013138	0.781145515041903
0.702127558629258	0.759928735226303
0.705703372303557	0.775784846980609
0.743097929678938	0.764787740714696
0.763573373503794	0.771153020381714
0.800537338887102	0.764540379214207
0.820425138548371	0.778135364552319
0.843809620451375	0.779453575271809
0.862246149493556	0.76907180023974
0.910230500435505	0.772938745426102
0.925167468036865	0.77670744436274
0.946241361708169	0.761211330417185
0.967948194636226	0.778723690117161
0.0301045617693739	0.793383732625112
0.0615503082028784	0.78252809956471
0.0853004804683287	0.797918047789008
0.104831962729052	0.787157336039222
0.126482969699757	0.796300504175844
0.143774473175828	0.791003489608602
0.191382237340983	0.797822770887166
0.204741700721217	0.796665867952128
0.237221493299926	0.79098821187956
0.268968500730761	0.805368094470288
0.293463118133042	0.798308950951719
0.308256725181303	0.78859552202329
0.334537021336544	0.801786363585889
0.350028107447532	0.796461320610594
0.390954149490021	0.803852571748951
0.400933861529695	0.784698542168378
0.427025878665859	0.801973877239876
0.469725195406959	0.785885600329875
0.486448068600668	0.782946451935565
0.517592253044415	0.803373288144942
0.536700083102507	0.784804211858953
0.568696162457575	0.783564189608837
0.592978833848333	0.795998396539789
0.624666004273817	0.806558595514304
0.630647876235243	0.78437508762775
0.660924217761301	0.805167695801875
0.694959527591599	0.806638540963362
0.712379000325074	0.797308190155205
0.733537882359397	0.806276046200736
0.78087782953662	0.791152423544326
0.78251284736416	0.807342998536198
0.811298455124897	0.782933988150401
0.833587218111161	0.798274831455278
0.880263713757778	0.784541855028014
0.88991440289648	0.787747816891953
0.91663715990838	0.793615113370112
0.94055884574801	0.783527253199814
0.965355262983515	0.801158296526059
0.0313771723777178	0.817926578330643
0.0462481742844391	0.830855821619993
0.083706326833946	0.833186324616284
0.0998762551235906	0.810235821701735
0.137086018406914	0.81991424899953
0.143121320138577	0.825629444484461
0.178701718367587	0.813492662422171
0.206581935828997	0.819652933018316
0.230207976568067	0.822117282294815
0.259940987563298	0.829699763583989
0.279816971138801	0.825038601631994
0.316725972965277	0.816364513383323
0.328204459034719	0.829818864393427
0.351273349003489	0.818630527930333
0.378778294801525	0.828924203293126
0.402242908433931	0.813784768119869
0.442331723090068	0.814811970647177
0.465004514922783	0.816897134260874
0.488549928719982	0.814802986686646
0.509840219223151	0.828101326123855
0.54388960814214	0.808077523360904
0.576464369907886	0.821035152725956
0.592442123676632	0.813889032378456
0.622192373292376	0.829264625946426
0.651803982717017	0.811654108426845
0.673346155211692	0.824455485948474
0.697697514440851	0.827701430635302
0.711459235543899	0.828747811485586
0.751306428166044	0.810050051911622
0.764457253646714	0.815308298412902
0.790016119911619	0.822221972269722
0.828353369421096	0.815998040297503
0.858710367503496	0.828217637903637
0.876502461261208	0.826031286886273
0.889710948984418	0.807820249088127
0.910450692294989	0.826147099338501
0.957309002962867	0.816026249956124
0.96893407425757	0.829057464094364
0.0256068763936797	0.846565567839028
0.043103786290259	0.834135243219503
0.0851795720380705	0.858245947659843
0.0900780989401869	0.856045668896162
0.124190312422267	0.858332125469623
0.145823582557691	0.835941822477751
0.185420709756248	0.837793831241061
0.195031763133234	0.857361432999281
0.234452371776534	0.846783153853658
0.259978560596903	0.840197274965908
0.279916811668044	0.84904084269753
0.307823151699835	0.854408832023015
0.334905510397603	0.854947898762693
0.362660315932802	0.858901816894565
0.385984219251428	0.840930082508622
0.403247489426874	0.857298214948216
0.426663384867658	0.847032698412858
0.456470324604796	0.845210696713028
0.488185168954408	0.846800297674559
0.521652280077765	0.84531880510232
0.546694715001946	0.835586656081079
0.574096227839132	0.856632837912551
0.579957355720159	0.857891299203831
0.612426982296103	0.849595014330381
0.643750366580164	0.837488569927015
0.658391508545939	0.85725834648228
0.702578418043855	0.858017016661148
0.727494598789504	0.839644177192655
0.740286610514849	0.838599013791056
0.778349595092863	0.843597785925093
0.792891349459393	0.840390523434938
0.828676921978277	0.8370060221956
0.84130993349113	0.839039513617764
0.864004695652267	0.844575400418262
0.891998487580243	0.843800961115461
0.933776967597876	0.852468288880311
0.936733967460646	0.8380604761838
0.980929861527931	0.843941588577146
0.0222503801410334	0.863084025253205
0.0433712816728126	0.862076321728396
0.0826311130036363	0.86093734049246
0.100589979626817	0.861393596876799
0.122894769250156	0.861272448499647
0.147074698649396	0.864728144324576
0.171321369241323	0.878556972113833
0.193842704647917	0.865156243174648
0.224733867517806	0.87241070612784
0.244844658463142	0.87999616412316
0.272353044162591	0.878546190787895
0.295399793226269	0.883748503727748
0.333862429989194	0.873424787701209
0.355104950343138	0.879348254170443
0.395894663152824	0.878339681180161
0.400789595304786	0.869368299849011
0.438252724514082	0.87069626482369
0.467888487248332	0.878887911077942
0.475470998605439	0.860269663827776
0.520639167205909	0.870885491658868
0.52695361642455	0.878297783421229
0.556629837410362	0.880764172468842
0.599318512143381	0.872784741132894
0.604690233341954	0.866528474125349
0.64555245620373	0.85913992197142
0.677063114344751	0.87105537876632
0.70232491604386	0.869693060709037
0.716111323623378	0.871990040550367
0.751772504073288	0.882002859955274
0.769299009377685	0.868801394962767
0.795501013925468	0.880876034957136
0.822307554321711	0.879382334793863
0.858400753409982	0.883476188669335
0.864204741186639	0.859213348851844
0.890148892723439	0.863409444977467
0.929938977395917	0.868901540968052
0.953151272185278	0.872387404195562
0.979180238233828	0.87991042337126
0.027516540109515	0.887529312356959
0.0433929832468763	0.885264074237833
0.0854291404680383	0.899312682699691
0.108129515230274	0.906809747676788
0.139984878691572	0.904762106214875
0.141709911192974	0.898960590254022
0.188732439394388	0.900566236742111
0.194014587427006	0.886494810267892
0.234208503552324	0.885377410933395
0.26364177191882	0.897021372916481
0.270871098376681	0.897174440298312
0.316881221756139	0.888097903843189
0.333849424988783	0.889683335481857
0.353466951468466	0.893814625715177
0.389220558322339	0.904561830740075
0.39779216362087	0.892659626659454
0.444950311621888	0.908158768578991
0.455269138075343	0.903914743686834
0.476629123084344	0.897534846137157
0.522823921569947	0.899049542087052
0.537409055272838	0.908901449436407
0.558104729787138	0.90864669446844
0.578735141744702	0.89775445257048
0.610026629841744	0.890470879267487
0.643582717610414	0.890538746544751
0.674928274787218	0.901074087189392
0.68092480809728	0.89991710744069
0.713196641410259	0.886580489044605
0.75208822512349	0.887740364640467
0.761019802379748	0.893177712384565
0.787747786948957	0.888810109369824
0.826438343928713	0.902324316309133
0.835601341974766	0.88645454332075
0.866128023523667	0.909172225146274
0.898021561922773	0.894656529322357
0.91169042739155	0.892385431655055
0.951984818502466	0.902899652698859
0.975180826524637	0.909264152618522
0.0306252378034798	0.933701343771002
0.0607963869483032	0.932220003608898
0.0781296136843513	0.929913531705305
0.0973637287905459	0.928880667611665
0.126993771564751	0.934061168960034
0.145403369094846	0.926161614811335
0.174580992252838	0.923118757159463
0.216149498777158	0.927992994389293
0.222062652294981	0.915555599306926
0.252779686521007	0.923625243072432
0.280049409453525	0.918151788965189
0.307348649367132	0.934279733256153
0.322463020479685	0.91080804586098
0.3610680869449	0.915020849615421
0.374854383825094	0.933963488277508
0.406910049130642	0.930639557957778
0.428945712332488	0.911067630056463
0.473803776990781	0.935558512539213
0.481412676544677	0.931647115666109
0.51056200769523	0.928969061734701
0.546627453276216	0.927975405884064
0.564458130192354	0.915959067041105
0.591629235779504	0.914475961745118
0.610481926375411	0.911005064667152
0.636925348834556	0.912140676967052
0.676365082610585	0.913588358212778
0.682045653675248	0.923005060239958
0.705759799363827	0.927773431624255
0.753288392737591	0.932398010321516
0.777218789888322	0.926538922521711
0.790344809594646	0.935359383553048
0.824102906155408	0.932921888976972
0.833548334691685	0.920384483377724
0.86293575481368	0.918133663140054
0.887971169078365	0.933893275979582
0.912011270351262	0.92924660841213
0.952932923410554	0.932595255598397
0.97481196731234	0.917914512704835
0.0205743092874431	0.952692233929529
0.0520127787123557	0.959243693337898
0.0717941910197816	0.959851382974447
0.103502144214183	0.941093701805839
0.128269160042468	0.943131733973201
0.147548661675208	0.941586894382292
0.191193621549236	0.960642773013235
0.199471283427252	0.936153315661922
0.235137619449316	0.946587290527649
0.260151810719623	0.940989015160149
0.28634570316621	0.948368186607455
0.29952110693048	0.948086100017405
0.328328655350474	0.944482390422694
0.35454520776582	0.941229978405168
0.392583011581665	0.957709600725085
0.410846035013803	0.942406760157358
0.423357632523312	0.955923551351199
0.466558748151799	0.957997348943358
0.484283600396332	0.937341560060849
0.520197268274104	0.949367013598559
0.537139463826716	0.95664776487616
0.569332017526725	0.949644089844697
0.590868416318313	0.936372400166536
0.628115080874581	0.93936185260574
0.642314975221132	0.951897857312344
0.664920596695701	0.953593878419418
0.694606337607006	0.942936983355769
0.718887313361167	0.958798554611707
0.754739448684465	0.939223482159941
0.771596801571481	0.950339164680193
0.80594905967992	0.954171335342979
0.8286677774455	0.945352570529408
0.851313467368364	0.95087960270812
0.868032170184173	0.960490526039753
0.886854191933709	0.938325052100809
0.913878027363707	0.948450752503609
0.94655328924175	0.955173604755718
0.982307619368175	0.94609938971408
0.0238534018567304	0.9712907825722
0.0420633361386174	0.985553415723738
0.0863451483294685	0.98681928020134
0.106545134290005	0.97822672709041
0.12783052641257	0.963679214895544
0.148744919047225	0.964345662513791
0.189896589642343	0.985423521250065
0.210541394662227	0.984188470312763
0.220036951771502	0.970427415182142
0.246464418536927	0.982362322538389
0.293273301993044	0.976892828092778
0.3189492834267	0.967508105248341
0.330637065240364	0.979877899981926
0.351943975205744	0.966882927625632
0.390198704284337	0.975958601259679
0.413227566559165	0.970652647342014
0.446909861009336	0.972196190758659
0.454846857831596	0.972140043567757
0.479467718281889	0.980192086399767
0.516486286279893	0.97767945437257
0.534281125006137	0.97915152895854
0.561664997521835	0.973766370730764
0.587943269188283	0.965138118213616
0.617841454808545	0.979391240719822
0.653158901924369	0.972068965512609
0.660534875606031	0.969905798851725
0.695499874752786	0.986940722158338
0.727018854458481	0.967555628001332
0.739499741470433	0.981232407829398
0.779321811874893	0.97588844241935
0.802268881613283	0.979032272380592
0.822672047447978	0.98511906456029
0.848372181624118	0.965788389525812
0.872674567631757	0.972892029363133
0.896793455875789	0.972024644494001
0.935465543638855	0.96342936417248
0.938556758947169	0.977405895558292
0.975773410790074	0.977349327026518
