3.268366e-01	3.574918e-14	
3.464483e-01	1.108891e-12	
3.881782e-01	2.986500e-13	
3.886267e-01	4.334089e-12	
3.912127e-01	9.472423e-13	
3.946028e-01	9.086065e-13	
4.682182e-01	8.317791e-13	
3.939371e-01	5.478951e-12	
3.953426e-01	4.006240e-12	
4.684001e-01	3.953948e-12	
3.877272e-01	4.640288e-12	
3.880181e-01	1.513267e-11	
3.850982e-01	3.091971e-13	
3.831742e-01	3.832912e-11	
3.827966e-01	4.474199e-13	
3.840899e-01	1.111777e-12	
4.585149e-01	1.501355e-12	
4.548508e-01	1.717781e-11	
3.820069e-01	2.320366e-13	
4.591002e-01	8.593792e-12	
4.594689e-01	1.247891e-12	
3.838080e-01	7.845724e-12	
4.619524e-01	1.653899e-12	
4.599277e-01	2.458389e-11	
4.574107e-01	1.520783e-12	
3.773318e-01	1.805844e-11	
3.744443e-01	7.507328e-13	
4.492311e-01	4.195089e-12	
3.740404e-01	2.633449e-13	
3.772637e-01	1.555645e-12	
3.823607e-01	6.221690e-13	
4.650756e-01	8.889112e-12	
3.922394e-01	9.362511e-13	
4.624805e-01	6.983969e-12	
3.931689e-01	4.296563e-13	
3.914640e-01	2.824407e-13	
3.900302e-01	1.001421e-13	
3.883834e-01	2.140510e-13	
4.205272e-01	7.942536e-13	
3.295086e-01	1.061373e-13	
3.306797e-01	2.946821e-11	
3.474686e-01	9.696013e-13	
3.845675e-01	3.667142e-13	
4.603065e-01	1.335212e-13	
4.587117e-01	3.849966e-14	
4.554110e-01	2.757559e-14	
3.804798e-01	1.691329e-14	
4.550790e-01	9.265693e-15	
4.542022e-01	1.163408e-14	
4.557052e-01	3.377894e-15	
3.792832e-01	4.858728e-15	
4.592970e-01	1.448969e-15	
4.597381e-01	8.530090e-16	
3.811063e-01	8.110983e-16	
4.552401e-01	1.866880e-15	
3.764593e-01	7.518842e-16	
3.722319e-01	1.757105e-15	
3.776098e-01	8.614461e-16	
4.528916e-01	8.503478e-16	
3.788334e-01	1.267331e-15	
3.857311e-01	2.253034e-15	
4.625403e-01	8.503478e-16	
4.628387e-01	0	
3.861564e-01	1.317829e-15	
3.895724e-01	2.255652e-15	
3.871017e-01	9.334401e-16	
3.853334e-01	1.622197e-16	
4.628708e-01	1.706018e-15	
3.883843e-01	5.433634e-16	
3.886956e-01	2.720888e-15	
4.639398e-01	1.055592e-15	
3.888872e-01	6.980451e-16	
4.644635e-01	1.174525e-15	
4.669724e-01	1.047726e-15	
3.898697e-01	1.237366e-15	
4.652067e-01	1.740098e-15	
4.679883e-01	2.251478e-14	
3.882899e-01	2.764429e-13	
3.457008e-01	3.548136e-13	
3.282553e-01	2.136513e-12	
4.149571e-01	3.597123e-14	
3.903049e-01	6.368239e-13	
3.908682e-01	1.108003e-13	
4.639900e-01	1.867395e-13	
4.643966e-01	4.735989e-12	
3.897929e-01	4.482192e-12	
3.864966e-01	9.270362e-14	
4.600771e-01	1.636880e-11	
4.683787e-01	6.225020e-12	
3.916284e-01	2.360667e-12	
3.893859e-01	1.081135e-12	
4.629508e-01	6.836753e-13	
4.659209e-01	5.184075e-12	
3.847350e-01	1.310640e-11	
3.807628e-01	2.448153e-12	
3.813124e-01	4.338085e-12	
3.798826e-01	1.129108e-11	
3.807919e-01	1.194889e-11	
3.844567e-01	7.059908e-13	
3.826174e-01	5.556822e-11	
3.836077e-01	8.965495e-12	
4.620266e-01	5.240253e-13	
3.826891e-01	9.286794e-12	
4.587069e-01	1.790246e-11	
4.625616e-01	2.394229e-11	
3.829319e-01	1.669964e-11	
4.592683e-01	6.775913e-12	
3.852174e-01	4.897194e-13	
4.548320e-01	9.767875e-11	
4.544742e-01	2.191580e-13	
4.570288e-01	2.608358e-12	
3.807601e-01	5.999656e-11	
3.809576e-01	1.068257e-12	
3.812394e-01	2.419420e-11	
3.831364e-01	1.259530e-10	
3.858222e-01	1.307399e-11	
3.836851e-01	4.714673e-12	
3.451796e-01	1.908451e-11	
3.439518e-01	2.176037e-14	
3.816004e-01	2.025047e-13	
4.577455e-01	1.332268e-14	
4.535729e-01	7.922552e-13	
4.517641e-01	7.534862e-12	
4.543102e-01	3.508194e-12	
3.804779e-01	2.918332e-12	
3.791594e-01	3.806599e-11	
3.841164e-01	1.095790e-12	
4.620090e-01	8.598677e-13	
3.848270e-01	2.316813e-12	
4.594824e-01	5.943024e-12	
4.597356e-01	6.029621e-12	
3.844952e-01	2.314304e-11	
3.859954e-01	1.134159e-11	
4.688586e-01	6.535439e-12	
4.676010e-01	6.270406e-11	
3.913429e-01	6.957768e-13	
4.651852e-01	7.045475e-13	
3.858284e-01	4.926282e-12	
4.587414e-01	9.490853e-12	
3.858463e-01	4.196865e-12	
3.837625e-01	5.007550e-12	
3.804811e-01	1.655880e-10	
4.576821e-01	1.184586e-11	
4.531602e-01	6.614265e-12	
4.491583e-01	9.322099e-12	
4.534453e-01	1.972011e-11	
3.839226e-01	6.103562e-11	
3.851488e-01	1.342526e-11	
3.842067e-01	5.330403e-11	
3.862135e-01	1.615841e-11	
4.591084e-01	1.223626e-10	
3.775940e-01	1.507239e-11	
3.750212e-01	1.868594e-11	
3.784789e-01	2.246647e-12	
3.803769e-01	3.197442e-12	
4.093754e-01	3.761114e-11	
3.322886e-01	1.741286e-06	
2.853676e-01	4.863357e-06	
2.573833e-01	5.937937e-06	
2.748215e-01	1.797893e-06	
3.091801e-01	2.092675e-06	
2.944042e-01	9.479253e-06	
2.159846e-01	1.888388e-05	
2.812690e-01	1.220516e-05	
3.076485e-01	3.839022e-05	
2.651043e-01	5.912985e-06	
3.146624e-01	1.352885e-06	
2.542247e-01	3.698632e-05	
2.861050e-01	5.952719e-06	
2.922041e-01	6.077280e-05	
2.849960e-01	5.791167e-06	
2.436349e-01	5.018808e-06	
3.028164e-01	4.396193e-05	
2.732393e-01	1.939696e-05	
2.979186e-01	2.051518e-05	
3.034336e-01	4.588923e-05	
2.699808e-01	3.542530e-05	
2.321637e-01	6.836092e-06	
2.690211e-01	2.586646e-05	
2.611359e-01	7.494457e-06	
2.891284e-01	4.650501e-05	
2.843606e-01	2.481840e-06	
2.587716e-01	2.093752e-05	
2.926095e-01	1.138310e-05	
2.849630e-01	1.492942e-05	
2.774458e-01	2.596821e-05	
3.034783e-01	2.848545e-06	
2.675192e-01	5.555502e-06	
3.043996e-01	2.705173e-05	
3.342506e-01	7.917089e-06	
3.226197e-01	2.712671e-05	
2.969862e-01	1.359123e-05	
2.975335e-01	8.163103e-06	
3.469389e-01	7.752515e-06	
2.570559e-01	1.814523e-05	
6.152971e-02	2.707590e-05	
6.384727e-02	4.689752e-05	
2.128737e-02	3.886747e-05	
7.421150e-02	3.472188e-05	
4.761930e-02	3.283699e-05	
4.456263e-02	2.590025e-05	
7.962976e-02	2.124173e-05	
4.367567e-02	4.917255e-05	
3.564844e-02	3.869432e-05	
9.580236e-02	4.026351e-05	
2.202090e-02	4.703690e-05	
3.998967e-02	1.551831e-05	
4.846920e-02	3.702911e-05	
5.125542e-02	1.731660e-05	
3.977030e-02	6.178464e-05	
5.097656e-02	5.750026e-05	
7.022737e-02	4.765312e-05	
3.158721e-02	7.042044e-05	
6.222520e-02	3.633865e-05	
8.770025e-03	5.452366e-05	
4.531643e-02	5.462860e-05	
7.994141e-02	4.182796e-05	
4.960565e-02	2.453377e-05	
1.015065e-01	2.815120e-06	
1.114818e-01	1.135640e-05	
7.066657e-02	6.193208e-07	
6.353883e-02	4.077001e-05	
4.645970e-02	2.564101e-05	
9.629099e-02	5.686285e-05	
6.334754e-02	5.404269e-05	
5.177451e-02	7.208751e-05	
3.184478e-02	4.518286e-05	
2.242365e-02	3.708361e-05	
3.246795e-02	5.560783e-05	
4.664874e-02	2.930134e-05	
5.334247e-02	1.938627e-05	
2.878076e-01	1.594671e-05	
3.095771e-01	3.477668e-05	
1.083874e-01	3.887019e-05	
8.518758e-02	4.348936e-05	
3.583962e-02	2.178463e-05	
7.920151e-02	4.301169e-06	
4.565404e-02	3.897934e-05	
5.998155e-02	2.045979e-05	
7.782064e-02	9.955745e-06	
7.768109e-02	5.422537e-05	
6.326878e-02	4.211761e-05	
5.345332e-02	4.161464e-05	
8.589318e-02	6.546403e-05	
3.182461e-02	7.280186e-05	
1.394801e-01	7.264645e-05	
4.371995e-02	6.761957e-05	
6.443966e-02	8.706598e-05	
5.236246e-02	7.873359e-05	
5.638271e-02	5.161369e-05	
1.016025e-01	7.258082e-05	
4.082789e-02	7.770051e-05	
4.521408e-02	1.813287e-05	
5.529829e-02	8.734987e-05	
8.570261e-02	5.675201e-05	
2.468210e-02	8.487073e-05	
7.105892e-02	6.153257e-05	
4.942544e-02	7.724307e-05	
5.478384e-02	1.017071e-04	
3.566381e-02	4.009580e-05	
7.193951e-02	6.403807e-05	
5.010444e-02	5.724769e-05	
4.445472e-02	8.550869e-05	
6.405660e-02	5.795602e-05	
1.010959e-01	8.862971e-05	
7.518412e-02	3.232736e-05	
5.532112e-02	5.945154e-05	
3.600982e-02	2.696932e-05	
5.270907e-02	1.619746e-05	
2.991011e-01	2.367867e-05	
2.853491e-01	5.561496e-05	
5.075072e-02	5.705166e-05	
8.212810e-02	4.271893e-05	
5.199732e-02	1.594132e-05	
6.341472e-02	5.581963e-05	
5.378793e-02	5.814179e-05	
4.635957e-02	2.847164e-05	
3.885966e-02	3.024342e-05	
4.539337e-02	8.520486e-05	
4.069622e-02	4.642785e-05	
6.694070e-02	7.246579e-05	
7.095952e-02	7.055362e-05	
7.357402e-02	8.152952e-05	
3.266682e-02	9.943022e-05	
2.514954e-02	8.800131e-05	
6.560805e-02	5.965813e-05	
8.662355e-02	8.664981e-05	
5.115545e-02	6.061720e-05	
5.056266e-02	7.316007e-05	
1.365659e-01	7.678944e-05	
3.392661e-02	7.842728e-05	
1.273582e-01	6.416007e-05	
8.378229e-02	1.134220e-04	
7.606851e-03	1.013729e-04	
7.244892e-02	1.141731e-04	
4.459955e-02	7.891227e-05	
1.203934e-01	7.426776e-05	
7.155159e-02	9.131560e-05	
1.741305e-01	6.209494e-05	
1.447943e-01	7.502595e-05	
9.975684e-02	6.093096e-05	
3.980125e-02	8.984406e-05	
1.042864e-01	6.807469e-05	
4.896404e-02	6.092271e-05	
2.789919e-02	6.046071e-05	
6.167083e-02	6.706095e-05	
6.091267e-02	3.946245e-05	
2.441624e-01	4.519996e-05	
2.658754e-01	4.223282e-05	
7.100043e-02	7.583714e-05	
4.007407e-02	4.968765e-05	
7.089032e-02	9.167799e-05	
4.222260e-02	5.902662e-05	
3.922198e-02	6.073770e-05	
9.779817e-02	6.821161e-05	
4.114204e-02	7.704742e-05	
5.754204e-02	6.700306e-05	
6.365336e-02	8.326961e-05	
5.202258e-02	1.213203e-04	
6.087143e-02	8.923909e-05	
9.181989e-02	1.144802e-04	
7.599793e-02	9.132542e-05	
9.785858e-02	1.291652e-04	
4.004752e-02	9.917122e-05	
8.071835e-02	9.439024e-05	
8.517753e-02	9.430003e-05	
5.389072e-02	7.533554e-05	
4.769424e-02	9.672241e-05	
3.020152e-02	1.066178e-04	
5.137406e-02	8.265983e-05	
5.130784e-02	1.049668e-04	
7.443415e-02	7.465771e-05	
6.359443e-02	8.320483e-05	
2.144457e-02	6.183455e-05	
4.716429e-02	7.222052e-05	
6.437812e-02	8.340137e-05	
5.813951e-02	9.050427e-05	
3.768006e-02	7.083783e-05	
4.440241e-02	1.009242e-04	
4.936752e-02	6.157509e-05	
6.812186e-02	8.761057e-05	
4.003423e-02	5.181297e-05	
2.477141e-02	6.730080e-05	
9.715331e-02	7.237736e-05	
7.400534e-02	8.269764e-05	
2.518754e-01	4.929566e-05	
2.973856e-01	4.338382e-05	
1.004710e-01	7.123388e-05	
8.015103e-02	1.056689e-04	
6.184695e-02	8.255073e-05	
1.170706e-01	9.640438e-05	
6.071537e-02	8.201521e-05	
4.356071e-02	9.353137e-05	
5.616430e-02	9.129170e-05	
2.104153e-02	7.679068e-05	
1.278105e-01	7.240011e-05	
2.289460e-02	1.056845e-04	
3.949083e-02	1.028496e-04	
5.254329e-02	9.260452e-05	
6.372025e-02	1.088696e-04	
9.144469e-02	1.115423e-04	
4.533233e-02	1.147840e-04	
1.062106e-01	9.604655e-05	
9.909758e-02	1.019451e-04	
5.677048e-02	9.770826e-05	
7.890337e-02	9.295927e-05	
7.970049e-02	1.108042e-04	
8.279670e-02	8.782001e-05	
8.167688e-02	7.394791e-05	
6.255175e-02	1.007364e-04	
6.087427e-02	7.567106e-05	
5.242792e-02	8.405001e-05	
4.986724e-02	9.307184e-05	
2.952603e-02	1.005816e-04	
5.524480e-02	9.718060e-05	
7.490506e-02	8.947089e-05	
5.395414e-02	8.578305e-05	
6.473574e-02	7.504449e-05	
5.180035e-02	7.604976e-05	
1.514321e-02	1.006878e-04	
7.515317e-02	8.863387e-05	
1.469198e-01	8.011812e-05	
5.946895e-02	7.770325e-05	
2.738917e-01	5.585874e-05	
2.825294e-01	1.189521e-04	
4.089294e-02	1.122221e-04	
5.302257e-02	1.217199e-04	
8.516703e-02	1.039217e-04	
9.652343e-02	7.852177e-05	
3.812164e-02	9.652664e-05	
4.927036e-02	1.130484e-04	
5.805450e-02	1.009647e-04	
8.230099e-02	8.655671e-05	
1.691271e-02	1.202633e-04	
4.912335e-02	8.717153e-05	
6.060187e-02	1.260318e-04	
6.356901e-02	9.353502e-05	
1.277822e-02	1.046418e-04	
2.634743e-02	1.154920e-04	
3.102440e-02	1.243603e-04	
7.823290e-02	1.102782e-04	
2.835994e-02	1.144340e-04	
3.623998e-02	9.277204e-05	
3.884790e-02	9.221995e-05	
5.349585e-02	8.459703e-05	
2.876369e-02	9.317774e-05	
2.462556e-02	8.651664e-05	
7.418136e-02	8.839518e-05	
1.195908e-01	9.369813e-05	
5.874491e-02	1.023692e-04	
5.004843e-02	9.679354e-05	
4.791615e-02	8.651958e-05	
7.000267e-02	1.149921e-04	
9.624151e-02	1.146423e-04	
3.952018e-02	8.736742e-05	
2.535671e-02	6.911658e-05	
8.516762e-02	8.077874e-05	
9.438356e-02	1.040378e-04	
5.421931e-02	1.017784e-04	
6.693908e-02	1.220137e-04	
6.376387e-02	8.696470e-05	
3.072821e-01	1.099845e-04	
3.198307e-01	1.037754e-04	
6.097085e-02	1.148174e-04	
1.337718e-01	1.086280e-04	
8.714982e-02	1.075797e-04	
3.935137e-02	9.382363e-05	
9.465090e-02	8.998531e-05	
6.713037e-02	1.129077e-04	
4.729021e-02	1.177384e-04	
4.528028e-02	9.522403e-05	
9.627999e-02	1.007207e-04	
6.382019e-02	1.182762e-04	
1.035839e-01	1.005954e-04	
4.748979e-02	1.034332e-04	
4.989341e-02	1.243539e-04	
1.226368e-01	1.127378e-04	
1.959670e-01	1.275926e-04	
6.258306e-02	1.121410e-04	
8.145281e-02	1.250085e-04	
4.869665e-02	1.232575e-04	
4.128547e-02	8.755283e-05	
4.274749e-02	9.072559e-05	
8.493655e-02	9.782196e-05	
3.702962e-02	9.395430e-05	
8.963212e-02	1.127477e-04	
6.484949e-02	1.111652e-04	
3.571570e-02	1.066513e-04	
7.016941e-02	9.683360e-05	
6.509089e-02	1.053123e-04	
6.489102e-02	1.101459e-04	
5.076890e-02	1.146630e-04	
5.547985e-02	9.934046e-05	
4.690913e-02	1.159358e-04	
3.214201e-02	8.802436e-05	
8.270401e-02	8.535999e-05	
2.323924e-02	1.172371e-04	
9.906558e-02	1.199141e-04	
7.182334e-02	1.327060e-04	
2.961954e-01	5.174884e-05	
2.792387e-01	7.870898e-05	
4.746442e-02	9.369268e-05	
1.161238e-01	1.014279e-04	
5.440871e-02	1.209836e-04	
5.338140e-02	8.780039e-05	
3.231174e-02	1.257522e-04	
5.370406e-02	1.144407e-04	
6.441766e-02	1.059904e-04	
6.918071e-02	1.071189e-04	
2.556721e-02	1.196885e-04	
4.940776e-02	8.959722e-05	
6.897238e-02	1.130300e-04	
3.042176e-02	9.853064e-05	
3.659790e-02	1.261554e-04	
1.205266e-01	1.126142e-04	
2.316723e-02	9.139508e-05	
4.671380e-02	1.285665e-04	
4.526744e-02	1.248348e-04	
1.784884e-02	9.233471e-05	
8.551373e-02	1.184836e-04	
2.230680e-02	8.914591e-05	
6.197031e-02	1.053158e-04	
8.332810e-02	1.081533e-04	
1.151918e-02	8.129174e-05	
4.567843e-02	1.114564e-04	
6.911362e-02	1.170561e-04	
5.876727e-02	1.118210e-04	
8.764331e-02	1.128740e-04	
1.014661e-01	1.129341e-04	
6.479659e-02	1.155487e-04	
4.618303e-02	1.093009e-04	
6.030661e-02	1.197364e-04	
6.514303e-02	9.474794e-05	
5.566136e-02	8.365248e-05	
5.755936e-02	1.182898e-04	
3.701390e-02	1.069461e-04	
2.573807e-02	9.523352e-05	
3.432207e-01	1.099301e-04	
2.890035e-01	6.883076e-05	
8.155432e-02	8.734452e-05	
2.039350e-02	1.394795e-04	
3.946311e-02	1.299656e-04	
6.160713e-02	9.875798e-05	
7.800108e-02	1.102026e-04	
1.080116e-01	1.127423e-04	
3.683789e-02	1.257787e-04	
6.710161e-02	1.155684e-04	
4.026881e-02	1.037740e-04	
9.364443e-02	1.209251e-04	
9.216138e-02	1.088997e-04	
5.030734e-02	1.335774e-04	
6.910611e-02	1.166751e-04	
8.838983e-02	1.199133e-04	
3.541755e-02	1.139836e-04	
3.608657e-02	1.090916e-04	
8.674729e-02	1.165497e-04	
4.175532e-02	1.026874e-04	
2.233769e-02	1.064412e-04	
4.894342e-02	1.036869e-04	
1.307333e-01	9.223479e-05	
1.025110e-01	9.309018e-05	
5.203685e-02	8.372875e-05	
1.242446e-01	1.071701e-04	
7.783319e-02	1.122137e-04	
6.435729e-02	1.254458e-04	
7.407701e-02	1.186407e-04	
4.231572e-02	1.137425e-04	
4.797522e-02	1.007517e-04	
3.968035e-02	1.066956e-04	
8.750878e-02	1.192675e-04	
7.795442e-02	1.332767e-04	
5.018260e-02	1.110918e-04	
4.503789e-02	9.138895e-05	
1.557467e-02	8.539907e-05	
3.435324e-02	1.173961e-04	
3.162093e-01	1.194668e-04	
2.461793e-01	1.096778e-04	
5.976352e-02	1.181931e-04	
8.027455e-02	1.719599e-04	
6.056751e-02	1.289363e-04	
9.018582e-02	1.084616e-04	
5.737671e-02	8.872979e-05	
9.282565e-02	8.924780e-05	
1.025436e-01	1.078846e-04	
5.514206e-02	1.114297e-04	
5.423525e-02	1.212734e-04	
5.412170e-02	1.055804e-04	
5.311590e-02	1.212868e-04	
6.323940e-02	1.298933e-04	
3.534095e-02	1.097814e-04	
8.981670e-02	1.170192e-04	
7.166222e-02	1.153348e-04	
8.293810e-02	9.264163e-05	
6.058528e-02	1.044800e-04	
9.079495e-02	1.001669e-04	
2.033461e-02	1.126197e-04	
8.439841e-02	1.017741e-04	
7.085479e-02	1.097215e-04	
7.614018e-02	1.138800e-04	
2.881683e-02	1.103432e-04	
1.906551e-02	1.050917e-04	
7.056061e-02	1.190446e-04	
8.514604e-02	1.158864e-04	
2.122984e-02	1.118429e-04	
7.699951e-02	1.045224e-04	
4.695659e-02	1.102107e-04	
7.339687e-02	1.135434e-04	
3.196942e-02	1.159940e-04	
8.703242e-02	1.305165e-04	
3.225191e-02	8.279030e-05	
3.355353e-02	1.153361e-04	
8.869272e-02	1.646199e-04	
7.616593e-02	1.228462e-04	
2.833937e-01	1.467416e-04	
2.427330e-01	1.087030e-04	
7.659382e-02	1.379922e-04	
4.093550e-02	1.164949e-04	
7.393472e-02	9.228935e-05	
1.044084e-01	8.921384e-05	
2.575468e-02	1.029709e-04	
4.034445e-02	9.286720e-05	
4.514943e-02	9.781092e-05	
8.819886e-02	1.154635e-04	
2.853729e-02	1.064998e-04	
4.397053e-02	1.319701e-04	
7.711113e-02	1.232721e-04	
6.164994e-02	1.224647e-04	
3.379283e-02	1.129506e-04	
8.817207e-02	1.051506e-04	
1.034010e-01	1.056670e-04	
3.593824e-02	1.044910e-04	
3.341546e-02	1.075441e-04	
9.063504e-02	1.175801e-04	
2.587587e-02	1.009997e-04	
3.723684e-02	1.100511e-04	
5.423494e-02	1.106148e-04	
2.857917e-02	1.086365e-04	
3.798338e-02	1.282687e-04	
8.723092e-02	1.021186e-04	
2.968278e-02	1.019276e-04	
1.405448e-01	1.128033e-04	
2.766245e-02	9.682654e-05	
6.705569e-02	1.158913e-04	
5.275264e-02	1.219554e-04	
8.163172e-02	1.104836e-04	
5.767956e-02	1.338472e-04	
8.674025e-02	1.357054e-04	
2.829085e-02	1.336723e-04	
5.273959e-02	1.133167e-04	
1.042110e-01	1.283333e-04	
6.561149e-02	1.259247e-04	
2.505378e-01	1.033570e-04	
2.384970e-01	1.141265e-04	
7.273932e-02	1.112115e-04	
1.209461e-01	1.222733e-04	
6.104437e-02	1.045495e-04	
2.689950e-02	1.139863e-04	
4.203268e-02	9.714625e-05	
9.730634e-02	1.114853e-04	
5.144763e-02	1.246401e-04	
5.278504e-02	1.089173e-04	
1.143719e-01	1.328883e-04	
5.522996e-02	1.243733e-04	
4.337543e-02	1.285159e-04	
1.072361e-01	1.140600e-04	
5.246620e-02	1.154132e-04	
2.997774e-02	1.285117e-04	
5.126089e-02	1.108655e-04	
7.047921e-02	1.194684e-04	
4.035591e-02	1.002617e-04	
3.669193e-02	1.262032e-04	
1.715646e-02	9.800092e-05	
4.578299e-02	1.103240e-04	
3.701913e-02	1.096761e-04	
3.870847e-02	1.156930e-04	
1.890170e-02	1.109743e-04	
8.684658e-02	1.045247e-04	
9.226143e-02	9.487069e-05	
6.235129e-02	1.002110e-04	
8.793658e-02	1.038626e-04	
6.457041e-02	1.128345e-04	
7.971832e-02	1.110699e-04	
9.264108e-02	1.191574e-04	
9.794094e-02	1.208394e-04	
5.353493e-02	1.491071e-04	
1.453543e-01	1.258752e-04	
2.126290e-02	1.385226e-04	
7.223462e-02	1.313871e-04	
4.835121e-02	8.963878e-05	
2.882808e-01	8.965425e-05	
2.712443e-01	1.272001e-04	
8.027800e-02	1.652433e-04	
5.791018e-02	1.481614e-04	
7.679462e-02	1.198018e-04	
8.062852e-02	1.492894e-04	
4.233989e-02	1.210696e-04	
1.383987e-01	1.020917e-04	
7.577483e-02	9.859048e-05	
2.925126e-02	1.082374e-04	
1.488939e-02	1.112210e-04	
5.220665e-02	1.219844e-04	
7.426225e-02	1.181565e-04	
2.826431e-02	1.158072e-04	
6.564333e-02	1.256022e-04	
3.633721e-02	1.047019e-04	
1.366844e-02	1.202915e-04	
1.800927e-02	1.071521e-04	
8.745332e-02	1.071749e-04	
4.608971e-02	1.034246e-04	
2.780004e-02	1.145213e-04	
1.404822e-01	1.143153e-04	
4.919149e-02	1.119808e-04	
7.374277e-02	1.130616e-04	
4.809362e-02	1.281949e-04	
2.694568e-02	1.213566e-04	
5.641969e-02	1.082155e-04	
4.881282e-02	1.104810e-04	
3.240067e-02	1.026342e-04	
4.157207e-02	1.123424e-04	
3.672869e-02	1.033599e-04	
1.249949e-01	1.050514e-04	
6.212515e-02	1.217013e-04	
1.064590e-01	1.266809e-04	
8.844550e-02	1.322950e-04	
5.519984e-02	1.346661e-04	
3.488379e-02	1.466127e-04	
3.038768e-02	1.286742e-04	
3.027481e-01	9.459296e-05	
2.337841e-01	1.793083e-04	
7.688362e-02	2.062600e-04	
1.163407e-01	1.662440e-04	
3.831476e-02	1.326090e-04	
1.396281e-01	1.371081e-04	
3.153552e-02	1.153517e-04	
3.581145e-02	1.190708e-04	
5.252537e-02	1.216503e-04	
8.280699e-02	9.472280e-05	
3.881308e-02	1.224251e-04	
4.634678e-02	1.147411e-04	
3.395010e-02	1.303654e-04	
5.648896e-02	1.217971e-04	
2.352919e-02	1.176721e-04	
8.482693e-02	1.226798e-04	
5.399514e-02	1.190635e-04	
6.793079e-02	1.025795e-04	
4.349082e-02	9.949768e-05	
2.970782e-02	1.112489e-04	
3.255766e-02	9.483191e-05	
8.853944e-02	1.155986e-04	
3.011071e-02	1.087220e-04	
5.191425e-02	1.090862e-04	
4.321258e-02	1.118130e-04	
1.092603e-01	1.199026e-04	
9.149273e-02	1.040769e-04	
6.858875e-02	1.129550e-04	
5.355927e-02	1.195867e-04	
5.966842e-02	9.329792e-05	
2.327306e-02	9.380608e-05	
1.025041e-01	9.869289e-05	
2.548588e-02	1.190897e-04	
5.749604e-02	1.309530e-04	
3.266422e-02	1.289470e-04	
6.036957e-02	1.487422e-04	
8.604324e-02	1.542424e-04	
2.813513e-02	1.112993e-04	
2.567068e-01	1.178530e-04	
2.818978e-01	1.862388e-04	
6.898564e-02	1.705921e-04	
6.125551e-03	1.692637e-04	
5.669481e-02	1.547201e-04	
6.143505e-02	1.583879e-04	
6.558969e-02	1.438861e-04	
8.011185e-02	1.187799e-04	
4.075603e-02	1.257885e-04	
1.125952e-01	1.130754e-04	
3.831974e-02	1.248568e-04	
1.025171e-01	1.129692e-04	
9.293436e-02	1.281973e-04	
9.542665e-02	1.209804e-04	
9.715599e-02	1.306162e-04	
4.527621e-02	1.133869e-04	
6.809250e-02	1.103661e-04	
8.231195e-02	1.011659e-04	
5.816633e-02	1.039310e-04	
7.161052e-02	1.067240e-04	
8.625393e-02	1.084906e-04	
3.744787e-02	9.309535e-05	
7.440018e-02	9.989254e-05	
5.246587e-02	1.252443e-04	
1.044432e-01	1.211967e-04	
5.124526e-02	1.002111e-04	
1.759877e-02	1.088913e-04	
6.792080e-02	8.678235e-05	
9.332314e-02	9.159370e-05	
6.669367e-02	7.556052e-05	
8.964523e-02	8.406278e-05	
9.152409e-02	9.048890e-05	
1.288637e-02	1.106971e-04	
2.528041e-02	1.258473e-04	
1.282019e-01	1.063302e-04	
1.097933e-01	1.348238e-04	
3.604847e-02	1.269531e-04	
6.051684e-02	1.107225e-04	
2.467130e-01	9.669188e-05	
2.487941e-01	2.169240e-04	
8.104353e-02	1.963883e-04	
2.823763e-02	1.635600e-04	
4.765039e-02	1.500368e-04	
3.600380e-02	1.434336e-04	
6.020635e-02	1.309603e-04	
5.980417e-02	1.330779e-04	
9.180033e-02	1.138201e-04	
7.080198e-02	1.265151e-04	
3.669100e-02	9.981642e-05	
4.458737e-02	1.115529e-04	
5.966904e-02	9.679416e-05	
3.945762e-02	1.145219e-04	
1.093773e-01	9.873667e-05	
1.869044e-02	1.077658e-04	
7.639095e-02	9.642802e-05	
1.662117e-01	1.007192e-04	
6.734107e-02	1.080988e-04	
1.017950e-01	8.618537e-05	
5.741895e-02	9.617581e-05	
5.672783e-02	1.041297e-04	
3.047837e-02	9.532156e-05	
2.635958e-02	1.132487e-04	
1.239838e-02	9.764223e-05	
5.773689e-02	9.760772e-05	
7.762155e-02	9.541142e-05	
3.074865e-02	1.049949e-04	
3.257281e-02	8.504690e-05	
5.074378e-02	9.885398e-05	
5.757964e-02	9.612193e-05	
3.491998e-02	8.598938e-05	
8.918742e-03	9.574045e-05	
2.810127e-02	9.615154e-05	
8.126595e-02	9.233462e-05	
5.046683e-02	9.966031e-05	
5.611086e-02	1.252023e-04	
2.310244e-02	1.280419e-04	
2.882164e-01	1.609684e-04	
2.924565e-01	2.031470e-04	
4.774234e-02	1.444602e-04	
7.437214e-02	1.681369e-04	
3.784827e-02	1.549593e-04	
2.475555e-02	1.433643e-04	
6.623365e-02	1.120374e-04	
4.350280e-02	1.249719e-04	
8.037095e-02	1.213454e-04	
4.088280e-02	1.231528e-04	
6.099650e-02	1.080752e-04	
3.984532e-02	9.615240e-05	
9.040512e-02	1.135581e-04	
7.312893e-02	1.185096e-04	
7.256961e-02	9.724724e-05	
5.015145e-02	9.668429e-05	
9.863124e-03	1.154812e-04	
6.509935e-02	1.194102e-04	
1.303494e-02	1.037079e-04	
9.996986e-02	9.148623e-05	
7.879910e-02	1.076402e-04	
4.635705e-02	1.000913e-04	
4.488397e-02	1.130985e-04	
1.267288e-01	1.100183e-04	
4.459340e-02	1.057118e-04	
4.724811e-02	9.559940e-05	
7.155281e-02	8.175273e-05	
5.042643e-02	9.172673e-05	
6.018542e-02	9.990294e-05	
3.425160e-02	1.089915e-04	
3.658962e-02	9.317344e-05	
5.459882e-02	1.168945e-04	
6.730588e-02	1.028798e-04	
7.057342e-02	1.084192e-04	
6.673357e-02	7.732819e-05	
5.644849e-02	6.691235e-05	
1.292326e-01	1.457636e-04	
4.137387e-02	1.365866e-04	
2.125130e-01	1.678710e-04	
3.096929e-01	1.599595e-04	
3.447201e-02	1.611164e-04	
7.305337e-02	1.819497e-04	
5.121317e-02	1.336422e-04	
8.250805e-02	1.549958e-04	
8.480007e-02	1.255009e-04	
3.796903e-02	1.173469e-04	
6.776616e-02	1.145842e-04	
3.360061e-02	1.283862e-04	
9.258558e-02	1.215202e-04	
4.010175e-02	9.798318e-05	
9.058824e-02	1.095053e-04	
6.363930e-02	9.824780e-05	
7.064587e-02	9.804061e-05	
1.176438e-01	1.068677e-04	
7.426992e-02	9.609728e-05	
5.620168e-02	1.133460e-04	
6.209648e-02	1.045079e-04	
1.111630e-01	1.010033e-04	
6.907699e-02	1.001816e-04	
4.713580e-02	1.141907e-04	
7.797808e-02	1.002461e-04	
4.210767e-02	9.785779e-05	
8.807277e-02	1.002562e-04	
5.550454e-02	9.492686e-05	
5.431589e-02	8.833070e-05	
6.288069e-02	9.446027e-05	
3.029677e-02	8.542350e-05	
1.209368e-01	9.901694e-05	
5.225093e-02	1.113636e-04	
5.495553e-02	7.736136e-05	
2.913682e-02	7.278288e-05	
3.888702e-02	1.008107e-04	
5.012465e-02	7.988302e-05	
6.356594e-02	8.595896e-05	
1.406966e-01	1.269486e-04	
8.219143e-02	1.410832e-04	
3.132448e-01	1.085223e-04	
2.843964e-01	2.599404e-04	
5.843467e-02	2.295548e-04	
3.954418e-02	1.696991e-04	
9.662470e-02	1.301948e-04	
7.130734e-02	1.291929e-04	
2.212795e-02	1.213556e-04	
7.639807e-02	1.124454e-04	
6.006945e-02	1.224858e-04	
1.327718e-01	1.048398e-04	
4.777546e-02	1.130270e-04	
5.622145e-02	9.889904e-05	
5.320885e-02	9.824396e-05	
7.238747e-02	1.038345e-04	
4.704986e-02	1.148394e-04	
6.847556e-02	1.053449e-04	
2.977275e-02	8.913232e-05	
7.742213e-02	8.463231e-05	
6.551351e-02	1.070402e-04	
4.795530e-02	9.798232e-05	
6.961697e-02	9.487419e-05	
3.440355e-02	9.239288e-05	
2.780865e-02	9.956827e-05	
2.637149e-02	8.413086e-05	
4.864058e-02	7.493064e-05	
1.427507e-01	8.810071e-05	
7.164463e-02	9.244082e-05	
7.304960e-02	7.787896e-05	
1.147344e-01	1.037643e-04	
8.567858e-02	1.090406e-04	
9.190946e-02	1.044284e-04	
2.531922e-02	9.531870e-05	
1.741085e-02	7.143617e-05	
8.373491e-02	8.242629e-05	
1.180619e-01	7.183695e-05	
6.650420e-02	6.825310e-05	
7.010046e-02	1.349776e-04	
4.641469e-02	1.829432e-04	
2.545771e-01	1.434627e-04	
2.267926e-01	1.843330e-04	
9.761921e-02	1.780085e-04	
7.412675e-02	1.862355e-04	
8.761921e-02	1.509991e-04	
5.721444e-02	1.274653e-04	
1.069707e-01	1.056590e-04	
4.519462e-02	1.008339e-04	
3.104301e-02	1.213028e-04	
4.329515e-02	1.103101e-04	
3.211153e-02	1.250987e-04	
7.893990e-02	1.238052e-04	
3.265203e-02	9.912147e-05	
5.574194e-02	1.071883e-04	
2.053557e-02	1.035350e-04	
4.423818e-02	1.107203e-04	
5.025785e-02	9.093069e-05	
5.472795e-02	8.842805e-05	
6.862793e-02	9.737233e-05	
9.111579e-02	9.752170e-05	
3.515936e-02	9.032373e-05	
1.160615e-01	9.570528e-05	
1.268254e-01	8.810782e-05	
2.609731e-02	8.542932e-05	
5.380515e-02	7.325328e-05	
3.811369e-02	8.917363e-05	
6.886025e-02	9.446159e-05	
2.330144e-02	7.823358e-05	
1.210176e-01	1.124165e-04	
9.473693e-02	9.408529e-05	
4.917408e-02	1.057072e-04	
1.112440e-01	1.109469e-04	
4.499112e-02	8.647054e-05	
2.767546e-02	9.696491e-05	
5.879603e-02	1.098360e-04	
6.904479e-02	1.007758e-04	
1.151926e-01	8.882133e-05	
3.770361e-02	1.336379e-04	
2.045819e-01	1.828065e-04	
3.162839e-01	8.134032e-05	
2.207691e-02	1.392423e-04	
6.097596e-02	1.194611e-04	
9.566925e-02	1.520713e-04	
3.635376e-02	1.493510e-04	
9.807440e-02	1.351263e-04	
9.880785e-02	1.264056e-04	
7.661759e-02	1.124642e-04	
3.868349e-02	1.052460e-04	
1.206412e-01	1.248850e-04	
4.626040e-02	1.158322e-04	
4.084900e-02	8.908272e-05	
4.073503e-02	9.660794e-05	
8.539595e-02	9.606306e-05	
1.095330e-02	9.302889e-05	
6.363744e-02	1.029978e-04	
6.581611e-02	9.388023e-05	
5.395324e-02	8.808181e-05	
5.241892e-02	9.431897e-05	
6.155825e-02	8.807293e-05	
6.356629e-02	8.527596e-05	
5.756025e-02	1.008003e-04	
1.109583e-01	8.584058e-05	
8.016675e-02	8.541766e-05	
1.214269e-01	9.738272e-05	
6.285632e-02	9.522211e-05	
2.651761e-02	1.078450e-04	
1.556033e-02	9.625634e-05	
7.301358e-02	8.639225e-05	
7.064601e-03	9.325455e-05	
8.169678e-02	9.004134e-05	
4.479857e-02	7.150455e-05	
4.892971e-02	8.366063e-05	
1.177496e-01	8.611860e-05	
9.052081e-02	8.973721e-05	
1.380653e-01	1.141652e-04	
1.177107e-01	1.813077e-04	
3.089014e-01	1.782053e-04	
2.643881e-01	1.589338e-04	
4.936872e-02	1.301592e-04	
6.812900e-02	1.670107e-04	
9.803167e-02	1.626178e-04	
5.131864e-02	1.510936e-04	
4.929400e-02	1.370519e-04	
7.486387e-02	9.955378e-05	
4.411216e-02	9.504925e-05	
9.154145e-02	1.091334e-04	
9.208077e-02	1.175637e-04	
3.491877e-02	1.048283e-04	
6.142917e-02	9.928461e-05	
4.597769e-02	1.039117e-04	
1.794885e-02	8.837140e-05	
8.211607e-02	9.990381e-05	
6.266020e-02	1.020475e-04	
6.442432e-02	9.051935e-05	
4.251891e-02	8.699725e-05	
4.239370e-02	8.567597e-05	
6.301375e-02	7.459384e-05	
4.148868e-02	8.423295e-05	
5.062080e-02	7.562270e-05	
7.409256e-02	7.757724e-05	
1.046288e-01	8.495603e-05	
3.138247e-02	7.800841e-05	
6.185834e-02	8.868671e-05	
2.197769e-02	9.281652e-05	
2.790564e-02	8.743901e-05	
4.704603e-02	7.959176e-05	
4.796537e-02	8.679834e-05	
2.123067e-02	8.911930e-05	
4.717097e-02	6.044390e-05	
9.244157e-02	8.766006e-05	
7.399934e-02	1.164476e-04	
6.038361e-02	9.198977e-05	
9.603793e-02	1.113113e-04	
4.610519e-02	1.475162e-04	
2.694339e-01	2.490263e-04	
3.434784e-01	2.098529e-04	
4.294941e-02	1.518233e-04	
3.447787e-02	1.065086e-04	
1.182644e-01	1.222205e-04	
2.139074e-02	1.047847e-04	
1.045428e-01	1.253693e-04	
1.460892e-02	1.205992e-04	
5.213004e-02	1.149004e-04	
4.250064e-02	1.213411e-04	
9.470420e-02	1.066800e-04	
5.286882e-02	9.840245e-05	
5.392274e-02	1.084092e-04	
5.487838e-02	8.447826e-05	
6.263850e-02	7.857428e-05	
8.943055e-02	8.595814e-05	
4.847907e-02	8.302385e-05	
4.221905e-02	7.557636e-05	
2.481465e-02	8.486738e-05	
4.330426e-02	8.842567e-05	
6.038320e-02	8.053413e-05	
4.124469e-02	7.363939e-05	
8.401453e-02	9.308021e-05	
4.413139e-02	8.065771e-05	
6.580477e-02	8.940456e-05	
1.106091e-02	8.801115e-05	
1.134089e-01	7.895610e-05	
3.819409e-02	8.261098e-05	
2.030232e-02	7.083837e-05	
6.481593e-02	7.726545e-05	
1.731752e-02	8.688480e-05	
5.163656e-02	9.228013e-05	
1.087294e-01	8.336316e-05	
1.020008e-01	1.182494e-04	
1.111323e-01	1.128451e-04	
5.625045e-02	1.103610e-04	
5.897499e-02	1.024736e-04	
1.018793e-01	1.680896e-04	
2.283183e-01	1.507339e-04	
3.165415e-01	1.988091e-04	
8.247331e-02	9.021743e-05	
5.983729e-02	1.231477e-04	
8.225147e-02	9.008957e-05	
5.967734e-02	1.287536e-04	
8.943653e-02	1.081733e-04	
1.776596e-02	8.962690e-05	
5.860108e-02	1.074157e-04	
5.139054e-02	1.154950e-04	
7.481309e-02	1.097270e-04	
6.571848e-02	1.029711e-04	
5.670213e-02	9.840902e-05	
7.295691e-02	7.662227e-05	
3.006669e-02	8.316603e-05	
5.347322e-02	6.581884e-05	
2.334795e-02	7.542348e-05	
6.438424e-02	7.585717e-05	
1.184095e-01	7.080258e-05	
9.241773e-02	8.253370e-05	
3.912949e-02	7.164913e-05	
8.166319e-02	7.921220e-05	
5.092359e-02	8.331444e-05	
8.321707e-02	9.049997e-05	
5.885739e-02	8.539256e-05	
1.300868e-01	9.126476e-05	
1.084709e-01	8.108697e-05	
5.408802e-02	7.294176e-05	
3.330764e-02	8.616283e-05	
4.211171e-02	7.292387e-05	
1.057336e-02	8.182168e-05	
1.334669e-01	8.364934e-05	
1.071389e-01	7.576640e-05	
6.172335e-02	1.237557e-04	
7.795044e-02	9.689079e-05	
4.658703e-02	6.843964e-05	
5.373275e-02	7.247361e-05	
8.655584e-02	8.666033e-05	
2.923729e-01	1.428404e-04	
2.488156e-01	1.020283e-04	
6.534258e-02	2.120244e-04	
4.454372e-02	1.533303e-04	
3.023952e-02	9.761286e-05	
1.059843e-01	1.082817e-04	
1.420297e-01	1.012891e-04	
8.930958e-02	1.040889e-04	
8.615489e-02	9.937009e-05	
3.341417e-02	9.796684e-05	
3.825051e-02	9.675425e-05	
9.034491e-02	8.772391e-05	
4.940458e-02	8.371230e-05	
8.005698e-02	7.333382e-05	
1.030697e-01	7.464016e-05	
7.815033e-02	6.564258e-05	
5.565953e-02	7.358340e-05	
2.730214e-02	6.888954e-05	
5.417802e-02	6.326985e-05	
6.273659e-02	5.817266e-05	
2.761982e-02	8.066382e-05	
1.341092e-02	7.015292e-05	
3.269328e-02	8.898552e-05	
5.237749e-02	6.847580e-05	
4.872983e-02	7.267959e-05	
4.233444e-02	7.451277e-05	
5.470214e-02	7.725704e-05	
5.860131e-02	7.665613e-05	
7.846642e-02	7.414547e-05	
3.655589e-02	9.251258e-05	
5.055203e-02	7.910267e-05	
2.647694e-02	7.807527e-05	
9.203800e-02	7.008801e-05	
8.518705e-02	8.445529e-05	
2.288203e-02	7.472953e-05	
5.702280e-02	6.208450e-05	
4.668523e-02	6.363460e-05	
5.733256e-02	3.991101e-05	
2.998504e-01	1.005385e-04	
2.052256e-01	1.931461e-04	
1.225592e-01	1.897717e-04	
3.400540e-02	1.202833e-04	
2.130112e-02	1.198408e-04	
1.560581e-02	9.827884e-05	
6.841181e-02	1.126643e-04	
8.303219e-02	9.260070e-05	
7.940441e-02	8.765802e-05	
5.481806e-02	6.544806e-05	
5.240845e-02	9.299434e-05	
4.361745e-02	9.525328e-05	
4.751344e-02	8.716932e-05	
7.449205e-02	8.698166e-05	
5.980571e-02	6.768916e-05	
9.017463e-02	8.144159e-05	
5.947184e-02	7.664284e-05	
3.819586e-02	8.007223e-05	
2.527304e-02	6.524949e-05	
7.102305e-02	6.714072e-05	
4.307862e-02	7.210039e-05	
1.324673e-01	8.555720e-05	
3.060609e-02	8.184262e-05	
1.457299e-01	7.807131e-05	
3.679262e-02	6.763016e-05	
1.653018e-02	6.990901e-05	
1.862748e-02	8.895883e-05	
1.182387e-01	7.999582e-05	
5.759117e-02	5.788467e-05	
9.845314e-02	6.678894e-05	
5.108380e-02	7.184231e-05	
4.558478e-02	5.768437e-05	
7.448058e-02	7.450188e-05	
4.063281e-02	7.584292e-05	
8.139886e-02	5.708847e-05	
3.838715e-02	7.819010e-05	
6.314294e-02	5.416970e-05	
1.189169e-02	1.003061e-04	
2.517542e-01	1.832112e-04	
2.949653e-01	7.300204e-05	
5.165677e-02	1.469373e-04	
8.066159e-02	1.531491e-04	
1.195325e-01	1.109197e-04	
1.512586e-02	1.178779e-04	
6.341748e-02	9.423713e-05	
5.143417e-02	9.622569e-05	
8.482677e-02	7.069716e-05	
3.897765e-02	6.926466e-05	
6.666370e-02	7.235442e-05	
1.134667e-01	7.820849e-05	
6.082590e-02	9.421832e-05	
3.714079e-02	7.310024e-05	
2.197205e-02	7.170259e-05	
1.104747e-01	6.473481e-05	
7.455398e-02	6.455616e-05	
7.174307e-02	6.949139e-05	
7.324176e-02	5.562126e-05	
3.590700e-02	5.978013e-05	
3.749131e-02	6.891853e-05	
5.559827e-02	7.540989e-05	
8.202140e-02	6.259713e-05	
6.032000e-02	7.600596e-05	
5.227150e-02	6.550375e-05	
1.644739e-02	7.118922e-05	
2.606249e-02	6.008896e-05	
1.237492e-01	7.809554e-05	
3.866608e-02	6.479117e-05	
5.540734e-02	6.692656e-05	
8.260767e-02	7.449694e-05	
2.505921e-02	7.878696e-05	
4.306141e-02	4.143949e-05	
2.334182e-02	6.472349e-05	
1.352693e-01	7.484612e-05	
4.234083e-02	5.686544e-05	
4.726248e-02	6.011747e-05	
5.550730e-02	1.153582e-04	
2.993037e-01	1.362001e-04	
2.727644e-01	2.686745e-04	
3.842437e-02	1.681781e-04	
1.255038e-01	1.049567e-04	
8.199436e-02	8.157712e-05	
6.016709e-02	1.122662e-04	
4.095260e-02	1.033761e-04	
5.422365e-02	9.460860e-05	
9.670498e-02	9.080868e-05	
3.210161e-02	8.723673e-05	
3.124393e-02	6.201948e-05	
5.706926e-02	8.019264e-05	
2.727207e-02	6.227846e-05	
2.983006e-02	5.892371e-05	
7.383159e-02	5.612171e-05	
1.258363e-01	6.016065e-05	
4.191055e-02	4.620309e-05	
2.121549e-02	5.866901e-05	
8.064626e-02	4.778792e-05	
3.916928e-02	5.602383e-05	
5.463812e-02	6.884474e-05	
1.002890e-01	5.995037e-05	
7.330448e-02	7.220780e-05	
7.658964e-02	6.492222e-05	
7.928780e-02	7.479284e-05	
5.316890e-02	5.479675e-05	
6.083701e-02	7.044952e-05	
4.421309e-02	6.385980e-05	
6.969597e-02	5.016013e-05	
3.271420e-02	5.153070e-05	
4.249190e-02	7.223924e-05	
6.009660e-02	7.992029e-05	
1.942429e-02	4.175701e-05	
1.007401e-01	2.856659e-05	
6.533568e-02	6.732999e-05	
4.280876e-02	9.237387e-05	
4.258972e-02	1.207519e-04	
5.119837e-02	7.500153e-05	
2.848275e-01	1.328217e-04	
3.281218e-01	1.763398e-04	
2.869972e-02	1.486890e-04	
7.241765e-02	1.046534e-04	
4.859234e-02	5.841508e-05	
1.114187e-01	9.482759e-05	
1.244955e-01	1.232901e-04	
6.788977e-02	1.123516e-04	
3.607552e-02	7.844322e-05	
1.041350e-01	6.750442e-05	
5.468556e-02	7.547503e-05	
1.016190e-01	6.148881e-05	
2.587974e-02	4.210759e-05	
4.708685e-02	3.571906e-05	
1.276528e-01	5.110718e-05	
3.484555e-02	5.687746e-05	
5.351387e-02	4.701733e-05	
6.138272e-02	5.203299e-05	
9.504903e-02	5.075580e-05	
1.029154e-01	6.192072e-05	
8.404147e-02	6.498085e-05	
4.524569e-02	6.214037e-05	
6.857452e-02	5.603358e-05	
2.633954e-02	6.541984e-05	
5.017056e-02	5.507808e-05	
9.710394e-02	6.066813e-05	
1.880958e-02	4.996481e-05	
9.270046e-02	4.419248e-05	
3.476938e-02	6.170381e-05	
1.053158e-01	5.641955e-05	
1.028904e-01	6.306629e-05	
7.112717e-02	7.308111e-05	
4.088130e-02	3.564866e-05	
6.816644e-02	3.537961e-05	
3.170218e-02	5.601958e-05	
1.051204e-01	6.304233e-05	
4.844201e-02	1.070169e-04	
6.842661e-02	1.844098e-04	
3.249392e-01	2.161332e-04	
2.836684e-01	1.191666e-04	
8.126245e-02	1.141809e-04	
1.277562e-01	8.926563e-05	
3.564942e-02	1.132882e-04	
1.450943e-01	9.991392e-05	
5.068898e-02	8.841244e-05	
5.187992e-02	7.683621e-05	
1.138993e-01	7.707983e-05	
4.753174e-02	7.342450e-05	
6.048755e-02	6.816277e-05	
3.197883e-02	6.354871e-05	
2.577033e-02	4.434577e-05	
4.612344e-02	4.234896e-05	
8.478175e-02	5.236015e-05	
4.524407e-02	4.415025e-05	
1.190469e-01	5.935679e-05	
1.290334e-01	4.589522e-05	
4.839716e-02	4.589841e-05	
3.363989e-02	5.314872e-05	
4.285566e-03	4.899930e-05	
5.469530e-02	4.776690e-05	
5.121783e-02	3.802178e-05	
6.679640e-02	4.818941e-05	
6.602083e-02	4.830500e-05	
4.958363e-02	4.452841e-05	
1.149354e-01	4.110213e-05	
7.107100e-02	4.017600e-05	
9.298385e-02	5.415383e-05	
4.164642e-02	5.454927e-05	
1.153741e-01	6.985414e-05	
6.620288e-02	6.179311e-05	
8.944069e-02	7.385462e-05	
7.788862e-02	2.865933e-05	
3.922228e-02	7.280694e-05	
4.108497e-02	6.832510e-05	
3.109598e-02	1.113100e-04	
1.847085e-02	1.413907e-04	
3.543379e-01	2.678077e-04	
2.668618e-01	1.547338e-04	
1.654219e-02	1.171364e-04	
4.394400e-02	1.153116e-04	
9.153950e-02	9.408466e-05	
1.537083e-02	7.351783e-05	
1.178193e-01	7.811494e-05	
6.553995e-02	7.650562e-05	
5.394073e-02	5.967738e-05	
8.241134e-02	6.139067e-05	
6.525875e-02	6.954660e-05	
1.060281e-01	5.983934e-05	
4.586029e-02	4.898150e-05	
6.099926e-02	5.161184e-05	
4.386168e-02	5.714639e-05	
1.844753e-02	3.910846e-05	
9.399114e-02	4.310280e-05	
3.736258e-02	5.125405e-05	
5.852638e-02	4.397854e-05	
2.050740e-02	4.560112e-05	
3.436300e-02	3.665986e-05	
1.109824e-01	3.297914e-05	
3.888172e-02	4.135959e-05	
5.268221e-02	5.441758e-05	
7.851252e-02	3.849373e-05	
4.303111e-02	3.635839e-05	
1.650490e-02	4.127359e-05	
1.665833e-02	2.792719e-05	
1.276175e-01	5.125974e-05	
6.127664e-02	5.840886e-05	
6.772167e-02	5.862566e-05	
7.744669e-02	2.750475e-05	
7.275633e-02	2.723393e-05	
1.075646e-01	6.492750e-05	
5.702840e-02	6.817701e-05	
2.627015e-02	1.140622e-04	
3.410129e-02	1.257096e-04	
7.066644e-02	1.578023e-04	
2.352631e-01	1.225300e-04	
2.857064e-01	1.355069e-04	
3.712492e-02	1.198005e-04	
4.234982e-02	9.214884e-05	
4.593875e-02	7.790993e-05	
9.938281e-03	6.465983e-05	
4.669356e-02	8.474733e-05	
2.871348e-02	6.124956e-05	
7.208852e-02	7.399564e-05	
8.740405e-02	5.804559e-05	
1.003562e-01	5.768400e-05	
4.147425e-02	4.983069e-05	
6.696083e-02	5.596144e-05	
3.431577e-02	6.549273e-05	
1.022908e-01	4.418168e-05	
2.443235e-02	4.610130e-05	
1.885217e-02	1.945533e-05	
1.124660e-01	4.581501e-05	
5.857801e-02	4.692590e-05	
4.572543e-02	2.256708e-05	
6.101275e-02	3.229495e-05	
1.085893e-01	2.696572e-05	
6.032066e-02	3.359018e-05	
1.878823e-02	4.731809e-05	
1.353505e-01	3.316301e-05	
8.098357e-02	2.374727e-05	
7.638227e-02	2.308455e-05	
6.188663e-02	4.823433e-05	
4.566524e-02	4.001758e-05	
6.325307e-02	6.305803e-05	
9.270035e-02	5.610143e-05	
1.107129e-01	2.975227e-05	
4.295033e-02	4.786996e-05	
4.764178e-02	7.350571e-05	
8.720637e-02	5.893952e-05	
2.744908e-02	6.550412e-05	
4.478505e-02	7.551747e-05	
6.264186e-02	1.051203e-04	
2.668415e-01	1.053467e-04	
2.936492e-01	2.611861e-04	
5.108845e-02	6.763468e-05	
1.650992e-02	6.332973e-05	
8.154898e-02	6.446064e-05	
3.013425e-02	5.245978e-05	
4.255673e-02	5.692717e-05	
1.052996e-01	5.691726e-05	
3.022424e-02	3.684863e-05	
1.119661e-01	4.047405e-05	
1.140661e-01	2.906225e-05	
4.126514e-02	4.217870e-05	
1.087510e-01	5.080778e-05	
5.501680e-02	4.508190e-05	
5.878715e-02	5.179011e-05	
9.736640e-02	4.061319e-05	
1.785927e-02	3.486660e-05	
9.726401e-02	3.391731e-05	
1.844756e-01	3.194237e-05	
9.386570e-02	1.556787e-05	
7.419228e-03	2.261424e-05	
1.358823e-02	2.749481e-05	
6.440398e-02	2.154124e-05	
4.211416e-02	3.460720e-05	
8.782867e-02	3.539164e-05	
5.798878e-02	2.742164e-05	
3.646469e-02	3.712243e-05	
2.860615e-02	4.740436e-05	
3.633037e-02	4.103083e-05	
8.954402e-02	2.214492e-05	
1.041389e-01	4.210158e-05	
2.081867e-02	4.771204e-05	
7.456168e-02	5.111804e-05	
2.735909e-02	5.672839e-05	
8.205661e-02	1.272211e-05	
2.353894e-02	5.920868e-05	
7.816557e-02	1.055002e-04	
6.550380e-02	9.447238e-05	
2.494833e-01	1.561701e-04	
3.035112e-01	6.638863e-05	
7.687319e-02	7.815492e-05	
7.512873e-02	4.178842e-05	
3.414854e-02	6.482263e-05	
6.536562e-02	5.266253e-05	
3.638958e-02	2.487358e-05	
1.220894e-02	2.679382e-05	
5.494726e-02	3.243333e-05	
2.191628e-02	2.119045e-05	
6.127203e-02	3.113356e-05	
2.664143e-02	4.299037e-05	
5.746558e-02	2.942679e-05	
1.035639e-01	3.495208e-05	
9.132099e-02	3.692860e-05	
1.048983e-01	3.790012e-05	
8.009284e-02	3.804386e-05	
3.570438e-02	2.278835e-05	
8.016235e-02	2.363396e-05	
4.169409e-02	1.466033e-05	
4.076114e-02	1.424219e-05	
1.041543e-01	2.898828e-05	
6.316144e-02	1.744249e-05	
4.440706e-02	2.052525e-05	
4.896194e-02	3.604061e-05	
4.983030e-02	2.937924e-05	
1.298369e-01	2.799415e-05	
4.860540e-02	3.016122e-05	
6.679574e-02	2.658858e-05	
5.513744e-02	2.421900e-05	
7.600676e-02	5.191148e-05	
3.848877e-02	6.131909e-05	
5.833966e-02	4.044264e-05	
5.461873e-02	2.992391e-05	
5.509004e-02	1.368555e-05	
3.146397e-02	4.553200e-05	
6.264623e-02	8.331118e-05	
6.156220e-02	1.662868e-04	
2.880311e-01	1.136898e-04	
2.946157e-01	1.043963e-04	
4.998462e-02	1.139980e-05	
7.049150e-02	5.368660e-05	
7.527321e-02	4.627235e-05	
7.375778e-02	5.257640e-06	
2.020786e-02	4.024249e-05	
1.472343e-02	5.644538e-05	
3.941262e-02	2.776401e-05	
5.068618e-02	1.435949e-05	
9.569261e-02	3.605724e-05	
4.788039e-02	2.829511e-05	
1.297025e-01	3.919125e-05	
4.659964e-02	4.146814e-05	
6.927142e-02	2.373914e-05	
1.186783e-01	3.116238e-05	
1.066547e-01	2.767768e-05	
9.067427e-02	3.142915e-05	
4.055353e-02	9.606923e-06	
8.351007e-02	2.899323e-05	
3.262716e-02	2.456788e-05	
4.872220e-02	1.663018e-05	
5.287322e-02	1.463063e-05	
8.200167e-02	2.845888e-05	
8.923041e-02	2.689021e-05	
5.175956e-02	3.157262e-05	
4.897051e-02	2.541015e-05	
8.181920e-02	1.090646e-05	
2.292954e-02	3.037878e-05	
4.123163e-02	3.135582e-05	
5.543646e-02	3.936882e-05	
4.438273e-02	6.772374e-05	
5.506360e-02	1.563651e-05	
2.167735e-02	6.851939e-06	
7.764333e-02	2.858898e-05	
3.311056e-02	5.471439e-05	
7.868316e-02	7.955441e-05	
4.785575e-02	6.801435e-05	
3.060577e-01	1.336835e-04	
3.424051e-01	1.659413e-04	
3.301239e-02	1.149222e-04	
1.399662e-02	2.465547e-06	
3.413394e-02	5.359075e-06	
6.708341e-02	1.644658e-06	
1.085103e-01	2.051234e-05	
8.155506e-02	2.679020e-05	
7.555797e-02	3.193442e-05	
7.625270e-02	2.868807e-05	
3.170900e-02	3.665682e-05	
5.009282e-02	1.563878e-05	
1.019595e-01	2.417782e-05	
5.664736e-02	4.504543e-05	
3.579670e-02	3.163455e-05	
4.986613e-02	2.631241e-05	
1.020260e-01	3.083847e-05	
5.769741e-02	1.174886e-05	
7.807308e-02	1.761224e-05	
3.860614e-02	2.395350e-05	
5.629068e-02	1.870384e-05	
3.432572e-02	1.758174e-05	
8.505126e-02	2.542769e-05	
8.865998e-02	2.837982e-05	
8.204923e-02	3.393817e-05	
5.456727e-02	2.409452e-05	
1.067389e-02	2.719193e-05	
4.323649e-02	3.460711e-05	
8.492520e-02	3.120622e-05	
4.192208e-02	4.517827e-05	
6.953409e-02	3.100623e-05	
3.771421e-02	2.149994e-05	
6.943057e-02	1.394369e-06	
9.432171e-02	1.096410e-05	
2.602409e-02	1.427834e-05	
2.671431e-02	4.248507e-05	
5.232418e-02	8.852002e-05	
5.976809e-02	1.156563e-04	
2.799870e-01	1.056483e-04	
3.239270e-01	2.135539e-04	
2.876548e-01	7.011854e-05	
3.307691e-01	2.954775e-05	
2.647715e-01	4.983073e-06	
2.792555e-01	1.270437e-05	
2.670524e-01	1.163645e-06	
2.617605e-01	2.966978e-05	
2.472696e-01	3.049426e-05	
2.876097e-01	1.163435e-05	
2.847611e-01	8.923248e-06	
2.414594e-01	1.179239e-05	
3.021474e-01	1.892244e-05	
2.942246e-01	2.992301e-05	
2.944945e-01	1.741143e-05	
2.732680e-01	2.057962e-05	
2.958532e-01	1.624362e-05	
2.418389e-01	1.873066e-05	
2.972403e-01	1.215836e-05	
3.109224e-01	2.523305e-05	
3.438995e-01	1.493011e-05	
2.804064e-01	7.563517e-06	
2.838740e-01	2.299139e-05	
3.061469e-01	1.893459e-05	
2.324529e-01	1.655997e-05	
3.522286e-01	7.052067e-06	
2.903037e-01	1.832354e-05	
3.173349e-01	1.083544e-05	
3.074419e-01	2.747126e-05	
2.828738e-01	3.432516e-05	
3.073524e-01	1.231408e-05	
2.545247e-01	1.375622e-05	
2.300576e-01	1.918776e-05	
3.057378e-01	1.729568e-06	
2.901628e-01	1.807888e-05	
2.974733e-01	2.797078e-05	
2.723356e-01	6.465220e-06	
3.072161e-01	2.413822e-05	
3.658070e-01	1.936027e-04	
