5.163696e-04	8.459899e-14	
3.846280e-04	1.382228e-13	
5.154245e-04	8.393286e-14	
4.022399e-04	4.326761e-12	
5.163696e-04	1.556533e-12	
4.579634e-04	1.835532e-12	
3.634658e-04	1.285305e-12	
5.163696e-04	5.941914e-12	
5.163696e-04	2.307154e-12	
4.887306e-04	3.866907e-12	
3.466878e-04	4.575229e-12	
3.579731e-04	3.721246e-12	
4.536547e-04	6.461498e-14	
5.163696e-04	2.142064e-12	
3.341247e-04	3.301137e-12	
4.363892e-04	6.245005e-12	
4.269538e-04	9.262147e-12	
5.163696e-04	1.508682e-12	
5.163696e-04	6.805667e-14	
5.163696e-04	5.316636e-12	
4.398335e-04	1.175600e-10	
5.163696e-04	2.370326e-13	
3.859956e-04	8.010814e-12	
3.339966e-04	1.143696e-11	
5.163696e-04	1.268874e-11	
5.031762e-04	1.390221e-12	
3.683964e-04	4.098943e-13	
5.163696e-04	3.238299e-12	
4.146812e-04	6.859824e-11	
5.163696e-04	1.250111e-12	
4.365315e-04	5.415890e-12	
5.163696e-04	1.011413e-12	
3.798046e-04	3.236678e-11	
5.163696e-04	8.792966e-14	
5.163696e-04	1.180500e-11	
3.986566e-04	1.237233e-12	
4.830492e-04	2.177369e-12	
4.359084e-04	2.260414e-13	
3.950083e-04	1.443290e-14	
5.163696e-04	2.187139e-14	
5.163696e-04	1.950806e-11	
5.163696e-04	8.623914e-13	
5.163696e-04	8.193216e-14	
5.163696e-04	1.745608e-13	
3.916382e-04	5.872829e-15	
5.163696e-04	7.247431e-14	
3.649787e-04	2.694153e-15	
4.515197e-04	2.610054e-16	
5.147127e-04	8.725564e-15	
5.031499e-04	0	
5.054602e-04	4.470030e-15	
5.163696e-04	2.716817e-15	
3.560926e-04	2.217823e-15	
5.016702e-04	9.733180e-16	
5.163696e-04	2.644747e-15	
5.163696e-04	4.511305e-16	
5.163696e-04	5.857018e-16	
4.454570e-04	1.005020e-15	
5.163696e-04	2.834493e-16	
4.729605e-04	5.632584e-16	
4.847895e-04	2.816292e-16	
5.163696e-04	1.275522e-15	
5.036132e-04	2.153615e-15	
3.809743e-04	1.317829e-15	
4.273898e-04	1.654145e-15	
3.736922e-04	1.555734e-16	
3.889639e-04	9.733180e-16	
5.163696e-04	3.412036e-16	
5.163696e-04	5.433634e-16	
3.834042e-04	3.109586e-15	
5.163696e-04	2.533420e-15	
5.163696e-04	3.257544e-15	
4.367322e-04	1.827038e-15	
5.163696e-04	1.197401e-15	
4.339386e-04	1.590899e-15	
3.613034e-04	1.740098e-15	
4.629544e-04	1.567485e-15	
5.163696e-04	1.480199e-14	
4.978874e-04	4.461187e-13	
5.163696e-04	3.568479e-11	
5.163696e-04	2.466916e-13	
5.163696e-04	1.803002e-13	
3.399699e-04	1.521006e-13	
3.490005e-04	1.304290e-12	
3.704816e-04	1.048051e-13	
3.840396e-04	1.680434e-12	
5.163696e-04	3.237410e-13	
5.163696e-04	7.475132e-12	
4.764466e-04	1.294564e-11	
5.163696e-04	9.190426e-13	
5.163696e-04	1.424283e-11	
4.003964e-04	5.447864e-12	
3.979245e-04	7.059908e-12	
4.433904e-04	1.664180e-11	
4.261137e-04	4.931144e-11	
5.163696e-04	2.677636e-12	
5.163696e-04	8.418821e-13	
3.520400e-04	1.515565e-11	
5.163696e-04	7.096101e-12	
5.163696e-04	5.705658e-12	
3.615362e-04	4.832801e-12	
4.354852e-04	1.335498e-10	
3.568962e-04	2.609091e-11	
5.163696e-04	2.122502e-11	
4.803111e-04	1.580114e-11	
5.163696e-04	7.831180e-11	
5.163696e-04	1.919864e-11	
5.163696e-04	7.161383e-12	
4.240872e-04	1.528400e-11	
5.163696e-04	1.141154e-11	
5.163696e-04	4.427658e-11	
3.550015e-04	1.524048e-11	
3.838351e-04	4.805534e-11	
3.577160e-04	1.103188e-10	
5.163696e-04	3.701039e-12	
3.569236e-04	7.649437e-13	
3.524462e-04	7.313039e-12	
4.694089e-04	2.367972e-11	
5.163696e-04	3.875789e-13	
5.163696e-04	3.509304e-12	
3.712567e-04	6.414869e-13	
5.163696e-04	3.266165e-12	
3.444096e-04	3.557155e-12	
4.955260e-04	1.763034e-13	
5.163696e-04	3.302913e-13	
4.826756e-04	4.731993e-12	
5.010861e-04	1.234457e-12	
3.906017e-04	5.222822e-12	
4.560109e-04	1.784795e-12	
3.862579e-04	6.727952e-14	
4.567409e-04	1.271316e-12	
5.163696e-04	3.500089e-12	
5.163696e-04	9.899637e-12	
5.163696e-04	1.642919e-11	
5.163696e-04	2.964196e-11	
5.163696e-04	8.072432e-13	
3.507203e-04	5.573431e-12	
5.163696e-04	1.402545e-12	
5.163696e-04	1.665335e-13	
5.163696e-04	3.245149e-11	
5.163696e-04	2.871980e-11	
5.163696e-04	1.427747e-11	
5.163696e-04	3.700029e-11	
5.163696e-04	3.519185e-12	
4.930570e-04	3.402345e-11	
5.163696e-04	4.591372e-11	
3.635510e-04	4.343415e-12	
5.163696e-04	5.223488e-12	
3.706944e-04	9.110601e-12	
5.163696e-04	5.734091e-11	
3.874008e-04	4.385936e-12	
4.740421e-04	1.473099e-11	
5.163696e-04	2.206679e-12	
5.134953e-04	2.380318e-12	
4.980606e-04	2.537970e-12	
5.163696e-04	1.086198e-11	
3.846280e-04	6.022483e-06	
4.622222e-04	6.467025e-07	
4.022399e-04	7.381333e-06	
4.796781e-04	2.542160e-05	
4.579634e-04	3.588913e-05	
3.290662e-04	1.250513e-05	
3.290662e-04	6.760842e-05	
3.439577e-04	8.752565e-05	
4.212302e-04	5.974242e-05	
2.738457e-04	7.083511e-05	
2.738457e-04	8.692059e-05	
4.536547e-04	1.002964e-04	
3.084689e-04	1.314523e-04	
3.341247e-04	1.191225e-05	
3.444339e-04	4.782430e-05	
3.444339e-04	3.603642e-05	
4.048867e-04	7.008649e-05	
2.777974e-04	2.704387e-05	
4.065367e-04	2.104920e-05	
4.071889e-04	2.217030e-05	
2.969371e-04	8.849941e-05	
3.859956e-04	2.084898e-05	
3.339966e-04	3.352547e-05	
2.849057e-04	1.577995e-04	
4.730857e-04	5.801935e-05	
3.683964e-04	3.466427e-05	
4.180698e-04	1.306214e-04	
4.146812e-04	5.041375e-06	
3.556660e-04	1.067491e-04	
4.365315e-04	2.858653e-05	
4.481522e-04	9.727051e-05	
2.865563e-04	1.600126e-05	
2.865563e-04	8.674403e-05	
3.882012e-04	4.621655e-05	
3.882012e-04	2.604155e-05	
4.272719e-04	2.635936e-05	
4.272719e-04	2.910300e-07	
3.950083e-04	1.381088e-05	
3.322393e-04	7.529506e-06	
4.622222e-04	1.365809e-05	
3.548284e-04	1.426148e-06	
2.732310e-04	2.830675e-05	
4.996869e-04	4.484856e-05	
3.933825e-04	5.189598e-05	
3.786004e-04	6.109589e-05	
2.893569e-04	5.804941e-05	
2.893569e-04	4.918322e-05	
5.238619e-04	3.367643e-05	
3.425271e-04	1.591245e-05	
3.397593e-04	5.748635e-05	
3.084689e-04	1.900158e-05	
3.358361e-04	4.636787e-05	
4.083365e-04	2.225415e-05	
3.475277e-04	1.679903e-05	
3.495425e-04	1.635461e-05	
2.777974e-04	1.369630e-05	
4.065367e-04	1.950697e-05	
2.464713e-04	2.246280e-05	
2.464713e-04	1.013081e-05	
3.559503e-04	2.271632e-05	
3.403090e-04	2.918959e-05	
2.849057e-04	9.963928e-05	
3.956224e-04	1.491658e-04	
3.956224e-04	1.057269e-04	
4.180698e-04	1.148113e-04	
4.696162e-04	1.087905e-04	
2.569566e-04	4.979346e-05	
2.569566e-04	3.049260e-05	
4.481522e-04	2.123052e-05	
4.237259e-04	1.522113e-05	
3.858434e-04	4.282716e-05	
4.979370e-04	3.630670e-05	
3.748908e-04	2.362932e-05	
3.600843e-04	1.995659e-05	
3.600843e-04	3.107839e-05	
4.765293e-04	1.931337e-05	
3.322393e-04	1.693352e-05	
4.664006e-04	1.128152e-05	
4.664006e-04	6.691631e-05	
2.732310e-04	3.629864e-05	
3.350321e-04	1.198399e-05	
5.301938e-04	1.186889e-05	
2.731204e-04	4.202511e-06	
2.731204e-04	1.760182e-05	
2.407390e-04	4.705773e-05	
2.407390e-04	2.046519e-05	
3.151622e-04	2.573945e-05	
3.151622e-04	1.750501e-05	
3.828132e-04	5.366665e-05	
3.828132e-04	2.352008e-05	
4.303448e-04	5.939494e-05	
3.348594e-04	7.362041e-06	
3.348594e-04	1.142093e-05	
5.181004e-04	5.005459e-05	
4.521472e-04	9.643219e-06	
2.967953e-04	4.671566e-05	
2.967953e-04	1.074598e-05	
3.559503e-04	4.379038e-05	
5.214605e-04	3.928411e-05	
2.769717e-04	1.467388e-05	
2.769717e-04	3.411975e-05	
5.972016e-04	1.271939e-05	
2.566655e-04	5.220291e-07	
2.566655e-04	8.442220e-06	
2.877843e-04	3.496574e-06	
2.877843e-04	1.949548e-06	
4.599802e-04	5.470424e-05	
2.412234e-04	3.085627e-05	
2.412234e-04	1.279375e-05	
4.120951e-04	2.790259e-05	
5.389956e-04	5.431766e-06	
5.921058e-04	9.864847e-06	
5.054589e-04	4.110419e-05	
3.712567e-04	3.287213e-06	
3.490005e-04	4.802419e-05	
3.784023e-04	2.070956e-05	
2.570212e-04	6.332176e-06	
2.570212e-04	2.691951e-05	
4.877847e-04	7.144535e-05	
3.733305e-04	1.799096e-05	
3.733305e-04	5.946422e-06	
3.248159e-04	8.463146e-05	
3.017562e-04	3.349028e-05	
3.420665e-04	1.945541e-05	
5.028560e-04	1.911737e-05	
3.393946e-04	1.882158e-05	
2.723640e-04	5.469056e-05	
2.723640e-04	3.656951e-05	
2.681196e-04	1.632177e-06	
2.681196e-04	2.068841e-06	
3.789204e-04	1.080567e-04	
3.789204e-04	1.549627e-04	
2.951057e-04	7.756573e-05	
3.252048e-04	9.730218e-05	
3.238672e-04	9.824050e-05	
3.431719e-04	4.580258e-06	
3.431719e-04	4.932859e-05	
3.137238e-04	3.331527e-05	
3.137238e-04	5.792087e-05	
3.788517e-04	7.746429e-06	
3.464274e-04	1.079487e-05	
2.782000e-04	6.226806e-06	
3.537318e-04	7.784626e-06	
4.138481e-04	1.669036e-05	
3.674387e-04	3.212803e-05	
4.118819e-04	2.768339e-05	
2.155663e-04	3.390335e-05	
4.120951e-04	6.629361e-07	
3.361295e-04	1.091609e-05	
2.383842e-04	7.885526e-05	
2.557499e-04	1.021259e-04	
2.557499e-04	9.495401e-05	
3.704816e-04	7.494644e-05	
3.595619e-04	1.543006e-05	
3.595619e-04	1.053222e-06	
2.626150e-04	4.861205e-05	
3.512429e-04	1.931111e-05	
4.294638e-04	3.561042e-05	
3.934391e-04	5.466809e-05	
4.566851e-04	2.469706e-05	
3.017562e-04	1.479054e-05	
3.512268e-04	5.497843e-06	
5.205433e-04	2.425099e-05	
3.393946e-04	7.630895e-06	
4.261527e-04	7.975288e-06	
5.036854e-04	3.098760e-05	
3.944730e-04	3.356441e-05	
2.021446e-04	4.468524e-05	
2.021446e-04	7.611489e-05	
5.043907e-04	8.770384e-05	
2.951057e-04	9.472945e-05	
3.361548e-04	7.752755e-05	
4.095567e-04	6.976447e-05	
3.802179e-04	4.807086e-05	
4.305808e-04	2.861319e-05	
3.040242e-04	6.117536e-05	
3.260802e-04	5.425110e-05	
3.516638e-04	2.048041e-05	
3.516638e-04	4.174608e-05	
3.418637e-04	4.182345e-05	
3.418637e-04	1.757203e-05	
4.860453e-04	1.608258e-05	
3.674387e-04	3.666108e-05	
4.891312e-04	5.016517e-06	
2.155663e-04	8.601588e-06	
3.070634e-04	4.489724e-06	
3.361295e-04	5.760944e-06	
2.383842e-04	7.978781e-05	
5.083385e-04	8.917770e-05	
3.444096e-04	1.214718e-05	
3.292323e-04	8.807180e-05	
4.232319e-04	7.177633e-06	
4.177524e-04	8.841333e-05	
3.421383e-04	2.828173e-05	
3.421383e-04	4.055928e-05	
4.148374e-04	2.208450e-05	
4.734357e-04	3.421062e-05	
4.484115e-04	1.692839e-05	
4.276129e-04	1.510691e-05	
3.512268e-04	5.468988e-05	
2.391272e-04	9.484240e-06	
2.391272e-04	1.295155e-05	
4.261527e-04	4.758492e-05	
4.918955e-04	8.020471e-06	
3.085425e-04	5.097425e-05	
3.085425e-04	3.998814e-05	
4.523077e-04	3.686603e-05	
3.716302e-04	6.208171e-05	
3.716302e-04	5.979355e-05	
4.418948e-04	5.663435e-05	
4.095567e-04	4.352667e-05	
3.366234e-04	4.224739e-05	
3.366234e-04	1.844828e-05	
2.028583e-04	4.783700e-05	
2.028583e-04	5.883603e-05	
2.743497e-04	3.969431e-05	
2.743497e-04	5.815957e-05	
4.468956e-04	7.690951e-05	
4.704864e-04	2.040661e-05	
4.371225e-04	7.891848e-06	
4.371225e-04	2.684325e-05	
3.939313e-04	3.609594e-05	
5.036908e-04	1.143870e-05	
3.394052e-04	2.975499e-05	
3.394052e-04	4.536610e-05	
2.887926e-04	9.737377e-05	
2.887926e-04	1.122886e-04	
3.580087e-04	5.077432e-05	
3.292323e-04	1.273130e-04	
3.361433e-04	5.903704e-05	
3.361433e-04	6.569313e-05	
3.181763e-04	1.497738e-05	
4.119423e-04	2.157051e-05	
4.161430e-04	6.056185e-05	
4.064014e-04	6.873872e-05	
2.171340e-04	2.426403e-05	
2.171340e-04	2.505951e-05	
2.800285e-04	1.934835e-05	
5.522888e-04	1.111363e-05	
4.196287e-04	5.384132e-05	
4.706171e-04	4.126589e-05	
3.578928e-04	3.512132e-05	
4.154753e-04	7.488444e-05	
4.111792e-04	6.799515e-05	
4.294612e-04	5.952709e-05	
4.294612e-04	4.712077e-05	
3.263327e-04	1.042701e-04	
3.263327e-04	8.974400e-05	
4.258837e-04	6.272676e-05	
4.258837e-04	3.175971e-05	
3.668107e-04	5.962053e-05	
4.697276e-04	5.420246e-05	
3.505617e-04	5.968603e-05	
2.188719e-04	2.980758e-05	
2.822794e-04	5.998499e-05	
5.780913e-04	5.571164e-05	
3.403753e-04	5.775982e-05	
3.376172e-04	1.974215e-05	
3.758533e-04	4.243871e-05	
2.929403e-04	1.296113e-06	
2.929403e-04	3.531688e-05	
2.813847e-04	5.384599e-05	
2.813847e-04	8.512775e-05	
4.439769e-04	6.779966e-05	
3.096756e-04	5.724286e-05	
3.096756e-04	9.621263e-05	
5.399785e-04	6.426702e-05	
4.172451e-04	7.530493e-05	
4.730730e-04	8.882880e-05	
3.181763e-04	2.034906e-05	
4.567347e-04	5.856827e-05	
3.387258e-04	7.394961e-05	
3.387258e-04	4.858454e-05	
5.238342e-04	6.735901e-06	
2.032400e-04	4.120521e-05	
2.032400e-04	2.575838e-05	
3.053571e-04	7.250049e-07	
4.196287e-04	3.616823e-05	
4.794261e-04	1.460817e-05	
3.578928e-04	4.510858e-05	
4.153865e-04	5.125772e-05	
5.325652e-04	7.079381e-05	
5.184826e-04	3.581267e-05	
3.963745e-04	4.251745e-05	
3.450403e-04	9.450200e-05	
2.801531e-04	6.406761e-05	
4.973246e-04	7.664307e-05	
3.167668e-04	5.433757e-05	
3.167668e-04	8.342005e-05	
4.417728e-04	1.119735e-04	
3.742226e-04	3.754303e-05	
2.188719e-04	3.414045e-05	
2.822794e-04	4.393695e-05	
3.432891e-04	9.149143e-06	
2.876476e-04	5.948789e-05	
2.876476e-04	4.496458e-05	
3.392797e-04	2.475137e-05	
3.392797e-04	2.808658e-05	
2.775771e-04	5.214751e-05	
2.775771e-04	3.657502e-05	
3.276021e-04	5.390067e-05	
3.276021e-04	9.698635e-05	
3.400308e-04	1.014258e-04	
4.826756e-04	7.082834e-05	
4.764466e-04	2.829275e-05	
3.361699e-04	6.360592e-05	
4.356616e-04	8.412765e-05	
4.862598e-04	4.436542e-05	
2.792930e-04	8.231594e-05	
2.792930e-04	6.817445e-05	
3.219705e-04	5.351971e-05	
3.219705e-04	2.285349e-05	
5.224007e-04	4.755446e-05	
5.090277e-04	4.860762e-05	
3.053571e-04	6.064199e-05	
2.514175e-04	1.169473e-05	
2.514175e-04	1.133635e-05	
3.976680e-04	6.407181e-05	
2.462691e-04	4.463848e-05	
2.846222e-04	5.019678e-05	
2.846222e-04	4.231623e-05	
2.600380e-04	5.731870e-05	
2.600380e-04	4.245723e-05	
2.801531e-04	8.021746e-05	
2.572962e-04	3.815260e-05	
2.538174e-04	6.429000e-05	
5.201111e-04	1.024661e-04	
3.243110e-04	7.963523e-05	
2.788439e-04	7.523347e-05	
3.128247e-04	7.558318e-05	
3.218140e-04	6.791543e-05	
3.218140e-04	7.628091e-05	
3.154649e-04	7.839828e-05	
2.282770e-04	4.596578e-05	
2.671173e-04	2.653725e-05	
2.671173e-04	3.303346e-05	
4.423105e-04	4.652320e-05	
3.499165e-04	1.022727e-05	
4.173011e-04	6.077260e-05	
3.471515e-04	5.387278e-05	
3.400308e-04	7.220114e-05	
4.009595e-04	9.770154e-05	
3.337204e-04	1.726761e-04	
3.337204e-04	1.466186e-04	
3.383354e-04	1.348955e-04	
3.293176e-04	8.777203e-05	
3.293176e-04	9.557460e-05	
3.716729e-04	1.268166e-04	
3.716729e-04	1.081194e-04	
2.537758e-04	8.627465e-05	
2.604632e-04	5.944205e-05	
2.221451e-04	6.156254e-05	
4.162152e-04	9.450334e-05	
3.213869e-04	4.854357e-05	
2.433840e-04	6.410790e-05	
5.514275e-04	4.059309e-05	
2.462691e-04	7.185953e-05	
3.531700e-04	3.262223e-05	
3.531700e-04	7.484605e-05	
2.441485e-04	5.950472e-05	
3.480885e-04	8.262582e-05	
2.986493e-04	7.790060e-05	
2.372112e-04	8.655265e-05	
2.372112e-04	9.638844e-05	
2.948982e-04	5.352011e-05	
2.935171e-04	6.423713e-05	
2.788439e-04	7.404905e-05	
3.128247e-04	6.577697e-05	
3.661629e-04	4.568677e-05	
2.478952e-04	7.525279e-05	
2.478952e-04	5.771215e-05	
2.282770e-04	4.193586e-05	
3.726699e-04	2.783857e-05	
5.386458e-04	5.316753e-05	
4.051110e-04	7.173322e-05	
4.051110e-04	7.989116e-05	
3.235360e-04	6.173803e-05	
3.917610e-04	6.914459e-05	
3.917610e-04	3.831265e-05	
3.240896e-04	9.030410e-05	
3.050081e-04	2.159750e-04	
3.389375e-04	2.256775e-04	
2.636432e-04	1.457152e-04	
2.636432e-04	6.437770e-05	
4.658409e-04	9.660412e-05	
4.375840e-04	3.418177e-05	
4.166115e-04	5.895017e-05	
2.537758e-04	7.780863e-05	
2.604632e-04	4.154134e-05	
2.221451e-04	7.146102e-05	
4.478459e-04	5.170983e-05	
3.261378e-04	6.571986e-05	
2.433840e-04	7.930031e-05	
3.404640e-04	7.318585e-05	
4.086072e-04	7.126526e-05	
2.541102e-04	7.107394e-05	
2.541102e-04	4.565526e-05	
2.441485e-04	6.815614e-05	
4.122598e-04	5.408884e-05	
2.986493e-04	6.066119e-05	
4.504941e-04	7.328604e-05	
4.504941e-04	7.286969e-05	
2.948982e-04	6.613811e-05	
4.810785e-04	5.832917e-05	
4.626489e-04	6.125256e-05	
4.375543e-04	4.660309e-05	
3.661629e-04	4.780227e-05	
4.463794e-04	5.537925e-05	
4.502598e-04	3.781414e-05	
3.182760e-04	4.694991e-05	
3.182760e-04	3.375525e-05	
2.513884e-04	2.379645e-05	
3.750332e-04	6.347248e-05	
3.854854e-04	4.782063e-05	
3.235360e-04	1.156126e-04	
4.712028e-04	1.052052e-04	
3.402464e-04	1.138530e-04	
3.240896e-04	1.291528e-04	
3.050081e-04	8.870366e-05	
2.586424e-04	1.814083e-04	
2.586424e-04	9.508970e-05	
2.921474e-04	1.060818e-04	
3.490875e-04	6.535275e-05	
4.232496e-04	4.977732e-05	
4.166115e-04	6.160677e-05	
3.920911e-04	1.061523e-04	
3.276477e-04	1.154025e-04	
3.873857e-04	8.623167e-05	
4.574738e-04	8.857356e-05	
3.261378e-04	9.257552e-05	
5.117133e-04	9.476017e-05	
3.245867e-04	7.919471e-05	
3.245867e-04	7.025853e-05	
2.974661e-04	8.078316e-05	
2.924227e-04	7.456330e-05	
2.254057e-04	6.956612e-05	
4.567109e-04	9.046227e-05	
4.012960e-04	6.097505e-05	
5.281540e-04	8.151637e-05	
3.442553e-04	7.139107e-05	
3.442553e-04	6.784805e-05	
4.810785e-04	8.841112e-05	
4.937779e-04	9.502439e-05	
2.433899e-04	4.835060e-05	
2.433899e-04	6.126730e-05	
4.463794e-04	7.067849e-05	
2.127888e-04	5.195375e-05	
3.768963e-04	8.965004e-05	
3.825788e-04	4.490821e-05	
2.513884e-04	5.086834e-05	
3.750332e-04	6.322426e-05	
3.857667e-04	4.320735e-05	
4.375508e-04	7.882443e-05	
4.375508e-04	1.193062e-04	
3.402464e-04	1.141261e-04	
3.617790e-04	1.022245e-04	
3.979245e-04	9.915701e-05	
2.632985e-04	6.882063e-05	
5.257597e-04	1.651973e-04	
3.903842e-04	7.484767e-05	
3.552780e-04	7.893304e-05	
5.168876e-04	8.573478e-05	
3.928670e-04	1.177347e-04	
3.920911e-04	9.896249e-05	
3.276477e-04	8.428705e-05	
2.847354e-04	7.134358e-05	
2.847354e-04	8.141362e-05	
4.082308e-04	1.016791e-04	
4.858982e-04	1.115604e-04	
3.792801e-04	1.031634e-04	
4.329911e-04	1.041377e-04	
3.304379e-04	9.234528e-05	
2.924227e-04	1.023329e-04	
2.254057e-04	8.966470e-05	
3.834273e-04	5.737818e-05	
3.596092e-04	7.822288e-05	
3.596092e-04	4.602339e-05	
4.347307e-04	5.217053e-05	
3.920085e-04	6.639689e-05	
4.857906e-04	5.664816e-05	
4.937779e-04	8.424309e-05	
4.173444e-04	7.010633e-05	
3.591335e-04	4.335747e-05	
3.853364e-04	5.823360e-05	
2.127888e-04	4.870479e-05	
2.163612e-04	7.811006e-05	
2.163612e-04	7.737383e-05	
3.612022e-04	5.783136e-05	
2.152363e-04	9.645062e-05	
2.152363e-04	6.917009e-05	
5.718995e-04	9.215109e-05	
3.583496e-04	8.324582e-05	
4.529190e-04	1.532534e-04	
3.617790e-04	1.360216e-04	
4.433904e-04	1.726640e-04	
2.632985e-04	1.300366e-04	
3.565900e-04	1.061898e-04	
5.508617e-04	3.939020e-05	
3.336706e-04	8.115448e-05	
2.794526e-04	1.013904e-04	
2.794526e-04	6.982189e-05	
4.447455e-04	7.844369e-05	
4.447455e-04	7.280107e-05	
5.214724e-04	7.926499e-05	
5.859931e-04	9.633718e-05	
4.082308e-04	1.301823e-04	
3.966294e-04	9.531799e-05	
3.792801e-04	1.000950e-04	
4.542135e-04	1.023688e-04	
2.582678e-04	1.079322e-04	
2.582678e-04	1.067675e-04	
3.539704e-04	8.049145e-05	
2.599464e-04	7.938293e-05	
2.599464e-04	9.116610e-05	
4.349441e-04	5.693569e-05	
5.559997e-04	6.650414e-05	
5.399531e-04	7.998775e-05	
4.618882e-04	6.356961e-05	
2.816103e-04	7.294041e-05	
4.024831e-04	7.890373e-05	
3.591335e-04	6.668778e-05	
5.078791e-04	3.759923e-05	
5.159051e-04	4.513469e-05	
5.138858e-04	7.200839e-05	
3.972393e-04	5.085841e-05	
3.612022e-04	4.018769e-05	
4.504936e-04	1.003963e-04	
4.504936e-04	5.844141e-05	
3.757921e-04	5.765952e-05	
3.583496e-04	1.545637e-04	
4.870699e-04	2.580710e-04	
4.408293e-04	2.241195e-04	
4.261137e-04	1.133584e-04	
4.364744e-04	1.941923e-04	
3.968897e-04	1.257076e-04	
3.250670e-04	1.016919e-04	
3.336706e-04	6.641219e-05	
3.797019e-04	6.006138e-05	
3.857671e-04	6.550864e-05	
3.857671e-04	3.133726e-05	
4.657160e-04	9.084330e-05	
3.987791e-04	1.169587e-04	
2.695955e-04	9.274635e-05	
2.695955e-04	1.152137e-04	
4.150500e-04	9.683873e-05	
3.005231e-04	7.539644e-05	
3.005231e-04	8.832885e-05	
4.686586e-04	9.099816e-05	
4.868820e-04	9.834840e-05	
3.539704e-04	8.415474e-05	
3.297496e-04	8.234348e-05	
4.259894e-04	7.541267e-05	
4.176836e-04	7.516358e-05	
2.800202e-04	7.437337e-05	
2.649978e-04	7.330354e-05	
3.984955e-04	6.932241e-05	
2.816103e-04	8.222873e-05	
4.024831e-04	6.456055e-05	
3.626172e-04	6.113671e-05	
3.626172e-04	5.553065e-05	
4.581811e-04	4.304666e-05	
5.508670e-04	9.644101e-05	
2.197535e-04	7.257553e-05	
2.197535e-04	8.208873e-05	
2.722343e-04	7.858616e-05	
2.722343e-04	7.519211e-05	
3.757921e-04	1.308039e-04	
2.049700e-04	1.848857e-04	
3.739639e-04	2.443890e-04	
3.739639e-04	1.160590e-04	
2.393715e-04	2.862030e-04	
2.393715e-04	2.911817e-04	
2.399709e-04	1.253638e-04	
3.250670e-04	7.712367e-05	
2.285643e-04	4.795196e-05	
2.285643e-04	6.565448e-05	
6.134504e-04	5.006889e-05	
3.613767e-04	6.786274e-05	
2.988813e-04	1.005866e-04	
2.988813e-04	1.012776e-04	
3.508910e-04	9.032181e-05	
3.311383e-04	8.771817e-05	
4.150500e-04	9.827439e-05	
4.283164e-04	8.426700e-05	
3.568723e-04	7.174000e-05	
2.268619e-04	9.547999e-05	
2.268619e-04	8.657086e-05	
2.337138e-04	8.160915e-05	
2.337138e-04	9.071789e-05	
5.379817e-04	7.326957e-05	
2.362082e-04	6.994411e-05	
2.362082e-04	7.475764e-05	
2.649978e-04	6.318187e-05	
3.543124e-04	6.319126e-05	
4.292109e-04	7.715802e-05	
3.529066e-04	6.982539e-05	
3.063733e-04	9.036013e-05	
3.106723e-04	9.301753e-05	
3.117016e-04	6.841748e-05	
4.864479e-04	8.748086e-05	
3.167397e-04	9.806993e-05	
3.371276e-04	5.595572e-05	
3.371276e-04	9.319411e-05	
3.724598e-04	1.153973e-04	
4.791749e-04	1.174641e-04	
2.049700e-04	1.838629e-04	
3.040988e-04	2.234414e-04	
3.040988e-04	1.743346e-04	
3.142619e-04	2.607086e-04	
3.142619e-04	2.637549e-04	
2.399709e-04	8.537150e-05	
5.103934e-04	1.200267e-04	
4.787760e-04	6.201380e-05	
3.581449e-04	8.079901e-05	
3.183683e-04	5.616390e-05	
3.474527e-04	6.934489e-05	
3.474527e-04	5.896296e-05	
5.261310e-04	8.412530e-05	
3.508910e-04	8.724088e-05	
3.311383e-04	9.335351e-05	
3.221158e-04	6.058140e-05	
2.604547e-04	7.659618e-05	
3.568723e-04	6.668731e-05	
5.343522e-04	6.600465e-05	
2.963968e-04	5.516727e-05	
2.963968e-04	4.230615e-05	
4.614866e-04	7.651662e-05	
5.241148e-04	5.937319e-05	
3.592034e-04	8.502919e-05	
3.592034e-04	7.791735e-05	
3.785742e-04	6.932271e-05	
3.543124e-04	6.424445e-05	
3.133637e-04	6.589448e-05	
3.133637e-04	7.540334e-05	
3.063733e-04	7.861848e-05	
2.368331e-04	8.471296e-05	
2.368331e-04	8.497808e-05	
4.864479e-04	3.278026e-05	
2.361690e-04	1.015686e-04	
2.361690e-04	9.875259e-05	
4.113315e-04	8.108040e-05	
3.877631e-04	1.078417e-04	
3.877631e-04	9.819955e-05	
4.156843e-04	1.330519e-04	
3.311526e-04	2.026065e-04	
3.448649e-04	1.227057e-04	
3.301349e-04	1.252846e-04	
3.921656e-04	2.584728e-04	
2.784031e-04	1.664100e-04	
2.784031e-04	1.266705e-04	
5.086295e-04	6.872773e-05	
5.238262e-04	8.137443e-05	
3.183683e-04	8.268500e-05	
3.391537e-04	4.614261e-05	
4.330113e-04	7.514277e-05	
4.330113e-04	6.391603e-05	
3.988883e-04	1.062317e-04	
3.988883e-04	7.325192e-05	
2.273775e-04	7.248226e-05	
2.273775e-04	7.595440e-05	
5.743127e-04	4.241681e-05	
3.978093e-04	5.119941e-05	
3.426267e-04	5.374538e-05	
3.426267e-04	5.314283e-05	
5.159440e-04	6.590192e-05	
2.496235e-04	3.485373e-05	
2.496235e-04	5.287168e-05	
3.878368e-04	8.119399e-05	
3.122882e-04	8.097934e-05	
3.122882e-04	6.869711e-05	
3.038604e-04	5.457302e-05	
3.474016e-04	6.586200e-05	
3.474016e-04	7.740352e-05	
3.516941e-04	1.075053e-04	
3.654648e-04	4.883159e-05	
4.417333e-04	7.180303e-05	
5.038790e-04	8.862829e-05	
2.514923e-04	5.785454e-05	
2.514923e-04	8.335064e-05	
4.769822e-04	6.804883e-05	
4.665905e-04	1.198860e-04	
4.156843e-04	1.063431e-04	
4.585617e-04	2.110748e-04	
3.624796e-04	1.757495e-04	
5.003658e-04	3.029590e-04	
3.044037e-04	1.770755e-04	
3.044037e-04	1.206917e-04	
5.248995e-04	1.119000e-04	
3.827413e-04	7.438939e-05	
3.827413e-04	8.820885e-05	
5.395631e-04	1.072096e-04	
2.998276e-04	7.168995e-05	
2.998276e-04	8.069328e-05	
4.083476e-04	8.865250e-05	
4.178579e-04	6.660848e-05	
3.072323e-04	5.240960e-05	
4.853802e-04	7.536545e-05	
4.587060e-04	8.282444e-05	
2.943898e-04	4.486034e-05	
2.943898e-04	5.080388e-05	
3.272228e-04	7.344721e-05	
3.260260e-04	7.629430e-05	
5.700839e-04	6.721014e-05	
5.236908e-04	6.431339e-05	
4.943208e-04	6.571069e-05	
4.331090e-04	7.321487e-05	
3.729365e-04	6.437808e-05	
3.729365e-04	6.854291e-05	
3.038604e-04	4.588390e-05	
4.243264e-04	7.720130e-05	
3.772222e-04	7.735490e-05	
3.256694e-04	8.235126e-05	
3.256694e-04	7.181146e-05	
2.945454e-04	7.281041e-05	
4.519201e-04	1.097607e-04	
4.875778e-04	6.689876e-05	
5.118667e-04	3.817256e-05	
5.129672e-04	4.077194e-05	
2.459916e-04	3.152280e-05	
2.459916e-04	1.458781e-04	
3.628380e-04	1.429394e-04	
3.507203e-04	3.928664e-05	
4.146949e-04	4.009748e-04	
2.748995e-04	2.010094e-04	
2.508627e-04	1.713480e-04	
2.854126e-04	9.865206e-05	
3.291789e-04	3.954752e-05	
4.368817e-04	9.586193e-05	
5.700028e-04	9.968484e-05	
4.922434e-04	1.049692e-04	
2.724344e-04	9.320503e-05	
2.724344e-04	7.990560e-05	
5.383651e-04	4.226557e-05	
3.072323e-04	6.410000e-05	
2.834441e-04	7.537670e-05	
2.834441e-04	6.733961e-05	
3.183271e-04	5.063437e-05	
3.183271e-04	6.184411e-05	
2.268427e-04	5.367149e-05	
2.591819e-04	7.560429e-05	
3.773722e-04	5.264543e-05	
2.267918e-04	7.951321e-05	
3.269783e-04	8.043753e-05	
4.033249e-04	9.705553e-05	
3.609543e-04	7.748278e-05	
2.910011e-04	7.681611e-05	
2.910011e-04	6.802793e-05	
4.872458e-04	8.622047e-05	
4.715655e-04	1.064647e-04	
2.602993e-04	9.222192e-05	
2.714037e-04	7.537838e-05	
2.945454e-04	8.124190e-05	
2.920179e-04	5.910031e-05	
3.243646e-04	7.624039e-05	
3.840000e-04	5.264050e-05	
3.885396e-04	7.111546e-05	
3.885396e-04	5.958255e-05	
3.549867e-04	4.884248e-05	
3.549867e-04	1.632688e-04	
5.088771e-04	9.538588e-05	
3.615362e-04	2.592614e-04	
2.748995e-04	1.908623e-04	
2.508627e-04	8.719968e-05	
2.854126e-04	1.215621e-04	
3.291789e-04	7.185172e-05	
2.896455e-04	1.053699e-04	
2.591182e-04	5.777059e-05	
4.922434e-04	7.758440e-05	
3.498864e-04	9.184310e-05	
3.498864e-04	7.609870e-05	
4.230730e-04	4.362362e-05	
4.516099e-04	6.801220e-05	
2.057437e-04	7.545445e-05	
3.676698e-04	6.367403e-05	
3.882051e-04	5.311664e-05	
3.882051e-04	5.689506e-05	
2.268427e-04	5.814562e-05	
4.791418e-04	5.247122e-05	
3.773722e-04	5.382178e-05	
2.267918e-04	7.275609e-05	
4.018379e-04	7.673706e-05	
3.943429e-04	6.899184e-05	
3.609543e-04	7.398862e-05	
2.810011e-04	7.449935e-05	
2.810011e-04	8.431166e-05	
4.488285e-04	6.817400e-05	
4.310853e-04	8.874922e-05	
2.602993e-04	1.181739e-04	
3.051504e-04	7.004869e-05	
3.051504e-04	6.104022e-05	
2.920179e-04	7.101403e-05	
3.243646e-04	6.950071e-05	
3.654607e-04	6.630805e-05	
2.281533e-04	1.016975e-04	
2.281533e-04	8.471908e-05	
5.900968e-04	2.214308e-04	
2.529963e-04	1.428196e-04	
2.529963e-04	1.623485e-04	
4.354852e-04	2.315464e-04	
4.506345e-04	3.906150e-05	
4.327217e-04	1.796796e-04	
3.732980e-04	1.769556e-04	
3.377802e-04	1.689708e-04	
2.896455e-04	1.025002e-04	
2.591182e-04	8.075049e-05	
4.113374e-04	9.395319e-05	
3.921296e-04	1.009638e-04	
3.780096e-04	1.020629e-04	
2.868835e-04	6.633394e-05	
2.868835e-04	4.878000e-05	
2.057437e-04	9.188319e-05	
3.676698e-04	6.405975e-05	
3.968703e-04	6.384055e-05	
3.968703e-04	7.568493e-05	
3.609542e-04	7.348041e-05	
2.349627e-04	6.600499e-05	
4.233688e-04	6.096529e-05	
5.107030e-04	8.581880e-05	
4.838629e-04	7.577326e-05	
3.385194e-04	6.093285e-05	
3.385194e-04	5.256403e-05	
3.130021e-04	7.294354e-05	
4.500834e-04	8.533071e-05	
4.488285e-04	6.788348e-05	
4.079440e-04	7.638948e-05	
4.274703e-04	8.102857e-05	
3.476189e-04	8.923308e-05	
3.307601e-04	3.842128e-05	
3.307601e-04	9.324172e-05	
2.681414e-04	1.055360e-04	
3.654607e-04	1.031022e-04	
3.685435e-04	9.035114e-05	
4.261855e-04	5.941281e-05	
3.499992e-04	1.180215e-04	
3.499992e-04	1.849747e-04	
2.414496e-04	4.118770e-05	
3.568962e-04	2.259654e-04	
3.292007e-04	3.014035e-04	
3.292007e-04	1.710130e-04	
3.732980e-04	1.834739e-04	
4.039780e-04	1.319857e-04	
4.039780e-04	1.087438e-04	
4.852383e-04	1.078153e-04	
2.914052e-04	1.003092e-04	
3.921296e-04	8.951320e-05	
3.780096e-04	9.961154e-05	
2.009387e-04	6.278023e-05	
2.928925e-04	9.398896e-05	
3.280494e-04	9.721442e-05	
3.544564e-04	8.581093e-05	
3.544564e-04	6.890227e-05	
3.394903e-04	7.644290e-05	
3.394903e-04	5.842259e-05	
2.349627e-04	5.727563e-05	
2.618721e-04	4.806106e-05	
3.184172e-04	7.279903e-05	
3.184172e-04	7.379458e-05	
4.445468e-04	6.567949e-05	
3.599671e-04	6.444149e-05	
4.638908e-04	8.346964e-05	
5.160652e-04	7.921353e-05	
2.489742e-04	4.102963e-05	
3.831170e-04	7.604399e-05	
3.831170e-04	7.286003e-05	
2.916663e-04	6.303009e-05	
3.219563e-04	6.984832e-05	
4.111555e-04	5.359449e-05	
2.681414e-04	1.041750e-04	
3.726457e-04	5.855166e-05	
3.714077e-04	1.019474e-04	
3.319058e-04	1.229854e-04	
3.231679e-04	1.028383e-04	
3.595635e-04	4.628014e-05	
2.414496e-04	1.158467e-04	
4.159865e-04	4.764130e-04	
2.707238e-04	9.098745e-05	
3.103463e-04	1.833532e-04	
3.103463e-04	1.547510e-04	
3.900431e-04	8.998495e-05	
3.753118e-04	1.218515e-04	
3.753118e-04	1.226681e-04	
2.914052e-04	1.254369e-04	
3.646147e-04	5.175398e-05	
3.646147e-04	6.822913e-05	
2.009387e-04	7.133400e-05	
4.383802e-04	9.817487e-05	
3.280494e-04	1.000805e-04	
2.925745e-04	5.516980e-05	
3.539734e-04	8.284415e-05	
3.539734e-04	6.929213e-05	
2.839662e-04	6.917301e-05	
2.839662e-04	6.354140e-05	
4.458004e-04	7.596993e-05	
4.956920e-04	6.665292e-05	
3.945164e-04	7.794855e-05	
4.207173e-04	7.402810e-05	
3.028416e-04	5.965710e-05	
4.638908e-04	7.935015e-05	
5.093759e-04	7.001511e-05	
2.489742e-04	7.105206e-05	
3.596234e-04	5.349728e-05	
4.711139e-04	4.603671e-05	
2.916663e-04	6.228467e-05	
3.940705e-04	5.490957e-05	
4.504812e-04	5.054049e-05	
2.846719e-04	4.477609e-05	
3.220117e-04	7.227470e-05	
3.840873e-04	1.008155e-06	
3.319058e-04	8.331445e-05	
2.878114e-04	8.741053e-05	
2.878114e-04	7.598709e-05	
5.792810e-04	1.050525e-04	
4.159865e-04	2.305517e-04	
2.595241e-04	1.462593e-04	
2.595241e-04	8.430458e-05	
3.642864e-04	1.265427e-04	
3.900431e-04	1.605126e-04	
3.133575e-04	7.732127e-05	
3.133575e-04	1.418409e-04	
4.866474e-04	6.369224e-05	
3.977303e-04	9.023703e-05	
4.331728e-04	5.449578e-05	
2.607330e-04	9.876526e-05	
2.607330e-04	9.691929e-05	
3.179114e-04	7.148742e-05	
2.925745e-04	7.321297e-05	
3.663922e-04	6.329803e-05	
4.059526e-04	6.330331e-05	
4.635149e-04	5.975963e-05	
3.699535e-04	6.382479e-05	
3.694408e-04	6.098157e-05	
4.039744e-04	7.078566e-05	
3.638149e-04	7.428896e-05	
3.045533e-04	6.581212e-05	
3.028416e-04	7.468480e-05	
5.092636e-04	6.310822e-05	
4.849565e-04	6.242235e-05	
4.662606e-04	7.988458e-05	
2.672708e-04	6.211770e-05	
2.672708e-04	7.945634e-05	
2.020893e-04	5.154203e-05	
3.469924e-04	6.019084e-05	
3.469924e-04	4.232856e-05	
2.846719e-04	7.242149e-05	
3.164075e-04	1.507661e-05	
3.164075e-04	1.739731e-06	
2.470306e-04	8.186917e-05	
2.470306e-04	1.648670e-04	
3.441225e-04	2.156455e-05	
5.048861e-04	9.192744e-06	
4.210503e-04	1.916665e-04	
4.217898e-04	1.366840e-04	
3.769767e-04	1.562364e-04	
3.293555e-04	2.179239e-04	
4.106575e-04	7.613587e-05	
2.301806e-04	9.804348e-05	
2.301806e-04	1.305550e-04	
3.003414e-04	8.497817e-05	
3.003414e-04	7.393435e-05	
4.293983e-04	7.748922e-05	
3.216489e-04	8.082879e-05	
3.090249e-04	8.250696e-05	
3.179114e-04	9.953000e-05	
3.234965e-04	6.229607e-05	
3.234965e-04	8.108698e-05	
4.485186e-04	5.537377e-05	
3.837772e-04	5.070729e-05	
4.071630e-04	5.652207e-05	
3.694408e-04	6.107260e-05	
5.316299e-04	4.462518e-05	
3.638149e-04	5.369108e-05	
3.852929e-04	6.430311e-05	
4.220670e-04	6.405988e-05	
3.483225e-04	6.396933e-05	
3.483225e-04	7.574858e-05	
4.561727e-04	5.976177e-05	
3.359706e-04	9.100733e-05	
2.381421e-04	3.551097e-05	
2.020893e-04	6.191099e-05	
3.716237e-04	7.004773e-05	
2.997452e-04	5.976647e-05	
4.655246e-04	7.454850e-05	
3.602428e-04	9.626986e-05	
1.959428e-04	6.871231e-05	
5.901863e-04	1.654378e-04	
3.859618e-04	7.406788e-05	
3.441225e-04	1.039044e-05	
3.965769e-04	1.879489e-04	
3.066365e-04	2.973330e-04	
3.026294e-04	2.450717e-04	
2.226614e-04	1.811939e-04	
2.226614e-04	1.641504e-04	
3.562563e-04	8.310606e-05	
3.243858e-04	2.420066e-05	
3.488600e-04	1.346162e-04	
4.003799e-04	8.993397e-05	
4.003799e-04	1.111793e-04	
3.855962e-04	8.205592e-05	
3.216489e-04	6.096750e-05	
3.090249e-04	6.907313e-05	
3.310045e-04	5.174564e-05	
3.586146e-04	5.701790e-05	
2.463335e-04	5.892198e-05	
2.463335e-04	5.067482e-05	
3.837772e-04	5.095219e-05	
4.071630e-04	6.177228e-05	
2.265729e-04	5.703749e-05	
2.265729e-04	8.045136e-05	
5.167392e-04	5.766381e-05	
3.626667e-04	7.363071e-05	
3.626667e-04	6.225625e-05	
5.286921e-04	6.307973e-05	
3.442239e-04	6.432865e-05	
3.442239e-04	6.235644e-05	
2.705234e-04	6.379546e-05	
2.381421e-04	7.443976e-05	
3.815471e-04	3.599357e-05	
3.123578e-04	7.370945e-05	
2.997452e-04	8.452875e-05	
3.425343e-04	5.513919e-05	
3.590350e-04	6.376223e-05	
1.959428e-04	1.001231e-04	
3.957172e-04	1.694095e-06	
3.279506e-04	8.506858e-05	
2.816838e-04	6.856130e-05	
2.878855e-04	2.004428e-04	
2.723258e-04	3.456864e-04	
2.723258e-04	2.378113e-04	
3.278975e-04	7.674283e-05	
2.626386e-04	1.399197e-04	
4.485349e-04	8.063432e-05	
2.697264e-04	7.803284e-05	
2.460008e-04	1.002283e-04	
4.349347e-04	5.817160e-05	
3.894127e-04	9.167144e-05	
3.894127e-04	6.384489e-05	
3.721866e-04	4.361233e-05	
3.721866e-04	3.553955e-05	
3.310045e-04	4.967234e-05	
3.661782e-04	5.442565e-05	
3.661782e-04	4.510128e-05	
4.114723e-04	6.591880e-05	
4.531773e-04	6.125519e-05	
3.824948e-04	4.107685e-05	
3.824948e-04	6.193474e-05	
3.806607e-04	7.122428e-05	
3.090501e-04	8.764655e-05	
4.044868e-04	6.689916e-05	
4.664692e-04	6.997066e-05	
3.519523e-04	5.762771e-05	
5.116967e-04	7.242342e-05	
3.533360e-04	3.978509e-05	
3.031813e-04	6.215092e-05	
4.889338e-04	4.010334e-05	
2.476477e-04	5.282106e-05	
2.476477e-04	5.925020e-05	
2.923560e-04	4.990928e-05	
2.923560e-04	8.967694e-05	
4.372641e-04	7.814048e-05	
4.893027e-04	4.125455e-06	
3.957172e-04	3.554733e-05	
3.872913e-04	8.594184e-05	
2.816838e-04	9.873113e-05	
2.878855e-04	2.601315e-04	
3.352625e-04	1.150715e-04	
4.670862e-04	2.226937e-04	
3.424426e-04	1.306692e-04	
2.626386e-04	9.766837e-05	
5.202603e-04	5.188157e-05	
4.943008e-04	2.679449e-05	
2.460008e-04	9.021924e-05	
3.531144e-04	6.004615e-05	
4.503560e-04	5.364442e-05	
3.425213e-04	5.745685e-05	
3.425213e-04	7.327484e-05	
2.431591e-04	7.841485e-05	
3.970867e-04	8.227944e-05	
3.106654e-04	5.867343e-05	
3.790650e-04	6.031611e-05	
3.369889e-04	6.301089e-05	
4.531773e-04	5.272571e-05	
2.840733e-04	3.854218e-05	
2.840733e-04	4.982018e-05	
4.104767e-04	5.802545e-05	
3.090501e-04	6.323946e-05	
3.211840e-04	5.777152e-05	
3.448465e-04	4.413220e-05	
3.519523e-04	5.147902e-05	
5.155428e-04	4.072926e-05	
3.533360e-04	4.136317e-05	
3.742678e-04	5.531396e-05	
3.993789e-04	8.619526e-05	
5.471175e-04	8.642985e-05	
3.134824e-04	8.522800e-06	
3.134824e-04	4.059254e-05	
3.911285e-04	9.828876e-05	
4.318559e-04	5.865762e-05	
2.993213e-04	4.715428e-05	
2.413307e-04	9.199065e-05	
4.371106e-04	1.200666e-04	
5.307421e-04	1.304421e-04	
3.635510e-04	5.672510e-05	
3.352625e-04	2.997818e-04	
3.363799e-04	1.712353e-04	
3.125316e-04	3.032294e-05	
3.407974e-04	7.875102e-05	
3.407974e-04	3.894815e-05	
4.080405e-04	6.127610e-05	
4.080405e-04	9.514911e-05	
3.531144e-04	8.433120e-05	
3.677326e-04	6.082492e-05	
3.044118e-04	4.656433e-05	
5.881935e-04	5.991296e-05	
2.431591e-04	6.639295e-05	
4.208698e-04	4.539718e-05	
3.106654e-04	6.127106e-05	
3.893102e-04	3.512492e-05	
2.287692e-04	4.396011e-05	
2.287692e-04	3.063024e-05	
2.885849e-04	5.229501e-05	
3.248780e-04	6.320609e-05	
2.995690e-04	5.646255e-05	
2.995690e-04	4.607629e-05	
2.245079e-04	3.578497e-05	
3.069884e-04	5.339190e-05	
3.069884e-04	4.599235e-05	
3.361862e-04	4.739874e-05	
3.361862e-04	4.308584e-05	
3.175172e-04	4.473189e-05	
3.175172e-04	6.140844e-05	
2.222159e-04	3.066951e-05	
2.222159e-04	5.025028e-05	
3.088671e-04	7.501504e-05	
3.276854e-04	7.494699e-05	
3.276854e-04	4.224700e-05	
2.993213e-04	5.869908e-05	
2.413307e-04	1.203691e-04	
3.480473e-04	2.025736e-05	
3.480473e-04	5.100711e-05	
4.538298e-04	2.842453e-04	
2.842928e-04	2.845929e-04	
2.842928e-04	1.267653e-04	
3.125316e-04	6.351341e-05	
4.711606e-04	6.072228e-05	
4.721377e-04	1.005270e-04	
2.360448e-04	8.735085e-05	
3.570857e-04	7.734814e-05	
4.893710e-04	7.543094e-05	
3.871665e-04	9.786845e-05	
3.044118e-04	7.363883e-05	
2.074369e-04	5.351376e-05	
3.580632e-04	4.983731e-05	
3.111505e-04	3.644611e-05	
4.250935e-04	5.463725e-05	
4.197201e-04	5.575362e-05	
4.338539e-04	4.667158e-05	
2.638713e-04	3.476022e-05	
2.232488e-04	6.831785e-05	
2.232488e-04	7.814068e-05	
5.170512e-04	4.200425e-05	
4.684467e-04	3.276999e-05	
2.245079e-04	5.183622e-05	
2.770734e-04	3.795397e-05	
3.005361e-04	2.830119e-05	
3.005361e-04	2.866903e-05	
3.409597e-04	4.434701e-05	
4.563525e-04	3.976676e-05	
3.897897e-04	3.621528e-06	
3.298627e-04	4.893488e-05	
3.298627e-04	4.471920e-05	
3.088671e-04	7.430949e-05	
4.044049e-04	8.694302e-05	
3.172723e-04	3.537512e-05	
3.172723e-04	5.569516e-05	
5.270473e-04	1.049236e-04	
2.424508e-04	6.016320e-05	
3.343871e-04	1.210541e-04	
3.706944e-04	1.643601e-04	
3.550015e-04	2.861693e-04	
4.280200e-04	1.803884e-04	
4.697138e-04	1.416183e-04	
3.431075e-04	7.564461e-05	
3.011866e-04	7.087179e-05	
2.360448e-04	9.396725e-05	
3.421282e-04	6.170979e-05	
3.421282e-04	4.049965e-05	
5.453316e-04	5.939841e-05	
4.918117e-04	1.060094e-04	
2.074369e-04	6.300771e-05	
2.268130e-04	2.915078e-05	
2.268130e-04	3.599084e-05	
4.250935e-04	4.615129e-05	
4.197201e-04	4.595088e-05	
3.355020e-04	2.737473e-05	
2.638713e-04	4.218442e-05	
3.751392e-04	6.088742e-05	
4.905366e-04	5.517734e-05	
3.885900e-04	2.963102e-05	
3.900694e-04	4.339324e-05	
3.311163e-04	4.553766e-05	
3.311163e-04	5.804349e-05	
4.784283e-04	4.620112e-05	
5.333935e-04	4.676483e-05	
3.963533e-04	2.871902e-05	
2.859139e-04	1.553490e-05	
2.859139e-04	1.871450e-05	
3.719727e-04	6.448612e-05	
4.417495e-04	5.330044e-05	
4.573128e-04	3.792048e-05	
4.044049e-04	5.342518e-05	
4.012528e-04	6.826620e-05	
3.184158e-04	4.906861e-05	
2.095058e-04	8.908902e-05	
2.095058e-04	4.325254e-05	
3.343871e-04	1.207105e-04	
3.888256e-04	3.048061e-04	
3.760122e-04	3.506797e-04	
4.049072e-04	2.446442e-04	
4.049072e-04	1.676157e-04	
3.431075e-04	3.757567e-05	
3.679330e-04	9.779158e-05	
4.182079e-04	1.019690e-04	
3.682502e-04	7.378457e-05	
3.252727e-04	7.304000e-05	
2.288891e-04	6.147514e-05	
2.288891e-04	5.988504e-05	
6.038240e-04	5.456041e-05	
4.953518e-04	6.308369e-05	
4.953518e-04	7.653923e-05	
2.983828e-04	5.553296e-05	
2.983828e-04	5.486639e-05	
3.324582e-04	5.060475e-05	
4.505745e-04	7.831657e-05	
4.064681e-04	5.930128e-05	
3.221398e-04	3.422707e-05	
3.516133e-04	3.448767e-05	
3.516133e-04	2.711317e-05	
3.851632e-04	4.888854e-05	
3.782072e-04	4.694148e-05	
3.782072e-04	3.476836e-05	
4.251974e-04	3.547502e-05	
3.963533e-04	5.916030e-05	
3.954135e-04	3.006281e-05	
4.809021e-04	2.597487e-05	
5.063334e-04	4.283228e-05	
4.373483e-04	7.799700e-05	
4.373483e-04	6.477459e-05	
3.416806e-04	5.470531e-05	
4.060376e-04	4.524699e-05	
3.184158e-04	8.752237e-05	
3.089322e-04	7.986015e-05	
3.089322e-04	2.219154e-05	
5.433300e-04	1.060470e-04	
3.874008e-04	1.297741e-04	
3.577160e-04	1.740289e-04	
4.309316e-04	1.696886e-04	
4.309316e-04	1.004218e-04	
1.998936e-04	7.120477e-05	
1.998936e-04	5.424522e-05	
4.819416e-04	6.250186e-05	
4.899157e-04	6.333206e-05	
3.252727e-04	7.765962e-05	
3.344432e-04	5.828934e-05	
2.993994e-04	5.939790e-05	
4.718277e-04	7.364947e-05	
4.119551e-04	5.985347e-05	
4.119551e-04	5.963280e-05	
3.621635e-04	5.178743e-05	
3.328702e-04	4.343544e-05	
3.324582e-04	5.206364e-05	
4.064832e-04	4.505132e-05	
4.064681e-04	4.410239e-05	
3.221398e-04	4.385718e-05	
3.689715e-04	4.457564e-05	
2.449438e-04	4.358279e-05	
4.440781e-04	5.327823e-05	
2.528263e-04	6.760075e-05	
2.528263e-04	5.949709e-05	
5.114238e-04	6.156655e-05	
2.850443e-04	3.504692e-05	
2.850443e-04	4.266685e-05	
4.988187e-04	2.220566e-05	
3.151927e-04	4.202573e-05	
3.615515e-04	7.516376e-05	
3.615515e-04	7.771596e-05	
2.035648e-04	4.235203e-05	
2.035648e-04	4.759345e-05	
5.246829e-04	8.330582e-05	
4.219071e-04	2.555463e-05	
3.189943e-04	2.287235e-05	
3.718655e-04	5.949775e-05	
3.120365e-04	2.520700e-04	
3.592541e-04	3.035923e-04	
3.592541e-04	1.072102e-04	
4.577767e-04	1.689808e-04	
4.422048e-04	5.526151e-05	
4.422048e-04	1.030651e-04	
3.365312e-04	6.371923e-05	
3.365312e-04	7.963565e-05	
2.434688e-04	7.883151e-05	
2.434688e-04	5.026556e-05	
2.993994e-04	6.065865e-05	
3.355749e-04	4.576825e-05	
4.870615e-04	3.258323e-05	
3.579640e-04	3.984268e-05	
5.017589e-04	2.656613e-05	
2.947998e-04	3.418787e-05	
2.947998e-04	3.583824e-05	
2.386257e-04	1.725646e-05	
2.386257e-04	1.303615e-05	
3.804257e-04	6.289099e-05	
3.804257e-04	3.836187e-05	
2.449438e-04	4.925059e-05	
4.440781e-04	4.026800e-05	
5.471783e-04	5.178006e-05	
3.776707e-04	4.721553e-05	
3.776707e-04	3.508030e-05	
3.820973e-04	4.445528e-05	
3.820973e-04	3.546803e-05	
4.988187e-04	3.622644e-05	
3.151927e-04	4.073691e-05	
2.506661e-04	5.545469e-05	
3.066479e-04	4.425449e-05	
3.056301e-04	1.376897e-05	
5.484544e-04	1.259405e-05	
2.205276e-04	3.085635e-05	
2.205276e-04	7.329787e-05	
4.223637e-04	8.639488e-05	
3.718655e-04	1.474628e-04	
3.120365e-04	2.492484e-04	
3.569236e-04	1.792633e-04	
3.493006e-04	1.528161e-04	
3.493006e-04	4.947420e-05	
3.276955e-04	1.373266e-04	
2.613879e-04	8.559494e-05	
2.135482e-04	1.370520e-05	
3.546041e-04	4.051834e-05	
2.878194e-04	4.476892e-05	
2.128967e-04	3.799680e-05	
3.718908e-04	5.583830e-05	
3.718908e-04	1.770183e-05	
2.888325e-04	2.638582e-05	
2.888325e-04	4.585453e-05	
3.749906e-04	3.342596e-05	
3.749906e-04	5.957168e-05	
5.175080e-04	6.551170e-05	
2.998821e-04	4.171407e-05	
3.516857e-04	5.159554e-05	
5.662916e-04	3.799564e-05	
4.087477e-04	5.077360e-05	
2.956936e-04	3.647617e-05	
3.538505e-04	4.706594e-05	
4.018074e-04	1.672508e-05	
4.460895e-04	5.155218e-05	
3.467593e-04	1.314873e-05	
4.172061e-04	3.200345e-05	
3.993943e-04	5.025285e-05	
4.146830e-04	3.034958e-05	
5.117469e-04	4.624119e-05	
2.506661e-04	4.877131e-05	
4.037064e-04	1.428128e-05	
3.056301e-04	5.248679e-06	
3.497554e-04	3.338406e-05	
3.641846e-04	5.730521e-05	
3.956633e-04	4.484519e-05	
3.314811e-04	1.086526e-04	
4.676932e-04	1.213297e-04	
4.676932e-04	1.294248e-04	
3.524462e-04	2.040381e-04	
3.500836e-04	7.876939e-05	
2.764515e-04	8.548515e-06	
4.274390e-04	5.615556e-05	
2.613879e-04	6.035070e-05	
2.135482e-04	2.340874e-06	
3.649259e-04	9.481393e-06	
3.727659e-04	9.707947e-06	
2.128967e-04	2.796806e-05	
4.697180e-04	2.206868e-05	
4.559228e-04	3.647951e-05	
4.559228e-04	2.570461e-05	
3.949632e-04	5.142233e-05	
3.764261e-04	4.906271e-05	
3.735060e-04	5.682007e-05	
3.362765e-04	4.416888e-05	
2.998821e-04	6.092283e-05	
3.652060e-04	3.355257e-05	
4.074527e-04	3.691535e-05	
4.737398e-04	4.226540e-05	
2.956936e-04	5.046034e-05	
2.508160e-04	1.366253e-05	
2.508160e-04	2.369777e-05	
5.079618e-04	3.296169e-05	
2.482159e-04	4.296611e-05	
2.482159e-04	3.698570e-05	
2.416032e-04	3.478871e-05	
3.012584e-04	4.747831e-05	
4.501768e-04	4.701049e-05	
3.426004e-04	5.724477e-05	
3.730698e-04	5.474447e-05	
3.730698e-04	1.235104e-05	
3.786104e-04	3.457793e-05	
3.641846e-04	3.612569e-05	
3.956633e-04	6.544864e-05	
3.314811e-04	4.112447e-06	
3.506454e-04	6.025438e-05	
4.963712e-04	2.375911e-05	
4.536556e-04	1.969285e-04	
3.500836e-04	2.686471e-05	
2.764515e-04	2.114634e-05	
3.704748e-04	3.273742e-06	
5.288357e-04	2.116767e-05	
3.649787e-04	2.216984e-05	
3.287277e-04	4.014173e-05	
3.287277e-04	3.263701e-05	
3.679579e-04	3.122486e-05	
3.679579e-04	3.097213e-05	
5.134768e-04	2.636831e-05	
2.264890e-04	2.207090e-05	
2.264890e-04	2.359247e-05	
3.764261e-04	3.575776e-05	
3.735060e-04	1.734829e-05	
2.738422e-04	3.064549e-05	
2.738422e-04	1.726454e-05	
3.652060e-04	2.408190e-05	
4.729605e-04	1.213569e-05	
2.974616e-04	2.236003e-05	
2.974616e-04	2.454319e-05	
2.903656e-04	2.422779e-05	
2.903656e-04	1.996761e-05	
4.273898e-04	3.286563e-05	
3.736922e-04	2.680955e-05	
3.889639e-04	1.240394e-05	
2.416032e-04	3.615634e-05	
3.556036e-04	3.127165e-05	
3.556036e-04	1.163669e-06	
3.426004e-04	3.490785e-05	
3.108259e-04	4.800972e-05	
3.108259e-04	4.045031e-05	
2.481379e-04	2.948097e-05	
2.481379e-04	3.924947e-05	
3.026673e-04	2.395833e-05	
3.026673e-04	6.479948e-05	
3.441961e-04	6.203939e-05	
3.441961e-04	1.895428e-04	
