5.163696e-04	3.483880e-13	
4.702042e-04	7.593925e-13	
4.458780e-04	1.189715e-12	
5.163696e-04	6.358247e-13	
4.970573e-04	2.104872e-12	
3.705123e-04	1.158562e-11	
5.163696e-04	7.517320e-13	
5.163696e-04	2.915224e-12	
5.163696e-04	1.232570e-12	
4.272822e-04	1.638600e-11	
4.598835e-04	5.240253e-13	
5.163696e-04	6.051382e-12	
5.163696e-04	5.119016e-12	
5.163696e-04	2.253753e-12	
5.163696e-04	3.490319e-12	
5.163696e-04	5.727419e-12	
4.795244e-04	3.419709e-12	
5.163696e-04	3.401945e-12	
3.895412e-04	3.919864e-12	
5.163696e-04	4.392042e-12	
3.830573e-04	2.346345e-12	
5.163696e-04	9.467427e-12	
5.163696e-04	7.196466e-13	
3.949969e-04	9.438672e-12	
5.163696e-04	8.565371e-12	
3.362040e-04	3.363576e-11	
5.080826e-04	2.884359e-13	
4.205899e-04	1.701550e-11	
5.163696e-04	3.634870e-13	
4.147489e-04	1.445510e-12	
3.942110e-04	4.678236e-11	
5.163696e-04	5.039080e-12	
5.144225e-04	3.926193e-12	
4.817838e-04	7.520651e-13	
4.517062e-04	4.689582e-13	
4.822261e-04	5.138112e-13	
5.163696e-04	2.021716e-13	
5.163696e-04	2.857714e-13	
3.881024e-04	1.554312e-15	
5.163696e-04	4.130030e-14	
5.163696e-04	6.099699e-11	
4.389521e-04	3.154248e-12	
5.163696e-04	4.440598e-14	
3.722342e-04	4.702454e-15	
5.163696e-04	1.239820e-13	
4.300395e-04	7.600964e-15	
5.163696e-04	2.619316e-14	
5.163696e-04	2.335999e-14	
5.163696e-04	8.260200e-15	
5.163696e-04	6.122432e-15	
5.163696e-04	1.049485e-14	
4.085815e-04	2.173454e-15	
4.531806e-04	3.923841e-15	
4.795475e-04	6.488787e-16	
5.163696e-04	4.667201e-16	
3.834554e-04	1.052638e-15	
5.163696e-04	4.099912e-15	
3.533246e-04	1.435743e-15	
5.163696e-04	1.700696e-15	
5.163696e-04	5.632584e-16	
3.519404e-04	2.816292e-16	
4.742130e-04	0	
5.163696e-04	8.614461e-16	
3.798139e-04	1.024978e-15	
3.334419e-04	1.503768e-16	
3.791317e-04	7.778668e-16	
5.163696e-04	2.108856e-15	
3.659390e-04	0	
5.163696e-04	2.173454e-15	
5.163696e-04	9.717456e-16	
3.440737e-04	1.266710e-15	
5.163696e-04	1.512431e-15	
4.777862e-04	1.305027e-16	
4.825744e-04	1.197401e-15	
5.163696e-04	1.944433e-15	
4.491465e-04	0	
5.163696e-04	1.567485e-15	
4.767943e-04	4.795012e-15	
3.946424e-04	5.988829e-13	
5.163696e-04	8.146483e-12	
5.163696e-04	3.963496e-13	
5.163696e-04	8.029133e-13	
5.163696e-04	2.815526e-13	
3.589992e-04	2.616241e-11	
4.899206e-04	6.805667e-13	
4.753655e-04	1.378009e-12	
5.163696e-04	4.852785e-13	
4.132200e-04	1.108302e-11	
5.163696e-04	1.058043e-13	
5.163696e-04	3.145040e-12	
5.163696e-04	3.817169e-12	
3.513815e-04	5.788747e-11	
5.163696e-04	4.607426e-14	
5.012139e-04	7.472911e-13	
3.330180e-04	4.749201e-12	
5.163696e-04	2.636369e-11	
4.773782e-04	1.968925e-11	
4.154067e-04	3.610112e-12	
5.163696e-04	5.802070e-11	
5.163696e-04	5.652034e-12	
4.869571e-04	7.897016e-13	
5.163696e-04	6.480372e-12	
4.808906e-04	4.412026e-13	
5.163696e-04	2.286171e-11	
5.095436e-04	6.341594e-12	
4.106168e-04	1.975264e-11	
3.766424e-04	2.425238e-11	
5.163696e-04	1.772504e-11	
4.036344e-04	6.877166e-12	
4.922488e-04	1.207012e-11	
4.861735e-04	1.515843e-11	
5.163696e-04	1.089262e-11	
5.118070e-04	2.492127e-10	
5.163696e-04	3.045897e-11	
4.666755e-04	1.217493e-11	
3.875438e-04	4.305734e-11	
5.163696e-04	1.163347e-11	
4.345503e-04	1.225897e-11	
4.745083e-04	3.451683e-13	
5.163696e-04	2.435829e-13	
3.546884e-04	5.484502e-13	
4.388699e-04	1.232348e-13	
5.163696e-04	2.302603e-13	
4.500446e-04	9.049428e-13	
4.344193e-04	3.147038e-12	
5.163696e-04	1.026956e-11	
5.163696e-04	6.648682e-12	
5.163696e-04	5.662137e-14	
5.163696e-04	3.844480e-12	
3.611611e-04	6.889589e-11	
5.163696e-04	3.565814e-12	
4.428986e-04	9.553691e-12	
5.163696e-04	2.339351e-12	
5.163696e-04	1.933564e-12	
5.163696e-04	1.805334e-11	
4.663071e-04	1.279887e-11	
5.163696e-04	2.482015e-12	
4.218307e-04	1.275917e-10	
4.205993e-04	1.003220e-11	
5.163696e-04	1.748601e-11	
5.163696e-04	1.436106e-10	
5.163696e-04	5.550005e-12	
3.342280e-04	2.213785e-13	
5.163696e-04	8.462919e-11	
5.163696e-04	1.059108e-11	
5.025870e-04	3.971268e-12	
5.163696e-04	2.403167e-11	
5.163696e-04	1.027003e-10	
5.163696e-04	5.926126e-11	
3.527265e-04	9.130030e-12	
5.163696e-04	6.981749e-12	
5.163696e-04	1.109557e-11	
3.619894e-04	7.795986e-13	
4.078617e-04	3.767986e-12	
5.163696e-04	6.825651e-13	
5.163696e-04	3.099521e-12	
2.471103e-04	1.242113e-05	
2.471103e-04	4.176573e-06	
4.374584e-04	7.089512e-06	
4.558238e-04	1.313438e-05	
3.705123e-04	1.654929e-05	
3.310189e-04	4.083533e-05	
3.559650e-04	4.108351e-05	
4.227708e-04	9.261939e-05	
4.272822e-04	4.851050e-05	
4.598835e-04	3.354570e-05	
2.049328e-04	8.372452e-05	
4.040117e-04	1.354619e-05	
4.753351e-04	8.214428e-05	
3.664970e-04	1.016869e-04	
2.172040e-04	1.051596e-04	
4.165193e-04	1.813413e-05	
2.825089e-04	5.895952e-05	
3.895412e-04	2.382557e-06	
3.182756e-04	9.695459e-05	
3.830573e-04	2.990671e-05	
3.789686e-04	8.538973e-05	
4.205327e-04	8.272664e-05	
3.949969e-04	1.866326e-05	
4.387911e-04	1.324629e-04	
3.362040e-04	1.287533e-05	
4.166642e-04	7.660124e-05	
4.205899e-04	5.998905e-06	
3.555547e-04	1.376987e-04	
3.750202e-04	4.086279e-05	
3.942110e-04	1.504116e-05	
5.151260e-04	1.224479e-04	
5.144225e-04	3.119254e-05	
2.019024e-04	3.191914e-06	
2.019024e-04	5.154962e-06	
4.822261e-04	2.915935e-06	
3.836799e-04	8.238934e-06	
3.836799e-04	1.816181e-05	
3.881024e-04	1.697971e-05	
4.439011e-04	1.697481e-05	
2.881315e-04	3.825129e-05	
2.881315e-04	9.710364e-06	
5.187978e-04	1.958462e-06	
4.539613e-04	1.393673e-05	
3.310189e-04	4.342571e-06	
4.225061e-04	4.525750e-05	
4.227708e-04	2.674307e-05	
3.195019e-04	1.094240e-05	
3.195019e-04	8.115531e-05	
2.049328e-04	5.224602e-05	
4.040117e-04	6.016251e-05	
3.068844e-04	8.400264e-05	
3.068844e-04	1.027755e-04	
2.172040e-04	1.192623e-04	
4.611701e-04	1.103279e-04	
2.825089e-04	9.534086e-05	
3.718333e-04	9.977759e-05	
3.182756e-04	8.498074e-05	
4.746528e-04	6.837274e-05	
3.609120e-04	4.630152e-05	
3.602088e-04	8.353373e-06	
4.629542e-04	8.482560e-05	
4.387911e-04	6.886164e-05	
4.317910e-04	1.512933e-06	
3.854101e-04	4.682407e-06	
2.808628e-04	4.055964e-05	
3.555547e-04	7.131595e-06	
3.815532e-04	1.641305e-05	
5.665259e-04	2.171777e-05	
4.151892e-04	5.375982e-05	
3.979729e-04	5.682870e-05	
3.979729e-04	1.785738e-05	
3.947930e-04	2.424401e-05	
3.410666e-04	1.069668e-05	
3.410666e-04	3.191810e-05	
3.240331e-04	6.565478e-05	
3.479060e-04	7.195948e-05	
2.980946e-04	6.631427e-05	
2.602963e-04	5.734281e-05	
4.294720e-04	4.465152e-05	
3.489330e-04	6.725280e-05	
3.489330e-04	6.412326e-05	
6.011713e-04	3.267719e-05	
4.225061e-04	4.792440e-05	
4.830873e-04	8.000718e-05	
3.036839e-04	6.086491e-05	
3.799212e-04	7.182339e-05	
2.387103e-04	3.827620e-05	
4.912768e-04	1.340854e-05	
4.478512e-04	3.840389e-05	
4.819490e-04	5.768459e-06	
3.489405e-04	4.299472e-05	
3.489405e-04	1.261692e-05	
5.498455e-04	1.773381e-05	
4.728189e-04	5.521609e-06	
3.509424e-04	1.990063e-05	
3.509424e-04	4.855845e-05	
3.609120e-04	3.958790e-06	
3.602088e-04	3.922464e-05	
4.209576e-04	6.172588e-05	
4.209576e-04	6.741065e-05	
3.822989e-04	1.683661e-05	
3.822989e-04	1.904099e-05	
2.808628e-04	1.552477e-05	
4.653253e-04	2.025057e-05	
4.013968e-04	1.665830e-05	
3.515057e-04	2.788206e-05	
3.515057e-04	3.013829e-05	
3.392617e-04	3.369661e-06	
5.395084e-04	3.320274e-05	
3.072492e-04	3.364428e-05	
3.072492e-04	4.061260e-06	
3.514918e-04	3.558181e-05	
3.240331e-04	5.771771e-05	
3.479060e-04	5.595934e-05	
2.246084e-04	5.335504e-05	
2.602963e-04	8.937798e-05	
3.274136e-04	3.170646e-05	
4.387908e-04	6.895453e-05	
4.313649e-04	1.315886e-04	
3.521416e-04	5.309394e-05	
4.609378e-04	9.491619e-05	
2.764942e-04	5.576144e-05	
3.036839e-04	9.027406e-05	
4.282238e-04	1.517762e-05	
2.387103e-04	4.966636e-05	
2.487565e-04	3.227522e-05	
2.487565e-04	8.914914e-05	
4.816279e-04	6.500116e-05	
3.832608e-04	6.493351e-05	
3.142557e-04	6.307402e-05	
3.203423e-04	5.238167e-05	
3.358424e-04	2.169377e-05	
5.265663e-04	4.482798e-05	
3.418882e-04	1.412265e-05	
3.418882e-04	5.204616e-05	
4.853238e-04	7.186239e-05	
2.909900e-04	4.502487e-05	
4.479787e-04	8.675037e-05	
4.152215e-04	5.203324e-05	
4.152215e-04	6.012077e-05	
3.980693e-04	3.606333e-05	
3.197191e-04	4.326335e-05	
3.197191e-04	2.621392e-05	
4.233666e-04	2.873782e-05	
3.488235e-04	5.321179e-05	
3.392617e-04	5.485149e-05	
3.607250e-04	3.898937e-05	
2.475725e-04	1.062990e-04	
2.475725e-04	8.744281e-05	
4.396850e-04	1.074907e-04	
5.180091e-04	1.134530e-04	
2.153525e-04	9.462001e-05	
2.246084e-04	1.039148e-04	
4.090333e-04	5.408467e-05	
3.274136e-04	6.684153e-05	
2.497579e-04	1.108545e-04	
2.497579e-04	5.659820e-05	
2.784079e-04	5.349098e-05	
2.784079e-04	2.380795e-05	
2.764942e-04	5.348916e-05	
5.447097e-04	2.715032e-05	
3.065278e-04	1.952156e-05	
3.065278e-04	7.802088e-05	
4.795619e-04	5.003015e-05	
2.519864e-04	8.544925e-05	
4.816279e-04	7.536006e-05	
3.832608e-04	3.285499e-05	
3.142557e-04	2.776672e-05	
3.203423e-04	1.826811e-05	
3.262077e-04	1.354213e-05	
3.817380e-04	3.186873e-05	
3.817380e-04	3.740055e-05	
2.724713e-04	2.328522e-05	
2.724713e-04	4.212853e-05	
2.909900e-04	7.777585e-05	
3.390889e-04	8.450737e-05	
4.328293e-04	4.988316e-05	
3.203978e-04	9.077013e-05	
2.325367e-04	8.620668e-05	
4.177112e-04	7.961355e-05	
3.727424e-04	3.751621e-05	
3.107960e-04	2.501628e-05	
2.325623e-04	8.592103e-05	
2.325623e-04	5.966161e-05	
3.607250e-04	3.994164e-05	
2.949801e-04	7.767477e-05	
2.949801e-04	8.255395e-05	
3.930182e-04	9.098253e-05	
3.244538e-04	1.441314e-04	
2.153525e-04	1.393234e-04	
4.753655e-04	1.300657e-04	
4.090333e-04	1.216666e-04	
2.427523e-04	7.114060e-05	
2.427523e-04	5.907117e-05	
3.711677e-04	6.477480e-05	
4.793565e-04	5.860367e-05	
4.793565e-04	7.798430e-05	
4.360155e-04	8.959583e-05	
4.360155e-04	8.472574e-05	
4.988804e-04	9.202977e-05	
3.951251e-04	7.564645e-05	
3.320648e-04	8.845199e-05	
2.519864e-04	9.681072e-05	
3.569197e-04	3.113230e-05	
3.569197e-04	7.919687e-05	
4.497910e-04	6.291844e-05	
3.088423e-04	6.933982e-05	
3.088423e-04	8.216011e-05	
3.006221e-04	5.190381e-05	
4.239651e-04	1.017182e-04	
3.035398e-04	5.018869e-05	
4.099090e-04	3.255822e-05	
4.811654e-04	1.004317e-04	
4.461455e-04	4.326772e-05	
4.328293e-04	1.644010e-05	
3.461878e-04	6.374867e-05	
2.325367e-04	6.974704e-05	
4.177112e-04	5.804395e-06	
3.934531e-04	1.293354e-05	
3.107960e-04	6.993434e-05	
5.327115e-04	6.214755e-05	
4.704383e-04	6.369501e-05	
4.563110e-04	8.408609e-06	
4.563110e-04	5.550899e-05	
3.779673e-04	9.806089e-05	
3.960733e-04	8.406120e-05	
3.244538e-04	1.687430e-04	
4.500446e-04	1.113838e-04	
5.296028e-04	1.752060e-04	
3.238849e-04	1.584758e-04	
2.600555e-04	1.118212e-04	
3.900640e-04	1.256957e-04	
4.731424e-04	1.074037e-04	
3.913619e-04	1.143021e-04	
5.745694e-04	1.304330e-04	
5.322200e-04	1.273130e-04	
3.006380e-04	1.097900e-04	
2.870695e-04	1.073669e-04	
3.951251e-04	9.640575e-05	
3.320648e-04	8.677800e-05	
5.955921e-04	6.026583e-05	
2.287552e-04	9.099772e-05	
2.287552e-04	9.339975e-05	
4.497910e-04	1.011487e-04	
4.400276e-04	5.758951e-05	
3.154795e-04	4.953326e-05	
2.741121e-04	8.534435e-05	
2.741121e-04	5.489859e-05	
3.035398e-04	5.136934e-05	
4.099090e-04	5.078569e-05	
4.623344e-04	9.988425e-05	
2.217630e-04	7.306848e-05	
2.217630e-04	6.057466e-05	
4.541949e-04	1.723390e-05	
5.100123e-04	9.391801e-05	
3.777353e-04	1.928776e-05	
2.774637e-04	4.990751e-05	
3.155862e-04	7.707131e-05	
3.155862e-04	6.750550e-05	
2.871708e-04	6.590460e-05	
2.706914e-04	7.019001e-05	
4.993176e-04	7.821349e-05	
2.777735e-04	1.238486e-04	
2.777735e-04	1.382656e-04	
4.025113e-04	2.008294e-04	
3.316343e-04	1.380989e-04	
4.132200e-04	8.709229e-05	
3.238849e-04	1.990119e-04	
2.600555e-04	1.397405e-04	
2.454702e-04	1.427474e-04	
2.181983e-04	1.218884e-04	
3.913619e-04	1.492522e-04	
3.061435e-04	9.898202e-05	
2.613824e-04	1.037758e-04	
3.006380e-04	1.001579e-04	
2.771983e-04	1.217691e-04	
2.771983e-04	1.293307e-04	
2.300597e-04	5.547643e-05	
3.816667e-04	8.335171e-05	
3.956483e-04	7.662104e-05	
2.545228e-04	8.494744e-05	
5.075591e-04	4.855355e-05	
3.883442e-04	5.790811e-05	
3.154795e-04	7.024934e-05	
4.452492e-04	4.376824e-05	
3.748224e-04	1.025889e-04	
2.239051e-04	7.568276e-05	
3.667915e-04	4.818128e-05	
4.623344e-04	6.328576e-05	
3.494214e-04	6.679918e-05	
3.324752e-04	7.067074e-05	
3.324752e-04	4.323315e-05	
2.724000e-04	2.766379e-05	
2.655821e-04	4.606196e-05	
2.655821e-04	6.073493e-05	
5.789380e-04	8.611273e-05	
3.684625e-04	3.245725e-05	
4.410305e-04	5.209105e-05	
2.475536e-04	6.254085e-05	
2.475536e-04	5.972168e-05	
3.264998e-04	1.637117e-04	
3.695047e-04	1.219196e-04	
3.023339e-04	2.127420e-04	
3.023339e-04	1.725760e-04	
2.735696e-04	1.958348e-04	
2.735696e-04	1.686152e-04	
4.913655e-04	5.842340e-05	
2.454702e-04	1.702275e-04	
2.181983e-04	1.206813e-04	
2.738081e-04	9.355590e-05	
3.061435e-04	9.956037e-05	
2.613824e-04	1.027031e-04	
3.995761e-04	8.061359e-05	
3.995761e-04	1.304458e-04	
4.267436e-04	9.302389e-05	
2.300597e-04	8.860772e-05	
3.816667e-04	6.180970e-05	
2.176985e-04	1.011316e-04	
2.176985e-04	8.540512e-05	
4.329573e-04	9.028721e-05	
4.157014e-04	8.951836e-05	
2.604547e-04	7.227315e-05	
2.604547e-04	7.552184e-05	
4.241261e-04	7.802229e-05	
2.239051e-04	9.986287e-05	
3.377102e-04	7.135155e-05	
3.377102e-04	5.693424e-05	
3.494214e-04	1.048426e-04	
2.748225e-04	6.571662e-05	
4.541059e-04	3.899062e-05	
2.724000e-04	4.969969e-05	
2.722491e-04	6.364150e-05	
2.722491e-04	5.842243e-05	
2.494223e-04	4.689935e-05	
2.494223e-04	6.283089e-05	
4.746378e-04	8.319928e-05	
3.936470e-04	1.354107e-04	
4.963466e-04	9.516377e-05	
2.786844e-04	1.245648e-04	
2.786844e-04	1.464419e-04	
3.366265e-04	1.685812e-04	
3.366265e-04	1.238513e-04	
3.838056e-04	1.565094e-04	
3.131646e-04	1.447553e-04	
2.709131e-04	9.820693e-05	
2.709131e-04	1.053979e-04	
4.626535e-04	1.318935e-04	
2.738081e-04	1.122539e-04	
4.182939e-04	1.484144e-04	
4.182939e-04	1.342132e-04	
3.839553e-04	1.402842e-04	
2.438553e-04	1.305765e-04	
4.267436e-04	1.438593e-04	
3.243960e-04	9.141473e-05	
3.243960e-04	1.185688e-04	
4.122405e-04	8.420535e-05	
3.267562e-04	9.928531e-05	
4.411111e-04	8.686540e-05	
4.321922e-04	8.549210e-05	
3.312985e-04	6.357074e-05	
2.911644e-04	7.323627e-05	
4.241261e-04	5.176582e-05	
4.612855e-04	7.650534e-05	
3.159264e-04	8.346129e-05	
3.159264e-04	7.226503e-05	
3.219715e-04	9.377240e-05	
2.748225e-04	9.746097e-05	
3.879829e-04	7.241828e-05	
4.291203e-04	6.574817e-05	
3.075128e-04	7.590422e-05	
2.373084e-04	9.097581e-05	
4.386203e-04	9.605127e-05	
4.907426e-04	8.194904e-05	
2.548120e-04	9.641769e-05	
3.936470e-04	1.179417e-04	
2.968577e-04	1.215371e-04	
2.968577e-04	1.611708e-04	
4.876832e-04	1.705800e-04	
4.314471e-04	2.314625e-04	
4.499424e-04	1.679907e-04	
3.838056e-04	1.779692e-04	
3.131646e-04	1.347943e-04	
4.285399e-04	1.437893e-04	
3.842960e-04	1.553460e-04	
3.225731e-04	1.217998e-04	
2.569779e-04	1.677597e-04	
2.569779e-04	1.432481e-04	
3.687359e-04	1.482053e-04	
3.687359e-04	1.359930e-04	
2.438553e-04	1.346100e-04	
3.541268e-04	8.506048e-05	
2.908709e-04	1.155966e-04	
2.908709e-04	1.336440e-04	
4.122405e-04	1.084115e-04	
3.192696e-04	8.971299e-05	
3.192696e-04	1.019723e-04	
4.321922e-04	8.039312e-05	
3.740359e-04	8.884258e-05	
3.740359e-04	8.318107e-05	
2.766200e-04	5.893433e-05	
2.766200e-04	7.894026e-05	
3.722083e-04	9.397765e-05	
4.394608e-04	5.579200e-05	
3.219715e-04	7.683988e-05	
4.871615e-04	1.003861e-04	
5.006446e-04	2.188053e-05	
3.772003e-04	6.191667e-05	
3.075128e-04	8.132077e-05	
2.373084e-04	1.001659e-04	
2.397877e-04	7.376217e-05	
2.397877e-04	5.482442e-05	
2.548120e-04	1.031992e-04	
4.614659e-04	1.133040e-04	
2.932255e-04	1.298359e-04	
4.577208e-04	1.634982e-04	
2.626816e-04	1.488974e-04	
3.795754e-04	2.036487e-04	
3.454320e-04	2.508273e-04	
3.513815e-04	7.334494e-05	
5.005472e-04	1.258756e-04	
4.214191e-04	1.651197e-04	
3.842960e-04	1.200786e-04	
3.225731e-04	1.299164e-04	
3.260301e-04	1.062404e-04	
3.425318e-04	1.350688e-04	
3.425318e-04	8.333779e-05	
3.523754e-04	1.038326e-04	
3.523754e-04	9.214197e-05	
3.541268e-04	8.492324e-05	
3.631819e-04	1.045833e-04	
3.631819e-04	1.146328e-04	
3.642240e-04	1.493408e-04	
3.642240e-04	1.311237e-04	
4.528031e-04	1.130090e-04	
5.517351e-04	1.435851e-04	
3.309258e-04	1.057235e-04	
4.050551e-04	9.485683e-05	
2.503639e-04	7.443102e-05	
3.128251e-04	7.669602e-05	
3.722083e-04	9.177627e-05	
4.048702e-04	5.713238e-05	
3.040364e-04	8.350321e-05	
3.040364e-04	9.389465e-05	
3.480181e-04	4.961975e-05	
3.772003e-04	7.971844e-05	
4.356281e-04	8.025373e-05	
4.707932e-04	8.833480e-05	
3.216635e-04	1.033808e-04	
3.216635e-04	5.509696e-05	
4.757779e-04	1.150125e-04	
4.382754e-04	1.328523e-04	
2.932255e-04	1.169759e-04	
3.442634e-04	1.081987e-04	
2.626816e-04	1.872413e-04	
2.871231e-04	1.847455e-04	
3.454320e-04	1.432768e-04	
3.096289e-04	2.475121e-04	
3.393035e-04	9.553277e-05	
2.850844e-04	9.579542e-05	
4.095626e-04	1.049754e-04	
3.363837e-04	1.138796e-04	
4.546824e-04	1.209366e-04	
2.583917e-04	1.385767e-04	
2.583917e-04	1.301636e-04	
2.907076e-04	1.015669e-04	
2.907076e-04	1.298070e-04	
3.573228e-04	1.394518e-04	
3.573228e-04	1.308689e-04	
3.221077e-04	1.345400e-04	
4.389616e-04	1.356541e-04	
3.971713e-04	1.289083e-04	
2.910768e-04	1.176642e-04	
2.286058e-04	1.044468e-04	
2.286058e-04	1.042396e-04	
4.056552e-04	7.627756e-05	
2.503639e-04	8.968558e-05	
4.208101e-04	6.731103e-05	
3.679925e-04	6.982131e-05	
3.587074e-04	7.033212e-05	
3.104893e-04	5.300465e-05	
5.890560e-04	5.435150e-05	
3.480181e-04	7.418765e-05	
2.853894e-04	6.596301e-05	
3.477281e-04	9.657460e-05	
4.121369e-04	9.380893e-05	
2.199411e-04	1.038419e-04	
2.800619e-04	9.884264e-05	
4.200089e-04	1.434323e-04	
3.662972e-04	1.539479e-04	
3.662972e-04	1.414715e-04	
4.402763e-04	1.316788e-04	
4.506309e-04	1.601537e-04	
2.871231e-04	2.276944e-04	
4.001128e-04	2.281247e-04	
3.096289e-04	1.781569e-04	
5.182696e-04	8.220938e-05	
2.850844e-04	9.940633e-05	
2.903945e-04	1.556747e-04	
2.903945e-04	1.164986e-04	
2.686732e-04	1.355552e-04	
2.686732e-04	1.334862e-04	
3.379806e-04	1.680570e-04	
4.342746e-04	1.376804e-04	
2.600465e-04	1.204806e-04	
3.077730e-04	1.145291e-04	
3.978211e-04	1.212600e-04	
3.128246e-04	1.240898e-04	
3.128246e-04	9.856298e-05	
3.971713e-04	8.963342e-05	
2.910768e-04	1.065241e-04	
4.203835e-04	9.436885e-05	
4.766562e-04	8.977942e-05	
4.529159e-04	1.114046e-04	
3.894974e-04	1.103977e-04	
3.730875e-04	8.378912e-05	
2.439949e-04	6.873843e-05	
3.429782e-04	7.125729e-05	
3.104893e-04	3.465127e-05	
3.755786e-04	2.615555e-05	
3.755786e-04	4.055921e-05	
2.853894e-04	7.355141e-05	
4.376447e-04	7.859639e-05	
4.121369e-04	6.778887e-05	
2.199411e-04	9.444659e-05	
3.034488e-04	8.788870e-05	
3.958676e-04	9.765956e-05	
4.294538e-04	1.381871e-04	
2.946629e-04	1.304230e-04	
2.946629e-04	1.761640e-04	
5.693120e-04	2.356456e-04	
3.518034e-04	1.915761e-04	
4.185669e-04	1.392253e-04	
3.330180e-04	1.313832e-04	
2.462002e-04	2.459674e-04	
3.684012e-04	1.535441e-04	
3.684012e-04	1.280726e-04	
2.775222e-04	1.783974e-04	
2.775222e-04	1.290217e-04	
4.072302e-04	1.729050e-04	
3.379806e-04	1.720332e-04	
2.915476e-04	1.191621e-04	
2.600465e-04	1.356340e-04	
3.587653e-04	1.040902e-04	
2.779743e-04	1.009637e-04	
2.779743e-04	1.092661e-04	
4.277551e-04	1.193605e-04	
3.133572e-04	1.084478e-04	
4.247243e-04	1.046612e-04	
4.435351e-04	9.621994e-05	
3.223198e-04	1.013234e-04	
3.223198e-04	1.117844e-04	
4.699888e-04	1.001638e-04	
3.730875e-04	9.061958e-05	
2.439949e-04	7.417124e-05	
3.899866e-04	6.348074e-05	
2.467076e-04	7.416937e-05	
4.370244e-04	7.682111e-05	
4.988536e-04	9.262579e-05	
4.350438e-04	1.114469e-04	
4.442709e-04	1.096351e-04	
4.442709e-04	1.088640e-04	
4.745540e-04	1.060222e-04	
3.357789e-04	1.070079e-04	
3.357789e-04	1.162729e-04	
4.294538e-04	1.223994e-04	
4.408241e-04	1.333361e-04	
3.387414e-04	1.416082e-04	
2.876456e-04	1.498021e-04	
2.876456e-04	2.392290e-04	
5.057532e-04	2.317050e-04	
4.525482e-04	3.379846e-04	
2.462002e-04	2.314064e-04	
3.475315e-04	1.324541e-04	
2.774378e-04	1.489325e-04	
3.896172e-04	9.719699e-05	
3.431838e-04	1.596134e-04	
3.431838e-04	1.638634e-04	
4.034952e-04	1.378161e-04	
2.915476e-04	1.223534e-04	
3.108401e-04	1.247785e-04	
2.310238e-04	1.185361e-04	
2.310238e-04	9.571566e-05	
5.054260e-04	1.103095e-04	
3.037505e-04	9.670613e-05	
3.133572e-04	1.202228e-04	
4.277764e-04	9.730660e-05	
4.435351e-04	9.139929e-05	
3.856934e-04	1.124447e-04	
3.856934e-04	8.830103e-05	
4.206754e-04	1.023087e-04	
4.826863e-04	1.100867e-04	
2.724200e-04	8.465029e-05	
2.724200e-04	7.840593e-05	
2.467076e-04	1.025164e-04	
2.787530e-04	7.882130e-05	
3.469811e-04	6.885920e-05	
3.775420e-04	1.216024e-04	
3.268439e-04	1.245618e-04	
3.268439e-04	1.312827e-04	
4.031735e-04	1.320819e-04	
3.983696e-04	1.371388e-04	
3.085971e-04	1.482321e-04	
5.051412e-04	1.702756e-04	
4.653502e-04	1.259485e-04	
3.570785e-04	1.089957e-04	
2.693601e-04	1.673518e-04	
3.847457e-04	3.058184e-04	
4.878926e-04	3.111398e-04	
4.773782e-04	2.848181e-04	
4.416015e-04	1.967165e-04	
2.980585e-04	1.884691e-04	
2.774378e-04	1.702974e-04	
3.043918e-04	1.681191e-04	
3.043918e-04	1.309612e-04	
4.063034e-04	1.539337e-04	
4.179798e-04	1.546783e-04	
5.065455e-04	1.064658e-04	
4.632306e-04	1.030465e-04	
4.754651e-04	1.299055e-04	
3.671582e-04	1.238911e-04	
3.897285e-04	8.070425e-05	
3.037505e-04	1.114303e-04	
3.860541e-04	1.262121e-04	
2.510032e-04	9.921675e-05	
4.017964e-04	9.127871e-05	
4.111123e-04	1.191477e-04	
3.803258e-04	9.339998e-05	
2.803080e-04	1.068691e-04	
2.803080e-04	1.002327e-04	
3.997983e-04	9.103691e-05	
3.332573e-04	9.925562e-05	
2.573634e-04	1.014253e-04	
2.787530e-04	1.037518e-04	
3.469811e-04	5.885339e-05	
3.775420e-04	8.256867e-05	
3.598684e-04	9.830286e-05	
2.550017e-04	1.058827e-04	
2.550017e-04	1.098144e-04	
3.983696e-04	1.056284e-04	
3.085971e-04	1.775750e-04	
2.880426e-04	1.548196e-04	
2.880426e-04	1.679022e-04	
2.629964e-04	1.082920e-04	
2.629964e-04	1.736775e-04	
2.581801e-04	2.290859e-04	
2.581801e-04	2.359570e-04	
2.525675e-04	2.908409e-04	
3.124082e-04	2.306018e-04	
3.629399e-04	1.409117e-04	
3.894142e-04	1.414173e-04	
3.668974e-04	1.281689e-04	
3.577040e-04	1.358500e-04	
3.577040e-04	1.627659e-04	
5.105945e-04	1.604212e-04	
3.225566e-04	1.265024e-04	
3.225566e-04	1.004041e-04	
2.658720e-04	1.075134e-04	
2.658720e-04	1.421921e-04	
3.580062e-04	9.743149e-05	
4.231911e-04	8.509503e-05	
3.860541e-04	1.070304e-04	
2.510032e-04	9.531457e-05	
4.164289e-04	8.436655e-05	
3.852175e-04	9.795021e-05	
3.585340e-04	9.977904e-05	
3.585340e-04	8.811986e-05	
5.031948e-04	8.620396e-05	
3.698222e-04	8.676328e-05	
3.960291e-04	7.790637e-05	
2.573634e-04	1.099060e-04	
2.144990e-04	9.331983e-05	
4.587749e-04	1.102843e-04	
4.200905e-04	8.157231e-05	
5.360139e-04	1.208163e-04	
3.253447e-04	1.162939e-04	
3.253447e-04	1.193694e-04	
4.484054e-04	1.227836e-04	
3.478463e-04	1.302864e-04	
3.264585e-04	1.717562e-04	
3.099671e-04	1.007982e-04	
3.459787e-04	1.650255e-04	
4.784589e-04	1.711879e-04	
4.223926e-04	2.077284e-04	
3.557778e-04	1.345806e-04	
2.525675e-04	3.248476e-04	
3.124082e-04	2.529190e-04	
4.069375e-04	1.779634e-04	
3.486175e-04	1.696829e-04	
2.993244e-04	1.388489e-04	
3.399984e-04	1.178288e-04	
3.483696e-04	1.511988e-04	
5.249990e-04	1.556466e-04	
4.693641e-04	1.417296e-04	
3.401493e-04	1.138936e-04	
3.401493e-04	8.506040e-05	
4.902020e-04	1.072118e-04	
3.580062e-04	1.188763e-04	
3.698732e-04	1.121449e-04	
4.601334e-04	8.607879e-05	
4.463396e-04	1.095535e-04	
3.588060e-04	9.445256e-05	
3.588060e-04	9.712883e-05	
3.262684e-04	9.736604e-05	
3.066902e-04	8.836648e-05	
3.971390e-04	7.138196e-05	
3.506914e-04	9.803423e-05	
3.506914e-04	1.011365e-04	
4.170348e-04	6.656629e-05	
2.144990e-04	1.130598e-04	
3.376649e-04	8.154781e-05	
4.012234e-04	9.090334e-05	
4.666007e-04	1.070805e-04	
3.367639e-04	1.346277e-04	
3.521242e-04	1.016214e-04	
3.916428e-04	1.417663e-04	
3.916428e-04	1.558755e-04	
4.543167e-04	1.230721e-04	
3.099671e-04	1.524316e-04	
3.112849e-04	1.497594e-04	
3.796118e-04	1.452746e-04	
3.796118e-04	2.336572e-04	
4.411252e-04	3.815513e-04	
3.494869e-04	2.836437e-04	
3.494869e-04	2.502578e-04	
4.292990e-04	1.626163e-04	
3.486175e-04	1.951561e-04	
2.993244e-04	1.443248e-04	
3.399984e-04	1.337702e-04	
3.483696e-04	1.530754e-04	
3.291030e-04	9.451925e-05	
3.291030e-04	9.279552e-05	
2.900516e-04	1.079055e-04	
2.900516e-04	1.120769e-04	
3.791914e-04	8.678765e-05	
4.180857e-04	8.744393e-05	
3.403977e-04	1.319725e-04	
3.403977e-04	8.956128e-05	
4.463396e-04	8.901827e-05	
3.794491e-04	1.001390e-04	
3.183444e-04	8.286775e-05	
4.255864e-04	9.976659e-05	
3.066902e-04	1.030787e-04	
2.259282e-04	8.361836e-05	
3.095145e-04	9.665737e-05	
2.896928e-04	8.269065e-05	
3.833685e-04	7.854812e-05	
2.108171e-04	1.159053e-04	
2.108171e-04	1.002861e-04	
4.012234e-04	7.479930e-05	
4.187836e-04	7.327727e-05	
3.259063e-04	8.007092e-05	
3.259063e-04	1.198061e-04	
4.604938e-04	1.399295e-04	
2.376369e-04	1.091762e-04	
4.225304e-04	1.592240e-04	
4.431306e-04	1.522063e-04	
3.946857e-04	1.406256e-04	
3.471326e-04	1.635993e-04	
4.314098e-04	3.195836e-04	
4.218307e-04	3.047423e-04	
3.429439e-04	1.952373e-04	
3.801904e-04	3.228814e-04	
4.292990e-04	1.082636e-04	
4.164746e-04	1.879584e-04	
4.164746e-04	1.129708e-04	
3.593055e-04	1.334163e-04	
3.593055e-04	1.241039e-04	
3.332469e-04	1.243252e-04	
3.332469e-04	1.017765e-04	
5.895096e-04	1.058949e-04	
4.454829e-04	1.163593e-04	
3.791914e-04	1.035203e-04	
2.827359e-04	8.397165e-05	
2.827359e-04	8.507043e-05	
3.259391e-04	8.729302e-05	
3.259391e-04	7.298504e-05	
3.332959e-04	9.720477e-05	
3.183444e-04	8.872965e-05	
4.056672e-04	7.868116e-05	
4.056672e-04	7.579544e-05	
2.259282e-04	8.910960e-05	
3.642066e-04	6.212631e-05	
2.674315e-04	8.692027e-05	
2.674315e-04	7.884753e-05	
5.337093e-04	9.651740e-05	
5.058366e-04	1.127771e-04	
2.477512e-04	7.555992e-05	
3.763432e-04	6.701184e-05	
3.763432e-04	7.435430e-05	
4.056167e-04	1.371041e-04	
5.158752e-04	1.072024e-04	
2.376369e-04	1.152164e-04	
4.225304e-04	1.033753e-04	
4.867109e-04	1.803268e-04	
3.055118e-04	1.860783e-04	
3.471326e-04	1.582711e-04	
5.107631e-04	3.007671e-04	
4.205993e-04	1.848675e-04	
2.630295e-04	3.158758e-04	
2.630295e-04	3.338519e-04	
3.166290e-04	1.831494e-04	
3.166290e-04	1.691472e-04	
4.415421e-04	1.209037e-04	
2.560674e-04	1.317606e-04	
4.456568e-04	1.653908e-04	
4.801695e-04	1.250110e-04	
2.794828e-04	1.396000e-04	
3.277162e-04	1.046022e-04	
3.479454e-04	8.549841e-05	
3.479454e-04	1.039177e-04	
3.136171e-04	9.638274e-05	
3.136171e-04	8.424207e-05	
3.391287e-04	8.491701e-05	
3.391287e-04	9.249140e-05	
4.678919e-04	7.791435e-05	
5.286004e-04	8.677828e-05	
4.785413e-04	7.914817e-05	
3.188881e-04	8.939245e-05	
3.188881e-04	7.446512e-05	
3.642066e-04	7.789467e-05	
4.295918e-04	7.020507e-05	
4.045768e-04	9.334645e-05	
2.220852e-04	6.548213e-05	
4.620839e-04	8.213545e-05	
2.477512e-04	9.469643e-05	
2.722289e-04	9.875519e-05	
3.116733e-04	1.043944e-04	
5.709614e-04	9.644357e-05	
2.904512e-04	9.572001e-05	
3.260460e-04	1.266682e-04	
2.713085e-04	1.164760e-04	
5.016205e-04	1.490131e-04	
3.055118e-04	1.937163e-04	
3.908647e-04	1.136685e-04	
2.513090e-04	3.964238e-04	
2.513090e-04	3.585250e-04	
4.741001e-04	1.732814e-04	
3.259628e-04	3.162615e-04	
3.354561e-04	1.936981e-04	
4.111200e-04	2.218608e-04	
3.104493e-04	1.386197e-04	
2.560674e-04	1.353707e-04	
3.873874e-04	1.219619e-04	
3.873874e-04	1.002436e-04	
2.794828e-04	1.283269e-04	
3.075690e-04	9.710495e-05	
2.568246e-04	8.674576e-05	
2.568246e-04	8.604192e-05	
3.173432e-04	9.651223e-05	
4.889440e-04	6.999798e-05	
3.701693e-04	8.818573e-05	
2.454730e-04	6.499102e-05	
2.454730e-04	8.283534e-05	
4.329695e-04	8.181771e-05	
4.902572e-04	8.804544e-05	
3.746153e-04	9.724663e-05	
3.738731e-04	1.056659e-04	
2.058874e-04	6.440386e-05	
4.295918e-04	8.585591e-05	
4.858109e-04	7.302429e-05	
2.220852e-04	6.193818e-05	
3.707270e-04	4.884698e-05	
4.087802e-04	7.940363e-05	
2.219514e-04	9.447410e-05	
3.116733e-04	1.130419e-04	
4.980544e-04	9.176911e-05	
2.904512e-04	1.169962e-04	
3.809095e-04	1.105320e-04	
2.713085e-04	9.604043e-05	
4.249347e-04	1.120407e-04	
4.249347e-04	1.454627e-04	
4.137563e-04	1.586760e-04	
3.301019e-04	4.001949e-04	
4.969647e-04	2.680216e-04	
2.895128e-04	4.070488e-04	
2.895128e-04	3.097669e-04	
2.862602e-04	1.594055e-04	
3.193207e-04	1.361461e-04	
3.664269e-04	2.050399e-04	
4.071121e-04	1.435883e-04	
4.515456e-04	1.375208e-04	
3.003336e-04	1.249938e-04	
5.044602e-04	9.429153e-05	
4.094054e-04	1.170375e-04	
3.530316e-04	9.055788e-05	
4.592706e-04	1.013377e-04	
3.646183e-04	7.334924e-05	
3.646183e-04	5.329769e-05	
4.319875e-04	7.143365e-05	
2.251884e-04	6.940037e-05	
2.251884e-04	6.455440e-05	
4.329695e-04	7.767735e-05	
3.823722e-04	7.149786e-05	
3.823722e-04	6.396886e-05	
2.614494e-04	6.869497e-05	
2.058874e-04	7.074713e-05	
4.565346e-04	9.309720e-05	
3.739553e-04	8.370224e-05	
3.739553e-04	7.789113e-05	
3.707270e-04	6.708022e-05	
4.029831e-04	5.518863e-05	
2.219514e-04	8.742638e-05	
4.544649e-04	7.790415e-05	
2.882795e-04	5.899449e-05	
3.767532e-04	1.368121e-04	
4.050546e-04	1.030311e-04	
3.036336e-04	8.047281e-05	
4.673376e-04	1.079057e-04	
2.941827e-04	1.462435e-04	
4.137563e-04	2.116309e-04	
3.301019e-04	2.554268e-04	
3.764782e-04	1.329059e-04	
3.152689e-04	2.964936e-04	
5.777669e-04	3.029025e-04	
2.862602e-04	1.917061e-04	
3.193207e-04	1.498595e-04	
3.347981e-04	1.213976e-04	
3.636812e-04	1.031299e-04	
3.481722e-04	1.536198e-04	
3.003336e-04	1.446669e-04	
2.377869e-04	7.472426e-05	
2.582144e-04	6.292152e-05	
2.776081e-04	6.641566e-05	
2.776081e-04	5.706867e-05	
3.347559e-04	4.690558e-05	
2.382472e-04	5.058322e-05	
2.382472e-04	6.830247e-05	
3.097494e-04	5.094206e-05	
1.990578e-04	7.143450e-05	
3.734573e-04	6.920609e-05	
3.734573e-04	6.362573e-05	
3.782079e-04	5.322812e-05	
2.837818e-04	9.883120e-05	
2.837818e-04	8.280364e-05	
4.218262e-04	7.228297e-05	
3.943954e-04	1.003385e-04	
3.353238e-04	9.724788e-05	
4.012917e-04	8.793873e-05	
4.637946e-04	7.467132e-05	
2.661985e-04	7.935702e-05	
2.661985e-04	6.632413e-05	
2.882795e-04	7.712862e-05	
4.433879e-04	6.634592e-05	
4.433879e-04	7.464774e-05	
3.036336e-04	4.052730e-05	
3.088829e-04	1.240816e-04	
2.941827e-04	1.612383e-04	
4.165994e-04	1.777539e-04	
4.622248e-04	2.736131e-04	
3.342280e-04	3.912791e-05	
3.840076e-04	2.296463e-04	
5.274055e-04	1.209216e-04	
4.826897e-04	2.151110e-04	
4.254049e-04	1.823384e-04	
3.347981e-04	1.256677e-04	
3.341044e-04	9.261718e-05	
3.481722e-04	1.545538e-04	
4.865982e-04	1.394391e-04	
2.287497e-04	7.920013e-05	
2.287497e-04	5.567755e-05	
3.660197e-04	3.831739e-05	
3.660197e-04	4.164694e-05	
3.347559e-04	5.481623e-05	
2.281605e-04	4.888864e-05	
2.281605e-04	3.001379e-05	
3.097494e-04	5.121758e-05	
1.990578e-04	7.088145e-05	
4.499554e-04	5.948301e-05	
3.263808e-04	4.521648e-05	
3.782079e-04	5.927667e-05	
4.712015e-04	6.325914e-05	
2.916648e-04	5.617638e-05	
4.973129e-04	4.913727e-05	
3.398984e-04	9.363306e-05	
3.353238e-04	9.912603e-05	
3.759018e-04	1.049474e-04	
3.049301e-04	5.933916e-05	
2.970057e-04	8.026328e-05	
2.750109e-04	5.845289e-05	
4.986162e-04	3.538377e-05	
3.795117e-04	6.053148e-05	
3.656932e-04	5.743817e-05	
3.656932e-04	5.630188e-05	
4.001632e-04	2.813601e-05	
4.001632e-04	6.580749e-05	
4.165994e-04	1.787419e-04	
2.916476e-04	2.401535e-04	
2.916476e-04	3.159336e-04	
3.766424e-04	2.734085e-04	
2.867529e-04	1.521300e-04	
3.204821e-04	1.406243e-04	
4.254049e-04	1.444872e-04	
5.549257e-04	1.655609e-04	
2.618945e-04	1.224076e-04	
2.618945e-04	1.222779e-04	
3.826136e-04	1.274117e-04	
3.826136e-04	9.196109e-05	
2.862656e-04	9.809174e-05	
4.548338e-04	7.577871e-05	
4.900668e-04	1.015860e-04	
3.189984e-04	7.935017e-05	
3.882257e-04	7.029020e-05	
3.245708e-04	5.922981e-05	
3.347786e-04	4.508967e-05	
5.384482e-04	5.643827e-05	
2.821391e-04	4.272910e-05	
3.263808e-04	5.433964e-05	
3.400231e-04	6.304301e-05	
5.203541e-04	4.444857e-05	
3.926085e-04	6.158487e-05	
2.744547e-04	6.502625e-05	
3.266222e-04	8.997352e-05	
6.238882e-04	1.147234e-04	
3.622319e-04	7.729416e-05	
3.049301e-04	6.871032e-05	
2.970057e-04	7.122526e-05	
3.617187e-04	8.288564e-05	
2.139549e-04	2.972008e-05	
3.716391e-04	5.620105e-05	
3.716391e-04	6.698944e-05	
4.152461e-04	3.551629e-05	
4.152461e-04	5.574831e-05	
5.146954e-04	8.813016e-05	
3.886415e-04	1.216453e-04	
3.971615e-04	1.781946e-04	
2.923255e-04	1.278192e-04	
4.540027e-04	2.563530e-04	
2.867529e-04	1.492573e-04	
4.226489e-04	1.521744e-04	
3.851986e-04	1.719087e-04	
2.611939e-04	9.010021e-05	
4.102977e-04	1.182381e-04	
3.484056e-04	1.430043e-04	
3.911564e-04	1.085864e-04	
4.229458e-04	1.206641e-04	
2.862656e-04	9.616780e-05	
3.620662e-04	8.393637e-05	
3.620662e-04	6.145182e-05	
3.189984e-04	6.016753e-05	
4.152307e-04	5.107306e-05	
3.245708e-04	4.970041e-05	
3.457368e-04	3.306720e-05	
5.158231e-04	1.561541e-05	
2.821391e-04	5.840820e-05	
2.715542e-04	5.387674e-05	
2.715542e-04	5.756972e-05	
3.729808e-04	5.107453e-05	
3.344166e-04	7.859667e-05	
2.744547e-04	8.080337e-05	
3.266222e-04	8.589298e-05	
3.061400e-04	4.406238e-05	
3.061400e-04	7.268086e-05	
4.033533e-04	8.578351e-05	
4.172160e-04	7.728603e-05	
5.073860e-04	3.216720e-05	
2.139549e-04	5.270443e-05	
4.886063e-04	5.475694e-05	
3.341211e-04	3.017100e-05	
3.341211e-04	5.929285e-05	
2.800670e-04	5.785902e-05	
3.946105e-04	1.072038e-04	
3.340599e-04	1.095534e-04	
3.340599e-04	1.118381e-04	
2.923255e-04	1.618332e-04	
4.036344e-04	2.034200e-04	
5.612099e-04	9.650719e-05	
3.992645e-04	2.104908e-04	
3.992645e-04	1.244094e-04	
2.611939e-04	7.868997e-05	
4.581931e-04	9.992532e-05	
3.660069e-04	8.889486e-05	
3.911564e-04	1.270133e-04	
4.323000e-04	1.091666e-04	
2.779046e-04	7.866497e-05	
2.779046e-04	6.322487e-05	
4.274250e-04	5.481616e-05	
2.853853e-04	3.295329e-05	
2.853853e-04	3.318258e-05	
5.162694e-04	6.289456e-05	
5.092236e-04	2.536863e-05	
4.235090e-04	1.733026e-05	
4.235090e-04	2.929737e-05	
4.543314e-04	5.710992e-05	
2.899419e-04	5.591084e-05	
2.260654e-04	5.659775e-05	
2.260654e-04	6.063853e-05	
5.664231e-04	1.119331e-04	
3.942985e-04	5.516973e-05	
3.018950e-04	8.470128e-05	
3.720580e-04	1.010569e-04	
5.385494e-04	8.744848e-05	
2.517132e-04	7.102950e-05	
2.517132e-04	7.629590e-05	
3.178166e-04	6.845747e-05	
3.178166e-04	4.005484e-05	
3.385469e-04	4.269334e-05	
3.480276e-04	3.760502e-05	
2.800670e-04	4.318047e-05	
3.946105e-04	8.542004e-05	
4.061743e-04	1.956682e-04	
4.061743e-04	1.956513e-04	
4.743142e-04	2.877593e-04	
4.922488e-04	2.214864e-04	
2.629605e-04	2.168150e-04	
2.629605e-04	1.137466e-04	
5.506146e-04	1.011453e-04	
3.078399e-04	9.251685e-05	
3.045438e-04	7.654897e-05	
3.481446e-04	9.226559e-05	
3.481446e-04	6.688049e-05	
4.323000e-04	5.241363e-05	
4.237411e-04	7.338578e-05	
3.947752e-04	7.094058e-05	
4.218535e-04	8.061742e-05	
4.152003e-04	4.366736e-05	
4.152003e-04	4.423691e-05	
5.673576e-04	8.387243e-05	
3.968812e-04	3.714315e-05	
2.801725e-04	3.540779e-05	
4.638385e-04	5.077575e-05	
4.322552e-04	4.126107e-05	
2.899419e-04	5.821263e-05	
3.813049e-04	6.043082e-05	
3.844068e-04	5.536669e-05	
3.987421e-04	6.965386e-05	
3.500117e-04	5.958335e-05	
3.018950e-04	7.990527e-05	
2.383337e-04	6.291676e-05	
3.549945e-04	9.427080e-05	
3.376582e-04	9.344956e-05	
3.280075e-04	6.549013e-05	
2.730823e-04	5.499871e-05	
3.521506e-04	4.960018e-05	
5.010514e-04	8.002352e-05	
4.674063e-04	8.391591e-05	
3.504705e-04	3.872231e-05	
2.488323e-04	1.268326e-04	
2.488323e-04	2.034097e-04	
4.592972e-04	2.348808e-04	
4.592972e-04	2.435229e-04	
4.436433e-04	1.769191e-04	
4.033031e-04	1.927338e-04	
3.502218e-04	2.578246e-04	
3.724891e-04	1.102822e-04	
4.205928e-04	8.102818e-05	
3.045438e-04	6.432440e-05	
5.056561e-04	7.055907e-05	
4.796632e-04	8.955803e-05	
4.194706e-04	5.962947e-05	
3.899276e-04	7.080813e-05	
2.224701e-04	8.820465e-05	
2.224701e-04	7.466923e-05	
2.121961e-04	7.684707e-05	
2.121961e-04	7.577429e-05	
5.500496e-04	4.625823e-05	
2.572494e-04	4.631829e-05	
2.572494e-04	5.364577e-05	
3.174311e-04	4.196780e-05	
3.901520e-04	5.055300e-05	
3.901520e-04	4.013344e-05	
4.039687e-04	6.800888e-05	
2.836427e-04	5.435165e-05	
3.999525e-04	5.341890e-05	
3.500117e-04	6.017142e-05	
3.575120e-04	4.380343e-05	
2.383337e-04	6.154353e-05	
3.049968e-04	4.122812e-05	
2.977743e-04	6.111999e-05	
2.977743e-04	5.388590e-05	
2.730823e-04	6.530749e-05	
4.031684e-04	8.036370e-05	
4.559168e-04	5.469832e-05	
3.389078e-04	6.557864e-05	
3.389078e-04	1.023505e-04	
4.756280e-04	1.365217e-04	
4.600684e-04	9.823840e-05	
3.598030e-04	2.081838e-04	
4.092907e-04	4.101151e-04	
2.298217e-04	2.229208e-04	
3.837582e-04	2.827821e-04	
3.502218e-04	1.791577e-04	
3.652942e-04	8.933449e-05	
2.249482e-04	9.867169e-05	
2.615113e-04	7.541315e-05	
2.615113e-04	7.498314e-05	
4.740766e-04	8.923356e-05	
3.365249e-04	6.787442e-05	
3.365249e-04	7.510789e-05	
3.458315e-04	3.916458e-05	
4.206232e-04	5.756063e-05	
2.508807e-04	6.364102e-05	
3.741203e-04	6.139369e-05	
4.984093e-04	3.710110e-05	
3.066185e-04	5.509493e-05	
2.710369e-04	6.096189e-05	
3.174311e-04	7.124654e-05	
5.171245e-04	4.761711e-05	
3.790367e-04	4.298335e-05	
3.378682e-04	4.500887e-05	
2.836427e-04	6.284867e-05	
3.721648e-04	5.756865e-05	
3.330763e-04	6.255735e-05	
3.330763e-04	6.498704e-05	
5.885270e-04	4.637204e-05	
3.049968e-04	6.852983e-05	
3.550424e-04	3.400754e-05	
3.162357e-04	4.369731e-05	
3.812868e-04	4.743793e-05	
3.630877e-04	7.022498e-05	
3.630877e-04	8.181926e-05	
3.354816e-04	6.645403e-05	
3.354816e-04	1.211034e-04	
2.667865e-04	1.201716e-04	
2.667865e-04	1.438957e-04	
3.598030e-04	2.492979e-04	
3.527265e-04	1.221129e-04	
2.298217e-04	1.523379e-04	
2.361994e-04	1.563972e-04	
2.650333e-04	1.121232e-04	
2.252174e-04	6.522718e-05	
2.249482e-04	6.137035e-05	
3.245543e-04	6.469648e-05	
3.716261e-04	7.196344e-05	
3.924706e-04	6.767670e-05	
2.526844e-04	6.076053e-05	
2.526844e-04	4.818992e-05	
3.409751e-04	3.465293e-05	
3.409751e-04	3.096510e-05	
5.131442e-04	5.866260e-05	
5.354855e-04	4.337584e-05	
2.248207e-04	4.149248e-05	
2.652951e-04	4.887651e-05	
2.710369e-04	5.494310e-05	
2.664903e-04	4.524136e-05	
2.664903e-04	5.024254e-05	
3.295576e-04	4.787650e-05	
3.598762e-04	4.423562e-05	
5.022478e-04	3.267055e-05	
3.721648e-04	7.272704e-05	
2.646330e-04	5.870203e-05	
2.646330e-04	4.770532e-05	
3.721223e-04	6.421109e-05	
3.721223e-04	5.200542e-05	
4.354177e-04	6.945520e-05	
4.867053e-04	5.315207e-05	
3.923178e-04	3.493280e-05	
3.379029e-04	4.541021e-05	
3.379029e-04	6.838672e-05	
4.338660e-04	3.635531e-05	
4.610494e-04	8.347811e-05	
4.311732e-04	1.070023e-04	
2.962021e-04	1.642715e-04	
2.470398e-04	1.768369e-04	
4.346080e-04	3.392893e-04	
4.129174e-04	1.956922e-04	
2.361994e-04	8.611412e-05	
2.650333e-04	1.174660e-05	
4.167296e-04	8.147440e-05	
3.553313e-04	1.002649e-04	
3.245543e-04	4.550447e-05	
2.822965e-04	7.149638e-05	
3.849582e-04	5.437151e-05	
3.849582e-04	4.400141e-05	
4.044309e-04	5.247803e-05	
5.559450e-04	2.352493e-05	
4.543901e-04	4.874666e-05	
5.131442e-04	3.936076e-05	
2.938557e-04	2.780443e-05	
2.248207e-04	5.435838e-05	
3.901138e-04	2.496069e-05	
3.901138e-04	4.713947e-05	
4.133150e-04	1.343831e-05	
3.148802e-04	3.324037e-05	
3.148802e-04	3.006104e-05	
3.598762e-04	2.998302e-05	
3.270123e-04	3.700847e-05	
2.543848e-04	4.771896e-05	
3.822627e-04	7.555943e-05	
3.822627e-04	3.564095e-05	
3.109679e-04	6.488672e-05	
3.109679e-04	7.498862e-05	
4.810050e-04	5.247728e-05	
3.710055e-04	7.041811e-05	
3.820528e-04	5.695523e-05	
4.598821e-04	7.639867e-05	
2.078020e-04	5.493435e-05	
2.078020e-04	5.171539e-05	
2.412516e-04	1.071354e-04	
3.519823e-04	1.029996e-04	
3.701069e-04	1.176184e-04	
2.470398e-04	2.110961e-04	
4.453919e-04	3.450539e-04	
4.666755e-04	3.145073e-04	
3.214488e-04	1.287909e-04	
2.812802e-04	8.524524e-05	
4.167296e-04	5.057741e-06	
4.014792e-04	3.948982e-05	
4.355726e-04	4.637088e-05	
2.822965e-04	5.169308e-05	
3.176856e-04	6.148833e-05	
3.176856e-04	6.754513e-05	
3.821965e-04	5.620233e-05	
3.271154e-04	5.123525e-05	
3.271154e-04	5.371295e-05	
4.268806e-04	4.005189e-05	
2.938557e-04	4.947621e-05	
4.538466e-04	4.508315e-05	
3.156346e-04	3.194553e-05	
3.156346e-04	4.738214e-05	
2.581432e-04	3.606838e-05	
4.247642e-04	5.194268e-05	
3.487212e-04	3.298707e-05	
3.487212e-04	1.766144e-05	
3.270123e-04	1.939844e-05	
2.543848e-04	3.043169e-05	
2.202914e-04	3.610265e-05	
2.533440e-04	5.462385e-05	
4.251837e-04	5.180641e-05	
3.306132e-04	6.182595e-05	
2.817916e-04	4.412534e-05	
3.710055e-04	4.984043e-05	
4.430866e-04	4.596858e-05	
3.357546e-04	2.023894e-05	
3.357546e-04	3.489577e-05	
3.848197e-04	1.025646e-05	
2.266101e-04	1.134012e-04	
2.266101e-04	1.551753e-04	
4.942017e-04	9.814054e-05	
5.244562e-04	1.496855e-04	
3.619894e-04	2.313449e-04	
3.516243e-04	3.430130e-04	
4.383557e-04	7.868207e-05	
2.812802e-04	1.331718e-04	
3.298581e-04	4.807274e-05	
3.298581e-04	1.786840e-05	
4.542143e-04	5.329491e-05	
4.542143e-04	6.676874e-05	
6.245363e-04	7.058994e-05	
3.360008e-04	6.942119e-05	
2.193768e-04	3.274841e-05	
2.193768e-04	3.240373e-05	
5.032280e-04	4.170376e-05	
3.775311e-04	5.287517e-05	
3.775311e-04	5.478856e-05	
4.160679e-04	4.972220e-05	
3.724546e-04	2.834718e-05	
3.025156e-04	4.808734e-05	
2.581432e-04	5.263148e-05	
2.726753e-04	1.123897e-05	
3.715547e-04	4.234510e-05	
3.920807e-04	4.718024e-05	
4.411639e-04	2.408537e-05	
3.950198e-04	1.825471e-05	
2.202914e-04	4.624421e-05	
3.698393e-04	3.218035e-05	
3.698393e-04	3.294683e-05	
4.677288e-04	3.904074e-05	
2.817916e-04	3.470193e-05	
3.783914e-04	3.927460e-05	
2.863151e-04	2.959878e-05	
2.863151e-04	3.891080e-05	
4.941237e-04	2.873200e-05	
2.246331e-04	5.366373e-05	
3.572665e-04	9.255871e-05	
3.572665e-04	6.795856e-05	
4.225977e-04	1.549091e-04	
2.869741e-04	2.083362e-04	
4.078617e-04	1.575227e-04	
3.516243e-04	2.873242e-04	
3.869459e-04	1.048684e-04	
3.869459e-04	1.103593e-04	
2.709356e-04	9.802798e-05	
2.727847e-04	9.050804e-05	
2.727847e-04	7.189595e-05	
2.382493e-04	5.931723e-05	
2.382493e-04	3.590966e-05	
4.761264e-04	4.657777e-05	
3.890856e-04	1.370297e-05	
3.653039e-04	3.846737e-05	
4.335648e-04	4.771580e-06	
4.335648e-04	1.910944e-05	
4.271910e-04	4.860586e-05	
4.295788e-04	4.664680e-05	
3.342546e-04	1.543248e-05	
4.126419e-04	2.960491e-05	
4.854844e-04	3.425034e-05	
2.668344e-04	1.933136e-05	
2.668344e-04	2.786612e-05	
5.381758e-04	3.471153e-05	
2.767230e-04	3.257717e-05	
3.472464e-04	3.694460e-05	
5.721566e-04	6.294348e-05	
4.694029e-04	5.121656e-05	
3.736169e-04	2.922945e-05	
4.677288e-04	4.900388e-05	
3.284926e-04	2.539852e-05	
3.284926e-04	4.617991e-05	
3.848200e-04	4.651763e-05	
5.158884e-04	4.111800e-05	
3.770320e-04	1.636364e-06	
2.246331e-04	6.487670e-05	
4.026266e-04	5.954134e-05	
3.761693e-04	4.109015e-05	
4.017142e-04	3.941160e-05	
2.869741e-04	1.644549e-04	
3.754996e-04	2.520338e-04	
4.345503e-04	1.846276e-04	
4.782572e-04	9.155709e-05	
3.585982e-04	4.957499e-05	
2.709356e-04	7.887365e-05	
4.300395e-04	2.419356e-05	
3.371554e-04	7.380254e-05	
3.798128e-04	3.407809e-05	
3.468202e-04	2.733646e-05	
3.723739e-04	2.018630e-06	
4.689488e-04	2.385691e-06	
4.085815e-04	1.649099e-05	
4.531806e-04	2.276195e-05	
3.464520e-04	2.663416e-05	
3.464520e-04	3.910918e-05	
3.834554e-04	1.369150e-05	
3.342546e-04	4.764668e-05	
3.533246e-04	2.602920e-05	
4.436926e-04	3.040749e-05	
4.436926e-04	3.278436e-05	
2.774640e-04	7.338122e-06	
2.774640e-04	1.137304e-05	
2.767230e-04	4.258849e-05	
3.798139e-04	2.769133e-05	
3.334419e-04	2.039566e-05	
3.791317e-04	3.157488e-05	
3.736169e-04	4.931796e-05	
3.659390e-04	1.720209e-05	
4.050817e-04	3.348669e-05	
4.284323e-04	4.806565e-05	
3.440737e-04	1.477556e-06	
4.075425e-04	2.599962e-05	
3.770320e-04	1.388685e-05	
3.183559e-04	2.066154e-05	
3.183559e-04	5.244919e-05	
4.231613e-04	6.251662e-05	
4.017142e-04	8.054241e-05	
4.767943e-04	6.541983e-05	
3.946424e-04	6.920262e-05	
