2.564103e-02	1.987299e-13	
2.564103e-02	4.161116e-13	
2.564103e-02	8.748557e-14	
2.564103e-02	1.369793e-12	
1.724541e-02	2.040590e-13	
2.436541e-02	1.719735e-13	
2.564103e-02	1.450839e-12	
2.564103e-02	3.620437e-12	
2.357764e-02	1.965095e-14	
1.875848e-02	1.086531e-11	
2.564103e-02	5.526468e-12	
2.533295e-02	8.566481e-13	
2.564103e-02	1.138001e-11	
2.495599e-02	3.030909e-13	
2.564103e-02	5.609513e-12	
2.564103e-02	1.168254e-11	
2.564103e-02	1.123435e-12	
2.564103e-02	6.125322e-12	
2.564103e-02	4.678036e-12	
1.704290e-02	4.832912e-12	
2.559748e-02	6.017409e-14	
1.813248e-02	3.314016e-12	
2.358927e-02	5.319001e-11	
2.564103e-02	2.600808e-12	
2.494762e-02	2.418288e-12	
1.765161e-02	1.318945e-12	
2.564103e-02	3.825051e-12	
2.564103e-02	3.974598e-14	
1.847735e-02	1.010991e-11	
2.564103e-02	1.415978e-12	
2.267147e-02	5.567768e-13	
2.530434e-02	9.852119e-13	
2.446266e-02	1.188316e-11	
2.404821e-02	1.351252e-12	
1.824843e-02	1.372680e-12	
2.564103e-02	3.788081e-13	
2.564103e-02	3.519185e-12	
2.244388e-02	1.270428e-12	
2.390896e-02	3.671508e-13	
2.564103e-02	3.512746e-13	
2.564103e-02	4.558243e-11	
2.182611e-02	2.534747e-12	
2.015170e-02	3.314813e-14	
2.564103e-02	1.587435e-13	
2.012824e-02	6.090342e-15	
2.564103e-02	4.737345e-14	
2.564103e-02	2.394803e-15	
2.201018e-02	1.827038e-15	
2.021959e-02	1.396090e-15	
2.564103e-02	4.222367e-16	
2.120796e-02	0	
2.019923e-02	1.992333e-15	
2.564103e-02	1.023611e-15	
2.564103e-02	0	
1.897731e-02	1.555734e-16	
1.875930e-02	1.654145e-15	
1.725103e-02	8.785527e-16	
2.564103e-02	7.178717e-16	
2.564103e-02	1.133797e-15	
2.372546e-02	2.816292e-16	
1.708853e-02	1.830590e-15	
2.564103e-02	7.086232e-16	
1.670656e-02	1.005020e-15	
1.940800e-02	5.857018e-16	
1.553324e-02	1.503768e-16	
2.297777e-02	1.089013e-15	
2.564103e-02	5.839908e-15	
2.564103e-02	4.435647e-15	
2.477476e-02	5.433634e-16	
1.955945e-02	1.166095e-15	
2.318299e-02	1.477828e-15	
2.513363e-02	1.279749e-15	
2.339154e-02	1.305027e-16	
2.564103e-02	2.544478e-15	
1.735633e-02	1.767666e-16	
2.564103e-02	5.655317e-15	
2.484162e-02	1.667234e-14	
2.564103e-02	4.123710e-13	
2.564103e-02	5.566666e-13	
2.564103e-02	4.849754e-11	
2.564103e-02	5.478951e-13	
2.153488e-02	6.307621e-12	
2.564103e-02	1.927014e-12	
2.564103e-02	1.107558e-12	
2.564103e-02	8.763434e-12	
2.564103e-02	5.995204e-15	
1.676688e-02	4.709788e-12	
2.312232e-02	6.474821e-13	
1.871384e-02	4.498624e-13	
2.564103e-02	1.441069e-12	
2.286131e-02	3.738632e-11	
2.564103e-02	8.015255e-12	
1.644413e-02	4.617418e-13	
2.029181e-02	9.924062e-12	
1.599247e-02	1.375922e-11	
1.864411e-02	1.613176e-11	
2.204896e-02	3.261391e-12	
2.564103e-02	2.787548e-12	
2.340414e-02	4.047762e-12	
2.528640e-02	1.500229e-10	
2.112101e-02	1.935452e-12	
2.455658e-02	6.671330e-12	
2.077495e-02	1.141420e-12	
2.564103e-02	4.863998e-12	
2.564103e-02	4.896972e-11	
2.317356e-02	1.381517e-11	
2.564103e-02	5.484724e-12	
2.564103e-02	2.031930e-12	
2.564103e-02	2.997891e-11	
2.120825e-02	6.211698e-12	
2.564103e-02	2.143585e-11	
2.564103e-02	2.730616e-11	
2.564103e-02	1.609357e-11	
1.836043e-02	2.016431e-11	
2.281501e-02	4.275291e-11	
2.564103e-02	1.813960e-11	
2.564103e-02	5.123679e-12	
2.564103e-02	6.849854e-12	
1.795202e-02	5.029310e-14	
2.564103e-02	6.981082e-13	
2.564103e-02	2.680078e-13	
2.564103e-02	1.720468e-11	
2.278295e-02	1.828315e-11	
2.441044e-02	6.616929e-14	
2.153647e-02	3.749445e-12	
2.134829e-02	4.580780e-12	
1.558221e-02	4.786616e-12	
1.815851e-02	4.911627e-12	
1.701622e-02	1.493472e-12	
2.564103e-02	5.495604e-12	
2.564103e-02	4.163325e-11	
2.564103e-02	7.727152e-14	
2.479341e-02	4.649614e-12	
2.564103e-02	6.208944e-11	
2.564103e-02	9.065415e-12	
2.564103e-02	4.792777e-11	
2.564103e-02	2.447198e-11	
2.564103e-02	1.204647e-11	
2.564103e-02	7.989165e-13	
2.564103e-02	2.085998e-12	
2.564103e-02	1.674472e-11	
1.937805e-02	1.942335e-12	
1.838086e-02	7.840395e-13	
2.062294e-02	7.277468e-11	
2.564103e-02	1.286310e-10	
2.564103e-02	3.776046e-11	
2.361283e-02	3.407497e-11	
2.148838e-02	1.762412e-11	
2.564103e-02	2.258527e-11	
2.564103e-02	1.954392e-11	
2.415591e-02	8.846035e-12	
2.564103e-02	1.382726e-10	
1.675778e-02	8.203771e-12	
2.564103e-02	2.119194e-12	
2.564103e-02	8.856471e-12	
2.564103e-02	8.083867e-12	
1.610939e-02	1.022211e-05	
1.610939e-02	4.152659e-05	
2.034615e-02	2.609021e-05	
1.724541e-02	4.496473e-05	
1.845542e-02	4.972907e-05	
2.078574e-02	9.554581e-05	
2.269401e-02	5.859623e-05	
1.589406e-02	1.739996e-04	
1.875848e-02	1.103342e-04	
1.390919e-02	1.598217e-04	
1.390919e-02	1.288171e-04	
1.800650e-02	1.500684e-04	
1.725610e-02	8.173407e-05	
1.725610e-02	9.102857e-05	
1.814819e-02	1.980770e-04	
1.773800e-02	1.368676e-04	
1.386948e-02	2.247935e-04	
1.386948e-02	3.144940e-04	
1.679390e-02	1.447449e-04	
1.679390e-02	2.559568e-04	
1.813248e-02	1.339996e-04	
2.358927e-02	7.379473e-05	
2.263820e-02	1.901419e-04	
2.451722e-02	1.399657e-04	
1.765161e-02	1.660429e-04	
1.917828e-02	7.947414e-05	
1.917828e-02	5.856461e-05	
1.847735e-02	9.680484e-05	
2.711937e-02	1.585050e-04	
9.542176e-03	1.707712e-04	
9.542176e-03	1.860294e-04	
2.446266e-02	8.873125e-05	
2.313427e-02	7.534337e-05	
1.553597e-02	5.209544e-05	
1.553597e-02	5.991250e-05	
2.552619e-02	6.747840e-05	
2.171042e-02	2.772035e-05	
1.795202e-02	2.121624e-06	
2.153488e-02	2.957848e-05	
1.844844e-02	4.351774e-05	
2.034615e-02	7.547471e-05	
1.722086e-02	8.136702e-05	
1.722086e-02	5.246747e-05	
1.541671e-02	6.952037e-05	
1.982313e-02	2.368533e-04	
1.586035e-02	1.110072e-04	
1.586035e-02	9.434744e-05	
1.738953e-02	1.697348e-04	
2.291440e-02	2.759400e-04	
2.068704e-02	2.535841e-04	
2.131028e-02	2.678186e-04	
1.155013e-02	3.212177e-04	
1.155013e-02	3.720944e-04	
1.814819e-02	2.807080e-04	
1.554170e-02	2.057368e-04	
1.599610e-02	2.988232e-04	
1.972264e-02	2.015449e-04	
1.790805e-02	2.121251e-04	
2.459875e-02	1.875524e-04	
1.400489e-02	1.389153e-04	
1.400489e-02	3.896974e-06	
1.060005e-02	8.985331e-06	
1.060005e-02	3.619023e-05	
2.413960e-02	6.163094e-05	
6.689491e-03	6.366195e-05	
6.689491e-03	8.014326e-05	
1.856612e-02	6.194323e-06	
2.243482e-02	2.459559e-05	
2.254149e-02	4.060069e-05	
2.045391e-02	7.323045e-05	
2.045391e-02	1.352801e-05	
2.240542e-02	2.224666e-05	
1.734466e-02	2.663374e-05	
2.235411e-02	2.642439e-05	
1.740410e-02	4.044114e-05	
1.740410e-02	3.879365e-05	
2.167041e-02	3.803643e-06	
2.050075e-02	1.905895e-06	
2.376166e-02	5.302903e-05	
1.420346e-02	7.512202e-05	
1.420346e-02	3.919954e-05	
1.541671e-02	6.192381e-05	
1.917026e-02	1.661117e-04	
1.631782e-02	6.501133e-05	
1.631782e-02	3.186334e-05	
2.484259e-02	1.830560e-05	
2.087163e-02	5.533644e-05	
8.699273e-03	1.629954e-04	
2.689118e-02	1.003686e-04	
2.047696e-02	9.021988e-05	
1.120534e-02	1.053925e-04	
9.225488e-03	1.135671e-04	
2.589296e-02	1.486127e-04	
1.599610e-02	9.599283e-05	
2.106659e-02	4.538647e-05	
1.939254e-02	3.882064e-05	
2.800932e-02	6.153468e-06	
1.387752e-02	9.356108e-05	
1.387752e-02	7.688035e-05	
1.442620e-02	3.026957e-05	
1.183603e-02	3.148668e-05	
1.183603e-02	8.225820e-05	
9.357551e-03	5.954370e-06	
1.015401e-02	1.507857e-05	
1.015401e-02	1.955948e-06	
2.243482e-02	7.098773e-05	
1.522346e-02	3.745431e-05	
2.499608e-02	1.028606e-04	
2.432066e-02	6.650866e-05	
1.260467e-02	1.348418e-04	
1.260467e-02	1.392175e-04	
2.235411e-02	3.662690e-05	
1.003283e-02	1.432706e-04	
1.003283e-02	1.160508e-04	
2.167041e-02	1.492463e-05	
2.050075e-02	1.611458e-05	
2.051904e-02	3.772590e-05	
1.950464e-02	4.301667e-05	
1.950464e-02	3.047816e-05	
3.048247e-02	1.170186e-04	
1.646294e-02	6.695860e-05	
1.646294e-02	1.120231e-05	
1.726566e-02	6.792763e-05	
2.087163e-02	4.917969e-06	
2.263917e-02	7.417248e-05	
8.699273e-03	9.502909e-05	
2.416384e-02	4.743923e-05	
1.968715e-02	3.607330e-05	
2.229833e-02	4.885962e-06	
9.225488e-03	6.553870e-05	
8.061194e-03	5.379228e-05	
8.061194e-03	7.297764e-05	
2.647613e-02	5.442693e-05	
1.939254e-02	3.077917e-05	
1.389055e-02	5.637992e-05	
2.289568e-02	1.450080e-05	
2.387893e-02	2.726671e-05	
1.442620e-02	1.280865e-05	
2.500075e-02	1.602618e-05	
2.132633e-02	1.171156e-06	
9.357551e-03	1.842001e-05	
9.932160e-03	1.882193e-05	
2.211308e-02	1.548115e-05	
1.805547e-02	6.762339e-05	
1.522346e-02	2.790129e-05	
1.712041e-02	3.841717e-05	
1.542373e-02	1.274379e-04	
1.682852e-02	9.922680e-05	
1.859962e-02	8.752476e-05	
1.859962e-02	1.283780e-04	
1.697565e-02	2.319697e-04	
1.697565e-02	1.659209e-04	
2.527278e-02	5.669684e-05	
1.302683e-02	1.166817e-05	
1.302683e-02	5.339891e-05	
2.062184e-02	6.570531e-05	
1.052579e-02	1.070995e-05	
2.254424e-02	5.960124e-07	
1.465885e-02	7.249142e-06	
1.465885e-02	8.794527e-06	
1.726566e-02	1.229463e-05	
2.383358e-02	1.638431e-05	
1.684253e-02	3.252614e-05	
2.044471e-02	4.383526e-05	
1.641032e-02	2.445306e-05	
1.641032e-02	1.627532e-05	
1.464218e-02	2.849852e-06	
2.395116e-02	1.055821e-04	
2.395116e-02	8.448608e-05	
8.163279e-03	5.867090e-05	
8.163279e-03	6.475667e-05	
1.875683e-02	8.412932e-05	
1.389055e-02	8.172236e-05	
1.148675e-02	4.772638e-05	
1.148675e-02	3.365526e-06	
2.067786e-02	1.812793e-05	
1.714671e-02	7.617104e-06	
1.955369e-02	2.292239e-05	
1.955369e-02	2.242203e-05	
9.932160e-03	1.854506e-05	
1.172264e-02	1.404946e-05	
8.940527e-03	7.402133e-05	
1.260754e-02	7.149663e-05	
1.712041e-02	8.333802e-05	
1.542373e-02	1.310233e-04	
1.693935e-02	1.388973e-04	
1.262552e-02	8.652027e-05	
1.884987e-02	1.066400e-04	
1.895846e-02	1.803532e-04	
2.278295e-02	1.037447e-04	
1.866490e-02	7.025963e-05	
1.816520e-02	2.594194e-05	
1.360323e-02	1.045849e-04	
2.062184e-02	7.492782e-05	
1.052579e-02	4.949219e-07	
1.734938e-02	6.048245e-05	
1.734938e-02	5.159279e-05	
2.029609e-02	6.781405e-06	
2.029609e-02	2.938554e-05	
1.278048e-02	8.241692e-05	
1.684253e-02	3.798078e-06	
1.501529e-02	5.029658e-05	
1.501529e-02	6.350508e-05	
1.854211e-02	4.294604e-05	
1.464218e-02	5.889481e-06	
1.602611e-02	6.727835e-05	
1.602611e-02	5.501821e-05	
1.516397e-02	4.072701e-06	
2.019712e-02	9.205607e-05	
1.281938e-02	5.327712e-05	
1.634164e-02	5.315501e-05	
2.228203e-02	6.689842e-05	
2.026662e-02	2.872363e-05	
1.796009e-02	6.240627e-05	
1.714671e-02	1.110762e-05	
2.425348e-02	1.027050e-04	
2.644671e-02	8.818910e-05	
2.505904e-02	3.986019e-05	
1.172264e-02	2.770703e-05	
8.940527e-03	6.134117e-05	
1.609766e-02	7.607560e-05	
1.999221e-02	9.980268e-05	
1.999221e-02	5.281809e-05	
1.751742e-02	9.121122e-05	
1.262552e-02	7.356740e-05	
2.538899e-02	3.214974e-05	
2.163914e-02	1.015268e-04	
1.150406e-02	1.135519e-04	
1.676688e-02	3.560537e-05	
1.816520e-02	7.522322e-06	
2.187366e-02	4.696755e-05	
2.187366e-02	7.842560e-05	
2.733534e-02	6.102412e-05	
1.425672e-02	4.052887e-05	
1.425672e-02	4.603002e-05	
1.953085e-02	1.100633e-04	
2.071922e-02	1.372937e-06	
1.278048e-02	5.566141e-06	
2.096347e-02	1.349914e-05	
2.096347e-02	3.189989e-05	
2.420180e-02	1.214423e-05	
2.760920e-02	1.117478e-05	
2.072368e-02	1.164840e-04	
2.122651e-02	8.550214e-05	
2.088460e-02	7.794159e-05	
2.092722e-02	6.641948e-05	
2.019712e-02	5.133629e-05	
1.281938e-02	6.076329e-05	
2.006388e-02	4.672518e-05	
2.178130e-02	8.563167e-05	
2.438544e-02	1.310832e-04	
1.257827e-02	6.379860e-05	
2.448840e-02	9.239509e-05	
1.662125e-02	5.415233e-05	
1.710834e-02	6.321105e-05	
1.839922e-02	1.427050e-04	
1.659754e-02	1.444479e-04	
9.410073e-03	1.973609e-04	
9.559142e-03	1.814445e-04	
9.559142e-03	1.787249e-04	
3.092993e-02	3.077158e-05	
1.742575e-02	1.029566e-04	
1.742575e-02	1.203432e-04	
1.790811e-02	9.449155e-05	
2.825547e-02	7.597770e-05	
1.150406e-02	1.175165e-04	
2.312232e-02	6.119366e-05	
2.216215e-02	3.076219e-05	
9.905587e-03	1.694790e-04	
2.067546e-02	1.252093e-04	
1.738814e-02	1.137871e-04	
1.738814e-02	2.582581e-05	
2.180813e-02	1.508026e-05	
1.902648e-02	5.337545e-05	
1.902648e-02	5.925296e-06	
2.156670e-02	5.752551e-05	
1.272806e-02	1.167667e-04	
1.979116e-02	1.208875e-04	
1.533078e-02	1.354992e-04	
1.936693e-02	1.522124e-04	
2.072368e-02	1.338845e-04	
2.122651e-02	6.392080e-05	
1.392740e-02	1.094983e-04	
1.392740e-02	9.230295e-05	
2.080896e-02	4.139459e-05	
2.043048e-02	7.701090e-05	
1.969611e-02	5.891093e-05	
1.969611e-02	7.819315e-05	
1.550259e-02	3.650650e-05	
1.242241e-02	6.843064e-05	
1.242241e-02	5.029125e-05	
1.662125e-02	4.677904e-05	
2.597810e-02	2.399436e-05	
1.970980e-02	5.173673e-05	
9.590343e-03	1.491125e-04	
9.410073e-03	1.819461e-04	
2.366670e-02	1.652952e-04	
2.411463e-02	5.353049e-05	
2.011854e-02	2.169673e-05	
2.078622e-02	6.696549e-05	
1.888447e-02	9.808859e-05	
1.942042e-02	5.976208e-05	
2.175586e-02	9.302754e-05	
2.134829e-02	2.424156e-04	
1.871384e-02	5.413714e-05	
1.158760e-02	3.900320e-05	
9.905587e-03	1.381997e-04	
2.027350e-02	3.820467e-05	
2.027350e-02	2.836045e-05	
1.848207e-02	2.534672e-05	
2.172207e-02	4.958823e-05	
2.172207e-02	4.913971e-05	
2.133874e-02	3.350177e-05	
2.238446e-02	8.601548e-05	
1.272806e-02	1.003711e-04	
1.383610e-02	6.649112e-05	
1.533078e-02	1.217413e-04	
1.590633e-02	8.616910e-05	
2.535314e-02	8.851476e-05	
1.401358e-02	5.996505e-05	
1.401358e-02	3.354475e-05	
1.786513e-02	8.834136e-05	
1.786513e-02	7.861848e-05	
1.998261e-02	4.914557e-05	
1.370485e-02	1.169885e-04	
1.370485e-02	9.826725e-05	
1.550259e-02	4.033008e-05	
2.068766e-02	6.074432e-05	
2.027042e-02	1.082203e-04	
2.027042e-02	6.797028e-05	
2.367535e-02	7.389683e-05	
2.513037e-02	1.078850e-04	
1.896119e-02	1.322187e-04	
1.477958e-02	1.711630e-04	
1.477958e-02	1.146555e-04	
1.503218e-02	1.087410e-04	
2.011854e-02	8.751387e-05	
2.154514e-02	1.525687e-04	
1.610277e-02	1.629520e-04	
1.610277e-02	1.338203e-04	
2.602186e-02	2.650435e-05	
1.558221e-02	1.357170e-04	
2.165014e-02	1.474906e-04	
1.158760e-02	7.080381e-05	
1.718136e-02	2.639463e-05	
1.349163e-02	2.653143e-05	
7.428102e-03	5.181035e-05	
7.428102e-03	5.036244e-05	
2.262508e-02	9.964083e-05	
2.253587e-02	7.331725e-05	
1.701457e-02	7.582880e-05	
1.701457e-02	9.267664e-05	
2.706464e-02	6.673566e-05	
1.383610e-02	6.779739e-05	
1.845652e-02	5.403531e-05	
1.590633e-02	9.931514e-05	
1.966061e-02	6.818401e-05	
2.577898e-02	3.562118e-05	
2.485284e-02	4.933560e-05	
1.929270e-02	4.958280e-05	
1.869361e-02	9.608354e-05	
1.747750e-02	4.184145e-05	
1.747750e-02	9.143993e-05	
2.017584e-02	5.218240e-05	
1.745812e-02	5.553052e-05	
1.745812e-02	8.060639e-05	
1.756623e-02	8.891438e-05	
1.961379e-02	7.614910e-05	
1.094160e-02	6.888626e-05	
1.350188e-02	7.157472e-05	
1.896119e-02	9.611248e-05	
2.065314e-02	1.143527e-04	
1.428912e-02	9.732502e-05	
1.428912e-02	8.121478e-05	
2.229977e-02	6.348283e-05	
1.415342e-02	1.314961e-04	
1.415342e-02	1.560224e-04	
1.452670e-02	4.112479e-05	
1.452670e-02	6.589029e-05	
1.815851e-02	2.759411e-04	
2.170945e-02	1.690337e-04	
2.170945e-02	1.273758e-04	
1.349163e-02	5.060271e-05	
2.237161e-02	9.388250e-05	
1.331772e-02	1.728745e-05	
2.484550e-02	7.124898e-05	
1.894735e-02	5.262088e-05	
1.737557e-02	5.823480e-05	
1.737557e-02	4.007688e-05	
1.770335e-02	7.168227e-05	
1.904234e-02	1.356210e-04	
8.290917e-03	7.051219e-05	
1.845652e-02	1.155672e-04	
1.319484e-02	8.587470e-05	
1.319484e-02	7.264747e-05	
1.537164e-02	7.292517e-05	
1.537164e-02	8.787139e-05	
1.413052e-02	1.017225e-04	
1.687493e-02	7.902940e-05	
1.687493e-02	7.712105e-05	
1.839257e-02	5.869050e-05	
1.839257e-02	4.238340e-05	
2.138025e-02	8.176918e-05	
7.674455e-03	3.719176e-05	
1.756623e-02	9.614509e-05	
2.195810e-02	5.170472e-05	
1.094160e-02	4.901196e-05	
1.350188e-02	3.981284e-05	
2.127338e-02	1.228434e-05	
2.065314e-02	2.257256e-05	
1.630612e-02	9.257898e-05	
1.817438e-02	7.507038e-05	
2.061600e-02	6.211943e-05	
1.915110e-02	1.311373e-04	
1.915110e-02	1.385693e-04	
1.781915e-02	2.210902e-05	
1.774793e-02	8.389554e-05	
1.701622e-02	2.696181e-04	
2.699008e-02	3.627520e-04	
1.540067e-02	5.376884e-05	
1.540067e-02	5.012156e-05	
1.948262e-02	5.319252e-05	
1.331772e-02	1.088339e-05	
1.972795e-02	2.127979e-05	
1.894735e-02	4.777292e-05	
1.893149e-02	5.334614e-05	
2.242117e-02	1.111144e-04	
1.387751e-02	1.013011e-04	
2.465343e-02	4.792953e-05	
8.290917e-03	5.923416e-05	
1.355606e-02	3.645601e-05	
2.157940e-02	1.185001e-05	
2.262267e-02	1.978525e-05	
2.085343e-02	5.065310e-05	
1.579716e-02	7.873853e-05	
1.413052e-02	8.516072e-05	
1.831981e-02	9.557603e-05	
9.693763e-03	9.369219e-05	
1.104204e-02	4.957049e-05	
2.186275e-02	3.747487e-05	
1.136587e-02	4.853955e-05	
7.674455e-03	4.586951e-05	
2.209793e-02	2.888285e-05	
2.209793e-02	5.061213e-05	
1.335295e-02	4.798843e-05	
1.335295e-02	4.900626e-05	
1.107142e-02	4.648279e-05	
1.811026e-02	4.803098e-06	
1.630612e-02	1.144088e-04	
1.299429e-02	9.118432e-05	
1.299429e-02	6.088465e-05	
1.931300e-02	1.869454e-05	
1.484460e-02	8.440690e-05	
1.484460e-02	2.591315e-05	
2.338606e-02	4.286674e-05	
2.868516e-02	2.085848e-04	
1.644413e-02	2.025744e-04	
1.425015e-02	1.161174e-05	
2.470745e-02	8.727657e-05	
1.999517e-02	1.196437e-04	
2.643569e-02	7.357757e-06	
1.972795e-02	2.239586e-05	
2.560677e-02	4.401250e-06	
2.286793e-02	9.667607e-05	
1.768445e-02	1.346023e-04	
1.387751e-02	9.741365e-05	
1.335937e-02	3.627066e-05	
2.139603e-02	4.317357e-05	
2.157940e-02	5.183366e-05	
1.456756e-02	5.112925e-05	
1.016036e-02	6.694534e-06	
7.197814e-03	8.199247e-05	
7.197814e-03	7.671779e-05	
1.263059e-02	8.479875e-06	
1.263059e-02	6.008514e-06	
9.693763e-03	8.767239e-05	
1.104204e-02	5.504780e-05	
1.430548e-02	9.524467e-05	
1.540568e-02	1.592067e-04	
2.104341e-02	1.275152e-04	
2.065821e-02	1.133674e-04	
2.056405e-02	1.581319e-04	
1.186860e-02	1.126358e-04	
2.344637e-02	1.012958e-04	
1.107142e-02	5.992401e-05	
1.811026e-02	2.429381e-05	
1.952020e-02	1.030960e-04	
2.138791e-02	1.544360e-04	
2.049231e-02	1.525956e-05	
2.049231e-02	4.451127e-05	
1.157110e-02	1.358400e-04	
1.157110e-02	1.140225e-04	
2.161666e-02	1.436550e-04	
1.685347e-02	6.076670e-05	
2.029181e-02	4.456719e-04	
1.425015e-02	4.066579e-06	
1.863537e-02	2.325129e-05	
1.898393e-02	9.310235e-05	
1.097859e-02	1.143195e-04	
1.416100e-02	7.034136e-05	
1.416100e-02	6.469201e-05	
1.234202e-02	2.326200e-05	
1.329680e-02	3.964195e-05	
1.335937e-02	7.681427e-05	
1.894419e-02	5.297651e-05	
2.139603e-02	4.132861e-05	
2.347423e-02	1.850358e-05	
1.456756e-02	6.536252e-05	
1.016036e-02	3.966674e-06	
2.176137e-02	5.498425e-05	
1.835181e-02	7.261498e-05	
1.687591e-02	5.691475e-05	
2.028656e-02	4.863430e-05	
1.530330e-02	8.297268e-05	
1.530330e-02	9.988020e-05	
1.430548e-02	1.163848e-04	
1.184773e-02	6.204215e-05	
1.971526e-02	1.052097e-04	
1.454068e-02	1.018927e-04	
2.162013e-02	1.091531e-04	
1.186860e-02	1.042830e-04	
1.827584e-02	7.826540e-05	
1.413014e-02	7.314510e-05	
1.413014e-02	6.117394e-05	
1.952020e-02	1.017119e-04	
2.138791e-02	9.101667e-05	
1.706382e-02	7.114316e-05	
1.706382e-02	9.135833e-05	
2.100755e-02	1.316041e-04	
2.100755e-02	1.548859e-04	
1.283663e-02	1.308557e-04	
1.283663e-02	1.334477e-04	
1.599247e-02	3.212576e-04	
1.874005e-02	4.150321e-05	
1.863537e-02	5.321311e-05	
2.521714e-02	8.702496e-05	
1.097859e-02	7.724987e-05	
1.793143e-02	9.511424e-05	
1.680903e-02	4.517551e-05	
1.234202e-02	1.391452e-05	
1.807360e-02	3.830281e-05	
1.908409e-02	7.515591e-06	
1.908409e-02	5.265064e-05	
2.225240e-02	1.890229e-05	
2.021170e-02	3.875037e-05	
1.079498e-02	4.075806e-05	
1.079498e-02	1.245922e-05	
1.612343e-02	6.289019e-05	
1.835181e-02	9.343487e-05	
1.687591e-02	5.467949e-05	
1.734927e-02	6.966807e-05	
1.734927e-02	9.655774e-05	
1.661877e-02	1.182767e-04	
2.326790e-02	1.293441e-04	
2.190587e-02	9.152187e-05	
1.184773e-02	6.858044e-05	
1.454068e-02	7.921315e-05	
2.097522e-02	8.874851e-05	
2.097522e-02	4.799154e-05	
1.827584e-02	7.441269e-05	
1.875776e-02	7.028317e-05	
2.330443e-02	8.343482e-05	
1.514072e-02	7.577115e-05	
2.467985e-02	8.350762e-05	
1.818383e-02	3.050505e-05	
1.577967e-02	1.385888e-05	
1.498295e-02	9.547935e-05	
1.623640e-02	1.316821e-04	
1.581363e-02	1.078736e-04	
2.479341e-02	4.120697e-05	
1.864411e-02	3.143200e-04	
1.874005e-02	2.590285e-05	
2.289069e-02	7.333220e-05	
2.521714e-02	8.217298e-05	
1.177367e-02	1.623708e-05	
1.434744e-02	2.500623e-05	
1.680903e-02	2.789626e-05	
1.829313e-02	6.335862e-05	
1.134855e-02	2.698887e-05	
1.134855e-02	1.548943e-05	
2.383141e-02	5.906914e-05	
1.355318e-02	3.253679e-05	
1.355318e-02	4.873016e-05	
2.660862e-02	3.032606e-06	
1.528249e-02	2.120346e-05	
1.528249e-02	2.006746e-05	
2.736010e-02	3.224459e-05	
2.142698e-02	4.857488e-05	
2.045169e-02	5.471121e-05	
1.874440e-02	6.278355e-05	
1.661877e-02	1.013802e-04	
1.964033e-02	9.249189e-05	
1.829357e-02	1.282613e-04	
1.639459e-02	1.030769e-04	
2.325506e-02	1.354998e-04	
2.325506e-02	1.066662e-04	
1.961847e-02	7.281182e-05	
2.245607e-02	5.279255e-05	
1.494631e-02	5.587201e-05	
1.494631e-02	4.206414e-05	
1.514072e-02	5.770763e-05	
1.871842e-02	9.024646e-05	
1.509174e-02	7.810326e-05	
1.577967e-02	2.129011e-06	
1.473524e-02	6.124833e-05	
1.473524e-02	8.667684e-05	
2.142246e-02	3.292914e-05	
2.142246e-02	6.726904e-06	
1.231689e-02	3.458360e-04	
2.636204e-02	2.114125e-04	
2.289069e-02	7.312631e-05	
2.273138e-02	4.712745e-05	
1.177367e-02	2.145123e-05	
2.322525e-02	2.291393e-06	
2.504003e-02	1.575628e-05	
2.345646e-02	6.058757e-05	
1.656599e-02	5.838617e-05	
1.701645e-02	3.848313e-05	
1.701645e-02	2.863095e-05	
1.734189e-02	5.332802e-05	
1.734189e-02	7.914529e-05	
2.120660e-02	3.608812e-05	
2.241194e-02	3.520511e-05	
2.205425e-02	9.616699e-05	
2.357843e-02	4.038386e-05	
1.477265e-02	1.185823e-04	
1.477265e-02	9.048975e-05	
2.040283e-02	6.344046e-05	
2.386277e-02	8.837183e-05	
1.135916e-02	5.483990e-05	
1.135916e-02	6.333559e-05	
1.639459e-02	1.216344e-04	
1.631743e-02	9.736132e-05	
2.792428e-02	1.157751e-04	
1.659915e-02	8.473383e-05	
1.659915e-02	9.028478e-05	
2.638066e-02	1.642619e-04	
1.349030e-02	1.033242e-04	
1.482149e-02	6.703901e-05	
1.482149e-02	7.876582e-05	
1.509174e-02	9.556030e-05	
2.094796e-02	1.517548e-04	
2.094796e-02	1.392254e-04	
1.902290e-02	9.889658e-06	
1.677544e-02	1.681219e-04	
1.677544e-02	1.516916e-04	
1.231689e-02	3.924385e-04	
1.781839e-02	2.003085e-04	
2.103789e-02	6.066161e-05	
2.103789e-02	2.084673e-05	
1.944728e-02	1.682712e-05	
1.975649e-02	5.711968e-05	
2.106712e-02	8.389797e-05	
2.106712e-02	1.159029e-04	
2.473739e-02	8.403977e-05	
2.020737e-02	5.756144e-05	
1.368105e-02	6.805274e-05	
1.368105e-02	5.788747e-05	
2.835685e-02	4.484130e-05	
1.861623e-02	4.817513e-05	
1.861623e-02	6.339978e-05	
1.934335e-02	4.997171e-05	
1.576443e-02	5.861541e-05	
1.576443e-02	5.592196e-05	
9.874475e-03	1.015556e-04	
9.874475e-03	9.754023e-05	
2.339188e-02	8.307373e-05	
2.265449e-02	7.913501e-05	
1.641532e-02	5.998371e-05	
1.641532e-02	4.750094e-05	
1.631743e-02	7.094877e-05	
1.207016e-02	6.447098e-05	
1.207016e-02	8.996060e-05	
1.926145e-02	1.005341e-04	
2.124946e-02	8.799933e-05	
1.349030e-02	8.463994e-05	
2.382880e-02	1.076317e-04	
2.813272e-02	1.227023e-04	
8.876806e-03	9.540431e-05	
8.876806e-03	1.010125e-04	
1.188383e-02	3.599727e-05	
1.188383e-02	6.416555e-05	
1.833941e-02	3.017533e-04	
2.093845e-02	1.439496e-04	
2.340414e-02	4.254858e-04	
1.747686e-02	3.207843e-04	
1.547080e-02	3.079896e-05	
2.088544e-02	4.270571e-05	
1.944728e-02	4.776890e-05	
1.879510e-02	3.113214e-05	
1.975649e-02	1.631185e-06	
6.582596e-03	7.840001e-05	
6.582596e-03	6.605464e-05	
1.883831e-02	9.020423e-05	
1.883831e-02	6.643803e-05	
1.977968e-02	1.026393e-04	
1.977968e-02	5.034224e-05	
2.367393e-02	6.821300e-05	
1.660835e-02	4.582770e-05	
2.088344e-02	5.909542e-05	
2.310865e-02	8.009461e-05	
2.164072e-02	6.776342e-05	
2.617820e-02	7.526050e-05	
2.077098e-02	5.727999e-05	
2.049416e-02	5.881147e-05	
1.560308e-02	8.288030e-05	
1.995720e-02	9.157885e-05	
1.995720e-02	6.950896e-05	
2.827749e-02	1.009385e-04	
1.909010e-02	9.262460e-05	
1.782838e-02	5.493775e-05	
1.782838e-02	6.591059e-05	
1.286859e-02	4.852605e-05	
1.286859e-02	8.343038e-05	
2.325032e-02	1.081606e-04	
2.594101e-02	1.096078e-04	
2.403674e-02	1.947634e-04	
2.246287e-02	5.457852e-05	
2.001332e-02	5.891581e-05	
1.698574e-02	3.164283e-05	
1.180074e-02	1.791928e-04	
1.180074e-02	2.157812e-04	
2.392743e-02	2.249056e-04	
1.747686e-02	3.302806e-04	
1.547080e-02	9.778592e-05	
1.838884e-02	3.070829e-05	
2.042025e-02	4.098958e-05	
1.401079e-02	4.973750e-06	
1.401079e-02	4.219847e-05	
2.341318e-02	2.673568e-05	
1.618947e-02	9.448408e-05	
1.618947e-02	6.386977e-05	
1.958952e-02	8.874722e-05	
1.958952e-02	1.000541e-04	
1.410395e-02	8.868463e-05	
1.412304e-02	8.156095e-05	
1.660835e-02	6.494260e-05	
2.091276e-02	5.391331e-05	
2.091276e-02	6.772166e-05	
2.164072e-02	9.133143e-05	
2.071440e-02	8.155280e-05	
1.556002e-02	5.923101e-05	
1.556002e-02	6.128534e-05	
1.560308e-02	8.550385e-05	
1.695409e-02	6.637238e-05	
1.020457e-02	4.033464e-05	
1.294378e-02	4.410040e-05	
1.558011e-02	1.073145e-04	
2.000328e-02	8.048368e-05	
1.332383e-02	6.686456e-05	
1.215204e-02	9.017588e-05	
1.802998e-02	7.831397e-05	
1.802998e-02	7.175735e-05	
2.837857e-02	7.354260e-05	
2.403674e-02	1.483262e-04	
1.972225e-02	8.452544e-05	
1.534933e-02	1.339413e-04	
1.234069e-02	1.269043e-04	
1.448398e-02	1.614884e-04	
1.448398e-02	1.200077e-04	
2.112101e-02	2.883361e-04	
2.155733e-02	2.371886e-04	
7.104637e-03	2.952745e-05	
7.104637e-03	7.791378e-05	
1.862482e-02	1.354138e-04	
1.260631e-02	8.050302e-05	
1.260631e-02	7.589748e-05	
1.661743e-02	5.991553e-05	
1.661743e-02	8.703232e-06	
1.662439e-02	7.553436e-05	
1.662439e-02	5.785237e-05	
2.663533e-02	2.448711e-05	
1.410395e-02	8.344451e-05	
1.962950e-02	7.434479e-05	
1.525783e-02	6.222960e-05	
1.525783e-02	9.257082e-05	
7.234279e-03	1.034492e-04	
2.293161e-02	9.277010e-05	
1.950596e-02	7.162914e-05	
1.186625e-02	4.329219e-05	
1.243536e-02	3.344681e-05	
2.365731e-02	4.872506e-05	
2.238837e-02	7.917708e-05	
1.020457e-02	3.948307e-05	
1.899019e-02	3.989970e-05	
1.558011e-02	9.394584e-05	
1.847315e-02	2.716959e-05	
1.894463e-02	1.055355e-04	
1.215204e-02	1.186301e-04	
1.698798e-02	8.066004e-05	
1.698798e-02	6.416437e-05	
2.442916e-02	3.391325e-05	
1.568112e-02	9.994257e-05	
1.568112e-02	7.047895e-05	
2.579129e-02	5.769183e-05	
1.534933e-02	8.443353e-05	
1.234069e-02	1.063439e-04	
2.112832e-02	3.907642e-05	
2.231135e-02	4.579595e-04	
1.693945e-02	1.038498e-04	
1.693945e-02	1.608209e-05	
1.441484e-02	1.140920e-04	
1.441484e-02	8.207847e-05	
1.687960e-02	4.104751e-05	
1.660102e-02	8.838167e-05	
1.994449e-02	3.649975e-05	
1.990198e-02	2.046717e-05	
2.482412e-02	8.317654e-05	
2.304226e-02	4.950178e-05	
2.304226e-02	7.676353e-05	
1.174980e-02	6.882276e-05	
2.387643e-02	1.186537e-04	
1.973822e-02	7.927955e-05	
1.287018e-02	8.435132e-05	
7.234279e-03	1.006423e-04	
2.064071e-02	4.456501e-05	
1.950596e-02	7.839708e-05	
1.186625e-02	1.685373e-05	
1.243536e-02	2.240539e-05	
1.781938e-02	1.430887e-05	
1.390023e-02	3.554941e-05	
1.390023e-02	2.592541e-05	
2.841943e-02	1.938928e-06	
1.366221e-02	2.864639e-05	
1.366221e-02	2.723940e-05	
2.158291e-02	3.655144e-05	
1.896269e-02	7.111358e-05	
1.896269e-02	5.611156e-05	
1.943780e-02	2.841739e-05	
2.338730e-02	7.807701e-05	
1.314469e-02	6.367129e-05	
1.790845e-02	7.434259e-05	
1.691806e-02	9.292743e-05	
2.525130e-02	7.277237e-05	
2.053498e-02	8.310202e-05	
2.053498e-02	2.376578e-04	
2.077495e-02	3.310764e-04	
2.177960e-02	1.936322e-04	
1.185687e-02	9.093432e-05	
1.185687e-02	7.004023e-05	
2.385661e-02	6.704967e-05	
2.385661e-02	1.729538e-07	
2.365033e-02	8.005079e-05	
2.597725e-02	1.032108e-04	
1.946441e-02	6.606266e-05	
1.946441e-02	7.922618e-05	
2.047767e-02	9.544451e-05	
2.047767e-02	6.964338e-05	
1.174980e-02	5.890223e-05	
2.232088e-02	9.788457e-05	
1.365424e-02	6.581316e-05	
1.287018e-02	7.566542e-05	
1.888844e-02	1.207984e-05	
1.888844e-02	3.605774e-05	
2.260573e-02	4.670929e-05	
1.534855e-02	9.233454e-05	
1.534855e-02	6.579666e-05	
1.630540e-02	5.874161e-05	
1.890291e-02	1.012030e-04	
1.232554e-02	4.895481e-05	
2.202868e-02	4.879850e-05	
1.313987e-02	3.654152e-05	
1.666892e-02	5.534408e-05	
1.919084e-02	4.403235e-05	
2.316598e-02	6.275434e-05	
1.587025e-02	4.980399e-05	
1.587025e-02	4.416795e-05	
2.338730e-02	5.716624e-05	
1.314469e-02	4.520892e-05	
2.246557e-02	1.223022e-05	
1.691806e-02	9.224990e-05	
1.934732e-02	1.402923e-04	
1.934732e-02	7.281350e-05	
1.935293e-02	2.926805e-04	
1.422706e-02	3.224748e-04	
1.290037e-02	4.788033e-05	
1.734612e-02	1.964181e-04	
1.585993e-02	1.379603e-04	
2.776175e-02	1.108446e-04	
1.652228e-02	9.546947e-05	
1.652228e-02	1.260344e-04	
2.915519e-02	1.267777e-04	
1.332010e-02	1.028257e-04	
2.006798e-02	6.144299e-05	
2.068408e-02	7.734333e-05	
2.193801e-02	8.179262e-05	
1.700230e-02	5.088645e-05	
1.700230e-02	4.984973e-05	
1.968395e-02	5.848103e-05	
1.674564e-02	5.444076e-05	
1.961933e-02	8.991889e-05	
1.961933e-02	5.008848e-05	
1.955952e-02	1.372183e-05	
1.955952e-02	2.260693e-05	
1.344625e-02	4.984293e-05	
1.344625e-02	1.671789e-05	
2.405131e-02	6.313874e-05	
1.232554e-02	2.901489e-05	
1.056452e-02	1.305211e-05	
1.313987e-02	2.170868e-05	
1.211643e-02	5.219642e-05	
1.211643e-02	5.958997e-05	
1.371957e-02	6.600742e-05	
2.348409e-02	1.088808e-04	
2.156746e-02	7.559562e-05	
1.655139e-02	5.363884e-05	
2.161478e-02	6.798084e-05	
2.227498e-02	8.781026e-05	
2.319678e-02	9.741896e-05	
1.659960e-02	7.881927e-05	
2.413190e-02	5.643295e-05	
1.935293e-02	2.701452e-04	
1.422706e-02	4.267754e-04	
1.290037e-02	1.230633e-04	
1.646496e-02	1.092290e-04	
1.585993e-02	1.137993e-04	
1.996407e-02	8.678155e-05	
1.615598e-02	8.348622e-05	
2.552001e-02	1.501719e-04	
2.701611e-02	7.448058e-05	
1.332010e-02	9.830777e-05	
1.741387e-02	5.440133e-05	
1.777628e-02	1.016303e-04	
2.305251e-02	1.342471e-04	
1.473226e-02	9.574184e-05	
1.473226e-02	1.020604e-04	
2.399331e-02	4.840011e-05	
1.804480e-02	6.626531e-05	
1.674564e-02	7.328200e-05	
1.477225e-02	5.007912e-05	
1.477225e-02	1.532678e-05	
2.064284e-02	2.865033e-05	
1.458205e-02	2.768494e-05	
1.458205e-02	3.001825e-05	
1.447892e-02	3.166375e-05	
2.276863e-02	3.859478e-05	
1.056452e-02	2.373927e-06	
1.714988e-02	1.873342e-06	
2.310490e-02	3.084731e-05	
2.773804e-02	4.582170e-05	
1.371957e-02	7.242737e-05	
9.499153e-03	7.461754e-05	
9.499153e-03	8.063830e-05	
1.655139e-02	9.972379e-05	
2.259491e-02	7.171788e-05	
1.995770e-02	7.111291e-05	
2.371056e-02	5.590541e-05	
1.659960e-02	5.124509e-05	
2.149901e-02	2.270367e-04	
1.838086e-02	5.078987e-04	
1.668230e-02	5.098865e-05	
1.510514e-02	2.244421e-04	
1.510514e-02	2.095865e-04	
2.297779e-02	1.403499e-04	
2.297779e-02	6.494156e-05	
1.615598e-02	9.436176e-05	
2.190879e-02	1.115826e-04	
2.571746e-02	7.109752e-05	
2.293282e-02	1.134363e-04	
1.071122e-02	9.943559e-05	
1.777628e-02	1.157735e-04	
2.087059e-02	7.087168e-05	
2.156531e-02	1.122922e-04	
1.945293e-02	7.764659e-05	
1.701368e-02	3.771860e-05	
2.227894e-02	4.837721e-05	
1.619380e-02	7.081721e-05	
1.619380e-02	7.124281e-05	
1.547420e-02	4.252566e-05	
2.323740e-02	5.159135e-05	
1.239574e-02	3.571792e-05	
1.239574e-02	3.041040e-05	
1.447892e-02	3.794658e-05	
1.336060e-02	2.033847e-05	
1.878963e-02	7.259959e-05	
1.597415e-02	9.168219e-05	
1.597415e-02	1.093394e-04	
1.879991e-02	5.874861e-05	
1.495929e-02	9.642721e-05	
1.990424e-02	4.430057e-05	
2.128127e-02	7.071155e-05	
1.345396e-02	5.136837e-05	
9.978320e-03	2.517553e-05	
9.978320e-03	3.521280e-05	
1.871163e-02	3.457490e-06	
2.234812e-02	1.186077e-05	
2.149901e-02	2.482220e-04	
2.062294e-02	3.573946e-04	
1.668230e-02	1.840411e-04	
1.603460e-02	4.330679e-04	
2.240940e-02	1.803619e-04	
2.244679e-02	4.708221e-05	
1.446648e-02	9.249650e-05	
1.446648e-02	1.052602e-04	
2.221240e-02	1.099626e-04	
1.408061e-02	5.561974e-05	
1.834490e-02	2.415133e-05	
1.071122e-02	7.531227e-05	
2.204435e-02	7.499722e-05	
2.087059e-02	8.805721e-05	
1.022533e-02	7.436431e-05	
1.022533e-02	7.925250e-05	
1.701368e-02	1.232147e-05	
1.879428e-02	5.003736e-05	
2.331841e-02	2.012405e-05	
9.331346e-03	2.794303e-05	
9.331346e-03	3.480941e-05	
2.395207e-02	2.760950e-05	
1.985028e-02	1.319563e-05	
2.353283e-02	2.194387e-05	
2.689434e-02	1.958999e-05	
1.336060e-02	2.443297e-05	
1.211613e-02	2.612353e-05	
1.211613e-02	3.596243e-05	
1.623213e-02	1.378121e-05	
1.623213e-02	2.397053e-05	
1.495929e-02	9.424848e-05	
2.112119e-02	7.712290e-05	
1.345396e-02	1.072532e-04	
1.759261e-02	4.858075e-05	
2.470355e-02	6.358046e-05	
1.979547e-02	4.076216e-05	
7.931167e-03	1.457484e-05	
7.931167e-03	2.745277e-05	
1.858190e-02	1.895574e-04	
1.858190e-02	2.687754e-04	
1.150938e-02	4.410083e-04	
1.150938e-02	4.643981e-04	
2.240940e-02	3.871435e-05	
1.201256e-02	7.463800e-06	
1.201256e-02	2.223263e-06	
1.392470e-02	1.597354e-04	
1.720726e-02	6.777782e-06	
1.408061e-02	4.124864e-05	
2.150643e-02	3.298034e-05	
2.150643e-02	1.451473e-05	
1.762118e-02	7.740234e-05	
1.762118e-02	5.195942e-05	
1.619826e-02	9.619229e-05	
2.385073e-02	3.285122e-05	
2.080566e-02	8.824881e-05	
1.804255e-02	8.399443e-05	
1.804255e-02	6.255172e-05	
2.031363e-02	6.909420e-05	
2.031363e-02	8.786581e-05	
1.241279e-02	7.238867e-05	
1.241279e-02	6.505750e-05	
1.667518e-02	6.759922e-05	
2.176654e-02	3.923514e-05	
1.821766e-02	4.569848e-05	
2.346534e-02	7.611735e-05	
2.636105e-02	3.694643e-05	
1.499226e-02	4.329345e-05	
1.910041e-02	7.370610e-05	
2.551854e-02	6.582243e-05	
2.112119e-02	5.823855e-05	
2.201314e-02	5.313942e-05	
2.028936e-02	5.367875e-05	
9.677537e-03	2.872389e-05	
1.979547e-02	7.499059e-05	
2.090383e-02	3.391529e-05	
2.090383e-02	2.645140e-05	
2.228838e-02	2.163899e-05	
2.228838e-02	4.479681e-04	
1.807841e-02	1.734358e-04	
1.542470e-02	3.217994e-04	
2.807916e-02	2.704634e-06	
2.748286e-02	1.418518e-05	
2.060955e-02	8.018339e-05	
1.392470e-02	1.494887e-04	
1.720726e-02	2.934220e-05	
1.746975e-02	2.255695e-05	
1.198668e-02	5.935756e-05	
1.745512e-02	7.070978e-05	
1.745512e-02	5.912558e-05	
1.931739e-02	7.967711e-05	
1.931739e-02	5.652828e-05	
1.168473e-02	8.465826e-05	
2.222389e-02	9.157556e-05	
2.222389e-02	7.075057e-05	
1.162719e-02	8.788366e-05	
2.243275e-02	9.259359e-05	
1.318031e-02	5.396294e-05	
1.635850e-02	8.018143e-05	
1.658125e-02	7.027137e-05	
1.667518e-02	2.736716e-05	
1.818075e-02	6.845227e-06	
1.821766e-02	4.363570e-05	
2.217566e-02	4.324165e-05	
2.217566e-02	5.013891e-06	
1.499226e-02	4.562935e-05	
2.375965e-02	5.683843e-05	
1.735896e-02	3.803475e-05	
1.735896e-02	5.849289e-05	
1.650202e-02	3.324071e-05	
1.650202e-02	5.743781e-05	
9.677537e-03	2.703928e-05	
1.968527e-02	1.772977e-05	
1.968527e-02	6.684092e-05	
1.084350e-02	1.454190e-04	
1.084350e-02	1.308367e-04	
2.343641e-02	2.574473e-04	
2.120825e-02	3.994179e-05	
1.542470e-02	2.301755e-04	
9.960601e-03	1.212387e-04	
9.960601e-03	5.526505e-05	
2.532006e-02	1.378558e-05	
2.060955e-02	8.084319e-05	
1.833519e-02	1.014202e-04	
1.977219e-02	6.721475e-05	
1.198668e-02	8.152071e-05	
2.199693e-02	5.091187e-05	
1.727296e-02	7.302876e-05	
1.950771e-02	6.107219e-05	
1.590861e-02	3.785225e-05	
1.168473e-02	8.743029e-05	
1.465236e-02	6.282320e-05	
1.629900e-02	4.798963e-05	
1.162719e-02	7.908597e-05	
2.215486e-02	4.517926e-05	
1.318031e-02	4.427244e-05	
1.635850e-02	3.236415e-05	
2.596941e-02	3.756567e-05	
2.156167e-02	1.266046e-05	
2.156167e-02	1.475160e-05	
2.281456e-02	5.223023e-05	
1.634867e-02	3.690687e-05	
2.243269e-02	1.463142e-05	
2.708286e-02	7.348803e-05	
1.998936e-02	5.069310e-05	
2.025877e-02	1.020292e-04	
1.559527e-02	1.071119e-04	
2.269098e-02	3.934719e-05	
2.297470e-02	1.012862e-04	
2.441510e-02	6.251750e-05	
2.053335e-02	2.386718e-05	
2.110520e-02	3.440704e-05	
1.800858e-02	8.789671e-05	
2.273686e-02	1.345782e-04	
2.148838e-02	1.650579e-04	
1.950271e-02	3.258656e-04	
1.950271e-02	3.811557e-04	
1.221787e-02	1.073234e-04	
2.457940e-02	1.390857e-04	
1.138131e-02	2.001914e-05	
1.138131e-02	1.180111e-05	
2.822337e-02	8.919728e-05	
1.833519e-02	6.538904e-05	
1.977219e-02	5.349847e-05	
1.676100e-02	2.791145e-05	
1.727296e-02	6.075553e-05	
1.950771e-02	2.011123e-05	
1.590861e-02	4.232216e-05	
1.916149e-02	4.459223e-05	
1.393070e-02	4.583952e-05	
1.629900e-02	5.337669e-05	
2.335178e-02	3.658557e-05	
2.335178e-02	3.675522e-05	
1.781555e-02	6.720642e-05	
1.781555e-02	5.013141e-05	
1.896347e-02	4.603865e-05	
1.896347e-02	5.393369e-05	
2.057097e-02	7.329502e-05	
2.697699e-02	5.935173e-05	
1.634867e-02	6.514156e-05	
1.549295e-02	3.626593e-05	
1.379453e-02	2.891148e-05	
1.817917e-02	4.362461e-05	
1.817917e-02	3.503641e-05	
1.559527e-02	1.015680e-04	
1.620718e-02	8.213184e-05	
1.222704e-02	1.256277e-04	
1.222704e-02	1.455650e-04	
2.163281e-02	1.647423e-04	
2.163281e-02	1.187637e-04	
1.800858e-02	1.069103e-04	
1.821687e-02	1.804205e-04	
1.821687e-02	2.474331e-04	
2.116049e-02	1.800150e-04	
1.668645e-02	1.473843e-05	
1.668645e-02	2.092262e-05	
2.356887e-02	4.669354e-05	
1.254322e-02	4.319809e-05	
1.254322e-02	7.015502e-05	
1.849712e-02	2.289928e-05	
1.849712e-02	5.425241e-05	
2.145000e-02	1.130793e-04	
1.676100e-02	4.518127e-05	
1.292572e-02	6.953597e-05	
2.018248e-02	8.085627e-05	
2.280614e-02	8.769176e-05	
2.317855e-02	2.485956e-06	
1.393070e-02	6.603672e-05	
1.439384e-02	7.287959e-05	
2.310949e-02	3.822706e-05	
2.072299e-02	4.147230e-05	
2.497274e-02	9.871850e-05	
1.181690e-02	7.866992e-05	
2.446685e-02	3.876458e-05	
1.984565e-02	4.674244e-05	
2.057097e-02	4.054700e-05	
1.032782e-02	3.077670e-05	
1.032782e-02	3.214232e-05	
2.265097e-02	7.797899e-05	
1.379453e-02	5.052214e-05	
1.945543e-02	7.956432e-05	
2.358024e-02	7.297798e-05	
1.963614e-02	8.092088e-05	
1.405074e-02	1.995321e-05	
1.405074e-02	4.012287e-05	
2.485344e-02	1.191841e-04	
8.967997e-03	1.032653e-04	
8.967997e-03	6.884253e-05	
2.167727e-02	1.413441e-04	
1.485332e-02	4.052446e-04	
2.007695e-02	5.833378e-04	
1.910626e-02	3.737672e-04	
1.282101e-02	1.447508e-05	
1.282101e-02	3.683329e-05	
1.266909e-02	7.110303e-05	
2.097777e-02	7.895592e-05	
1.878122e-02	1.157518e-04	
1.495939e-02	5.978511e-05	
2.275927e-02	7.704543e-05	
1.267630e-02	4.763905e-05	
1.800909e-02	6.612218e-05	
1.292572e-02	8.934997e-05	
2.070878e-02	3.139254e-05	
2.018248e-02	9.403788e-05	
1.701203e-02	3.742145e-05	
1.701203e-02	5.841215e-05	
2.497709e-02	6.609542e-05	
1.551560e-02	5.539898e-05	
1.551560e-02	5.322086e-05	
2.113258e-02	9.261260e-05	
1.181690e-02	7.648496e-05	
2.264328e-02	6.142908e-05	
2.194045e-02	4.471436e-05	
2.218283e-02	2.603531e-05	
1.098597e-02	4.425032e-05	
1.604242e-02	2.977162e-05	
1.671833e-02	3.272242e-05	
1.671833e-02	4.177874e-05	
1.945543e-02	9.778644e-05	
2.074303e-02	5.208891e-05	
2.074303e-02	1.044511e-04	
2.039103e-02	1.524001e-04	
1.241973e-02	1.457830e-04	
2.082555e-02	1.285293e-04	
1.896423e-02	1.649013e-04	
1.696399e-02	3.629420e-05	
2.167727e-02	2.349398e-04	
1.485332e-02	5.282296e-04	
8.999927e-03	2.225812e-04	
1.836043e-02	1.694558e-04	
2.156605e-02	1.587285e-05	
1.363694e-02	5.046740e-06	
1.266909e-02	5.469395e-05	
1.377342e-02	8.776287e-05	
1.377342e-02	7.348769e-05	
1.495939e-02	7.298859e-05	
1.676601e-02	6.424165e-05	
1.267630e-02	8.003517e-06	
1.669721e-02	5.922321e-06	
1.180655e-02	4.711580e-05	
1.180655e-02	6.009580e-05	
1.993094e-02	8.365752e-05	
1.189726e-02	6.848196e-05	
1.880289e-02	7.568069e-05	
1.880289e-02	3.291277e-05	
2.045319e-02	5.194392e-05	
1.968832e-02	4.319719e-05	
2.113258e-02	6.681050e-05	
1.706869e-02	7.464905e-05	
1.706869e-02	5.929085e-05	
1.641291e-02	3.692104e-05	
2.194045e-02	2.815413e-05	
1.722142e-02	6.718706e-05	
2.020601e-02	6.138374e-05	
2.020601e-02	5.684611e-05	
2.405824e-02	2.547972e-05	
2.289795e-02	3.202502e-06	
2.088766e-02	4.443369e-05	
2.039103e-02	6.148938e-05	
1.830855e-02	1.309052e-04	
1.241973e-02	1.591219e-04	
1.399536e-02	9.709616e-05	
1.886044e-02	1.550468e-04	
1.696399e-02	8.348338e-05	
2.605751e-02	1.747528e-04	
2.106591e-02	3.792469e-04	
8.999927e-03	3.200325e-04	
1.766568e-02	1.963126e-04	
1.662696e-02	4.027213e-05	
1.363694e-02	9.776287e-05	
1.662125e-02	5.269698e-05	
1.662125e-02	1.279020e-04	
1.246459e-02	2.697665e-06	
1.246459e-02	6.797599e-06	
2.073278e-02	9.467434e-05	
7.676666e-03	1.139688e-04	
1.551856e-02	1.067708e-04	
1.990750e-02	6.021731e-05	
1.373636e-02	6.899003e-05	
1.980264e-02	6.535030e-05	
1.980264e-02	3.637276e-05	
1.189726e-02	5.402293e-05	
1.496600e-02	6.943283e-05	
1.496600e-02	5.506459e-05	
1.859425e-02	5.738335e-05	
9.219292e-03	5.335482e-05	
9.219292e-03	4.755638e-05	
1.921884e-02	2.589756e-05	
1.641291e-02	2.231407e-05	
1.956074e-02	1.251241e-05	
1.722142e-02	2.823077e-05	
2.346621e-02	7.222440e-05	
2.126790e-02	4.501882e-05	
2.189570e-02	4.637305e-05	
1.945997e-02	2.653935e-05	
1.677986e-02	5.472543e-05	
1.667252e-02	6.430625e-05	
1.748021e-02	1.184304e-04	
1.748021e-02	7.366693e-05	
1.399536e-02	8.278663e-05	
1.996422e-02	1.591070e-04	
1.832428e-02	1.526842e-04	
2.919675e-02	2.049933e-04	
2.106591e-02	2.479452e-04	
1.675778e-02	7.417248e-05	
1.662696e-02	3.229321e-04	
1.637664e-02	7.625541e-05	
1.637664e-02	4.155680e-05	
2.128286e-02	5.655185e-06	
1.526614e-02	1.753640e-05	
1.822224e-02	3.059114e-05	
2.460943e-02	4.649832e-05	
1.175818e-02	4.137920e-06	
7.676666e-03	1.176132e-04	
1.551856e-02	8.420305e-05	
2.266756e-02	3.230502e-05	
1.373636e-02	5.489884e-05	
2.343878e-02	4.283441e-05	
1.745228e-02	6.452068e-05	
1.745228e-02	8.185766e-05	
1.795889e-02	5.324629e-05	
1.870547e-02	6.671238e-05	
1.859425e-02	4.542279e-05	
2.412847e-02	1.928206e-05	
2.394332e-02	4.066086e-05	
2.401271e-02	3.106079e-05	
2.446262e-02	8.947501e-06	
1.860139e-02	1.322423e-05	
1.763620e-02	1.004558e-05	
1.737241e-02	4.820147e-05	
1.373656e-02	2.788618e-05	
2.525521e-02	4.152810e-05	
1.876867e-02	3.681272e-05	
2.290019e-02	5.994466e-05	
1.667252e-02	6.152940e-05	
1.961601e-02	1.058199e-04	
1.505977e-02	3.797460e-05	
1.568447e-02	3.287625e-05	
2.137869e-02	1.461560e-04	
2.234580e-02	6.596261e-05	
2.054028e-02	3.069772e-05	
1.626050e-02	3.909386e-04	
1.196131e-02	3.991608e-04	
2.284012e-02	1.546379e-04	
7.630903e-03	1.411402e-04	
7.630903e-03	4.386985e-05	
2.601323e-02	5.512815e-05	
1.526614e-02	1.053453e-05	
1.632392e-02	2.153860e-05	
1.632392e-02	3.969836e-05	
1.175818e-02	1.247614e-05	
1.888177e-02	1.431872e-05	
2.266756e-02	6.559945e-05	
2.257892e-02	7.788146e-05	
1.400251e-02	7.360086e-05	
1.957727e-02	9.528402e-05	
1.957727e-02	6.899585e-05	
2.534905e-02	4.404200e-05	
2.326238e-02	3.647848e-05	
1.870547e-02	6.720489e-05	
1.759009e-02	4.728515e-05	
1.871092e-02	4.962888e-05	
2.394332e-02	3.693293e-05	
1.819683e-02	1.360417e-05	
1.819683e-02	3.704961e-05	
1.655605e-02	1.471010e-05	
1.655605e-02	5.496089e-06	
2.107150e-02	1.400310e-05	
1.373656e-02	1.322154e-05	
1.129965e-02	2.825456e-05	
1.872737e-02	2.852259e-05	
2.308995e-02	5.790399e-05	
2.308995e-02	5.294502e-05	
2.053226e-02	2.652425e-05	
1.505977e-02	4.471755e-05	
1.568447e-02	2.137503e-05	
2.398892e-02	1.740292e-05	
1.415246e-02	1.932029e-05	
1.415246e-02	3.633615e-05	
1.926349e-02	2.510189e-04	
1.196131e-02	2.327269e-04	
1.685020e-02	1.663777e-04	
1.685020e-02	8.917186e-05	
2.752582e-02	1.489150e-04	
1.445385e-02	3.954589e-05	
1.445385e-02	5.595981e-05	
2.847446e-02	2.788288e-05	
1.840127e-02	2.796854e-05	
1.840127e-02	2.884152e-06	
2.380572e-02	7.421157e-05	
2.120796e-02	2.931976e-05	
2.019923e-02	4.016500e-05	
1.400251e-02	7.043739e-05	
1.869739e-02	7.317351e-05	
1.529979e-02	3.772944e-05	
1.529979e-02	3.697453e-05	
1.725103e-02	1.657046e-05	
2.428391e-02	6.133890e-05	
1.759009e-02	5.147931e-05	
2.372546e-02	2.089666e-05	
1.708853e-02	3.939247e-06	
2.142531e-02	3.102557e-05	
1.293784e-02	2.462741e-05	
1.293784e-02	3.740668e-05	
1.553324e-02	3.883549e-05	
1.702351e-02	2.508753e-05	
2.848292e-02	1.427349e-05	
1.129965e-02	3.308627e-05	
2.298213e-02	2.450067e-06	
1.955945e-02	1.149102e-05	
2.196420e-02	2.680982e-05	
2.053226e-02	5.742776e-05	
1.152583e-02	4.988621e-05	
1.152583e-02	5.594959e-05	
1.735633e-02	2.310160e-05	
2.160760e-02	4.408501e-05	
2.484162e-02	4.838036e-05	
1.634473e-02	1.700006e-04	
1.634473e-02	2.484060e-04	
