0	0
0.0256410256410256	0
0.0512820512820513	0
0.0769230769230769	0
0.102564102564103	0
0.128205128205128	0
0.153846153846154	0
0.179487179487179	0
0.205128205128205	0
0.230769230769231	0
0.256410256410256	0
0.282051282051282	0
0.307692307692308	0
0.333333333333333	0
0.358974358974359	0
0.384615384615385	0
0.41025641025641	0
0.435897435897436	0
0.461538461538462	0
0.487179487179487	0
0.512820512820513	0
0.538461538461538	0
0.564102564102564	0
0.58974358974359	0
0.615384615384615	0
0.641025641025641	0
0.666666666666667	0
0.692307692307692	0
0.717948717948718	0
0.743589743589744	0
0.769230769230769	0
0.794871794871795	0
0.82051282051282	0
0.846153846153846	0
0.871794871794872	0
0.897435897435897	0
0.923076923076923	0
0.948717948717949	0
0.974358974358974	0
1	0
0	1
0.0256410256410256	1
0.0512820512820513	1
0.0769230769230769	1
0.102564102564103	1
0.128205128205128	1
0.153846153846154	1
0.179487179487179	1
0.205128205128205	1
0.230769230769231	1
0.256410256410256	1
0.282051282051282	1
0.307692307692308	1
0.333333333333333	1
0.358974358974359	1
0.384615384615385	1
0.41025641025641	1
0.435897435897436	1
0.461538461538462	1
0.487179487179487	1
0.512820512820513	1
0.538461538461538	1
0.564102564102564	1
0.58974358974359	1
0.615384615384615	1
0.641025641025641	1
0.666666666666667	1
0.692307692307692	1
0.717948717948718	1
0.743589743589744	1
0.769230769230769	1
0.794871794871795	1
0.82051282051282	1
0.846153846153846	1
0.871794871794872	1
0.897435897435897	1
0.923076923076923	1
0.948717948717949	1
0.974358974358974	1
1	1
0	0.0256410256410256
0	0.0512820512820513
0	0.0769230769230769
0	0.102564102564103
0	0.128205128205128
0	0.153846153846154
0	0.179487179487179
0	0.205128205128205
0	0.230769230769231
0	0.256410256410256
0	0.282051282051282
0	0.307692307692308
0	0.333333333333333
0	0.358974358974359
0	0.384615384615385
0	0.41025641025641
0	0.435897435897436
0	0.461538461538462
0	0.487179487179487
0	0.512820512820513
0	0.538461538461538
0	0.564102564102564
0	0.58974358974359
0	0.615384615384615
0	0.641025641025641
0	0.666666666666667
0	0.692307692307692
0	0.717948717948718
0	0.743589743589744
0	0.769230769230769
0	0.794871794871795
0	0.82051282051282
0	0.846153846153846
0	0.871794871794872
0	0.897435897435897
0	0.923076923076923
0	0.948717948717949
0	0.974358974358974
1	0.0256410256410256
1	0.0512820512820513
1	0.0769230769230769
1	0.102564102564103
1	0.128205128205128
1	0.153846153846154
1	0.179487179487179
1	0.205128205128205
1	0.230769230769231
1	0.256410256410256
1	0.282051282051282
1	0.307692307692308
1	0.333333333333333
1	0.358974358974359
1	0.384615384615385
1	0.41025641025641
1	0.435897435897436
1	0.461538461538462
1	0.487179487179487
1	0.512820512820513
1	0.538461538461538
1	0.564102564102564
1	0.58974358974359
1	0.615384615384615
1	0.641025641025641
1	0.666666666666667
1	0.692307692307692
1	0.717948717948718
1	0.743589743589744
1	0.769230769230769
1	0.794871794871795
1	0.82051282051282
1	0.846153846153846
1	0.871794871794872
1	0.897435897435897
1	0.923076923076923
1	0.948717948717949
1	0.974358974358974
0.0247646768920836	0.0249218965730484
0.0500655301950685	0.025415890896224
0.0781188863845912	0.0255521920137548
0.10212628662687	0.0264241525052806
0.127574015536236	0.0268487982360261
0.154375837124041	0.0245440967244545
0.180438911836014	0.026299283020237
0.204718891268267	0.0251510121700054
0.22986834190205	0.0267887294181748
0.25736896635701	0.0248745716415989
0.281313502349109	0.0244794475263031
0.308205674692325	0.0252241085955065
0.333438306807054	0.024933277478361
0.357873041963765	0.0268934566673756
0.385152502083751	0.0258812012721924
0.40947836171715	0.0255630789431288
0.436875194190983	0.0251839989938781
0.461310656919937	0.0268111671841649
0.486623084272536	0.0268443087643117
0.511967582018777	0.0262275964548265
0.539665206352771	0.0255289510609973
0.563569219951599	0.0245569544670775
0.590945903530123	0.0259655389449597
0.614129910456407	0.0251438656281191
0.642115731227935	0.0256092374632274
0.665606466075771	0.026848090595228
0.693481723105603	0.0267410875696985
0.717731358568025	0.0245674410278084
0.742727092239863	0.0267430515960316
0.769158175982161	0.0265735757391875
0.795177526934767	0.0262861391097733
0.82130912533162	0.0244714922996209
0.84603719175966	0.0249576267516438
0.870663426992204	0.0255939116628125
0.896325430650361	0.0251674422419443
0.924261076843323	0.0246331129182893
0.94921864808206	0.0267502985695731
0.973306198580156	0.0251303971539589
0.0244276670701941	0.0508154373246906
0.0505533480431524	0.0523849794629224
0.0776813031041355	0.0519194669466155
0.101601403959074	0.0508932578508479
0.128097401807824	0.0514304289664971
0.152867657750243	0.0521678153919226
0.17889491306138	0.051242286084488
0.206063407196086	0.0524890993577866
0.230814011265253	0.0508052507793933
0.255632446022963	0.0503682181547137
0.281789808684654	0.0510086251586938
0.308936790807886	0.0508379547702044
0.333018201580451	0.0513892535668411
0.359896126350504	0.0512262210240716
0.384356651585297	0.0514236366323022
0.410684357027429	0.0519969007571211
0.435257161626457	0.0512858426816486
0.461146777206218	0.0507793088636318
0.4878102793503	0.0525568823925141
0.512002306459509	0.052410160645528
0.53841486111357	0.0505471988905848
0.564295762055249	0.0506561885246777
0.590039022518049	0.0514924031539709
0.615193558743393	0.0509220852126099
0.641458615117796	0.0517511309263871
0.666780106531634	0.0511013668209344
0.692251671261331	0.0503852478146406
0.718635291248259	0.0506706080839457
0.742743994858985	0.0519060276491486
0.769654745662181	0.0519480105248127
0.795536452399978	0.0525088613775349
0.821380247710416	0.0511656794982215
0.846554552371481	0.052337686183418
0.87095458660954	0.0506231493645055
0.897377510683413	0.0500725115098757
0.92226524357924	0.0510898836649347
0.949856722956119	0.0522986620069848
0.973615507563538	0.0513956379371105
0.0245133129531299	0.0778370156136535
0.0510093042701928	0.0764518947901492
0.0767403126869408	0.0770023167820066
0.103035206259337	0.0757066533142939
0.128722603143744	0.0771353685680932
0.152804417556781	0.0759674610671949
0.179809882596588	0.075880631133772
0.203966997807843	0.076365537921925
0.231469981300836	0.0763760393455765
0.257521456161248	0.0777608511611302
0.280967476078536	0.0769110674921865
0.308152008330476	0.0781368101517595
0.332070887477533	0.0757400599737123
0.358683838308345	0.0756707680220434
0.383336867271612	0.0780637417906563
0.409185295945442	0.0779943142306148
0.434855985089951	0.0764974983982677
0.460474710555911	0.0765267826039944
0.488366026657125	0.0779713816898751
0.513542147059993	0.0768895603910786
0.538597294805312	0.0771289230137723
0.563752400287862	0.076782369249324
0.590900901511032	0.0761475432945086
0.6159967743732	0.0763723495360476
0.640565611863045	0.0764648085182818
0.666917687231528	0.0760576189246256
0.69321374306178	0.076210212394971
0.717469975440219	0.0769222645799214
0.743408709010292	0.0760916791754925
0.769266668706103	0.0775820864002526
0.793603627121168	0.0757438817446168
0.820523742673158	0.0759970049385227
0.846325622573877	0.0763081735067259
0.870751128045249	0.0769062499856778
0.896416705635957	0.0758113234962704
0.923359583461723	0.0773062764971857
0.947940010220971	0.0756903497323138
0.974880499775656	0.0779424531701162
0.0251505225467715	0.101511075907889
0.0513513450714641	0.103542208092866
0.0769300689791214	0.102187778626572
0.103586801827711	0.103263448737307
0.12714639024192	0.102802409630653
0.153578433924667	0.102952076109426
0.178497808660199	0.102708712378102
0.20560255711243	0.101680023385444
0.229761961419823	0.101698339255936
0.256726122169188	0.103291761920354
0.282663938504587	0.102640066309646
0.30770248632491	0.102980489296502
0.332428926479069	0.103073493641651
0.359765149093168	0.102602375898813
0.383845942669197	0.102262882299987
0.411038660838066	0.102062608205435
0.436696517490074	0.10246572445245
0.461212709228199	0.102979745291488
0.486622478012317	0.102848792888756
0.512746145513422	0.103457965175118
0.538036503000929	0.101413511246527
0.565308240689332	0.1021759663117
0.589088411632886	0.101400508892199
0.615114318336816	0.102417389464136
0.641361088718136	0.102158014495227
0.666348997915591	0.102183266148233
0.692029455876662	0.103796611177208
0.716894125910445	0.102207447355814
0.742582743361951	0.101805447035926
0.769840070804623	0.103157304573597
0.79447449592405	0.103282054272166
0.821602835545101	0.102361048460901
0.846899062050115	0.103674666426909
0.871324247376466	0.10197371057159
0.897233411247423	0.102228697707457
0.922545221568875	0.102682865945218
0.949643647302972	0.103018181344836
0.974697503913224	0.101775738000681
0.024602544906886	0.126954519351099
0.0510534014263101	0.127640452731785
0.0779109574553533	0.128673272487678
0.102720299921132	0.127198512358446
0.127664199792262	0.127008644159005
0.153779655175558	0.127991286754238
0.180433639220815	0.128024167771967
0.203968956727137	0.128382766016609
0.230292576305266	0.128956722994416
0.256379515650388	0.127076156513306
0.282057150895046	0.129183610614989
0.307657039125752	0.129193339019309
0.333915898111828	0.12948559003377
0.358161890879162	0.128400778825451
0.384286355648101	0.127190138989005
0.410269051415578	0.128444019868392
0.436666462665206	0.127510047415568
0.462042933800029	0.127065313089972
0.487783555287358	0.12805396883533
0.514020592182085	0.127739266877928
0.537618854262119	0.126942196641715
0.563726832965706	0.127863383593284
0.590007982851455	0.129386051854857
0.615986206561686	0.129280947433894
0.64220180375926	0.127784125386365
0.667869251895122	0.128022814902618
0.693566092949088	0.127469443266135
0.718558468962025	0.127426380166751
0.744620630246373	0.12737471306277
0.768253461069491	0.127994119973175
0.795501156690089	0.128926303213681
0.820224159246168	0.128056307810833
0.845975783182142	0.128662882849048
0.872243560683326	0.129365799949045
0.897759206338956	0.128520476231798
0.923776624500727	0.12701625073008
0.947483113890323	0.129078283590685
0.974110710416922	0.127144157002051
0.0266395694793818	0.153963726410273
0.052245753255462	0.152965249166084
0.0769823261190505	0.153998258130141
0.101509229670017	0.152583395129152
0.128508184482461	0.154112517304654
0.153000996236105	0.155084647623591
0.180647908735985	0.155121250867535
0.206047468485903	0.154527621098321
0.229663925138576	0.154144859962929
0.25645594954878	0.152943082734736
0.282554366391646	0.153349901454265
0.307072215504445	0.154743131924773
0.333730307035011	0.15474964616783
0.358754755707027	0.154864933646511
0.384465301828696	0.152940490564303
0.411337860979117	0.154738823134426
0.435293860578665	0.153323393326868
0.462173114516868	0.153193000375515
0.486474083810127	0.153418080758232
0.511673571770424	0.152739312614481
0.539368020100352	0.15257112971041
0.564254794241715	0.154719704739651
0.589449668562586	0.153118900508012
0.616260282732429	0.152654634067533
0.641711165310299	0.152678156422625
0.665679466023657	0.154303147978652
0.693405173641812	0.153135501615811
0.718519652001876	0.152760798841833
0.743293623051058	0.153766245819261
0.768365867109883	0.153110867772875
0.795093678880813	0.153365062888188
0.819537515277932	0.154608755583624
0.845714502736541	0.153761882244667
0.871168170093381	0.15367588631593
0.898620072169761	0.152635743968338
0.923207853015375	0.155122717276413
0.948852225193067	0.153743519945729
0.974447862734328	0.153722717234491
0.026239613647511	0.179445218392991
0.0523781591202624	0.180374388056404
0.0774484310431156	0.179915174690918
0.101417300611345	0.178659583989224
0.128479974895593	0.180343418041919
0.154489297116399	0.179696431384477
0.179663343743396	0.17841781968071
0.205681557915489	0.178785855425139
0.23008785697351	0.178275851757695
0.255355851781217	0.179879549702055
0.281114320427111	0.179243182470967
0.307782410043909	0.179248168645942
0.333950407240576	0.179341246364738
0.358968203078106	0.178219152493019
0.384359154881661	0.178269818981571
0.410828486159351	0.179459358004349
0.436508519966554	0.180075282955412
0.46163813796137	0.179198606969426
0.487719743634577	0.178370836200651
0.512521656488876	0.179891594916762
0.538186104584674	0.179905335832281
0.56338938639396	0.179742756681679
0.59074417702614	0.178464762467487
0.616090071296174	0.180493439993709
0.641951356025061	0.178379100280064
0.666427431917977	0.179462530253336
0.693298096435881	0.178232582189153
0.719070285401954	0.179753006285404
0.742420233419963	0.179269221535198
0.768903555930988	0.178633634734184
0.794586117436559	0.179285514672168
0.82137158123382	0.178929151129665
0.84631680218748	0.178577752232062
0.871892702590569	0.179503044109512
0.897892044363364	0.178235556500953
0.923289903668318	0.180554517321479
0.947753513282795	0.178699864483246
0.974029791969655	0.179276894324509
0.0257892830309738	0.206355960856103
0.051655057322106	0.205116222859942
0.0763767154505992	0.206208100117382
0.101656288395913	0.204516746600676
0.127321896470306	0.204594929586722
0.155001811959109	0.204028294256897
0.179994565152766	0.203879015665683
0.203927210816552	0.205210352293369
0.23168853203366	0.205642871632562
0.256339432644864	0.206080168546001
0.281091296216904	0.205626734654278
0.306659420869187	0.206102831482693
0.333525798762883	0.20603394127859
0.358067977030671	0.204027476393583
0.384846244746895	0.205868762920469
0.409394277705379	0.204409184651057
0.43697438477487	0.206233815872624
0.462499501308606	0.204716103870147
0.486315609417461	0.205903530372872
0.513045947094686	0.205248266600872
0.538693012474157	0.205465985212413
0.563717884495039	0.205056153038093
0.590313052750686	0.204921545441655
0.61555629332419	0.206117339807284
0.641255086696611	0.206279348305191
0.665978477607282	0.204168209588669
0.693419254021803	0.204299655409413
0.717049040846207	0.204414270976022
0.743880153025855	0.204509414848204
0.769815855906868	0.204202105585328
0.794142246254235	0.204157620612967
0.820016562454989	0.20410933947693
0.845285852355781	0.204680425379286
0.871210321278922	0.2039549779062
0.897504668874719	0.204511052591678
0.921879342375329	0.204796768343342
0.949261030916771	0.205000983473004
0.97486171703156	0.204119664449703
0.0265101646859814	0.231127015305966
0.0512299500039977	0.230040227215067
0.0765418946338976	0.231442420033256
0.103120772757068	0.229521599184847
0.12857812850516	0.231205931866918
0.152799762051593	0.229656214184712
0.180431901384759	0.229491262693017
0.20598379831765	0.231936086642765
0.230680940925711	0.230324719833652
0.257519788836331	0.229558989353199
0.282978354898664	0.229989828507312
0.306732632856681	0.231039030693986
0.334102604702868	0.231401806579045
0.359821511125483	0.230354109933803
0.383813557936297	0.231720132309235
0.409115034881435	0.229899820567913
0.436113776926217	0.22995883411165
0.461145865809675	0.230921511227267
0.488424923958206	0.229730072245296
0.513537350363028	0.231902275839255
0.537883326769863	0.230620547587903
0.565313965221478	0.230916712225793
0.589446275134257	0.230339574418634
0.615429916091287	0.2309452194801
0.641488750403627	0.231837673382969
0.665837712275717	0.230303669373833
0.691855031540369	0.230198394201787
0.718535580087919	0.23171976030993
0.744739899113567	0.230778154983693
0.770167690837738	0.230837313101856
0.795529302353704	0.230870352339072
0.819879552653314	0.23007149778738
0.845776296327144	0.230291566529679
0.872314300510416	0.230268493670988
0.898291344697198	0.230284093671179
0.923818529694174	0.231616421562188
0.949900660857712	0.230309971978498
0.974363494634058	0.229870464089101
0.0264799377150479	0.255387496305306
0.0516541440222279	0.257410379011737
0.0768928730770044	0.25653393237892
0.102723909216458	0.255832144395721
0.128799321589136	0.256595121558761
0.152579193840324	0.256706211527705
0.179062851984517	0.255984423040148
0.204605918982785	0.256579312061836
0.231614225800835	0.257665761184719
0.257450016919466	0.257542505977048
0.282121955830983	0.255397899583703
0.307281166543572	0.255398520283718
0.333512120952697	0.256411455565487
0.358290586925933	0.255586299035681
0.384601823743966	0.256706770552683
0.411262895510721	0.256118774427377
0.436015918928448	0.256576473303929
0.462496829671828	0.25531282416124
0.486488085691928	0.256994512777789
0.513913150404823	0.25749478006924
0.538857190212222	0.257409872861563
0.563378148146412	0.257022569468289
0.589590841077832	0.257454845664967
0.614180990641163	0.256242443583252
0.641962058168147	0.256868260290493
0.665400907683126	0.256294384066331
0.693206412562632	0.256898751565099
0.718636804825314	0.25605084449069
0.743857673273222	0.255817356757876
0.768398917041083	0.256625066678706
0.795015016454671	0.255947037457227
0.820587564057529	0.255895128355722
0.84672312259319	0.25666839121408
0.871623736666414	0.255516721588773
0.896888029630284	0.256518420869958
0.923401408335382	0.256382487340687
0.949069825596368	0.256023364572769
0.973805898968115	0.257006001192609
0.0244970528533709	0.28180186685008
0.0506219853539377	0.281982526418428
0.0766393536964635	0.283103204863485
0.103561635313345	0.2822968836949
0.127658034655792	0.282673092959106
0.152825713389337	0.282555304536129
0.178459712386903	0.281500950852492
0.206010460053061	0.28124755575336
0.230398699198323	0.280827577297383
0.255671547559714	0.282401985918202
0.281190220033622	0.281298396748189
0.308245220401086	0.282175488127453
0.332937334222014	0.282838649826251
0.36016190370054	0.280944394062261
0.383796244196093	0.283099334870438
0.409727225431895	0.281622029635167
0.434749536032141	0.282953009650834
0.46183368111511	0.28159442242239
0.485915807874875	0.281914205817917
0.514080964118753	0.282110600088148
0.53898451377995	0.282891179993973
0.56418139685228	0.282860222449825
0.590967664976057	0.282793282267304
0.614518893366679	0.281560617099033
0.639905558548114	0.281480909642258
0.665942096298325	0.283173402049449
0.692293886682211	0.282155328088928
0.718884733903582	0.281460344624217
0.744450304560202	0.283007991952717
0.768746626591992	0.281243915090061
0.795550047823943	0.281133978940819
0.821077987618018	0.281729260945396
0.846471620902268	0.28279489464083
0.873062842724817	0.281624858123556
0.897211602926721	0.282589953339055
0.921833211775032	0.281603551240893
0.947842548098319	0.283203175759488
0.973729696523802	0.282799145649992
0.0249423819515806	0.307490389264256
0.0500137455405472	0.308294642215732
0.0765640370539829	0.307527138239415
0.103809416179016	0.307432249645786
0.127085032097488	0.307335383154591
0.15284315356877	0.307254875500637
0.179169758956223	0.308403939999796
0.204691385344725	0.308579896161449
0.231719953732449	0.307102335880876
0.257688461462562	0.307642544167659
0.282573500910525	0.307173273957895
0.308374258356572	0.308166958926762
0.333392172126322	0.307969240252448
0.35935663986083	0.308836485508588
0.385015420915655	0.308671122507826
0.411095881222098	0.307450145771179
0.435281671054523	0.306967026567539
0.460917523760211	0.306417559692501
0.487361085726049	0.307727729669728
0.512090111277692	0.306713673409916
0.538841390804921	0.308809261099761
0.563779729035501	0.308097433352765
0.588909171012793	0.306845901726928
0.615025915472158	0.308142211430156
0.642298448238107	0.307431214463953
0.665801132299443	0.306460817495274
0.691904037614344	0.308866437067037
0.719059991457921	0.306869240949646
0.742977695079923	0.307170945012628
0.76972662161142	0.308073698305219
0.793941870757707	0.308765200299391
0.819635351616974	0.308054296692323
0.845159082997701	0.307196334286549
0.871713490289991	0.308621295408595
0.896499508132151	0.308221794654616
0.922249235962048	0.308971843584882
0.947727245254966	0.307824221540605
0.974538173877081	0.307547416200917
0.0267826868511007	0.332355489794895
0.0515790807851196	0.333862447304678
0.0759956024634193	0.33280360017785
0.102811328790728	0.332355195010425
0.129356892116664	0.333872836184477
0.154761606663762	0.332634672611648
0.180742526778708	0.33362642156709
0.204978334753302	0.332317932164177
0.231883922472392	0.333465799467202
0.256584841446653	0.334218952459483
0.282523597116511	0.333689153248032
0.306461474214447	0.333444784067078
0.333869028645523	0.333685608973892
0.357778608829348	0.333366296550088
0.38353345188636	0.332959762310689
0.40986123874524	0.333883969719512
0.436201937807693	0.334048204259808
0.462614910226194	0.333568236651624
0.486829573018041	0.332982726903559
0.512640071693494	0.333167414128634
0.538186617170944	0.332488722786086
0.562905360990287	0.333894118575803
0.588845221346568	0.333638494408104
0.616437796475622	0.33451031509002
0.641130648342971	0.332703531793779
0.666674995737382	0.332170828946646
0.691549145336534	0.334082750922613
0.719112930363971	0.332134131516657
0.743524317332971	0.332379575253609
0.768462866738585	0.334267575979627
0.796124510974221	0.334141878094641
0.819536044592987	0.334099221262076
0.846441151096239	0.332513372375644
0.8713847745514	0.332809938803812
0.896564151251458	0.334557426626309
0.923679711345906	0.33339561385117
0.948993157904661	0.333958802958831
0.974111936202581	0.33360095548909
0.0257008600983044	0.359562197859796
0.0508931819244023	0.35791343420274
0.07787472748176	0.359968015078175
0.103845475880356	0.359357394805456
0.127748909311625	0.359979175848251
0.154459474898493	0.358483573177968
0.179240773456568	0.360016928766317
0.203917673955425	0.357821352579527
0.230218094008375	0.35796929928818
0.257359334771081	0.35860275606993
0.281417803254902	0.359728037737487
0.307838487026372	0.359163976825578
0.333754205148126	0.358939774894512
0.358689975723752	0.358354181000407
0.383940783044656	0.358519085561565
0.410062734479792	0.358163861033643
0.436036696359627	0.358410328463392
0.460546835494077	0.357911799719175
0.486820670582112	0.359115779758229
0.512025187479799	0.359722750467819
0.539742593770574	0.359541708589858
0.56284565033496	0.359529928995722
0.589136873125393	0.359506536096441
0.615134820804195	0.359211860834966
0.642299529485134	0.359025487663229
0.666025671471234	0.360136993368303
0.692739609511105	0.358275373192111
0.717928028164978	0.360153538703673
0.742552739816156	0.358717285333032
0.768377077283607	0.358787971174692
0.793781025590321	0.359958158016722
0.81933665161316	0.360011066897574
0.846234951326571	0.357924039488402
0.871757809693637	0.359742503755376
0.896704225058789	0.358411173389292
0.922591871097914	0.357985107010486
0.94986555964604	0.357831574310792
0.97344834997308	0.358796320705217
0.0250119776696561	0.38539168641554
0.0511930588757851	0.383438402953833
0.0779577843131939	0.38533288037485
0.103657340698285	0.383562106649359
0.128426362643319	0.385657447636667
0.153459786202066	0.384879290538953
0.180732100815623	0.383977076457282
0.204181801992707	0.384423093086282
0.230408089666016	0.38580478619635
0.255136496765891	0.383538164401525
0.282749208460886	0.385717854661303
0.308459285168733	0.385513752472767
0.334560796190035	0.383446813550356
0.36017544337766	0.385329793081686
0.383383501523922	0.385324579237235
0.410690189197515	0.385401133618342
0.436069916519524	0.384242828990858
0.462799212630731	0.384041124516219
0.48823733895562	0.385090220352443
0.51276058216769	0.384714495654275
0.537987480154018	0.384068844721796
0.564464927822652	0.385118257355585
0.591003775746671	0.385288455726416
0.614203778348505	0.385768844926778
0.639827978992341	0.38382814585569
0.665547836852633	0.384588006091784
0.691885722584851	0.38518018065419
0.716986736363785	0.385482787760556
0.74445681906629	0.383964556161246
0.76913224118121	0.38390980750668
0.793657472206571	0.384488543925162
0.820713137059629	0.384880604008474
0.845042466510172	0.383559664068778
0.870834765925173	0.383426082466453
0.897285548656617	0.385849127193546
0.922556340145812	0.384369916111359
0.947848097356677	0.385061796591454
0.975326033058247	0.383874372208729
0.0247182231215299	0.410318699810091
0.0523551053893515	0.410887858251269
0.0759205199251831	0.41036651082454
0.102414954870702	0.410626727035373
0.127442899966415	0.410502853694922
0.153416151990164	0.410803221255215
0.179575204437857	0.409839147328306
0.205023483340083	0.409265417309234
0.230304770173601	0.411009251767823
0.257286330603101	0.409158201544675
0.282533130469935	0.409936541694259
0.307304813731272	0.410433059727127
0.333286525979763	0.410546550736902
0.359117493841571	0.4106585996556
0.384482205324644	0.409830335529329
0.409152703852147	0.410156647021631
0.436335147811112	0.411041543474837
0.461212533305022	0.411015407719956
0.487283002135946	0.410899691363885
0.513614022545326	0.410948617333032
0.538890277530821	0.409429811074628
0.565331934607895	0.41046976328276
0.590327300615992	0.410175537539547
0.616641590832727	0.410306633326989
0.641852379995535	0.409950897985516
0.666079889450736	0.410072198396437
0.691872477092314	0.410944975797578
0.717863188838199	0.41099966409919
0.742353788904755	0.410333055801994
0.76958955508119	0.409943094398182
0.794628867901264	0.409227379948528
0.819565107824577	0.409180534441271
0.847388459840118	0.409865623681997
0.872492630666334	0.410829646483796
0.898083235896103	0.40921848500105
0.924006691597376	0.409657836170332
0.948148197044927	0.409207543700545
0.974380159017839	0.409152448298995
0.0260402601278346	0.435127235490331
0.0519036781281528	0.434774406065515
0.0780283373625301	0.436396807455868
0.102764915493966	0.435920438254317
0.12872213505644	0.435167551403668
0.153219268141266	0.435178809482362
0.179335706198685	0.436525656543947
0.206124814410043	0.435160812813767
0.231656775009758	0.436635027840209
0.257072185504311	0.436516716694791
0.281991504457711	0.435653986881953
0.308077448998688	0.435839548882028
0.333777691543267	0.435742980230235
0.357866748092872	0.435525109200576
0.384347648783935	0.435437654597932
0.410899200836226	0.437043742715676
0.437043137331968	0.435535540138274
0.462196821600296	0.43519074752777
0.4869415958061	0.434844984084185
0.511829877269948	0.435689680948273
0.538429110113519	0.4353501749661
0.565336504414785	0.435032619033609
0.590828042931298	0.437111328006755
0.615117242866919	0.436951959411149
0.641548664037283	0.437121154063074
0.667873534780871	0.436540174677265
0.69103791376138	0.43637437817018
0.717509728602258	0.436757206649883
0.74419724746697	0.434703469394738
0.770222025842288	0.436995827845083
0.793851818676514	0.43694908351009
0.819741731775211	0.437100505888913
0.845965689815298	0.434826871168499
0.872866136045183	0.435417974710832
0.898329817725635	0.436362953572502
0.923027205292544	0.434847695019283
0.949002679410125	0.436401304882074
0.974345137029581	0.435222113656838
0.0253254261802909	0.46186894844028
0.0508675114241972	0.461254084296655
0.0772188783132921	0.46228866385603
0.103285209183339	0.46130727003361
0.129050290476234	0.46038562810819
0.153829265491563	0.460463397803974
0.180519771076938	0.460711341045661
0.20581989565561	0.461387796440497
0.231515096575063	0.462581044462115
0.2553331257318	0.460848608080372
0.280883427422341	0.462613774189092
0.306515562760511	0.46164522506888
0.333190708906444	0.460554317512241
0.359024201737001	0.462480040313939
0.385644803137224	0.462735094987233
0.410731994210731	0.461014128261579
0.436077862107284	0.460906122607477
0.460947434422952	0.461063943681076
0.486144517485789	0.460620034109532
0.511578058798801	0.461843045941062
0.538667566804696	0.461798732667302
0.564149965907843	0.462120306098734
0.589081002835945	0.462633769929789
0.616226937297928	0.461955138181901
0.640926893773449	0.4615130028998
0.666463110834664	0.462675290831014
0.692201684292179	0.461537543016272
0.718780241689758	0.461017399452307
0.744702678790189	0.461333813182438
0.76998070915054	0.461185963716002
0.793766035266684	0.461937470666102
0.820657879626563	0.46099915985362
0.845346129450757	0.461301889343904
0.872858945295947	0.462529618301962
0.897039859118146	0.460577017891838
0.922792761380131	0.46033261690076
0.947979755381217	0.462335262269996
0.975281552588715	0.460722463779254
0.0259681445645725	0.487966586551844
0.0515001399572128	0.487317898197169
0.0780176013285473	0.48703934159557
0.103826726233065	0.48727493216459
0.129469429499218	0.485990474708703
0.153611406852507	0.487008329595578
0.180382323330423	0.48770900774292
0.20415539735614	0.486898822985247
0.231840180992875	0.485962382849607
0.256980745739371	0.488120543199225
0.280863521672899	0.488259890336745
0.307132725152706	0.487696968088867
0.332738059843263	0.487378517026878
0.359738534448213	0.487550332187297
0.384164053095402	0.488068876572026
0.409065660517028	0.488196346920481
0.436828662814813	0.486261706913189
0.46156329585437	0.485949113458822
0.486970609043854	0.486843096000936
0.512563207516185	0.486320931504969
0.538448077369825	0.486884357239669
0.564864530653785	0.486244362088167
0.590911015453274	0.487669406940475
0.61630107660401	0.488366071536248
0.641667020155246	0.486192237214108
0.667583353040042	0.486311467344566
0.692435338970355	0.487562389485104
0.719072345393269	0.485951852670947
0.743982660295044	0.487601470172451
0.768888471551283	0.486337633876457
0.79445930067067	0.48729426943102
0.821634361822849	0.488433840783958
0.846811668444269	0.487421624124487
0.871561394805436	0.486107469782774
0.896399034459606	0.486153186545899
0.92378924187597	0.486332064973359
0.94822226873991	0.486305737993862
0.974248203800405	0.486024866474601
0.0253422250468031	0.513059610465955
0.0517208130417824	0.513486723173281
0.0770658243670158	0.512385606125449
0.101924658976084	0.512435586549923
0.127207314672563	0.51235276463137
0.152623810187674	0.512909933554076
0.178525559044326	0.511993800702352
0.205646285689216	0.514000605825148
0.231548517094249	0.512680004513806
0.257547347015099	0.513515564197376
0.282685756246697	0.513140469046911
0.308415249983115	0.513631353913834
0.334560670982414	0.51265991632304
0.359999111374456	0.511586401944026
0.383342295744478	0.511964783914518
0.4111448976942	0.513037190521956
0.434993957076329	0.514054573015683
0.462010977411136	0.512010769262119
0.485937433459061	0.512240262935393
0.513758892270703	0.513236448297655
0.539580346812478	0.513034869604679
0.563091116069725	0.513271235592059
0.589538651452504	0.513433592981172
0.61412435229147	0.511732318485151
0.642303467422999	0.512039489594585
0.667661110823664	0.512232630214159
0.692172583472676	0.51371043232297
0.717572385999982	0.512977772751627
0.742395629932369	0.512053314659147
0.768478135684169	0.513759623488701
0.795336680454114	0.513339021678835
0.821615382954528	0.511703104306694
0.845534857928275	0.51223014234164
0.870523890117116	0.512459422471884
0.89782273339606	0.51161109894582
0.923525171853109	0.5136340713757
0.948874770088941	0.512264657175136
0.973624799041859	0.511935340972192
0.0249088687722894	0.538410903564936
0.0517686673322116	0.539298799299703
0.077321374330334	0.538288214236905
0.101799614828479	0.537300635207141
0.128616675118026	0.539664156462492
0.153225066045098	0.537735352540111
0.179877939945253	0.539383172106986
0.205675021488078	0.538220817367807
0.230968701963529	0.537788015790229
0.256980208260289	0.539584806868874
0.281793817480383	0.538405058771715
0.308014962107508	0.537233295435475
0.334409616403037	0.539344512910584
0.357708520753114	0.537604316022261
0.383630792576523	0.538114108910836
0.411129144640211	0.537334184465019
0.436312138777813	0.53968123706193
0.46108282351951	0.537930861543737
0.486513112171938	0.539142525345309
0.512387254747804	0.537584368112233
0.539588780238286	0.539038989439513
0.564938693909127	0.539605301181723
0.588557608706147	0.539032583291652
0.615992632198295	0.53848496442509
0.640680763206061	0.537237125082637
0.666841139463813	0.537305132365789
0.691786508110456	0.537446230974528
0.717281195556007	0.539460253796176
0.742629448523942	0.538232889704644
0.770188673719324	0.53856861949365
0.794320300219411	0.539582306000369
0.821405331796357	0.539362019327368
0.845977828238467	0.537818761613169
0.871212904391387	0.538039569919097
0.898023253462936	0.539073221110623
0.921951213714917	0.538696210630257
0.947938301233295	0.53934858756385
0.974973117479463	0.538522832319539
0.0251492894076979	0.5643117307702
0.0502776533773227	0.564126268479656
0.0762246634823095	0.56450487006826
0.102811793456156	0.563749096711635
0.127128036984072	0.563859796664232
0.154032899771149	0.565285261036366
0.17839535927454	0.563374748179798
0.205113919338452	0.564236535235624
0.230374735118242	0.56306827212121
0.257123796980121	0.563619329788739
0.282178233947335	0.562987420992284
0.306666132115636	0.562894639712812
0.33305153267675	0.565133465748933
0.359043436350874	0.564204680656904
0.384279732058283	0.563103353518981
0.409192377402495	0.563443576535116
0.435712284510568	0.564694197618577
0.460387208004086	0.564442568378432
0.488416122798104	0.565194661910228
0.511965496454414	0.563977159185601
0.539339257287211	0.563803166760193
0.564926584939633	0.564261435515763
0.59016317009606	0.563153853374907
0.61484351839201	0.56410382344815
0.640488663849343	0.564936515098515
0.666993059241544	0.563974458423438
0.691862788574584	0.563662321742472
0.717216957650496	0.564169783152481
0.743760460577719	0.564840905604791
0.768681246696786	0.563898786694049
0.795273098935288	0.563617477502879
0.820129036084385	0.563761757873603
0.846610003268255	0.564866995322838
0.871424263754657	0.563076368304702
0.896498682201151	0.564037309151159
0.921888093341843	0.562982579883607
0.949392820839543	0.56393436997262
0.973694799634415	0.564274070702694
0.0247848924309029	0.589308432916483
0.0517371559305466	0.590377372343039
0.0774199408185522	0.589100844510411
0.1031550825628	0.590037408526261
0.128891934097174	0.588757566654739
0.152664617665338	0.588632440602213
0.178242405656667	0.589944392734756
0.204846543238043	0.589281366290775
0.231082201458748	0.58868552608613
0.257388210614036	0.588502081679564
0.281098556092215	0.588581283461107
0.306470120731646	0.590475645690899
0.333766077698663	0.588625853240885
0.360167139202705	0.590495053484231
0.384604414635747	0.589770318890039
0.411208601175691	0.589624596381069
0.437068513254651	0.589261885334523
0.461760071850581	0.589854487518026
0.487665804923664	0.589789040073365
0.513072101611485	0.590420234368713
0.538369393719455	0.589710135947505
0.563878428572391	0.588967908924026
0.59093418917689	0.588604727814019
0.614799142377373	0.590473480373757
0.642237521992743	0.590367822588565
0.666942941350152	0.590776644209868
0.692225923979456	0.588585970030628
0.718667130655202	0.58880018511418
0.743864565649833	0.589251463339526
0.769312397899604	0.589906929799145
0.794097865703621	0.589761711917087
0.821255198148593	0.590469630165553
0.846887735872401	0.590241700798512
0.87255758008723	0.590389346839451
0.896834300593009	0.589597398252777
0.923818603154798	0.588969962019227
0.948266224639906	0.588892985248107
0.973381800606679	0.589161669972602
0.025871669111252	0.615143220672079
0.0509864147217163	0.615801134600007
0.0769236286085196	0.614178641228251
0.103307157911226	0.614406407101492
0.127969279073053	0.616025119139343
0.153063557108197	0.614584760199636
0.178611326048965	0.615634574770782
0.206392842125014	0.615405174479331
0.230560472496594	0.616035154069806
0.257055957697448	0.614661048318278
0.282275039769003	0.61473164256343
0.307349898598385	0.614702956826175
0.333097224481869	0.615892311214384
0.357906686086703	0.614611455791336
0.385044514033866	0.614366804154485
0.410426997917801	0.6160835598272
0.435884434629716	0.61485416110933
0.461062188408161	0.615504684435177
0.48756456416436	0.616578449969612
0.512187579564544	0.614967405182737
0.537807721080322	0.616084199319531
0.563850807746538	0.615681054795071
0.58992819455735	0.615717003191097
0.615022191199368	0.615328261247
0.641644685481857	0.614960282685926
0.666549302219505	0.616400272033324
0.692183372287002	0.616349462537878
0.718827970437114	0.615044940794913
0.74477267759925	0.615780836819138
0.770392885202203	0.614211021400561
0.795078606975306	0.615220728045343
0.821658299088356	0.615459044965701
0.845863518415173	0.614839003979649
0.870853822523079	0.615354538665993
0.896848106699748	0.614430334494965
0.924200083694326	0.615843519911652
0.948177665687698	0.616519915494867
0.974442077917201	0.616438654119836
0.0267662693840267	0.639908610891382
0.0515524693562887	0.639946586898132
0.0776466858195566	0.640919425750555
0.102511966180804	0.641227774998478
0.127235559617773	0.641800728244224
0.154000135850923	0.641529106690199
0.178645200797799	0.640939147125984
0.205616435752184	0.640745830465916
0.230177635563888	0.63977113847035
0.255169372243469	0.640107406361911
0.28215380654907	0.641027276910599
0.307290443839487	0.641677070161326
0.33395813321842	0.640156222528808
0.360025279862719	0.641984613235811
0.384608603878138	0.641036438494199
0.409639146473461	0.640658251137477
0.436179291344228	0.640953437348714
0.461793454463157	0.640512674754225
0.485918421699668	0.641806733377289
0.513433266559576	0.641804628905334
0.53802481322834	0.640132812922543
0.564096414965727	0.640837755881112
0.590213012105578	0.641820905865081
0.614469160938405	0.642256279667148
0.640613160706215	0.639793228814926
0.667583452849277	0.641350555045238
0.693004761762052	0.641631748441114
0.717808090609401	0.640233614180733
0.744098547907853	0.642112699602136
0.769367965889771	0.639757499435312
0.794955470323142	0.640357347766624
0.820657167548021	0.641507081526665
0.847281330259955	0.642193264756296
0.871006225645801	0.640914294424633
0.898284836483503	0.640341482121362
0.924106712804254	0.640366740315189
0.949246055034427	0.640641937778442
0.974587476417895	0.642149140353422
0.0264556934380676	0.6662305889025
0.0502174238328938	0.666784961870739
0.0770765321527573	0.665947795876865
0.10263812338368	0.666951797698184
0.127009810042379	0.667603671440492
0.153330092021154	0.666051424572303
0.179555974215382	0.666778336172147
0.204779182355897	0.667013234471527
0.2313626786719	0.667072523904885
0.257058712902593	0.667485310888425
0.28144663701921	0.667932778965646
0.308268558451874	0.66700567216725
0.332527622342314	0.667381596925537
0.35956399341712	0.666032403772024
0.384299978835525	0.667737317585851
0.409546206767702	0.667490755443734
0.435914200159114	0.666920537426405
0.461102979569134	0.667382430284515
0.487699839221125	0.667838133531585
0.512051639828143	0.665880687446777
0.539742033493508	0.666722874324632
0.563433096203218	0.66750989602531
0.590426049558444	0.666293863418527
0.615931534716374	0.667464604949979
0.641135029560875	0.666964598875144
0.666475858622199	0.665481944758014
0.693094819532218	0.666651441114106
0.717793654486728	0.667376633731961
0.744552188092714	0.666758695856646
0.76964799171297	0.667547001365597
0.794562126704892	0.665816691310437
0.82164594589088	0.66706815641407
0.846380757976973	0.667189501946431
0.870556952249907	0.666833469639001
0.897065556760152	0.667664078512802
0.922933002598434	0.6655316094244
0.949128709806706	0.666937068638794
0.973932040745546	0.667244794445723
0.026324966094192	0.692987775265004
0.0514790731107065	0.693368669773586
0.0776964812709133	0.69207650200622
0.103617705685863	0.692210612083724
0.12921357774895	0.692406925832652
0.153069876901663	0.691207601897971
0.179610362128531	0.692288252056559
0.204528689847099	0.691310292702317
0.23144564096502	0.692697382318537
0.257536182730571	0.692934748816486
0.280977588012177	0.692134552605333
0.307678949638107	0.692762740382953
0.332558465030145	0.692027920382246
0.358493194830697	0.692940474976476
0.383421003554748	0.692764511470837
0.409811637446927	0.691495776691153
0.437168765886275	0.692522878457281
0.462319017330836	0.691573912051554
0.486397443829133	0.691352304013428
0.513318514471702	0.692407500971007
0.537240956096465	0.691920710832317
0.56524297203808	0.692139035593531
0.589629953807112	0.693113086376201
0.614517656094233	0.692505614840956
0.64068178939329	0.693506177999792
0.667179671268799	0.693238655365211
0.692896106307123	0.693497488999125
0.718361270767118	0.692137259473196
0.74353824042799	0.691579870213276
0.770099238701078	0.692479919590661
0.794451302275549	0.691564759164503
0.821597970995678	0.692578007864154
0.846626881168982	0.691974495362686
0.871029138992832	0.691210241278142
0.898459577324778	0.692552961110113
0.923903556777083	0.691610759644779
0.948039364972935	0.692855925653541
0.975385840516118	0.692162009353292
0.0251982081214359	0.718537550585864
0.0504163390654049	0.717171625647703
0.0767340500861199	0.717662216252697
0.102363983234898	0.717693024753653
0.128752001645632	0.718562019133586
0.153471039294529	0.718920305596348
0.178712967907495	0.717272081022633
0.204285294269851	0.717814262224892
0.231228599481581	0.718702060629516
0.256660549133021	0.717990608478428
0.280787518025358	0.718145575915073
0.306993438721757	0.717501376335811
0.334064221894793	0.718168734058456
0.357782169965081	0.717317933343269
0.384331916283697	0.717932831163771
0.410761568214826	0.717483834508812
0.43559378948956	0.716750214826799
0.461435117600527	0.719196286508204
0.487963711803157	0.717206336581237
0.512625152422909	0.717720056310931
0.538937396110032	0.717981423596118
0.563602237603143	0.717439968824466
0.589814441420034	0.718007221935678
0.614373637349571	0.718871443919418
0.640440645651389	0.718800738321256
0.665679850227984	0.71734266334323
0.692958087420766	0.717943652244802
0.718127659554391	0.716756481275757
0.744433335952866	0.717810880512549
0.769474851018484	0.717401415788808
0.795987120557448	0.718181082952398
0.821288134451767	0.717766605581892
0.847193986059528	0.717242689348936
0.870900417436956	0.719162327517336
0.89717604960549	0.718404612575965
0.92356555911112	0.716933387269179
0.949690230147629	0.718129005823103
0.973145971871263	0.717209301301796
0.0263140222522691	0.742753089182051
0.0504892456660704	0.742433368503704
0.0775144833011206	0.743313978908851
0.102812718994728	0.742565222842399
0.127282968754483	0.743579242520437
0.152703610579178	0.744574592504437
0.180489590577371	0.743991107221247
0.203873041530865	0.744053628578434
0.23183608439313	0.743926830955416
0.257163695247566	0.742524618685268
0.280978861811082	0.742502968726138
0.308657304938354	0.743493970073366
0.334270698752111	0.743241648136013
0.35825344009064	0.743529517535539
0.385592024207338	0.74401111943754
0.409042755811203	0.743815577423312
0.435296737583049	0.742540107794711
0.462356128046051	0.743369372434651
0.487868998501374	0.7444207482869
0.513294702773873	0.742698370858146
0.538661388299337	0.743668743820487
0.564785143022581	0.744441409517194
0.588932714716817	0.744325458262575
0.615836644352863	0.742586157232661
0.640655879604434	0.743564748575539
0.665983454517789	0.742433583753888
0.691949674762712	0.742485797678616
0.719042254879081	0.742849163503372
0.743086850755642	0.742394952652888
0.76976899072157	0.743440364041983
0.796125431383511	0.743051381263507
0.820732083074338	0.744100031119045
0.845732592681402	0.743262988118296
0.870536029761156	0.743815066129205
0.897969821153734	0.743702738772689
0.922165044577358	0.744116207784057
0.948660507054298	0.744766663128769
0.975038797824526	0.742360823785152
0.0245718839528674	0.768720971213266
0.0503336046903496	0.768767194326824
0.0777253070676166	0.769469887780564
0.103647047740965	0.770260133632426
0.128169867747613	0.768813742839645
0.154800394733776	0.768467247763201
0.178636164910011	0.768444330143808
0.204033734081919	0.770455642991824
0.231580605985064	0.769523686773035
0.257533268936679	0.770072706490275
0.28089787118494	0.768217080977295
0.307800408664946	0.769318260815759
0.332224983223638	0.768360086739158
0.35799267456637	0.768127783195607
0.384157419486249	0.768705953092099
0.411434962324065	0.769621738855313
0.435027629440424	0.768234067656181
0.461782908453393	0.76838950402665
0.486219676322716	0.768201980444989
0.513238460806017	0.768523755448873
0.539473584110318	0.770482836935967
0.56329553642118	0.769361846800169
0.590474791858855	0.76987651480465
0.616510694507335	0.768082024745768
0.641643929097472	0.768651829429605
0.665754480922134	0.76910204920944
0.6933045733675	0.769533967696838
0.717664385733513	0.769734283728099
0.744579070807696	0.768626127913489
0.770297750372492	0.770461118682068
0.795744846770528	0.769280375869613
0.820674959271234	0.768168312150192
0.845858777720771	0.768269148150573
0.87067634406205	0.769263727682705
0.898156423060564	0.770048353339666
0.923839635911086	0.768422736180854
0.947566199675947	0.76815259850048
0.974748225145693	0.770164402661188
0.0249754231226844	0.795170362901107
0.0502634861231848	0.79510345730483
0.0766965747671046	0.79418601518666
0.103550017973345	0.794657652637318
0.127517857115783	0.795022861932538
0.153652574395002	0.795212399214616
0.178652506324224	0.794954933517312
0.206324311391035	0.794991293227423
0.230376790638208	0.79434927937751
0.256883279705949	0.794210409761416
0.283299734757453	0.795834537671055
0.30882068297615	0.794483057455058
0.332663544362889	0.794213063757562
0.359455449834976	0.793597236513943
0.385059338995755	0.794989433225025
0.409510949199959	0.794661536387867
0.435301445959801	0.795231609866841
0.462748542334733	0.793927408507443
0.488277235186038	0.795297056311747
0.513220110003955	0.793617601974947
0.538811944952646	0.794328159075411
0.563396098158512	0.794426094858409
0.590950362759562	0.795992637592261
0.614527468558238	0.795724600240528
0.639855334701516	0.794213068533598
0.66627500321693	0.795239689830172
0.691135645074628	0.794472409943741
0.717590605573581	0.795040838978927
0.743034221424407	0.793731489009926
0.770420450506693	0.794871338488586
0.794666746877846	0.794094358169489
0.820980970220734	0.795654161587985
0.846270722113766	0.796002851188161
0.871266483299495	0.794465886575019
0.89720313100907	0.79443082986107
0.92317671778451	0.794582906812831
0.949223526185016	0.793977901272471
0.975136364842614	0.794801339445607
0.0246464642862946	0.821478009183187
0.0507732040909007	0.819533675559354
0.0767340721630853	0.821510799296691
0.101510241259055	0.819415585628907
0.127780719905903	0.819417653639855
0.153903961301427	0.819320035736529
0.178356184820299	0.820466971902322
0.205620051448442	0.82120301548578
0.231219304563939	0.819361666558871
0.256963006601798	0.819741886988129
0.28112266807486	0.821436648004639
0.308833385867287	0.819332001860732
0.332849849467945	0.819268477477649
0.359489203136472	0.820255011560074
0.385522132844656	0.8196910580947
0.40989815414033	0.821267784837686
0.437147635072182	0.819348588953037
0.461886745188885	0.820908679827914
0.487889913325664	0.820420117606864
0.513088958233973	0.820086048236477
0.537954369627991	0.819304891103228
0.563995095040761	0.820994038752162
0.588769094962023	0.819317283563475
0.616310576118121	0.820406313631479
0.640387465967436	0.819828468268559
0.667429673201873	0.820375918925255
0.692148597835539	0.819234953822026
0.718535613759613	0.820851038581771
0.744524988504219	0.820467454186258
0.768370999749594	0.821480853630996
0.795861515783281	0.821643779231685
0.821018650759486	0.819614929651688
0.846559400634052	0.819764046275728
0.870966825899887	0.820633317113285
0.897981287232538	0.820544779641795
0.922353823603472	0.820448194947626
0.949133105490084	0.821738886694551
0.97317956899922	0.819419917855588
0.0266085840838693	0.845668732965946
0.052338741338038	0.845221522954277
0.0758145695634379	0.847126826975453
0.103376976059412	0.845718688884697
0.129302168817226	0.844967078580687
0.1535699392991	0.845154473069152
0.178607217340553	0.845508091193704
0.204993343211425	0.845282030827028
0.231470849732729	0.846714043744621
0.255774523041647	0.845380579746313
0.281198207824039	0.846774018411761
0.307911071676347	0.846853883402411
0.333354317785632	0.845427485826557
0.359393208627348	0.846304774864787
0.384970301307924	0.84568056816097
0.410354566704028	0.847235877418872
0.434725738173308	0.845986094236949
0.462258735646762	0.845788936007924
0.487307746114956	0.846032542177699
0.511792543940339	0.846011204862746
0.538135676718505	0.846061207125095
0.564923342702913	0.845015009049531
0.589374286519902	0.845509652431753
0.615849188774703	0.845230539739575
0.640815458302421	0.845124644423419
0.665851500615121	0.845514430733689
0.692912184172354	0.845513974408242
0.716822839452627	0.846174784525444
0.743611226656869	0.844994213199222
0.769063768821759	0.845244797912149
0.793636211895136	0.845918465721946
0.819821948022261	0.847332625474341
0.84673423843523	0.846263420069749
0.87164318163662	0.845466443308081
0.898433008967513	0.845717762655032
0.922164314844876	0.844904085914557
0.947794728761507	0.845801957891298
0.974051837048505	0.846365766673474
0.0251193658073304	0.87228854803423
0.0502980473605595	0.871977500354616
0.07668465736768	0.87051736303657
0.103337490346531	0.872929474872237
0.12759052107201	0.872886992405886
0.153181312831423	0.872554964173805
0.178406155266139	0.873032960476889
0.206149443324474	0.872207622446571
0.231126619259645	0.870937243934357
0.257640575412775	0.872241970233028
0.282208690892669	0.871832986015148
0.306857765716903	0.870665356536149
0.33346755603368	0.870751544107383
0.358375230817499	0.872844527098799
0.385552065318367	0.871626000658595
0.410067198112922	0.872974380714024
0.43498867997881	0.870777829521783
0.461425205431882	0.872529074674368
0.486254301932568	0.873034746777508
0.512729980012538	0.871514641013296
0.537609323194587	0.871842353592882
0.564834736681709	0.871335636715224
0.589002708187677	0.87113284229168
0.615146914571722	0.871834004463156
0.640077130639051	0.872207580534494
0.66608434813692	0.872324029193882
0.692992648988183	0.871901992148252
0.717969554025492	0.872395271777482
0.742390710754578	0.87249602816896
0.770511852003816	0.871322486764664
0.793629862221146	0.871178182806413
0.821582992820859	0.871715932389381
0.846295979663945	0.872296424911869
0.872188321910372	0.871649275774474
0.898098927976054	0.872549411521555
0.92402084918305	0.87105161350408
0.947555706754189	0.871874813665267
0.974430689841277	0.87156117404109
0.0254294589171705	0.896735113860733
0.051590058127888	0.898206759445244
0.0761643172758496	0.898424866314744
0.103049984414292	0.898064635889201
0.128240528148208	0.898412715275821
0.154763039195196	0.898394776387337
0.179609712011809	0.89802673141016
0.206365527433097	0.897502720915197
0.229921372551584	0.896435091341137
0.255689562723878	0.89668957323641
0.281358171603301	0.896534495183014
0.307027265688147	0.897529468758486
0.332744307889372	0.898552328317756
0.359261508676867	0.898543419835349
0.38543097289782	0.898543324326467
0.409834622925978	0.896741202430233
0.435696962448313	0.896944425727412
0.4606702890488	0.898406652001694
0.487481647727876	0.897452570856064
0.513551389431946	0.896998505552382
0.53804280715532	0.898388876426067
0.562931535336579	0.897979209927572
0.590398539639885	0.896287700286821
0.615164423465337	0.897268386839696
0.641954518512865	0.896532775470958
0.667615359822594	0.897414936010363
0.691115885058615	0.898622112396294
0.717975968496846	0.897481024013096
0.744705709726609	0.896166936439346
0.769262075746554	0.897580262431978
0.795884629281154	0.896956049724922
0.82019395091594	0.897118687474317
0.846028716806032	0.897445106787156
0.873040492784895	0.896876823905079
0.897095903255734	0.898471587919983
0.922978392914641	0.898529312402732
0.949660121549306	0.897532929759467
0.973340960888157	0.898468525421957
0.0258068769262796	0.923032828192637
0.0501322278969159	0.922029991775394
0.0763156581615052	0.924018493575567
0.103730171046067	0.922271575701983
0.129118051762457	0.922978859427852
0.153919492400023	0.922623239750081
0.178915884870167	0.922636851245139
0.204040141502725	0.922741703822447
0.23077933158272	0.922056079555334
0.256498951109758	0.923617101328259
0.281408830105602	0.923861619163953
0.308965975919704	0.922024378946921
0.333773845031042	0.922426556738636
0.359427298792317	0.922059747653273
0.384840355872852	0.921903786752591
0.410350687664957	0.922986696104124
0.434993077306332	0.923257421056254
0.461334807424942	0.922851532570514
0.486367146340348	0.921972128075686
0.513475062919386	0.923746285315609
0.538702323237669	0.923236212309519
0.56416900644415	0.922770321176079
0.588899706915253	0.921816876889629
0.614659268108912	0.922495038697182
0.641769642990363	0.923814717828686
0.66671809786811	0.923097900012394
0.691739069109416	0.923263939575606
0.719053549816688	0.922575623199521
0.7431056284037	0.92271523319406
0.768240742090467	0.922796926077898
0.79519529115546	0.92337609918973
0.821074831577261	0.923998265304861
0.847346511639349	0.923425196922919
0.872808068735588	0.922534336909634
0.89686431797414	0.924210307993223
0.923657913874925	0.922054133233433
0.947891917537237	0.923448007840899
0.973261630055779	0.922370014971427
0.0251416023504373	0.94881679637531
0.0524077918862872	0.948409387444764
0.076027650824178	0.94992532919796
0.103819903284928	0.947837742709574
0.128264720400948	0.947872163773239
0.154522246483338	0.948528763539128
0.179949455326616	0.949882016506676
0.204983391113223	0.949791514125298
0.229755728471769	0.949689371932876
0.255426627190918	0.947793772504468
0.281170139196577	0.94819245449067
0.308113222015649	0.947709462240065
0.332381441374136	0.949633880425164
0.357842094562499	0.949063710628755
0.383374048727728	0.94758465358865
0.409644316367363	0.94923373134788
0.435482261869591	0.94784480208715
0.460418246955516	0.947904422425694
0.48638885331341	0.949155690078003
0.511675561559828	0.948276215605963
0.537562674266951	0.949062295458878
0.56523453732726	0.948125693121747
0.589365507237843	0.947786310062076
0.614701918711313	0.947620856632547
0.640262843936858	0.948662464609888
0.667635140670291	0.949292562489077
0.692507076710837	0.949020247409628
0.718637698292044	0.948509816081992
0.742810582908305	0.948470262437396
0.769087395317707	0.947486278416096
0.796106054705885	0.947941124148108
0.820472422585775	0.948819379576849
0.8456826993724	0.948616482625967
0.871273154583852	0.948205628856238
0.897736639836866	0.948511054243194
0.922350569338162	0.948134633455578
0.949228051996508	0.948006032115116
0.973193288464029	0.948063054967711
0.0244885808013392	0.974563977009595
0.050350965118606	0.974576624679766
0.0758761618902024	0.975417406264026
0.102028915924619	0.9732206079027
0.128423371374209	0.974094201976546
0.152758580621827	0.975227788800124
0.179276771105012	0.975474851571812
0.204145812136787	0.973606109209202
0.230336164964437	0.97368645319274
0.2565130350547	0.975563855781801
0.282250935733605	0.974850042167722
0.307060174371453	0.974090340106026
0.332665430327068	0.975439388740332
0.360015845148151	0.974058801995331
0.383782922243109	0.975065480135835
0.410860077074377	0.975020080325309
0.435181462449143	0.973460649364986
0.462300940674404	0.973919536059749
0.486277270320039	0.973412812050136
0.514069970158601	0.975163002869321
0.53811144165736	0.974999693312562
0.562900360316642	0.974087223073068
0.590739789705776	0.97372196478776
0.616501772401017	0.974352357325329
0.641916110074308	0.973499022039247
0.666609181805832	0.974371781653658
0.692741637856288	0.973744879762989
0.717491643643758	0.974056335987475
0.743893898708846	0.973101811373301
0.768554881284714	0.973496198529829
0.795844850182002	0.973523158088564
0.819475790794266	0.973855065352943
0.845093952871463	0.974409022803069
0.871241325748333	0.974133861975039
0.897588906661614	0.973541399260668
0.922934120365149	0.973535146900829
0.948205169095122	0.973823413816847
0.975173469914373	0.975563202119828
