0	0
0.0256410256410256	0
0.0512820512820513	0
0.0769230769230769	0
0.102564102564103	0
0.128205128205128	0
0.153846153846154	0
0.179487179487179	0
0.205128205128205	0
0.230769230769231	0
0.256410256410256	0
0.282051282051282	0
0.307692307692308	0
0.333333333333333	0
0.358974358974359	0
0.384615384615385	0
0.41025641025641	0
0.435897435897436	0
0.461538461538462	0
0.487179487179487	0
0.512820512820513	0
0.538461538461538	0
0.564102564102564	0
0.58974358974359	0
0.615384615384615	0
0.641025641025641	0
0.666666666666667	0
0.692307692307692	0
0.717948717948718	0
0.743589743589744	0
0.769230769230769	0
0.794871794871795	0
0.82051282051282	0
0.846153846153846	0
0.871794871794872	0
0.897435897435897	0
0.923076923076923	0
0.948717948717949	0
0.974358974358974	0
1	0
0	1
0.0256410256410256	1
0.0512820512820513	1
0.0769230769230769	1
0.102564102564103	1
0.128205128205128	1
0.153846153846154	1
0.179487179487179	1
0.205128205128205	1
0.230769230769231	1
0.256410256410256	1
0.282051282051282	1
0.307692307692308	1
0.333333333333333	1
0.358974358974359	1
0.384615384615385	1
0.41025641025641	1
0.435897435897436	1
0.461538461538462	1
0.487179487179487	1
0.512820512820513	1
0.538461538461538	1
0.564102564102564	1
0.58974358974359	1
0.615384615384615	1
0.641025641025641	1
0.666666666666667	1
0.692307692307692	1
0.717948717948718	1
0.743589743589744	1
0.769230769230769	1
0.794871794871795	1
0.82051282051282	1
0.846153846153846	1
0.871794871794872	1
0.897435897435897	1
0.923076923076923	1
0.948717948717949	1
0.974358974358974	1
1	1
0	0.0256410256410256
0	0.0512820512820513
0	0.0769230769230769
0	0.102564102564103
0	0.128205128205128
0	0.153846153846154
0	0.179487179487179
0	0.205128205128205
0	0.230769230769231
0	0.256410256410256
0	0.282051282051282
0	0.307692307692308
0	0.333333333333333
0	0.358974358974359
0	0.384615384615385
0	0.41025641025641
0	0.435897435897436
0	0.461538461538462
0	0.487179487179487
0	0.512820512820513
0	0.538461538461538
0	0.564102564102564
0	0.58974358974359
0	0.615384615384615
0	0.641025641025641
0	0.666666666666667
0	0.692307692307692
0	0.717948717948718
0	0.743589743589744
0	0.769230769230769
0	0.794871794871795
0	0.82051282051282
0	0.846153846153846
0	0.871794871794872
0	0.897435897435897
0	0.923076923076923
0	0.948717948717949
0	0.974358974358974
1	0.0256410256410256
1	0.0512820512820513
1	0.0769230769230769
1	0.102564102564103
1	0.128205128205128
1	0.153846153846154
1	0.179487179487179
1	0.205128205128205
1	0.230769230769231
1	0.256410256410256
1	0.282051282051282
1	0.307692307692308
1	0.333333333333333
1	0.358974358974359
1	0.384615384615385
1	0.41025641025641
1	0.435897435897436
1	0.461538461538462
1	0.487179487179487
1	0.512820512820513
1	0.538461538461538
1	0.564102564102564
1	0.58974358974359
1	0.615384615384615
1	0.641025641025641
1	0.666666666666667
1	0.692307692307692
1	0.717948717948718
1	0.743589743589744
1	0.769230769230769
1	0.794871794871795
1	0.82051282051282
1	0.846153846153846
1	0.871794871794872
1	0.897435897435897
1	0.923076923076923
1	0.948717948717949
1	0.974358974358974
0.0250765028155905	0.0253672988082336
0.0523490659643933	0.0248303117804496
0.0756441676047243	0.0248521629394573
0.103094956076909	0.026297452363171
0.128984447652829	0.0268223776896547
0.153034233267612	0.0249226367771589
0.179112398883899	0.0258729124080156
0.204830003971667	0.0263551907223701
0.2307700729726	0.0250304239527889
0.255801400115901	0.0253196263694788
0.282244889321995	0.0244961079604047
0.308388147887345	0.0254494938666978
0.332603691382668	0.0251052272480081
0.35790413238727	0.0258787731804211
0.385519425021859	0.0249732444584665
0.409604851283896	0.0266900405814456
0.43704694523176	0.0245127883387589
0.461292117803705	0.0245370414113873
0.486683838979909	0.0259057593450986
0.513409619149274	0.0252964745568264
0.539451753746079	0.0255840702871546
0.564773107203186	0.0267844322311769
0.590407492671741	0.0251536652728628
0.615107843450563	0.0246193890565028
0.640961802770019	0.0245240771169648
0.667212479861214	0.0262572346237414
0.692628889772805	0.0259549117252707
0.718622722398577	0.0253113698336071
0.742821493725648	0.0267293837015176
0.769532055173542	0.0264991727443014
0.794175642703758	0.0251514830699125
0.821059648296503	0.0256045909423624
0.845802178054973	0.0260640997944629
0.872814938734335	0.0256292000721215
0.898287682063831	0.0268192792156507
0.921830815405244	0.0255919890580494
0.9478105567437	0.0247314258394056
0.974498405252243	0.0265783522832145
0.0256700609995896	0.0506087255336806
0.0502029955514704	0.0508982174832313
0.0773650671119578	0.0516494472968583
0.101581549814284	0.0509758924286623
0.127954059723478	0.050489229878857
0.152728931766356	0.0516922421201059
0.18007545605675	0.0516510065180203
0.206069514719247	0.0515505965445563
0.230084947631601	0.0512833497135779
0.255466649055076	0.0515347811574117
0.281621550313973	0.0508506177374192
0.30828332482776	0.0514325624013224
0.332830909779782	0.0524211884163144
0.358599772344025	0.0522576534081888
0.384578943188581	0.0517571670265754
0.409610722765278	0.0524774849659107
0.434724933180533	0.0515276154113034
0.46266067020458	0.0500891896944767
0.488262048034296	0.0521140359248271
0.513716127592305	0.0503802468549805
0.537768800026483	0.0504706635874672
0.565098628343646	0.0523623335917893
0.589152200829781	0.0504910328591535
0.61457351726774	0.052420561759101
0.641300506562215	0.050755630946067
0.667675255699033	0.0514872577193992
0.691206237534612	0.051883314784142
0.716977434381969	0.0518485950969715
0.74403887836877	0.0506684705675863
0.76994849531421	0.0509423526481459
0.795888661683254	0.0503372878378402
0.819602479846175	0.0521125550567351
0.846814959789147	0.0502197513698076
0.872574854983663	0.0519680258481986
0.896723561917394	0.0503179628610087
0.921847920630799	0.050004118163558
0.948824811056243	0.0523935081265675
0.974447248438501	0.0513325069764442
0.02653799173467	0.0771389219796721
0.0523698469992718	0.076762953352063
0.076103184162656	0.0759349947947275
0.102684697636021	0.0774616770832398
0.129239329967944	0.0777797645233172
0.15508719056544	0.0776681383162625
0.179762604104733	0.0756597814411607
0.205433578529616	0.0766502202219648
0.229887114739764	0.0770558363767041
0.255639285890754	0.0779688271249921
0.281432086639913	0.0772038340828572
0.307375765609714	0.0776163577816166
0.334196251584614	0.0770085085573159
0.358524349908702	0.0777078958049712
0.383539636366427	0.0769160002804435
0.409570649700373	0.0767105858140284
0.43626265706183	0.0762811304153073
0.461556617247853	0.0767446824499529
0.487444831930472	0.0772227628056869
0.513643348972273	0.0780434603727052
0.539498158767643	0.0765384478616672
0.56320140371491	0.0764748650966738
0.589817018513395	0.0765646845966023
0.615906013000763	0.0763607998887867
0.640434865648511	0.0757088181702195
0.667256969198431	0.0764913738224344
0.691215987087451	0.0762484154102984
0.717510122800999	0.0779912307148981
0.743792500119307	0.0776407661163249
0.768723981983317	0.0765687521042832
0.793849779475273	0.0766286024405855
0.82055984717128	0.0777704891583562
0.846817503708757	0.07715119596348
0.870986428214796	0.0780993573229252
0.897517719494801	0.0775398600396395
0.922151871495448	0.0777914047466023
0.949594012468345	0.0756953350229695
0.973950908332373	0.0771112632818336
0.0247956208465048	0.10292832674584
0.0520186907093849	0.103691422586055
0.0775920526196661	0.101700410630268
0.103169911224117	0.102644225901593
0.127031963852342	0.10194320277279
0.153729373736396	0.102725071986546
0.178919364273668	0.103798125547251
0.205225499579413	0.102539125888547
0.229543718807707	0.102747403670125
0.255165542793123	0.103340838529714
0.282921274677866	0.103813753167002
0.307658488811463	0.103384573892803
0.332619017784071	0.101512942699645
0.357804832536053	0.103324235687224
0.384309844785921	0.102366624089006
0.410408924094667	0.103673703917713
0.435912421445789	0.102797622703882
0.461329299523643	0.103549226212675
0.487627013162411	0.102987978980455
0.513408839086691	0.102010181984775
0.539527094248809	0.102794579843389
0.565099866230488	0.102885413632061
0.58880675492781	0.101995008177107
0.616645712827454	0.102790448764104
0.640146542679677	0.101712164652764
0.66760903334632	0.102877226050663
0.692366192663828	0.101819957322636
0.718758529994131	0.102408223553532
0.742603572612179	0.102587287820765
0.770387623861337	0.102616151611979
0.793991563209189	0.102242854882681
0.820298962075727	0.101387384252338
0.845792399374031	0.103709118782425
0.871823896739634	0.101383500382267
0.897490341983079	0.103497581147181
0.922064762039928	0.103063864656939
0.948881211798118	0.101888098875212
0.974425361236041	0.10242117905544
0.0264167566046131	0.129429174536031
0.0506837474795542	0.128738408408075
0.0765931287670549	0.129095558516265
0.101747240860558	0.129052973688903
0.126975437110905	0.128931589486912
0.153193697647054	0.12901573216828
0.178803534919718	0.128305120535742
0.204126075416363	0.127316874954919
0.229718072484345	0.129215571731107
0.255731689028007	0.128437100166326
0.281851735034369	0.128526365184991
0.307077795609791	0.12729304406557
0.332529869330371	0.127703066292175
0.358230085239292	0.128087122488581
0.383542053081844	0.128672472011716
0.410695810886591	0.12787407596244
0.435851815414266	0.127769927671244
0.460585633325522	0.128117290026327
0.486847640721079	0.129332088154467
0.513092940956547	0.128176391628051
0.538975273548158	0.129453272296918
0.563209176687071	0.127636558068518
0.589528545212817	0.128221378438096
0.614854463841638	0.127763314139177
0.640500187852895	0.126989494981516
0.665982077201519	0.128316245130223
0.691816043170981	0.127213310689177
0.719161214496171	0.127964462635942
0.743007090942032	0.127841897031676
0.768448236345356	0.129461121370227
0.793800816603023	0.127703546651821
0.821739537617735	0.128122392371564
0.847043548854042	0.129195343038079
0.87228545030984	0.127870760846157
0.897423625688969	0.128628088790223
0.922715261867915	0.12902741860941
0.948324064720779	0.127062048520577
0.973878792693223	0.129047985408716
0.0255287546706267	0.153510752221946
0.0506477131651785	0.153158821910884
0.0770026810308712	0.152817977463021
0.103063837553233	0.153006099367378
0.127537888683163	0.152611979386965
0.154516350534766	0.154930232266472
0.179556630748286	0.153595634509419
0.205828580942006	0.153577723374048
0.231289868283769	0.154757152709289
0.256610198280337	0.153231691201794
0.281426486285374	0.153950463145985
0.306427514543198	0.154851642996786
0.332797962106171	0.152581157222058
0.358994147766617	0.152694664742283
0.3843003522206	0.152944769371717
0.410123748637809	0.1527561946688
0.4361354755086	0.153513293711212
0.462394640291404	0.153342715611491
0.485966448865662	0.153473429190181
0.511993662956446	0.153504566052235
0.539678589084798	0.15490827400467
0.563096830539817	0.153685421889631
0.589657147395619	0.155096675636641
0.6156999494778	0.153961418343736
0.641877922651139	0.153740043370817
0.66593336744669	0.154831214707629
0.693083469304791	0.153824474154521
0.717077857177262	0.153632972036114
0.7443443736787	0.154451551368207
0.770337802535836	0.154524278722107
0.79574574931105	0.153240702036134
0.821699905452667	0.15273831332911
0.845417983425445	0.153182513531281
0.871320167559153	0.153879928503281
0.898580349309295	0.152734696768292
0.923651490466204	0.154743900725601
0.948135791648905	0.15306239597378
0.973558564421392	0.153197662711719
0.0247300677868405	0.180418012789978
0.0508607268866785	0.180587670616637
0.0777256404654095	0.180176257905015
0.102386882551425	0.180265333245911
0.128286673715797	0.1787130063649
0.153283583242724	0.178964533910637
0.178208835482893	0.180083902946675
0.204165682296942	0.180598378878066
0.23099187188345	0.178395765212442
0.255131850071616	0.179027976129793
0.282752076612347	0.179581862297874
0.307439082467893	0.18035065500406
0.3333995524535	0.17987302130687
0.357979493201645	0.179555217420168
0.384809421059447	0.180161808625349
0.411169840291734	0.180607822358628
0.435911034103416	0.179419722855906
0.462683122916764	0.180292368897874
0.486219723622397	0.178373358693138
0.513446637557968	0.180163027683943
0.538209506972669	0.17904573348999
0.564454698886293	0.179704833287019
0.589268448703238	0.180215101833784
0.615462075191762	0.179525652016542
0.642170183731812	0.178687660520831
0.66767304949157	0.180372161932585
0.692789469919679	0.179355128271255
0.719037608857088	0.180652063347989
0.742482120982003	0.18061909703215
0.76879210398804	0.178404602782932
0.793741925351452	0.178401764815571
0.819653154467885	0.179404170153152
0.845765283516394	0.179802289189368
0.872080795640671	0.179483426185851
0.897486785140023	0.179732839180204
0.922183019435	0.18049281307411
0.949738229141808	0.180147841029472
0.973615150878316	0.178770601718181
0.0265275127594162	0.203973000668331
0.0505696209202629	0.206179706021718
0.0769567573906598	0.206359942212285
0.103079799889237	0.205964932384484
0.129204773804509	0.205423091789733
0.154811820913897	0.205270631706684
0.180341906206504	0.204673483789872
0.204378101319057	0.204906247061837
0.231223775827773	0.204876388612122
0.256913796548127	0.205440239017133
0.282030685353751	0.204236501020083
0.30828203829421	0.20429582434243
0.333524307411679	0.20427857150064
0.358614810420666	0.204033894970613
0.383641429195632	0.206125410511636
0.411466430476797	0.204017189978093
0.436275810164613	0.204516398695674
0.460366683880728	0.204988800554624
0.486489902206381	0.20442123775765
0.513173388354396	0.204488288727603
0.53953625486144	0.205752171478873
0.563907598119653	0.206229065618312
0.589944976320291	0.206198441499224
0.61640721311529	0.205642866891632
0.641828264087752	0.204645617313086
0.666703534179424	0.204330343360792
0.691833503272744	0.205543138667454
0.7188487060572	0.203852501241097
0.744599208260981	0.206347065438001
0.768106517595665	0.206006505406435
0.795649019169647	0.204400299519876
0.819643248417687	0.204707273435992
0.845677200489789	0.204529454189497
0.870653644952069	0.204552381648803
0.898604143835608	0.20437903673107
0.921828951751762	0.206353804479397
0.948636268205948	0.204126383024023
0.974647057081766	0.206342094456741
0.0248449987462324	0.231165146337716
0.0503536659687981	0.231354190148501
0.0767713952689793	0.229609965242761
0.101479389381148	0.230364029681378
0.127343044868552	0.231208257879322
0.153109446420665	0.231253039901757
0.178949622768177	0.230930758407787
0.20619409972888	0.231539804381957
0.23169888695285	0.231972239703548
0.255251093560263	0.231698398395638
0.281151052145564	0.229564015322305
0.306921242392433	0.229768208823353
0.332879064421195	0.230196810753798
0.360130954258432	0.230420734828589
0.385485425685567	0.23127636395108
0.40902624907376	0.229634877376938
0.43700179942098	0.230287304053181
0.462388801293979	0.230636580866713
0.486988989254269	0.230725891097322
0.513388656843871	0.23065077429617
0.539650206855755	0.230919993892414
0.563084040654789	0.229625152641714
0.59006054292286	0.231471197712165
0.614275921850771	0.229998459943048
0.63986792277628	0.230954403913769
0.66566000602396	0.231479296858406
0.693523501785011	0.230128852007014
0.716731985093793	0.231709667766784
0.743155640744719	0.231787664333616
0.768802254709166	0.2300518742794
0.795931890405335	0.230537174546513
0.820836794155736	0.230723936994314
0.846050105047744	0.231000079614405
0.871416058211284	0.229561178312096
0.896883136887081	0.229902830075804
0.922520528420492	0.230893307066131
0.949233633714909	0.231552191782872
0.973608507051593	0.230723921749783
0.0266393218924234	0.255230657313828
0.0509202811775579	0.257613892529098
0.0775064158376981	0.25514261491183
0.102179554354718	0.255846380012782
0.127962108580439	0.255285605420193
0.153837912715767	0.255714304887661
0.180453874435462	0.25728523115403
0.205743482099868	0.256258708895916
0.231470669394462	0.257297249987555
0.256645516585245	0.256202842265309
0.282777841499421	0.256779187683447
0.306946210418673	0.255416695858567
0.333360206786225	0.255541811078888
0.358342029764735	0.255625771442648
0.384237334341904	0.256856057302686
0.410772403226519	0.257064560199794
0.437042832029248	0.255169220013996
0.461302637014538	0.257299186835664
0.488086935849932	0.257534518491267
0.51164044156293	0.256104705089416
0.538632994505619	0.256081372349066
0.563932071766058	0.256062540629292
0.589483362433794	0.255290409283837
0.614366300435049	0.256860813742458
0.639844375891106	0.256729726271728
0.666761023672645	0.257373487332062
0.691248453896647	0.25638725163174
0.719133792208313	0.257472876000704
0.743196437092135	0.256482264785618
0.768098361713259	0.255766454321614
0.793604045415068	0.255196386550029
0.820103121143247	0.25533517243622
0.845854907314259	0.255681298512481
0.870935094835117	0.257275446474495
0.897966739312386	0.256920555981698
0.924117639038107	0.257651861438492
0.948697758278846	0.255311257100444
0.975405349662945	0.256359318645905
0.0265776173875229	0.281035610394574
0.0512054043182454	0.282263065487888
0.0765769949175649	0.283145802729474
0.101823052460703	0.281305715443743
0.129278127058936	0.282322840219973
0.154365570912152	0.282788526552891
0.178794353207274	0.282336642952907
0.206041643140063	0.281986173687902
0.22965947412107	0.282489768131621
0.257211274641202	0.282910405909114
0.281315384855094	0.28262772234132
0.30676174337032	0.281552771768156
0.333357170250653	0.282646152689179
0.359403780831344	0.281301653935611
0.384489236384429	0.28099590848537
0.409992722312868	0.281063934021669
0.436463323667529	0.281737178612468
0.461622719758481	0.281717924051513
0.486313900634022	0.281158747738749
0.512875641978658	0.281299131408916
0.539742778128373	0.2830317728048
0.563157812932485	0.282849016471863
0.590446535313042	0.282074049855571
0.615745030287569	0.282328103299495
0.640664321621252	0.281465557780265
0.665957345661709	0.281926290182166
0.691501513169965	0.282623137760567
0.717220847645866	0.281702774629616
0.742595373139392	0.281347786603254
0.770068266002622	0.282934188180166
0.794413014890756	0.282497322544847
0.820663112880517	0.281032334951482
0.846606682241384	0.282209183709079
0.871204371613137	0.28155626575344
0.896896491881426	0.283087872184663
0.924111204035551	0.281298455142495
0.949658544658143	0.281261001372269
0.973209294818918	0.281766141791355
0.0262746546922451	0.30755943550248
0.0501186425162129	0.307660959872337
0.0758227033546983	0.308340328118805
0.102260489691292	0.307879542172721
0.1278085112725	0.308051231988106
0.154191497404046	0.308468438769685
0.178307592397354	0.307508280960951
0.205467962103524	0.306599217390568
0.229604451606941	0.307270968308406
0.257453255692791	0.306569379822546
0.280820791909469	0.308328384269749
0.306420250054596	0.306477855095913
0.332842632095086	0.308648960278265
0.358510309091851	0.308497137188243
0.385477695860861	0.307307996072614
0.4098154781291	0.307261277099871
0.435714435121462	0.306719707872986
0.462636691946895	0.306585599695393
0.487936232999009	0.307764025971814
0.513458946780287	0.306412547049343
0.539119643187822	0.307694731346705
0.563421459177053	0.306589951809832
0.589058437757893	0.306843582950671
0.615955886772825	0.307898162596111
0.639984177188577	0.308057869018105
0.667700945673458	0.308083511179632
0.69151590383047	0.30665492635774
0.719103110492859	0.306510219994585
0.743534161215179	0.307856022586059
0.768386084669786	0.307048104317533
0.79546037667735	0.308425854533686
0.819415284380638	0.306591549863156
0.845858461034917	0.307812258830407
0.870634531232431	0.308567121066241
0.896984522974852	0.307544789928532
0.922521429185436	0.30743667564584
0.948597474524852	0.307440449375536
0.974335925328589	0.307352020131351
0.0257903717840331	0.332793660991224
0.0506695993699952	0.334476353352941
0.0771987973293977	0.333352504872156
0.102574961388668	0.333757965935293
0.127039998611119	0.333492696576623
0.154281920461736	0.334071275610891
0.180752003873699	0.332850997729604
0.204206259855888	0.332811842413728
0.231496063667013	0.333723293917946
0.256062298907813	0.333641522008592
0.282469267830762	0.332993092953931
0.308420386375382	0.333270681600509
0.333591597252917	0.334211528719874
0.357888768191359	0.33242431419466
0.384324491406087	0.334128286014785
0.409487179519738	0.333264500212624
0.435603148332973	0.333614980650332
0.462386059350968	0.332606619087498
0.488032950420995	0.333373630409647
0.513829283553949	0.333824161620758
0.53803779709906	0.333825505700528
0.56351712537293	0.332902206832805
0.589051300567274	0.332053282458871
0.616521076089113	0.333749602628572
0.640669472073399	0.334588365595683
0.667759284838672	0.334049818376202
0.691824832048374	0.333390792944239
0.716919768800503	0.333001538146099
0.742542405974146	0.333838289748096
0.76795322155795	0.333010868502097
0.795668192171589	0.332525289491494
0.819941079098169	0.332310897999873
0.847337624395344	0.332176167963346
0.87128847651472	0.333530025755992
0.897299521111964	0.332825783202152
0.923806350833303	0.332476124323727
0.949891619130301	0.333267962490217
0.974563747510689	0.333420916346306
0.0245620294487071	0.359099724213977
0.0511705787546048	0.359005882597817
0.0761338164268638	0.358027748272344
0.101861207584798	0.357729008481823
0.127945373909941	0.35959375468964
0.153326729234147	0.35998676637869
0.179228865691779	0.358100814812553
0.205319833170513	0.358548948019553
0.229887668107399	0.359672060190299
0.256450535006792	0.359968170447119
0.283313753982881	0.35993685480631
0.307090937500189	0.358497237950164
0.332164433817715	0.360232439923625
0.359615856054706	0.358084519021293
0.38393287134481	0.360059841520806
0.410353492063202	0.357842013587621
0.436654649873643	0.359948440854276
0.461255133551055	0.357977568664785
0.487040560985395	0.357804835365584
0.513839142327448	0.358851526553781
0.537744569376538	0.357941898649692
0.563297583380919	0.358966294504763
0.589988596322695	0.36000440260498
0.614279043469475	0.359306813382045
0.641467028809528	0.357971371278261
0.667731164262988	0.358721642438034
0.692663857050016	0.358731090055971
0.717640243814395	0.359908043402295
0.743778023892097	0.358761076975959
0.768850117533555	0.360159533718763
0.794103082103157	0.358539569430987
0.820585654665152	0.360133317833526
0.846262553698876	0.359687412981857
0.871778767724085	0.357692996847191
0.898140828004901	0.359384218800297
0.92354466428931	0.357797580256216
0.947758401666328	0.359427098457315
0.974337920103301	0.358050696660588
0.0262482764528469	0.384092604991238
0.0508921754988747	0.383369976752964
0.0772274033780468	0.384663796701955
0.103428805333495	0.385882670206267
0.128201306806109	0.384404763335836
0.154573612944438	0.384757042219276
0.180170690171408	0.383853299530184
0.20559638185872	0.38419492857724
0.231763803828578	0.383781259044713
0.255160108919807	0.384432834703622
0.282471668448115	0.384745814413145
0.307849706995395	0.383884390768009
0.332732739165896	0.38428289677884
0.359616751025656	0.383993806665183
0.385461108443416	0.383386063876829
0.411419097198389	0.383792576234684
0.436432001762311	0.385682439124917
0.462252560730886	0.385762433164897
0.486598441820443	0.3844526140218
0.512346926002242	0.384847351840656
0.538438930851093	0.384944275909815
0.563065987663337	0.385618046317484
0.589177479690916	0.384545151497632
0.615407335439769	0.383485415599123
0.640383714389091	0.385481419736654
0.665389714224456	0.385507677208688
0.691190157999823	0.385777027683673
0.718472100281865	0.383918106074468
0.742781352245519	0.383795115914868
0.770124632317969	0.385803635640154
0.795535746597748	0.383561572002565
0.820347235129882	0.38497552191037
0.847031202508585	0.385098332179639
0.872510949592072	0.383526616394227
0.898680292222264	0.385388804717541
0.922747521552735	0.384323988660218
0.949550177283241	0.385312815292323
0.973538167034852	0.384551919950585
0.0245330897698444	0.409019266693426
0.0510482446199462	0.410785081302509
0.0770218374963686	0.409177112901755
0.101342758932545	0.410594248237248
0.128880024435645	0.411052108293014
0.153904079027742	0.410762111453035
0.178336804651915	0.411339832772525
0.20566377182898	0.410953704708374
0.231247167300759	0.409398967036102
0.255915917343812	0.410696769788586
0.282459309812382	0.410291440789173
0.307048285715116	0.409971874500066
0.332302222688841	0.411096683906689
0.358539722705911	0.409150177153866
0.383737685923277	0.410808913298987
0.409386503972559	0.409784259402518
0.436032053034867	0.411225075406193
0.462395406531723	0.411205535647332
0.486995411487936	0.409169424645084
0.513319176778662	0.410932824128346
0.537573058365798	0.411341602668732
0.56398851295328	0.40952395142685
0.590637377159802	0.410078546232676
0.614471339128617	0.409315634896754
0.64099858635225	0.411069689776143
0.667694380935759	0.410611522064537
0.693288179909617	0.409207062771802
0.716783486806131	0.410793331483437
0.743256455198106	0.40924540946039
0.770188761992638	0.411538424037428
0.795482029205368	0.410168449857221
0.819329364167703	0.410623566817167
0.845682809833058	0.410458476365677
0.870622125665687	0.409779329564114
0.896381583780032	0.411337243026337
0.924309023738895	0.411382548191887
0.948688216987985	0.409515734141386
0.975477039973097	0.409166613683188
0.0263302883185622	0.434760510845097
0.050261856623414	0.435060918149464
0.0771094646133889	0.43700292827659
0.10341987903865	0.436401328096809
0.127926422759211	0.437012862770259
0.15401161521067	0.435777348049034
0.17891991111899	0.435071512026009
0.205554867516262	0.436221738103321
0.231867364256399	0.435250604619834
0.256706179496748	0.43663961279607
0.283190166140627	0.437029821709792
0.30676522043918	0.434948760831587
0.333860993552849	0.435255918964065
0.359637889393778	0.436438882832457
0.385539588299539	0.436530293568129
0.409217951409347	0.435420382237161
0.435371918755923	0.4362599207724
0.461501791573063	0.435745073602099
0.488383219763652	0.434689483483887
0.512532164686126	0.435122638645421
0.539236844379477	0.435924262152563
0.564213944423795	0.436202688830121
0.590532170276321	0.435062938481484
0.615872906475257	0.437067823061874
0.642154477714939	0.435879222291419
0.665744404276805	0.435624264405136
0.691841918448629	0.435116941002227
0.717835213110088	0.43713864854707
0.744036608105593	0.437111581692531
0.768906909740277	0.434948472831805
0.793869348483185	0.435732545400502
0.821562421130001	0.434960101757972
0.846010728889429	0.434849436698672
0.870668868590335	0.43701964594894
0.897131608391206	0.435369811460507
0.921953900001121	0.435043797520578
0.948573991824171	0.43713991807983
0.974502735421972	0.435482693245582
0.0246600958027886	0.461752906927486
0.0515559699007591	0.460770197280764
0.0763015600242878	0.46141149643516
0.102304228079916	0.462433465785605
0.127358191564851	0.460840194411034
0.152995965633685	0.460976303250445
0.179627260407783	0.461616154638897
0.205607914620442	0.460618674091432
0.231788410037652	0.46212184320759
0.25619790887754	0.462087118779513
0.28140976356239	0.462084856459539
0.308228470746818	0.460703830891507
0.333589937548755	0.462039594104991
0.360145313254803	0.460718364328165
0.384385072945794	0.462678463803388
0.410549154081024	0.461795810724695
0.43650041185021	0.461571097565153
0.461001409152725	0.460351324633855
0.487482828959972	0.460692942032429
0.511626366314857	0.460625123101735
0.53806112964338	0.461723680567394
0.563120048388509	0.460721189626246
0.590654519573716	0.46198010620046
0.616382796388526	0.461775734475983
0.640623101405866	0.462545885677265
0.667736131349236	0.460474758673051
0.693137499258587	0.460257001563991
0.718368536211034	0.460946183972737
0.744265658720775	0.460500421872257
0.770138892075852	0.461965456882911
0.793614092378161	0.461733999282872
0.821316674985751	0.46096692206037
0.845578597363341	0.461232281015259
0.872872105278461	0.462726554848459
0.897516052952044	0.462652013239134
0.922768009182498	0.462128430159947
0.948626239331083	0.462026635086978
0.974350549142215	0.462783009453563
0.0250835453755559	0.487295662402884
0.051953674080617	0.486549991351715
0.0771678710735369	0.487971386170291
0.101342847662271	0.486055933663063
0.127617078371385	0.487931364904571
0.153490524560898	0.486904027212339
0.180196558910541	0.485915243023975
0.20429412357683	0.486688771011879
0.230654378051999	0.486028419372455
0.257048973436756	0.486473364621449
0.281812150952544	0.486428339730115
0.307595733159424	0.48641778912832
0.334334999536378	0.488329764638895
0.359025637032909	0.488332550473946
0.383761315257422	0.486066578027374
0.410655082274245	0.48711129052613
0.436018181982136	0.487654894064465
0.462627426090988	0.488106733435515
0.487673239321217	0.488136601685449
0.512767634957913	0.487932024989728
0.539215356917477	0.486307066830471
0.564591191022105	0.486977248457465
0.590425279970619	0.487839660176919
0.614386518359064	0.487902183800592
0.641820398775779	0.487348673894062
0.665780936378965	0.486462521045279
0.691301557139941	0.487473905308199
0.716689915104558	0.48810975113513
0.744841427982156	0.486819130735269
0.770456090918889	0.486489489231836
0.79549189269823	0.486805687075509
0.820214422399625	0.486327549811051
0.844935232261049	0.486627697454911
0.872109059168465	0.487544388662347
0.896650301339501	0.486129799939183
0.921945217812264	0.486107334263342
0.949491460710455	0.487497182290883
0.975059902600731	0.48735199460849
0.0268985724014214	0.512571226947851
0.0507204290853899	0.511636539767702
0.076077868644438	0.511621168370664
0.103785337651797	0.513054714640521
0.128328879162741	0.513773961514089
0.153054628047153	0.512009477657058
0.180496048987692	0.513031456708705
0.206183094249679	0.512618352424066
0.231123885605265	0.512311800981568
0.255171505496153	0.512838474692143
0.282301395073963	0.51391395275946
0.308098661946109	0.511839989908641
0.333493978851534	0.513702135843648
0.359265556746402	0.512801261537113
0.385554838038412	0.51292159562098
0.409224629125634	0.513339734614427
0.435424908039178	0.513528657230285
0.460675757840236	0.513867051737816
0.486154913474572	0.511903482483374
0.513722514376909	0.512169438568303
0.539106731313923	0.511964108016771
0.564101220228839	0.51341202883554
0.590239206154914	0.512553744922502
0.615838897726423	0.512542657703998
0.641594617528745	0.511683338221762
0.665925011196131	0.512445580587842
0.692081768088093	0.512023275071811
0.719215199700668	0.511686459821871
0.74273487643852	0.512218098146334
0.769041740244674	0.51296193473794
0.795923592485375	0.512696404481377
0.821578898891565	0.513147667276076
0.845798970432093	0.513782039912813
0.87057214075384	0.513589652713952
0.898585635384337	0.512263024140807
0.923884232687497	0.512914334346492
0.949640698108973	0.513266621802595
0.974978492124673	0.512912047027574
0.0253738076836188	0.539399921763627
0.0507707778872707	0.539021110702593
0.0766296985991549	0.537422994800019
0.10139725021732	0.53793063006042
0.128774236882637	0.5378867408825
0.154488692144366	0.538214863735091
0.180659236401707	0.538251549325977
0.204502043612672	0.537473071753046
0.229909839163055	0.53951155786757
0.257347134501162	0.539255459109949
0.281865607399552	0.537968236092598
0.307649739054187	0.538858255410192
0.332351469601557	0.539384579178773
0.359901024167404	0.538624459380642
0.384729026928922	0.539627065435893
0.409052271720408	0.539021124852461
0.435805826190865	0.539224024126688
0.461989730092533	0.538548378346784
0.486015021089639	0.538293410819921
0.513735457207878	0.538003559392492
0.538317795401872	0.537274485606216
0.563987859876146	0.538847392077882
0.589753044500036	0.537608702056034
0.614110745771885	0.538882650672599
0.64163890673106	0.537444228363685
0.667646885232128	0.538624569705337
0.693265747506743	0.538217159338212
0.718285063587663	0.538049946284376
0.743583721497615	0.537613984967265
0.770356579938891	0.537225136651218
0.794106478712861	0.537951116232066
0.821202986742206	0.538443294980765
0.845803828442395	0.538166678288896
0.872262177904417	0.538306959001615
0.897835991962557	0.537628258147377
0.923206832987648	0.538190217572653
0.948394080522878	0.537671725694825
0.975277451120954	0.539536216365953
0.0252163556940127	0.563240198057332
0.0506731606709172	0.563025024497089
0.077281350195922	0.564215043440931
0.10177227563407	0.564264528931815
0.127854272979303	0.563607709401097
0.152750488951476	0.564902230678738
0.179790296752995	0.563710530818409
0.204921876144517	0.565097629977115
0.231795516158587	0.563893594986972
0.255996906367735	0.563426411942352
0.281849276238764	0.564845136838987
0.308918212690775	0.564871934010172
0.333044023622222	0.563159047035628
0.35988414336493	0.563084528989282
0.38340788611625	0.564414548478618
0.410135281095571	0.565296223721801
0.437065045954297	0.56534887326599
0.462565154042978	0.565329215477062
0.486404583076961	0.564008918756728
0.512403184613547	0.564330327099254
0.53931368503466	0.565228254406179
0.564067709154288	0.564321303977691
0.588990688833199	0.563643338037254
0.615532731412974	0.565185262191062
0.640830592374358	0.564329145776636
0.667255587415906	0.565087057685903
0.693422764354499	0.563064684092675
0.717211841162567	0.563268455915991
0.744080655509401	0.563811759314067
0.769091184464892	0.563623836969254
0.79367030771576	0.565275423483036
0.820423251089306	0.562968741969785
0.845964922820454	0.563932495794118
0.870638274563636	0.564646530742345
0.896167407278113	0.56497978706708
0.92180655781305	0.564289904114307
0.948195508194832	0.564607374846693
0.974362421908538	0.565014600277871
0.0252708483942203	0.590890246342499
0.0521263782322034	0.590606724501331
0.0767377333285517	0.589616524290412
0.103435396914714	0.589509854099922
0.12835437053629	0.590008673590733
0.15470394572089	0.589549836426886
0.179613227526631	0.590418213443578
0.204273098853034	0.589114910330727
0.229777087334309	0.588826424745144
0.255771044714022	0.589508826344517
0.283201373529824	0.590076762659616
0.308303793108113	0.590609977580556
0.334461835929061	0.590511576530417
0.357779821423037	0.590633427997955
0.38510214564875	0.589322436714594
0.410570841798964	0.589709644772511
0.436467212654065	0.588465284794906
0.46210527551969	0.589344460313001
0.487732740606359	0.589938973565143
0.513750410560313	0.590777910979252
0.539156470052994	0.589172370508144
0.563206584341806	0.590033111781143
0.589687716386716	0.589999772360434
0.616318446897943	0.589203807859793
0.64036726432953	0.590120060819249
0.66761046732606	0.590976953728337
0.693497972840521	0.589850379116096
0.717502456295507	0.590665275514873
0.743425351324634	0.590775387518317
0.768205145369651	0.588604931379955
0.795211349449003	0.589261569016494
0.820824173397599	0.590101044587812
0.846492252999994	0.590276791084928
0.871409602838481	0.588689273804891
0.896208022557574	0.589654884284522
0.922362612228719	0.590532086067835
0.949441769486259	0.589755143035425
0.973519272488978	0.590657593575843
0.0266075027242783	0.614386622810449
0.0508339819973127	0.616131514752942
0.0770257970014173	0.614744394972504
0.102450836006379	0.614676434485149
0.128107535231177	0.616036017016104
0.154768112666805	0.615761434025845
0.180007357590628	0.615333040797754
0.204361716242792	0.614999428432437
0.229886938826573	0.615222016705175
0.257569547503137	0.614708196597192
0.282441729640992	0.614429523331752
0.306502578151439	0.614779708975195
0.332967062012906	0.615817317963198
0.359645252820592	0.614255827193589
0.383926284599299	0.616513430614983
0.41073588366915	0.616017377454918
0.435306392214286	0.615015804855283
0.461448609607769	0.614403918606108
0.488382973795537	0.614554239817438
0.51364881375012	0.614294868332853
0.538878096670909	0.614655614683156
0.564909378712688	0.615005403517598
0.589559358763101	0.615975793697188
0.615755346326179	0.61558782138662
0.640257217517706	0.616011477620662
0.667324501563881	0.614684502327418
0.691239860676733	0.615166386688909
0.717651692918515	0.614746436623483
0.744645905344313	0.615200451661831
0.768090329787961	0.614906663001237
0.794326065848908	0.61438837204771
0.819498772129627	0.615391128822329
0.846517317407062	0.614847869723469
0.871723676141036	0.616488263672053
0.897816892505828	0.616323394635171
0.922221348619456	0.61526025512127
0.949656231358057	0.614121964573713
0.975560698158639	0.614301418777536
0.0255610087088027	0.64001612093289
0.0500133980937046	0.640075761149137
0.0768293531167238	0.641335822064499
0.102489096445489	0.641573556884283
0.129282490489539	0.640342527947465
0.154358542758893	0.641624719789112
0.179839839192752	0.641196450623557
0.20445939519843	0.640134907654525
0.231940442836539	0.642013318172032
0.2573130676778	0.641896456478167
0.281358408446134	0.641930065987513
0.308431523697335	0.641065007418717
0.33367664439774	0.640802728377064
0.358595056917533	0.640212477806347
0.384020623084806	0.641353327302045
0.410308506454694	0.640003828856125
0.436676192803696	0.641890127837267
0.462002504122516	0.64227147010306
0.486480339410847	0.642216622197222
0.511647366621985	0.641205689580114
0.53814369313704	0.640771007699845
0.562833886702909	0.641666905325196
0.590682437969969	0.642246168127404
0.614243226298059	0.640914255103037
0.64217829414252	0.640069681625024
0.665784529766784	0.639948152771081
0.692659245948925	0.641412595109054
0.717055094034807	0.640785512838089
0.742673174655408	0.64064252644921
0.769660373249415	0.641172691752201
0.7960537610198	0.640982543437664
0.821458534389831	0.64172607129654
0.845411708611863	0.642166859502169
0.871455930953727	0.641420444202718
0.898154246751412	0.640536632388374
0.923141243023436	0.640995777688933
0.948407244377363	0.641588866783158
0.974492737882548	0.641504490226679
0.0256220579901666	0.666115465089679
0.0512600992462232	0.666320158062547
0.0778436633885951	0.666264224323349
0.103771214943861	0.667732231904512
0.128022719898296	0.667531141933993
0.153345947464179	0.667900408541571
0.179580766803708	0.666438556345684
0.20459394794429	0.666447349040912
0.230480726857347	0.667150663460626
0.255139536136859	0.665522657093598
0.282048195561874	0.667213672428124
0.30660000648182	0.666650013283736
0.333817135279677	0.667785727180703
0.357853955658597	0.666804092917557
0.385147024932141	0.667353570628615
0.409253979921181	0.666927738125909
0.435813632078555	0.667328629569109
0.46181663558966	0.667264714084753
0.486106623479674	0.666517867929184
0.512547749807379	0.667333395678709
0.539673317317247	0.66730313558796
0.565371944039675	0.66745387248333
0.589349912085183	0.667389886260887
0.614677479796374	0.667542959717133
0.641402419817897	0.665431609355011
0.666929369705126	0.666550293549994
0.693514719485545	0.665811142917446
0.719104108674093	0.667158498951104
0.744170951731673	0.667081320473121
0.768293759132029	0.665835529196446
0.79403270057871	0.665565908341426
0.819583043832016	0.66616441124698
0.845428543164644	0.666500755697981
0.870887975505531	0.665595963993054
0.896567828238988	0.665836687679288
0.92248498432954	0.667123914570923
0.947768162146426	0.667353368161049
0.973867310520846	0.667703412118939
0.024656751362256	0.693373044273792
0.0518066486937596	0.692920058113885
0.0756951633713552	0.692671896183507
0.102153989855218	0.69231496982095
0.12898202363611	0.693380054948234
0.152955076149052	0.691342249871047
0.178562873732479	0.691788952219384
0.206181392248356	0.691471705693159
0.230202469934068	0.693575475757207
0.255953452763781	0.691790763517115
0.281042586774377	0.693217583786769
0.308441004304022	0.691432576269656
0.332449369876271	0.6932124705023
0.359193981384285	0.692935891544741
0.384353816812295	0.693300096104792
0.41042138513193	0.691872943496828
0.434619762719458	0.691958708151168
0.461067541499807	0.693011264834333
0.48655720586593	0.691622658957359
0.513552333337299	0.692055755937873
0.53783181360741	0.691597876532844
0.563572079109602	0.691833737612174
0.588623557588375	0.693270880842184
0.616423125858665	0.692250986729242
0.639907870569825	0.692713969521912
0.667498599339538	0.6933993839557
0.692160899652714	0.692507929005898
0.717467279100451	0.692568343551148
0.742944326626531	0.691503136129502
0.768182257215577	0.692080593162517
0.794002779148427	0.691157420931623
0.81979739136593	0.691096102475052
0.846892383639556	0.691269103330211
0.872258589128722	0.69134774275494
0.898184976492343	0.691324907678616
0.923493101093864	0.69327091294045
0.949582687895183	0.692871669021405
0.975473443677458	0.692068877313251
0.0245319054531543	0.718063391466347
0.0512166825051204	0.717763620137214
0.0758958824998898	0.71745699581555
0.103120024374351	0.718414585536388
0.12906244852913	0.717824832625002
0.154036331600522	0.717730533850554
0.180453329121032	0.716812106909965
0.204565743331498	0.718091850305605
0.232012925431586	0.718787111402429
0.25696681248467	0.718243563173966
0.282808052677256	0.718994774089453
0.306792220278912	0.718288747848995
0.334365429929327	0.717010210547551
0.359380730417032	0.717439480403211
0.384267671284834	0.717100132787076
0.410738025438363	0.716826133668473
0.436239128662161	0.716955743496561
0.462395089105247	0.717673393465966
0.487997709354452	0.716746997590445
0.513325144207787	0.718672456066499
0.538185991302204	0.718852065963247
0.564633310172284	0.716916291051413
0.589611674231056	0.718738313509299
0.615765358123638	0.718493311605162
0.641837109499275	0.718289488476296
0.665733503141492	0.718431541262845
0.691162408505034	0.716766591267692
0.718108571787494	0.717516434238876
0.744264322487148	0.717365963579015
0.769804178011461	0.717201005698468
0.795957952279517	0.716849454584015
0.821783729844394	0.718266636345866
0.846018591501249	0.717741877345152
0.872362456806875	0.719229704117644
0.898175468035576	0.717649125623302
0.922156202384474	0.71860789827693
0.949081630343993	0.718085727058722
0.973517028645634	0.718925772783342
0.0262542576281359	0.743008386295666
0.050823868376011	0.744121190688966
0.0773347158257065	0.743853072593699
0.102219668622236	0.743803654906477
0.128463216090228	0.742619301219401
0.154127893539291	0.742565149192946
0.180478838490016	0.743966175852722
0.205338086031954	0.742433361504787
0.229704993547674	0.74430903595321
0.257109979957446	0.744414557027578
0.280976902023859	0.742709540207976
0.308276100242237	0.743510751907389
0.333336812865504	0.744047308767554
0.3584659093014	0.742529437758804
0.385775940496053	0.7440088526278
0.40941665482478	0.742453892254073
0.436899084143782	0.743813452182511
0.460475959034291	0.743510915204071
0.487776357400331	0.742423927804642
0.511802589409808	0.744767942855695
0.538719730582884	0.742792050383153
0.563642369264118	0.742605929960946
0.588889855093645	0.74452363981609
0.616333439438353	0.743716669454367
0.641561661373857	0.742639419334822
0.667370473363688	0.743787707333196
0.693007787209594	0.742746505511619
0.718602420100446	0.742778927131894
0.744173241476194	0.742319883952748
0.76828035711955	0.744816167629124
0.79421327953941	0.744096682101492
0.819782752715034	0.744642122091637
0.84659309263258	0.743508912855458
0.870529189418013	0.743119777553024
0.896324795660212	0.744727014413091
0.92369907525444	0.742925810195376
0.947972173626881	0.744823786301099
0.975017342851771	0.743776710983107
0.0253362762942387	0.769335461991578
0.0515239528759565	0.76964664243904
0.0779691518507436	0.768970151267246
0.101395689596348	0.769385484914145
0.12839608959859	0.768275913823344
0.153845246936259	0.768715130986047
0.179547607137425	0.768491822619792
0.204920125741121	0.769937230957503
0.2312838394517	0.767951097973807
0.256248750434501	0.768202149144044
0.281083616612757	0.768789815811189
0.308898214850385	0.769080051872448
0.332081558522866	0.769432107096917
0.35989383313338	0.769046697509482
0.385606510862935	0.769715628762308
0.409491251929107	0.768354563465276
0.434758475389684	0.769276478042612
0.461717833784061	0.768749233362247
0.486323892084866	0.768157235787985
0.513197541634187	0.770302113936829
0.537788751004638	0.768279140053642
0.56535396790603	0.7697689102625
0.589278278211707	0.769749534977319
0.614158019992767	0.76918196021517
0.639990935400626	0.76939337680865
0.666583050285042	0.769982826156593
0.691336286645102	0.769577421915806
0.71855923865744	0.768476288011677
0.744537931151615	0.769890490621133
0.768998462731165	0.768637090569904
0.794115999084144	0.769282759478661
0.819833454132302	0.769370838286528
0.846659052273374	0.769150545918215
0.871056531053836	0.769342386983525
0.896615210198835	0.769756441187166
0.923725633417156	0.768744615549825
0.947795162111575	0.769830212559807
0.973534159443555	0.769153027620342
0.0256690019143191	0.796010314444421
0.051659078610873	0.795599351850825
0.0779468081459505	0.793591744034336
0.102931552241593	0.795832197525675
0.128152432855041	0.795491161933474
0.153777931765457	0.795262649437315
0.180208887765435	0.795699570509371
0.204431307849218	0.795741116224896
0.231615697434224	0.794293844032003
0.25543525815489	0.795011043594739
0.282900711839984	0.795499750928629
0.306841772904757	0.795290853078358
0.332342201179786	0.79418506552865
0.359676313059869	0.795276380884961
0.384011971472958	0.793875208862748
0.4094526741505	0.795954466763543
0.436532913963428	0.79550911603799
0.461631837211512	0.794114201361112
0.486312261663223	0.795839621103145
0.513610050387298	0.795243697446248
0.538384299926756	0.795443661086344
0.56319420772855	0.795434836949256
0.589733384323571	0.794298469199392
0.615311456091277	0.794031577118998
0.639921496106025	0.79457565095755
0.665492941396175	0.794418654910502
0.69154284307226	0.794267774525482
0.718158656190957	0.795464168722737
0.744013464869381	0.794912571933341
0.770328364103001	0.794076304636492
0.795522515326154	0.795755272614549
0.820368359711508	0.795204638735293
0.846133413614236	0.794598922164634
0.872524987377889	0.794210034624212
0.896739748204494	0.794967743123083
0.922724288682766	0.795381016189433
0.949214708366748	0.79441538195145
0.975280761256393	0.795230362236637
0.0261399395871534	0.820481734894176
0.0523669663785973	0.821477361586153
0.0771808004412295	0.820500528183708
0.10160334702089	0.820507877424755
0.127318651409377	0.82038632551497
0.153034173175415	0.819703925127969
0.180662391576778	0.820657615623201
0.205433120016982	0.821319982041462
0.229872240632876	0.820212039058034
0.257168443098864	0.82093202275364
0.282088943527211	0.819386759373108
0.306433923137773	0.820845521234494
0.332708459316617	0.819484529769523
0.358730312985032	0.821384016341392
0.384825613703085	0.819698182566222
0.410047107016681	0.82156777439385
0.436049937062464	0.821233881309782
0.46249700841449	0.819418530661392
0.486556564570086	0.821010847478301
0.512557949418117	0.819596100678805
0.537182468275021	0.820009851549225
0.563264560840044	0.820482926276456
0.589225712100182	0.819289975655921
0.614540554830112	0.82052559160504
0.641630458677878	0.819929934680877
0.665454287952139	0.819495665728272
0.693471084235094	0.820084440567315
0.717413366308714	0.821591074468838
0.742346424172765	0.819517950676217
0.770160498382329	0.82173347911578
0.795261912492953	0.820971552275484
0.820049776612856	0.819607020865284
0.846294714447704	0.820624776005531
0.871785201065613	0.819648714105251
0.89810154523709	0.821145558501734
0.924220196856865	0.821172589369333
0.948501277353741	0.820706209871952
0.97422582126607	0.820649932941582
0.0246694733493848	0.84625220439287
0.0517255742657871	0.845092612081675
0.0779680614042654	0.844997558385801
0.101805749720443	0.846231409436589
0.129434099531923	0.846784486410664
0.154324096492634	0.845779698260832
0.180063199880353	0.847043148210977
0.205628952519925	0.845783411569942
0.230873318726461	0.846049282498193
0.257543464284686	0.845539922170705
0.282572044584329	0.84525462162817
0.30857059719012	0.846577905089638
0.334385742186407	0.847157265752225
0.357964040641295	0.846067465450842
0.385212550486568	0.84567602172441
0.409540176692829	0.846495243293866
0.43574287824242	0.847173348460844
0.461718644855784	0.845760712492827
0.48746224820034	0.845664210094624
0.513859540254943	0.846413583126353
0.537216378091513	0.845498251363852
0.563413473865288	0.84673579437566
0.589261722975384	0.844889659761803
0.616193152346678	0.845437265252986
0.641130984415569	0.846734179533893
0.666554023933812	0.846735938572965
0.692827311844801	0.846264664321604
0.718113208436536	0.845429370094327
0.744132900115946	0.845145594598231
0.769833240310073	0.845718655116092
0.79503252278928	0.847330603764531
0.820092696290158	0.847036135008071
0.847345851168482	0.845619393269686
0.871490025018696	0.844930889325917
0.896656152923836	0.845824707761474
0.92337660583377	0.845746879599269
0.94875376029353	0.846451715793868
0.974456267132419	0.846671945771656
0.0260074931795736	0.87105633475337
0.0505070817638084	0.872798380801094
0.0775307821552226	0.871435295613908
0.102835042659979	0.871073354753078
0.128670050019034	0.872236647744901
0.154693479743667	0.871690235602798
0.180637435127106	0.872347358631419
0.205846446726355	0.871795523339041
0.229993318648135	0.873042733887221
0.257689389747802	0.871995467641369
0.280836667775789	0.871075467000957
0.308384214685459	0.870887723849532
0.332730971781936	0.872549149200219
0.360180305655233	0.872521817040069
0.384215237165539	0.872009167146591
0.411103544047042	0.870546425045932
0.435201573794244	0.871052924146069
0.461292584470905	0.87283034210623
0.487565368157203	0.871704904169556
0.513519485891159	0.871071429395157
0.539481398067306	0.871152478681429
0.562991121956363	0.872937407196924
0.590642093567622	0.870794873315539
0.615222088507555	0.873063517395924
0.641089806418835	0.872973943653977
0.665479185158417	0.872105981750433
0.692174024536422	0.872019076238765
0.718490927894503	0.872495925551626
0.74295489391533	0.872342979305446
0.769343087508439	0.871330318711436
0.794692000100566	0.872159007316801
0.820642900763037	0.872262636231676
0.847392208301809	0.871836724804466
0.87168731898337	0.872311373941325
0.896527404076156	0.87215226247643
0.922125804297738	0.870657348987468
0.947744727284836	0.871781027421332
0.975457719800984	0.873016990786871
0.0252350351032917	0.89762670980707
0.0516309574085709	0.896478173902396
0.0758992798003877	0.897547214548561
0.103427093860002	0.897090466536373
0.128938562017821	0.896676427578755
0.153683186138433	0.897157762255067
0.178486430896236	0.896703687862602
0.20556072128475	0.898351675048669
0.231223674009311	0.897153492310876
0.255406033333975	0.897176808708659
0.281042580541726	0.897144145297716
0.308606040934457	0.896923769158626
0.333968066426501	0.898579197840855
0.359091135619732	0.897204294112887
0.384255934701096	0.897998805922917
0.409306204071797	0.898082559140044
0.437082184150913	0.897887524192477
0.461890667261064	0.896411451967298
0.486935643400297	0.897449637678965
0.513416437158909	0.89690326882899
0.537848107809481	0.897047913134333
0.564740680961372	0.898299866614345
0.589213513107581	0.897931240636402
0.615405331306204	0.89812878774779
0.64223002083344	0.897060009230139
0.666216877306253	0.897544810228219
0.691484199056355	0.898507670852369
0.717913967134245	0.896612103863024
0.74394987849671	0.896671262575981
0.770150559762775	0.897149205785805
0.794541921144886	0.898378429591508
0.821108132558532	0.896891089493263
0.845682719397062	0.896496262502278
0.870953307987462	0.898110130926534
0.898430038534382	0.898670688951647
0.923029122077464	0.897914705036254
0.949456321194833	0.896756652390979
0.973283280981173	0.897588546413614
0.0257532086178432	0.922948949196792
0.0504482092424854	0.923397201923196
0.0761371175056307	0.923445694176562
0.101886541478169	0.922501467513657
0.127003068136108	0.922405138012023
0.154263505140935	0.923173794158658
0.179391748471439	0.924115506104261
0.204201577154413	0.923155926485041
0.231824287890048	0.922956756870307
0.257236362428052	0.92185036925654
0.282045756589245	0.924169082707138
0.306571552303725	0.923304361102858
0.332752046724252	0.92390846356557
0.35769908409645	0.924122167449389
0.384470916125193	0.921950140858712
0.409608898590258	0.922960254005117
0.435571175526668	0.923433790389767
0.461274695082139	0.921870714774799
0.48713310170255	0.921987853017558
0.51216317501279	0.921892642864826
0.538094749916085	0.92251763409419
0.562830719953161	0.922813378607115
0.589565459706271	0.924114590759623
0.616489713381542	0.922195670544251
0.640039681339159	0.924093106678189
0.666850478851692	0.923619414790878
0.692213607135621	0.923253943783215
0.717461443019748	0.923526679658037
0.744191776592031	0.922750910111664
0.768512749474613	0.922950682243544
0.794575241446556	0.923690016771187
0.821066508374866	0.923174570628628
0.845982526319897	0.922466524276811
0.870795722448464	0.923358039965741
0.898611868176258	0.923575220549216
0.923861475030669	0.923305027676728
0.948926359988235	0.922722526994695
0.974245601388915	0.922658735762579
0.0268043758555613	0.948220099918962
0.050196234304216	0.948717307823504
0.0781745315022389	0.948954863206049
0.102232606000922	0.949928675987565
0.127843588988297	0.948585407377609
0.154033530047118	0.94954722093233
0.178995409271517	0.949708883140954
0.205781818543406	0.947948934320614
0.231223668752035	0.948046995584457
0.255249933356495	0.949915264038448
0.282403515127027	0.94831847779171
0.306417248359766	0.947650775974589
0.332163212064897	0.947453698749917
0.358200377698942	0.948341210249955
0.384399153797511	0.949364934389734
0.410437082219846	0.948531633662392
0.435295063512797	0.949400770345854
0.462505806980985	0.948584143937208
0.486481150509881	0.947941454707667
0.513282814832425	0.947578310739291
0.53759695878254	0.94768048749598
0.563665710470462	0.948886911207433
0.590267410781793	0.949534730688389
0.615062101185622	0.947962791363888
0.640510652119152	0.949616292259611
0.666313808927783	0.948052387986699
0.69334451446318	0.949368294795705
0.718530378375474	0.947654894811648
0.742764662577265	0.948892243534182
0.768809193835695	0.947794142247168
0.796125950907069	0.947821654207788
0.820108194652831	0.948684968812358
0.84679600802514	0.948707953415546
0.872243623945722	0.949764807807049
0.896701731223805	0.949916739642322
0.924253601523036	0.949972671789949
0.948481127525761	0.949966178300146
0.974420678578878	0.947653178120144
0.0245022292537159	0.97313609164498
0.0512128487903722	0.975520063533895
0.0781084776724072	0.973637934396732
0.102766937443891	0.974880978758873
0.128439989533567	0.975461471288885
0.15436616139507	0.973576003567198
0.180046972873441	0.973222007947105
0.205125979564798	0.975607738458402
0.231693147438533	0.975130794213912
0.255527389742852	0.975369237626286
0.28087756116032	0.973942731998918
0.307808742020731	0.974840648041045
0.332077588891768	0.975421593666691
0.359783616336458	0.973723404979468
0.383827730445442	0.973547424416419
0.411219693605533	0.973476884756399
0.434865307802157	0.974404665704726
0.462728331704359	0.973178042929768
0.486884807131055	0.975362092048067
0.513907546490259	0.974151963030978
0.53777929959096	0.975112633532027
0.563223437840606	0.973990789278592
0.589965627472191	0.973216032246821
0.61562250964797	0.973911153674477
0.640794995430348	0.975225924095487
0.667463217696484	0.973958741542746
0.692383448318524	0.973150655060765
0.716978929685133	0.973143574629603
0.743722110806961	0.973627937173366
0.769576625750412	0.97483814234919
0.795824020162272	0.974484362627536
0.820512037190193	0.973117472787553
0.845512910023569	0.97329848877145
0.871848683135037	0.97459362491048
0.898204527514264	0.975460740778207
0.922133991883105	0.975576149335094
0.948598113653855	0.973896313102123
0.974921888515773	0.973750254385915
