1.671327e-02	1.040717e-05	
1.818248e-02	1.881216e-05	
1.546194e-02	1.808543e-05	
1.862311e-02	1.861167e-05	
1.643264e-02	1.874272e-05	
1.636322e-02	1.815439e-05	
1.933343e-02	4.619622e-05	
1.733948e-02	2.696223e-05	
1.764169e-02	2.308827e-05	
1.583885e-02	6.067382e-05	
1.763739e-02	8.631089e-05	
1.755029e-02	2.841077e-05	
1.850214e-02	1.738875e-05	
1.708269e-02	5.127139e-06	
1.766434e-02	5.192232e-05	
1.834411e-02	8.874504e-06	
1.791477e-02	1.178900e-04	
1.867040e-02	1.017948e-04	
1.924354e-02	1.540059e-04	
1.933009e-02	5.870428e-07	
1.863610e-02	1.569399e-05	
1.837171e-02	6.439667e-05	
1.744876e-02	2.762639e-05	
1.886596e-02	3.752066e-05	
1.687094e-02	1.872971e-06	
1.547023e-02	5.026225e-05	
1.763055e-02	6.374890e-06	
1.821066e-02	1.598672e-06	
1.826067e-02	7.353949e-05	
1.766089e-02	2.561065e-05	
1.999269e-02	2.889309e-05	
1.702742e-02	4.951277e-09	
1.731407e-02	4.201541e-06	
1.824989e-02	1.179109e-05	
2.016420e-02	2.026247e-06	
1.569632e-02	6.347568e-06	
1.838457e-02	5.047910e-06	
1.802997e-02	1.289500e-06	
1.696709e-02	2.678576e-05	
1.621333e-02	5.352642e-05	
1.875054e-02	3.220964e-06	
1.589973e-02	1.114098e-06	
1.946600e-02	1.884461e-05	
1.797203e-02	1.169511e-05	
1.716780e-02	3.553046e-05	
1.836038e-02	2.102033e-05	
1.633510e-02	1.264074e-06	
1.701526e-02	1.055976e-06	
1.878380e-02	2.180761e-05	
1.776954e-02	2.603584e-05	
1.593440e-02	4.688131e-06	
1.799194e-02	6.896267e-06	
1.986596e-02	1.660882e-05	
1.831760e-02	9.493856e-05	
1.896069e-02	3.343131e-05	
2.033823e-02	5.243753e-05	
1.759346e-02	6.942909e-05	
1.647652e-02	4.485057e-05	
1.608398e-02	1.420422e-05	
1.882024e-02	3.114180e-05	
1.889789e-02	2.204951e-05	
1.743361e-02	5.354820e-05	
1.857509e-02	2.468257e-05	
1.686503e-02	5.780190e-05	
1.639979e-02	7.094518e-05	
1.884617e-02	1.079278e-04	
1.627641e-02	5.387502e-05	
1.693522e-02	5.433263e-05	
1.853691e-02	1.409362e-05	
1.758162e-02	3.516760e-05	
1.642742e-02	5.990659e-06	
1.707319e-02	3.149887e-05	
1.818384e-02	8.400359e-06	
1.707847e-02	1.317618e-05	
1.811805e-02	9.131475e-06	
1.838419e-02	1.864470e-05	
1.734277e-02	3.285855e-05	
1.926442e-02	7.873700e-05	
1.724300e-02	5.911285e-05	
1.620541e-02	4.657154e-05	
1.867485e-02	1.486105e-05	
1.513293e-02	1.333234e-07	
1.902651e-02	1.788550e-06	
1.814885e-02	1.589148e-05	
1.715113e-02	1.404315e-05	
1.624534e-02	2.321607e-05	
1.728068e-02	1.133562e-05	
1.636868e-02	3.723257e-05	
1.860030e-02	2.443772e-05	
1.909072e-02	5.029450e-05	
1.829258e-02	4.028482e-05	
1.906299e-02	3.230475e-05	
1.956057e-02	2.111773e-05	
1.900654e-02	1.209906e-05	
1.715121e-02	3.329085e-05	
1.728901e-02	9.720544e-06	
1.781164e-02	1.507823e-05	
1.940329e-02	2.371022e-05	
1.817490e-02	4.312091e-06	
1.798996e-02	2.440650e-05	
1.851639e-02	6.174956e-06	
1.586693e-02	1.633122e-06	
1.616683e-02	1.719185e-06	
1.724678e-02	1.837983e-06	
1.590839e-02	1.706952e-05	
1.751486e-02	3.001143e-05	
1.793727e-02	3.277278e-05	
1.535997e-02	1.225004e-05	
1.464925e-02	1.307599e-05	
1.714675e-02	1.469528e-05	
1.897467e-02	7.723984e-06	
1.757360e-02	1.214617e-05	
1.868777e-02	3.129135e-05	
1.721774e-02	5.402527e-05	
1.740650e-02	7.705877e-05	
1.861163e-02	7.633868e-05	
1.699017e-02	5.174195e-05	
1.829166e-02	4.139071e-05	
1.663528e-02	2.951864e-05	
1.859840e-02	2.152965e-05	
1.897201e-02	3.234065e-05	
1.727152e-02	1.419090e-05	
1.776736e-02	1.984129e-05	
1.700050e-02	1.043013e-05	
1.725022e-02	4.060155e-05	
1.721585e-02	4.185562e-05	
1.933015e-02	3.205300e-05	
1.707583e-02	7.569187e-06	
1.594716e-02	6.064222e-06	
1.707137e-02	2.235214e-05	
1.844520e-02	2.413576e-05	
1.702918e-02	1.028446e-05	
1.822110e-02	4.000478e-05	
1.584415e-02	1.678970e-05	
1.567028e-02	3.397751e-05	
1.931916e-02	4.156506e-05	
1.726389e-02	6.625644e-05	
1.826076e-02	7.145406e-05	
1.641327e-02	7.199254e-05	
1.696537e-02	6.794178e-05	
1.825581e-02	3.802964e-05	
1.770617e-02	5.638998e-05	
1.723192e-02	7.750697e-05	
1.875832e-02	1.188550e-04	
1.851372e-02	4.520292e-05	
1.696269e-02	3.780196e-05	
1.783205e-02	2.252448e-05	
1.792089e-02	6.687659e-06	
1.800855e-02	3.302224e-06	
1.669083e-02	8.548923e-06	
1.716161e-02	5.870827e-05	
1.779705e-02	2.607693e-05	
1.595632e-02	4.980510e-05	
1.440419e-02	8.729714e-05	
1.824006e-02	5.457351e-05	
1.679194e-02	4.015744e-05	
1.990712e-02	4.888254e-05	
1.644417e-02	5.829676e-05	
1.705999e-02	4.568195e-05	
1.699248e-02	7.856956e-05	
1.751648e-02	4.295147e-05	
1.776359e-02	2.821483e-05	
1.857803e-02	6.228366e-05	
1.873163e-02	7.183633e-05	
1.675823e-02	1.392912e-05	
2.049992e-02	7.887368e-06	
1.918746e-02	5.525975e-06	
1.688702e-02	2.166817e-05	
1.946754e-02	2.124061e-05	
1.632807e-02	3.995807e-05	
1.738810e-02	5.845789e-06	
1.738835e-02	1.164874e-05	
1.801257e-02	2.822775e-05	
1.784665e-02	6.994435e-06	
1.803050e-02	7.178129e-06	
1.903802e-02	3.302291e-05	
1.786478e-02	2.326143e-05	
1.712071e-02	6.946826e-06	
1.606485e-02	8.043177e-06	
1.775833e-02	4.144068e-05	
1.703582e-02	7.416911e-05	
1.825617e-02	3.572725e-05	
1.595836e-02	4.069925e-05	
1.693190e-02	4.977339e-05	
1.854584e-02	1.477664e-06	
1.932536e-02	1.503200e-05	
1.680721e-02	1.555773e-05	
1.842832e-02	2.239454e-05	
1.796843e-02	3.244312e-05	
1.848758e-02	7.043490e-05	
1.815128e-02	7.726285e-05	
1.691820e-02	9.786193e-05	
1.761053e-02	6.852484e-05	
1.940944e-02	4.310858e-05	
1.839479e-02	4.820179e-05	
1.762904e-02	3.435537e-05	
1.876534e-02	1.707370e-05	
1.746237e-02	4.629349e-05	
1.789548e-02	4.264374e-05	
1.800832e-02	1.336435e-05	
1.893443e-02	5.073322e-05	
2.000098e-02	6.174187e-05	
1.712151e-02	7.138886e-05	
1.677050e-02	3.775640e-05	
1.816233e-02	4.191400e-05	
1.920255e-02	1.529722e-05	
1.550080e-02	3.780119e-05	
1.633191e-02	4.950357e-05	
1.680436e-02	1.767821e-05	
1.879737e-02	1.928365e-05	
1.590860e-02	8.395886e-06	
1.735553e-02	2.542204e-05	
1.767646e-02	3.355111e-06	
1.629528e-02	4.410082e-05	
1.702079e-02	3.246414e-05	
1.963313e-02	4.964311e-05	
1.736274e-02	2.184394e-05	
1.650600e-02	3.558737e-05	
1.602655e-02	7.611889e-05	
1.860922e-02	4.690321e-05	
1.552168e-02	5.863919e-05	
1.794137e-02	5.742136e-05	
1.849063e-02	5.709238e-05	
1.839160e-02	3.223660e-05	
1.709404e-02	6.773509e-05	
1.703053e-02	7.143570e-05	
1.588317e-02	6.900984e-05	
1.843303e-02	7.557561e-05	
1.901077e-02	8.913483e-05	
1.955051e-02	8.507688e-05	
1.803183e-02	2.423199e-05	
1.616870e-02	7.614044e-05	
1.700645e-02	6.402086e-05	
1.862484e-02	2.508779e-05	
1.831899e-02	2.264035e-05	
1.792933e-02	4.500856e-05	
1.750553e-02	4.569739e-05	
1.723475e-02	5.677342e-05	
1.806355e-02	5.678414e-05	
1.888552e-02	3.076087e-05	
1.606400e-02	8.569162e-05	
1.627392e-02	5.871217e-05	
1.883036e-02	5.758155e-05	
1.736181e-02	4.392278e-05	
1.884991e-02	2.870565e-05	
1.838560e-02	4.684984e-05	
1.614701e-02	2.546487e-05	
1.801710e-02	3.620902e-05	
1.714647e-02	2.016935e-05	
1.674600e-02	4.679591e-05	
1.911857e-02	4.260109e-05	
1.757646e-02	3.708866e-05	
2.074116e-02	6.930646e-05	
1.544715e-02	4.044529e-05	
1.786532e-02	8.153140e-05	
1.752000e-02	6.367856e-05	
1.607229e-02	6.269238e-05	
1.764183e-02	4.361738e-05	
1.856709e-02	6.894969e-05	
1.565526e-02	3.565556e-05	
1.766029e-02	4.086282e-05	
1.744903e-02	2.481323e-05	
1.612003e-02	1.047730e-04	
1.773330e-02	6.407902e-05	
1.890758e-02	7.267275e-05	
1.506147e-02	6.622220e-05	
1.567799e-02	1.306992e-04	
1.702173e-02	7.924285e-05	
1.830466e-02	8.587863e-05	
1.698408e-02	3.103643e-05	
1.744893e-02	1.157222e-04	
1.837553e-02	7.698899e-05	
1.681683e-02	4.823732e-05	
2.020376e-02	5.102817e-05	
1.552112e-02	4.662543e-05	
1.842350e-02	6.489734e-05	
1.796101e-02	6.887878e-05	
1.857065e-02	6.791845e-05	
1.817363e-02	7.096604e-05	
1.762534e-02	6.515285e-05	
1.657187e-02	7.118832e-05	
1.841743e-02	6.755862e-05	
1.791113e-02	3.265684e-05	
1.659054e-02	4.123676e-05	
1.781572e-02	4.259519e-05	
1.835350e-02	1.566051e-05	
1.640060e-02	1.152310e-05	
1.846055e-02	5.331314e-05	
1.788917e-02	3.540423e-05	
1.832572e-02	5.200120e-05	
1.987922e-02	5.426874e-05	
1.842814e-02	5.821202e-05	
1.721649e-02	7.095339e-05	
1.793450e-02	4.739135e-05	
1.605602e-02	6.052033e-05	
1.936180e-02	3.731274e-05	
1.659133e-02	5.662191e-05	
1.625050e-02	6.433786e-05	
1.686558e-02	7.569034e-05	
1.461982e-02	4.371276e-05	
1.658033e-02	8.717608e-05	
1.842191e-02	1.326084e-04	
1.629588e-02	8.880402e-05	
1.903444e-02	1.252435e-04	
1.807986e-02	1.089690e-04	
1.598480e-02	1.407846e-04	
1.744253e-02	9.581724e-05	
1.630165e-02	6.517536e-05	
1.705319e-02	8.317280e-05	
1.491124e-02	7.439440e-05	
1.885962e-02	4.769481e-05	
1.740023e-02	7.026416e-05	
1.918050e-02	4.527452e-05	
1.805829e-02	4.787555e-05	
1.681732e-02	5.393248e-05	
1.737020e-02	5.977435e-05	
1.833199e-02	2.851898e-05	
2.060479e-02	4.585361e-05	
1.699185e-02	5.349932e-05	
1.441243e-02	5.518524e-05	
1.732675e-02	4.647442e-05	
1.739719e-02	2.143987e-05	
1.915070e-02	5.309154e-05	
1.891303e-02	3.368009e-05	
1.836609e-02	3.085977e-05	
1.517938e-02	5.644199e-06	
1.553875e-02	4.562150e-05	
1.789696e-02	4.360967e-05	
1.649638e-02	5.946526e-05	
1.649240e-02	4.975102e-05	
1.783964e-02	5.646973e-05	
1.726007e-02	6.189339e-05	
1.742683e-02	6.955831e-05	
1.711481e-02	5.337781e-05	
1.853479e-02	6.970680e-05	
1.779732e-02	7.100702e-05	
1.726975e-02	1.023636e-04	
1.713253e-02	8.252670e-05	
1.663525e-02	1.100043e-04	
1.461916e-02	1.465234e-04	
1.904330e-02	1.255352e-04	
1.915285e-02	5.813578e-05	
1.702906e-02	7.615324e-05	
1.553213e-02	7.114164e-05	
1.700872e-02	9.507278e-05	
1.988515e-02	6.607223e-05	
1.594080e-02	9.149543e-05	
1.600278e-02	7.658655e-05	
1.699055e-02	3.619541e-05	
1.758708e-02	4.732902e-05	
1.963939e-02	2.143899e-05	
1.609032e-02	5.422063e-05	
1.703133e-02	6.792195e-05	
1.785672e-02	6.871972e-05	
1.999793e-02	3.522339e-05	
1.728032e-02	5.898346e-05	
1.828357e-02	7.961671e-05	
1.880602e-02	7.690072e-05	
1.952437e-02	4.422286e-05	
1.831650e-02	4.144130e-05	
1.748645e-02	3.347218e-05	
1.781374e-02	5.291699e-05	
1.620084e-02	5.109653e-05	
1.872583e-02	2.352510e-05	
1.784843e-02	5.244651e-05	
1.676194e-02	6.300012e-05	
1.816016e-02	7.004265e-05	
1.735926e-02	8.034095e-05	
1.819230e-02	3.510818e-05	
1.755909e-02	5.728947e-05	
1.638600e-02	5.591363e-05	
1.904673e-02	9.318348e-05	
1.776547e-02	6.542655e-05	
1.717681e-02	8.827426e-05	
1.729859e-02	7.107533e-05	
1.976311e-02	7.682400e-05	
1.691503e-02	9.276495e-05	
1.604148e-02	1.562148e-04	
1.950220e-02	8.419446e-05	
1.608527e-02	1.409581e-04	
1.734083e-02	1.212031e-04	
1.771889e-02	1.086634e-04	
1.679276e-02	1.352964e-04	
1.645484e-02	7.146955e-05	
1.705341e-02	7.526310e-05	
1.733527e-02	5.789832e-05	
1.582460e-02	6.443757e-05	
1.691368e-02	6.246284e-05	
1.739314e-02	5.808512e-05	
1.594819e-02	4.834651e-05	
1.606906e-02	7.392674e-05	
1.839319e-02	6.021664e-05	
1.750024e-02	4.133584e-05	
1.776175e-02	5.629497e-05	
1.793760e-02	6.086741e-05	
1.678501e-02	6.305886e-05	
1.656901e-02	4.201222e-05	
1.464160e-02	3.891879e-05	
1.784665e-02	2.125882e-05	
1.754823e-02	4.893976e-05	
1.662073e-02	3.034931e-05	
1.806645e-02	5.087864e-05	
1.567196e-02	3.876611e-05	
1.576358e-02	6.860471e-05	
1.740886e-02	7.077146e-05	
1.758370e-02	7.704619e-05	
1.756884e-02	5.122341e-05	
1.586922e-02	6.554764e-05	
1.693410e-02	5.381339e-05	
1.860692e-02	7.561455e-05	
1.859445e-02	8.095300e-05	
1.652322e-02	1.036721e-04	
1.524653e-02	8.332690e-05	
1.814914e-02	1.106280e-04	
1.699204e-02	1.302872e-04	
1.917580e-02	1.491942e-04	
1.675389e-02	1.792997e-04	
1.695444e-02	6.759553e-05	
1.669101e-02	1.286151e-04	
1.884776e-02	1.402923e-04	
1.935339e-02	5.482949e-05	
1.773539e-02	7.793434e-05	
1.905256e-02	8.821603e-05	
1.780356e-02	7.807493e-05	
1.528151e-02	7.382075e-05	
1.549473e-02	4.466251e-05	
1.680594e-02	4.490916e-05	
1.588717e-02	5.402404e-05	
1.759084e-02	3.466202e-05	
1.841105e-02	6.734541e-05	
1.606855e-02	5.208792e-05	
1.857070e-02	5.137861e-05	
1.880792e-02	3.169774e-05	
1.785927e-02	6.128469e-05	
1.662372e-02	4.629751e-05	
1.746893e-02	5.726925e-05	
1.876094e-02	5.340330e-05	
1.619444e-02	2.687773e-05	
1.650437e-02	3.842738e-05	
1.848232e-02	2.135159e-05	
1.800457e-02	5.727630e-05	
1.866876e-02	2.517848e-05	
1.688269e-02	4.779211e-05	
1.781601e-02	6.166117e-05	
1.614625e-02	5.192926e-05	
1.838152e-02	6.524430e-05	
1.865301e-02	1.009717e-04	
1.659709e-02	6.909836e-05	
1.660227e-02	6.906728e-05	
1.833016e-02	1.027255e-04	
1.708782e-02	8.610061e-05	
1.820630e-02	1.137192e-04	
1.900932e-02	1.213037e-04	
1.858168e-02	1.439697e-04	
1.848808e-02	1.718159e-04	
1.827476e-02	1.691804e-04	
1.872574e-02	1.536548e-04	
1.649128e-02	1.269843e-04	
1.725722e-02	7.729564e-05	
1.902976e-02	5.597913e-05	
1.585633e-02	7.060948e-05	
1.595947e-02	4.053790e-05	
1.876649e-02	5.567595e-05	
1.799247e-02	6.311672e-05	
1.643340e-02	6.581935e-05	
1.811487e-02	5.245293e-05	
1.863520e-02	5.725730e-05	
1.842130e-02	5.383309e-05	
1.906685e-02	7.229580e-05	
1.639201e-02	6.016334e-05	
1.610072e-02	5.744522e-05	
1.854115e-02	6.304069e-05	
1.568315e-02	7.651473e-05	
1.842036e-02	8.531983e-05	
1.764268e-02	6.592046e-05	
1.717947e-02	5.872285e-05	
1.858941e-02	6.495433e-05	
1.799543e-02	6.555495e-05	
1.662818e-02	6.092162e-05	
1.660558e-02	5.254090e-05	
1.651862e-02	3.113419e-05	
1.522455e-02	7.053051e-05	
1.720484e-02	6.827465e-05	
1.764960e-02	6.453616e-05	
1.777292e-02	9.659997e-05	
1.969378e-02	8.333934e-05	
1.464966e-02	9.141414e-05	
1.648050e-02	1.267803e-04	
1.807711e-02	7.553271e-05	
1.908703e-02	7.711444e-05	
1.856788e-02	9.528028e-05	
1.788242e-02	1.665101e-04	
1.577480e-02	1.378811e-04	
1.513875e-02	1.459284e-04	
1.834152e-02	1.108921e-04	
1.575164e-02	1.639594e-04	
1.650082e-02	6.889006e-05	
1.886963e-02	6.005427e-05	
1.725630e-02	7.317728e-05	
1.805975e-02	3.795248e-05	
1.906959e-02	6.165974e-05	
1.813500e-02	5.905324e-05	
1.923893e-02	6.832530e-05	
1.782085e-02	5.743834e-05	
1.783374e-02	5.236770e-05	
1.687059e-02	6.250670e-05	
1.602030e-02	6.578716e-05	
1.737795e-02	7.343830e-05	
1.773369e-02	7.523168e-05	
1.909218e-02	5.634723e-05	
1.813486e-02	6.522617e-05	
1.778526e-02	6.204288e-05	
1.762046e-02	6.555244e-05	
1.818876e-02	4.458891e-05	
1.609060e-02	6.039177e-05	
1.897444e-02	5.867461e-05	
1.799323e-02	6.471115e-05	
1.833869e-02	6.803725e-05	
1.628097e-02	5.650623e-05	
1.645143e-02	6.146355e-05	
1.713132e-02	8.310992e-05	
1.668409e-02	8.109300e-05	
1.824852e-02	7.291819e-05	
1.818786e-02	7.962304e-05	
1.691856e-02	7.240400e-05	
1.758804e-02	1.076158e-04	
1.867972e-02	9.803786e-05	
1.557290e-02	7.078720e-05	
1.794136e-02	1.340922e-04	
1.519512e-02	1.331853e-04	
1.692931e-02	1.329747e-04	
1.981083e-02	3.915382e-05	
1.789759e-02	1.364230e-04	
1.685407e-02	9.815399e-05	
1.626748e-02	7.976098e-05	
1.889617e-02	8.506213e-05	
1.799578e-02	6.190043e-05	
1.789265e-02	6.445605e-05	
1.615408e-02	7.886000e-05	
1.719975e-02	7.469311e-05	
1.810615e-02	7.358133e-05	
1.851627e-02	8.192379e-05	
1.835236e-02	8.316424e-05	
1.693163e-02	6.281847e-05	
1.543246e-02	6.248291e-05	
1.718262e-02	6.268465e-05	
1.838926e-02	6.727018e-05	
1.487830e-02	5.765303e-05	
1.850079e-02	5.023642e-05	
1.620264e-02	4.972452e-05	
1.699222e-02	5.956613e-05	
1.758256e-02	5.987113e-05	
1.852443e-02	4.288714e-05	
1.672741e-02	5.372447e-05	
1.832323e-02	5.805383e-05	
1.723270e-02	6.316986e-05	
1.741912e-02	5.210080e-05	
1.873147e-02	6.199911e-05	
1.631511e-02	8.333551e-05	
1.631911e-02	7.484746e-05	
1.569719e-02	7.221716e-05	
1.737544e-02	6.728086e-05	
1.549680e-02	6.639887e-05	
1.874665e-02	8.293557e-05	
1.950736e-02	9.577310e-05	
1.819452e-02	8.738420e-05	
1.602242e-02	7.664673e-05	
1.655271e-02	1.646995e-04	
1.653798e-02	1.376858e-04	
1.804549e-02	1.696138e-04	
1.857649e-02	2.165158e-04	
1.839437e-02	1.175766e-04	
1.783601e-02	8.036082e-05	
1.849620e-02	9.928515e-05	
1.932090e-02	1.027309e-04	
1.728575e-02	8.996845e-05	
1.784269e-02	8.189737e-05	
1.766091e-02	9.362845e-05	
1.746380e-02	8.982148e-05	
1.686002e-02	8.953502e-05	
1.813692e-02	8.097523e-05	
1.714525e-02	6.951780e-05	
1.730773e-02	6.101491e-05	
1.755870e-02	8.474032e-05	
1.699837e-02	8.351355e-05	
1.791382e-02	8.159204e-05	
1.751582e-02	8.638635e-05	
1.601710e-02	7.653817e-05	
1.855138e-02	9.196942e-05	
1.925792e-02	7.961141e-05	
1.898894e-02	9.108053e-05	
1.782893e-02	7.700203e-05	
1.672286e-02	6.103297e-05	
1.782583e-02	6.466062e-05	
1.779156e-02	5.071771e-05	
1.827621e-02	7.599192e-05	
1.729764e-02	8.807838e-05	
1.925730e-02	8.470233e-05	
1.811688e-02	8.202022e-05	
1.926984e-02	8.054666e-05	
1.810130e-02	7.479665e-05	
1.809340e-02	9.021301e-05	
1.873665e-02	8.575311e-05	
1.609208e-02	1.067409e-04	
1.875770e-02	1.112358e-04	
1.877037e-02	9.305585e-05	
1.582838e-02	1.720712e-04	
1.704621e-02	1.208291e-04	
1.857484e-02	2.244960e-04	
1.701433e-02	1.907084e-04	
1.629073e-02	1.294715e-04	
1.813606e-02	9.858841e-05	
1.712995e-02	1.125584e-04	
1.907387e-02	1.091572e-04	
1.757091e-02	9.653326e-05	
1.666326e-02	6.843257e-05	
1.834273e-02	7.989412e-05	
1.526495e-02	8.187858e-05	
1.820041e-02	8.813098e-05	
1.908761e-02	8.780331e-05	
1.574714e-02	8.934134e-05	
1.710569e-02	7.679873e-05	
1.658054e-02	7.349521e-05	
1.513731e-02	7.305375e-05	
1.783347e-02	7.054730e-05	
1.755676e-02	7.527988e-05	
1.873129e-02	6.649200e-05	
1.814033e-02	8.068047e-05	
1.924651e-02	6.920260e-05	
1.792418e-02	7.862803e-05	
1.714272e-02	6.827132e-05	
1.975282e-02	6.327021e-05	
1.850912e-02	7.388688e-05	
1.974382e-02	7.210266e-05	
1.619390e-02	7.910226e-05	
1.712537e-02	7.204649e-05	
1.725125e-02	8.575246e-05	
1.779215e-02	9.234868e-05	
1.931321e-02	1.055093e-04	
1.797513e-02	1.050987e-04	
1.747582e-02	1.057183e-04	
1.768334e-02	1.090628e-04	
1.811376e-02	7.589881e-05	
1.720894e-02	1.203406e-04	
1.746255e-02	9.199267e-05	
1.772602e-02	1.373525e-04	
1.631918e-02	1.789677e-04	
1.811995e-02	1.392403e-04	
1.701273e-02	1.583248e-04	
1.825090e-02	9.611861e-05	
1.828461e-02	7.478969e-05	
1.851472e-02	1.383496e-04	
1.694411e-02	1.080007e-04	
1.717106e-02	8.816733e-05	
1.544674e-02	8.990905e-05	
1.541089e-02	9.479823e-05	
1.990696e-02	1.006171e-04	
1.701740e-02	9.495993e-05	
1.773417e-02	7.381761e-05	
1.659097e-02	4.768637e-05	
2.003408e-02	6.682520e-05	
1.787632e-02	4.084332e-05	
1.680637e-02	6.423712e-05	
1.791046e-02	7.378826e-05	
1.850989e-02	6.975158e-05	
1.615365e-02	6.188281e-05	
1.826007e-02	7.250420e-05	
1.805277e-02	7.987137e-05	
1.736837e-02	7.590812e-05	
1.710850e-02	6.351614e-05	
1.639754e-02	7.648167e-05	
1.661440e-02	5.954474e-05	
1.923669e-02	8.823752e-05	
2.014804e-02	5.966304e-05	
1.759295e-02	8.629448e-05	
1.807989e-02	8.573087e-05	
1.645174e-02	1.103179e-04	
1.808947e-02	7.911611e-05	
1.520736e-02	6.505125e-05	
1.802023e-02	1.172598e-04	
1.712809e-02	1.023101e-04	
1.688640e-02	1.075695e-04	
1.596470e-02	2.070048e-04	
1.634019e-02	4.381668e-05	
2.069073e-02	3.401335e-05	
1.556946e-02	9.027894e-05	
1.650391e-02	1.601911e-04	
1.706569e-02	1.119293e-04	
1.809634e-02	1.200079e-04	
1.824215e-02	1.224452e-04	
1.756099e-02	1.241533e-04	
1.854188e-02	8.220699e-05	
1.719694e-02	1.209000e-04	
1.853275e-02	9.435512e-05	
1.853903e-02	1.010584e-04	
1.906281e-02	9.550369e-05	
1.764626e-02	5.906990e-05	
1.612041e-02	7.597434e-05	
1.914633e-02	7.465653e-05	
1.869526e-02	7.132422e-05	
1.872363e-02	5.851634e-05	
1.667334e-02	8.562510e-05	
1.857493e-02	6.213142e-05	
1.719436e-02	6.619087e-05	
1.653086e-02	7.006549e-05	
1.907332e-02	7.663269e-05	
1.956746e-02	5.920457e-05	
1.768128e-02	6.710821e-05	
1.466300e-02	3.813677e-05	
1.856063e-02	6.709737e-05	
1.733623e-02	7.426108e-05	
1.874027e-02	8.237426e-05	
1.847444e-02	7.013156e-05	
1.832187e-02	1.001736e-04	
1.829055e-02	7.991965e-05	
1.735560e-02	9.781793e-05	
1.625027e-02	7.734861e-05	
1.841470e-02	9.178231e-05	
1.880021e-02	9.243996e-05	
1.719055e-02	6.486552e-05	
1.841496e-02	1.092538e-04	
1.808253e-02	2.130001e-04	
1.825091e-02	1.420739e-04	
1.823678e-02	1.526524e-04	
1.866385e-02	1.604123e-04	
1.797978e-02	1.315359e-04	
1.678864e-02	7.913509e-05	
1.808246e-02	1.105406e-04	
1.622227e-02	9.541606e-05	
1.792681e-02	1.100715e-04	
1.791646e-02	1.181030e-04	
1.594508e-02	1.166927e-04	
1.762557e-02	1.043540e-04	
1.905741e-02	8.986364e-05	
1.765244e-02	8.156660e-05	
1.858463e-02	7.323954e-05	
1.548052e-02	7.553728e-05	
1.887478e-02	5.787557e-05	
1.813094e-02	7.467449e-05	
1.837868e-02	4.912999e-05	
1.661745e-02	6.702372e-05	
1.702833e-02	7.143359e-05	
1.550415e-02	6.964811e-05	
1.863624e-02	7.225773e-05	
1.777044e-02	7.929372e-05	
1.767689e-02	6.223839e-05	
1.642964e-02	5.417529e-05	
1.637677e-02	6.491770e-05	
1.780090e-02	7.166685e-05	
1.902043e-02	7.065601e-05	
1.839365e-02	8.394626e-05	
1.693725e-02	4.318089e-05	
1.835674e-02	9.961601e-05	
1.680005e-02	9.747590e-05	
1.804466e-02	8.842052e-05	
1.909810e-02	9.756110e-05	
1.997211e-02	1.335710e-04	
1.753606e-02	7.673312e-05	
1.847434e-02	7.407510e-05	
1.765353e-02	1.410943e-04	
1.709502e-02	2.257376e-04	
1.895347e-02	1.072865e-04	
1.713695e-02	1.132627e-04	
1.835720e-02	4.104156e-05	
1.629353e-02	6.031532e-05	
1.687929e-02	1.463460e-04	
1.703301e-02	1.328245e-04	
1.642230e-02	8.896061e-05	
1.789253e-02	1.154379e-04	
1.714773e-02	7.486856e-05	
1.777640e-02	9.072563e-05	
1.704749e-02	6.208147e-05	
1.709409e-02	5.428271e-05	
1.604313e-02	7.585867e-05	
1.712193e-02	5.734542e-05	
1.818350e-02	6.718096e-05	
1.969548e-02	6.079242e-05	
1.653345e-02	6.181052e-05	
1.756406e-02	5.061266e-05	
1.685710e-02	6.344868e-05	
1.691403e-02	8.068632e-05	
1.679752e-02	5.759277e-05	
1.575593e-02	7.263739e-05	
1.983648e-02	6.643931e-05	
1.651476e-02	6.299772e-05	
1.686368e-02	6.994409e-05	
1.705868e-02	7.634571e-05	
1.749979e-02	6.009842e-05	
1.760180e-02	4.534903e-05	
1.732995e-02	7.732694e-05	
1.954651e-02	6.355715e-05	
1.701987e-02	1.032577e-04	
1.735567e-02	7.703842e-05	
1.703210e-02	1.005787e-04	
1.739361e-02	1.703327e-04	
1.726234e-02	2.229410e-04	
1.888178e-02	1.127256e-04	
1.846594e-02	6.044639e-05	
1.835085e-02	9.930859e-05	
1.887240e-02	1.046936e-04	
1.915603e-02	6.395216e-05	
1.386874e-02	8.366460e-05	
1.379480e-02	1.009740e-04	
1.708665e-02	1.352584e-04	
1.754220e-02	9.047166e-05	
1.644002e-02	9.470248e-05	
1.803481e-02	7.415477e-05	
1.756874e-02	8.244624e-05	
1.947390e-02	6.578483e-05	
1.788578e-02	7.636727e-05	
1.753413e-02	7.548073e-05	
1.709490e-02	7.279034e-05	
1.583272e-02	6.481788e-05	
1.688592e-02	7.177721e-05	
2.025932e-02	5.872791e-05	
1.710111e-02	5.429001e-05	
1.683202e-02	6.443928e-05	
1.754862e-02	4.756395e-05	
1.770491e-02	5.740548e-05	
1.680340e-02	5.005601e-05	
1.729465e-02	5.360013e-05	
1.602185e-02	7.306549e-05	
1.733526e-02	7.762644e-05	
1.562716e-02	8.195299e-05	
1.728919e-02	7.707368e-05	
1.924250e-02	7.054104e-05	
1.756134e-02	5.520839e-05	
1.736051e-02	9.166150e-05	
1.908428e-02	7.874702e-05	
1.848815e-02	7.972642e-05	
1.836252e-02	9.487867e-05	
1.733916e-02	8.548876e-05	
1.844548e-02	1.510400e-04	
1.665061e-02	1.189114e-04	
1.727905e-02	1.266975e-04	
1.640740e-02	2.495498e-04	
1.767544e-02	2.012889e-04	
1.692435e-02	9.439964e-05	
1.690063e-02	1.834877e-04	
1.911849e-02	9.532311e-05	
1.880013e-02	1.032993e-04	
1.872758e-02	7.745805e-05	
1.741133e-02	1.094110e-04	
1.740416e-02	8.850259e-05	
1.961102e-02	6.148306e-05	
1.712850e-02	5.786198e-05	
1.670406e-02	6.310643e-05	
1.898648e-02	7.827101e-05	
1.843068e-02	7.663638e-05	
1.836501e-02	5.692632e-05	
1.662825e-02	6.259795e-05	
1.693501e-02	5.985301e-05	
1.900949e-02	4.475598e-05	
1.385093e-02	5.511723e-05	
1.386343e-02	4.717903e-05	
1.879102e-02	4.365856e-05	
1.460697e-02	3.870340e-05	
1.757317e-02	4.862435e-05	
1.625095e-02	6.444179e-05	
1.479115e-02	5.593936e-05	
1.914620e-02	7.658891e-05	
1.692761e-02	5.866176e-05	
1.746974e-02	6.153801e-05	
1.742071e-02	6.516351e-05	
1.640676e-02	6.823828e-05	
1.871455e-02	6.923745e-05	
1.866382e-02	8.264557e-05	
1.872655e-02	7.933906e-05	
1.855720e-02	8.987081e-05	
1.868207e-02	8.554298e-05	
1.768713e-02	1.165018e-04	
1.795592e-02	1.824569e-04	
1.713151e-02	1.036767e-04	
1.927191e-02	1.833355e-04	
1.827559e-02	1.533184e-04	
1.819730e-02	2.141702e-04	
1.762716e-02	1.581994e-04	
1.723740e-02	1.309632e-04	
2.073407e-02	8.711891e-05	
1.662535e-02	1.040691e-04	
1.638054e-02	5.903029e-05	
1.802661e-02	8.672147e-05	
1.679282e-02	6.236812e-05	
1.825828e-02	4.379949e-05	
1.652757e-02	5.475745e-05	
1.699121e-02	3.427121e-05	
1.755578e-02	5.220484e-05	
1.893541e-02	4.414152e-05	
1.687790e-02	3.940099e-05	
1.893015e-02	2.943649e-05	
1.818142e-02	4.792633e-05	
1.773312e-02	5.107081e-05	
1.827330e-02	6.565628e-05	
1.890297e-02	4.041516e-05	
1.607820e-02	4.038315e-05	
1.743013e-02	6.301615e-05	
1.544047e-02	4.581934e-05	
1.838159e-02	7.939823e-05	
1.795924e-02	7.101993e-05	
1.757739e-02	6.414214e-05	
1.785888e-02	5.788018e-05	
2.061442e-02	7.415515e-05	
2.043538e-02	6.572026e-05	
1.626590e-02	8.752566e-05	
1.780614e-02	7.346977e-05	
1.572535e-02	1.031567e-04	
1.741586e-02	1.330196e-04	
1.777989e-02	6.979562e-05	
1.742078e-02	6.204919e-05	
1.814817e-02	1.104813e-04	
1.953947e-02	1.459102e-04	
1.815479e-02	2.145672e-04	
1.805262e-02	2.709554e-04	
1.652968e-02	1.680654e-04	
1.752780e-02	1.501195e-04	
1.807195e-02	1.070823e-04	
1.712342e-02	1.095787e-04	
1.778564e-02	7.534246e-05	
1.602660e-02	7.413763e-05	
1.786786e-02	4.259260e-05	
1.736358e-02	4.140338e-05	
1.598899e-02	4.977199e-05	
1.799003e-02	6.900977e-05	
1.876802e-02	4.502701e-05	
1.870427e-02	3.498140e-05	
1.895469e-02	3.590527e-05	
1.815444e-02	5.009274e-05	
1.910552e-02	4.002968e-05	
1.732701e-02	3.427897e-05	
1.583528e-02	6.191981e-05	
1.867087e-02	5.661929e-05	
1.952887e-02	4.504902e-05	
1.703576e-02	5.616076e-05	
1.896858e-02	4.390021e-05	
1.816315e-02	6.109069e-05	
1.500249e-02	7.990259e-05	
1.891896e-02	5.162454e-05	
1.560711e-02	6.852573e-05	
1.559603e-02	5.727224e-05	
1.584299e-02	8.544144e-05	
1.971458e-02	5.569680e-05	
1.546783e-02	8.859759e-05	
1.944645e-02	7.189528e-05	
1.798740e-02	8.481344e-05	
1.705729e-02	9.358406e-05	
1.616214e-02	9.765153e-05	
1.867494e-02	9.782591e-05	
1.778312e-02	1.270167e-04	
1.808457e-02	1.380572e-04	
1.810064e-02	1.747872e-04	
1.732933e-02	2.261879e-04	
1.600058e-02	1.762798e-04	
1.861523e-02	9.041148e-05	
1.758444e-02	8.961815e-05	
1.927695e-02	8.158739e-05	
1.782979e-02	7.740612e-05	
1.571946e-02	8.476451e-05	
1.863725e-02	5.640748e-05	
1.692363e-02	3.610075e-05	
1.601305e-02	4.173827e-05	
1.543397e-02	3.762887e-05	
1.911589e-02	3.835657e-05	
1.678285e-02	4.588575e-05	
1.768273e-02	4.791449e-05	
1.768135e-02	4.864549e-05	
1.764137e-02	4.584948e-05	
1.846653e-02	5.929771e-05	
1.829527e-02	5.394195e-05	
1.893866e-02	5.488913e-05	
1.469678e-02	6.386769e-05	
1.909153e-02	4.500055e-05	
1.999018e-02	4.483188e-05	
1.616910e-02	6.693598e-05	
1.680765e-02	4.045048e-05	
1.751349e-02	4.079851e-05	
1.621080e-02	5.275899e-05	
1.864702e-02	6.949377e-05	
1.759477e-02	6.211491e-05	
1.603645e-02	6.727309e-05	
1.847604e-02	7.078589e-05	
1.830815e-02	7.731755e-05	
1.630912e-02	2.595053e-05	
1.639579e-02	6.327207e-05	
1.703539e-02	1.077237e-04	
1.571737e-02	1.316619e-04	
1.850155e-02	1.339419e-04	
1.734297e-02	1.836278e-04	
1.589989e-02	9.940250e-05	
1.743422e-02	1.489772e-04	
1.830564e-02	1.945744e-04	
1.923360e-02	9.053421e-05	
1.661024e-02	1.258955e-04	
1.726201e-02	6.850119e-05	
1.636794e-02	6.811216e-05	
1.959934e-02	8.078166e-05	
1.624911e-02	2.990622e-05	
1.610552e-02	2.036381e-05	
1.855556e-02	2.977843e-05	
1.624578e-02	3.609349e-05	
2.003718e-02	3.208487e-05	
1.578370e-02	1.882851e-05	
1.611734e-02	5.253118e-05	
1.485069e-02	2.695219e-05	
1.513408e-02	4.674148e-05	
1.711937e-02	5.130821e-05	
1.720003e-02	4.350770e-05	
2.078314e-02	3.480098e-05	
1.998375e-02	4.685820e-05	
1.966046e-02	5.693775e-05	
1.974229e-02	5.301471e-05	
1.834454e-02	7.268103e-05	
1.841750e-02	6.305085e-05	
1.506323e-02	4.732982e-05	
1.835427e-02	6.649627e-05	
1.769895e-02	8.559991e-05	
1.880918e-02	7.365528e-05	
1.872661e-02	3.700320e-05	
1.543158e-02	6.683782e-05	
1.698931e-02	6.579505e-05	
1.786754e-02	5.651794e-05	
1.534182e-02	8.684038e-05	
1.694333e-02	1.087093e-04	
1.781916e-02	1.314562e-04	
1.578326e-02	7.422318e-05	
1.854659e-02	2.124185e-04	
1.628429e-02	2.878415e-04	
1.815225e-02	1.190830e-04	
1.817289e-02	2.202509e-04	
1.693250e-02	7.403820e-05	
1.925678e-02	5.466145e-05	
1.767736e-02	7.456127e-05	
1.768024e-02	5.678790e-05	
1.755472e-02	6.978365e-05	
1.912054e-02	3.216069e-05	
1.751651e-02	3.216284e-05	
1.760914e-02	4.833067e-05	
1.742565e-02	3.049413e-05	
1.877442e-02	1.621774e-05	
1.767770e-02	2.723627e-05	
1.931188e-02	3.800536e-05	
1.744114e-02	2.931694e-05	
1.643457e-02	2.125622e-05	
1.634387e-02	3.740844e-05	
1.708870e-02	3.352441e-05	
1.605742e-02	1.804788e-05	
1.714271e-02	4.108418e-05	
1.665818e-02	6.177372e-05	
1.688360e-02	7.012893e-05	
1.868000e-02	5.313917e-05	
1.876760e-02	6.321764e-05	
1.869401e-02	6.871753e-05	
1.872303e-02	6.153522e-05	
1.751529e-02	8.757263e-05	
1.820745e-02	6.355026e-05	
1.558217e-02	7.248018e-05	
1.791131e-02	6.555144e-05	
1.715581e-02	6.843187e-05	
1.885596e-02	8.007807e-05	
1.655677e-02	9.574116e-05	
1.992658e-02	9.703535e-05	
1.827020e-02	8.885037e-05	
1.892296e-02	1.372240e-04	
1.702231e-02	1.958611e-04	
1.877513e-02	3.550408e-04	
1.871798e-02	3.663357e-04	
1.763266e-02	2.601879e-04	
1.726407e-02	9.781946e-05	
1.728204e-02	1.014738e-04	
1.698415e-02	5.610587e-05	
1.889715e-02	6.468804e-05	
1.712418e-02	5.548930e-05	
1.555531e-02	4.718135e-05	
1.866310e-02	5.083339e-05	
1.687473e-02	3.306595e-05	
1.824479e-02	3.226368e-05	
1.793491e-02	1.924843e-05	
1.678485e-02	3.539759e-05	
1.671485e-02	3.135859e-05	
1.739564e-02	3.791022e-05	
1.811953e-02	2.345449e-05	
1.704523e-02	5.055202e-05	
1.804073e-02	4.803873e-05	
1.523334e-02	3.910231e-05	
1.593001e-02	3.614333e-05	
1.626524e-02	5.137271e-05	
1.838093e-02	5.114492e-05	
1.906556e-02	4.521378e-05	
1.920563e-02	4.067005e-05	
1.622156e-02	5.995242e-05	
1.837056e-02	5.652336e-05	
1.712667e-02	4.849885e-05	
1.608179e-02	7.036950e-05	
1.500310e-02	7.470570e-05	
1.862374e-02	5.468674e-05	
1.824024e-02	7.419676e-05	
1.654107e-02	9.429661e-05	
1.707300e-02	7.745451e-05	
1.859625e-02	8.828112e-05	
1.864525e-02	8.631601e-05	
1.725051e-02	9.042238e-05	
1.870115e-02	1.177051e-04	
1.688862e-02	1.885455e-04	
1.865011e-02	2.173049e-04	
1.739006e-02	2.657612e-04	
1.881980e-02	1.277345e-04	
1.884952e-02	1.016848e-04	
1.857552e-02	7.780900e-05	
1.576006e-02	5.866003e-05	
1.707317e-02	6.710640e-05	
1.885118e-02	5.224313e-05	
1.701947e-02	3.912241e-05	
1.725407e-02	5.216681e-05	
1.863007e-02	1.996176e-05	
1.580983e-02	2.759685e-05	
1.747577e-02	5.080761e-05	
1.454736e-02	4.502142e-05	
1.852032e-02	3.833551e-05	
1.856360e-02	3.486048e-05	
1.857110e-02	3.097550e-05	
1.724476e-02	4.643052e-05	
1.632940e-02	3.167678e-05	
1.824427e-02	3.886200e-05	
1.493654e-02	3.071773e-05	
1.868957e-02	5.027382e-05	
1.704265e-02	4.964133e-05	
1.828256e-02	4.234452e-05	
1.838929e-02	4.669797e-05	
1.750814e-02	5.670226e-05	
1.864265e-02	5.638827e-05	
1.742395e-02	5.160383e-05	
1.831914e-02	5.352421e-05	
2.044764e-02	5.261617e-05	
1.886164e-02	8.576643e-05	
1.659441e-02	1.060531e-04	
1.930992e-02	8.634823e-05	
1.853004e-02	7.344630e-05	
1.761741e-02	1.213166e-04	
1.747342e-02	1.446973e-04	
1.776268e-02	1.436224e-04	
1.856300e-02	1.681708e-04	
1.404219e-02	2.381119e-04	
1.897012e-02	2.291152e-04	
1.741433e-02	8.447907e-05	
1.885141e-02	1.252680e-04	
1.684102e-02	1.012530e-04	
1.893149e-02	6.945215e-05	
1.838223e-02	5.722719e-05	
1.877025e-02	3.535138e-05	
1.783478e-02	6.044571e-05	
1.912056e-02	4.927766e-05	
1.487402e-02	2.634960e-05	
1.869925e-02	3.350970e-06	
1.759972e-02	3.459940e-05	
1.733304e-02	4.358405e-05	
1.789358e-02	3.384662e-05	
1.818444e-02	2.572730e-05	
1.812031e-02	1.347078e-05	
1.528072e-02	2.782257e-05	
1.868733e-02	2.631623e-05	
1.779276e-02	2.031703e-05	
1.931969e-02	1.724902e-05	
1.576112e-02	2.707365e-05	
1.657379e-02	4.688041e-05	
1.667800e-02	5.435378e-05	
1.759763e-02	3.506717e-05	
1.658909e-02	6.321898e-05	
2.056185e-02	5.759900e-05	
1.742540e-02	5.687671e-05	
1.829929e-02	4.870862e-05	
1.702078e-02	6.439220e-05	
1.674958e-02	6.819562e-05	
1.629025e-02	1.002696e-04	
1.658728e-02	8.202074e-05	
1.568562e-02	9.883328e-05	
1.913448e-02	9.691930e-05	
1.907626e-02	1.592462e-04	
1.959152e-02	1.505448e-04	
1.649027e-02	2.903700e-04	
1.930665e-02	2.698860e-04	
1.630795e-02	2.643201e-04	
1.733520e-02	1.042534e-04	
1.757883e-02	6.764553e-05	
1.937918e-02	9.666180e-05	
1.769756e-02	7.209285e-05	
1.587237e-02	6.741881e-05	
1.689778e-02	6.420151e-05	
1.856382e-02	4.889642e-05	
1.818160e-02	4.958535e-05	
1.694030e-02	2.408412e-05	
1.818479e-02	3.515086e-05	
1.787368e-02	3.847334e-05	
1.604266e-02	2.432549e-05	
1.785927e-02	3.183302e-05	
1.877258e-02	5.083011e-05	
1.744762e-02	3.860145e-05	
1.867389e-02	3.335437e-05	
1.702611e-02	5.504492e-05	
1.843001e-02	2.899234e-05	
1.907953e-02	2.512897e-05	
1.839813e-02	2.793459e-05	
1.633712e-02	3.510988e-05	
1.794250e-02	3.771739e-05	
1.787162e-02	3.664588e-05	
1.434006e-02	1.240106e-05	
1.552929e-02	4.718350e-05	
1.716033e-02	3.243017e-05	
1.842334e-02	4.664667e-05	
1.861792e-02	8.326044e-05	
1.683952e-02	5.584697e-05	
1.920135e-02	6.852470e-05	
1.679768e-02	8.009550e-05	
1.658507e-02	8.744137e-05	
1.895445e-02	1.066445e-04	
1.556691e-02	7.838990e-05	
1.684527e-02	1.595489e-04	
1.757222e-02	1.543534e-04	
1.816511e-02	2.886270e-04	
1.738429e-02	2.553430e-04	
1.757141e-02	1.319531e-04	
1.824895e-02	1.094284e-04	
1.581138e-02	5.099552e-05	
1.643744e-02	4.787606e-05	
1.765537e-02	4.682805e-05	
1.634482e-02	6.619411e-05	
1.860748e-02	3.242864e-05	
2.024561e-02	3.888622e-05	
1.853963e-02	3.237384e-05	
1.673152e-02	5.261444e-05	
1.630320e-02	4.386300e-05	
1.830667e-02	2.515267e-05	
1.777446e-02	3.267548e-05	
1.735807e-02	4.940244e-05	
1.670137e-02	5.057517e-05	
1.690155e-02	3.251802e-05	
1.753529e-02	4.336545e-05	
1.868790e-02	2.838817e-05	
1.771164e-02	3.097779e-05	
1.890220e-02	2.361925e-05	
1.775818e-02	2.709457e-05	
1.949191e-02	4.393926e-05	
1.949435e-02	2.069303e-05	
1.690706e-02	3.750580e-05	
1.890850e-02	3.706882e-05	
1.709398e-02	5.199634e-05	
1.700079e-02	4.930444e-05	
1.788680e-02	5.958882e-05	
1.537804e-02	9.265213e-05	
1.509134e-02	7.056908e-05	
1.495867e-02	8.147719e-05	
1.739206e-02	6.177861e-05	
1.854618e-02	5.437404e-05	
1.702956e-02	8.540697e-05	
1.793584e-02	2.402575e-04	
1.726964e-02	1.973345e-04	
1.629457e-02	1.292132e-04	
1.757866e-02	2.124886e-05	
1.566171e-02	1.614877e-04	
1.819523e-02	6.225515e-05	
1.872952e-02	6.665676e-05	
1.735509e-02	5.166286e-05	
1.846784e-02	4.063291e-05	
1.643646e-02	4.709544e-05	
1.814264e-02	6.089561e-05	
1.686678e-02	5.259232e-05	
1.775125e-02	3.807453e-05	
1.646150e-02	5.724137e-05	
1.560818e-02	4.015716e-05	
1.804095e-02	2.436199e-05	
1.526268e-02	2.266555e-05	
1.806163e-02	3.390400e-05	
1.630340e-02	4.887821e-05	
1.815925e-02	3.091773e-05	
1.911765e-02	1.816328e-05	
1.896520e-02	2.988073e-05	
1.638063e-02	3.870789e-05	
1.691783e-02	2.976392e-05	
1.862084e-02	3.184898e-05	
1.694541e-02	2.555562e-05	
1.631106e-02	3.891037e-05	
1.806377e-02	2.498503e-05	
1.673270e-02	2.530042e-05	
1.837639e-02	4.881876e-05	
1.775901e-02	3.588121e-05	
1.781598e-02	3.299312e-05	
1.809112e-02	5.688434e-05	
1.887034e-02	5.471093e-05	
1.833804e-02	5.565053e-05	
1.909347e-02	9.250606e-05	
1.929385e-02	1.035738e-04	
1.758658e-02	1.085149e-04	
1.864090e-02	2.623189e-04	
1.671802e-02	2.670470e-04	
1.873695e-02	1.711874e-04	
1.705413e-02	8.706139e-05	
1.879833e-02	2.517588e-05	
1.763310e-02	3.239235e-05	
1.866493e-02	3.391566e-05	
1.714615e-02	4.839637e-05	
1.854961e-02	1.441913e-05	
1.982533e-02	5.043126e-05	
1.630220e-02	5.827852e-05	
1.814999e-02	5.430309e-05	
2.057951e-02	3.014220e-05	
1.745731e-02	3.035880e-05	
1.984277e-02	3.244298e-05	
1.681523e-02	3.447294e-05	
1.639087e-02	3.635291e-05	
1.656260e-02	2.589452e-05	
1.765981e-02	2.521052e-05	
1.411855e-02	3.854876e-05	
1.780858e-02	2.454448e-05	
1.788241e-02	3.145231e-05	
1.758199e-02	3.966933e-05	
1.744845e-02	2.301068e-05	
1.631469e-02	2.144016e-05	
1.724536e-02	2.862307e-05	
1.681788e-02	1.773138e-05	
1.712492e-02	3.517153e-05	
1.684699e-02	2.741875e-05	
1.766039e-02	2.163125e-05	
1.673271e-02	3.652312e-05	
1.975652e-02	1.407440e-05	
1.769551e-02	6.542967e-05	
1.759218e-02	8.495193e-05	
1.759755e-02	2.847077e-05	
1.657457e-02	6.245000e-05	
1.739745e-02	7.293777e-05	
1.662128e-02	1.132181e-04	
2.021831e-02	2.683577e-04	
1.915311e-02	3.571240e-04	
1.850716e-02	3.576461e-04	
1.795116e-02	5.363596e-05	
1.590239e-02	9.229816e-05	
1.885185e-02	3.035510e-06	
1.647708e-02	1.239077e-05	
1.887869e-02	5.030119e-05	
1.843786e-02	3.670319e-05	
1.871910e-02	4.379672e-05	
1.415746e-02	6.272099e-05	
1.604006e-02	3.029175e-05	
1.412726e-02	4.036683e-05	
1.685616e-02	2.278653e-05	
1.762615e-02	1.898321e-05	
1.677748e-02	4.242447e-05	
1.597153e-02	5.084387e-05	
1.930709e-02	2.287925e-05	
1.846971e-02	1.751787e-05	
1.621735e-02	3.589249e-05	
1.820618e-02	2.956850e-05	
1.751580e-02	4.372040e-05	
1.811585e-02	2.496296e-05	
1.593934e-02	3.343587e-05	
1.930830e-02	3.105985e-05	
1.841686e-02	2.989335e-05	
1.845345e-02	1.367511e-05	
1.884125e-02	1.976585e-05	
1.870982e-02	2.181704e-05	
1.613993e-02	3.123995e-05	
1.668738e-02	2.341683e-05	
1.886368e-02	2.586612e-05	
1.904830e-02	2.981782e-05	
1.552980e-02	5.533097e-05	
1.720605e-02	9.231202e-05	
1.906150e-02	4.938532e-05	
1.760376e-02	6.135343e-05	
1.922038e-02	6.197163e-05	
1.844620e-02	1.915689e-04	
1.585470e-02	1.617120e-04	
1.842609e-02	1.362110e-04	
1.991990e-02	7.747626e-05	
1.544685e-02	6.221528e-05	
1.940214e-02	4.666153e-05	
1.811011e-02	3.506483e-05	
1.755672e-02	3.367736e-05	
1.911339e-02	1.700624e-05	
1.832606e-02	1.742559e-05	
1.902510e-02	5.878920e-05	
1.496635e-02	2.243445e-05	
1.869577e-02	5.350649e-06	
1.678402e-02	3.143496e-05	
1.766933e-02	2.958688e-05	
1.685024e-02	3.494877e-05	
1.513920e-02	4.276752e-05	
1.646789e-02	2.057585e-05	
1.762624e-02	3.574628e-05	
1.791238e-02	4.126635e-05	
1.704845e-02	2.411276e-05	
1.657608e-02	3.010227e-05	
1.787018e-02	3.573378e-05	
1.959797e-02	2.657424e-05	
1.573131e-02	4.160214e-05	
1.596131e-02	3.524921e-05	
1.817132e-02	1.247395e-05	
1.863073e-02	1.005245e-05	
1.799665e-02	2.418161e-05	
1.814781e-02	2.621168e-06	
1.878149e-02	1.411786e-05	
1.840834e-02	5.552731e-06	
1.762505e-02	2.425180e-05	
1.705403e-02	4.870361e-05	
1.996262e-02	6.242637e-05	
1.484156e-02	6.349460e-05	
1.993220e-02	7.573233e-05	
1.773366e-02	5.206818e-05	
1.835277e-02	1.445401e-04	
1.818888e-02	2.082634e-04	
1.745510e-02	1.227517e-04	
1.747996e-02	4.056703e-05	
1.596950e-02	5.275224e-05	
1.874035e-02	3.027136e-05	
1.877660e-02	5.178001e-06	
1.670566e-02	9.535770e-06	
1.780883e-02	1.451556e-05	
1.763337e-02	1.787754e-05	
1.774869e-02	1.235026e-05	
1.750345e-02	3.455119e-05	
1.501112e-02	3.156029e-05	
1.594543e-02	2.821501e-05	
1.759666e-02	4.005142e-05	
1.672937e-02	3.353461e-05	
1.689752e-02	1.235608e-05	
1.701623e-02	1.276736e-05	
1.840056e-02	2.335534e-05	
1.689914e-02	1.928035e-05	
1.638206e-02	2.546156e-05	
1.645175e-02	2.217971e-05	
1.763701e-02	3.068417e-05	
1.527744e-02	2.673943e-05	
1.685780e-02	3.595832e-05	
1.636334e-02	2.233664e-05	
1.747676e-02	2.486073e-05	
1.867089e-02	2.132194e-05	
1.672412e-02	1.430268e-05	
1.588918e-02	1.747657e-05	
1.681178e-02	1.365724e-05	
1.605165e-02	1.269823e-05	
1.688087e-02	7.722455e-07	
1.792504e-02	1.339212e-05	
1.726433e-02	4.355747e-05	
2.067809e-02	2.321773e-05	
2.063676e-02	8.991776e-05	
1.707376e-02	7.905542e-05	
1.824941e-02	4.458368e-05	
1.772204e-02	9.728006e-05	
