1.400274e+01	5.333511e-13	
1.323014e+01	3.619327e-14	
1.251281e+01	8.326673e-13	
9.903899e+00	1.254552e-13	
1.223993e+01	8.129053e-12	
1.326162e+01	1.129097e-12	
1.316125e+01	4.747647e-12	
1.008034e+01	2.218226e-13	
9.342691e+00	5.795364e-13	
6.316313e+00	4.884981e-13	
9.773416e+00	1.826272e-11	
1.294775e+01	6.776801e-13	
1.289815e+01	1.224576e-13	
1.205628e+01	1.059819e-12	
1.286265e+01	2.741762e-11	
1.332840e+01	1.941114e-12	
1.204877e+01	8.084644e-13	
1.114867e+01	2.163603e-12	
1.418897e+01	1.693023e-11	
1.059818e+01	3.752998e-12	
1.233453e+01	2.738920e-13	
1.385078e+01	4.459100e-12	
1.284394e+01	1.863176e-12	
6.814668e+00	3.518519e-11	
1.223846e+01	3.039569e-12	
6.147565e+00	3.049339e-12	
9.789925e+00	1.783018e-13	
1.086437e+01	8.910983e-12	
1.267268e+01	7.996936e-13	
1.279224e+01	6.616929e-13	
1.333715e+01	9.259260e-13	
1.244213e+01	2.031264e-12	
1.340205e+01	4.456435e-12	
1.116368e+01	2.791523e-11	
1.278100e+01	2.882139e-13	
1.324809e+01	9.471091e-12	
1.002424e+01	4.976020e-13	
1.285895e+01	2.406964e-13	
1.285421e+01	6.927792e-14	
1.345909e+01	1.008083e-13	
9.118512e+00	2.985168e-12	
1.224726e+01	4.606490e-13	
1.356181e+01	2.681037e-13	
1.332400e+01	2.308478e-14	
6.539688e+00	3.915220e-15	
1.009456e+01	3.358566e-15	
1.247800e+01	4.190905e-15	
9.699836e+00	3.001563e-15	
9.855336e+00	2.443158e-15	
9.612611e+00	6.544669e-15	
9.080050e+00	4.858728e-15	
6.749731e+00	2.716817e-15	
1.330648e+01	1.535416e-15	
1.014520e+01	1.946636e-15	
1.080791e+01	3.111467e-15	
1.291996e+01	6.015073e-16	
9.442768e+00	1.757105e-15	
1.025656e+01	5.742974e-16	
9.925874e+00	4.251739e-16	
9.414902e+00	1.408146e-16	
1.021146e+01	5.632584e-16	
1.301747e+01	2.834493e-16	
1.433074e+01	2.010041e-15	
1.331204e+01	2.196382e-15	
1.236767e+01	7.518842e-16	
1.333658e+01	7.778668e-16	
1.340985e+01	1.135538e-15	
1.264508e+01	5.118054e-16	
1.284260e+01	5.433634e-16	
1.298796e+01	1.943491e-15	
1.356057e+01	6.333551e-16	
1.398370e+01	1.977794e-15	
1.257125e+01	1.174525e-15	
1.211906e+01	7.483759e-16	
9.971068e+00	1.767666e-16	
1.355899e+01	1.957610e-15	
1.272620e+01	1.567485e-15	
9.531153e+00	1.052818e-13	
1.252814e+01	1.200515e-12	
1.372032e+01	6.492140e-12	
1.326017e+01	1.320055e-13	
1.054115e+01	7.238654e-13	
1.238982e+01	1.285638e-12	
1.295029e+01	4.196643e-14	
1.240444e+01	1.322498e-12	
1.268967e+01	3.113065e-12	
1.320020e+01	6.817547e-12	
1.042833e+01	3.999023e-13	
1.273614e+01	2.922107e-13	
1.047343e+01	1.418421e-12	
9.954960e+00	1.345590e-13	
1.005066e+01	2.162270e-12	
1.237701e+01	9.638401e-12	
1.023751e+01	4.692913e-13	
9.885634e+00	5.432677e-11	
1.017956e+01	8.977707e-12	
1.296422e+01	4.146350e-12	
9.963270e+00	3.961276e-13	
1.235702e+01	3.634648e-12	
1.310343e+01	4.523804e-11	
1.316624e+01	2.257750e-12	
1.027698e+01	1.108336e-11	
1.234940e+01	1.560374e-11	
9.877660e+00	1.022826e-11	
1.352905e+01	6.895706e-11	
1.286353e+01	1.093570e-11	
1.139440e+01	1.696454e-11	
1.395617e+01	1.500189e-11	
9.982796e+00	3.491896e-11	
9.522748e+00	2.482570e-12	
1.337646e+01	1.388689e-11	
1.351551e+01	2.770117e-11	
1.272876e+01	1.355327e-11	
9.972108e+00	3.048062e-11	
9.956005e+00	1.073763e-11	
1.028720e+01	9.020784e-12	
1.276653e+01	3.117451e-11	
9.637219e+00	2.876166e-11	
1.313760e+01	5.762057e-14	
1.347902e+01	1.937339e-12	
1.302309e+01	2.172817e-12	
1.178471e+01	5.243361e-12	
1.082085e+01	2.992384e-12	
1.372989e+01	1.629696e-12	
1.063575e+01	3.590905e-12	
1.264187e+01	7.903678e-12	
1.265652e+01	9.215850e-12	
1.031981e+01	6.641354e-12	
1.232483e+01	3.908651e-12	
1.356587e+01	1.601386e-12	
1.058839e+01	1.835865e-12	
1.215093e+01	3.294165e-11	
1.300985e+01	1.205458e-11	
1.292473e+01	8.775203e-13	
6.789674e+00	3.131495e-12	
1.226402e+01	2.192468e-12	
1.243815e+01	2.196021e-13	
1.261486e+01	4.358180e-12	
1.367375e+01	2.036593e-12	
1.266278e+01	2.575784e-11	
1.340729e+01	6.293410e-12	
1.397129e+01	3.805845e-13	
1.254459e+01	1.247202e-11	
9.972379e+00	1.095146e-11	
1.187449e+01	1.123954e-10	
1.325101e+01	2.313150e-12	
1.351754e+01	2.774447e-13	
1.016614e+01	1.986900e-11	
1.060603e+01	1.035505e-12	
1.258246e+01	6.309331e-11	
1.271830e+01	7.909895e-12	
1.349950e+01	5.575984e-12	
1.065415e+01	7.155943e-12	
1.197571e+01	7.266743e-12	
1.083835e+01	1.294520e-13	
1.345440e+01	7.762235e-12	
4.464114e+00	3.722112e-06	
4.437113e+00	2.750633e-06	
4.049752e+00	1.890704e-06	
2.278252e+00	3.597720e-05	
4.883096e+00	2.109802e-05	
1.667960e+00	4.685115e-05	
1.866137e+00	4.527094e-06	
5.898323e+00	7.189419e-05	
6.993757e+00	1.164806e-05	
4.468429e+00	2.457717e-05	
4.562319e+00	2.277328e-05	
1.944456e+00	5.499009e-06	
1.762988e+00	4.801320e-05	
4.827596e+00	1.955623e-05	
5.738872e-02	1.437387e-04	
3.271640e+00	1.691454e-04	
3.963787e+00	7.779739e-05	
6.422123e+00	7.928188e-05	
4.227957e+00	9.598079e-05	
2.639034e+00	5.440923e-05	
3.492153e+00	2.022473e-05	
2.075192e+00	1.203683e-04	
3.948704e+00	1.622388e-05	
4.815454e+00	6.466238e-05	
5.226615e+00	3.508876e-05	
5.843326e+00	4.213030e-05	
3.715506e+00	2.685885e-06	
4.217031e+00	5.245686e-05	
1.508266e+00	4.941533e-05	
1.414596e+00	8.091973e-05	
5.401134e-01	5.306820e-05	
3.483127e-01	6.853580e-05	
4.470619e+00	3.879684e-05	
3.744255e+00	6.648034e-05	
4.112760e+00	3.377771e-05	
3.785409e+00	1.656777e-06	
3.491358e+00	1.015281e-05	
7.530039e-01	5.556563e-06	
2.101193e-01	2.343312e-05	
7.577263e+00	3.470440e-05	
5.216837e+00	1.356923e-05	
4.721039e+00	3.528895e-05	
7.395173e-01	1.520199e-05	
3.698847e+00	5.138750e-06	
3.230355e+00	3.815653e-06	
6.246478e+00	2.559939e-05	
4.255035e+00	4.252915e-05	
2.576025e+00	2.016855e-06	
2.856067e+00	4.302735e-05	
4.972093e+00	3.708508e-05	
5.637013e+00	4.492743e-05	
3.713864e+00	9.378387e-05	
3.226928e+00	1.307137e-04	
6.220619e+00	1.231730e-04	
4.227907e+00	7.291539e-05	
4.965790e+00	5.269520e-05	
5.857432e+00	7.584558e-05	
6.837449e+00	4.283751e-05	
6.113263e-01	3.774058e-05	
4.132249e+00	1.946503e-05	
3.832512e+00	3.176255e-05	
2.732627e+00	3.095160e-05	
6.156049e+00	3.623851e-05	
2.865102e+00	6.615153e-07	
4.488906e-01	4.642857e-05	
4.336949e+00	5.747238e-05	
2.686903e+00	7.337920e-05	
4.356424e+00	7.128128e-05	
3.874618e+00	1.257261e-04	
1.468220e+00	1.003964e-04	
3.443519e+00	6.551543e-05	
3.940361e+00	4.338409e-05	
5.414820e+00	5.862936e-06	
5.740489e+00	1.158338e-05	
9.064789e-01	9.027800e-06	
3.676079e+00	1.154963e-05	
2.937199e+00	6.283214e-05	
3.542329e+00	5.534614e-05	
4.562479e+00	1.893635e-05	
1.380421e+00	5.480426e-06	
4.168060e+00	3.210158e-05	
4.977223e+00	5.799080e-06	
2.336021e+00	3.024869e-05	
7.028331e+00	4.352675e-05	
6.025586e+00	1.315162e-05	
4.300514e+00	2.078539e-05	
3.950117e+00	1.254202e-05	
2.181267e+00	1.593891e-05	
6.445889e+00	1.388225e-05	
6.853125e+00	4.863123e-06	
2.908498e+00	1.366310e-06	
5.249722e+00	1.989335e-05	
5.066055e+00	2.726597e-05	
5.020419e+00	1.826539e-05	
3.223301e+00	1.514669e-05	
1.528468e+00	5.572547e-05	
4.439987e+00	4.842651e-05	
4.419304e+00	6.367101e-06	
2.489148e+00	1.430984e-06	
6.392509e+00	1.334352e-05	
1.630289e+00	2.078131e-05	
2.706327e+00	1.428445e-05	
5.469844e+00	2.316444e-05	
3.754668e+00	4.604184e-05	
7.563409e+00	3.199613e-05	
4.858187e+00	1.110370e-04	
4.491252e+00	6.891112e-05	
1.386280e+00	5.306541e-05	
2.172791e+00	2.497902e-05	
4.997949e+00	1.112982e-05	
7.811806e+00	1.810629e-05	
3.143360e+00	1.116422e-05	
4.238485e+00	1.988761e-05	
4.270961e+00	2.303652e-05	
4.846436e+00	5.063140e-05	
3.540211e+00	5.217078e-05	
2.480458e+00	3.999605e-05	
4.405650e+00	3.998462e-05	
6.230560e+00	1.514947e-05	
7.397036e+00	2.819187e-05	
3.569786e+00	1.176042e-05	
1.450337e+00	2.469089e-06	
5.884116e+00	5.721396e-06	
3.910083e+00	2.361783e-05	
3.081635e+00	2.947382e-05	
6.212962e+00	2.799061e-05	
1.076334e+00	1.560080e-05	
5.011776e-01	2.270329e-05	
1.830990e+00	1.322113e-05	
4.894629e+00	2.791212e-05	
1.935292e+00	4.069649e-05	
1.691093e+00	2.858458e-05	
3.416040e+00	8.032503e-06	
5.058912e+00	3.291588e-05	
1.262784e+00	2.990178e-05	
4.982961e+00	1.197023e-05	
7.108721e-01	1.309746e-05	
8.139057e-01	2.457869e-05	
1.143320e+00	5.159474e-05	
5.178474e+00	4.909555e-05	
1.189905e+00	8.875953e-06	
6.566142e+00	2.482109e-05	
6.731189e+00	1.817583e-05	
4.611047e+00	5.204231e-05	
4.668889e-01	3.976443e-05	
2.734469e+00	1.200386e-05	
3.223969e+00	2.978345e-05	
4.651553e+00	1.811652e-05	
4.554358e+00	2.567057e-05	
4.782910e+00	2.997623e-05	
5.185147e+00	3.647033e-05	
2.842791e+00	8.362535e-05	
1.042467e+00	3.865490e-05	
1.412735e+00	8.318530e-05	
3.116257e+00	7.768528e-05	
1.258416e+00	8.360567e-05	
7.451670e+00	5.781453e-05	
2.733010e+00	5.124279e-05	
4.681664e-02	6.698423e-05	
5.861123e-01	2.710205e-05	
8.073525e+00	1.404663e-05	
4.749858e+00	6.263621e-05	
7.267901e+00	1.775630e-05	
6.725681e-01	3.282616e-06	
3.587263e+00	4.539726e-05	
4.340660e+00	2.814369e-05	
3.828962e+00	4.560090e-05	
4.519186e+00	1.187110e-05	
6.062455e+00	3.044538e-05	
1.988203e+00	2.902696e-05	
1.920821e+00	5.644362e-06	
4.368029e+00	4.881512e-05	
6.033439e+00	3.690132e-05	
6.345475e+00	2.137793e-05	
3.579895e+00	1.409496e-05	
4.560687e+00	1.729209e-05	
7.845457e+00	2.863672e-05	
3.084463e+00	2.388330e-06	
3.335289e+00	3.997664e-06	
6.804143e+00	2.379456e-05	
5.095882e+00	6.948213e-06	
4.346178e+00	3.024862e-06	
2.789798e+00	1.995008e-05	
1.851380e+00	2.997121e-05	
2.161991e+00	4.618354e-06	
1.867911e+00	1.815084e-05	
2.139262e+00	2.621194e-05	
5.704781e+00	5.343655e-05	
6.443741e-01	7.117184e-05	
2.930833e+00	3.910610e-05	
1.233047e+00	1.031596e-04	
4.683447e+00	7.744600e-05	
5.133125e-01	7.402386e-05	
6.916398e+00	8.841248e-05	
2.207513e+00	4.857387e-05	
1.951766e+00	5.130148e-05	
1.413374e+00	4.311913e-05	
2.381213e+00	6.567804e-05	
6.432043e+00	2.749094e-05	
7.649716e+00	5.965129e-06	
7.001590e+00	7.025675e-05	
1.147172e+00	7.267971e-05	
5.375514e+00	6.015234e-05	
4.493309e+00	9.888537e-05	
2.940152e+00	9.355425e-05	
3.351995e+00	3.462077e-05	
4.862106e+00	3.510597e-05	
2.522027e+00	6.326382e-05	
3.382364e+00	4.849992e-05	
3.756288e+00	4.270997e-05	
5.125799e+00	5.556935e-05	
5.155533e+00	3.843891e-05	
3.152988e-01	4.637538e-05	
6.065888e+00	5.672261e-05	
6.954868e+00	3.573680e-05	
7.166266e+00	4.789322e-05	
3.824576e+00	3.636756e-05	
3.459682e-01	1.482503e-05	
2.797266e+00	5.843018e-06	
1.912339e+00	2.575068e-05	
4.893745e+00	4.340644e-05	
1.703236e+00	5.326897e-05	
2.181764e+00	2.255366e-05	
3.825487e+00	4.692324e-05	
2.977186e+00	5.282517e-05	
7.236847e-01	4.578559e-05	
4.647102e+00	4.126088e-05	
2.741881e+00	7.612626e-05	
3.492564e+00	6.679005e-05	
5.853369e+00	8.607704e-05	
5.359514e+00	7.717169e-05	
9.812245e-01	6.513348e-05	
2.427810e+00	6.945914e-05	
4.846116e+00	5.903484e-05	
1.233731e+00	6.039282e-05	
3.619265e+00	6.421140e-05	
2.780280e+00	4.260033e-05	
6.693992e+00	3.633321e-05	
3.423024e+00	4.218563e-05	
4.640023e+00	8.304517e-05	
4.753972e+00	7.302408e-05	
6.285683e+00	8.553734e-05	
4.068134e+00	9.728246e-05	
2.908584e+00	5.021160e-05	
9.670267e-01	4.944455e-05	
2.542344e+00	5.050407e-05	
4.679738e+00	2.552777e-05	
4.453974e+00	2.612431e-05	
6.424103e+00	4.825788e-05	
3.838118e+00	6.357864e-05	
3.622682e+00	3.929098e-05	
3.564367e+00	3.507536e-05	
6.693000e+00	2.257607e-05	
5.611156e-01	2.946573e-05	
2.727442e+00	3.725032e-05	
3.189270e+00	3.768174e-06	
3.410531e+00	1.977569e-05	
1.264344e+00	3.079913e-05	
1.514534e+00	3.024366e-05	
5.816194e+00	2.547509e-05	
2.566843e+00	4.594243e-05	
4.790537e+00	6.459190e-05	
3.719570e+00	7.100353e-05	
5.154922e+00	8.311627e-05	
7.155649e-01	4.243758e-05	
3.824196e+00	7.222027e-05	
3.924936e+00	8.384845e-05	
4.631448e+00	1.417682e-04	
4.456713e+00	1.216130e-04	
4.063544e+00	6.855630e-05	
2.836457e+00	4.408050e-05	
4.538567e+00	1.008927e-04	
4.857885e+00	5.919113e-05	
2.128113e+00	8.524797e-05	
2.847318e+00	5.912563e-05	
2.033294e+00	6.379856e-05	
7.096219e+00	3.906643e-05	
3.229143e+00	6.413619e-05	
3.546643e+00	5.773980e-05	
3.092675e+00	6.694620e-05	
5.404456e+00	4.477045e-05	
5.271380e+00	4.474971e-05	
3.722237e+00	6.399330e-05	
2.391649e+00	2.916288e-05	
1.104792e+00	3.570252e-05	
5.014390e+00	4.131520e-05	
6.046281e+00	3.389121e-05	
3.494536e+00	2.401769e-05	
5.176028e+00	2.032867e-05	
4.458241e+00	3.820881e-05	
8.553695e-01	4.740521e-05	
6.084193e+00	5.108350e-05	
1.278236e+00	3.465795e-05	
3.257600e+00	4.501787e-05	
5.088379e+00	2.284526e-05	
5.422091e+00	3.716448e-05	
4.016750e+00	5.399214e-05	
1.876841e+00	3.571516e-05	
2.164115e+00	3.366647e-05	
1.155953e+00	5.133171e-05	
2.818922e+00	6.693414e-05	
1.510818e+00	6.486059e-05	
4.800059e+00	8.575089e-05	
3.509373e+00	8.009294e-05	
4.800792e+00	2.077101e-04	
5.201003e+00	1.892162e-04	
1.111252e+00	1.210033e-04	
5.289436e+00	6.451417e-05	
4.846294e+00	9.216476e-05	
2.548857e+00	8.862533e-05	
1.795701e+00	8.429768e-05	
3.658916e+00	7.676371e-05	
1.735280e+00	7.335168e-05	
2.793121e+00	7.254901e-05	
1.273210e+00	8.428321e-05	
6.580108e+00	6.229570e-05	
5.875985e+00	5.964296e-05	
4.722332e+00	8.274466e-05	
3.843106e+00	5.185784e-05	
4.651180e+00	6.235437e-05	
7.097012e+00	6.199906e-05	
5.858143e+00	3.533147e-05	
2.478628e+00	5.153372e-05	
2.851703e+00	4.250963e-05	
2.446872e+00	4.282705e-05	
2.445258e+00	1.978992e-05	
5.152763e+00	2.204795e-05	
3.840751e+00	2.824297e-05	
4.146580e+00	4.623238e-05	
2.361753e+00	4.893571e-05	
3.386767e+00	5.628085e-05	
4.718686e+00	6.451535e-05	
7.708819e+00	6.827518e-05	
5.760295e+00	6.494623e-05	
5.879654e+00	4.721086e-05	
3.430210e+00	2.104688e-05	
4.969629e+00	2.945515e-05	
4.486016e+00	3.498021e-05	
3.870634e+00	6.309024e-05	
5.157948e+00	1.038317e-04	
5.223043e+00	8.547038e-05	
3.448018e+00	1.120722e-04	
3.547373e+00	7.246619e-05	
3.317916e+00	2.037642e-04	
5.294281e+00	1.577868e-04	
1.452934e+00	1.185320e-04	
1.939146e+00	8.553249e-05	
4.145660e+00	9.731732e-05	
4.811281e+00	5.416041e-05	
2.928902e+00	6.845272e-05	
4.512652e+00	7.439322e-05	
6.410951e+00	9.325078e-05	
5.933340e+00	8.115183e-05	
3.981371e+00	6.647476e-05	
7.923948e-01	8.618801e-05	
1.397214e+00	8.542197e-05	
5.168868e+00	9.040572e-05	
7.353356e+00	9.628561e-05	
5.973753e+00	6.495948e-05	
1.897333e+00	6.958702e-05	
4.963287e+00	6.413466e-05	
4.284052e+00	5.121694e-05	
1.711172e+00	5.395036e-05	
3.646233e+00	4.911965e-05	
5.202157e+00	3.379341e-05	
4.608710e+00	3.696240e-05	
7.443467e+00	2.146963e-05	
7.586239e+00	3.648898e-05	
6.335616e+00	4.531903e-05	
2.795993e+00	4.123357e-05	
4.021068e+00	4.830976e-05	
6.740452e+00	7.537343e-05	
1.455418e+00	7.935870e-05	
6.915951e+00	6.113703e-05	
4.765328e+00	4.020930e-05	
5.112536e+00	9.755359e-05	
2.777930e+00	8.560063e-05	
3.455122e+00	8.978884e-05	
5.606685e+00	1.158104e-04	
3.116437e-01	1.184342e-04	
2.218152e+00	1.534451e-04	
4.245184e-01	1.476260e-04	
6.318129e+00	1.747508e-04	
4.726522e+00	9.389273e-05	
4.600768e+00	9.821534e-05	
1.739696e+00	6.352682e-05	
3.792325e+00	9.206019e-05	
1.123656e+00	7.158274e-05	
3.501759e+00	8.040802e-05	
6.555538e+00	8.794529e-05	
4.181154e+00	9.624808e-05	
5.131113e+00	8.430857e-05	
3.591415e+00	9.655641e-05	
4.229964e+00	7.411781e-05	
1.818299e-01	7.232834e-05	
8.183262e-02	6.951983e-05	
3.197882e+00	6.029360e-05	
3.336679e+00	5.600502e-05	
3.570208e+00	4.793859e-05	
4.853223e+00	4.894016e-05	
7.022371e+00	5.232831e-05	
6.552723e+00	5.323082e-05	
6.503606e+00	6.329489e-05	
5.071637e+00	5.224674e-05	
6.978280e+00	5.279303e-05	
4.723130e+00	4.757400e-05	
7.340355e+00	6.007362e-05	
5.477666e+00	6.613642e-05	
2.565182e+00	3.966432e-05	
3.499485e+00	5.321754e-05	
5.698467e+00	4.590419e-05	
2.537261e+00	4.147172e-05	
6.829774e+00	4.014443e-05	
3.895832e+00	9.825508e-05	
4.109013e+00	1.115884e-04	
2.140405e+00	1.057312e-04	
3.669311e+00	1.099667e-04	
5.214986e+00	7.126178e-05	
5.592392e+00	1.529378e-04	
7.281406e+00	2.005337e-04	
5.958763e+00	9.507130e-05	
2.758179e+00	1.276814e-04	
3.780503e+00	1.348995e-04	
2.838707e+00	1.209179e-04	
5.698403e+00	6.498534e-05	
2.737875e+00	6.953342e-05	
2.687189e+00	9.700511e-05	
6.685147e-01	9.510418e-05	
2.833200e+00	8.277256e-05	
2.137323e+00	9.058357e-05	
3.410004e+00	5.811815e-05	
6.086458e+00	7.759558e-05	
1.963121e+00	6.911993e-05	
4.392878e+00	7.335050e-05	
5.273444e+00	6.586211e-05	
2.483768e+00	7.466526e-05	
4.534417e+00	6.360679e-05	
3.751191e+00	6.002818e-05	
4.539887e+00	7.511979e-05	
3.407322e+00	7.061583e-05	
5.052849e+00	6.365143e-05	
5.664772e+00	6.502019e-05	
6.511826e+00	6.415668e-05	
5.853329e+00	5.468765e-05	
5.625597e+00	5.335012e-05	
4.249275e+00	7.297663e-05	
6.325741e-01	6.465760e-05	
5.054459e+00	1.314423e-05	
8.124570e+00	4.337603e-05	
1.394867e+00	5.605526e-05	
3.178390e+00	5.162524e-05	
3.263016e+00	8.895107e-05	
4.231085e+00	9.510128e-05	
4.489442e+00	7.331765e-05	
4.049939e+00	1.107392e-04	
3.809589e+00	1.519769e-04	
6.098883e+00	1.865479e-04	
5.276343e+00	1.951150e-04	
2.463456e+00	1.733199e-04	
5.951908e+00	1.375757e-04	
2.497535e+00	1.051738e-04	
2.196380e+00	9.811181e-05	
1.203597e+00	8.009958e-05	
4.054238e+00	7.986453e-05	
1.066084e+00	9.074124e-05	
6.046309e+00	1.134088e-04	
1.611798e+00	9.141390e-05	
2.712961e+00	7.871979e-05	
7.390803e+00	8.166895e-05	
3.689636e+00	8.453136e-05	
2.947243e+00	9.387583e-05	
4.899067e+00	7.213514e-05	
1.608776e+00	8.386598e-05	
4.205946e+00	7.583520e-05	
1.210356e+00	6.261109e-05	
2.740738e+00	6.504569e-05	
1.145372e+00	6.702288e-05	
4.173855e+00	8.373495e-05	
1.195711e+00	9.349241e-05	
5.097653e+00	5.497607e-05	
7.802735e+00	7.782050e-05	
3.132522e+00	7.150278e-05	
5.814646e+00	5.112456e-05	
5.212088e+00	7.213119e-05	
5.967845e+00	7.644754e-05	
5.161459e+00	5.180148e-05	
3.108766e+00	2.680325e-05	
4.043131e+00	5.785014e-05	
6.356564e+00	7.189410e-05	
4.178328e+00	3.616562e-05	
4.282492e+00	7.336982e-05	
3.048859e+00	9.351617e-05	
5.062598e-01	1.389319e-04	
4.628421e+00	1.398429e-04	
3.019576e+00	1.212477e-04	
4.227416e+00	1.815225e-04	
3.310526e+00	1.809216e-04	
6.563073e+00	1.931149e-04	
5.524838e+00	1.323488e-04	
1.589861e+00	1.321620e-04	
4.652655e+00	1.076544e-04	
1.633633e+00	1.075816e-04	
3.607295e+00	9.062895e-05	
1.379238e+00	1.042057e-04	
3.686361e+00	1.203830e-04	
5.854078e+00	1.035924e-04	
4.408440e+00	9.048225e-05	
6.655959e+00	8.160722e-05	
1.751857e+00	6.475285e-05	
6.461040e-01	7.928445e-05	
4.527745e+00	6.303814e-05	
2.156398e+00	6.022507e-05	
3.572086e+00	7.002109e-05	
3.117832e-01	7.104959e-05	
2.745269e+00	6.645297e-05	
6.997346e+00	9.107668e-05	
1.818910e+00	7.169878e-05	
3.244777e+00	8.340398e-05	
3.379167e+00	8.949232e-05	
3.179787e+00	8.415480e-05	
4.829480e+00	6.590848e-05	
4.614349e+00	6.502896e-05	
7.832665e+00	7.381421e-05	
7.849166e+00	6.622901e-05	
4.685320e+00	5.423301e-05	
4.981992e+00	6.223509e-05	
6.926665e+00	7.370808e-05	
5.241842e+00	5.409058e-05	
5.890164e+00	7.375333e-05	
4.772854e+00	9.774300e-05	
5.992062e+00	1.355152e-04	
4.014610e+00	1.948378e-04	
6.106573e+00	2.033373e-04	
6.655601e+00	1.799210e-04	
5.979593e+00	1.730956e-04	
4.589259e+00	1.599028e-04	
6.175239e+00	1.632736e-04	
4.164161e+00	1.209328e-04	
5.341989e+00	1.120868e-04	
4.945912e+00	1.000102e-04	
6.604566e+00	9.121581e-05	
1.983269e+00	1.002945e-04	
4.259386e+00	9.814058e-05	
4.389430e+00	9.055264e-05	
5.285465e+00	6.995697e-05	
3.511768e+00	6.935700e-05	
3.036449e+00	8.223850e-05	
4.334473e+00	7.014964e-05	
1.426778e+00	6.926677e-05	
9.697993e-01	4.983435e-05	
1.001689e+00	6.932403e-05	
1.178878e+00	7.771433e-05	
5.334100e+00	7.028159e-05	
4.375002e+00	8.174667e-05	
5.598550e+00	6.427998e-05	
3.393231e+00	7.262393e-05	
6.735115e+00	9.498790e-05	
3.448693e+00	9.691673e-05	
3.909720e+00	6.705069e-05	
4.443670e+00	6.805505e-05	
5.653482e+00	7.251589e-05	
2.220209e+00	7.783143e-05	
5.750445e+00	5.341138e-05	
3.989763e+00	6.900902e-05	
4.422392e+00	8.559524e-05	
6.361484e+00	7.587928e-05	
5.930087e+00	6.074982e-05	
1.263023e+00	8.816718e-05	
5.567984e+00	9.777760e-05	
1.557109e+00	1.442731e-04	
6.653420e+00	1.381804e-04	
5.698644e+00	2.407871e-04	
5.668928e+00	1.891962e-04	
4.288629e+00	1.477820e-04	
5.504004e+00	1.310052e-04	
1.779323e+00	1.257549e-04	
2.247059e+00	1.177035e-04	
4.107702e+00	1.092029e-04	
4.623180e+00	1.163838e-04	
2.702384e+00	1.018495e-04	
4.849428e+00	9.975556e-05	
2.671211e+00	9.798039e-05	
1.409626e+00	7.830998e-05	
5.112483e+00	8.146336e-05	
5.670633e+00	7.162396e-05	
5.054230e+00	9.256937e-05	
2.578066e+00	6.719880e-05	
1.030174e+00	6.303637e-05	
5.276101e+00	8.135958e-05	
4.300306e+00	8.190928e-05	
4.996114e+00	9.195044e-05	
6.460194e+00	5.048839e-05	
5.032244e+00	6.835774e-05	
5.209579e+00	7.688264e-05	
5.797106e+00	8.268848e-05	
6.232860e+00	7.220047e-05	
3.986346e+00	6.767692e-05	
5.762738e+00	3.873087e-05	
4.050893e+00	5.628744e-05	
4.963344e+00	7.936051e-05	
4.171793e+00	6.816299e-05	
4.054755e+00	5.635383e-05	
2.313071e+00	9.557270e-05	
4.448319e+00	4.385469e-05	
7.229902e+00	1.283146e-04	
3.139445e+00	1.625505e-04	
5.907319e+00	1.803813e-04	
3.996851e+00	2.083438e-04	
2.413304e+00	2.477828e-04	
5.041413e+00	1.678772e-04	
8.970648e-01	1.437589e-04	
4.709469e+00	1.739487e-04	
4.657953e+00	1.596278e-04	
5.290678e+00	9.853206e-05	
5.632941e+00	1.003918e-04	
7.075033e+00	1.171220e-04	
5.655620e+00	1.052748e-04	
3.371960e+00	9.330767e-05	
2.756180e+00	9.960090e-05	
5.293556e+00	8.864501e-05	
4.566112e+00	8.268945e-05	
1.223139e+00	7.085797e-05	
5.807104e+00	7.199053e-05	
2.546348e+00	7.239202e-05	
3.708144e+00	7.213837e-05	
2.608978e+00	7.928929e-05	
1.346759e+00	7.434889e-05	
3.322732e+00	7.378933e-05	
3.394523e+00	8.347343e-05	
7.019180e+00	7.903070e-05	
3.048609e+00	9.681207e-05	
4.194524e+00	9.558842e-05	
4.891566e+00	8.371415e-05	
7.029045e+00	8.287245e-05	
6.468788e+00	7.623891e-05	
5.138215e+00	6.179824e-05	
4.542822e+00	6.915273e-05	
3.561853e+00	8.147629e-05	
3.600857e+00	8.289922e-05	
4.060743e-01	5.579172e-05	
8.175473e-01	9.534101e-05	
2.287870e+00	6.512042e-05	
6.164463e+00	1.388931e-04	
2.672897e+00	2.117742e-04	
1.847757e+00	2.043810e-04	
4.870403e+00	1.111136e-04	
1.800340e+00	1.720212e-04	
6.832588e+00	2.241322e-04	
4.095675e+00	1.896156e-04	
4.534266e+00	1.121332e-04	
2.116047e+00	1.183851e-04	
7.534548e-01	1.375686e-04	
1.341886e+00	1.236844e-04	
7.670968e+00	1.458125e-04	
5.210177e+00	1.327197e-04	
6.031318e+00	1.103365e-04	
3.994268e+00	9.377596e-05	
2.384512e+00	7.059664e-05	
4.463019e+00	8.329803e-05	
6.122940e+00	7.044826e-05	
2.645360e+00	5.749633e-05	
3.941707e+00	7.590825e-05	
5.717263e+00	7.579881e-05	
4.523385e-01	6.670748e-05	
8.966114e-01	6.436013e-05	
1.988078e+00	5.941439e-05	
3.223882e+00	4.787401e-05	
3.000475e+00	7.813068e-05	
6.555376e+00	8.123117e-05	
5.186997e+00	8.110157e-05	
4.670669e+00	6.963439e-05	
4.729304e+00	7.474862e-05	
1.723637e+00	7.680996e-05	
2.216465e+00	6.977994e-05	
4.374555e+00	9.080828e-05	
1.160533e+00	8.377243e-05	
2.423088e+00	7.545553e-05	
4.622928e+00	9.168598e-05	
7.148540e+00	1.243085e-04	
3.947821e+00	1.505675e-04	
6.193291e+00	8.098677e-05	
5.449917e+00	1.472827e-04	
5.455819e+00	1.610511e-04	
3.948886e+00	2.596407e-04	
4.187616e+00	1.437248e-04	
3.280625e+00	2.037297e-04	
4.240446e+00	1.363819e-04	
7.592512e-01	1.321302e-04	
2.157711e+00	1.595549e-04	
3.072734e+00	1.263247e-04	
4.410474e+00	1.479453e-04	
6.048390e+00	1.338757e-04	
3.006791e+00	9.948592e-05	
4.484796e-01	9.871501e-05	
3.784222e+00	7.929682e-05	
4.846791e+00	6.369402e-05	
6.510920e-01	6.352973e-05	
5.146583e+00	7.648565e-05	
4.526783e+00	6.136550e-05	
5.813682e+00	6.299477e-05	
2.184053e+00	6.893622e-05	
3.463863e+00	5.893942e-05	
4.313591e+00	6.904276e-05	
4.936037e+00	6.125023e-05	
4.310734e+00	5.424062e-05	
2.649560e+00	7.233067e-05	
3.554771e+00	7.769703e-05	
6.081490e+00	4.988191e-05	
4.497427e+00	6.713040e-05	
4.439951e+00	7.080857e-05	
1.472683e+00	4.435108e-05	
5.454719e+00	7.448501e-05	
2.249346e+00	6.670523e-05	
6.129854e+00	8.849490e-05	
1.688878e+00	7.641750e-05	
4.897934e+00	7.340747e-05	
2.702959e+00	1.441343e-04	
6.737315e+00	1.022769e-04	
6.314087e+00	1.555409e-04	
4.068744e+00	1.237530e-04	
3.852096e+00	1.728589e-04	
8.271846e-01	1.250557e-04	
6.230894e+00	2.039335e-04	
1.547079e+00	1.956300e-04	
3.088164e+00	1.539443e-04	
2.270376e+00	1.153087e-04	
1.625863e+00	1.039915e-04	
4.605602e+00	9.281566e-05	
5.115569e+00	9.318927e-05	
7.436350e-01	1.176712e-04	
2.948721e+00	8.393011e-05	
2.147628e+00	8.688339e-05	
6.180181e+00	7.615183e-05	
3.351958e+00	6.977161e-05	
5.609724e+00	5.701753e-05	
2.273014e+00	7.547344e-05	
5.732134e+00	6.716995e-05	
4.165683e+00	5.146924e-05	
5.438847e+00	4.936466e-05	
3.181793e+00	6.574372e-05	
3.188357e+00	6.117078e-05	
6.086202e+00	7.462195e-05	
3.830712e+00	6.025690e-05	
2.433148e+00	6.787501e-05	
4.881411e+00	7.187809e-05	
6.538457e+00	6.072236e-05	
3.546673e+00	7.453172e-05	
4.046877e+00	7.539594e-05	
5.338275e+00	7.675650e-05	
8.384053e-01	6.027349e-05	
4.374075e+00	7.586847e-05	
3.440063e+00	8.904971e-05	
7.054812e+00	9.151892e-05	
3.054776e+00	1.045687e-04	
2.275723e+00	1.098964e-04	
4.906553e+00	1.144732e-04	
6.749057e+00	9.043967e-05	
1.277055e+00	1.997244e-04	
9.571888e-01	1.781253e-04	
3.953237e+00	1.297071e-04	
5.072093e-01	2.231459e-04	
4.289817e+00	2.293348e-04	
3.514010e+00	1.369740e-04	
2.828319e+00	6.139640e-05	
1.994906e+00	7.850236e-05	
3.999329e+00	9.565057e-05	
4.889833e+00	1.139453e-04	
1.917069e+00	9.012354e-05	
1.077754e+00	9.002709e-05	
1.218825e+00	1.052743e-04	
4.447064e+00	8.541451e-05	
4.665496e+00	6.006285e-05	
1.588718e+00	5.971279e-05	
4.229559e+00	7.703835e-05	
4.455084e+00	6.887600e-05	
5.095369e+00	6.561880e-05	
2.737622e+00	4.392525e-05	
4.193542e-02	6.146282e-05	
3.152920e+00	7.050687e-05	
2.180537e+00	6.117036e-05	
2.310383e+00	6.956097e-05	
4.560839e+00	5.673794e-05	
5.999867e+00	4.356719e-05	
6.127660e+00	5.398355e-05	
4.591568e-01	5.906435e-05	
5.950026e+00	7.355344e-05	
2.131584e+00	6.127917e-05	
6.232339e+00	5.630802e-05	
7.137326e+00	7.164989e-05	
5.376148e+00	8.157094e-05	
7.513056e-01	7.645055e-05	
6.321669e+00	8.820930e-05	
3.508378e+00	1.515391e-04	
4.349748e+00	1.055674e-04	
4.095239e+00	1.103266e-04	
4.903972e-01	1.158282e-04	
4.991766e+00	2.268944e-04	
5.675426e-01	2.373107e-04	
1.311748e+00	1.293070e-04	
3.882262e+00	1.838665e-04	
6.648239e+00	1.658440e-04	
3.062618e+00	1.149485e-04	
5.104676e+00	9.354968e-05	
4.278627e+00	1.054684e-04	
9.500864e-01	1.037050e-04	
6.327318e+00	9.525419e-05	
5.026819e+00	1.040527e-04	
3.046240e+00	8.859614e-05	
4.403761e-01	9.011492e-05	
4.673534e+00	6.819638e-05	
4.312140e+00	7.684074e-05	
5.478845e+00	7.621629e-05	
6.904241e+00	6.944250e-05	
1.581807e+00	5.527483e-05	
3.037272e+00	4.889957e-05	
6.370287e+00	4.234003e-05	
1.657980e+00	5.097296e-05	
4.153329e+00	6.186028e-05	
3.340485e+00	5.995103e-05	
5.576362e+00	5.741064e-05	
4.233773e+00	5.740366e-05	
3.456126e+00	6.756220e-05	
6.701642e+00	4.762338e-05	
6.222868e-01	5.634662e-05	
4.938713e+00	5.783712e-05	
5.497272e+00	4.832627e-05	
6.435581e+00	5.403336e-05	
7.157763e+00	5.022763e-05	
6.789236e+00	5.699229e-05	
2.606335e+00	5.900573e-05	
5.210881e+00	5.034317e-05	
5.745907e+00	1.004865e-04	
3.626990e+00	1.369446e-04	
5.906335e+00	1.553760e-04	
7.107221e+00	2.254646e-04	
1.843324e+00	2.196281e-04	
4.799762e+00	2.647026e-04	
3.118195e+00	2.248607e-04	
3.070259e+00	1.315120e-04	
5.371221e+00	7.302375e-05	
4.202953e+00	9.579292e-05	
1.009789e+00	1.244880e-04	
5.858316e+00	7.615936e-05	
6.491689e+00	6.587321e-05	
4.509172e+00	5.867749e-05	
2.151952e+00	8.214226e-05	
3.653959e+00	6.466905e-05	
5.130084e+00	6.162796e-05	
3.652803e+00	7.177059e-05	
5.111760e+00	5.577288e-05	
4.094209e+00	4.500403e-05	
3.190295e+00	6.546413e-05	
6.295929e+00	6.024204e-05	
2.020377e+00	4.633348e-05	
1.115193e+00	5.808758e-05	
3.286384e+00	7.311766e-05	
1.482480e+00	5.677691e-05	
4.112195e+00	5.746615e-05	
5.315073e+00	6.978956e-05	
6.563260e+00	7.355140e-05	
2.714501e+00	6.390157e-05	
6.938071e+00	5.222193e-05	
5.890692e+00	8.025851e-05	
3.689829e+00	8.741063e-05	
7.019066e+00	4.494215e-05	
6.352378e+00	6.796222e-05	
4.993684e+00	7.700317e-05	
5.032375e+00	7.102428e-05	
4.251238e+00	7.032534e-05	
1.036657e+00	7.830818e-05	
6.439318e+00	1.013088e-04	
3.613050e+00	1.644130e-04	
5.290887e+00	2.069753e-04	
4.105421e+00	1.602848e-04	
5.630897e-01	1.993077e-04	
5.330159e+00	2.363928e-04	
3.084197e+00	1.130428e-04	
4.436258e+00	5.185480e-05	
2.193845e+00	9.904973e-05	
6.691998e+00	9.297461e-05	
5.458399e-01	7.156649e-05	
1.633746e+00	5.591203e-05	
5.096782e+00	7.008397e-05	
4.393480e+00	6.846992e-05	
5.154946e+00	5.533146e-05	
5.070303e+00	5.477715e-05	
4.540333e+00	5.968988e-05	
2.059858e+00	4.743715e-05	
1.530527e+00	4.235148e-05	
6.036401e+00	5.264055e-05	
7.178380e+00	6.920354e-05	
3.407052e+00	5.661880e-05	
4.196176e+00	6.191252e-05	
5.343595e+00	6.050576e-05	
7.401996e+00	6.274997e-05	
3.435419e+00	5.653179e-05	
4.232436e+00	8.260578e-05	
4.313002e-01	6.621979e-05	
1.256394e+00	5.273565e-05	
4.946304e+00	5.917948e-05	
3.973681e+00	3.933629e-05	
5.435103e+00	7.517364e-05	
5.954408e+00	6.731045e-05	
3.654953e+00	8.302164e-05	
2.087940e+00	8.155699e-05	
4.993579e+00	9.851833e-05	
4.740966e+00	7.880675e-05	
5.388606e+00	9.234771e-05	
6.634864e+00	1.209103e-04	
4.394038e+00	1.029560e-04	
7.223037e+00	1.709282e-04	
3.982480e+00	2.152754e-04	
2.198683e+00	2.070215e-04	
3.580459e+00	2.259395e-04	
8.199701e-01	1.560845e-04	
3.958284e+00	8.596688e-05	
4.334526e+00	7.253174e-05	
5.602848e+00	9.153868e-05	
3.368789e+00	9.171957e-05	
4.535458e+00	9.370862e-05	
1.876039e+00	5.170688e-05	
4.714978e+00	5.871252e-05	
5.460940e+00	7.029662e-05	
5.321322e+00	5.152726e-05	
9.914682e-01	6.367450e-05	
6.292977e+00	5.736655e-05	
1.519876e+00	4.276117e-05	
6.481143e+00	2.867828e-05	
5.417796e+00	5.071461e-05	
6.627260e+00	4.565159e-05	
2.179175e+00	3.326235e-05	
5.525135e+00	4.696026e-05	
2.211359e+00	2.780901e-05	
3.389653e+00	5.792971e-05	
2.073811e+00	6.375632e-05	
1.946352e+00	8.612991e-05	
5.328546e+00	6.612235e-05	
3.524192e+00	4.644294e-05	
5.355873e+00	5.615659e-05	
1.277086e+00	6.615688e-05	
2.642651e+00	7.763361e-05	
5.567412e+00	4.887688e-05	
4.589912e+00	6.408628e-05	
6.035717e-01	7.935704e-05	
1.606242e+00	7.478869e-05	
9.271080e-01	5.595021e-05	
3.707862e+00	8.498123e-05	
6.133935e+00	4.930405e-05	
4.156567e+00	1.819294e-04	
6.476753e+00	4.078659e-04	
3.077037e+00	3.698176e-04	
3.158974e+00	3.041695e-04	
5.801239e+00	1.377298e-04	
3.144954e-01	8.813719e-05	
7.919303e+00	9.442254e-05	
1.675382e+00	7.289719e-05	
1.067886e+00	6.092531e-05	
3.987661e+00	1.016487e-04	
5.909509e+00	6.115606e-05	
3.478648e+00	6.777513e-05	
6.093567e+00	5.248061e-05	
3.917372e+00	5.524376e-05	
3.934507e+00	4.592027e-05	
4.659308e+00	5.890184e-05	
4.291627e+00	4.940589e-05	
7.266156e+00	5.987334e-05	
5.525015e+00	3.463975e-05	
4.680738e+00	5.261428e-05	
5.314657e+00	4.649393e-05	
4.368665e+00	3.689472e-05	
5.418454e+00	3.791585e-05	
2.509014e+00	5.646192e-05	
4.277109e+00	6.070293e-05	
2.112341e+00	4.464039e-05	
4.819236e+00	7.403030e-05	
6.034050e+00	6.243171e-05	
5.138128e+00	7.154764e-05	
3.685369e+00	6.536644e-05	
4.124941e+00	6.558350e-05	
4.972644e+00	7.451774e-05	
1.769267e+00	4.641525e-05	
4.711969e+00	6.885234e-05	
9.735018e-01	8.078308e-05	
1.261410e+00	6.602589e-05	
4.682827e+00	8.213311e-05	
1.900868e+00	9.755457e-05	
5.386460e+00	1.698611e-04	
6.017871e+00	1.970295e-04	
4.344261e+00	2.148272e-04	
5.342716e+00	1.437514e-04	
3.440667e+00	1.323433e-04	
5.170849e+00	6.405492e-05	
3.119441e+00	1.016672e-04	
5.194027e+00	6.807085e-05	
6.455260e+00	7.543349e-05	
6.696461e+00	5.495236e-05	
4.334643e+00	6.889957e-05	
3.613723e+00	6.742997e-05	
3.174802e+00	4.091411e-05	
2.538162e+00	4.279499e-05	
2.301923e+00	4.249907e-05	
1.519111e+00	4.695379e-05	
5.615807e+00	5.528891e-05	
1.890356e+00	4.356585e-05	
3.314725e+00	3.086124e-05	
4.211642e+00	5.365634e-05	
2.023431e+00	4.007156e-05	
8.721235e-01	4.065220e-05	
5.143546e+00	4.590332e-05	
6.816850e+00	6.157592e-05	
2.371567e+00	6.486359e-05	
3.048024e+00	4.873636e-05	
5.689344e-01	5.490427e-05	
3.179778e+00	6.776259e-05	
7.233402e+00	5.411967e-05	
8.179035e+00	5.313312e-05	
8.186073e+00	4.993165e-05	
2.935526e+00	7.749748e-05	
4.238138e+00	8.555354e-05	
5.815712e+00	9.883387e-05	
5.128673e+00	7.067597e-05	
2.705309e+00	8.946273e-05	
2.664066e+00	1.402786e-04	
4.814738e+00	1.052855e-04	
6.726659e+00	1.391480e-04	
5.160490e+00	2.357457e-04	
4.266939e+00	1.427023e-04	
4.981822e+00	1.532174e-04	
2.534856e+00	8.627733e-05	
5.263287e+00	9.545976e-05	
1.589570e+00	8.626566e-05	
6.233857e+00	5.912293e-05	
5.504727e+00	7.870668e-05	
4.917660e+00	6.619488e-05	
7.970342e+00	5.090303e-05	
2.492586e+00	5.229889e-05	
4.864523e+00	5.299717e-05	
5.996736e-01	2.694122e-05	
2.640635e+00	4.536969e-05	
2.008444e+00	5.348679e-05	
1.733358e+00	3.094869e-05	
5.190683e+00	3.938796e-05	
1.870240e+00	2.280298e-05	
4.768684e+00	7.258467e-06	
5.399885e+00	3.674071e-05	
4.507777e+00	3.852381e-05	
4.977309e+00	5.799760e-05	
5.547362e+00	5.845157e-05	
5.117118e+00	5.286516e-05	
2.442443e+00	5.257337e-05	
2.740314e+00	6.643686e-05	
4.763422e+00	6.774642e-05	
7.865659e+00	7.405778e-05	
2.751706e+00	7.131430e-05	
1.446473e+00	8.925785e-05	
6.225254e+00	6.047873e-05	
3.691067e+00	9.160623e-05	
6.602965e+00	9.844468e-05	
3.004947e+00	3.773279e-05	
3.674394e+00	9.070889e-05	
2.531287e+00	1.217513e-04	
1.150926e+00	1.526888e-04	
3.640529e+00	1.629152e-04	
3.118351e+00	1.862665e-04	
2.547622e+00	1.509898e-04	
3.912577e+00	2.127624e-04	
6.100082e+00	9.821738e-05	
3.837857e-01	8.573971e-05	
9.976089e-01	6.372875e-05	
4.511498e+00	8.847517e-05	
4.848785e+00	7.245893e-05	
3.888779e+00	5.121100e-05	
4.411959e+00	3.995258e-05	
5.767891e+00	6.493390e-05	
4.960466e+00	3.787001e-05	
3.363345e+00	4.113246e-05	
4.742056e+00	5.042536e-05	
1.366489e+00	4.047878e-05	
4.367637e+00	5.518425e-05	
3.046476e+00	4.853855e-05	
1.253340e+00	4.400420e-05	
6.129434e+00	5.228085e-05	
4.488332e+00	1.779277e-05	
2.759086e+00	4.173889e-05	
2.196369e+00	4.368837e-05	
8.345034e-01	5.411889e-05	
6.798304e+00	5.171693e-05	
5.199413e+00	6.541158e-05	
1.814872e+00	5.875099e-05	
4.086973e-01	5.456590e-05	
4.098061e+00	7.321603e-05	
3.569459e+00	9.760020e-05	
1.319980e+00	6.867744e-05	
5.556309e+00	6.489631e-05	
3.670186e+00	7.532215e-05	
6.864708e+00	4.870634e-05	
7.031430e+00	4.679255e-05	
4.542151e+00	9.053601e-05	
4.112744e+00	1.085121e-04	
4.651025e+00	1.442155e-04	
2.584105e+00	2.410007e-04	
3.801536e+00	1.939864e-04	
4.272617e+00	2.074760e-04	
1.318926e+00	2.080363e-04	
3.596114e+00	1.484458e-04	
4.990665e+00	4.655873e-05	
3.733414e+00	7.558464e-05	
1.412649e+00	5.039697e-05	
1.659336e+00	5.963477e-05	
6.473808e-01	2.865160e-05	
5.058499e+00	4.333091e-05	
1.287876e+00	3.362837e-05	
3.857999e+00	5.689398e-05	
4.867463e+00	4.349268e-05	
1.975728e+00	3.787327e-05	
3.300404e+00	5.069655e-05	
1.023254e+00	4.426568e-05	
3.533930e+00	4.964779e-05	
3.148989e+00	5.466856e-05	
8.022557e-01	4.336048e-05	
4.510823e+00	4.299652e-05	
2.866375e+00	3.708566e-05	
4.392371e+00	5.412289e-05	
2.612318e+00	4.808235e-05	
5.422106e+00	5.092207e-05	
4.321830e+00	6.088611e-05	
2.286714e+00	6.090868e-05	
3.910669e+00	6.115753e-05	
4.508517e+00	7.295224e-05	
3.075090e+00	7.792708e-05	
1.263504e+00	7.886372e-05	
4.622822e+00	7.314394e-05	
6.843327e+00	8.910559e-05	
5.317314e+00	9.380977e-05	
6.655562e+00	7.097927e-05	
3.044233e-01	1.314963e-04	
5.402258e+00	9.289118e-05	
6.687665e+00	1.021576e-04	
5.809393e+00	1.514917e-04	
3.945823e+00	2.176006e-04	
1.240103e+00	8.604818e-05	
5.215922e+00	1.816271e-04	
1.277996e+00	4.723473e-05	
2.603286e+00	9.053441e-05	
3.348187e+00	6.452353e-05	
3.990285e+00	7.870179e-05	
3.932398e+00	1.952903e-05	
3.821962e+00	5.581295e-05	
5.425035e-01	2.984782e-05	
4.788063e+00	4.858493e-05	
4.772623e+00	1.642607e-05	
6.902967e+00	5.381546e-05	
4.484142e+00	3.579926e-05	
1.150107e+00	4.129352e-05	
4.462940e+00	5.416361e-05	
2.813349e+00	4.421625e-05	
2.828576e+00	3.941846e-05	
4.636405e+00	4.714157e-05	
3.004098e-01	1.692831e-05	
6.519468e+00	4.119273e-05	
2.041401e+00	4.654285e-05	
5.022202e+00	4.811648e-05	
1.410784e+00	4.895572e-05	
6.711238e+00	5.897061e-05	
1.221081e+00	7.244149e-05	
4.945617e+00	5.401310e-05	
7.250428e+00	7.707286e-05	
1.677442e+00	7.778962e-05	
5.349014e+00	6.903674e-05	
3.964876e+00	6.032349e-05	
2.143310e+00	7.794321e-05	
4.118416e+00	8.256168e-05	
2.686015e+00	9.321884e-05	
1.506937e+00	1.132591e-04	
7.586317e+00	7.707525e-05	
6.848090e+00	9.693638e-05	
8.267030e-01	2.307656e-04	
3.493080e-01	2.548808e-04	
1.640016e+00	5.491797e-05	
5.469535e+00	1.991965e-04	
4.663808e+00	9.921672e-05	
1.445700e+00	8.588164e-05	
4.674859e+00	8.539765e-05	
6.676423e+00	3.583428e-05	
5.129967e+00	6.790750e-05	
2.316424e+00	4.551028e-05	
5.439099e+00	5.429718e-05	
3.556463e+00	2.635617e-05	
5.948328e+00	3.998383e-05	
4.445501e+00	3.632838e-05	
6.501775e+00	5.480269e-05	
4.651567e+00	6.217472e-05	
1.284125e+00	5.632000e-05	
2.182305e+00	4.958845e-05	
5.581362e+00	5.047868e-05	
5.940683e+00	4.178822e-05	
4.519452e+00	4.750151e-05	
5.643671e-01	3.731559e-05	
3.036529e+00	3.077925e-05	
1.589883e+00	4.780650e-05	
5.588389e+00	3.174129e-05	
2.198101e+00	5.032433e-05	
2.522709e+00	6.628819e-05	
5.842376e+00	6.532318e-05	
5.716660e+00	4.331394e-05	
5.912511e+00	5.704503e-05	
1.363921e+00	7.695281e-05	
2.254836e+00	8.192073e-05	
5.320522e-01	8.199799e-05	
2.800996e+00	7.965006e-05	
4.960786e+00	4.227437e-05	
5.427241e+00	7.057125e-05	
6.583841e+00	7.604681e-05	
6.119436e+00	1.416525e-04	
9.868921e-01	1.801400e-04	
1.222120e+00	1.725374e-04	
2.293802e+00	2.818859e-04	
5.288528e+00	2.527373e-04	
3.831896e+00	1.218013e-04	
1.193235e+00	9.485457e-05	
5.933827e+00	5.034291e-05	
4.378871e+00	5.964233e-05	
3.739726e+00	7.012096e-05	
4.037042e+00	5.362596e-05	
6.954895e+00	3.640160e-05	
3.645498e+00	4.031683e-05	
3.473125e+00	5.300252e-05	
5.814702e+00	5.570732e-05	
2.555491e+00	4.682841e-05	
5.603355e+00	4.554145e-05	
3.887953e+00	3.474459e-05	
6.281286e+00	3.412903e-05	
5.820489e+00	4.480150e-05	
5.671086e+00	4.148621e-05	
1.401739e+00	4.998685e-05	
4.816870e+00	3.790746e-05	
4.909566e+00	2.863799e-05	
1.414379e+00	2.371546e-05	
4.073921e+00	4.402042e-05	
4.200048e+00	4.492075e-05	
3.148920e+00	4.021695e-05	
3.219767e+00	6.263219e-05	
5.010419e+00	3.710234e-05	
4.690562e+00	4.091736e-05	
4.458753e+00	5.694248e-05	
2.822796e+00	6.999635e-05	
3.082332e+00	9.776609e-05	
3.996130e+00	5.688977e-05	
4.555828e+00	7.523560e-05	
1.158978e+00	9.063410e-05	
4.646328e+00	7.208599e-05	
6.508245e+00	5.654612e-05	
7.679434e-01	1.376012e-04	
6.822429e-01	1.889511e-04	
5.820429e+00	1.945875e-04	
4.177136e+00	2.195547e-04	
4.171598e+00	9.716333e-05	
1.478081e+00	2.785138e-05	
3.537312e+00	8.833015e-05	
3.571920e+00	3.632258e-05	
8.638794e-01	6.826764e-05	
6.616161e+00	6.523158e-05	
1.166795e+00	3.514379e-05	
3.711298e+00	2.098449e-05	
2.036418e+00	3.603555e-05	
4.720496e+00	4.119561e-05	
7.312202e+00	4.037329e-05	
4.799349e+00	3.603460e-05	
7.301739e+00	1.142447e-05	
4.517964e+00	4.149408e-05	
4.913025e+00	4.447817e-05	
6.080723e+00	1.806751e-05	
5.009272e+00	5.696662e-05	
4.078512e+00	3.227554e-05	
3.389096e+00	2.533602e-05	
4.682252e+00	4.212541e-05	
6.467879e+00	4.892900e-05	
1.530958e+00	4.035106e-05	
6.057668e+00	3.651096e-05	
3.680606e+00	5.136009e-05	
4.065941e+00	6.415804e-05	
4.665045e+00	5.988131e-05	
2.184065e+00	4.251207e-05	
1.923348e+00	4.134367e-05	
5.370823e+00	3.956866e-05	
4.884272e+00	6.780101e-05	
2.549661e+00	7.180887e-05	
1.958388e+00	9.772700e-05	
3.586105e+00	1.100325e-04	
5.600302e+00	4.484661e-05	
4.877738e+00	4.454837e-05	
6.470680e+00	1.539599e-04	
3.801774e+00	2.178076e-04	
2.994818e+00	1.726586e-04	
3.242560e+00	9.228276e-05	
5.248686e+00	7.591775e-05	
4.043279e+00	4.337623e-05	
5.275268e+00	3.837394e-05	
5.554258e+00	6.173021e-05	
4.496870e+00	4.221302e-05	
6.335405e+00	3.831085e-05	
6.846438e+00	2.020618e-05	
5.963886e+00	2.556106e-05	
3.677863e+00	1.161285e-06	
6.146271e+00	6.113611e-05	
7.091807e+00	4.611112e-05	
6.525846e+00	2.626399e-05	
5.757053e+00	3.011836e-05	
3.947808e+00	1.921265e-05	
3.374192e+00	3.650790e-05	
3.913805e+00	2.290276e-05	
7.785228e+00	4.490876e-05	
8.727975e-01	4.539768e-05	
4.315665e+00	3.771558e-05	
3.929009e+00	4.281032e-05	
5.575991e+00	3.417181e-05	
3.225671e+00	3.619118e-05	
7.071436e-01	4.100208e-05	
3.401782e+00	5.626241e-05	
6.680929e+00	5.047770e-05	
3.847847e+00	5.341700e-05	
3.316669e+00	4.085736e-05	
4.349184e+00	6.218210e-05	
7.865034e-01	6.256006e-05	
4.577800e+00	4.077428e-05	
1.104303e+00	5.908990e-05	
5.497127e+00	1.005645e-04	
5.133160e+00	1.225372e-04	
7.151783e+00	1.282350e-04	
4.178701e+00	1.238352e-04	
5.416919e+00	3.910074e-05	
3.681510e+00	1.296667e-04	
4.302219e+00	1.332054e-04	
3.886322e+00	9.772110e-05	
5.029721e+00	4.892299e-05	
1.602369e+00	5.180296e-05	
6.197514e+00	3.945419e-05	
3.799596e+00	4.156620e-05	
6.728450e+00	2.660078e-05	
3.854376e+00	4.070742e-05	
4.349445e+00	2.878954e-05	
4.411932e+00	2.115898e-05	
5.355253e+00	1.894281e-05	
6.487969e+00	4.385229e-05	
6.158211e+00	3.879736e-05	
2.737385e+00	1.778918e-05	
1.460029e+00	3.583665e-05	
6.404986e-01	3.321365e-05	
4.351830e+00	2.818851e-05	
4.092265e+00	3.232328e-05	
5.937350e+00	3.300921e-05	
6.363774e+00	2.923595e-05	
4.024690e+00	1.315135e-05	
6.238173e+00	2.827540e-05	
1.285952e+00	3.029895e-05	
9.387416e-01	2.711363e-05	
5.493323e+00	4.745817e-05	
4.973618e+00	5.235223e-05	
4.860833e+00	4.218115e-05	
3.881879e+00	4.209274e-05	
6.260979e+00	3.517474e-05	
2.562277e+00	2.272069e-05	
5.953307e+00	5.716093e-05	
5.774384e+00	3.655027e-05	
5.084690e+00	7.355594e-05	
3.331843e+00	7.427429e-06	
5.670249e+00	1.236671e-04	
5.707402e+00	3.520658e-04	
1.934634e+00	1.124720e-04	
3.479462e+00	5.681536e-05	
4.103252e+00	1.835826e-04	
5.628638e+00	1.059185e-04	
3.735620e+00	4.359481e-05	
1.156293e+00	4.249629e-05	
4.154864e+00	4.059857e-05	
4.403033e+00	1.046450e-05	
1.416547e+00	3.571889e-05	
7.322007e+00	4.253097e-05	
4.909272e+00	1.952829e-05	
3.670925e+00	3.632258e-05	
5.667406e+00	2.796440e-05	
5.160512e+00	3.024516e-05	
4.420609e+00	3.489411e-05	
4.253505e+00	2.413798e-05	
1.073005e+00	2.578581e-05	
5.827908e-01	4.071004e-05	
6.969268e+00	2.699382e-05	
8.404449e-01	2.969864e-05	
5.032113e+00	3.262064e-05	
5.362468e+00	3.292981e-05	
4.896860e+00	2.322732e-05	
4.174454e+00	4.521191e-05	
3.951386e+00	2.300819e-05	
8.503392e-01	2.768402e-05	
5.529365e+00	1.623559e-05	
6.411012e+00	4.975731e-05	
3.743013e+00	3.508952e-05	
5.293574e+00	4.245059e-05	
5.270452e+00	3.920519e-05	
4.882925e+00	1.997457e-05	
4.249066e+00	2.382016e-05	
6.354249e+00	3.716520e-05	
5.412248e+00	9.654918e-06	
6.329766e-01	9.527536e-06	
3.046557e+00	8.274107e-05	
2.936192e+00	1.772893e-04	
3.863611e+00	1.929415e-04	
2.479119e+00	3.190989e-05	
5.238275e+00	2.424797e-05	
4.846206e+00	1.625498e-05	
4.632087e+00	5.737559e-05	
4.430510e+00	2.241658e-05	
4.388085e+00	1.831220e-05	
4.112086e+00	2.710247e-06	
4.251534e+00	2.149762e-07	
4.553597e+00	3.001470e-05	
4.176956e+00	9.913888e-06	
5.024813e+00	3.722013e-05	
3.737752e+00	1.984750e-05	
2.840390e+00	2.788961e-08	
2.359535e+00	1.339921e-05	
5.148332e+00	2.124620e-05	
8.025168e-01	9.338260e-06	
3.213757e+00	2.270420e-05	
4.588107e+00	2.249943e-05	
1.784841e+00	2.539246e-06	
5.302817e-01	2.422768e-05	
3.664906e+00	1.697250e-05	
4.345697e+00	2.866637e-05	
1.988705e+00	3.086358e-05	
4.327055e+00	3.361883e-05	
2.771480e-01	2.415996e-05	
5.630691e+00	2.807230e-05	
3.724480e+00	1.582986e-05	
4.763486e+00	2.807116e-05	
6.920674e+00	5.382111e-06	
4.439795e+00	1.014473e-05	
7.091176e+00	2.606668e-05	
3.248162e-01	2.327189e-05	
4.993451e-01	3.032361e-05	
6.518610e+00	2.406468e-05	
6.133671e+00	5.486206e-05	
1.600484e+00	8.597163e-05	
1.241050e+00	1.056481e-04	
