1.342373e+01	1.936229e-13	
1.238594e+01	4.818368e-14	
6.394944e+00	1.931788e-14	
1.197645e+01	8.118173e-12	
1.128728e+01	1.939560e-12	
1.416071e+01	5.418999e-12	
1.269509e+01	1.342926e-12	
1.219139e+01	2.886802e-12	
9.514853e+00	2.869927e-13	
1.010490e+01	1.763556e-11	
1.258987e+01	1.322720e-12	
1.003867e+01	1.107114e-11	
1.273637e+01	1.053602e-12	
1.072893e+01	9.236611e-12	
1.311060e+01	2.268297e-12	
1.310652e+01	1.236788e-12	
1.038583e+01	1.356248e-12	
1.246771e+01	6.895151e-12	
1.357336e+01	3.712808e-12	
1.361328e+01	1.526779e-12	
1.248394e+01	1.522227e-11	
1.232157e+01	5.016321e-12	
1.319759e+01	2.079970e-11	
1.434852e+01	2.136069e-13	
1.219002e+01	6.674661e-12	
1.223807e+01	1.745548e-11	
1.353941e+01	2.143175e-12	
1.085020e+01	1.349143e-12	
9.795000e+00	2.814415e-13	
1.272163e+01	1.947797e-11	
1.264469e+01	9.108270e-13	
1.022095e+01	6.381673e-12	
1.002843e+01	5.002443e-12	
9.613033e+00	1.072475e-12	
1.239396e+01	4.739209e-12	
1.016363e+01	5.959677e-13	
1.310298e+01	1.680878e-12	
1.362617e+01	1.532108e-14	
1.298670e+01	2.908784e-14	
1.355230e+01	2.275957e-14	
1.349519e+01	7.725154e-12	
1.302216e+01	8.205285e-12	
1.260996e+01	2.007234e-12	
6.789216e+00	7.566676e-14	
1.262815e+01	1.696595e-14	
1.063049e+01	1.042923e-14	
1.313304e+01	1.571589e-14	
1.332383e+01	7.830163e-16	
1.258794e+01	4.653634e-15	
1.244301e+01	5.066840e-15	
9.851741e+00	1.166095e-15	
1.008824e+01	4.165786e-15	
1.272591e+01	8.530090e-16	
1.318663e+01	3.244393e-16	
6.723360e+00	1.244587e-15	
1.239252e+01	1.954899e-15	
1.340962e+01	1.464254e-15	
1.252284e+01	1.435743e-15	
1.255894e+01	1.275522e-15	
9.950982e+00	8.448876e-16	
9.833510e+00	2.534663e-15	
1.034240e+01	1.133797e-15	
1.004851e+01	1.722892e-15	
1.268554e+01	1.464254e-16	
9.602827e+00	1.353391e-15	
9.784308e+00	4.667201e-16	
9.949350e+00	6.488787e-16	
1.272150e+01	0	
9.498290e+00	3.622423e-16	
1.271006e+01	1.166095e-15	
1.419978e+01	8.444734e-16	
1.291141e+01	3.490225e-16	
1.263514e+01	5.220109e-16	
1.300421e+01	2.993503e-16	
1.358451e+01	0	
1.096890e+01	4.350244e-16	
1.002710e+01	8.977413e-15	
9.924079e+00	2.716479e-13	
1.004415e+01	5.611828e-13	
1.368619e+01	7.991829e-12	
1.359290e+01	8.051337e-13	
1.340775e+01	4.025669e-13	
6.592101e+00	9.430234e-13	
9.897337e+00	2.061684e-12	
1.314925e+01	7.733814e-13	
1.281748e+01	6.562528e-13	
1.043230e+01	1.846967e-12	
1.035687e+01	2.435052e-12	
9.882309e+00	1.433187e-12	
9.403153e+00	7.256640e-12	
1.283594e+01	5.605072e-12	
1.311543e+01	5.783707e-12	
6.527434e+00	5.878187e-12	
1.218429e+01	4.876322e-12	
1.038714e+01	1.532798e-10	
1.359023e+01	1.451728e-12	
1.410099e+01	1.024869e-11	
1.029053e+01	8.175904e-12	
1.204781e+01	2.501599e-11	
1.048749e+01	1.601985e-11	
1.007566e+01	8.280043e-13	
1.219356e+01	2.232192e-11	
1.032801e+01	1.438971e-11	
1.327376e+01	7.476131e-12	
1.000564e+01	2.649814e-11	
1.163139e+01	1.473099e-11	
9.932763e+00	1.948219e-12	
1.338935e+01	1.606426e-11	
1.371311e+01	1.252398e-11	
1.300284e+01	1.943357e-11	
1.261449e+01	1.887424e-11	
1.365386e+01	5.641043e-12	
1.391222e+01	6.182999e-11	
9.983162e+00	3.232969e-12	
1.099849e+01	8.417800e-11	
1.055536e+01	2.934120e-11	
1.193598e+01	1.606848e-11	
1.296351e+01	4.959921e-11	
1.283391e+01	3.907985e-13	
1.268946e+01	1.114664e-13	
1.202352e+01	3.420708e-12	
9.774286e+00	1.482370e-12	
9.964734e+00	6.018519e-12	
1.350288e+01	4.310996e-12	
1.345838e+01	8.626655e-12	
1.040846e+01	4.097833e-13	
1.293887e+01	1.763523e-11	
1.292507e+01	6.086243e-13	
1.309639e+01	8.537393e-12	
1.325726e+01	7.694290e-12	
1.302235e+01	1.601830e-12	
1.227954e+01	6.830536e-12	
9.135766e+00	7.956302e-12	
1.078534e+01	2.207134e-11	
1.401802e+01	5.964407e-11	
1.283781e+01	6.933787e-12	
1.001447e+01	5.245138e-12	
9.784750e+00	4.881540e-12	
9.297827e+00	1.043254e-11	
1.249178e+01	6.642686e-12	
1.043462e+01	7.178702e-13	
1.292253e+01	6.837420e-12	
1.276774e+01	3.798706e-11	
1.372854e+01	1.709977e-11	
1.317379e+01	4.372058e-13	
1.053995e+01	4.195733e-11	
1.305326e+01	9.155787e-12	
1.307571e+01	1.432965e-11	
1.342094e+01	5.260814e-11	
1.024941e+01	5.009937e-11	
9.597091e+00	1.139067e-11	
1.278436e+01	2.591793e-11	
1.313489e+01	1.502098e-11	
1.030574e+01	6.206147e-13	
1.263821e+01	2.986500e-14	
1.315894e+01	3.769207e-12	
2.978082e+00	9.501625e-07	
2.278264e+00	3.361701e-06	
5.693909e+00	1.974353e-05	
5.974513e+00	8.634732e-06	
3.859522e+00	1.204673e-05	
1.626071e+00	4.531792e-06	
4.489944e+00	4.401404e-05	
7.190799e+00	5.491986e-06	
4.111282e+00	2.380071e-05	
1.442476e+00	5.040323e-05	
5.268391e+00	1.414160e-05	
5.344022e+00	1.744063e-04	
2.309227e+00	5.182685e-05	
4.681676e+00	3.444340e-05	
3.848987e+00	6.830081e-05	
4.225156e+00	2.835988e-05	
3.905906e-01	4.335198e-05	
3.547180e+00	1.406429e-05	
4.248948e+00	1.550714e-05	
8.232992e-01	7.126684e-05	
4.422752e+00	1.117105e-04	
4.862973e+00	2.809175e-05	
7.010612e+00	2.653456e-05	
4.792430e+00	2.719717e-05	
6.994864e+00	2.511374e-05	
8.159143e+00	7.490016e-05	
6.404961e+00	1.621479e-06	
7.523778e+00	7.110068e-05	
5.116501e+00	2.804176e-05	
4.231721e+00	3.601777e-05	
5.348320e+00	2.668322e-05	
4.209456e+00	3.240768e-05	
4.375456e+00	2.870250e-05	
5.740887e+00	1.361134e-05	
3.876130e+00	1.456071e-05	
5.405378e+00	1.031479e-05	
1.074842e+00	4.407090e-06	
4.737365e-01	8.372818e-06	
3.875375e+00	1.175213e-05	
3.410322e+00	7.780020e-06	
7.066530e+00	2.847391e-05	
2.692461e+00	1.017840e-05	
2.490879e+00	1.728911e-05	
5.442798e+00	1.789029e-05	
2.869438e+00	8.076452e-06	
4.631362e+00	1.775619e-05	
5.630870e+00	9.529275e-06	
6.195569e+00	3.607579e-05	
6.819461e+00	3.075382e-05	
7.014515e+00	4.628843e-05	
4.526535e+00	3.110877e-06	
1.807949e+00	2.117145e-05	
2.458853e+00	3.556146e-05	
1.740540e+00	1.387345e-05	
6.635786e-01	2.872427e-06	
1.206947e+00	4.068718e-05	
4.493291e+00	1.783824e-05	
3.769761e+00	6.867651e-06	
5.194070e+00	3.921306e-05	
5.696537e+00	1.449206e-05	
4.096810e+00	9.321015e-05	
7.588695e+00	5.350275e-05	
7.426830e+00	8.505948e-05	
7.206710e+00	9.141822e-05	
7.646354e+00	3.730588e-05	
3.194889e+00	3.404199e-05	
2.528549e+00	3.697018e-05	
2.012682e+00	6.690873e-06	
1.221830e+00	1.115627e-05	
5.801252e+00	2.987126e-05	
2.951255e+00	4.226859e-05	
2.872622e+00	2.735418e-05	
4.911563e+00	1.226704e-05	
6.524611e+00	3.694296e-05	
1.529424e+00	3.011053e-05	
1.176236e+00	2.248572e-05	
5.784802e+00	5.043221e-06	
2.856143e+00	1.646170e-05	
3.155708e+00	8.802071e-06	
6.482487e+00	3.433340e-05	
1.797229e+00	1.475644e-05	
1.003365e+00	4.388338e-06	
4.641019e+00	2.879017e-05	
4.060899e+00	1.678146e-05	
7.454789e+00	6.468354e-06	
4.396463e+00	2.606942e-05	
4.239414e+00	1.688205e-05	
4.386428e+00	1.866592e-05	
2.700108e+00	1.259189e-05	
3.606971e+00	3.336084e-06	
5.582063e+00	5.500935e-05	
6.946079e+00	1.853620e-05	
7.985149e+00	4.508563e-06	
4.050831e+00	3.520313e-05	
4.217108e+00	2.052390e-07	
2.818318e+00	1.226294e-05	
2.710275e+00	2.962387e-05	
7.751882e+00	8.203387e-06	
4.264846e+00	7.023839e-05	
2.598994e+00	6.013663e-05	
6.154643e+00	3.864936e-05	
8.429736e-01	4.533901e-05	
1.404083e+00	1.763546e-05	
5.263390e+00	5.240028e-05	
5.735615e+00	4.003656e-05	
3.207231e+00	3.599257e-05	
5.565337e+00	2.389475e-05	
9.928096e-01	3.084732e-05	
4.278041e+00	5.778968e-07	
2.264685e+00	1.730910e-06	
3.395116e+00	3.999599e-05	
4.521828e+00	5.094883e-05	
3.503371e+00	6.758627e-05	
1.362465e+00	3.050976e-05	
3.063211e+00	6.208780e-05	
4.809120e+00	6.626782e-05	
5.932986e+00	8.194175e-05	
3.014063e+00	2.074715e-05	
2.958348e+00	5.792450e-05	
1.302349e+00	1.307389e-05	
2.229215e+00	2.804690e-05	
2.577372e+00	2.611446e-05	
6.071498e+00	4.815373e-05	
3.837983e+00	2.484940e-05	
2.833845e+00	3.452622e-05	
9.937399e-01	1.880817e-06	
6.821629e+00	2.299305e-05	
2.006787e+00	1.332908e-05	
3.913547e+00	1.593074e-05	
5.635838e+00	6.386464e-06	
3.370271e+00	2.744451e-06	
6.015917e+00	5.380450e-05	
9.438432e-01	3.805684e-05	
5.592257e+00	3.184492e-05	
7.148858e-01	4.485877e-05	
4.509365e+00	7.796509e-05	
5.360219e+00	5.825686e-05	
4.226843e+00	4.102441e-05	
6.431520e+00	6.182075e-05	
4.885633e+00	4.852985e-05	
1.284171e+00	2.077277e-05	
7.221707e+00	4.812421e-05	
8.709684e-01	9.157697e-05	
5.888438e+00	5.330409e-06	
3.454148e+00	5.125151e-05	
1.919239e+00	3.717343e-05	
1.881345e+00	4.125912e-06	
5.688534e+00	3.142908e-05	
1.851721e+00	5.876185e-05	
4.018543e+00	7.132009e-05	
4.985371e+00	6.186942e-05	
2.753011e+00	1.297607e-05	
5.746819e+00	5.842556e-05	
6.159242e+00	8.713198e-05	
9.487636e-01	6.786255e-05	
3.505117e+00	2.029158e-05	
2.054842e+00	2.500652e-05	
6.148541e+00	3.932870e-05	
3.013346e-01	4.217621e-05	
4.122629e+00	8.324204e-05	
1.189623e+00	1.542887e-05	
4.072341e+00	3.152204e-05	
2.683072e+00	7.738399e-05	
5.478497e+00	6.002741e-05	
5.450893e+00	3.124678e-05	
5.459161e+00	3.303619e-05	
3.392916e+00	5.835352e-05	
5.456454e+00	3.221330e-05	
3.861527e+00	3.794800e-05	
1.045128e+00	6.363955e-05	
3.450621e+00	5.744899e-05	
1.394769e+00	2.633291e-05	
2.189582e+00	6.178088e-05	
4.366286e+00	2.319641e-05	
4.866857e+00	5.296146e-05	
2.419310e+00	2.109289e-05	
7.314374e+00	6.608337e-05	
5.640880e+00	6.629054e-05	
3.813625e+00	2.872497e-05	
4.564336e+00	8.602229e-05	
4.994308e+00	3.661343e-05	
2.456982e+00	4.658385e-05	
3.863680e+00	2.562884e-05	
4.597131e+00	7.390985e-05	
5.649338e+00	3.570539e-05	
3.272833e+00	2.444892e-05	
5.311383e+00	3.980359e-05	
1.512550e+00	6.208284e-05	
4.284982e+00	5.441520e-05	
1.383373e+00	8.084650e-05	
6.142545e+00	6.265006e-05	
6.998260e-01	4.993311e-05	
7.172125e+00	2.845364e-05	
5.773788e+00	2.139822e-05	
6.510962e+00	4.307502e-05	
4.961926e+00	2.898841e-05	
4.891695e+00	4.481465e-05	
9.056796e-01	3.685424e-05	
4.346663e+00	1.766959e-05	
5.915139e+00	1.157305e-05	
2.907271e+00	2.385544e-05	
6.570509e+00	4.959887e-05	
7.408521e+00	1.376122e-05	
7.325504e+00	2.033828e-05	
2.564549e+00	3.493912e-05	
3.420939e+00	9.454387e-06	
2.720108e+00	1.946570e-05	
3.494492e+00	5.739564e-05	
3.288368e+00	4.440773e-05	
1.377297e+00	6.599807e-05	
3.281101e+00	6.699645e-05	
5.379675e+00	4.926239e-05	
1.277085e+00	1.157600e-05	
2.558095e+00	3.241206e-05	
4.431830e+00	4.193550e-05	
6.276241e+00	4.537072e-05	
6.318097e+00	6.063537e-05	
4.412769e+00	5.732041e-05	
5.173856e+00	4.610215e-05	
2.943968e+00	4.692903e-05	
4.862678e+00	4.637534e-05	
3.701450e+00	8.581119e-05	
3.486069e+00	5.776956e-05	
6.043107e+00	3.886184e-05	
5.327310e+00	5.378948e-05	
3.280838e+00	7.905696e-05	
2.511904e+00	4.934605e-05	
6.196674e+00	3.715682e-05	
2.888430e+00	8.032629e-05	
2.823095e+00	7.465413e-05	
5.809072e+00	8.246443e-05	
7.447118e+00	3.080746e-05	
5.331966e+00	4.909817e-05	
6.576795e+00	5.320220e-05	
3.643531e+00	4.188508e-05	
4.701674e+00	2.534678e-05	
5.939076e+00	3.083468e-05	
4.762891e+00	2.927049e-05	
5.957156e+00	4.041676e-05	
1.184478e+00	4.869215e-05	
6.022630e+00	3.663925e-05	
2.677893e+00	3.488857e-05	
4.225199e+00	4.533359e-05	
5.132452e+00	4.679077e-05	
3.547532e+00	2.932720e-05	
4.381940e+00	5.197895e-05	
6.136447e+00	5.477867e-05	
3.603551e-01	2.818782e-05	
2.688565e+00	7.858593e-05	
3.052615e+00	5.095104e-05	
4.267257e+00	4.063577e-05	
1.426305e+00	3.192516e-05	
1.593801e+00	2.128182e-05	
6.406396e+00	5.096553e-05	
6.573972e+00	5.467132e-05	
3.548655e+00	3.571264e-05	
8.226387e-01	6.334451e-05	
8.472191e+00	5.301993e-05	
6.628057e+00	4.490667e-05	
7.228686e+00	7.322659e-05	
2.808949e+00	8.549778e-05	
2.890520e+00	5.295000e-05	
3.599888e+00	8.028357e-05	
5.097771e+00	1.001805e-04	
8.468444e-01	5.016598e-05	
3.118150e+00	5.935231e-05	
3.145121e+00	5.905425e-05	
4.407999e+00	1.012671e-04	
2.357862e+00	1.126140e-04	
1.196760e+00	3.792186e-05	
6.313198e+00	4.635994e-05	
4.644811e+00	2.259295e-05	
4.840717e+00	5.183193e-05	
4.741290e+00	3.956108e-05	
3.966251e+00	3.086544e-05	
1.567783e+00	4.192962e-05	
1.279840e+00	3.835225e-05	
2.308341e+00	6.366293e-05	
3.426607e+00	5.828983e-05	
4.231433e+00	5.128314e-05	
4.424664e+00	6.018914e-05	
1.403500e+00	8.519288e-05	
3.115483e+00	5.721805e-05	
5.810340e+00	4.538227e-05	
6.129116e+00	3.987295e-05	
5.200743e+00	4.283873e-05	
4.294929e+00	3.263059e-05	
5.449784e+00	5.296688e-05	
1.680445e+00	3.918252e-05	
9.488325e-01	3.891342e-05	
5.944026e+00	4.169562e-05	
5.647349e+00	4.157750e-05	
1.334389e+00	7.577627e-05	
5.901858e+00	7.382669e-05	
3.984810e+00	9.953754e-05	
3.207093e+00	1.024176e-04	
6.457857e+00	9.084875e-05	
3.040467e+00	8.273308e-05	
5.056197e+00	1.097184e-04	
3.897147e+00	5.018354e-05	
2.635035e+00	8.336213e-05	
4.990965e+00	9.717242e-05	
3.248229e+00	6.881458e-05	
3.926660e+00	9.445497e-05	
4.239413e+00	8.022820e-05	
5.367855e+00	6.970033e-05	
4.034730e+00	9.673764e-05	
4.296861e+00	8.513607e-05	
6.212822e+00	8.691041e-05	
7.365570e+00	3.438799e-05	
3.030881e+00	3.236163e-05	
3.148557e+00	1.996710e-05	
3.045821e+00	3.131478e-05	
3.124632e+00	2.809955e-05	
2.971070e+00	1.373209e-05	
4.254410e+00	3.325054e-05	
3.736998e+00	4.874119e-05	
1.176225e+00	4.098322e-05	
2.384816e+00	4.402070e-05	
6.053166e+00	3.536815e-05	
5.356198e+00	8.211217e-05	
6.663287e+00	4.239840e-05	
3.551877e+00	4.248741e-05	
2.398472e+00	4.478278e-05	
7.018211e+00	4.093901e-05	
3.843796e+00	4.466192e-05	
2.321990e+00	6.837014e-05	
1.268671e+00	5.024344e-05	
1.202843e+00	5.147569e-05	
5.607089e+00	5.432470e-05	
4.846583e+00	5.994988e-05	
4.396027e+00	9.115337e-05	
2.047557e+00	7.105149e-05	
2.279200e+00	1.241074e-04	
2.109641e+00	7.189021e-05	
6.111370e+00	9.871828e-05	
2.695313e+00	1.106512e-04	
1.774718e+00	9.829606e-05	
2.003837e+00	5.281121e-05	
5.790033e+00	1.548833e-04	
5.816244e+00	1.637202e-04	
1.411284e+00	1.007946e-04	
3.550295e+00	1.471093e-04	
4.527491e+00	9.289465e-05	
4.926622e+00	9.637665e-05	
4.340877e+00	7.407234e-05	
2.822904e+00	5.910097e-05	
2.251576e+00	3.837168e-05	
2.523131e+00	1.453401e-05	
3.703556e+00	2.430853e-05	
5.636980e+00	3.774119e-05	
4.601138e+00	3.782390e-05	
4.323447e+00	3.012239e-05	
1.293742e+00	2.961858e-05	
3.710675e+00	6.487346e-05	
5.667194e+00	8.855669e-05	
3.092226e+00	5.061593e-05	
3.573664e+00	6.962068e-05	
1.540292e+00	6.646634e-05	
1.463813e+00	6.924475e-05	
4.002022e+00	5.209881e-05	
4.530334e+00	7.526547e-05	
3.177237e+00	4.733845e-05	
6.052487e+00	5.710477e-05	
5.255397e+00	8.428705e-05	
5.960772e-01	6.662757e-05	
3.692198e+00	5.861363e-05	
1.698465e+00	7.493273e-05	
6.250462e+00	6.874809e-05	
5.113379e+00	7.686804e-05	
4.508110e+00	6.713878e-05	
3.165183e+00	6.894994e-05	
5.025164e+00	8.604307e-05	
7.276116e+00	4.361342e-05	
6.212994e+00	9.972580e-05	
1.164964e+00	7.530118e-05	
3.641440e+00	8.397983e-05	
4.107239e+00	1.284825e-04	
5.635593e+00	1.149177e-04	
5.197835e+00	1.049773e-04	
4.671960e+00	1.765253e-04	
3.302984e+00	1.192963e-04	
3.242191e+00	8.315129e-05	
4.485129e+00	6.340406e-05	
3.938601e+00	3.452553e-05	
5.480527e+00	3.249786e-05	
3.107238e+00	2.672645e-05	
4.305670e+00	4.668235e-05	
4.224730e+00	2.460602e-05	
5.704068e+00	5.140005e-05	
3.010279e+00	6.401928e-05	
2.170101e+00	5.797535e-05	
5.314423e+00	6.975237e-05	
5.201488e+00	5.102323e-05	
4.617591e+00	6.664221e-05	
2.450899e+00	5.704379e-05	
7.051309e-01	6.505724e-05	
3.896996e+00	5.040613e-05	
4.311569e+00	4.303543e-05	
3.160710e+00	5.311421e-05	
6.637333e+00	5.933027e-05	
5.667024e+00	6.267668e-05	
4.699222e+00	5.843121e-05	
3.740028e+00	6.908202e-05	
6.678462e+00	6.811975e-05	
2.212313e+00	7.956864e-05	
5.852486e+00	8.198863e-05	
5.198174e+00	8.304678e-05	
4.349646e+00	7.252093e-05	
2.483037e+00	9.710054e-05	
6.384196e+00	8.183829e-05	
4.176113e+00	9.799176e-05	
5.419406e+00	6.584508e-05	
2.879419e+00	9.251451e-05	
9.229209e-01	8.568002e-05	
4.312955e+00	1.335515e-04	
4.220112e+00	1.192453e-04	
1.533814e+00	1.235861e-04	
3.332282e-01	1.183603e-04	
7.036716e+00	5.447367e-05	
8.886712e+00	6.165369e-05	
8.350421e+00	6.519931e-05	
5.165726e+00	6.316027e-05	
1.311645e+00	7.949635e-05	
5.012231e+00	6.403525e-05	
3.734833e+00	6.005031e-05	
5.898835e+00	5.123034e-05	
5.762882e+00	5.874566e-05	
3.601986e+00	7.514505e-05	
6.103670e-01	6.026206e-05	
4.688916e+00	6.567660e-05	
5.658401e+00	6.477736e-05	
3.968257e+00	5.435162e-05	
3.898241e+00	6.986891e-05	
3.031990e+00	4.851507e-05	
3.743446e+00	5.912276e-05	
4.774277e+00	6.274583e-05	
2.090883e+00	2.206544e-05	
4.618225e+00	6.211007e-05	
6.601199e+00	5.226310e-05	
6.633310e+00	3.253788e-05	
5.343710e+00	6.246788e-05	
5.612547e+00	4.912339e-05	
3.979091e+00	6.631449e-05	
3.893484e+00	9.953226e-05	
1.039006e+00	8.394431e-05	
1.801926e+00	8.509110e-05	
7.261089e+00	7.453360e-05	
6.020434e+00	9.246864e-05	
2.860370e+00	8.702386e-05	
3.299178e+00	9.042363e-05	
3.999991e+00	1.021336e-04	
6.675407e+00	1.107116e-04	
7.173410e+00	1.133244e-04	
6.473349e+00	1.775945e-04	
1.318211e+00	8.197125e-05	
4.013929e+00	7.411837e-05	
4.926111e+00	8.656457e-05	
7.111909e+00	8.480436e-05	
7.585917e+00	1.266164e-04	
3.688346e+00	8.714955e-05	
1.704290e+00	5.786515e-05	
4.447053e+00	6.321833e-05	
6.797499e+00	7.019689e-05	
2.347579e+00	2.671644e-05	
5.656912e+00	4.341307e-05	
2.202318e-01	8.108576e-05	
8.648127e+00	6.053686e-05	
4.828308e+00	7.666868e-05	
1.723177e+00	4.719840e-05	
7.614369e+00	6.497977e-05	
5.282806e+00	5.052060e-05	
4.157419e+00	5.415980e-05	
5.635413e+00	8.331159e-05	
1.900198e+00	5.980002e-05	
6.418359e+00	7.094408e-05	
7.320307e+00	7.794607e-05	
6.966758e+00	7.105787e-05	
6.789264e+00	6.148321e-05	
3.585414e+00	4.946946e-05	
6.716945e+00	6.108034e-05	
5.432479e+00	7.793470e-05	
1.129720e+00	6.973228e-05	
3.365750e+00	7.180310e-05	
2.372621e+00	7.973636e-05	
4.346093e+00	8.518080e-05	
8.221194e+00	6.986453e-05	
2.791330e+00	1.007575e-04	
4.297929e+00	9.020854e-05	
6.486010e+00	1.146566e-04	
2.802736e+00	1.217506e-04	
2.843749e+00	1.254263e-04	
4.967906e+00	1.451648e-04	
5.036757e+00	9.738594e-05	
2.914302e+00	2.055070e-04	
9.624856e-01	1.571153e-04	
3.325598e-01	1.170760e-04	
4.385575e+00	6.363119e-05	
3.784903e+00	7.447627e-05	
4.238534e+00	5.982857e-05	
2.134905e+00	7.488030e-05	
3.129029e+00	5.878251e-05	
6.097001e+00	5.887163e-05	
4.586609e+00	5.543674e-05	
5.200342e+00	4.204814e-05	
3.017186e+00	8.250390e-05	
6.716692e+00	6.695026e-05	
6.909666e+00	6.406196e-05	
4.334261e+00	6.421980e-05	
3.835045e+00	6.558233e-05	
8.841184e+00	8.590195e-05	
2.677022e+00	7.035374e-05	
6.291304e+00	7.250352e-05	
1.284559e+00	9.003722e-05	
3.302048e+00	6.557703e-05	
5.363241e+00	7.156613e-05	
3.498044e+00	7.903418e-05	
3.910051e-01	6.681411e-05	
1.271763e+00	7.003477e-05	
5.077171e+00	7.546851e-05	
6.797341e+00	8.138603e-05	
2.666933e+00	7.376091e-05	
3.551727e+00	8.866370e-05	
4.834250e+00	9.902693e-05	
4.188730e+00	1.033224e-04	
3.476644e+00	1.035315e-04	
1.792136e+00	1.405149e-04	
3.557033e+00	9.728718e-05	
5.785568e+00	1.078468e-04	
5.606933e+00	8.069814e-05	
3.569208e+00	1.915658e-04	
5.863569e+00	2.082530e-04	
1.031025e+00	8.575531e-05	
4.155071e+00	1.956184e-04	
5.551405e+00	1.269123e-04	
2.541176e+00	1.167898e-04	
3.160816e+00	1.094508e-04	
4.804800e+00	5.729992e-05	
2.939610e+00	3.985101e-05	
3.397622e+00	7.473847e-05	
1.514765e+00	8.692832e-05	
2.991275e+00	6.003572e-05	
4.767333e+00	5.016017e-05	
4.893798e+00	8.110950e-05	
1.444060e+00	7.839453e-05	
3.541147e+00	7.464182e-05	
1.625119e+00	9.148803e-05	
3.341210e+00	7.773428e-05	
3.595187e+00	8.329184e-05	
2.283215e+00	6.131354e-05	
1.375261e+00	6.801645e-05	
4.935471e+00	8.129528e-05	
1.160848e+00	5.231016e-05	
3.786036e+00	4.518914e-05	
4.683310e+00	7.750071e-05	
4.399218e-01	6.938022e-05	
8.458044e-01	6.455130e-05	
6.428765e+00	6.712664e-05	
5.090770e+00	8.768957e-05	
1.389712e+00	7.255510e-05	
3.264512e+00	7.872223e-05	
6.371539e+00	8.873584e-05	
4.841926e+00	8.911418e-05	
1.847894e+00	1.062142e-04	
2.793645e+00	9.956837e-05	
2.058100e+00	1.045099e-04	
2.999027e+00	1.228481e-04	
5.285779e+00	1.646801e-04	
4.534735e+00	2.371242e-04	
4.391856e+00	2.652688e-04	
5.868845e+00	1.504430e-04	
4.652115e+00	1.110150e-04	
4.144853e+00	1.179179e-04	
6.974468e+00	1.127718e-04	
4.714802e+00	9.081323e-05	
4.943011e+00	7.182008e-05	
2.952993e+00	7.355703e-05	
4.714402e+00	7.663695e-05	
1.394121e+00	8.702800e-05	
3.900327e+00	6.335117e-05	
3.086248e+00	7.064182e-05	
5.290836e+00	7.347130e-05	
4.503079e+00	7.716904e-05	
3.657913e+00	7.821553e-05	
9.091382e-01	6.837844e-05	
1.573197e+00	6.565174e-05	
4.643317e+00	6.178434e-05	
4.703336e+00	5.386543e-05	
3.906860e+00	4.747089e-05	
3.535273e+00	5.254411e-05	
7.946163e+00	4.849929e-05	
6.796033e+00	6.482058e-05	
5.206379e+00	6.629569e-05	
4.349785e+00	7.260468e-05	
2.682675e+00	5.189540e-05	
4.185944e+00	5.969661e-05	
5.213580e+00	8.729878e-05	
4.639655e+00	6.548561e-05	
5.237315e+00	8.090983e-05	
2.888205e+00	9.977802e-05	
7.043633e+00	8.168803e-05	
5.352590e+00	6.923055e-05	
6.332530e+00	7.970676e-05	
7.372889e+00	1.125379e-04	
5.431769e+00	1.041128e-04	
1.935978e+00	1.943557e-04	
3.366315e+00	1.745768e-04	
4.367271e+00	1.791795e-04	
2.954796e+00	9.811941e-05	
3.655513e+00	9.995572e-05	
5.212190e+00	6.249573e-05	
4.658035e+00	7.692041e-05	
2.530053e+00	7.654223e-05	
3.708927e+00	9.172449e-05	
6.656525e+00	1.035360e-04	
4.300881e+00	8.192641e-05	
1.897242e+00	6.317122e-05	
1.668657e+00	7.289840e-05	
3.999079e+00	8.028998e-05	
1.031581e+00	7.157425e-05	
4.333092e+00	6.712167e-05	
1.751016e+00	6.191548e-05	
2.928075e+00	6.295438e-05	
7.480060e+00	6.698622e-05	
3.361361e+00	6.324001e-05	
4.632212e+00	4.355532e-05	
4.843743e+00	6.473145e-05	
4.851629e+00	3.560773e-05	
4.070707e+00	6.485327e-05	
1.974062e+00	7.312598e-05	
7.204767e+00	6.476777e-05	
3.579651e+00	7.103984e-05	
4.076212e+00	5.761638e-05	
1.182134e+00	5.612645e-05	
4.247157e+00	7.312274e-05	
2.984097e+00	1.015192e-04	
1.369462e+00	5.646189e-05	
7.581280e+00	6.295939e-05	
8.482008e+00	9.725550e-05	
8.019918e+00	1.195952e-04	
4.606810e+00	1.170414e-04	
6.407180e+00	1.071675e-04	
1.494283e+00	1.633477e-04	
3.916880e+00	1.280260e-04	
1.084186e+00	1.988308e-04	
9.983328e-01	1.465127e-04	
4.032032e+00	9.754535e-05	
5.410701e+00	1.399081e-04	
3.063293e+00	1.760062e-04	
5.866504e+00	1.653157e-04	
7.552423e+00	9.458130e-05	
3.673810e+00	7.273096e-05	
1.285806e+00	1.033064e-04	
4.717465e+00	6.723779e-05	
2.025758e+00	8.078155e-05	
2.539588e+00	8.439943e-05	
5.613271e+00	8.412661e-05	
8.645364e+00	6.578329e-05	
5.311736e+00	6.857913e-05	
4.186183e+00	6.365469e-05	
1.094556e+00	7.401577e-05	
2.862790e+00	8.835898e-05	
4.238562e+00	6.911709e-05	
4.477072e+00	6.051762e-05	
2.558516e+00	6.515272e-05	
4.128254e+00	4.285768e-05	
4.869671e+00	5.582528e-05	
1.210553e+00	4.988179e-05	
5.013135e+00	4.878818e-05	
5.168947e+00	5.794039e-05	
1.521403e-01	4.870418e-05	
6.971589e-01	4.556518e-05	
2.823659e+00	6.257663e-05	
1.757063e+00	5.748255e-05	
3.631986e+00	4.830398e-05	
2.913878e+00	3.446687e-05	
6.622067e+00	7.642143e-05	
5.770157e+00	1.226427e-04	
1.882759e+00	1.011816e-04	
1.649884e+00	1.351899e-04	
2.048805e+00	1.059723e-04	
4.513455e+00	1.586929e-04	
4.715011e+00	1.526486e-04	
4.994002e+00	2.400849e-04	
5.856163e+00	1.722771e-04	
6.686707e+00	6.142039e-05	
2.349076e+00	1.326537e-04	
3.891587e+00	1.885163e-04	
1.084428e+00	9.841515e-05	
5.823378e+00	9.995267e-05	
4.788029e+00	8.125280e-05	
4.341935e+00	8.903461e-05	
3.351957e+00	8.179916e-05	
2.861773e+00	9.962911e-05	
5.988680e+00	1.014734e-04	
3.842679e+00	9.032931e-05	
4.961278e+00	7.693993e-05	
6.618982e+00	7.548244e-05	
5.162736e+00	8.701216e-05	
1.400048e+00	8.615067e-05	
3.759648e+00	6.783309e-05	
5.801163e+00	6.190986e-05	
5.233044e+00	5.320686e-05	
5.291979e+00	5.699569e-05	
5.257043e+00	5.912185e-05	
6.630250e-01	5.778140e-05	
5.256051e+00	6.104305e-05	
6.387873e+00	5.593761e-05	
6.331242e+00	6.858759e-05	
3.890275e-01	4.290984e-05	
7.267269e+00	4.662257e-05	
4.984442e+00	6.908798e-05	
2.682751e+00	4.946405e-05	
4.511491e+00	5.878165e-05	
4.031414e+00	5.614269e-05	
7.349206e+00	1.046358e-04	
2.329371e+00	1.119124e-04	
2.667829e+00	7.276313e-05	
2.863832e+00	1.549850e-04	
3.220774e+00	1.526823e-04	
2.266775e+00	2.630724e-04	
1.254072e+00	1.187349e-04	
4.354185e+00	9.524204e-05	
4.996709e+00	1.271543e-04	
6.318458e+00	1.180608e-04	
2.535255e+00	1.436115e-04	
2.368710e+00	7.201175e-05	
3.344406e+00	1.166758e-04	
5.474194e+00	9.930685e-05	
4.337179e+00	8.881920e-05	
4.337382e+00	7.402054e-05	
4.136888e+00	9.853422e-05	
6.522183e+00	9.761697e-05	
5.833861e+00	7.263479e-05	
2.866657e+00	6.980179e-05	
3.305169e+00	6.956678e-05	
2.260181e+00	8.881854e-05	
5.438348e+00	5.490687e-05	
4.244642e+00	8.019475e-05	
5.617869e+00	5.590727e-05	
4.863626e+00	5.493050e-05	
4.876640e+00	6.511523e-05	
2.708604e+00	6.009770e-05	
9.720384e-01	6.077185e-05	
4.196621e+00	6.732603e-05	
6.176084e+00	5.593041e-05	
1.137679e+00	6.544429e-05	
4.039777e+00	6.379791e-05	
4.938969e+00	4.194462e-05	
7.471921e+00	6.031076e-05	
3.497066e+00	5.914819e-05	
3.342719e+00	5.111605e-05	
6.638815e+00	7.199772e-05	
5.124987e+00	1.178835e-04	
3.670010e+00	1.206638e-04	
5.123445e+00	7.583268e-05	
5.404455e+00	1.342037e-04	
2.568751e+00	1.987194e-04	
2.361278e+00	1.577885e-04	
4.579726e+00	1.524550e-04	
3.314287e+00	1.984533e-04	
4.415390e+00	1.059821e-04	
6.442939e+00	1.744836e-04	
2.936435e+00	1.407498e-04	
5.625615e+00	9.915900e-05	
2.588789e+00	9.954949e-05	
4.275560e+00	9.242101e-05	
3.938675e-01	5.637878e-05	
1.297261e+00	1.014084e-04	
3.687344e+00	9.672700e-05	
4.270449e+00	9.008365e-05	
6.131397e+00	7.903380e-05	
1.139699e+00	7.371121e-05	
3.435472e+00	8.167052e-05	
3.700711e+00	5.355252e-05	
2.056838e+00	7.139165e-05	
3.199110e+00	6.919267e-05	
6.660195e+00	5.266269e-05	
6.116797e+00	6.709082e-05	
1.643260e+00	4.821480e-05	
4.020934e+00	4.808682e-05	
3.004212e+00	4.961981e-05	
3.839956e+00	3.766724e-05	
8.541707e-02	4.721412e-05	
5.194003e+00	5.566234e-05	
3.376515e+00	6.320628e-05	
3.844587e+00	2.742690e-05	
4.111191e+00	5.324517e-05	
2.838518e+00	5.313690e-05	
7.647691e-01	6.723490e-05	
5.873615e+00	4.880405e-05	
4.435721e+00	8.830078e-05	
3.885067e+00	9.062190e-05	
2.640960e+00	1.201112e-04	
1.039380e+00	1.427397e-04	
5.870965e+00	1.596119e-04	
5.963011e+00	1.618927e-04	
3.752943e+00	1.743565e-04	
5.555887e+00	1.879283e-04	
1.338611e+00	1.116465e-04	
4.694312e+00	1.846876e-04	
2.991193e+00	1.593369e-04	
4.379674e+00	1.042169e-04	
4.552790e+00	1.053603e-04	
2.429252e+00	7.217575e-05	
4.379329e+00	7.435106e-05	
1.671941e+00	5.218466e-05	
3.359033e+00	8.510388e-05	
3.856819e+00	7.419143e-05	
4.045461e+00	9.727976e-05	
5.831427e+00	9.006836e-05	
3.089578e+00	7.160152e-05	
5.410728e+00	5.895225e-05	
3.406685e+00	6.927725e-05	
3.418262e+00	7.217095e-05	
1.151987e+00	7.192810e-05	
4.607982e+00	6.831323e-05	
4.002124e+00	4.704156e-05	
5.153494e+00	6.099138e-05	
1.860092e+00	4.577138e-05	
1.617416e+00	5.191983e-05	
3.704630e+00	6.756431e-05	
5.841101e+00	6.153558e-05	
1.644986e+00	6.765007e-05	
6.216669e+00	4.998453e-05	
4.395455e+00	6.013948e-05	
4.619406e+00	6.748619e-05	
1.582759e+00	6.586532e-05	
5.010405e+00	7.947993e-05	
3.789195e+00	7.265690e-05	
1.706543e+00	1.148305e-04	
2.909653e+00	8.114942e-05	
4.797504e+00	8.654902e-05	
5.129282e+00	1.486936e-04	
5.151360e+00	1.490903e-04	
6.045455e+00	1.803032e-04	
2.777789e+00	8.079956e-05	
3.758804e+00	1.096827e-04	
3.202097e+00	1.710021e-04	
4.522703e+00	1.109413e-04	
1.787476e-01	5.981890e-05	
1.962396e+00	6.954544e-05	
2.517902e+00	1.080744e-04	
2.104366e+00	8.524349e-05	
3.554121e+00	6.381027e-05	
4.440295e-01	5.248808e-05	
3.102190e+00	7.625096e-05	
3.555760e+00	9.013036e-05	
4.295139e+00	8.885824e-05	
4.125123e+00	7.298067e-05	
3.410980e+00	7.406126e-05	
2.242538e+00	9.177760e-05	
6.621220e+00	6.907900e-05	
5.913715e+00	7.603713e-05	
3.154343e+00	8.144949e-05	
3.765872e+00	5.538298e-05	
2.956908e+00	6.506533e-05	
4.293535e+00	4.728013e-05	
2.259197e+00	6.588897e-05	
2.816312e-01	7.115403e-05	
2.122717e+00	5.539585e-05	
6.383717e+00	7.353262e-05	
6.164148e+00	4.369003e-05	
7.148216e+00	7.086387e-05	
1.990693e+00	8.191416e-05	
2.983058e+00	7.580816e-05	
3.722436e+00	7.520600e-05	
4.479939e+00	7.708313e-05	
3.583947e+00	1.066830e-04	
2.549229e+00	8.985709e-05	
3.627730e+00	9.292837e-05	
1.252235e+00	1.577862e-04	
2.171214e+00	1.066242e-04	
6.609413e+00	1.142594e-04	
3.392390e+00	2.262791e-04	
2.306567e+00	1.586578e-04	
5.579726e-01	1.053483e-04	
5.672071e+00	6.980204e-05	
4.434052e+00	9.227795e-05	
4.298039e+00	1.100372e-04	
4.131927e+00	8.048189e-05	
7.513675e+00	8.159432e-05	
4.470126e+00	1.175403e-04	
5.645166e+00	7.615238e-05	
6.668346e+00	7.555049e-05	
5.624816e+00	9.170630e-05	
6.283439e+00	8.050805e-05	
2.516713e+00	6.689174e-05	
6.287290e+00	7.828998e-05	
5.482746e+00	5.581431e-05	
2.383828e+00	7.352216e-05	
4.924064e+00	7.454645e-05	
2.779382e+00	5.190280e-05	
6.650564e+00	7.138896e-05	
7.431358e-01	5.318136e-05	
1.716333e+00	5.701657e-05	
7.999851e-01	6.136508e-05	
9.370635e-01	5.660908e-05	
4.247393e+00	5.209994e-05	
3.201710e+00	5.202805e-05	
4.894989e+00	4.394025e-05	
4.516674e+00	5.666414e-05	
3.924433e+00	7.913584e-05	
4.523098e+00	5.423688e-05	
5.531965e+00	7.814055e-05	
6.941955e+00	8.000654e-05	
5.926496e+00	9.680859e-05	
2.673848e+00	9.648621e-05	
2.880869e-01	9.776006e-05	
6.571985e-01	1.224345e-04	
5.986938e+00	1.648457e-04	
1.365792e+00	1.006595e-04	
3.361149e+00	1.361671e-04	
1.986259e+00	1.114752e-04	
1.900952e+00	1.221841e-04	
4.534669e+00	7.160505e-05	
6.199087e+00	7.286737e-05	
4.306265e+00	8.232882e-05	
6.495402e+00	7.687674e-05	
4.763502e+00	6.281144e-05	
3.296841e+00	6.674196e-05	
5.442826e+00	1.024711e-04	
1.473685e+00	9.415744e-05	
7.600643e+00	6.860063e-05	
4.422157e+00	7.441302e-05	
6.217660e+00	7.839452e-05	
2.730785e+00	7.211280e-05	
4.393894e+00	7.351252e-05	
3.255765e+00	6.065971e-05	
2.181316e+00	7.109273e-05	
2.505773e+00	6.258601e-05	
3.808167e+00	5.579625e-05	
1.472232e+00	7.218658e-05	
5.741582e+00	5.528995e-05	
2.124327e+00	6.537473e-05	
3.924574e+00	6.468972e-05	
5.256473e+00	5.947002e-05	
3.168161e+00	5.998907e-05	
4.456691e+00	7.219142e-05	
1.612097e+00	8.903870e-05	
8.513426e-01	5.356259e-05	
4.404856e+00	6.445184e-05	
3.459693e+00	7.099900e-05	
1.566776e+00	6.895634e-05	
1.916927e+00	1.030478e-04	
3.892232e+00	9.394688e-05	
5.511463e+00	9.932052e-05	
6.851338e+00	6.256521e-05	
7.118382e+00	1.210484e-04	
1.534258e+00	1.636154e-04	
4.351754e+00	2.741788e-04	
7.068492e+00	1.401609e-04	
4.155997e+00	1.401956e-04	
4.044767e+00	9.807911e-05	
1.540251e+00	6.413612e-05	
6.018547e+00	9.401312e-05	
1.005921e+00	6.522448e-05	
3.624662e+00	7.478358e-05	
4.788841e+00	6.637463e-05	
6.680465e-01	6.905862e-05	
8.455419e-01	7.411279e-05	
2.206515e+00	6.748986e-05	
4.645350e+00	5.323156e-05	
1.244824e+00	7.257498e-05	
3.801624e+00	7.026959e-05	
3.611157e-01	5.772383e-05	
8.283997e-01	5.244302e-05	
4.819689e-01	6.335415e-05	
6.221160e+00	5.710553e-05	
3.134880e+00	6.139245e-05	
2.097735e+00	5.888702e-05	
4.286097e+00	6.485744e-05	
5.997414e+00	8.096663e-05	
1.124572e+00	5.740636e-05	
5.242501e+00	6.509346e-05	
3.109319e+00	5.768664e-05	
4.993755e+00	7.978278e-05	
5.738765e+00	8.426812e-05	
3.123581e+00	6.643533e-05	
7.584122e+00	5.470866e-05	
3.888538e+00	8.242819e-05	
5.228470e+00	5.349689e-05	
4.519940e+00	5.809655e-05	
4.571297e+00	8.957324e-05	
5.879744e+00	8.586265e-05	
2.366097e+00	1.081044e-04	
6.457860e+00	1.642448e-04	
3.085673e+00	1.275536e-04	
3.821346e+00	1.871222e-04	
3.294391e+00	1.770258e-04	
6.387562e+00	2.197467e-04	
4.582378e+00	1.436842e-04	
4.152046e+00	9.787743e-05	
2.492273e+00	1.026456e-04	
6.382907e+00	5.621645e-05	
3.104248e+00	7.068470e-05	
4.634126e+00	3.985727e-05	
4.059818e+00	7.765342e-05	
5.638307e+00	5.909288e-05	
4.925724e+00	6.534462e-05	
2.310982e+00	8.229522e-05	
3.714488e+00	6.814746e-05	
4.435451e+00	8.009947e-05	
5.391621e-01	5.533533e-05	
1.402486e+00	4.947464e-05	
6.692824e+00	5.629982e-05	
4.991253e+00	7.068592e-05	
6.469508e+00	5.394659e-05	
2.419490e-01	7.397443e-05	
6.347619e+00	7.064077e-05	
4.083275e+00	5.856409e-05	
7.770244e+00	5.102527e-05	
2.923587e+00	5.448330e-05	
5.705011e+00	5.836583e-05	
9.588083e-01	4.416721e-05	
3.185596e+00	6.934053e-05	
7.392072e+00	7.000832e-05	
7.188186e+00	7.470815e-05	
6.033979e+00	4.486193e-05	
4.837930e+00	5.654245e-05	
5.311781e+00	5.276360e-05	
5.293200e+00	5.224810e-05	
2.680834e+00	8.279510e-05	
5.995812e+00	7.300185e-05	
2.492839e+00	2.069950e-04	
3.703350e+00	3.098321e-04	
4.181106e+00	1.289350e-04	
5.647585e+00	1.455787e-04	
4.870886e+00	1.570077e-04	
2.534824e-01	1.093496e-04	
3.722806e+00	1.119114e-04	
6.904909e+00	8.689087e-05	
4.808585e+00	5.684255e-05	
5.014510e+00	7.860173e-05	
7.621410e+00	7.244303e-05	
5.444455e+00	9.913171e-05	
5.920831e+00	7.961348e-05	
5.102005e+00	9.515682e-05	
4.907855e+00	1.082106e-04	
5.367919e+00	7.150065e-05	
4.785083e+00	6.818266e-05	
4.292146e+00	6.154991e-05	
4.352963e+00	5.116816e-05	
1.128629e+00	6.589641e-05	
2.371875e+00	5.673189e-05	
2.186673e+00	5.903892e-05	
6.436545e+00	5.666163e-05	
8.830979e-01	5.748438e-05	
4.215828e+00	5.773540e-05	
4.259110e+00	5.483305e-05	
6.174064e+00	5.339839e-05	
6.191169e+00	7.153623e-05	
1.316636e+00	6.372982e-05	
2.042078e+00	5.356694e-05	
2.330812e+00	3.510992e-05	
4.842140e+00	2.149450e-05	
5.688308e+00	5.013910e-05	
7.502021e+00	5.083622e-05	
4.668796e+00	7.567743e-05	
4.234467e+00	7.648123e-05	
1.976250e+00	1.022328e-04	
4.962525e+00	9.916169e-05	
1.086829e-01	1.617032e-04	
4.413572e+00	2.092843e-04	
5.187512e+00	2.117419e-04	
3.884145e+00	1.047081e-04	
5.426927e+00	1.075008e-04	
5.914897e+00	8.276902e-05	
4.029959e+00	6.484107e-05	
5.956970e+00	9.569801e-05	
5.749050e+00	1.103857e-04	
5.823066e+00	8.525920e-05	
5.915549e+00	9.978533e-05	
8.800915e+00	9.983907e-05	
5.043453e+00	7.422087e-05	
8.272456e-01	6.225958e-05	
2.473748e+00	8.719174e-05	
4.194633e+00	8.359230e-05	
6.851030e+00	6.575822e-05	
6.205272e+00	7.662968e-05	
5.667631e+00	5.894831e-05	
1.026630e+00	5.541477e-05	
2.543433e+00	7.477082e-05	
4.507816e+00	5.670359e-05	
5.594139e+00	6.976313e-05	
7.841928e-01	6.307763e-05	
3.640036e+00	6.621522e-05	
1.422611e+00	7.375793e-05	
4.917864e+00	4.302431e-05	
5.877043e+00	6.057890e-05	
1.501765e+00	6.028287e-05	
6.194872e+00	4.111868e-05	
5.973623e-01	3.221533e-05	
7.394239e+00	9.655125e-06	
7.591021e+00	1.858147e-05	
4.569829e+00	4.264595e-05	
5.385629e+00	3.433129e-05	
4.635077e+00	6.569332e-05	
4.379731e+00	9.961565e-05	
5.087679e+00	8.229719e-05	
4.446386e+00	1.548656e-04	
4.438780e+00	2.183138e-04	
4.611279e+00	2.331663e-04	
2.722153e+00	1.657851e-04	
4.832807e+00	5.577294e-05	
5.272415e+00	6.042418e-05	
7.151074e+00	8.084841e-05	
4.775506e+00	9.793810e-05	
4.853646e+00	6.784450e-05	
5.340719e+00	6.749366e-05	
8.823931e-01	7.933563e-05	
5.915457e+00	7.784311e-05	
5.759546e+00	5.525767e-05	
2.606079e+00	7.566197e-05	
2.003273e+00	6.644188e-05	
5.017732e+00	7.027637e-05	
9.331794e+00	5.851910e-05	
2.214279e+00	6.349392e-05	
4.941526e+00	5.891940e-05	
1.223487e+00	6.613255e-05	
2.440548e+00	6.093478e-05	
5.440973e+00	6.113730e-05	
1.684792e+00	5.826601e-05	
8.424705e-01	6.050239e-05	
3.352847e+00	5.848595e-05	
2.118284e+00	7.360170e-05	
5.795987e+00	4.962455e-05	
1.022158e+00	3.276761e-05	
3.132724e+00	5.745978e-05	
3.477171e+00	4.873877e-05	
5.363306e+00	4.610317e-05	
5.432183e+00	4.794773e-05	
3.532057e+00	2.101874e-05	
6.610627e+00	2.334377e-05	
3.490028e+00	5.142362e-05	
5.751043e+00	5.306338e-05	
6.323042e+00	4.406173e-05	
2.846203e+00	6.412769e-05	
5.339782e+00	8.037540e-05	
6.222975e-01	2.281765e-04	
5.064902e+00	2.571467e-04	
3.557105e+00	2.250293e-04	
3.605083e+00	1.656680e-04	
6.874440e+00	6.385545e-05	
2.905796e+00	6.907414e-05	
6.100104e+00	2.296234e-05	
3.426456e+00	5.628071e-05	
3.044279e+00	5.120390e-05	
5.482703e+00	6.978932e-05	
3.420342e+00	7.207927e-05	
5.304857e+00	6.455278e-05	
5.461340e+00	6.884803e-05	
6.163249e+00	6.215576e-05	
3.155734e+00	6.439117e-05	
6.459138e+00	7.350592e-05	
5.243762e+00	5.977369e-05	
3.597065e+00	6.845532e-05	
1.627116e+00	5.862252e-05	
1.277063e+00	6.254525e-05	
4.525693e+00	6.198108e-05	
1.828283e+00	6.062386e-05	
5.559145e+00	5.272713e-05	
1.185684e+00	6.070019e-05	
4.615188e+00	5.324554e-05	
2.905473e-01	4.139649e-05	
5.065513e+00	2.888541e-05	
4.989579e+00	3.119059e-05	
2.688763e+00	4.146811e-05	
6.567255e+00	4.993714e-05	
1.814735e+00	1.090711e-05	
8.786879e-01	1.556004e-05	
4.093611e+00	6.030693e-05	
1.193254e+00	6.555955e-05	
3.426524e+00	1.828064e-05	
5.119623e+00	8.609202e-05	
4.032431e+00	1.417589e-04	
2.640814e+00	1.323932e-04	
1.042307e+00	4.172058e-05	
3.759413e+00	2.553328e-04	
4.814766e+00	2.750947e-04	
5.279596e+00	1.293673e-04	
6.018577e+00	8.246171e-05	
1.609106e+00	9.520668e-05	
6.533027e+00	8.012037e-05	
7.144816e+00	5.760647e-05	
5.483412e+00	5.428848e-05	
4.718967e+00	4.054141e-05	
3.744837e+00	6.708479e-05	
1.853998e+00	5.071600e-05	
4.201745e+00	7.641114e-05	
6.027343e+00	7.837728e-05	
4.689503e+00	7.100209e-05	
3.753787e+00	9.148221e-05	
1.379763e+00	6.759766e-05	
2.218860e+00	7.877085e-05	
5.380613e+00	5.997797e-05	
2.862065e+00	7.569866e-05	
2.291418e+00	6.938046e-05	
2.990319e+00	6.226375e-05	
1.499631e+00	7.081351e-05	
4.213816e+00	3.777129e-05	
1.456473e+00	5.402413e-05	
2.777280e+00	4.472919e-05	
6.977173e+00	4.193390e-05	
3.825187e+00	3.869626e-05	
4.783705e+00	4.096933e-05	
6.477192e+00	5.241520e-05	
3.661070e+00	9.067767e-06	
1.667490e+00	2.830179e-05	
3.854353e+00	4.107627e-05	
8.450524e-01	5.648547e-05	
6.358655e-01	1.954633e-05	
1.123884e+00	3.865707e-05	
4.900205e+00	1.128971e-04	
2.863402e+00	1.939991e-04	
3.208214e+00	1.641713e-04	
5.389883e+00	3.059577e-04	
1.977611e+00	1.799660e-04	
2.392746e+00	1.058103e-04	
1.380063e+00	8.248814e-06	
5.078206e+00	4.086101e-05	
6.093891e+00	8.659753e-05	
7.421265e+00	3.869482e-05	
4.185456e+00	4.592003e-05	
4.725686e+00	6.291272e-05	
5.092999e+00	3.675091e-05	
6.476633e+00	4.386804e-05	
3.605189e+00	6.174765e-05	
7.068175e+00	6.145605e-05	
3.758149e+00	6.278564e-05	
2.243630e+00	5.794205e-05	
8.487697e-01	7.717591e-05	
1.326444e+00	5.657627e-05	
6.155254e+00	7.590137e-05	
2.868696e+00	3.896296e-05	
5.255424e+00	5.523162e-05	
4.093512e+00	5.272939e-05	
4.507222e+00	2.752445e-05	
5.920535e+00	3.822623e-05	
2.304716e+00	1.074250e-05	
2.259091e+00	3.477999e-05	
1.236702e+00	1.623835e-05	
6.934617e+00	4.043038e-05	
5.350332e+00	1.848568e-05	
1.258580e+00	2.827976e-05	
3.939800e+00	5.884791e-05	
5.466018e+00	4.016437e-05	
5.440731e+00	4.663269e-05	
4.813633e-01	2.444364e-05	
2.303734e-01	2.080416e-05	
5.128705e+00	1.264927e-05	
7.038035e+00	1.195426e-04	
3.962143e+00	2.015790e-04	
3.119553e+00	1.638277e-04	
2.906926e+00	3.219845e-04	
5.509165e+00	2.321301e-04	
6.234884e+00	1.230359e-04	
4.587193e+00	2.945541e-05	
5.520614e+00	4.540398e-05	
5.539745e+00	5.272056e-05	
5.265938e+00	3.968293e-05	
4.887601e+00	5.957928e-05	
4.553969e+00	4.459799e-05	
1.696718e+00	3.866453e-05	
2.779278e+00	4.995016e-05	
5.044318e+00	4.685362e-05	
7.161434e+00	4.485127e-05	
1.555631e+00	4.509683e-05	
4.299999e+00	6.657400e-05	
4.452991e+00	6.088129e-05	
5.455918e+00	5.752306e-05	
7.338578e-01	4.862066e-05	
2.616948e+00	4.485223e-05	
4.473350e+00	4.164830e-05	
6.458598e+00	3.981509e-05	
4.177476e+00	4.939951e-05	
1.044426e+00	2.241709e-05	
4.019982e+00	2.305340e-05	
5.476301e+00	1.352758e-05	
3.591441e+00	1.516039e-05	
9.641707e-01	1.317661e-05	
4.405944e+00	3.240405e-05	
1.259622e+00	1.517207e-05	
2.389803e+00	4.796707e-05	
4.958966e+00	3.402394e-05	
4.277548e+00	3.695700e-05	
4.293025e+00	3.957443e-05	
6.504293e+00	2.235237e-05	
6.640070e+00	4.588866e-05	
3.702598e+00	7.213194e-05	
3.882004e+00	9.900796e-05	
5.438391e+00	3.117067e-05	
6.509460e+00	2.093328e-04	
4.394818e+00	1.675893e-04	
5.495139e+00	9.417695e-05	
4.250558e+00	3.958861e-05	
2.627803e+00	8.219991e-05	
2.536787e+00	6.592529e-05	
6.505099e+00	3.456924e-05	
6.921478e-01	1.423267e-05	
5.125572e+00	5.205137e-05	
5.576555e+00	4.572398e-05	
6.697260e+00	3.353971e-05	
7.749520e-01	2.845862e-05	
9.459076e-01	3.336979e-05	
4.445247e+00	6.026210e-05	
7.502460e+00	6.534402e-05	
4.409391e+00	6.227482e-05	
3.648873e+00	5.310520e-05	
1.008389e+00	4.970951e-05	
5.241509e+00	5.125027e-05	
4.041167e+00	4.120897e-05	
1.312027e+00	2.241991e-05	
1.374781e+00	3.304456e-05	
2.092120e+00	2.324032e-05	
3.383737e+00	2.330702e-05	
4.524909e+00	4.086485e-05	
1.177103e+00	2.424268e-05	
4.899971e+00	2.650481e-05	
3.618572e+00	1.847370e-05	
6.213481e+00	2.794911e-05	
4.081346e+00	3.287668e-05	
5.255652e+00	4.576881e-05	
2.692947e+00	4.532070e-05	
6.236623e+00	1.040386e-05	
7.582379e-01	8.837917e-06	
4.418327e+00	5.128711e-05	
8.381114e-01	1.229613e-04	
3.699962e+00	8.652924e-05	
3.675003e-01	4.046483e-05	
3.711814e+00	5.579093e-05	
4.091220e+00	2.765983e-04	
5.413002e+00	1.352750e-04	
2.238095e+00	5.869408e-05	
5.642073e+00	4.952371e-05	
4.436933e+00	3.569088e-05	
2.586592e+00	3.894485e-05	
5.563491e+00	2.685867e-05	
4.758376e+00	3.847299e-05	
4.042525e+00	3.404813e-05	
5.877393e+00	3.348970e-05	
3.639571e+00	2.610706e-05	
5.240251e+00	3.040803e-05	
6.246444e+00	5.069784e-05	
4.923462e+00	4.598366e-05	
8.062835e+00	3.661987e-05	
3.636027e+00	4.875011e-05	
5.919887e+00	2.986913e-05	
5.102695e+00	5.727465e-05	
5.384265e+00	2.516663e-05	
4.399253e+00	2.926948e-05	
1.815888e+00	2.781981e-05	
9.992904e-01	2.420129e-05	
1.398714e+00	2.371675e-05	
4.197578e+00	2.554123e-05	
1.545861e+00	3.531264e-05	
4.911073e+00	3.893498e-05	
4.248549e+00	4.698215e-05	
4.133180e+00	3.771837e-05	
4.000487e+00	2.837413e-05	
1.466068e+00	5.511582e-06	
7.073588e+00	1.606287e-05	
5.916198e+00	2.606102e-05	
8.223082e+00	1.844055e-05	
3.745438e+00	7.044147e-05	
3.712242e+00	2.187714e-05	
2.200429e+00	7.497311e-05	
3.459809e+00	1.800252e-04	
4.448630e+00	2.335827e-04	
5.740126e+00	1.534591e-04	
6.700744e+00	7.543843e-05	
3.479061e+00	3.063231e-05	
2.634260e+00	5.690888e-05	
4.158814e+00	1.951179e-05	
4.368423e+00	7.810850e-06	
3.541617e+00	3.571077e-06	
4.519944e+00	1.112935e-05	
4.646938e+00	2.940090e-05	
8.342846e-01	3.373879e-05	
3.743028e+00	3.163380e-05	
5.993760e+00	4.543402e-05	
3.890513e+00	7.102219e-05	
6.129488e+00	5.360084e-05	
8.021250e+00	5.331867e-05	
4.357530e+00	4.049226e-05	
1.598593e+00	5.191755e-05	
5.798216e+00	3.445025e-05	
5.358291e+00	2.624080e-05	
4.113590e+00	2.588206e-05	
1.344138e+00	2.625570e-05	
2.497720e+00	2.233181e-05	
6.294565e+00	2.383664e-05	
2.073736e+00	2.937655e-05	
7.955869e-01	2.817149e-05	
6.482383e-01	3.254330e-05	
6.997907e+00	2.083301e-05	
5.017690e+00	5.159359e-05	
4.860684e+00	3.567293e-05	
3.909735e+00	1.890377e-06	
4.783060e+00	7.926884e-06	
6.088044e+00	1.985781e-05	
3.867090e+00	2.339165e-05	
4.780274e+00	1.523675e-05	
3.798671e+00	8.494776e-05	
6.292122e+00	9.137404e-05	
3.310280e+00	2.620592e-04	
1.703171e+00	9.184925e-05	
4.563646e+00	5.948867e-05	
5.499873e+00	1.778699e-05	
7.118703e+00	4.993713e-05	
6.404348e-01	3.236620e-05	
4.392634e+00	2.164535e-05	
3.985694e+00	4.700956e-06	
5.356744e+00	1.133503e-05	
4.988345e+00	1.664113e-05	
4.053788e+00	1.113736e-05	
5.397372e+00	2.403056e-05	
4.504260e+00	2.691201e-05	
3.616415e+00	3.319979e-05	
3.875532e+00	1.343194e-05	
6.634291e+00	3.639052e-05	
1.060517e+00	2.622160e-05	
1.373815e-01	1.863018e-05	
1.312053e+00	1.781817e-05	
9.056439e-01	1.283891e-05	
4.644478e+00	6.165265e-06	
2.469141e+00	1.358001e-05	
6.117289e+00	4.215548e-06	
4.479627e+00	1.877700e-05	
5.506675e+00	1.681789e-05	
5.884132e+00	2.471491e-05	
3.783921e+00	1.599249e-05	
2.209519e+00	3.077603e-05	
1.627503e+00	2.564808e-05	
7.071757e+00	4.257441e-06	
5.807323e+00	1.894779e-05	
6.284724e+00	2.132982e-05	
5.143594e+00	2.725810e-05	
8.936034e-01	1.927196e-05	
3.736341e+00	2.675650e-05	
3.071014e+00	2.085139e-05	
4.943525e+00	5.343959e-05	
5.531581e+00	7.446114e-05	
5.562364e+00	9.780598e-05	
