1.350102e+01	2.664535e-14	
1.297418e+01	2.746692e-13	
6.071022e+00	5.564438e-13	
6.105357e+00	3.470113e-12	
9.908290e+00	2.473577e-13	
1.334713e+01	2.543632e-12	
1.296161e+01	7.303047e-13	
1.304289e+01	9.925394e-14	
1.304767e+01	3.713252e-12	
1.267182e+01	2.211342e-12	
1.291871e+01	9.043655e-12	
1.213663e+01	7.134404e-12	
1.315353e+01	5.968559e-13	
1.289732e+01	5.866418e-13	
1.304722e+01	2.769562e-12	
1.388804e+01	1.524469e-11	
1.222867e+01	6.508127e-13	
1.010477e+01	2.345235e-12	
1.247901e+01	2.030376e-12	
1.066809e+01	6.832312e-13	
1.332783e+01	6.685563e-11	
9.864705e+00	8.213430e-13	
9.403254e+00	1.224021e-12	
1.087828e+01	3.893885e-12	
1.332479e+01	7.034817e-12	
1.176762e+01	2.367662e-12	
1.337575e+01	9.133139e-12	
1.106726e+01	4.407874e-11	
6.354142e+00	5.393463e-13	
1.331533e+01	1.105183e-11	
1.255588e+01	1.309397e-12	
1.303180e+01	3.019140e-12	
1.413518e+01	3.092193e-12	
1.250682e+01	1.483247e-11	
1.275376e+01	8.935075e-13	
1.338294e+01	4.386491e-13	
1.011768e+01	1.088685e-12	
1.173441e+01	7.819301e-13	
1.051162e+01	2.191580e-13	
1.418745e+01	2.220446e-14	
9.118512e+00	1.670286e-11	
9.384771e+00	2.347817e-12	
9.742907e+00	1.624050e-13	
1.327719e+01	1.872432e-13	
1.305403e+01	1.740098e-15	
1.281408e+01	2.085846e-14	
1.335946e+01	1.257271e-14	
1.003178e+01	1.448580e-14	
1.126352e+01	1.279749e-15	
1.258499e+01	1.688947e-15	
1.194572e+01	2.332189e-15	
1.366590e+01	3.622423e-16	
1.306376e+01	2.217823e-15	
1.045590e+01	1.622197e-16	
1.273726e+01	6.222934e-16	
1.231012e+01	4.511305e-16	
1.347029e+01	4.392763e-16	
1.383844e+01	0	
1.008789e+01	2.834493e-15	
6.527346e+00	4.224438e-16	
1.026006e+01	9.857022e-16	
9.824887e+00	2.976217e-15	
1.275773e+01	1.866467e-15	
6.204842e+00	8.785527e-16	
1.300112e+01	1.503768e-16	
1.355213e+01	9.334401e-16	
1.035066e+01	1.459977e-15	
1.280233e+01	0	
1.378440e+01	1.267848e-15	
1.338019e+01	0	
1.333139e+01	0	
1.066920e+01	1.163408e-15	
9.129300e+00	1.566033e-15	
1.305891e+01	5.987007e-16	
1.351175e+01	3.535332e-16	
1.314097e+01	2.392634e-15	
1.368658e+01	1.424986e-15	
1.012211e+01	1.307162e-13	
1.014927e+01	2.612111e-12	
1.379086e+01	8.749890e-12	
1.011519e+01	2.373657e-13	
1.302291e+01	1.284417e-12	
1.261003e+01	8.466561e-13	
6.705826e+00	7.125411e-13	
9.278870e+00	2.015388e-11	
1.332430e+01	3.654521e-12	
1.285077e+01	7.374101e-13	
9.897112e+00	7.598366e-13	
6.298811e+00	2.075706e-11	
6.070769e+00	1.175193e-11	
1.247327e+01	1.222800e-12	
1.408562e+01	1.880718e-12	
1.248921e+01	3.533962e-11	
9.659334e+00	7.636003e-12	
1.343730e+01	3.144707e-12	
1.329920e+01	7.229772e-13	
1.293877e+01	5.029310e-13	
1.195057e+01	1.916101e-11	
1.071141e+01	4.663825e-12	
1.311916e+01	2.756018e-12	
1.036496e+01	5.670575e-12	
1.287544e+01	6.707968e-13	
9.841505e+00	4.226175e-12	
9.871631e+00	8.371415e-12	
1.335414e+01	1.652034e-10	
1.349682e+01	5.827672e-12	
1.036034e+01	2.275846e-11	
1.211136e+01	2.574496e-12	
1.349044e+01	3.272693e-11	
1.047107e+01	3.907807e-11	
1.322334e+01	6.195267e-11	
1.316600e+01	3.838707e-12	
1.079828e+01	1.730804e-11	
1.369651e+01	4.818113e-11	
1.262114e+01	2.400102e-11	
1.320398e+01	1.057376e-11	
1.361750e+01	1.603118e-11	
1.177928e+01	6.031620e-12	
1.299022e+01	4.241052e-14	
1.260842e+01	8.706369e-13	
1.219206e+01	7.216450e-14	
1.000501e+01	1.748157e-12	
1.295308e+01	4.465317e-13	
1.432201e+01	2.989164e-12	
1.354209e+01	9.239498e-12	
9.366629e+00	1.294409e-12	
1.044255e+01	5.076828e-12	
1.284050e+01	2.222666e-13	
9.841597e+00	4.305445e-13	
1.212810e+01	2.342238e-12	
1.316702e+01	8.492096e-13	
1.293006e+01	9.011236e-12	
1.065906e+01	5.520029e-12	
1.353117e+01	1.148193e-12	
1.242493e+01	1.946732e-11	
9.951901e+00	1.440392e-11	
1.303763e+01	3.874678e-13	
1.326075e+01	2.759337e-11	
1.040343e+01	8.137091e-11	
1.202315e+01	1.039302e-11	
1.349862e+01	6.613710e-12	
1.327339e+01	2.883571e-11	
1.402406e+01	1.785849e-11	
1.351225e+01	1.279976e-11	
1.177611e+01	1.116995e-11	
1.285709e+01	1.423861e-11	
1.364909e+01	7.486789e-11	
1.337070e+01	2.721057e-11	
9.542058e+00	6.952217e-11	
1.244923e+01	5.087775e-11	
1.448067e+01	6.303846e-13	
1.315003e+01	4.222733e-12	
6.277997e+00	1.632028e-13	
1.213857e+01	4.314771e-12	
1.332384e+01	3.799183e-13	
1.327304e+01	9.584111e-12	
3.266278e+00	7.911744e-06	
5.155123e+00	2.350042e-05	
3.605863e+00	3.249807e-05	
5.266047e+00	1.719974e-06	
4.301763e+00	1.330115e-05	
6.115812e+00	3.838531e-05	
5.432591e+00	4.272078e-05	
4.490866e+00	5.251518e-05	
3.314867e+00	2.992414e-05	
1.593978e+00	6.886386e-05	
1.926446e-01	5.041143e-05	
5.370055e+00	2.750448e-05	
1.670081e+00	8.047254e-05	
3.030329e+00	5.299738e-05	
4.859157e-01	7.724111e-05	
3.067467e+00	8.599738e-05	
5.303979e+00	4.419086e-06	
4.430049e+00	1.058186e-05	
7.773151e-01	2.547282e-05	
3.130796e+00	8.343808e-06	
6.667923e+00	3.614416e-05	
4.733747e+00	8.158737e-05	
1.261221e+00	7.663405e-06	
3.972452e+00	6.199497e-05	
5.628900e+00	5.566783e-05	
2.670659e+00	3.037960e-05	
3.573039e+00	4.077978e-05	
5.839279e+00	2.109171e-05	
3.056506e+00	9.051496e-05	
4.501938e+00	2.614329e-05	
6.682980e+00	3.865235e-05	
2.368517e+00	4.711115e-05	
3.108467e+00	2.017461e-05	
8.232411e-01	1.145474e-05	
6.523223e+00	3.632444e-05	
5.497993e+00	1.695457e-05	
2.942499e+00	2.796150e-05	
3.859211e+00	4.135895e-06	
2.289334e+00	3.639038e-05	
2.278877e+00	5.006735e-05	
5.439365e+00	2.618799e-05	
6.005135e+00	8.870226e-06	
6.570831e-01	2.527044e-05	
6.415066e+00	3.187946e-05	
5.483775e+00	6.552117e-06	
1.207939e+00	1.058644e-05	
2.441657e+00	3.341428e-05	
4.993081e+00	3.357343e-05	
2.111506e+00	9.322533e-06	
1.040864e+00	4.991163e-06	
5.086672e+00	3.128146e-05	
4.471093e+00	2.663395e-05	
2.045179e+00	8.088050e-06	
6.015939e+00	4.343704e-06	
1.621245e+00	3.021727e-05	
2.075817e+00	2.420478e-05	
4.354987e+00	2.730030e-05	
2.579893e+00	3.265242e-05	
5.031309e+00	2.952906e-06	
3.677283e+00	2.631231e-06	
1.087435e+00	8.424189e-05	
7.828960e+00	7.668798e-05	
6.789231e+00	2.648021e-05	
2.281068e+00	2.260816e-05	
2.342434e+00	2.892620e-05	
1.386815e+00	2.915899e-05	
4.558890e-01	6.242140e-06	
6.632116e+00	2.861939e-05	
5.457476e+00	2.211453e-05	
4.103835e+00	1.698434e-05	
3.768892e+00	6.441582e-06	
3.777656e+00	2.745949e-06	
4.595569e+00	3.698408e-05	
3.241788e+00	2.070723e-05	
4.597770e+00	2.583265e-05	
3.521527e+00	1.388484e-05	
2.431439e+00	5.211241e-05	
3.523147e+00	7.516105e-05	
5.849040e+00	8.037652e-05	
6.524072e+00	4.286420e-05	
1.055868e+00	3.199274e-05	
4.046275e+00	2.206138e-05	
3.732194e+00	9.215161e-06	
5.966648e+00	5.179238e-05	
4.287673e+00	4.771329e-07	
6.677651e+00	1.139456e-05	
2.109375e+00	3.305891e-05	
3.460480e+00	1.411230e-05	
3.922944e+00	1.387739e-06	
1.655552e+00	3.506908e-06	
6.768669e+00	1.589255e-05	
3.220403e+00	1.200511e-05	
3.237780e+00	1.260034e-05	
5.148439e-01	2.952863e-05	
1.466562e+00	1.523340e-06	
5.512434e+00	2.540366e-05	
2.998216e+00	9.912266e-06	
5.895311e+00	2.852704e-05	
2.930417e+00	5.875651e-05	
6.773505e+00	3.453109e-05	
7.935818e+00	5.403747e-05	
1.628213e+00	1.767667e-05	
2.020825e+00	6.412486e-06	
1.969860e+00	3.195182e-05	
2.571581e+00	1.018624e-05	
3.827364e+00	2.211661e-05	
4.507997e+00	2.401145e-05	
2.148217e+00	3.651813e-06	
7.390073e+00	2.333621e-05	
8.831703e+00	2.610108e-05	
7.925171e-01	4.513322e-05	
3.712534e+00	4.828309e-05	
5.570191e+00	3.434701e-05	
2.976162e+00	5.478130e-05	
1.807306e+00	1.078417e-05	
3.945909e+00	9.013138e-05	
1.440302e+00	1.229584e-04	
4.810224e+00	8.754833e-05	
9.680939e-01	7.789623e-05	
4.515104e+00	5.819733e-05	
4.778296e+00	4.154486e-05	
7.140001e+00	4.579541e-05	
5.864976e+00	4.420650e-05	
2.592622e+00	4.992526e-05	
3.371879e-01	3.622445e-05	
2.489974e+00	4.522728e-05	
1.561422e+00	4.092699e-05	
5.240099e+00	2.169609e-05	
4.935588e+00	5.466693e-05	
6.806479e+00	1.139135e-05	
5.268244e+00	2.054022e-05	
1.045941e+00	1.173042e-05	
2.393464e+00	5.129391e-06	
3.310185e+00	1.435989e-05	
6.381023e+00	2.718251e-05	
3.559661e+00	2.847828e-05	
3.092451e+00	1.745630e-05	
5.997604e+00	6.767602e-05	
4.223451e+00	6.381080e-05	
4.242529e+00	8.406908e-05	
3.120087e+00	3.686244e-05	
2.202367e+00	4.684316e-05	
1.990307e-01	5.580264e-05	
3.233679e+00	1.005164e-05	
7.809908e+00	5.496435e-05	
4.924234e+00	5.454888e-05	
4.066934e+00	5.420230e-05	
6.017449e+00	5.682522e-05	
1.943865e+00	4.235239e-05	
3.326329e+00	4.285729e-05	
6.360342e+00	4.987667e-05	
1.432884e+00	2.655092e-05	
4.212160e+00	7.647437e-05	
5.867469e+00	1.294298e-04	
4.887640e+00	1.148663e-04	
3.147452e+00	6.177677e-05	
2.402270e+00	6.239976e-05	
2.134007e+00	4.649960e-05	
3.905591e+00	5.546524e-05	
5.653137e+00	1.631267e-05	
1.475129e+00	5.304325e-05	
4.654432e+00	4.877500e-05	
1.180774e+00	4.202488e-05	
5.316879e+00	6.744145e-05	
9.838419e-01	9.575658e-05	
2.173247e+00	7.243132e-05	
5.303224e+00	5.647233e-05	
5.819716e+00	2.432147e-05	
2.595451e+00	4.830520e-05	
4.443276e-01	3.596435e-05	
3.745946e+00	3.699993e-05	
7.819871e+00	5.608292e-05	
1.434877e+00	7.948271e-05	
1.021099e+00	3.624885e-05	
4.475743e+00	2.885857e-05	
2.659210e+00	7.626822e-05	
2.877773e+00	8.640135e-05	
3.651301e+00	1.045181e-04	
2.938207e+00	5.191702e-05	
1.548432e+00	5.214953e-05	
7.921818e-01	4.151829e-05	
3.942818e+00	3.765890e-05	
6.135067e+00	5.576208e-05	
2.576447e-01	5.062061e-05	
5.158002e+00	3.393747e-05	
2.902651e+00	1.028922e-04	
5.320756e+00	9.416163e-05	
1.668477e+00	4.320961e-05	
1.410306e+00	5.601015e-05	
4.049046e+00	4.418918e-05	
3.990312e+00	5.451322e-05	
4.491533e+00	1.260057e-04	
5.059993e+00	5.991901e-05	
7.579174e+00	9.139991e-05	
5.022863e+00	9.216657e-05	
3.015925e+00	8.223788e-05	
2.817969e+00	6.495087e-05	
3.350837e+00	6.218519e-05	
3.515655e+00	6.002973e-05	
4.219713e+00	1.036156e-04	
7.608106e+00	5.789083e-05	
4.549304e-01	8.783017e-05	
2.021403e+00	1.037607e-04	
2.670699e+00	5.184793e-05	
3.763754e+00	5.997254e-05	
6.684903e+00	3.576296e-05	
2.046386e+00	6.052593e-05	
5.681387e+00	2.912775e-05	
3.438527e+00	4.807972e-05	
8.784450e-01	7.173769e-05	
3.264800e+00	3.532309e-05	
4.281759e+00	3.705395e-05	
5.484517e+00	7.266570e-05	
2.039359e+00	8.663455e-05	
5.843845e+00	1.166895e-04	
1.535898e+00	9.996895e-05	
4.888676e+00	7.645633e-05	
2.186768e+00	6.808786e-05	
2.032552e+00	7.069416e-05	
5.906560e+00	4.542522e-05	
4.983019e+00	7.376524e-05	
6.039040e+00	7.517325e-05	
5.805450e+00	4.933779e-05	
3.644682e+00	7.404998e-05	
4.584685e+00	6.755871e-05	
4.553494e+00	3.313886e-05	
1.195666e+00	2.375705e-05	
2.272826e+00	4.020148e-05	
4.386312e+00	7.707097e-05	
2.276179e+00	1.416905e-04	
7.062233e+00	1.546646e-04	
6.718080e+00	1.208786e-04	
4.602726e+00	1.071116e-04	
2.177906e+00	1.122070e-04	
5.637591e+00	8.277191e-05	
3.389510e+00	1.074926e-04	
3.162855e+00	1.026607e-04	
2.860296e+00	5.133384e-05	
4.731505e+00	6.254387e-05	
3.888384e+00	8.887890e-05	
2.737097e+00	8.959455e-05	
2.980590e+00	6.906999e-05	
3.861921e+00	6.187971e-05	
7.471769e+00	7.108245e-05	
6.523212e+00	1.610730e-05	
7.445475e+00	3.682166e-05	
7.075484e+00	6.120503e-05	
5.195645e+00	5.256672e-05	
2.657468e+00	4.950415e-05	
1.178698e+00	5.103326e-05	
2.614624e+00	7.655757e-05	
6.763994e+00	5.350283e-05	
5.458844e+00	1.213818e-04	
4.642426e+00	9.142241e-05	
1.924318e+00	8.654971e-05	
3.028288e+00	7.780472e-05	
4.157999e+00	9.986812e-05	
3.324115e+00	5.530218e-05	
5.091462e+00	6.660127e-05	
4.690989e+00	1.016576e-04	
6.956400e+00	1.011512e-04	
4.405163e+00	8.274478e-05	
1.423126e+00	7.391506e-05	
2.552679e+00	9.941416e-05	
1.934115e+00	7.652074e-05	
5.342702e+00	6.793631e-05	
6.383471e+00	1.508064e-04	
3.817523e+00	1.702181e-04	
1.763108e+00	1.437608e-04	
1.240255e+00	1.188029e-04	
4.543608e+00	1.007705e-04	
4.132124e+00	9.525988e-05	
4.194743e+00	7.137578e-05	
6.114532e+00	6.633384e-05	
7.200550e+00	6.283739e-05	
4.053688e+00	7.907738e-05	
5.186299e+00	7.405700e-05	
3.619134e+00	6.141892e-05	
4.392884e+00	9.711716e-05	
3.104330e+00	9.029678e-05	
5.208207e+00	1.104153e-04	
3.429708e+00	1.023691e-04	
4.215559e+00	9.104196e-05	
3.810302e+00	1.123441e-04	
8.236147e+00	9.433381e-05	
7.443825e-01	8.150900e-05	
4.785227e+00	6.550766e-05	
5.160972e+00	7.997473e-05	
1.997775e+00	6.055200e-05	
7.446459e+00	8.383837e-05	
5.210076e+00	8.796957e-05	
5.552872e+00	1.041620e-04	
5.058051e+00	7.992231e-05	
5.055476e+00	8.242617e-05	
3.856128e+00	1.146040e-04	
3.073480e+00	8.947463e-05	
4.451886e+00	8.553401e-05	
5.222410e+00	1.077649e-04	
5.552667e+00	6.746411e-05	
7.053240e+00	1.032640e-04	
4.083104e+00	9.755319e-05	
3.734119e+00	8.317815e-05	
5.813339e+00	1.389602e-04	
3.345195e+00	1.680586e-04	
5.108874e+00	1.291377e-04	
4.538456e+00	1.713332e-04	
5.299894e+00	1.472541e-04	
4.527919e+00	1.031110e-04	
6.701677e+00	1.348254e-04	
7.396063e+00	1.013921e-04	
6.841059e+00	1.042483e-04	
7.394004e+00	8.947125e-05	
3.167938e+00	9.575694e-05	
1.264945e+00	1.020514e-04	
5.336887e+00	1.069583e-04	
5.485454e+00	7.003635e-05	
3.677220e+00	8.122334e-05	
3.430758e+00	9.948516e-05	
6.913381e-01	9.607886e-05	
2.839729e+00	9.356721e-05	
2.712107e+00	1.097319e-04	
1.088136e+00	1.012730e-04	
1.843725e+00	1.021368e-04	
4.606812e+00	7.972288e-05	
4.989543e+00	1.003713e-04	
4.256359e+00	1.035355e-04	
3.229487e+00	1.017565e-04	
8.346719e+00	1.120344e-04	
3.522131e+00	1.104473e-04	
4.939634e+00	1.189714e-04	
5.998056e+00	8.741935e-05	
5.490474e+00	8.942651e-05	
6.832127e+00	1.136567e-04	
4.849483e+00	1.232242e-04	
6.359297e+00	1.308547e-04	
4.329981e+00	1.115747e-04	
6.392655e+00	8.375922e-05	
2.165487e-01	1.105072e-04	
2.451385e+00	1.277159e-04	
6.384115e+00	1.536411e-04	
3.981063e+00	1.856135e-04	
6.088877e+00	1.766263e-04	
4.733787e+00	1.814320e-04	
5.651630e+00	2.314308e-04	
5.650289e+00	1.764727e-04	
7.361003e+00	1.335437e-04	
1.268826e+00	7.976818e-05	
6.062092e+00	1.272482e-04	
5.412342e+00	1.034425e-04	
5.255535e+00	8.362185e-05	
5.208318e+00	7.488289e-05	
3.011920e+00	7.635156e-05	
4.537662e+00	7.823999e-05	
6.160034e+00	7.623387e-05	
1.922920e-01	7.211529e-05	
4.114689e+00	6.708075e-05	
3.602649e+00	6.974152e-05	
5.612887e+00	8.359354e-05	
5.786561e+00	8.730576e-05	
1.338976e+00	9.729924e-05	
7.672647e+00	6.833025e-05	
5.575853e+00	7.252223e-05	
4.485923e+00	8.113805e-05	
6.313325e-01	8.220740e-05	
4.691477e+00	1.080931e-04	
5.800971e+00	1.089990e-04	
5.108723e+00	1.093731e-04	
1.735748e+00	1.205638e-04	
3.840869e+00	1.151880e-04	
6.323405e+00	1.292781e-04	
3.109972e+00	1.185498e-04	
6.081772e+00	1.243689e-04	
4.896208e+00	1.570283e-04	
3.673619e+00	1.085388e-04	
4.954896e+00	1.119075e-04	
2.502168e+00	1.397904e-04	
3.943223e+00	1.631630e-04	
3.737932e+00	2.017400e-04	
5.841946e+00	1.674671e-04	
3.211703e+00	1.068004e-04	
5.759903e+00	1.514730e-04	
3.774749e+00	1.750683e-04	
5.231913e+00	1.913421e-04	
2.121917e+00	1.617431e-04	
4.749150e+00	1.396833e-04	
5.941586e+00	7.512484e-05	
4.527917e+00	8.009234e-05	
4.242717e+00	7.765324e-05	
3.921439e+00	7.059909e-05	
6.443779e+00	9.498547e-05	
4.158947e-01	7.492989e-05	
3.882694e+00	7.612310e-05	
3.132685e+00	9.201678e-05	
8.275870e-01	7.796319e-05	
6.902848e+00	6.181859e-05	
3.763077e+00	9.034104e-05	
5.667039e+00	9.838164e-05	
4.493127e+00	7.913547e-05	
4.315452e+00	1.078096e-04	
3.654657e+00	8.057061e-05	
4.008471e+00	9.222715e-05	
5.935353e+00	8.311327e-05	
7.229853e+00	8.716890e-05	
7.648152e+00	8.622363e-05	
4.573790e+00	9.057357e-05	
2.387322e+00	8.999680e-05	
1.692493e+00	1.113970e-04	
2.658423e+00	1.152492e-04	
5.423714e+00	9.747667e-05	
2.845494e+00	1.149912e-04	
3.290702e+00	1.064427e-04	
2.416383e+00	1.334287e-04	
1.569629e-01	1.409307e-04	
6.265507e+00	1.567437e-04	
1.336557e+00	1.659357e-04	
6.731637e+00	1.558499e-04	
4.288474e+00	2.609168e-04	
7.590228e-01	1.738088e-04	
3.019730e+00	1.033448e-04	
7.099344e+00	1.762654e-04	
3.684885e+00	2.007615e-04	
5.786741e+00	1.643735e-04	
3.550677e+00	1.310469e-04	
1.403674e+00	1.024290e-04	
8.011307e-02	8.113006e-05	
5.721761e+00	8.259292e-05	
4.586409e+00	7.158654e-05	
6.694872e+00	6.737628e-05	
5.349945e+00	9.799211e-05	
4.959150e+00	9.111389e-05	
3.592493e+00	8.215207e-05	
2.162180e+00	8.048187e-05	
4.454103e+00	1.012022e-04	
5.874101e+00	9.143818e-05	
5.008551e+00	9.967854e-05	
4.757783e+00	1.051072e-04	
4.012398e+00	9.089164e-05	
4.707788e+00	1.060773e-04	
3.680544e+00	1.166318e-04	
7.448803e+00	1.116151e-04	
9.063442e+00	1.122053e-04	
6.841728e+00	1.135168e-04	
6.975059e+00	1.137260e-04	
3.776673e+00	1.105269e-04	
2.744783e+00	1.142956e-04	
4.916089e+00	9.918560e-05	
5.820696e+00	1.135134e-04	
4.636829e+00	1.016812e-04	
6.321960e+00	1.131666e-04	
1.448788e+00	1.296082e-04	
4.766840e+00	1.125632e-04	
1.295607e+00	1.463317e-04	
7.046333e-01	1.604859e-04	
5.830080e+00	1.946089e-04	
3.625342e+00	2.425289e-04	
5.885182e+00	2.228800e-04	
1.250509e+00	2.082621e-04	
5.592699e+00	2.312608e-04	
6.482345e+00	1.805802e-04	
4.771260e+00	1.425155e-04	
1.904784e+00	1.428740e-04	
3.417212e+00	1.216276e-04	
2.822725e+00	8.564395e-05	
4.154187e+00	9.948037e-05	
6.870979e+00	5.823437e-05	
3.956799e+00	6.708755e-05	
1.432290e+00	9.114704e-05	
1.784424e+00	9.017927e-05	
8.473232e-01	9.623327e-05	
4.612809e+00	8.697366e-05	
2.350962e+00	1.054215e-04	
5.123618e+00	9.700929e-05	
3.653045e+00	8.809510e-05	
8.195796e+00	1.010833e-04	
7.474914e+00	9.950543e-05	
5.033749e+00	1.067522e-04	
4.704671e+00	1.052814e-04	
2.174929e+00	1.103009e-04	
2.731002e+00	1.252078e-04	
7.404360e+00	9.692939e-05	
1.413784e+00	9.598402e-05	
2.730544e+00	1.092868e-04	
4.643539e+00	9.892766e-05	
3.670588e+00	1.166829e-04	
1.577763e+00	1.373670e-04	
6.934013e+00	1.252694e-04	
5.782200e+00	1.248850e-04	
6.672851e+00	1.184744e-04	
8.800354e+00	1.134439e-04	
3.198023e+00	1.369014e-04	
3.497272e+00	1.356646e-04	
5.578160e+00	1.707418e-04	
3.714916e+00	2.049816e-04	
3.933058e+00	1.482558e-04	
3.006685e+00	2.063099e-04	
5.708639e+00	2.628874e-04	
1.935477e+00	1.918750e-04	
4.072337e+00	1.172107e-04	
2.640425e+00	1.106562e-04	
1.476415e+00	1.197051e-04	
2.914039e+00	1.129087e-04	
4.752654e+00	9.147622e-05	
5.604396e+00	5.780776e-05	
5.351816e+00	6.926265e-05	
4.002910e+00	8.332299e-05	
5.591536e+00	7.270986e-05	
1.888236e+00	7.541014e-05	
5.703486e+00	9.064692e-05	
5.244741e+00	9.183111e-05	
3.550093e+00	6.571302e-05	
2.407908e+00	1.077917e-04	
4.143825e+00	8.691111e-05	
6.107334e+00	8.800600e-05	
1.841496e+00	9.889638e-05	
3.257548e+00	7.781994e-05	
3.429123e+00	8.833450e-05	
6.081669e-01	8.948342e-05	
4.232116e+00	8.360333e-05	
5.472109e+00	6.684897e-05	
2.240970e+00	1.055608e-04	
5.698021e+00	9.754728e-05	
4.474962e+00	1.150792e-04	
5.188612e+00	1.002043e-04	
3.448863e+00	1.259234e-04	
3.846863e+00	1.090630e-04	
3.114014e+00	1.407455e-04	
5.775591e+00	1.118266e-04	
7.427419e+00	1.357674e-04	
6.139361e+00	1.245070e-04	
1.373611e+00	1.543644e-04	
3.445517e+00	2.488647e-04	
3.810347e+00	2.256871e-04	
6.507774e+00	2.694743e-04	
2.560804e+00	2.048615e-04	
4.173145e+00	1.502993e-04	
4.476072e+00	1.344544e-04	
3.000069e+00	8.727487e-05	
3.846761e+00	1.008685e-04	
7.183411e+00	8.167336e-05	
2.623816e+00	9.492517e-05	
4.232714e+00	7.222987e-05	
3.507915e+00	7.883397e-05	
6.391140e+00	7.259094e-05	
5.726429e+00	1.012474e-04	
3.478117e+00	9.146615e-05	
6.373051e+00	7.566518e-05	
5.766311e+00	9.452533e-05	
5.914962e+00	8.884852e-05	
2.426735e+00	9.243557e-05	
4.287615e+00	8.590520e-05	
4.391387e+00	8.430632e-05	
2.017935e+00	6.297113e-05	
3.074017e+00	6.494108e-05	
2.166547e+00	8.580897e-05	
5.099386e+00	7.855685e-05	
4.094052e+00	8.968857e-05	
5.963332e+00	7.581283e-05	
3.414738e+00	8.689884e-05	
5.036470e+00	1.195449e-04	
2.725761e+00	9.886850e-05	
6.045869e+00	1.128141e-04	
4.979337e+00	8.579246e-05	
3.266683e+00	9.934138e-05	
1.832779e+00	9.028799e-05	
3.727629e+00	1.079187e-04	
4.643921e+00	1.342585e-04	
4.478285e+00	1.340683e-04	
3.753599e+00	1.822886e-04	
2.301731e+00	1.426597e-04	
6.527887e+00	1.698920e-04	
9.191846e-01	1.865667e-04	
2.172881e+00	1.376057e-04	
4.411318e+00	1.505582e-04	
2.823177e+00	1.594574e-04	
4.079669e+00	1.367042e-04	
6.213824e+00	9.116371e-05	
2.649593e+00	8.529389e-05	
4.964461e+00	8.005075e-05	
7.013819e+00	8.757707e-05	
3.425403e+00	6.674224e-05	
4.893426e+00	8.951756e-05	
6.518049e-01	9.256046e-05	
1.420941e+00	1.011133e-04	
6.228239e+00	9.091722e-05	
4.660375e+00	7.340184e-05	
9.688302e-01	7.502311e-05	
8.131637e-01	8.729419e-05	
3.422174e+00	8.457432e-05	
3.117200e+00	8.559568e-05	
9.478445e-01	7.344202e-05	
2.022783e+00	8.673440e-05	
5.573435e+00	6.438451e-05	
3.749067e+00	1.031607e-04	
9.977483e-01	9.247991e-05	
5.104721e+00	7.996201e-05	
8.387950e+00	8.434237e-05	
3.997549e+00	1.096920e-04	
3.538917e+00	1.134760e-04	
3.922493e+00	1.070439e-04	
5.795799e+00	1.242184e-04	
1.670516e+00	9.572152e-05	
5.891589e+00	1.094523e-04	
5.307339e+00	1.135541e-04	
4.542073e+00	1.559152e-04	
2.685740e+00	8.221428e-05	
3.381796e+00	9.977236e-05	
4.486968e+00	1.440594e-04	
1.127486e+00	1.174515e-04	
4.072672e+00	9.894554e-05	
3.190212e+00	1.643522e-04	
4.628933e+00	1.412401e-04	
8.099177e-01	1.095192e-04	
3.152729e+00	1.273854e-04	
2.075164e+00	1.012337e-04	
5.770727e+00	8.150686e-05	
7.946702e+00	1.007008e-04	
6.487217e+00	4.650084e-05	
4.308600e+00	6.609645e-05	
4.840892e+00	7.917202e-05	
2.871692e+00	8.019441e-05	
4.235910e-01	8.543609e-05	
3.853676e+00	7.969863e-05	
4.709888e+00	5.707143e-05	
1.599216e+00	7.053717e-05	
4.577177e+00	6.070003e-05	
3.661620e+00	7.379117e-05	
4.522469e+00	8.214158e-05	
3.532590e+00	7.965540e-05	
1.754787e+00	6.697067e-05	
1.296476e+00	7.980687e-05	
5.039496e+00	9.995471e-05	
1.633313e+00	1.208927e-04	
7.500227e+00	1.013028e-04	
7.814744e+00	1.076807e-04	
5.362053e+00	1.235648e-04	
4.415750e+00	1.172771e-04	
5.253532e+00	1.225442e-04	
2.184132e+00	9.442334e-05	
7.572500e-01	1.198364e-04	
8.605986e+00	1.212573e-04	
4.824941e+00	1.501783e-04	
1.224450e+00	1.119055e-04	
5.400402e+00	1.042205e-04	
3.758784e+00	9.258024e-05	
4.135918e+00	1.254527e-04	
4.446147e+00	1.627673e-04	
3.724858e+00	2.625683e-04	
6.777671e+00	1.087424e-04	
2.757789e+00	1.241198e-04	
4.029000e+00	8.627786e-05	
9.574561e-01	1.088833e-04	
6.106327e+00	1.062942e-04	
1.081233e+00	1.062714e-04	
5.099758e+00	9.280981e-05	
7.772525e+00	6.219387e-05	
2.105066e+00	5.515724e-05	
5.341435e+00	9.177125e-05	
5.778323e+00	8.733784e-05	
5.981121e+00	8.681756e-05	
5.411366e+00	8.677272e-05	
1.215548e+00	7.434493e-05	
1.074695e+00	6.919419e-05	
4.296953e+00	8.632804e-05	
5.780326e+00	6.077432e-05	
3.410512e+00	6.864323e-05	
7.178946e+00	7.462510e-05	
6.378609e+00	6.201695e-05	
2.216414e+00	7.175552e-05	
4.409288e+00	8.405332e-05	
3.117478e+00	8.460949e-05	
1.088931e+00	1.128838e-04	
4.639267e+00	9.658835e-05	
5.795164e+00	1.210212e-04	
3.109288e+00	1.241022e-04	
6.667229e+00	1.214440e-04	
2.733998e+00	1.293853e-04	
5.271312e+00	1.165234e-04	
9.725875e-01	1.431358e-04	
4.217131e+00	6.625431e-05	
4.791269e+00	1.014232e-04	
4.146111e+00	1.249561e-04	
5.071879e+00	1.498509e-04	
5.493784e+00	1.992018e-04	
3.162500e+00	1.726461e-04	
5.363595e+00	1.137869e-04	
1.041857e+00	9.529959e-05	
4.552353e+00	1.396812e-04	
4.791552e+00	9.377334e-05	
5.627984e+00	8.099068e-05	
4.157687e+00	1.376518e-04	
6.523888e+00	9.409968e-05	
5.758507e+00	1.091615e-04	
3.891336e+00	6.094864e-05	
2.537479e+00	7.884998e-05	
4.044698e+00	9.363478e-05	
8.381601e-01	8.571478e-05	
4.356906e+00	9.244945e-05	
4.171462e+00	7.525143e-05	
2.326385e-01	8.489254e-05	
3.208414e+00	8.271832e-05	
4.528220e+00	5.936209e-05	
4.109584e+00	6.913904e-05	
6.458794e+00	7.127199e-05	
4.886989e+00	7.704160e-05	
4.371201e+00	9.437812e-05	
4.914938e+00	5.840385e-05	
4.160963e+00	6.754008e-05	
4.868486e+00	7.770203e-05	
5.609472e+00	9.319362e-05	
4.653056e+00	8.975864e-05	
2.465409e+00	1.087239e-04	
7.891090e-01	1.080698e-04	
5.136316e+00	1.264976e-04	
1.751948e+00	8.619887e-05	
3.576138e+00	1.025931e-04	
7.055297e+00	9.476793e-05	
2.485247e+00	9.626637e-05	
3.797538e+00	8.270107e-05	
5.713361e+00	1.232507e-04	
4.118041e+00	1.083645e-04	
2.897379e+00	1.623737e-04	
1.602414e+00	2.719906e-04	
2.104876e+00	2.307122e-04	
5.124958e+00	7.825737e-05	
7.424992e+00	1.276115e-04	
3.456727e+00	5.950454e-05	
5.450715e+00	7.929839e-05	
5.325146e+00	6.276886e-05	
3.664034e-01	1.084795e-04	
4.420411e+00	7.296673e-05	
4.612751e+00	6.080482e-05	
3.990789e+00	8.067023e-05	
3.973047e+00	8.263813e-05	
6.243539e+00	6.012625e-05	
5.146212e+00	7.082029e-05	
8.139326e-01	6.032921e-05	
5.449284e+00	5.932659e-05	
3.908472e+00	6.663608e-05	
4.012638e+00	5.860171e-05	
2.428565e+00	5.588502e-05	
3.861502e+00	7.200730e-05	
4.486594e+00	5.948984e-05	
3.921704e+00	7.544502e-05	
4.670607e+00	6.150450e-05	
3.763932e+00	7.073322e-05	
4.465179e+00	7.025413e-05	
6.430594e+00	1.046303e-04	
2.749139e+00	8.345287e-05	
3.635921e+00	9.725879e-05	
5.837303e+00	1.168430e-04	
1.550497e+00	1.041400e-04	
6.650182e+00	8.164858e-05	
5.449851e+00	8.699960e-05	
1.147454e+00	1.182407e-04	
3.001181e+00	1.189564e-04	
4.674595e+00	1.185645e-04	
4.734461e+00	1.001944e-04	
2.530411e+00	1.304198e-04	
5.081611e-01	1.465082e-04	
6.726143e-01	1.493941e-04	
5.321168e+00	1.038480e-04	
5.293998e+00	8.295031e-05	
6.053117e+00	9.704801e-05	
3.422305e+00	1.251972e-04	
2.999526e+00	7.565460e-05	
2.796492e+00	9.617382e-05	
5.510041e+00	5.810974e-05	
5.347493e+00	5.626534e-05	
4.630001e+00	5.575330e-05	
6.662711e+00	8.103467e-05	
5.894459e+00	6.591094e-05	
5.041033e+00	7.504102e-05	
8.985759e-01	6.282285e-05	
4.646258e+00	5.451604e-05	
2.448782e+00	6.836332e-05	
3.515226e+00	6.057098e-05	
6.564261e+00	6.498730e-05	
1.102735e+00	8.112052e-05	
2.270796e+00	7.893481e-05	
5.951684e+00	7.945049e-05	
5.864598e+00	7.841937e-05	
4.451102e+00	8.302137e-05	
3.393162e+00	7.817439e-05	
5.444214e+00	7.317659e-05	
6.664811e+00	8.369791e-05	
1.309387e+00	1.106853e-04	
4.132127e+00	8.238373e-05	
4.918915e+00	7.963663e-05	
5.868758e+00	1.059376e-04	
2.073680e+00	8.168173e-05	
5.711231e+00	8.185843e-05	
6.390919e+00	9.707768e-05	
7.501742e-01	1.202354e-04	
3.800032e+00	7.368389e-05	
8.026839e+00	7.227063e-05	
7.018464e+00	1.256732e-04	
6.889511e+00	1.562205e-04	
7.511359e-01	9.465691e-05	
4.385574e+00	1.627547e-04	
6.640279e+00	1.227541e-04	
5.358546e+00	1.398746e-04	
3.636069e+00	8.408471e-05	
1.566267e+00	8.429551e-05	
1.635965e+00	8.789547e-05	
7.237563e+00	7.738384e-05	
4.170484e+00	6.740262e-05	
4.999719e+00	5.780027e-05	
1.291001e+00	5.142530e-05	
1.870621e+00	9.783635e-05	
4.914161e+00	5.796872e-05	
6.066907e-01	6.766308e-05	
5.435075e+00	7.669692e-05	
2.519289e+00	6.200859e-05	
3.182489e+00	5.871878e-05	
3.604150e+00	8.186176e-05	
2.643640e+00	6.758395e-05	
2.395604e+00	7.608733e-05	
6.386203e-01	7.111448e-05	
4.352819e+00	7.579639e-05	
4.666362e+00	7.324595e-05	
6.079305e+00	7.647948e-05	
3.120169e+00	7.615140e-05	
1.677944e+00	8.313467e-05	
3.994003e+00	9.111273e-05	
5.437643e+00	7.871848e-05	
1.461942e+00	7.144681e-05	
4.416142e+00	9.987603e-05	
4.131493e+00	9.067456e-05	
4.908442e+00	9.691316e-05	
3.219411e+00	8.905067e-05	
2.740706e+00	9.001256e-05	
2.390434e+00	1.160836e-04	
7.285813e+00	9.446744e-05	
6.086886e+00	1.148004e-04	
5.277316e+00	1.055078e-04	
6.105607e+00	2.238693e-04	
4.511996e+00	2.068857e-04	
4.126358e+00	1.973435e-04	
1.684086e+00	8.936083e-05	
6.132526e+00	9.733542e-05	
7.725849e+00	5.031164e-05	
5.036182e+00	8.592465e-05	
9.934310e-01	9.267785e-05	
3.995271e+00	8.811231e-05	
5.233850e+00	8.161154e-05	
6.938262e+00	6.460032e-05	
5.775487e+00	5.818068e-05	
4.931891e+00	6.167283e-05	
4.328980e+00	8.274084e-05	
1.051126e+00	7.773830e-05	
4.983886e+00	7.368490e-05	
6.883542e+00	6.483103e-05	
2.125545e+00	6.661778e-05	
5.119288e+00	6.675246e-05	
3.957055e+00	7.372273e-05	
3.675341e+00	5.344320e-05	
4.911848e+00	6.936170e-05	
3.976890e+00	6.472420e-05	
2.266750e-01	6.039615e-05	
2.440257e+00	8.665061e-05	
4.819908e+00	6.190575e-05	
5.507793e+00	8.043334e-05	
4.211488e+00	7.503581e-05	
7.097293e+00	7.216730e-05	
7.144452e+00	1.067513e-04	
1.742088e+00	8.610595e-05	
4.012260e+00	8.510349e-05	
5.824756e+00	7.770434e-05	
4.355109e+00	7.841846e-05	
5.363306e+00	7.458546e-05	
3.692717e+00	8.623012e-05	
3.490278e+00	6.556060e-05	
1.405309e+00	1.421116e-04	
6.561888e-01	1.663723e-04	
4.807843e+00	1.789094e-04	
4.833890e+00	1.342108e-04	
3.554562e+00	1.210781e-04	
5.259056e+00	8.522327e-05	
5.796800e+00	9.281276e-05	
4.305521e+00	1.045033e-04	
6.326042e+00	9.243073e-05	
2.714327e+00	4.098378e-05	
6.073491e+00	6.686317e-05	
1.536798e+00	5.404541e-05	
7.972633e+00	4.958867e-05	
7.981397e+00	4.455733e-05	
2.930451e+00	6.120761e-05	
6.828141e+00	6.357815e-05	
4.905516e+00	5.526638e-05	
2.172799e+00	5.916306e-05	
2.826153e+00	4.539233e-05	
5.416868e+00	6.841111e-05	
5.950112e+00	7.922625e-05	
4.374093e+00	6.580631e-05	
5.226076e+00	6.678120e-05	
2.055602e+00	7.805731e-05	
5.873722e+00	7.315102e-05	
3.638370e+00	5.995998e-05	
5.864509e+00	7.622349e-05	
5.839547e+00	3.822863e-05	
6.354116e+00	8.036726e-05	
4.571448e+00	7.292775e-05	
3.954864e+00	8.118007e-05	
7.274455e+00	8.633644e-05	
1.671466e+00	6.882705e-05	
4.365286e+00	6.718116e-05	
5.456219e+00	6.866825e-05	
3.424146e+00	8.758183e-05	
1.665166e+00	8.226931e-05	
1.187154e+00	1.601330e-04	
5.520363e+00	1.073812e-04	
4.921883e+00	1.679734e-04	
3.304554e+00	7.900218e-05	
9.678720e-01	1.705299e-04	
5.256230e+00	1.084502e-04	
5.239743e-01	9.872343e-05	
2.279314e+00	1.000366e-04	
4.465411e+00	8.306282e-05	
9.305748e-01	6.500575e-05	
6.500912e+00	3.798994e-05	
4.974578e+00	8.306412e-05	
5.701801e+00	7.981809e-05	
4.210051e+00	5.559023e-05	
2.863474e+00	6.284888e-05	
5.475532e+00	8.456616e-05	
4.126672e+00	5.996699e-05	
8.135790e-01	7.130861e-05	
5.058652e+00	6.929634e-05	
3.020015e+00	4.174179e-05	
5.729216e+00	5.751294e-05	
4.940076e+00	4.716881e-05	
6.465371e+00	6.975431e-05	
7.596843e+00	4.794657e-05	
3.003239e+00	6.003710e-05	
3.490901e+00	6.220106e-05	
1.578187e+00	4.338069e-05	
2.392873e+00	5.619736e-05	
4.113210e+00	4.238301e-05	
6.480534e+00	4.896437e-05	
3.632022e+00	7.278668e-05	
3.311646e+00	6.366122e-05	
5.129716e+00	5.808861e-05	
6.358222e+00	6.173230e-05	
2.911856e+00	3.918163e-05	
3.296733e+00	6.379617e-05	
4.017832e+00	4.176490e-05	
4.850170e+00	1.063669e-04	
4.281951e+00	1.521233e-04	
4.955640e+00	8.742594e-05	
6.541663e+00	1.584709e-04	
5.011443e+00	2.565858e-04	
8.906703e-01	1.124126e-04	
2.119928e-01	1.108257e-04	
6.796050e-01	8.301097e-05	
8.693461e-01	8.980912e-05	
4.865176e+00	9.485585e-05	
5.230945e+00	5.000885e-05	
3.698489e+00	6.421781e-05	
7.655440e+00	7.212206e-05	
4.540468e+00	5.028514e-05	
3.844979e-01	6.297461e-05	
4.582390e+00	6.080650e-05	
6.454730e+00	6.895405e-05	
5.014149e+00	7.498082e-05	
6.283473e+00	6.699877e-05	
3.412259e+00	6.201716e-05	
4.050892e+00	5.666515e-05	
4.236670e+00	4.749484e-05	
2.927868e+00	4.964106e-05	
1.548788e+00	6.388577e-05	
4.822980e+00	7.347401e-05	
5.033389e+00	5.370149e-05	
4.278484e+00	5.833973e-05	
5.840845e+00	5.106794e-05	
3.126842e+00	6.902759e-05	
1.247820e+00	5.754521e-05	
1.412422e+00	6.835371e-05	
4.308235e+00	7.057428e-05	
3.298338e+00	5.230476e-05	
5.701217e+00	4.976584e-05	
6.519467e+00	8.289246e-05	
4.538979e+00	7.029814e-05	
3.632615e+00	6.744561e-05	
2.506307e+00	9.837078e-05	
2.857893e+00	7.871659e-05	
6.049023e+00	6.031950e-05	
3.834807e+00	5.373084e-05	
4.323277e+00	1.573505e-04	
1.492803e+00	1.155521e-04	
2.467499e+00	2.365439e-04	
4.801211e+00	1.406544e-04	
1.505292e+00	9.907534e-05	
1.857222e+00	8.032403e-05	
6.897572e+00	5.551547e-05	
7.848722e+00	2.646139e-05	
6.208019e+00	5.763065e-05	
6.398926e+00	7.636892e-05	
3.036014e+00	3.003892e-05	
1.140701e+00	4.591192e-05	
1.101723e+00	7.351181e-05	
3.988577e+00	6.499082e-05	
2.356670e+00	5.501763e-05	
2.444031e+00	6.096033e-05	
4.780900e+00	4.642305e-05	
1.327303e+00	4.296610e-05	
5.056838e+00	5.957275e-05	
1.238907e+00	4.694230e-05	
3.558983e+00	6.679684e-05	
4.352808e+00	6.953185e-05	
5.953737e+00	5.644503e-05	
1.727932e+00	5.353500e-05	
2.974384e+00	4.769497e-05	
9.482921e-01	6.025086e-05	
1.415064e+00	5.924720e-05	
2.524338e+00	5.901017e-05	
5.632302e+00	6.304386e-05	
6.171115e+00	5.884969e-05	
4.738716e+00	4.841248e-05	
4.633014e+00	7.311361e-05	
3.063003e+00	5.107799e-05	
3.006264e+00	7.774255e-05	
1.061045e+00	4.452407e-05	
5.394889e+00	7.845829e-05	
1.106300e+00	9.067632e-05	
6.207636e+00	2.807946e-05	
5.890676e+00	3.114410e-04	
2.749841e+00	2.564770e-04	
4.699453e+00	1.936910e-04	
2.371334e+00	1.717069e-04	
5.159276e+00	6.356733e-05	
3.607914e+00	9.369197e-05	
7.136081e+00	5.648825e-05	
7.145161e+00	4.227244e-05	
5.850126e+00	8.791529e-05	
4.535415e+00	9.451892e-05	
5.318715e+00	3.486866e-05	
1.704026e+00	6.215515e-05	
3.641823e-01	4.638660e-05	
8.336743e-01	6.602615e-05	
3.305229e+00	6.103238e-05	
2.504784e+00	4.792868e-05	
3.854989e+00	5.815033e-05	
1.938231e+00	3.490807e-05	
2.176594e+00	6.820393e-05	
1.112877e+00	6.107232e-05	
1.879386e+00	5.828870e-05	
7.045571e+00	6.736058e-05	
5.242281e+00	6.463788e-05	
4.471630e+00	6.453515e-05	
2.533057e+00	5.082266e-05	
4.146544e+00	5.448597e-05	
5.925961e+00	5.337355e-05	
4.018276e+00	5.536511e-05	
2.976085e+00	5.993673e-05	
5.056829e+00	3.623220e-05	
5.385627e+00	3.207236e-05	
4.592907e+00	4.925442e-05	
7.506558e-01	6.754653e-05	
1.150143e+00	5.098463e-05	
2.017920e+00	4.215741e-05	
4.833889e+00	1.099407e-04	
9.356011e-01	8.683091e-05	
5.401732e+00	7.846509e-05	
4.138196e+00	1.209529e-04	
4.850680e+00	1.418678e-04	
1.277030e+00	2.115217e-04	
5.859141e+00	7.629947e-05	
3.739671e+00	8.169441e-05	
5.896138e+00	8.123675e-05	
6.282595e+00	5.468831e-05	
7.657401e+00	6.138496e-05	
7.498733e+00	7.178209e-05	
4.753764e+00	8.156123e-05	
5.163174e+00	6.983557e-05	
9.617075e-01	7.217847e-05	
4.076439e+00	6.214268e-05	
3.302535e+00	6.128576e-05	
6.502689e-01	5.936901e-05	
5.997170e+00	6.647804e-05	
3.846383e+00	4.757079e-05	
5.421349e+00	5.288040e-05	
6.083617e+00	4.572063e-05	
2.560993e+00	6.452562e-05	
3.948703e+00	4.963761e-05	
1.785804e+00	6.102351e-05	
1.089973e+00	7.516295e-05	
4.178930e+00	8.300668e-05	
5.991980e+00	5.454663e-05	
1.587967e+00	6.140013e-05	
4.132360e+00	4.389906e-05	
5.998097e+00	3.995895e-05	
5.297815e+00	4.638806e-05	
6.389946e+00	3.197816e-05	
4.665858e+00	3.609443e-05	
6.247583e+00	4.996924e-05	
8.310762e-01	6.754716e-05	
3.221424e+00	6.758363e-05	
3.191802e+00	7.114529e-05	
4.750912e+00	8.484557e-05	
1.651040e+00	9.135734e-05	
6.783250e-01	1.055399e-04	
1.210368e+00	2.710717e-04	
1.267444e+00	2.548929e-04	
3.031786e+00	1.338072e-04	
4.472630e+00	6.830197e-05	
1.121747e+00	7.593870e-05	
3.005646e+00	1.001472e-04	
5.314739e+00	5.136115e-05	
3.497702e+00	5.380284e-05	
5.863331e+00	5.857334e-05	
4.985196e+00	8.248954e-05	
4.354834e+00	6.689147e-05	
1.175700e+00	6.658438e-05	
7.075461e+00	5.342167e-05	
5.175423e+00	3.200819e-05	
7.949070e+00	4.746219e-05	
5.069479e+00	4.271271e-05	
3.643126e+00	3.836329e-05	
6.792585e+00	3.344471e-05	
6.963618e+00	4.999849e-05	
5.969333e+00	3.819181e-05	
5.079424e+00	4.382722e-05	
4.844279e+00	4.164535e-05	
7.533225e+00	5.629271e-05	
4.420412e+00	5.552111e-05	
4.400126e+00	5.485004e-05	
5.946505e+00	4.956792e-05	
4.569071e+00	6.302434e-05	
1.289482e+00	3.466991e-05	
1.520345e+00	2.747036e-05	
4.895674e+00	3.142178e-05	
3.386950e+00	7.316451e-05	
5.261385e+00	6.406251e-05	
6.923091e+00	5.956247e-05	
5.297194e+00	3.572172e-05	
5.527365e+00	7.330472e-05	
6.095170e+00	1.182760e-04	
5.990820e+00	1.088632e-04	
4.424530e+00	8.759976e-05	
3.391216e+00	2.630002e-04	
4.997119e+00	1.629834e-04	
5.006210e+00	1.473978e-04	
2.194980e+00	8.838289e-05	
4.923476e+00	3.602054e-05	
6.015203e+00	7.114224e-05	
6.755813e+00	3.196620e-05	
1.379291e+00	5.789600e-05	
7.074076e+00	5.669453e-05	
5.763126e+00	3.399594e-05	
6.650046e+00	5.082923e-05	
5.075326e+00	4.797682e-05	
5.058027e+00	2.866253e-05	
5.784441e+00	5.175396e-05	
3.312667e+00	4.690946e-05	
5.885692e+00	2.532292e-05	
3.562873e+00	2.364724e-05	
7.611832e-01	5.614576e-05	
5.239053e+00	5.617491e-05	
5.392340e+00	3.750486e-05	
5.316920e+00	6.053973e-05	
5.447706e+00	5.482386e-05	
5.279783e+00	4.075403e-05	
6.694432e+00	4.350509e-05	
1.943812e+00	5.958335e-05	
4.692040e+00	5.016682e-05	
4.770715e+00	2.426650e-05	
3.965212e+00	4.367608e-05	
4.233170e+00	4.875120e-05	
6.168250e+00	3.583681e-05	
1.029518e+00	6.468088e-05	
5.686961e+00	5.926386e-05	
7.745176e+00	5.144087e-05	
5.929545e+00	4.856374e-05	
6.846383e+00	7.435495e-05	
3.557961e+00	1.378365e-04	
6.805291e+00	1.423210e-04	
5.833735e+00	1.338607e-04	
4.046302e+00	2.110463e-04	
2.832714e+00	2.760633e-04	
5.305879e+00	2.414733e-04	
7.064487e-01	4.895466e-05	
2.995860e+00	6.047273e-05	
5.743018e+00	3.480177e-05	
3.889695e+00	7.496007e-05	
5.126456e+00	2.673110e-05	
7.308173e+00	3.662665e-05	
6.609318e+00	3.477381e-05	
1.082915e+00	5.127722e-05	
5.130910e+00	6.355033e-05	
6.381923e+00	4.917139e-05	
3.241418e+00	4.495610e-05	
5.824066e-01	4.476444e-05	
3.487568e+00	2.947566e-05	
5.427011e+00	3.299322e-05	
5.000413e+00	3.851565e-05	
7.551892e+00	4.720454e-05	
7.507563e+00	4.266197e-05	
8.094055e-01	5.086151e-05	
3.812508e+00	4.565256e-05	
5.941973e+00	2.917087e-05	
1.142027e+00	3.587348e-05	
6.454156e+00	4.644163e-05	
7.409675e+00	4.871492e-05	
3.643408e+00	4.101550e-05	
6.705593e+00	5.052561e-05	
5.464945e+00	4.970995e-05	
3.788634e+00	2.857160e-05	
4.977446e+00	2.956402e-05	
4.525354e+00	2.952171e-05	
6.393341e+00	4.141322e-05	
2.294663e+00	6.285163e-06	
3.491470e+00	6.338059e-05	
5.388545e+00	1.087029e-04	
3.137617e+00	1.614787e-04	
6.425696e+00	1.896121e-04	
6.021193e+00	2.281286e-04	
1.634568e+00	2.558436e-04	
1.966444e+00	2.127720e-04	
1.697828e+00	1.291630e-04	
6.884793e-01	6.095866e-05	
4.560086e+00	8.153671e-05	
1.333271e+00	3.806007e-05	
3.641538e+00	2.885336e-05	
2.215435e+00	4.051562e-05	
5.482275e+00	5.327298e-05	
6.959989e+00	3.668631e-05	
4.665957e+00	4.653446e-05	
8.124963e+00	3.954854e-05	
6.652792e+00	5.090996e-05	
3.886581e+00	4.516068e-05	
5.336243e+00	4.670929e-05	
2.857936e+00	4.936386e-05	
6.367457e+00	3.914382e-05	
5.789436e+00	4.719517e-05	
2.722118e+00	7.069128e-05	
3.883889e+00	4.406627e-05	
3.885477e+00	4.093714e-05	
1.818025e+00	4.260683e-05	
3.347919e+00	2.053753e-05	
1.951977e+00	1.046025e-05	
5.100311e+00	1.761300e-05	
1.567197e+00	4.605637e-05	
6.056427e+00	5.752860e-05	
6.994227e+00	5.732450e-05	
5.657110e+00	3.603345e-05	
1.871245e+00	3.998870e-05	
3.378819e+00	5.308917e-06	
1.344887e+00	1.447587e-05	
2.748353e+00	5.028774e-05	
8.459490e+00	1.918481e-05	
6.538503e+00	1.017820e-04	
4.157142e+00	8.666441e-05	
7.037117e+00	6.284738e-05	
4.186746e+00	1.538465e-04	
1.118507e+00	3.065917e-04	
3.997204e+00	2.083469e-04	
1.900756e+00	7.177394e-05	
1.742848e+00	6.100668e-05	
4.591548e+00	2.367936e-05	
3.476798e+00	3.088749e-05	
4.964175e+00	6.678112e-06	
1.417728e+00	4.249203e-06	
4.673563e+00	2.379332e-05	
6.071290e+00	2.519828e-05	
3.789530e+00	2.506174e-05	
5.926625e+00	5.315437e-05	
4.307587e+00	5.010386e-05	
5.255549e+00	5.568976e-05	
7.601594e+00	3.580177e-05	
2.078044e+00	3.779762e-05	
3.270323e+00	2.097780e-05	
4.382276e+00	4.238157e-05	
4.142145e+00	5.360207e-05	
3.027514e+00	3.008318e-05	
2.653260e+00	4.768349e-05	
5.668734e+00	3.889012e-05	
4.807475e+00	3.194408e-05	
2.633877e+00	2.026509e-05	
5.355624e-01	2.622937e-05	
1.650422e+00	2.531959e-05	
5.323499e+00	2.088974e-05	
7.235861e+00	2.771967e-05	
3.336377e+00	2.859580e-05	
4.996177e+00	3.886683e-06	
6.437176e+00	3.277867e-05	
3.241972e+00	9.583585e-06	
4.970471e+00	4.609892e-05	
5.967291e+00	2.102394e-05	
7.696350e+00	6.518015e-05	
5.411790e+00	1.046627e-04	
4.036339e+00	9.266064e-05	
6.341030e+00	2.678842e-04	
4.875707e+00	2.464664e-04	
7.466003e+00	9.146597e-05	
5.226213e+00	5.958483e-05	
2.885004e+00	4.031638e-05	
3.736004e+00	1.705662e-05	
2.698716e+00	3.175414e-05	
1.656795e+00	1.056627e-05	
6.825399e+00	1.067232e-07	
5.296776e+00	1.712033e-05	
5.101811e+00	4.298484e-05	
4.595435e+00	6.135750e-05	
5.410731e+00	4.502614e-05	
4.645596e+00	2.290967e-05	
3.654896e+00	4.111579e-05	
4.982926e+00	2.094039e-05	
5.295354e+00	2.006926e-05	
7.912057e-01	3.529432e-05	
4.548600e+00	3.002289e-05	
1.594541e+00	3.660608e-05	
5.230339e+00	2.479374e-05	
7.350531e+00	3.563060e-05	
4.480944e+00	2.488196e-05	
2.857505e+00	1.360827e-05	
7.540945e+00	4.143345e-05	
1.747134e+00	3.136382e-05	
4.935348e+00	3.583852e-05	
3.937721e+00	2.252151e-05	
4.589521e+00	2.774016e-05	
5.047391e+00	3.289334e-05	
4.224746e+00	1.661127e-05	
4.476863e+00	1.532734e-05	
4.567577e+00	3.939723e-05	
3.602240e+00	2.260368e-05	
2.803694e+00	1.247694e-05	
1.867506e+00	1.092731e-04	
6.527618e+00	1.140786e-04	
6.114570e+00	2.058826e-04	
5.153677e+00	3.357172e-04	
6.104299e+00	1.750007e-04	
5.896338e+00	6.967456e-05	
5.945007e+00	3.732613e-05	
4.490759e+00	3.574575e-05	
4.642754e+00	3.622218e-06	
5.074314e+00	8.358220e-06	
2.784437e+00	3.290783e-05	
7.005948e+00	2.435815e-05	
4.897299e+00	3.819904e-05	
5.287141e+00	2.937117e-05	
4.563419e+00	1.021636e-05	
4.827122e+00	3.719959e-05	
6.940671e+00	4.914600e-05	
5.882257e+00	2.926563e-05	
7.473603e+00	1.863521e-05	
4.792519e+00	2.958330e-05	
6.563500e+00	2.795995e-05	
3.581027e+00	3.003958e-05	
1.965442e+00	2.236941e-05	
2.529995e+00	4.373798e-05	
4.887569e+00	2.458916e-05	
7.961155e+00	2.462996e-05	
7.239924e+00	3.223474e-05	
2.036435e+00	3.623879e-05	
1.929480e+00	4.036925e-05	
9.629452e-01	1.911831e-05	
1.727800e+00	1.151061e-05	
4.406334e+00	2.122270e-05	
4.828270e+00	3.985020e-05	
5.279829e+00	1.169463e-05	
5.091829e+00	2.955191e-06	
5.661365e-01	3.987755e-05	
5.400812e+00	6.008555e-05	
4.999766e+00	3.406054e-05	
6.820793e+00	6.955066e-05	
4.816455e+00	1.234814e-04	
5.631382e+00	6.148928e-05	
7.013884e+00	2.367210e-04	
2.330614e+00	2.312779e-04	
1.953872e+00	4.405144e-05	
6.612370e-01	1.473642e-06	
7.158894e+00	4.624780e-05	
2.975911e+00	8.815374e-06	
2.254735e+00	4.449202e-05	
5.192814e+00	9.937397e-06	
3.733936e+00	1.340684e-05	
7.284213e+00	1.880679e-05	
4.739118e+00	1.301509e-05	
4.953987e+00	2.702050e-05	
8.078557e+00	3.662170e-05	
4.421465e+00	4.498182e-05	
7.221198e+00	2.795709e-05	
5.450148e+00	3.203806e-05	
6.292968e+00	2.107571e-05	
4.106382e+00	2.286273e-05	
5.543913e+00	2.093098e-05	
3.464966e+00	3.479868e-05	
3.157958e+00	3.728905e-05	
3.402781e+00	2.755123e-05	
1.136567e+00	2.013123e-05	
5.469159e+00	2.899275e-05	
6.240757e+00	2.272203e-05	
5.208787e+00	3.805371e-06	
3.614920e+00	6.623144e-06	
5.775599e+00	1.984347e-05	
7.880156e+00	1.814698e-05	
1.293978e+00	2.957553e-07	
4.405888e+00	1.529640e-05	
3.965199e+00	1.919595e-05	
6.398005e+00	3.035285e-05	
1.822918e+00	1.027673e-04	
7.377267e+00	5.626087e-05	
4.453337e+00	5.790971e-05	
2.526085e+00	3.040569e-06	
5.315166e+00	2.249439e-05	
2.317465e-01	2.263537e-04	
2.897395e+00	3.309860e-04	
5.560941e+00	1.101535e-04	
2.447354e+00	2.165951e-05	
1.646830e+00	2.449372e-05	
4.312765e+00	1.027510e-05	
4.355772e+00	2.033786e-05	
6.996779e+00	1.829918e-05	
7.432924e+00	2.347318e-05	
3.910358e-01	3.610233e-06	
3.876140e+00	3.218899e-05	
3.369493e+00	2.517897e-05	
2.434249e+00	2.809436e-05	
3.716965e+00	1.308806e-05	
3.898461e+00	7.012227e-06	
1.415491e+00	3.312062e-05	
3.332808e+00	1.887753e-05	
6.769633e+00	1.060828e-05	
2.451323e+00	2.713724e-05	
5.358872e+00	1.360020e-05	
3.903515e+00	2.101331e-05	
4.376403e+00	6.489579e-06	
6.265190e+00	2.649589e-05	
5.501776e+00	2.293799e-05	
6.524244e+00	1.211348e-05	
7.080074e-01	1.446802e-05	
5.506366e+00	5.090812e-06	
1.765937e+00	3.694466e-05	
4.382685e+00	9.831390e-06	
6.774369e+00	1.675444e-05	
1.413511e+00	2.220014e-05	
3.784242e+00	1.887445e-05	
4.134988e+00	1.708167e-05	
3.165423e+00	4.594290e-05	
4.892751e+00	1.904490e-05	
7.024196e+00	5.716681e-05	
3.403648e+00	4.765661e-05	
3.025155e+00	3.712776e-05	
4.065064e+00	1.084453e-04	
