1.423853e+01	2.664535e-14	
2.133281e+01	2.746692e-13	
2.481337e+01	5.564438e-13	
2.648501e+01	3.470113e-12	
2.651037e+01	2.473577e-13	
2.316881e+01	2.543632e-12	
2.484076e+01	7.303047e-13	
2.483467e+01	9.925394e-14	
2.651730e+01	3.713252e-12	
2.483791e+01	2.211342e-12	
2.483158e+01	9.043655e-12	
2.651026e+01	7.134404e-12	
2.484005e+01	5.968559e-13	
2.484678e+01	5.866418e-13	
2.485718e+01	2.769562e-12	
2.652087e+01	1.524469e-11	
2.481966e+01	6.508127e-13	
2.479183e+01	2.345235e-12	
2.315116e+01	2.030376e-12	
2.486028e+01	6.832312e-13	
2.650219e+01	6.685563e-11	
2.479487e+01	8.213430e-13	
2.648018e+01	1.224021e-12	
2.482368e+01	3.893885e-12	
2.482939e+01	7.034817e-12	
2.650155e+01	2.367662e-12	
2.312210e+01	9.133139e-12	
2.479311e+01	4.407874e-11	
2.482146e+01	5.393463e-13	
2.314186e+01	1.105183e-11	
2.651729e+01	1.309397e-12	
2.484563e+01	3.019140e-12	
2.652031e+01	3.092193e-12	
2.484939e+01	1.483247e-11	
2.483558e+01	8.935075e-13	
2.651134e+01	4.386491e-13	
2.480905e+01	1.088685e-12	
2.311777e+01	7.819301e-13	
2.130827e+01	2.191580e-13	
1.422607e+01	2.220446e-14	
1.419078e+01	1.670286e-11	
1.959918e+01	2.347817e-12	
2.650379e+01	1.624050e-13	
2.317535e+01	1.872432e-13	
2.655734e+01	1.740098e-15	
2.488828e+01	2.085846e-14	
2.318123e+01	1.257271e-14	
2.654541e+01	1.448580e-14	
2.652178e+01	1.279749e-15	
2.650849e+01	1.688947e-15	
2.651481e+01	2.332189e-15	
2.485047e+01	3.622423e-16	
2.485881e+01	2.217823e-15	
2.484457e+01	1.622197e-16	
2.652479e+01	6.222934e-16	
2.653752e+01	4.511305e-16	
2.485855e+01	4.392763e-16	
2.482750e+01	0	
2.481152e+01	2.834493e-15	
2.482164e+01	4.224438e-16	
2.483837e+01	9.857022e-16	
2.652545e+01	2.976217e-15	
2.479984e+01	1.866467e-15	
2.478654e+01	8.785527e-16	
2.480984e+01	1.503768e-16	
2.316186e+01	9.334401e-16	
2.654229e+01	1.459977e-15	
2.653628e+01	0	
2.653848e+01	1.267848e-15	
2.319119e+01	0	
2.484786e+01	0	
2.648919e+01	1.163408e-15	
2.481748e+01	1.566033e-15	
2.483666e+01	5.987007e-16	
2.486987e+01	3.535332e-16	
2.487635e+01	2.392634e-15	
2.486612e+01	1.424986e-15	
2.653847e+01	1.307162e-13	
2.132996e+01	2.612111e-12	
1.423787e+01	8.749890e-12	
1.798764e+01	2.373657e-13	
2.653564e+01	1.284417e-12	
2.651866e+01	8.466561e-13	
2.482205e+01	7.125411e-13	
2.483592e+01	2.015388e-11	
2.654395e+01	3.654521e-12	
2.484616e+01	7.374101e-13	
2.479360e+01	7.598366e-13	
2.476388e+01	2.075706e-11	
2.478489e+01	1.175193e-11	
2.482821e+01	1.222800e-12	
2.485579e+01	1.880718e-12	
2.652566e+01	3.533962e-11	
2.484008e+01	7.636003e-12	
2.484765e+01	3.144707e-12	
2.486327e+01	7.229772e-13	
2.482900e+01	5.029310e-13	
2.312354e+01	1.916101e-11	
2.479457e+01	4.663825e-12	
2.481932e+01	2.756018e-12	
2.652071e+01	5.670575e-12	
2.481971e+01	6.707968e-13	
2.481101e+01	4.226175e-12	
2.481053e+01	8.371415e-12	
2.483421e+01	1.652034e-10	
2.485893e+01	5.827672e-12	
2.652637e+01	2.275846e-11	
2.483321e+01	2.574496e-12	
2.651200e+01	3.272693e-11	
2.652279e+01	3.907807e-11	
2.487729e+01	6.195267e-11	
2.489706e+01	3.838707e-12	
2.490696e+01	1.730804e-11	
2.318390e+01	4.818113e-11	
2.485500e+01	2.400102e-11	
2.484214e+01	1.057376e-11	
2.483305e+01	1.603118e-11	
1.962770e+01	6.031620e-12	
1.963746e+01	4.241052e-14	
2.649375e+01	8.706369e-13	
2.480888e+01	7.216450e-14	
2.650626e+01	1.748157e-12	
2.486403e+01	4.465317e-13	
2.655053e+01	2.989164e-12	
2.317997e+01	9.239498e-12	
2.652124e+01	1.294409e-12	
2.480682e+01	5.076828e-12	
2.314245e+01	2.222666e-13	
2.481286e+01	4.305445e-13	
2.481507e+01	2.342238e-12	
2.483420e+01	8.492096e-13	
2.652966e+01	9.011236e-12	
2.487920e+01	5.520029e-12	
2.653969e+01	1.148193e-12	
2.656403e+01	1.946732e-11	
2.485998e+01	1.440392e-11	
2.653159e+01	3.874678e-13	
2.484122e+01	2.759337e-11	
2.648598e+01	8.137091e-11	
2.649105e+01	1.039302e-11	
2.485575e+01	6.613710e-12	
2.490175e+01	2.883571e-11	
2.489812e+01	1.785849e-11	
2.485357e+01	1.279976e-11	
2.480288e+01	1.116995e-11	
2.648938e+01	1.423861e-11	
2.318001e+01	7.486789e-11	
2.485131e+01	2.721057e-11	
2.650235e+01	6.952217e-11	
2.485310e+01	5.087775e-11	
2.487286e+01	6.303846e-13	
2.484120e+01	4.222733e-12	
2.480171e+01	1.632028e-13	
2.479214e+01	4.314771e-12	
2.650812e+01	3.799183e-13	
1.967041e+01	9.584111e-12	
2.860785e+01	7.911744e-06	
3.553922e+01	2.350042e-05	
3.886992e+01	3.249807e-05	
3.550105e+01	1.719974e-06	
3.381663e+01	1.330115e-05	
3.551463e+01	3.838531e-05	
3.713650e+01	4.272078e-05	
3.208419e+01	5.251518e-05	
3.210369e+01	2.992414e-05	
3.550753e+01	6.886386e-05	
3.380145e+01	5.041143e-05	
3.375688e+01	2.750448e-05	
3.717127e+01	8.047254e-05	
3.382585e+01	5.299738e-05	
3.551669e+01	7.724111e-05	
3.887353e+01	8.599738e-05	
3.547148e+01	4.419086e-06	
3.550763e+01	1.058186e-05	
3.553899e+01	2.547282e-05	
3.715389e+01	8.343808e-06	
3.714107e+01	3.614416e-05	
3.719688e+01	8.158737e-05	
3.381654e+01	7.663405e-06	
3.542815e+01	6.199497e-05	
3.382116e+01	5.566783e-05	
3.374560e+01	3.037960e-05	
3.379045e+01	4.077978e-05	
3.379749e+01	2.109171e-05	
3.889379e+01	9.051496e-05	
3.543747e+01	2.614329e-05	
3.375748e+01	3.865235e-05	
3.715549e+01	4.711115e-05	
3.551201e+01	2.017461e-05	
3.718483e+01	1.145474e-05	
3.381311e+01	3.632444e-05	
3.371686e+01	1.695457e-05	
3.884818e+01	2.796150e-05	
2.512743e+01	4.135895e-06	
3.559658e+01	3.639038e-05	
4.077716e+01	5.006735e-05	
4.576179e+01	2.618799e-05	
4.241578e+01	8.870226e-06	
4.241955e+01	2.527044e-05	
4.574393e+01	3.187946e-05	
4.567817e+01	6.552117e-06	
4.402963e+01	1.058644e-05	
4.238612e+01	3.341428e-05	
4.238070e+01	3.357343e-05	
4.406841e+01	9.322533e-06	
4.070286e+01	4.991163e-06	
4.575857e+01	3.128146e-05	
4.413365e+01	2.663395e-05	
4.413677e+01	8.088050e-06	
4.077547e+01	4.343704e-06	
4.409510e+01	3.021727e-05	
4.415194e+01	2.420478e-05	
4.414628e+01	2.730030e-05	
4.413672e+01	3.265242e-05	
4.411929e+01	2.952906e-06	
4.410882e+01	2.631231e-06	
4.243537e+01	8.424189e-05	
4.410869e+01	7.668798e-05	
4.746982e+01	2.648021e-05	
4.579315e+01	2.260816e-05	
4.408412e+01	2.892620e-05	
4.407830e+01	2.915899e-05	
4.073029e+01	6.242140e-06	
4.408755e+01	2.861939e-05	
4.739007e+01	2.211453e-05	
4.572431e+01	1.698434e-05	
4.408627e+01	6.441582e-06	
4.747228e+01	2.745949e-06	
4.749142e+01	3.698408e-05	
4.743104e+01	2.070723e-05	
4.574931e+01	2.583265e-05	
3.376490e+01	1.388484e-05	
3.555278e+01	5.211241e-05	
4.410228e+01	7.516105e-05	
4.574977e+01	8.037652e-05	
4.408651e+01	4.286420e-05	
4.579942e+01	3.199274e-05	
4.743477e+01	2.206138e-05	
4.570161e+01	9.215161e-06	
4.572970e+01	5.179238e-05	
4.575474e+01	4.771329e-07	
4.243435e+01	1.139456e-05	
4.744025e+01	3.305891e-05	
4.574315e+01	1.411230e-05	
4.744025e+01	1.387739e-06	
4.242282e+01	3.506908e-06	
4.412240e+01	1.589255e-05	
4.412613e+01	1.200511e-05	
4.412337e+01	1.260034e-05	
4.244550e+01	2.952863e-05	
4.583954e+01	1.523340e-06	
4.584042e+01	2.540366e-05	
4.580722e+01	9.912266e-06	
4.580596e+01	2.852704e-05	
4.580480e+01	5.875651e-05	
4.582296e+01	3.453109e-05	
4.749566e+01	5.403747e-05	
4.414975e+01	1.767667e-05	
4.578402e+01	6.412486e-06	
4.743786e+01	3.195182e-05	
4.077097e+01	1.018624e-05	
4.410017e+01	2.211661e-05	
4.741735e+01	2.401145e-05	
4.742324e+01	3.651813e-06	
4.578871e+01	2.333621e-05	
4.410245e+01	2.610108e-05	
4.581739e+01	4.513322e-05	
4.078516e+01	4.828309e-05	
4.242220e+01	3.434701e-05	
3.548636e+01	5.478130e-05	
3.712660e+01	1.078417e-05	
4.407158e+01	9.013138e-05	
4.742443e+01	1.229584e-04	
4.244799e+01	8.754833e-05	
4.246869e+01	7.789623e-05	
4.247566e+01	5.819733e-05	
4.577645e+01	4.154486e-05	
4.746205e+01	4.579541e-05	
4.414476e+01	4.420650e-05	
4.581939e+01	4.992526e-05	
4.581008e+01	3.622445e-05	
4.409902e+01	4.522728e-05	
4.409779e+01	4.092699e-05	
4.748215e+01	2.169609e-05	
4.745755e+01	5.466693e-05	
4.581080e+01	1.139135e-05	
4.414683e+01	2.054022e-05	
4.582411e+01	1.173042e-05	
4.584242e+01	5.129391e-06	
4.582105e+01	1.435989e-05	
4.578307e+01	2.718251e-05	
4.410831e+01	2.847828e-05	
4.408328e+01	1.745630e-05	
4.411889e+01	6.767602e-05	
4.419244e+01	6.381080e-05	
4.248651e+01	8.406908e-05	
4.582349e+01	3.686244e-05	
4.409571e+01	4.684316e-05	
4.748659e+01	5.580264e-05	
4.581876e+01	1.005164e-05	
4.244690e+01	5.496435e-05	
4.580061e+01	5.454888e-05	
4.918722e+01	5.420230e-05	
4.748861e+01	5.682522e-05	
4.412724e+01	4.235239e-05	
4.413706e+01	4.285729e-05	
4.747699e+01	4.987667e-05	
3.545271e+01	2.655092e-05	
3.895028e+01	7.647437e-05	
4.077600e+01	1.294298e-04	
4.240998e+01	1.148663e-04	
4.411678e+01	6.177677e-05	
4.247165e+01	6.239976e-05	
4.750692e+01	4.649960e-05	
4.746997e+01	5.546524e-05	
4.412329e+01	1.631267e-05	
4.415371e+01	5.304325e-05	
4.418340e+01	4.877500e-05	
4.584235e+01	4.202488e-05	
4.412509e+01	6.744145e-05	
4.752236e+01	9.575658e-05	
4.752527e+01	7.243132e-05	
4.582746e+01	5.647233e-05	
4.751066e+01	2.432147e-05	
4.581008e+01	4.830520e-05	
4.246688e+01	3.596435e-05	
4.580821e+01	3.699993e-05	
4.244225e+01	5.608292e-05	
4.411494e+01	7.948271e-05	
4.745264e+01	3.624885e-05	
4.238731e+01	2.885857e-05	
4.576630e+01	7.626822e-05	
4.415140e+01	8.640135e-05	
4.584608e+01	1.045181e-04	
4.582631e+01	5.191702e-05	
4.578515e+01	5.214953e-05	
4.410947e+01	4.151829e-05	
4.579165e+01	3.765890e-05	
4.752138e+01	5.576208e-05	
4.586330e+01	5.062061e-05	
4.584042e+01	3.393747e-05	
4.915379e+01	1.028922e-04	
4.748040e+01	9.416163e-05	
4.577846e+01	4.320961e-05	
4.744148e+01	5.601015e-05	
3.379477e+01	4.418918e-05	
3.559138e+01	5.451322e-05	
4.247385e+01	1.260057e-04	
4.407718e+01	5.991901e-05	
4.406543e+01	9.139991e-05	
4.751011e+01	9.216657e-05	
4.415609e+01	8.223788e-05	
4.913499e+01	6.495087e-05	
4.410479e+01	6.218519e-05	
4.414389e+01	6.002973e-05	
4.751658e+01	1.036156e-04	
4.247319e+01	5.789083e-05	
4.582783e+01	8.783017e-05	
4.417249e+01	1.037607e-04	
4.586783e+01	5.184793e-05	
4.250878e+01	5.997254e-05	
4.414434e+01	3.576296e-05	
4.745693e+01	6.052593e-05	
4.238453e+01	2.912775e-05	
4.573302e+01	4.807972e-05	
4.576148e+01	7.173769e-05	
4.744923e+01	3.532309e-05	
4.745648e+01	3.705395e-05	
4.239230e+01	7.266570e-05	
5.075762e+01	8.663455e-05	
4.244593e+01	1.166895e-04	
4.750873e+01	9.996895e-05	
4.754198e+01	7.645633e-05	
4.414179e+01	6.808786e-05	
4.412250e+01	7.069416e-05	
4.745345e+01	4.542522e-05	
4.582161e+01	7.376524e-05	
4.417073e+01	7.517325e-05	
4.248491e+01	4.933779e-05	
4.575404e+01	7.404998e-05	
4.408105e+01	6.755871e-05	
4.579208e+01	3.313886e-05	
4.411623e+01	2.375705e-05	
3.548015e+01	4.020148e-05	
3.555129e+01	7.707097e-05	
4.412637e+01	1.416905e-04	
4.575061e+01	1.546646e-04	
4.743635e+01	1.208786e-04	
4.413094e+01	1.071116e-04	
4.581908e+01	1.122070e-04	
4.408232e+01	8.277191e-05	
4.403293e+01	1.074926e-04	
4.910244e+01	1.026607e-04	
4.407208e+01	5.133384e-05	
4.579706e+01	6.254387e-05	
4.747744e+01	8.887890e-05	
4.751448e+01	8.959455e-05	
4.249308e+01	6.906999e-05	
4.582361e+01	6.187971e-05	
4.410419e+01	7.108245e-05	
4.573186e+01	1.610730e-05	
4.906721e+01	3.682166e-05	
4.401314e+01	6.120503e-05	
4.403508e+01	5.256672e-05	
4.240176e+01	4.950415e-05	
4.412182e+01	5.103326e-05	
4.578374e+01	7.655757e-05	
4.741212e+01	5.350283e-05	
4.574353e+01	1.213818e-04	
4.244597e+01	9.142241e-05	
4.417145e+01	8.654971e-05	
4.413632e+01	7.780472e-05	
4.407696e+01	9.986812e-05	
4.578127e+01	5.530218e-05	
4.746832e+01	6.660127e-05	
4.580970e+01	1.016576e-04	
4.580814e+01	1.011512e-04	
4.746515e+01	8.274478e-05	
4.579533e+01	7.391506e-05	
4.413412e+01	9.941416e-05	
4.749146e+01	7.652074e-05	
3.552167e+01	6.793631e-05	
3.885652e+01	1.508064e-04	
4.577358e+01	1.702181e-04	
4.579138e+01	1.437608e-04	
4.747439e+01	1.188029e-04	
4.582639e+01	1.007705e-04	
4.415177e+01	9.525988e-05	
4.745243e+01	7.137578e-05	
4.738988e+01	6.633384e-05	
4.573883e+01	6.283739e-05	
4.574876e+01	7.907738e-05	
4.579547e+01	7.405700e-05	
4.410670e+01	6.141892e-05	
4.913839e+01	9.711716e-05	
4.910431e+01	9.029678e-05	
4.574367e+01	1.104153e-04	
4.743208e+01	1.023691e-04	
4.411315e+01	9.104196e-05	
4.578664e+01	1.123441e-04	
4.243863e+01	9.433381e-05	
4.403693e+01	8.150900e-05	
4.743456e+01	6.550766e-05	
4.584244e+01	7.997473e-05	
4.246355e+01	6.055200e-05	
4.405531e+01	8.383837e-05	
4.737955e+01	8.796957e-05	
4.242522e+01	1.041620e-04	
4.075950e+01	7.992231e-05	
4.744629e+01	8.242617e-05	
4.740403e+01	1.146040e-04	
4.238051e+01	8.947463e-05	
4.413233e+01	8.553401e-05	
4.578246e+01	1.077649e-04	
4.748098e+01	6.746411e-05	
5.081250e+01	1.032640e-04	
4.412814e+01	9.755319e-05	
4.750447e+01	8.317815e-05	
4.413751e+01	1.389602e-04	
3.722403e+01	1.680586e-04	
3.713265e+01	1.291377e-04	
4.745534e+01	1.713332e-04	
4.583550e+01	1.472541e-04	
4.751809e+01	1.031110e-04	
4.751815e+01	1.348254e-04	
4.413006e+01	1.013921e-04	
4.409009e+01	1.042483e-04	
4.573331e+01	8.947125e-05	
4.405799e+01	9.575694e-05	
4.576373e+01	1.020514e-04	
4.750262e+01	1.069583e-04	
5.087718e+01	7.003635e-05	
4.413200e+01	8.122334e-05	
4.577970e+01	9.948516e-05	
4.742360e+01	9.607886e-05	
4.407705e+01	9.356721e-05	
4.245200e+01	1.097319e-04	
4.082413e+01	1.012730e-04	
4.415610e+01	1.021368e-04	
4.576958e+01	7.972288e-05	
4.578899e+01	1.003713e-04	
4.418564e+01	1.035355e-04	
4.081339e+01	1.017565e-04	
4.241423e+01	1.120344e-04	
4.235719e+01	1.104473e-04	
4.407628e+01	1.189714e-04	
4.412144e+01	8.741935e-05	
4.741738e+01	8.942651e-05	
4.403084e+01	1.136567e-04	
4.408601e+01	1.232242e-04	
4.747848e+01	1.308547e-04	
4.584458e+01	1.115747e-04	
4.583978e+01	8.375922e-05	
4.751144e+01	1.105072e-04	
4.750026e+01	1.277159e-04	
4.579009e+01	1.536411e-04	
4.240772e+01	1.856135e-04	
3.885500e+01	1.766263e-04	
3.884767e+01	1.814320e-04	
4.581340e+01	2.314308e-04	
4.583203e+01	1.764727e-04	
4.585819e+01	1.335437e-04	
4.919930e+01	7.976818e-05	
4.748453e+01	1.272482e-04	
4.411485e+01	1.034425e-04	
4.741735e+01	8.362185e-05	
4.405867e+01	7.488289e-05	
4.746050e+01	7.635156e-05	
4.583983e+01	7.823999e-05	
4.252562e+01	7.623387e-05	
4.922460e+01	7.211529e-05	
4.580180e+01	6.708075e-05	
4.574902e+01	6.974152e-05	
4.237970e+01	8.359354e-05	
4.580373e+01	8.730576e-05	
4.583913e+01	9.729924e-05	
4.245144e+01	6.833025e-05	
4.243431e+01	7.252223e-05	
4.409683e+01	8.113805e-05	
4.243611e+01	8.220740e-05	
4.411351e+01	1.080931e-04	
4.235012e+01	1.089990e-04	
4.235892e+01	1.093731e-04	
4.073759e+01	1.205638e-04	
4.246421e+01	1.151880e-04	
4.579407e+01	1.292781e-04	
4.742582e+01	1.185498e-04	
4.576134e+01	1.243689e-04	
4.412996e+01	1.570283e-04	
4.752776e+01	1.085388e-04	
4.755574e+01	1.119075e-04	
4.587458e+01	1.397904e-04	
4.583215e+01	1.631630e-04	
4.576220e+01	2.017400e-04	
4.236587e+01	1.674671e-04	
3.205890e+01	1.068004e-04	
3.553835e+01	1.514730e-04	
4.411086e+01	1.750683e-04	
4.581123e+01	1.913421e-04	
4.750501e+01	1.617431e-04	
4.749862e+01	1.396833e-04	
4.751997e+01	7.512484e-05	
4.415899e+01	8.009234e-05	
4.747769e+01	7.765324e-05	
4.406602e+01	7.059909e-05	
4.911110e+01	9.498547e-05	
4.583184e+01	7.492989e-05	
4.754979e+01	7.612310e-05	
4.419963e+01	9.201678e-05	
4.583634e+01	7.796319e-05	
4.405024e+01	6.181859e-05	
4.569383e+01	9.034104e-05	
4.404866e+01	9.838164e-05	
4.405739e+01	7.913547e-05	
4.238835e+01	1.078096e-04	
4.400817e+01	8.057061e-05	
4.404410e+01	9.222715e-05	
4.238391e+01	8.311327e-05	
4.570217e+01	8.716890e-05	
4.230751e+01	8.622363e-05	
4.402719e+01	9.057357e-05	
4.241285e+01	8.999680e-05	
4.080060e+01	1.113970e-04	
4.413410e+01	1.152492e-04	
4.744290e+01	9.747667e-05	
4.240947e+01	1.149912e-04	
4.914551e+01	1.064427e-04	
4.917759e+01	1.334287e-04	
4.588935e+01	1.409307e-04	
4.759163e+01	1.567437e-04	
4.246493e+01	1.659357e-04	
4.238239e+01	1.558499e-04	
4.401328e+01	2.609168e-04	
3.541959e+01	1.738088e-04	
3.377538e+01	1.033448e-04	
4.575017e+01	1.762654e-04	
4.575818e+01	2.007615e-04	
4.579549e+01	1.643735e-04	
4.078948e+01	1.310469e-04	
4.921275e+01	1.024290e-04	
4.750511e+01	8.113006e-05	
4.747868e+01	8.259292e-05	
4.909929e+01	7.158654e-05	
4.408314e+01	6.737628e-05	
4.412564e+01	9.799211e-05	
4.250113e+01	9.111389e-05	
4.583868e+01	8.215207e-05	
4.412865e+01	8.048187e-05	
4.572842e+01	1.012022e-04	
4.403868e+01	9.143818e-05	
4.404533e+01	9.967854e-05	
4.237447e+01	1.051072e-04	
4.570031e+01	9.089164e-05	
4.402017e+01	1.060773e-04	
4.066901e+01	1.166318e-04	
4.406145e+01	1.116151e-04	
4.572300e+01	1.122053e-04	
4.235137e+01	1.135168e-04	
4.402907e+01	1.137260e-04	
4.575043e+01	1.105269e-04	
4.751221e+01	1.142956e-04	
4.582952e+01	9.918560e-05	
4.745920e+01	1.135134e-04	
4.407372e+01	1.016812e-04	
4.574538e+01	1.131666e-04	
4.745914e+01	1.296082e-04	
4.580374e+01	1.125632e-04	
4.582691e+01	1.463317e-04	
4.579058e+01	1.604859e-04	
4.407863e+01	1.946089e-04	
3.900635e+01	2.425289e-04	
3.715718e+01	2.228800e-04	
3.377804e+01	2.082621e-04	
4.236976e+01	2.312608e-04	
4.404953e+01	1.805802e-04	
4.746235e+01	1.425155e-04	
4.414975e+01	1.428740e-04	
4.756645e+01	1.216276e-04	
4.584739e+01	8.564395e-05	
4.579801e+01	9.948037e-05	
4.576875e+01	5.823437e-05	
4.578136e+01	6.708755e-05	
4.412271e+01	9.114704e-05	
4.412272e+01	9.017927e-05	
4.411298e+01	9.623327e-05	
4.578462e+01	8.697366e-05	
4.574133e+01	1.054215e-04	
4.241304e+01	9.700929e-05	
4.410717e+01	8.809510e-05	
4.408877e+01	1.010833e-04	
4.240210e+01	9.950543e-05	
4.404968e+01	1.067522e-04	
4.577670e+01	1.052814e-04	
4.414044e+01	1.103009e-04	
4.246798e+01	1.252078e-04	
4.412725e+01	9.692939e-05	
4.911446e+01	9.598402e-05	
4.744690e+01	1.092868e-04	
4.584442e+01	9.892766e-05	
4.583581e+01	1.166829e-04	
4.580259e+01	1.373670e-04	
4.239968e+01	1.252694e-04	
4.067048e+01	1.248850e-04	
4.738351e+01	1.184744e-04	
4.577405e+01	1.134439e-04	
4.409520e+01	1.369014e-04	
4.576285e+01	1.356646e-04	
4.408351e+01	1.707418e-04	
4.406154e+01	2.049816e-04	
3.378078e+01	1.482558e-04	
3.375854e+01	2.063099e-04	
4.740129e+01	2.628874e-04	
4.068976e+01	1.918750e-04	
4.410105e+01	1.172107e-04	
4.749440e+01	1.106562e-04	
4.583900e+01	1.197051e-04	
4.245311e+01	1.129087e-04	
4.746779e+01	9.147622e-05	
4.408466e+01	5.780776e-05	
4.073811e+01	6.926265e-05	
4.412412e+01	8.332299e-05	
4.577708e+01	7.270986e-05	
4.405763e+01	7.541014e-05	
4.239583e+01	9.064692e-05	
4.576620e+01	9.183111e-05	
4.750934e+01	6.571302e-05	
4.415894e+01	1.077917e-04	
4.584636e+01	8.691111e-05	
4.585520e+01	8.800600e-05	
4.411863e+01	9.889638e-05	
4.415368e+01	7.781994e-05	
4.584278e+01	8.833450e-05	
4.249521e+01	8.948342e-05	
4.752821e+01	8.360333e-05	
4.580969e+01	6.684897e-05	
4.584456e+01	1.055608e-04	
4.418708e+01	9.754728e-05	
4.584085e+01	1.150792e-04	
4.748336e+01	1.002043e-04	
4.237792e+01	1.259234e-04	
4.735805e+01	1.090630e-04	
4.566423e+01	1.407455e-04	
4.237384e+01	1.118266e-04	
4.245564e+01	1.357674e-04	
4.075832e+01	1.245070e-04	
4.410426e+01	1.543644e-04	
4.577348e+01	2.488647e-04	
3.554836e+01	2.256871e-04	
3.721419e+01	2.694743e-04	
4.574658e+01	2.048615e-04	
4.741335e+01	1.502993e-04	
4.408337e+01	1.344544e-04	
4.579788e+01	8.727487e-05	
4.583284e+01	1.008685e-04	
4.413419e+01	8.167336e-05	
4.070401e+01	9.492517e-05	
4.740981e+01	7.222987e-05	
4.574813e+01	7.883397e-05	
4.575400e+01	7.259094e-05	
4.240656e+01	1.012474e-04	
4.574206e+01	9.146615e-05	
4.578281e+01	7.566518e-05	
4.412238e+01	9.452533e-05	
4.586493e+01	8.884852e-05	
4.419759e+01	9.243557e-05	
4.586627e+01	8.590520e-05	
4.416900e+01	8.430632e-05	
4.582674e+01	6.297113e-05	
4.413950e+01	6.494108e-05	
4.580265e+01	8.580897e-05	
4.412424e+01	7.855685e-05	
4.747511e+01	8.968857e-05	
4.579994e+01	7.581283e-05	
4.581826e+01	8.689884e-05	
4.918649e+01	1.195449e-04	
4.413854e+01	9.886850e-05	
4.243896e+01	1.128141e-04	
4.742572e+01	8.579246e-05	
4.745017e+01	9.934138e-05	
4.573042e+01	9.028799e-05	
4.743572e+01	1.079187e-04	
4.244932e+01	1.342585e-04	
4.246290e+01	1.340683e-04	
4.578364e+01	1.822886e-04	
4.243140e+01	1.426597e-04	
3.555327e+01	1.698920e-04	
3.216066e+01	1.865667e-04	
4.076530e+01	1.376057e-04	
4.578700e+01	1.505582e-04	
4.576992e+01	1.594574e-04	
4.581003e+01	1.367042e-04	
4.584868e+01	9.116371e-05	
4.582999e+01	8.529389e-05	
4.407845e+01	8.005075e-05	
4.572204e+01	8.757707e-05	
4.406664e+01	6.674224e-05	
4.242859e+01	8.951756e-05	
4.243719e+01	9.256046e-05	
4.242002e+01	1.011133e-04	
4.581746e+01	9.091722e-05	
4.751358e+01	7.340184e-05	
4.586933e+01	7.502311e-05	
4.588759e+01	8.729419e-05	
4.587750e+01	8.457432e-05	
4.584759e+01	8.559568e-05	
4.582074e+01	7.344202e-05	
4.580298e+01	8.673440e-05	
4.407756e+01	6.438451e-05	
4.742910e+01	1.031607e-04	
4.911729e+01	9.247991e-05	
4.745524e+01	7.996201e-05	
4.410215e+01	8.434237e-05	
4.748865e+01	1.096920e-04	
4.576298e+01	1.134760e-04	
4.410560e+01	1.070439e-04	
4.744580e+01	1.242184e-04	
4.413216e+01	9.572152e-05	
4.413692e+01	1.094523e-04	
4.410928e+01	1.135541e-04	
4.576973e+01	1.559152e-04	
4.410188e+01	8.221428e-05	
4.577384e+01	9.977236e-05	
4.744546e+01	1.440594e-04	
3.547293e+01	1.174515e-04	
3.713567e+01	9.894554e-05	
4.411332e+01	1.643522e-04	
4.244336e+01	1.412401e-04	
4.411297e+01	1.095192e-04	
4.747199e+01	1.273854e-04	
4.416075e+01	1.012337e-04	
4.414484e+01	8.150686e-05	
4.911186e+01	1.007008e-04	
4.574170e+01	4.650084e-05	
4.407187e+01	6.609645e-05	
4.410218e+01	7.917202e-05	
4.241610e+01	8.019441e-05	
4.410004e+01	8.543609e-05	
4.412632e+01	7.969863e-05	
4.582913e+01	5.707143e-05	
4.587408e+01	7.053717e-05	
4.418017e+01	6.070003e-05	
4.750465e+01	7.379117e-05	
4.747776e+01	8.214158e-05	
4.241929e+01	7.965540e-05	
4.410435e+01	6.697067e-05	
4.072944e+01	7.980687e-05	
4.243651e+01	9.995471e-05	
4.579878e+01	1.208927e-04	
4.415774e+01	1.013028e-04	
4.915854e+01	1.076807e-04	
4.242532e+01	1.235648e-04	
4.406692e+01	1.172771e-04	
4.576560e+01	1.225442e-04	
4.244239e+01	9.442334e-05	
4.247608e+01	1.198364e-04	
4.415889e+01	1.212573e-04	
4.580633e+01	1.501783e-04	
4.240981e+01	1.119055e-04	
4.407500e+01	1.042205e-04	
4.576207e+01	9.258024e-05	
4.075748e+01	1.254527e-04	
3.380284e+01	1.627673e-04	
3.718780e+01	2.625683e-04	
4.576892e+01	1.087424e-04	
4.411381e+01	1.241198e-04	
4.577801e+01	8.627786e-05	
4.744180e+01	1.088833e-04	
4.413237e+01	1.062942e-04	
4.583415e+01	1.062714e-04	
4.414755e+01	9.280981e-05	
4.577853e+01	6.219387e-05	
4.578568e+01	5.515724e-05	
4.578562e+01	9.177125e-05	
4.408236e+01	8.733784e-05	
4.407458e+01	8.681756e-05	
4.578526e+01	8.677272e-05	
4.582260e+01	7.434493e-05	
4.247657e+01	6.919419e-05	
4.580754e+01	8.632804e-05	
4.578995e+01	6.077432e-05	
4.240073e+01	6.864323e-05	
4.408525e+01	7.462510e-05	
4.406811e+01	6.201695e-05	
4.408826e+01	7.175552e-05	
4.414817e+01	8.405332e-05	
4.248760e+01	8.460949e-05	
4.921686e+01	1.128838e-04	
4.754011e+01	9.658835e-05	
4.413194e+01	1.210212e-04	
4.574975e+01	1.241022e-04	
4.239833e+01	1.214440e-04	
4.573896e+01	1.293853e-04	
4.577947e+01	1.165234e-04	
4.412403e+01	1.431358e-04	
4.581726e+01	6.625431e-05	
4.243204e+01	1.014232e-04	
4.410709e+01	1.249561e-04	
4.577728e+01	1.498509e-04	
4.580518e+01	1.992018e-04	
3.379986e+01	1.726461e-04	
3.545026e+01	1.137869e-04	
4.408237e+01	9.529959e-05	
4.072786e+01	1.396812e-04	
4.405301e+01	9.377334e-05	
4.403787e+01	8.099068e-05	
4.744643e+01	1.376518e-04	
4.581771e+01	9.409968e-05	
4.414296e+01	1.091615e-04	
4.579085e+01	6.094864e-05	
4.241290e+01	7.884998e-05	
4.244125e+01	9.363478e-05	
4.240448e+01	8.571478e-05	
4.236863e+01	9.244945e-05	
4.409233e+01	7.525143e-05	
4.410669e+01	8.489254e-05	
4.580328e+01	8.271832e-05	
4.579680e+01	5.936209e-05	
4.074976e+01	6.913904e-05	
4.241689e+01	7.127199e-05	
4.570400e+01	7.704160e-05	
4.566653e+01	9.437812e-05	
4.402524e+01	5.840385e-05	
4.579062e+01	6.754008e-05	
4.416760e+01	7.770203e-05	
4.755570e+01	9.319362e-05	
4.586708e+01	8.975864e-05	
4.581838e+01	1.087239e-04	
4.410194e+01	1.080698e-04	
4.408297e+01	1.264976e-04	
4.235103e+01	8.619887e-05	
4.741262e+01	1.025931e-04	
4.408573e+01	9.476793e-05	
4.580512e+01	9.626637e-05	
4.412722e+01	8.270107e-05	
4.747670e+01	1.232507e-04	
4.578427e+01	1.083645e-04	
4.248363e+01	1.623737e-04	
3.725396e+01	2.719906e-04	
3.718006e+01	2.307122e-04	
4.241512e+01	7.825737e-05	
4.239924e+01	1.276115e-04	
4.738945e+01	5.950454e-05	
4.739993e+01	7.929839e-05	
4.577032e+01	6.276886e-05	
4.578935e+01	1.084795e-04	
4.411297e+01	7.296673e-05	
4.744297e+01	6.080482e-05	
4.573383e+01	8.067023e-05	
4.743719e+01	8.263813e-05	
4.241350e+01	6.012625e-05	
4.576323e+01	7.082029e-05	
4.409931e+01	6.032921e-05	
4.240899e+01	5.932659e-05	
4.576599e+01	6.663608e-05	
4.576967e+01	5.860171e-05	
4.580407e+01	5.588502e-05	
4.072700e+01	7.200730e-05	
4.403300e+01	5.948984e-05	
4.569234e+01	7.544502e-05	
4.404166e+01	6.150450e-05	
4.405048e+01	7.073322e-05	
4.408241e+01	7.025413e-05	
4.916704e+01	1.046303e-04	
4.414029e+01	8.345287e-05	
4.412850e+01	9.725879e-05	
4.410079e+01	1.168430e-04	
4.244696e+01	1.041400e-04	
4.409585e+01	8.164858e-05	
4.572505e+01	8.699960e-05	
4.572923e+01	1.182407e-04	
4.241970e+01	1.189564e-04	
4.744271e+01	1.185645e-04	
4.741919e+01	1.001944e-04	
4.239122e+01	1.304198e-04	
4.408443e+01	1.465082e-04	
3.381341e+01	1.493941e-04	
3.208992e+01	1.038480e-04	
4.244146e+01	8.295031e-05	
4.410748e+01	9.704801e-05	
4.410445e+01	1.251972e-04	
4.246009e+01	7.565460e-05	
4.583579e+01	9.617382e-05	
4.584202e+01	5.810974e-05	
4.577865e+01	5.626534e-05	
4.910860e+01	5.575330e-05	
4.738763e+01	8.103467e-05	
4.235615e+01	6.591094e-05	
4.070103e+01	7.504102e-05	
4.575275e+01	6.282285e-05	
4.410083e+01	5.451604e-05	
4.741251e+01	6.836332e-05	
4.239020e+01	6.057098e-05	
4.408924e+01	6.498730e-05	
4.414248e+01	8.112052e-05	
4.580161e+01	7.893481e-05	
4.410989e+01	7.945049e-05	
4.409344e+01	7.841937e-05	
4.412101e+01	8.302137e-05	
4.576057e+01	7.817439e-05	
4.744170e+01	7.317659e-05	
4.411134e+01	8.369791e-05	
4.580052e+01	1.106853e-04	
4.240561e+01	8.238373e-05	
4.409429e+01	7.963663e-05	
4.415159e+01	1.059376e-04	
4.078057e+01	8.168173e-05	
4.576570e+01	8.185843e-05	
4.575252e+01	9.707768e-05	
4.412014e+01	1.202354e-04	
4.409339e+01	7.368389e-05	
4.406167e+01	7.227063e-05	
4.736425e+01	1.256732e-04	
4.403139e+01	1.562205e-04	
3.543585e+01	9.465691e-05	
3.716160e+01	1.627547e-04	
4.241269e+01	1.227541e-04	
4.239234e+01	1.398746e-04	
4.408495e+01	8.408471e-05	
4.413262e+01	8.429551e-05	
4.584590e+01	8.789547e-05	
4.250129e+01	7.738384e-05	
4.579986e+01	6.740262e-05	
4.747266e+01	5.780027e-05	
4.405542e+01	5.142530e-05	
4.404056e+01	9.783635e-05	
4.574711e+01	5.796872e-05	
4.743684e+01	6.766308e-05	
4.581892e+01	7.669692e-05	
4.243944e+01	6.200859e-05	
4.743491e+01	5.871878e-05	
4.578227e+01	8.186176e-05	
4.077501e+01	6.758395e-05	
4.412476e+01	7.608733e-05	
4.750836e+01	7.111448e-05	
4.414624e+01	7.579639e-05	
4.918859e+01	7.324595e-05	
4.413933e+01	7.647948e-05	
4.580560e+01	7.615140e-05	
4.410206e+01	8.313467e-05	
4.073000e+01	9.111273e-05	
4.574536e+01	7.871848e-05	
4.747390e+01	7.144681e-05	
4.583548e+01	9.987603e-05	
4.415741e+01	9.067456e-05	
4.246800e+01	9.691316e-05	
4.912837e+01	8.905067e-05	
4.244711e+01	9.001256e-05	
4.410526e+01	1.160836e-04	
4.743092e+01	9.446744e-05	
4.569366e+01	1.148004e-04	
4.233137e+01	1.055078e-04	
3.210555e+01	2.238693e-04	
3.549134e+01	2.068857e-04	
4.574921e+01	1.973435e-04	
4.238436e+01	8.936083e-05	
4.404416e+01	9.733542e-05	
4.577370e+01	5.031164e-05	
4.748909e+01	8.592465e-05	
4.249426e+01	9.267785e-05	
4.582452e+01	8.811231e-05	
4.584148e+01	8.161154e-05	
3.911382e+01	6.460032e-05	
4.578434e+01	5.818068e-05	
4.241145e+01	6.167283e-05	
4.413507e+01	8.274084e-05	
4.249470e+01	7.773830e-05	
4.244275e+01	7.368490e-05	
4.244539e+01	6.483103e-05	
4.409437e+01	6.661778e-05	
4.581489e+01	6.675246e-05	
4.413386e+01	7.372273e-05	
4.584486e+01	5.344320e-05	
4.417391e+01	6.936170e-05	
4.418886e+01	6.472420e-05	
4.417061e+01	6.039615e-05	
4.412768e+01	8.665061e-05	
4.581183e+01	6.190575e-05	
4.410230e+01	8.043334e-05	
4.411462e+01	7.503581e-05	
4.579215e+01	7.216730e-05	
4.581980e+01	1.067513e-04	
4.581669e+01	8.610595e-05	
4.413767e+01	8.510349e-05	
4.243444e+01	7.770434e-05	
4.244132e+01	7.841846e-05	
4.581730e+01	7.458546e-05	
4.410801e+01	8.623012e-05	
4.573449e+01	6.556060e-05	
4.573461e+01	1.421116e-04	
3.546339e+01	1.663723e-04	
3.720055e+01	1.789094e-04	
4.409498e+01	1.342108e-04	
4.577347e+01	1.210781e-04	
4.742739e+01	8.522327e-05	
4.576909e+01	9.281276e-05	
4.240794e+01	1.045033e-04	
4.581441e+01	9.243073e-05	
4.916073e+01	4.098378e-05	
4.584850e+01	6.686317e-05	
4.750767e+01	5.404541e-05	
4.747150e+01	4.958867e-05	
4.407626e+01	4.455733e-05	
4.241804e+01	6.120761e-05	
4.245240e+01	6.357815e-05	
4.240001e+01	5.526638e-05	
4.575662e+01	5.916306e-05	
4.242835e+01	4.539233e-05	
4.579263e+01	6.841111e-05	
4.745919e+01	7.922625e-05	
4.581077e+01	6.580631e-05	
4.581555e+01	6.678120e-05	
4.583128e+01	7.805731e-05	
4.579604e+01	7.315102e-05	
4.408743e+01	5.995998e-05	
4.576724e+01	7.622349e-05	
4.913064e+01	3.822863e-05	
4.580173e+01	8.036726e-05	
4.579568e+01	7.292775e-05	
4.578879e+01	8.118007e-05	
4.580134e+01	8.633644e-05	
4.412016e+01	6.882705e-05	
4.912633e+01	6.718116e-05	
4.580638e+01	6.866825e-05	
4.745455e+01	8.758183e-05	
4.244784e+01	8.226931e-05	
4.577933e+01	1.601330e-04	
4.412770e+01	1.073812e-04	
3.549885e+01	1.679734e-04	
3.379483e+01	7.900218e-05	
4.413583e+01	1.705299e-04	
4.246841e+01	1.084502e-04	
4.244134e+01	9.872343e-05	
4.411263e+01	1.000366e-04	
4.243304e+01	8.306282e-05	
4.411495e+01	6.500575e-05	
4.914135e+01	3.798994e-05	
4.582241e+01	8.306412e-05	
4.583761e+01	7.981809e-05	
4.749929e+01	5.559023e-05	
4.576768e+01	6.284888e-05	
4.573315e+01	8.456616e-05	
4.404018e+01	5.996699e-05	
4.568842e+01	7.130861e-05	
4.574916e+01	6.929634e-05	
4.243162e+01	4.174179e-05	
4.745653e+01	5.751294e-05	
4.744456e+01	4.716881e-05	
4.578246e+01	6.975431e-05	
4.579719e+01	4.794657e-05	
4.747073e+01	6.003710e-05	
4.744268e+01	6.220106e-05	
4.912356e+01	4.338069e-05	
4.407508e+01	5.619736e-05	
4.243147e+01	4.238301e-05	
3.909263e+01	4.896437e-05	
4.412076e+01	7.278668e-05	
4.576756e+01	6.366122e-05	
4.240332e+01	5.808861e-05	
4.411863e+01	6.173230e-05	
4.582833e+01	3.918163e-05	
4.747437e+01	6.379617e-05	
4.576493e+01	4.176490e-05	
4.748194e+01	1.063669e-04	
4.412393e+01	1.521233e-04	
4.413611e+01	8.742594e-05	
3.548766e+01	1.584709e-04	
3.555453e+01	2.565858e-04	
4.247113e+01	1.124126e-04	
4.249005e+01	1.108257e-04	
4.416274e+01	8.301097e-05	
4.413042e+01	8.980912e-05	
4.409722e+01	9.485585e-05	
4.413640e+01	5.000885e-05	
5.084173e+01	6.421781e-05	
4.918015e+01	7.212206e-05	
4.581611e+01	5.028514e-05	
4.582513e+01	6.297461e-05	
4.580324e+01	6.080650e-05	
4.743619e+01	6.895405e-05	
4.567537e+01	7.498082e-05	
4.400989e+01	6.699877e-05	
4.243381e+01	6.201716e-05	
4.246862e+01	5.666515e-05	
4.582547e+01	4.749484e-05	
4.410566e+01	4.964106e-05	
4.572255e+01	6.388577e-05	
4.407052e+01	7.347401e-05	
4.412182e+01	5.370149e-05	
4.413177e+01	5.833973e-05	
4.579278e+01	5.106794e-05	
4.746344e+01	6.902759e-05	
4.579026e+01	5.754521e-05	
4.410211e+01	6.835371e-05	
4.407331e+01	7.057428e-05	
4.402501e+01	5.230476e-05	
4.573836e+01	4.976584e-05	
4.581786e+01	8.289246e-05	
4.585322e+01	7.029814e-05	
4.416717e+01	6.744561e-05	
4.746648e+01	9.837078e-05	
4.411653e+01	7.871659e-05	
4.579667e+01	6.031950e-05	
4.580599e+01	5.373084e-05	
3.717045e+01	1.573505e-04	
3.548817e+01	1.155521e-04	
4.747192e+01	2.365439e-04	
4.748998e+01	1.406544e-04	
4.582228e+01	9.907534e-05	
4.412335e+01	8.032403e-05	
4.408178e+01	5.551547e-05	
4.410090e+01	2.646139e-05	
4.415111e+01	5.763065e-05	
4.416289e+01	7.636892e-05	
4.751877e+01	3.003892e-05	
4.417948e+01	4.591192e-05	
4.417542e+01	7.351181e-05	
4.413351e+01	6.499082e-05	
4.405780e+01	5.501763e-05	
4.405830e+01	6.096033e-05	
4.748183e+01	4.642305e-05	
4.752681e+01	4.296610e-05	
4.415853e+01	5.957275e-05	
4.404396e+01	4.694230e-05	
4.233687e+01	6.679684e-05	
4.234840e+01	6.953185e-05	
4.747166e+01	5.644503e-05	
4.249020e+01	5.353500e-05	
4.248043e+01	4.769497e-05	
4.412354e+01	6.025086e-05	
4.579570e+01	5.924720e-05	
4.408633e+01	5.901017e-05	
4.403252e+01	6.304386e-05	
4.399205e+01	5.884969e-05	
4.571728e+01	4.841248e-05	
4.583835e+01	7.311361e-05	
4.250806e+01	5.107799e-05	
4.584538e+01	7.774255e-05	
4.743224e+01	4.452407e-05	
4.580349e+01	7.845829e-05	
4.580526e+01	9.067632e-05	
4.580073e+01	2.807946e-05	
4.052620e+01	3.114410e-04	
3.551628e+01	2.564770e-04	
4.577407e+01	1.936910e-04	
4.578123e+01	1.717069e-04	
4.410648e+01	6.356733e-05	
4.405411e+01	9.369197e-05	
4.739683e+01	5.648825e-05	
4.404923e+01	4.227244e-05	
4.576878e+01	8.791529e-05	
4.580412e+01	9.451892e-05	
4.580321e+01	3.486866e-05	
4.419449e+01	6.215515e-05	
4.420717e+01	4.638660e-05	
4.245078e+01	6.602615e-05	
4.411383e+01	6.103238e-05	
4.072710e+01	4.792868e-05	
4.416342e+01	5.815033e-05	
4.756544e+01	3.490807e-05	
4.414497e+01	6.820393e-05	
4.577893e+01	6.107232e-05	
4.403881e+01	5.828870e-05	
4.242539e+01	6.736058e-05	
4.248089e+01	6.463788e-05	
4.586596e+01	6.453515e-05	
4.922298e+01	5.082266e-05	
4.414063e+01	5.448597e-05	
4.243494e+01	5.337355e-05	
4.238152e+01	5.536511e-05	
4.571218e+01	5.993673e-05	
4.402857e+01	3.623220e-05	
4.744987e+01	3.207236e-05	
4.749599e+01	4.925442e-05	
4.417230e+01	6.754653e-05	
4.411331e+01	5.098463e-05	
4.742520e+01	4.215741e-05	
4.411019e+01	1.099407e-04	
4.248435e+01	8.683091e-05	
4.415708e+01	7.846509e-05	
3.711761e+01	1.209529e-04	
3.376364e+01	1.418678e-04	
4.574307e+01	2.115217e-04	
4.240124e+01	7.629947e-05	
4.074740e+01	8.169441e-05	
4.405162e+01	8.123675e-05	
4.233145e+01	5.468831e-05	
4.404623e+01	6.138496e-05	
4.406736e+01	7.178209e-05	
4.911676e+01	8.156123e-05	
4.580482e+01	6.983557e-05	
4.415797e+01	7.217847e-05	
4.585833e+01	6.214268e-05	
4.578969e+01	6.128576e-05	
4.573903e+01	5.936901e-05	
4.578503e+01	6.647804e-05	
4.583968e+01	4.757079e-05	
4.756215e+01	5.288040e-05	
4.925303e+01	4.572063e-05	
4.746234e+01	6.452562e-05	
4.409567e+01	4.963761e-05	
4.242765e+01	6.102351e-05	
4.246904e+01	7.516295e-05	
4.748836e+01	8.300668e-05	
4.576944e+01	5.454663e-05	
4.911193e+01	6.140013e-05	
4.240171e+01	4.389906e-05	
4.574650e+01	3.995895e-05	
4.741048e+01	4.638806e-05	
4.576343e+01	3.197816e-05	
4.577084e+01	3.609443e-05	
4.246015e+01	4.996924e-05	
4.581523e+01	6.754716e-05	
4.744188e+01	6.758363e-05	
4.236212e+01	7.114529e-05	
4.575369e+01	8.484557e-05	
4.413418e+01	9.135734e-05	
4.079499e+01	1.055399e-04	
3.553535e+01	2.710717e-04	
3.549021e+01	2.548929e-04	
4.409044e+01	1.338072e-04	
4.743499e+01	6.830197e-05	
4.404524e+01	7.593870e-05	
4.572061e+01	1.001472e-04	
4.403425e+01	5.136115e-05	
4.405674e+01	5.380284e-05	
4.407282e+01	5.857334e-05	
4.241631e+01	8.248954e-05	
4.413709e+01	6.689147e-05	
4.579782e+01	6.658438e-05	
4.410115e+01	5.342167e-05	
4.740479e+01	3.200819e-05	
4.236564e+01	4.746219e-05	
4.910256e+01	4.271271e-05	
4.415779e+01	3.836329e-05	
4.254793e+01	3.344471e-05	
4.588582e+01	4.999849e-05	
4.748495e+01	3.819181e-05	
4.575543e+01	4.382722e-05	
4.241032e+01	4.164535e-05	
4.578684e+01	5.629271e-05	
4.911160e+01	5.552111e-05	
4.407176e+01	5.485004e-05	
4.238744e+01	4.956792e-05	
4.407950e+01	6.302434e-05	
4.410762e+01	3.466991e-05	
4.411508e+01	2.747036e-05	
4.244419e+01	3.142178e-05	
4.744995e+01	7.316451e-05	
4.410026e+01	6.406251e-05	
4.747468e+01	5.956247e-05	
4.242272e+01	3.572172e-05	
4.406483e+01	7.330472e-05	
4.908722e+01	1.182760e-04	
4.576657e+01	1.088632e-04	
4.075699e+01	8.759976e-05	
3.720003e+01	2.630002e-04	
3.888057e+01	1.629834e-04	
4.244060e+01	1.473978e-04	
4.408296e+01	8.838289e-05	
4.910879e+01	3.602054e-05	
3.899619e+01	7.114224e-05	
4.570974e+01	3.196620e-05	
4.238563e+01	5.789600e-05	
4.408796e+01	5.669453e-05	
4.743551e+01	3.399594e-05	
4.240446e+01	5.082923e-05	
4.408892e+01	4.797682e-05	
4.574986e+01	2.866253e-05	
4.405502e+01	5.175396e-05	
4.405840e+01	4.690946e-05	
4.742117e+01	2.532292e-05	
4.578599e+01	2.364724e-05	
4.416063e+01	5.614576e-05	
4.581092e+01	5.617491e-05	
4.575602e+01	3.750486e-05	
4.407879e+01	6.053973e-05	
4.408328e+01	5.482386e-05	
4.909790e+01	4.075403e-05	
4.238904e+01	4.350509e-05	
4.574155e+01	5.958335e-05	
4.239991e+01	5.016682e-05	
4.745045e+01	2.426650e-05	
4.246399e+01	4.367608e-05	
4.246324e+01	4.875120e-05	
4.247116e+01	3.583681e-05	
4.574759e+01	6.468088e-05	
5.078614e+01	5.926386e-05	
4.412868e+01	5.144087e-05	
4.580095e+01	4.856374e-05	
4.243914e+01	7.435495e-05	
4.576572e+01	1.378365e-04	
4.237829e+01	1.423210e-04	
4.575321e+01	1.338607e-04	
3.543151e+01	2.110463e-04	
4.060421e+01	2.760633e-04	
4.919107e+01	2.414733e-04	
4.414887e+01	4.895466e-05	
4.582166e+01	6.047273e-05	
4.410137e+01	3.480177e-05	
4.408115e+01	7.496007e-05	
4.240313e+01	2.673110e-05	
4.409092e+01	3.662665e-05	
4.578450e+01	3.477381e-05	
4.407133e+01	5.127722e-05	
4.740010e+01	6.355033e-05	
4.408971e+01	4.917139e-05	
4.578360e+01	4.495610e-05	
4.749226e+01	4.476444e-05	
4.748831e+01	2.947566e-05	
4.577493e+01	3.299322e-05	
4.743302e+01	3.851565e-05	
4.405218e+01	4.720454e-05	
4.571159e+01	4.266197e-05	
4.406373e+01	5.086151e-05	
4.410354e+01	4.565256e-05	
4.579408e+01	2.917087e-05	
4.410521e+01	3.587348e-05	
4.577577e+01	4.644163e-05	
4.410380e+01	4.871492e-05	
4.577029e+01	4.101550e-05	
4.747171e+01	5.052561e-05	
4.913656e+01	4.970995e-05	
4.748069e+01	2.857160e-05	
4.408050e+01	2.956402e-05	
4.576476e+01	2.952171e-05	
4.582714e+01	4.141322e-05	
4.582858e+01	6.285163e-06	
4.579703e+01	6.338059e-05	
4.408500e+01	1.087029e-04	
4.740662e+01	1.614787e-04	
4.238199e+01	1.896121e-04	
3.546585e+01	2.281286e-04	
3.217658e+01	2.558436e-04	
4.251232e+01	2.127720e-04	
4.584078e+01	1.291630e-04	
4.248565e+01	6.095866e-05	
4.750726e+01	8.153671e-05	
4.411868e+01	3.806007e-05	
4.410454e+01	2.885336e-05	
4.242914e+01	4.051562e-05	
4.410989e+01	5.327298e-05	
4.577385e+01	3.668631e-05	
4.071145e+01	4.653446e-05	
4.747600e+01	3.954854e-05	
4.418584e+01	5.090996e-05	
4.586679e+01	4.516068e-05	
4.249582e+01	4.670929e-05	
4.242700e+01	4.936386e-05	
4.743558e+01	3.914382e-05	
4.570019e+01	4.719517e-05	
4.569564e+01	7.069128e-05	
4.411100e+01	4.406627e-05	
4.245027e+01	4.093714e-05	
4.414325e+01	4.260683e-05	
4.750135e+01	2.053753e-05	
4.917079e+01	1.046025e-05	
4.581879e+01	1.761300e-05	
4.244613e+01	4.605637e-05	
4.581589e+01	5.752860e-05	
4.412788e+01	5.732450e-05	
4.412080e+01	3.603345e-05	
4.408534e+01	3.998870e-05	
4.747072e+01	5.308917e-06	
4.245256e+01	1.447587e-05	
4.579962e+01	5.028774e-05	
4.747306e+01	1.918481e-05	
4.407952e+01	1.017820e-04	
4.406845e+01	8.666441e-05	
4.241376e+01	6.284738e-05	
3.377902e+01	1.538465e-04	
3.550203e+01	3.065917e-04	
4.410506e+01	2.083469e-04	
4.577294e+01	7.177394e-05	
4.416893e+01	6.100668e-05	
4.249363e+01	2.367936e-05	
4.580506e+01	3.088749e-05	
4.410311e+01	6.678112e-06	
4.410087e+01	4.249203e-06	
4.411202e+01	2.379332e-05	
4.577550e+01	2.519828e-05	
4.240542e+01	2.506174e-05	
4.413186e+01	5.315437e-05	
4.418800e+01	5.010386e-05	
4.588077e+01	5.568976e-05	
4.754696e+01	3.580177e-05	
4.749488e+01	3.779762e-05	
4.578186e+01	2.097780e-05	
4.236038e+01	4.238157e-05	
4.404868e+01	5.360207e-05	
4.408976e+01	3.008318e-05	
4.410878e+01	4.768349e-05	
4.748805e+01	3.889012e-05	
5.086629e+01	3.194408e-05	
4.586985e+01	2.026509e-05	
4.920321e+01	2.622937e-05	
4.244496e+01	2.531959e-05	
4.913160e+01	2.088974e-05	
4.243339e+01	2.771967e-05	
4.411161e+01	2.859580e-05	
4.412993e+01	3.886683e-06	
4.411530e+01	3.277867e-05	
4.244796e+01	9.583585e-06	
4.578172e+01	4.609892e-05	
4.578588e+01	2.102394e-05	
4.578976e+01	6.518015e-05	
4.744653e+01	1.046627e-04	
4.408369e+01	9.266064e-05	
3.545821e+01	2.678842e-04	
3.376782e+01	2.464664e-04	
4.570862e+01	9.146597e-05	
4.905581e+01	5.958483e-05	
4.239997e+01	4.031638e-05	
4.241973e+01	1.705662e-05	
4.743911e+01	3.175414e-05	
4.408219e+01	1.056627e-05	
4.243165e+01	1.067232e-07	
4.246547e+01	1.712033e-05	
4.409473e+01	4.298484e-05	
4.575335e+01	6.135750e-05	
4.242305e+01	4.502614e-05	
4.411875e+01	2.290967e-05	
4.918830e+01	4.111579e-05	
4.418330e+01	2.094039e-05	
4.416231e+01	2.006926e-05	
4.241599e+01	3.529432e-05	
4.240536e+01	3.002289e-05	
4.410472e+01	3.660608e-05	
4.579074e+01	2.479374e-05	
4.411209e+01	3.563060e-05	
4.915139e+01	2.488196e-05	
4.581456e+01	1.360827e-05	
4.419509e+01	4.143345e-05	
4.420032e+01	3.136382e-05	
4.417248e+01	3.583852e-05	
4.580840e+01	2.252151e-05	
4.242604e+01	2.774016e-05	
4.579270e+01	3.289334e-05	
4.077266e+01	1.661127e-05	
4.744611e+01	1.532734e-05	
4.580910e+01	3.939723e-05	
4.747847e+01	2.260368e-05	
4.582349e+01	1.247694e-05	
4.245315e+01	1.092731e-04	
4.410681e+01	1.140786e-04	
4.405757e+01	2.058826e-04	
3.879504e+01	3.357172e-04	
3.375110e+01	1.750007e-04	
4.070782e+01	6.967456e-05	
4.406134e+01	3.732613e-05	
4.408524e+01	3.574575e-05	
4.072939e+01	3.622218e-06	
4.408840e+01	8.358220e-06	
4.238386e+01	3.290783e-05	
4.408292e+01	2.435815e-05	
4.407871e+01	3.819904e-05	
4.575893e+01	2.937117e-05	
4.408279e+01	1.021636e-05	
4.238093e+01	3.719959e-05	
4.742962e+01	4.914600e-05	
4.744538e+01	2.926563e-05	
4.748789e+01	1.863521e-05	
4.411406e+01	2.958330e-05	
4.575099e+01	2.795995e-05	
4.571065e+01	3.003958e-05	
4.072642e+01	2.236941e-05	
4.412912e+01	4.373798e-05	
4.414830e+01	2.458916e-05	
4.581927e+01	2.462996e-05	
4.582107e+01	3.223474e-05	
4.415880e+01	3.623879e-05	
4.920673e+01	4.036925e-05	
4.415898e+01	1.911831e-05	
4.577776e+01	1.151061e-05	
4.576659e+01	2.122270e-05	
4.575523e+01	3.985020e-05	
4.407916e+01	1.169463e-05	
4.238355e+01	2.955191e-06	
4.578544e+01	3.987755e-05	
4.243620e+01	6.008555e-05	
4.583244e+01	3.406054e-05	
4.412006e+01	6.955066e-05	
4.407805e+01	1.234814e-04	
4.405427e+01	6.148928e-05	
3.710827e+01	2.367210e-04	
3.207456e+01	2.312779e-04	
4.243693e+01	4.405144e-05	
3.910405e+01	1.473642e-06	
4.413299e+01	4.624780e-05	
4.244687e+01	8.815374e-06	
4.241944e+01	4.449202e-05	
4.241842e+01	9.937397e-06	
4.577053e+01	1.340684e-05	
4.242693e+01	1.880679e-05	
4.074337e+01	1.301509e-05	
4.409364e+01	2.702050e-05	
4.240570e+01	3.662170e-05	
4.237431e+01	4.498182e-05	
4.241430e+01	2.795709e-05	
4.579178e+01	3.203806e-05	
4.073846e+01	2.107571e-05	
4.572319e+01	2.286273e-05	
4.403749e+01	2.093098e-05	
4.242575e+01	3.479868e-05	
4.416546e+01	3.728905e-05	
4.418522e+01	2.755123e-05	
4.413460e+01	2.013123e-05	
4.578199e+01	2.899275e-05	
4.580650e+01	2.272203e-05	
4.749738e+01	3.805371e-06	
4.415759e+01	6.623144e-06	
4.581407e+01	1.984347e-05	
4.409963e+01	1.814698e-05	
4.240016e+01	2.957553e-07	
4.576430e+01	1.529640e-05	
4.238364e+01	1.919595e-05	
4.242152e+01	3.035285e-05	
4.746559e+01	1.027673e-04	
4.410006e+01	5.626087e-05	
4.576833e+01	5.790971e-05	
4.575431e+01	3.040569e-06	
4.241281e+01	2.249439e-05	
3.380460e+01	2.263537e-04	
3.030746e+01	3.309860e-04	
3.889906e+01	1.101535e-04	
3.895637e+01	2.165951e-05	
3.384215e+01	2.449372e-05	
3.720993e+01	1.027510e-05	
3.890494e+01	2.033786e-05	
3.720364e+01	1.829918e-05	
3.377848e+01	2.347318e-05	
3.375360e+01	3.610233e-06	
3.715231e+01	3.218899e-05	
3.548904e+01	2.517897e-05	
3.384538e+01	2.809436e-05	
3.378078e+01	1.308806e-05	
3.546055e+01	7.012227e-06	
3.552517e+01	3.312062e-05	
3.377304e+01	1.887753e-05	
3.372127e+01	1.060828e-05	
3.713313e+01	2.713724e-05	
3.379204e+01	1.360020e-05	
3.724683e+01	2.101331e-05	
3.388707e+01	6.489579e-06	
3.890557e+01	2.649589e-05	
3.716907e+01	2.293799e-05	
3.544639e+01	1.211348e-05	
3.377481e+01	1.446802e-05	
3.547116e+01	5.090812e-06	
3.890034e+01	3.694466e-05	
3.545678e+01	9.831390e-06	
3.546215e+01	1.675444e-05	
3.543803e+01	2.220014e-05	
3.543517e+01	1.887445e-05	
3.886612e+01	1.708167e-05	
3.721547e+01	4.594290e-05	
3.379522e+01	1.904490e-05	
3.546386e+01	5.716681e-05	
3.545892e+01	4.765661e-05	
3.383758e+01	3.712776e-05	
2.520111e+01	1.084453e-04	
