1.359944e+01	3.630429e-14	
1.292097e+01	1.190159e-13	
1.249496e+01	3.239631e-13	
1.249948e+01	1.592837e-12	
1.313936e+01	6.162848e-13	
1.287616e+01	1.235456e-12	
1.276319e+01	3.209877e-12	
1.244436e+01	1.543876e-12	
1.244069e+01	8.080203e-13	
1.293294e+01	6.656897e-13	
1.278276e+01	2.074563e-12	
1.249195e+01	2.166378e-12	
1.274030e+01	2.927036e-11	
1.278892e+01	3.225420e-12	
1.282466e+01	9.100498e-13	
1.318599e+01	6.350476e-13	
1.308417e+01	1.679989e-12	
1.291249e+01	3.872014e-12	
1.303406e+01	2.034939e-11	
1.286479e+01	1.010525e-12	
1.286616e+01	3.527845e-11	
1.279231e+01	6.591838e-12	
1.228474e+01	2.573053e-12	
1.263822e+01	2.356115e-12	
1.297972e+01	7.422729e-12	
1.284501e+01	1.266987e-12	
1.305453e+01	4.910072e-12	
1.266288e+01	1.240341e-12	
1.239771e+01	2.397749e-12	
1.275765e+01	2.569611e-12	
1.268545e+01	7.615020e-12	
1.278111e+01	1.767253e-12	
1.264968e+01	4.448664e-12	
1.253186e+01	1.480038e-12	
1.307268e+01	1.582290e-11	
1.285507e+01	1.402545e-12	
1.269312e+01	1.171285e-12	
1.279749e+01	3.973488e-13	
1.266480e+01	3.574918e-13	
1.351993e+01	4.884981e-14	
1.353346e+01	9.366286e-12	
1.265477e+01	7.596977e-13	
1.279108e+01	5.591401e-13	
1.304513e+01	1.994981e-15	
1.293566e+01	1.392078e-14	
1.264521e+01	1.767666e-16	
1.265221e+01	7.034733e-15	
1.271328e+01	3.132065e-15	
1.300054e+01	3.722907e-15	
1.272036e+01	3.589012e-15	
1.253090e+01	5.830473e-15	
1.256295e+01	9.056057e-16	
1.258650e+01	6.824072e-16	
1.297368e+01	4.866590e-16	
1.310751e+01	3.111467e-16	
1.278096e+01	1.203015e-15	
1.254429e+01	0	
1.279500e+01	7.178717e-16	
1.281100e+01	1.133797e-15	
1.291164e+01	2.112219e-15	
1.323114e+01	1.408146e-15	
1.264165e+01	1.842420e-15	
1.268488e+01	1.435743e-15	
1.289176e+01	2.196382e-15	
1.250414e+01	1.503768e-16	
1.256661e+01	1.244587e-15	
1.289430e+01	4.866590e-16	
1.264394e+01	6.824072e-16	
1.276033e+01	1.086727e-15	
1.280468e+01	2.137840e-15	
1.262366e+01	2.533420e-15	
1.294494e+01	0	
1.280333e+01	7.830163e-16	
1.241172e+01	1.796102e-15	
1.271054e+01	1.060600e-15	
1.301571e+01	2.175122e-15	
1.278225e+01	2.992471e-15	
1.268010e+01	3.961097e-14	
1.254976e+01	1.586156e-12	
1.343564e+01	2.439382e-12	
1.267039e+01	2.953193e-13	
1.284182e+01	4.221068e-13	
1.287498e+01	4.407585e-13	
1.267595e+01	4.428902e-12	
1.276804e+01	6.583178e-12	
1.259268e+01	1.485034e-12	
1.251773e+01	1.682499e-11	
1.293612e+01	7.179812e-12	
1.300389e+01	7.038814e-13	
1.324087e+01	2.175815e-12	
1.277321e+01	1.169731e-12	
1.251581e+01	2.827594e-11	
1.301017e+01	2.519096e-12	
1.246908e+01	5.014655e-12	
1.247792e+01	2.056133e-12	
1.322267e+01	4.973133e-12	
1.306149e+01	7.591705e-13	
1.270463e+01	5.204392e-12	
1.286494e+01	9.253265e-12	
1.318263e+01	4.446701e-10	
1.270797e+01	1.711231e-11	
1.273529e+01	7.370549e-12	
1.277253e+01	2.298994e-11	
1.258613e+01	2.226419e-11	
1.249899e+01	5.753642e-11	
1.245780e+01	1.381384e-11	
1.315568e+01	1.197553e-11	
1.282563e+01	4.789280e-12	
1.291406e+01	2.798468e-10	
1.283826e+01	2.139733e-11	
1.259030e+01	4.059419e-12	
1.307706e+01	1.716129e-10	
1.309169e+01	1.098532e-11	
1.291497e+01	7.815415e-12	
1.248733e+01	1.139947e-10	
1.263243e+01	3.000578e-11	
1.295966e+01	6.265521e-11	
1.271514e+01	5.497702e-11	
1.293352e+01	1.392220e-13	
1.287283e+01	4.177769e-13	
1.281462e+01	2.184919e-13	
1.285416e+01	6.616929e-14	
1.269632e+01	6.332712e-13	
1.279501e+01	5.766498e-13	
1.296306e+01	1.301181e-12	
1.283048e+01	6.787904e-12	
1.256717e+01	1.526046e-11	
1.260890e+01	2.543077e-12	
1.278899e+01	1.246558e-12	
1.285906e+01	5.341949e-12	
1.299381e+01	1.490363e-12	
1.297344e+01	4.409806e-13	
1.289300e+01	1.448175e-12	
1.241843e+01	1.494627e-11	
1.281455e+01	7.160050e-12	
1.287837e+01	3.437028e-12	
1.226899e+01	2.019496e-12	
1.255466e+01	5.146106e-12	
1.304243e+01	5.918732e-11	
1.325809e+01	1.878164e-12	
1.296822e+01	1.149281e-11	
1.259178e+01	1.800315e-11	
1.273995e+01	1.246137e-11	
1.272481e+01	1.303457e-11	
1.244229e+01	3.246359e-11	
1.263025e+01	1.380496e-11	
1.291979e+01	1.511680e-11	
1.281204e+01	5.117951e-11	
1.277571e+01	1.613221e-11	
1.277091e+01	2.224665e-12	
1.310032e+01	1.488021e-11	
1.293115e+01	2.378098e-13	
1.251384e+01	3.399214e-11	
1.275674e+01	1.243006e-12	
1.300305e+01	4.163336e-14	
1.265761e+01	3.128586e-11	
2.101436e-01	6.347259e-06	
2.975439e-01	7.320077e-06	
1.091543e-01	7.527516e-06	
4.430982e+00	2.755617e-05	
2.256379e-01	2.815370e-05	
4.609598e-01	2.460098e-05	
3.752159e-01	2.968885e-06	
7.936339e-01	5.571005e-06	
4.130819e-01	2.291101e-05	
2.606288e-01	5.935838e-06	
1.932027e-01	4.122343e-05	
5.048634e-01	2.134576e-05	
2.875799e-01	3.040275e-05	
4.226124e+00	3.767767e-05	
6.714925e-01	2.114371e-05	
3.576577e-01	2.629135e-05	
6.962668e-01	6.215720e-06	
4.229027e+00	3.982052e-05	
9.863100e-01	3.837521e-05	
6.193278e-01	4.130292e-05	
4.353527e-01	2.402303e-05	
3.029876e-01	2.711290e-05	
4.166311e+00	3.146894e-05	
4.278557e-01	4.326931e-05	
2.042718e-01	2.652057e-05	
6.276200e-01	4.548997e-05	
1.131288e-01	3.025626e-05	
2.520866e-01	4.082777e-05	
8.306190e-02	4.038397e-05	
3.044854e-01	1.455919e-05	
2.491079e-01	2.119567e-06	
3.903446e+00	3.537462e-05	
1.116618e-01	2.117651e-05	
4.447074e-01	1.913769e-05	
2.141620e-01	2.192526e-05	
7.129040e-01	4.601957e-06	
4.457260e-01	1.042759e-05	
2.207031e-01	1.149301e-05	
2.697985e-01	2.344411e-05	
1.004554e+00	3.110008e-05	
4.369156e+00	2.250849e-05	
4.164072e-01	4.655294e-05	
4.066814e+00	6.282002e-05	
6.854919e-01	5.206124e-05	
2.786146e-01	3.754442e-05	
8.270966e-02	2.879488e-05	
3.402528e-01	5.860808e-05	
8.540204e-02	5.142201e-05	
3.852006e-01	5.212909e-05	
3.502092e+00	7.730384e-05	
4.356555e+00	6.572749e-05	
4.482067e-01	8.136360e-05	
2.581863e-01	8.453208e-05	
1.438725e-01	5.835285e-05	
8.016988e-01	9.338711e-05	
7.008478e-01	6.699790e-05	
4.339916e+00	8.612892e-05	
5.601692e-01	8.981444e-05	
6.621665e-01	6.790659e-05	
4.108437e+00	3.570246e-05	
4.997580e-01	6.767993e-05	
9.323581e-02	6.837961e-05	
8.242666e-01	3.886049e-05	
5.603529e-01	6.624129e-05	
5.034158e-01	5.487111e-05	
1.740925e-01	5.952544e-05	
4.536071e-02	5.426029e-05	
3.416298e-01	4.507747e-05	
8.184249e-01	3.896358e-05	
8.684615e-01	5.862054e-05	
4.003469e+00	5.297273e-05	
1.703072e-01	5.855234e-05	
5.042982e-01	3.690170e-05	
4.633567e-01	2.683172e-05	
4.659025e+00	2.108277e-05	
4.574016e+00	1.770494e-05	
4.382426e-01	4.277201e-05	
7.289897e-01	4.257750e-05	
2.411765e-01	4.450818e-05	
4.646901e+00	4.218853e-05	
1.905485e-01	6.509689e-05	
7.056862e-01	7.921848e-05	
3.398998e-01	7.451377e-05	
4.739399e-01	8.352963e-05	
1.410100e-01	7.229126e-05	
3.939860e+00	8.476026e-05	
9.610809e-01	7.709632e-05	
3.725187e+00	1.019203e-04	
3.509423e+00	9.654876e-05	
1.008938e-01	8.587596e-05	
4.973824e-01	1.201480e-04	
3.292045e-01	1.069362e-04	
6.258066e-01	9.898518e-05	
3.763590e+00	1.262654e-04	
1.184320e-01	9.372894e-05	
4.030075e+00	1.119605e-04	
1.163804e+00	7.042285e-05	
8.757869e-02	7.895637e-05	
7.503538e-01	8.847869e-05	
2.417217e-01	9.319642e-05	
7.415334e-01	8.392143e-05	
6.694695e-01	1.080695e-04	
4.155682e-01	8.393511e-05	
3.373440e-01	8.533662e-05	
1.023367e+00	5.908435e-05	
7.558185e-01	7.075228e-05	
2.895506e-01	8.226978e-05	
5.210443e-01	7.401172e-05	
3.874673e-01	7.889990e-05	
4.077626e+00	6.281153e-05	
2.334852e-01	5.760906e-05	
2.866912e-01	5.361424e-05	
4.780849e+00	4.179861e-05	
4.449976e+00	3.118687e-05	
1.546261e-01	3.686568e-05	
7.017469e-01	6.110815e-05	
4.731165e-01	7.725926e-05	
2.135947e-01	7.741559e-05	
6.225106e-01	7.730992e-05	
1.106436e-01	9.676060e-05	
1.735529e-01	1.153625e-04	
5.042270e-01	1.152528e-04	
3.707678e-01	9.596590e-05	
5.434246e-01	1.153714e-04	
6.266173e+00	1.056411e-04	
1.073197e+00	1.148019e-04	
6.495991e-01	1.036540e-04	
1.373738e-01	1.054430e-04	
2.754166e-01	1.169251e-04	
5.352603e-01	1.262308e-04	
1.162118e+00	1.266609e-04	
6.980409e-01	1.320395e-04	
4.154621e+00	1.102376e-04	
3.656133e-01	1.029741e-04	
4.615058e+00	9.502176e-05	
3.996945e-01	1.106539e-04	
4.177606e-01	9.523486e-05	
4.640329e-01	1.178807e-04	
4.288684e-01	1.091869e-04	
4.082322e-01	1.176129e-04	
4.722324e-01	1.056807e-04	
5.257536e-01	9.455252e-05	
2.349423e-01	8.961540e-05	
6.492367e-01	8.260927e-05	
4.766923e-01	1.037746e-04	
4.601903e+00	9.657575e-05	
4.536091e+00	8.917271e-05	
4.677768e-01	7.325315e-05	
2.664900e-01	7.875676e-05	
5.005509e-01	7.784167e-05	
3.129025e-01	6.079805e-05	
2.221392e-01	5.288706e-05	
2.574054e-01	8.414225e-05	
5.462805e-01	7.849086e-05	
4.447942e-01	9.002275e-05	
4.732378e-01	9.154501e-05	
2.930564e-01	1.015721e-04	
8.535930e-01	8.836553e-05	
5.516229e-01	1.161887e-04	
4.696123e-01	1.290325e-04	
9.207122e-01	1.152697e-04	
2.267972e-01	1.008674e-04	
6.805759e-01	1.193775e-04	
8.275698e-01	1.110926e-04	
2.383510e-01	1.231012e-04	
3.491559e-01	1.317283e-04	
5.433924e-01	1.309261e-04	
7.729243e-01	1.547059e-04	
5.560920e-01	1.447079e-04	
1.936256e-01	1.456101e-04	
7.265400e-01	1.341129e-04	
3.558508e-01	1.298860e-04	
3.024529e-01	1.166948e-04	
6.627540e-02	1.334620e-04	
4.683749e+00	1.239474e-04	
2.620356e-01	1.104899e-04	
6.946518e-01	1.307724e-04	
9.551052e-01	1.206471e-04	
5.186660e-01	1.204572e-04	
2.929315e-01	1.159889e-04	
9.343510e-02	1.089317e-04	
8.053999e-01	1.005523e-04	
3.953520e+00	1.182799e-04	
7.508267e-01	1.040959e-04	
4.229835e+00	8.084138e-05	
3.733894e+00	1.013872e-04	
4.780640e-01	8.302174e-05	
3.409636e-01	8.560446e-05	
4.725390e-01	7.005861e-05	
1.233260e-01	6.826072e-05	
5.360930e-01	9.670823e-05	
2.467171e-01	1.053166e-04	
3.160048e-01	9.273715e-05	
4.184004e+00	1.035481e-04	
7.249666e-01	8.560809e-05	
4.568908e+00	1.180553e-04	
3.898756e-01	1.169067e-04	
6.543930e-01	1.193620e-04	
3.454798e-01	1.155228e-04	
3.174077e-01	1.081789e-04	
3.316703e-01	1.250093e-04	
3.522097e-01	1.223070e-04	
4.221184e-01	1.417287e-04	
5.556176e-01	1.546614e-04	
4.660960e-01	1.497611e-04	
3.909020e-01	1.461211e-04	
3.719248e+00	1.636902e-04	
1.118437e+00	1.356419e-04	
2.227004e-01	1.438602e-04	
3.591745e-01	1.491959e-04	
1.720721e-01	1.502430e-04	
1.208871e-01	1.333257e-04	
6.907658e-01	1.499864e-04	
3.941529e+00	1.394540e-04	
8.982450e-01	1.554715e-04	
2.970670e-01	1.393922e-04	
4.797948e-01	1.393750e-04	
2.830570e-01	1.346230e-04	
4.836377e-01	1.364024e-04	
3.900037e+00	1.126250e-04	
9.030552e-01	1.228692e-04	
4.014387e-01	1.248617e-04	
7.276471e-01	1.058442e-04	
5.208686e-01	1.183605e-04	
4.395882e+00	1.040800e-04	
1.256823e+00	7.797573e-05	
4.043750e+00	8.560612e-05	
6.235006e-01	6.112988e-05	
6.715966e-01	1.289531e-04	
4.724137e+00	1.250411e-04	
9.167159e-01	1.121284e-04	
7.579140e-01	1.217569e-04	
6.068585e+00	1.198442e-04	
3.335121e-01	1.143933e-04	
3.047970e-01	1.392392e-04	
3.405533e-01	1.098459e-04	
9.727547e-01	1.162699e-04	
5.811524e-01	1.247274e-04	
6.241138e-01	1.343871e-04	
2.963083e-01	1.234789e-04	
4.158233e-01	1.465543e-04	
5.574597e-01	1.500528e-04	
1.573809e-01	1.476495e-04	
7.334239e-01	1.478943e-04	
3.696093e-01	1.502556e-04	
4.310387e+00	1.441165e-04	
7.117353e-01	1.538906e-04	
2.042046e-01	1.570298e-04	
4.530047e+00	1.585785e-04	
1.048349e+00	1.475323e-04	
1.678685e-01	1.590623e-04	
4.147296e-01	1.465960e-04	
4.701908e-01	1.369336e-04	
1.588107e-01	1.438803e-04	
3.586985e-01	1.485538e-04	
5.783252e-01	1.492985e-04	
4.483029e-01	1.359683e-04	
4.740439e-01	1.336797e-04	
4.462271e+00	1.317616e-04	
4.301275e-01	1.301584e-04	
4.024162e-01	1.269676e-04	
7.263989e-01	1.169806e-04	
8.654332e-01	1.260582e-04	
2.151212e-01	1.002235e-04	
6.447609e-01	8.077656e-05	
4.527153e+00	6.388034e-05	
4.123095e+00	1.023358e-04	
9.368997e-01	1.279602e-04	
5.723496e-01	1.438734e-04	
6.349693e-01	1.577520e-04	
3.261428e-01	1.351825e-04	
6.339875e-01	1.289457e-04	
4.807393e-01	1.168135e-04	
1.723216e-01	1.178866e-04	
4.529837e-01	1.245315e-04	
4.096324e-01	1.413024e-04	
4.350263e-01	1.377388e-04	
3.510499e-01	1.302875e-04	
8.269393e-01	1.355382e-04	
2.275426e-01	1.456185e-04	
4.957341e-01	1.390914e-04	
5.422533e-02	1.514477e-04	
4.352292e+00	1.482029e-04	
4.390238e-01	1.538216e-04	
4.879836e-01	1.437344e-04	
4.392279e+00	1.524804e-04	
9.548958e-01	1.688982e-04	
3.868625e-01	1.559806e-04	
3.203222e-01	1.499414e-04	
3.730366e+00	1.583532e-04	
5.307055e+00	1.436444e-04	
2.792777e-01	1.374111e-04	
3.651795e-01	1.274049e-04	
6.846432e-01	1.426218e-04	
6.333375e-01	1.490260e-04	
1.303075e-01	1.592514e-04	
4.862491e-01	1.406279e-04	
3.793192e+00	1.258113e-04	
3.420133e-01	1.401851e-04	
7.034738e-01	1.423804e-04	
8.854634e-02	1.194313e-04	
3.655736e+00	1.176830e-04	
8.128647e-01	9.783705e-05	
2.592491e-01	7.424209e-05	
3.828224e-01	1.217650e-04	
3.941961e+00	1.384527e-04	
4.833870e-01	1.464202e-04	
2.817935e-01	1.368231e-04	
5.344298e-01	1.564626e-04	
6.608247e-01	1.327527e-04	
4.642442e-01	1.329108e-04	
5.787403e-01	1.365762e-04	
6.959497e-01	1.404092e-04	
4.562010e-01	1.509106e-04	
5.023504e-01	1.357483e-04	
6.872547e-01	1.488268e-04	
5.016299e-01	1.439626e-04	
5.092292e-01	1.353300e-04	
3.026538e-01	1.494082e-04	
4.077942e+00	1.445659e-04	
4.266050e-01	1.526960e-04	
5.120216e-01	1.610709e-04	
7.235514e-01	1.409072e-04	
4.139527e-01	1.430882e-04	
4.299723e-01	1.568052e-04	
4.184089e-01	1.612460e-04	
7.362379e-01	1.574379e-04	
7.578202e-01	1.552567e-04	
4.278997e+00	1.446157e-04	
4.417873e+00	1.302204e-04	
2.671486e-01	1.321856e-04	
3.648432e-01	1.363311e-04	
5.631810e-01	1.436436e-04	
3.230226e-01	1.562587e-04	
9.575130e-01	1.430510e-04	
7.015850e-01	1.481367e-04	
4.898494e-01	1.456299e-04	
2.953104e-01	1.227614e-04	
3.863784e+00	1.261402e-04	
7.322823e-01	1.287132e-04	
4.421177e+00	1.151435e-04	
2.393621e-01	1.204135e-04	
4.230269e+00	1.137095e-04	
1.705956e-01	1.522064e-04	
1.104749e+00	1.600099e-04	
7.560734e-01	1.559021e-04	
5.091382e-01	1.206614e-04	
8.998627e-01	1.375328e-04	
4.939864e-01	1.431585e-04	
4.342449e-01	1.495867e-04	
5.619525e-01	1.471522e-04	
3.694982e-02	1.446588e-04	
3.424231e-01	1.428507e-04	
3.859706e+00	1.547636e-04	
4.712934e-01	1.486535e-04	
3.629225e-01	1.334571e-04	
8.651178e-01	1.413548e-04	
4.545742e-01	1.341091e-04	
4.195019e+00	1.473325e-04	
9.073013e-01	1.395043e-04	
3.918232e+00	1.514220e-04	
1.025887e+00	1.469121e-04	
3.546649e-01	1.541120e-04	
3.018025e-01	1.568484e-04	
3.979847e-01	1.586935e-04	
2.914355e-01	1.507735e-04	
5.164339e-02	1.501751e-04	
4.531778e+00	1.285188e-04	
4.816310e-01	1.288301e-04	
3.190116e-01	1.381810e-04	
4.079012e-01	1.446718e-04	
3.634398e-01	1.332950e-04	
2.540994e-01	1.392822e-04	
4.739306e-01	1.454932e-04	
5.291865e-01	1.374798e-04	
4.105545e+00	1.427884e-04	
7.787161e-01	1.245055e-04	
3.188364e-01	1.373591e-04	
2.664095e-01	1.357412e-04	
3.612741e-01	1.307127e-04	
2.623227e-01	1.195170e-04	
6.890485e-01	1.639857e-04	
2.913504e-01	1.796926e-04	
7.227460e-01	1.486409e-04	
4.672706e-01	1.409196e-04	
2.625047e-01	1.549001e-04	
5.669547e-01	1.594804e-04	
6.265723e-01	1.561336e-04	
3.062732e-01	1.404259e-04	
7.793071e-01	1.308231e-04	
7.242946e-01	1.458523e-04	
3.796053e+00	1.562345e-04	
4.259672e+00	1.471391e-04	
8.504618e-01	1.392446e-04	
6.212495e-01	1.363141e-04	
4.200224e-01	1.473091e-04	
1.106443e+00	1.370881e-04	
4.597827e+00	1.536479e-04	
4.087885e-01	1.614559e-04	
4.823077e+00	1.587913e-04	
7.573436e-02	1.517781e-04	
7.388333e-01	1.651929e-04	
6.712648e-01	1.493367e-04	
7.411196e-01	1.564689e-04	
4.058503e+00	1.414139e-04	
5.475321e-01	1.453857e-04	
4.167201e-01	1.331147e-04	
1.196494e-01	1.438686e-04	
7.528693e-02	1.407306e-04	
7.757849e-01	1.492999e-04	
7.868340e-01	1.456323e-04	
2.457144e-01	1.625293e-04	
8.772465e-01	1.533182e-04	
8.263943e-01	1.393776e-04	
2.454889e-01	1.464082e-04	
4.844404e+00	1.204875e-04	
4.298144e+00	1.154565e-04	
7.561065e-01	8.707582e-05	
2.627131e-01	1.382338e-04	
8.236074e-01	1.509395e-04	
7.554410e-01	1.355279e-04	
1.144025e-01	1.757327e-04	
8.442952e-01	1.659686e-04	
1.845362e-01	1.678914e-04	
3.249429e-01	1.529672e-04	
3.922817e-02	1.580836e-04	
4.877400e-01	1.409172e-04	
1.549702e-01	1.489138e-04	
4.776496e+00	1.408650e-04	
2.906548e-01	1.468942e-04	
5.992747e-01	1.512836e-04	
4.060546e+00	1.602721e-04	
5.081539e-01	1.506670e-04	
2.599244e-02	1.471281e-04	
3.617531e-01	1.479064e-04	
6.100384e-01	1.449902e-04	
4.052641e-01	1.636012e-04	
8.552227e-02	1.558538e-04	
7.252396e-01	1.499084e-04	
2.210714e-01	1.533693e-04	
4.029071e+00	1.570977e-04	
6.446990e-01	1.515287e-04	
3.342818e-01	1.527972e-04	
1.230288e+00	1.509542e-04	
3.799827e-01	1.389384e-04	
5.095722e-02	1.349719e-04	
2.418563e-01	1.447943e-04	
3.256131e-01	1.475282e-04	
1.072159e-01	1.591133e-04	
4.250441e-01	1.416039e-04	
2.737640e-01	1.494090e-04	
4.060729e+00	1.488431e-04	
4.064060e+00	1.507187e-04	
4.104274e+00	1.562991e-04	
7.791522e-01	1.424953e-04	
3.703945e-01	1.152382e-04	
6.691050e-01	1.145899e-04	
5.000028e-01	1.554420e-04	
4.641829e-01	1.582320e-04	
7.615369e-01	1.676731e-04	
1.071484e-01	1.626341e-04	
2.288834e-01	1.515806e-04	
6.716672e-01	1.432822e-04	
2.610245e-01	1.455608e-04	
1.760526e-01	1.455910e-04	
3.725750e-01	1.375820e-04	
2.733080e-01	1.533190e-04	
4.179535e+00	1.451651e-04	
3.951740e+00	1.426090e-04	
1.274478e+00	1.632264e-04	
7.179289e-01	1.557456e-04	
3.442849e-01	1.641329e-04	
1.300330e-01	1.516622e-04	
4.109379e+00	1.633294e-04	
3.304044e-01	1.534747e-04	
8.020037e-01	1.502265e-04	
4.759556e-01	1.453921e-04	
4.612765e-01	1.565471e-04	
7.535003e-01	1.547916e-04	
3.850286e+00	1.474497e-04	
3.453813e-01	1.480964e-04	
4.792598e-01	1.554860e-04	
4.132760e+00	1.550754e-04	
3.193346e-01	1.396414e-04	
2.871488e-01	1.489962e-04	
4.065350e+00	1.568888e-04	
6.670198e-01	1.462228e-04	
1.217378e-01	1.573598e-04	
1.546535e-01	1.456505e-04	
2.585898e-01	1.188206e-04	
3.857429e+00	1.141259e-04	
1.192235e+00	1.314498e-04	
2.562386e-01	1.802050e-04	
9.697976e-02	1.575213e-04	
5.057748e-01	1.712522e-04	
4.199673e-01	1.588156e-04	
2.594763e-01	1.674998e-04	
4.266742e+00	1.546716e-04	
4.584825e-01	1.751433e-04	
1.045463e-01	1.457039e-04	
4.654493e-01	1.526092e-04	
4.158079e-01	1.402518e-04	
5.668558e-01	1.408347e-04	
1.904284e-01	1.484695e-04	
1.408356e-01	1.469993e-04	
3.847867e-01	1.448930e-04	
4.038776e+00	1.410264e-04	
3.659062e-01	1.607768e-04	
6.512955e-01	1.670852e-04	
4.266661e-01	1.528760e-04	
1.144764e+00	1.612429e-04	
7.603437e-01	1.549593e-04	
4.612386e+00	1.498407e-04	
8.773468e-01	1.477279e-04	
1.006201e+00	1.374581e-04	
3.994299e+00	1.477099e-04	
1.191012e-01	1.509055e-04	
6.554900e-01	1.415605e-04	
3.375148e-01	1.507018e-04	
2.959151e-01	1.397439e-04	
8.597393e-01	1.546383e-04	
4.407718e+00	1.456629e-04	
4.431663e+00	1.457494e-04	
1.027948e+00	1.578395e-04	
1.916614e-01	1.611021e-04	
3.829607e-01	1.490411e-04	
4.676550e-01	1.374354e-04	
3.275278e-01	1.345740e-04	
6.771823e-01	1.376664e-04	
4.336613e+00	1.547290e-04	
4.701466e-01	1.416733e-04	
7.931350e-01	1.474400e-04	
1.865218e-01	1.605691e-04	
3.930779e+00	1.807981e-04	
1.808353e-01	1.674700e-04	
1.046846e+00	1.839724e-04	
3.776252e+00	1.703622e-04	
6.074349e-01	1.508568e-04	
1.934891e-01	1.237265e-04	
6.034296e-01	1.386837e-04	
3.188682e-01	1.462968e-04	
7.938953e-01	1.468253e-04	
6.137847e-01	1.547875e-04	
3.246201e-01	1.392074e-04	
4.993296e-01	1.494954e-04	
6.278240e-01	1.537146e-04	
5.429194e-01	1.508878e-04	
2.143849e-01	1.553613e-04	
5.990962e-01	1.600033e-04	
1.881541e-01	1.522828e-04	
4.851782e-01	1.414897e-04	
7.721404e-01	1.420050e-04	
3.997295e+00	1.377303e-04	
6.136822e-01	1.421039e-04	
4.062048e-01	1.387261e-04	
5.195861e-01	1.406831e-04	
8.033553e-01	1.260756e-04	
4.240189e+00	1.455083e-04	
2.901795e-01	1.463540e-04	
4.659672e-01	1.564949e-04	
7.958962e-01	1.469040e-04	
3.558383e-01	1.489182e-04	
7.636403e-01	1.499837e-04	
3.140845e-01	1.491474e-04	
3.884014e-01	1.574033e-04	
3.490366e-01	1.432699e-04	
5.561111e-01	1.373845e-04	
3.731188e+00	1.327477e-04	
3.911350e+00	1.411243e-04	
1.176541e+00	1.026433e-04	
6.297976e+00	1.340437e-04	
9.103656e-01	1.352601e-04	
7.756500e-01	1.922656e-04	
1.558403e-01	1.829455e-04	
1.845398e-01	1.659414e-04	
1.035775e+00	1.262868e-04	
3.704989e-01	1.350293e-04	
3.957438e+00	1.380064e-04	
7.251035e-01	1.315196e-04	
4.385564e+00	1.473538e-04	
9.980450e-01	1.417271e-04	
1.639412e-01	1.469392e-04	
2.468342e-01	1.508941e-04	
4.454357e-01	1.452935e-04	
2.221050e-01	1.397780e-04	
6.312739e-01	1.520583e-04	
7.875105e-01	1.393623e-04	
6.059332e-01	1.464763e-04	
5.962386e-01	1.384813e-04	
3.236837e-01	1.335221e-04	
8.171948e-01	1.436296e-04	
3.589317e-01	1.273632e-04	
3.852520e+00	1.409953e-04	
4.390250e-01	1.270895e-04	
3.785871e+00	1.340610e-04	
2.579374e-01	1.399195e-04	
4.702336e-01	1.392951e-04	
3.503259e-01	1.410085e-04	
3.875262e-01	1.466122e-04	
5.266651e-01	1.590282e-04	
2.405241e-01	1.490196e-04	
4.334360e+00	1.441581e-04	
6.063644e-01	1.357146e-04	
6.432665e-01	1.540207e-04	
3.844629e+00	1.568431e-04	
7.770041e-01	1.569410e-04	
5.100494e-01	1.370987e-04	
3.080392e-01	1.603354e-04	
4.779348e+00	1.428540e-04	
4.377134e+00	1.510454e-04	
1.215788e+00	1.594998e-04	
8.271809e-01	1.493043e-04	
9.922785e-01	1.415605e-04	
3.919444e-01	1.426827e-04	
9.314724e-01	1.544253e-04	
1.994622e-01	1.401011e-04	
4.594254e+00	1.332164e-04	
1.307921e+00	1.278028e-04	
3.746310e+00	1.300661e-04	
4.532579e-01	1.432406e-04	
4.213443e+00	1.474529e-04	
5.135569e-01	1.396946e-04	
4.150082e-01	1.390628e-04	
2.921627e-01	1.375633e-04	
5.225177e-01	1.444543e-04	
2.287103e-01	1.378913e-04	
2.983870e-01	1.342165e-04	
9.292205e-02	1.382144e-04	
2.209300e-01	1.403550e-04	
3.112784e-01	1.276806e-04	
3.666111e-01	1.367552e-04	
4.477828e+00	1.249417e-04	
1.496810e+00	1.273166e-04	
2.104062e-01	1.417246e-04	
6.356504e-01	1.429987e-04	
4.675655e-01	1.371804e-04	
2.940928e-01	1.466215e-04	
4.024597e+00	1.555848e-04	
4.168924e+00	1.503649e-04	
5.372838e-01	1.526008e-04	
4.903696e+00	1.437321e-04	
3.596262e-01	1.444202e-04	
4.779243e-01	1.302231e-04	
3.842498e+00	1.334429e-04	
1.936207e-01	1.623602e-04	
1.793830e-01	9.958890e-05	
3.081011e-01	1.622450e-04	
4.714872e+00	1.401899e-04	
5.599968e-02	1.196557e-04	
5.735418e-01	1.226412e-04	
6.402205e-02	1.470670e-04	
3.835867e-01	1.347661e-04	
3.721317e-01	1.367745e-04	
4.729251e+00	1.368949e-04	
4.227617e+00	1.344019e-04	
2.637516e-01	1.265970e-04	
3.465337e-02	1.148830e-04	
4.669307e+00	1.274346e-04	
9.973401e-01	1.357443e-04	
4.391787e-01	1.388603e-04	
7.765631e-01	1.321927e-04	
5.847220e-01	1.395755e-04	
6.695248e-01	1.374575e-04	
3.409754e-01	1.329679e-04	
5.890541e-01	1.314090e-04	
6.263795e-01	1.367251e-04	
5.030610e-02	1.339109e-04	
5.816513e-01	1.376605e-04	
2.640154e-01	1.337845e-04	
1.114288e+00	1.313262e-04	
8.125437e-01	1.389093e-04	
6.905343e-01	1.214740e-04	
3.748633e+00	1.286694e-04	
7.588093e-02	1.289161e-04	
4.681145e+00	1.456242e-04	
4.636595e-01	1.492109e-04	
4.434805e-01	1.481982e-04	
4.469714e-01	1.502563e-04	
5.898365e-01	1.333826e-04	
3.821485e+00	1.182689e-04	
5.681728e+00	1.420909e-04	
3.770423e+00	1.654819e-04	
5.948790e-01	1.641125e-04	
5.651552e-01	1.302186e-04	
4.009750e-01	1.878139e-04	
3.006264e-01	1.669020e-04	
2.823612e-01	1.583835e-04	
8.500222e-01	1.549648e-04	
3.890464e-01	1.154049e-04	
4.010709e+00	1.334197e-04	
3.756321e+00	1.191203e-04	
4.234512e+00	1.196049e-04	
4.450847e-01	1.326583e-04	
1.375393e-01	1.284607e-04	
3.176154e-01	1.229457e-04	
6.594730e-01	1.159326e-04	
1.724574e-01	1.274629e-04	
3.167274e-01	1.293248e-04	
2.236868e-01	1.337485e-04	
9.769446e-01	1.313284e-04	
5.439985e-01	1.324952e-04	
5.709417e-01	1.270596e-04	
2.719842e-01	1.203965e-04	
1.007429e+00	1.357082e-04	
6.365336e-01	1.336743e-04	
4.445559e+00	1.384739e-04	
4.401140e-01	1.239888e-04	
3.591929e-01	1.380540e-04	
7.385971e-01	1.365761e-04	
4.553105e+00	1.353026e-04	
1.578405e-01	1.341385e-04	
1.274988e+00	1.302829e-04	
4.288373e+00	1.408554e-04	
9.393490e-02	1.416317e-04	
2.536464e-01	1.274913e-04	
3.141679e-01	1.318527e-04	
8.767924e-01	1.467967e-04	
3.566717e-01	1.367610e-04	
7.344578e-01	1.243021e-04	
4.094945e+00	1.178159e-04	
3.742766e+00	1.409809e-04	
2.403407e-01	1.942303e-04	
2.897626e-01	1.554627e-04	
9.359536e-01	1.537727e-04	
4.484797e+00	1.609329e-04	
5.429008e-01	1.479774e-04	
7.817501e-01	1.223786e-04	
4.837802e-01	1.112850e-04	
3.970895e+00	1.288227e-04	
8.316765e-01	1.351830e-04	
7.085495e-01	1.147223e-04	
8.081341e-01	1.243980e-04	
7.980655e-01	1.065366e-04	
3.084857e-01	1.187901e-04	
6.371235e-01	1.170372e-04	
3.730478e+00	1.222374e-04	
3.791753e-01	1.239383e-04	
8.286878e-02	1.275038e-04	
1.530798e-01	1.250189e-04	
3.870696e-01	1.185742e-04	
2.220211e-01	1.276737e-04	
7.766211e-01	1.261200e-04	
1.087800e+00	1.249009e-04	
3.794795e+00	1.331860e-04	
4.217960e+00	1.157416e-04	
5.878211e-01	1.342891e-04	
1.961063e-01	1.374381e-04	
5.042213e-01	1.274494e-04	
7.372810e-01	1.345802e-04	
7.995723e-01	1.280538e-04	
7.509240e-01	1.371685e-04	
4.347068e+00	1.219236e-04	
3.651852e-01	1.343032e-04	
1.584079e-01	1.384493e-04	
5.584535e-01	1.243946e-04	
2.643390e-01	1.236387e-04	
4.383581e-01	1.210416e-04	
3.667723e-01	1.516714e-04	
3.098221e-01	1.692473e-04	
1.201738e-01	1.953236e-04	
2.794976e-01	1.347315e-04	
3.688241e+00	1.433287e-04	
4.435256e-01	1.673799e-04	
4.114971e+00	1.488558e-04	
1.443935e+00	1.158353e-04	
3.826849e+00	1.227632e-04	
9.530868e-01	1.294011e-04	
2.195466e-01	1.284199e-04	
2.908596e-01	1.246639e-04	
2.201291e-01	1.111793e-04	
3.028413e-01	1.199353e-04	
3.303725e-01	1.220083e-04	
4.043032e+00	1.137813e-04	
7.056284e-01	1.058451e-04	
4.842453e-01	1.216339e-04	
1.182201e-01	1.169059e-04	
4.132213e-01	1.215355e-04	
6.870927e-02	1.182982e-04	
6.110953e-01	1.260357e-04	
3.169762e-01	1.268883e-04	
1.723995e-01	1.200035e-04	
4.657358e-01	1.164749e-04	
4.254224e+00	1.192501e-04	
5.569761e-01	1.323248e-04	
7.231420e-01	1.335995e-04	
7.546658e-01	1.313912e-04	
4.428625e-01	1.296099e-04	
4.071227e+00	1.353853e-04	
1.568395e-01	1.099588e-04	
4.860565e-01	1.223072e-04	
1.161731e+00	1.176966e-04	
5.457962e-01	1.312339e-04	
6.251310e-01	1.306799e-04	
3.304236e-01	1.372009e-04	
4.966848e+00	1.344032e-04	
7.827521e-01	1.377340e-04	
3.369720e-01	1.424984e-04	
4.306727e-01	1.341055e-04	
1.056012e-01	2.066794e-04	
9.126899e-01	1.678552e-04	
4.208002e-01	1.409180e-04	
1.592846e-01	1.262949e-04	
4.210163e+00	1.294595e-04	
9.544348e-01	1.299912e-04	
3.763275e+00	1.332037e-04	
5.166736e-01	1.350747e-04	
6.770944e-01	1.211261e-04	
7.405269e-01	1.200722e-04	
9.909099e-01	1.166375e-04	
4.090176e-01	1.061186e-04	
8.306626e-02	1.126081e-04	
1.087211e-01	1.081625e-04	
4.744424e-01	1.037711e-04	
7.137300e-01	1.187505e-04	
7.618846e-01	1.106978e-04	
3.476811e-01	1.117253e-04	
2.376908e-01	1.280393e-04	
4.733879e-01	1.153485e-04	
1.187084e+00	1.236925e-04	
1.346775e-01	1.172017e-04	
3.985097e-01	1.306949e-04	
7.338077e-01	1.250774e-04	
3.846958e-01	1.279377e-04	
7.272498e-01	1.337641e-04	
8.235653e-01	1.319183e-04	
2.027420e-01	1.261585e-04	
6.012945e+00	1.100035e-04	
5.169175e-01	1.218545e-04	
3.079390e-01	1.327433e-04	
7.129059e-01	9.691456e-05	
4.244732e-01	1.218682e-04	
4.234545e+00	1.243580e-04	
4.893842e-01	1.492816e-04	
3.527807e-01	1.380731e-04	
2.768400e-01	1.334624e-04	
5.912321e-01	1.559995e-04	
5.263665e-01	1.431387e-04	
2.239686e-01	1.504660e-04	
5.158780e-01	1.293694e-04	
9.010754e-01	1.403895e-04	
1.957632e-02	1.236556e-04	
4.197981e-01	1.192724e-04	
5.186110e-01	1.122582e-04	
5.220578e-01	1.239584e-04	
4.485446e+00	1.270207e-04	
3.228516e-01	1.163040e-04	
2.396091e-01	1.124785e-04	
7.335233e-01	9.779257e-05	
2.404340e-01	1.034885e-04	
8.565988e-01	1.098819e-04	
6.065932e-01	1.113240e-04	
7.104816e-01	1.136461e-04	
5.036415e-01	1.145684e-04	
4.910931e-01	1.221223e-04	
3.331926e-01	1.136842e-04	
1.611472e-01	1.185666e-04	
6.634557e-01	1.163457e-04	
7.298264e-01	1.253223e-04	
2.356566e-01	1.285563e-04	
3.200508e-01	1.181278e-04	
2.155487e-01	1.199214e-04	
6.633394e+00	1.261304e-04	
1.979992e-01	1.274087e-04	
3.807494e+00	1.113651e-04	
4.087476e-01	1.222196e-04	
4.123016e-01	1.294192e-04	
6.164676e-01	1.135144e-04	
7.616719e-02	1.044871e-04	
5.151570e-01	1.151342e-04	
1.448343e-01	9.588625e-05	
5.512868e-01	1.141312e-04	
6.233662e-01	1.334877e-04	
5.347095e-01	1.877247e-04	
3.180252e-01	1.606685e-04	
1.125077e-01	2.034851e-04	
7.721188e-01	1.543573e-04	
4.675662e-01	1.456638e-04	
3.708075e-01	1.063076e-04	
3.713369e-01	1.169661e-04	
5.540022e-01	9.765757e-05	
9.125672e-01	1.216601e-04	
3.780658e+00	1.182941e-04	
2.695100e-01	1.162449e-04	
7.772996e-02	1.131416e-04	
1.044794e+00	9.347473e-05	
6.791294e-01	1.047823e-04	
5.317834e-01	1.096726e-04	
4.838532e-01	1.145582e-04	
5.534328e-01	1.111284e-04	
6.861606e-01	1.171250e-04	
7.091497e-01	1.062698e-04	
5.348267e-01	1.218983e-04	
2.889345e-01	1.175839e-04	
7.348868e-01	1.145382e-04	
3.807948e+00	1.248767e-04	
2.916439e-01	1.196921e-04	
3.318283e-01	1.198289e-04	
1.560960e-01	1.169828e-04	
4.088042e+00	1.110789e-04	
5.385272e-01	1.160427e-04	
3.631544e+00	9.704352e-05	
4.273894e+00	1.060194e-04	
4.652612e+00	1.185307e-04	
3.929984e-01	1.140869e-04	
4.437204e-01	1.132211e-04	
4.888398e-01	1.073852e-04	
2.985875e-01	9.971408e-05	
3.459278e-01	1.011132e-04	
5.509337e-01	1.010704e-04	
2.696728e-01	1.449781e-04	
2.937591e-01	1.595294e-04	
4.054446e-01	2.288200e-04	
2.403951e-01	2.238855e-04	
3.067537e-01	1.745657e-04	
5.335487e-01	9.402383e-05	
3.896479e-01	9.046419e-05	
8.211309e-01	1.068690e-04	
5.728483e-01	1.025116e-04	
7.337281e-01	1.101772e-04	
4.258931e+00	1.127462e-04	
4.061230e+00	1.190349e-04	
4.206890e-01	9.754752e-05	
1.883388e-01	9.812140e-05	
5.580669e-01	1.091475e-04	
5.592085e-01	1.054244e-04	
4.455447e-01	1.115200e-04	
6.139191e-01	1.185803e-04	
4.631741e+00	1.064461e-04	
8.781167e-01	1.115875e-04	
4.537960e-01	1.160192e-04	
3.763533e-01	1.133227e-04	
1.131328e+00	1.124468e-04	
3.214225e-01	1.091386e-04	
4.142196e+00	1.132026e-04	
3.932270e-01	1.065656e-04	
5.136898e-01	1.101345e-04	
2.610244e-01	1.098870e-04	
4.164342e-01	9.844909e-05	
4.629376e+00	1.060252e-04	
6.662993e-01	1.026122e-04	
3.146215e-01	1.130119e-04	
4.286327e+00	1.040625e-04	
3.817206e-01	1.109843e-04	
9.363639e-01	1.042050e-04	
4.293231e-01	9.478013e-05	
1.095144e+00	1.025393e-04	
7.479203e-01	1.155929e-04	
4.429349e+00	1.486007e-04	
6.448535e-01	1.586146e-04	
4.700827e-01	1.429026e-04	
2.191362e-01	1.602184e-04	
1.061346e+00	1.326460e-04	
5.456322e-01	1.228666e-04	
7.536257e-01	1.223153e-04	
7.330952e-01	1.050736e-04	
5.446733e-01	1.000874e-04	
5.944785e-01	1.087712e-04	
4.685843e+00	1.145207e-04	
4.869898e+00	1.053401e-04	
9.753356e-01	1.007194e-04	
4.219700e-01	1.003427e-04	
5.019288e-01	1.083071e-04	
3.905193e-01	1.056944e-04	
3.731459e-01	1.058178e-04	
2.704502e-01	1.125236e-04	
5.631886e-01	1.074770e-04	
4.430897e+00	1.028926e-04	
5.575414e-01	1.091442e-04	
2.772037e-01	1.137710e-04	
5.231508e-01	9.875262e-05	
5.417984e-01	1.004776e-04	
5.125070e-02	1.041643e-04	
5.075768e-02	1.010215e-04	
6.289517e-01	9.940572e-05	
4.116955e-01	9.121461e-05	
5.839183e-01	9.985792e-05	
6.018691e-01	1.065184e-04	
3.305712e-01	1.116684e-04	
1.306581e-01	9.670202e-05	
3.473283e-01	1.026128e-04	
4.294464e+00	9.723972e-05	
6.388265e-01	1.124455e-04	
6.451570e-01	9.768233e-05	
4.697190e+00	1.100987e-04	
5.777633e-01	1.322198e-04	
7.312294e-01	1.053816e-04	
4.337560e+00	1.476741e-04	
6.262028e-01	1.479929e-04	
4.161641e-01	1.643943e-04	
4.769257e-01	1.846725e-04	
6.595965e-01	1.326290e-04	
6.536734e-01	1.033718e-04	
7.862026e-01	1.027408e-04	
2.877943e-01	9.060863e-05	
1.488902e-01	1.040797e-04	
4.135529e+00	1.207084e-04	
2.339402e-01	1.031594e-04	
7.177511e-01	9.190835e-05	
4.109883e+00	1.000319e-04	
2.100468e-01	9.238354e-05	
2.494317e-01	9.308896e-05	
5.119691e-01	9.749972e-05	
4.902556e-01	9.710041e-05	
7.428593e-01	9.527300e-05	
8.088861e-01	9.981957e-05	
4.600744e+00	1.006552e-04	
7.640306e-01	9.555077e-05	
3.929065e-02	9.167960e-05	
4.013193e+00	9.320667e-05	
7.571636e-01	9.007009e-05	
3.811034e-01	8.455331e-05	
4.718954e-01	9.157658e-05	
2.462956e-01	8.606450e-05	
4.614498e+00	9.238882e-05	
5.404921e-01	1.046738e-04	
4.213176e-01	9.838876e-05	
7.792867e-01	1.050643e-04	
4.055413e+00	9.483437e-05	
6.493464e-01	9.814259e-05	
4.585655e-01	8.637545e-05	
6.216743e-01	8.867640e-05	
3.832678e-01	9.066047e-05	
4.966206e+00	9.705129e-05	
2.097455e-01	1.306254e-04	
4.942161e-01	1.674665e-04	
2.370096e-01	2.192024e-04	
8.670402e-01	2.048519e-04	
4.052367e+00	1.931375e-04	
4.748301e+00	1.671480e-04	
5.249255e-01	1.385444e-04	
7.571204e-01	1.048664e-04	
1.073990e+00	7.985986e-05	
3.983653e+00	7.244556e-05	
6.004997e-01	9.596588e-05	
8.391483e-01	8.613079e-05	
2.026762e-01	9.600166e-05	
8.446687e-01	9.848971e-05	
3.880404e+00	7.691926e-05	
2.075243e-01	8.880700e-05	
7.549465e-01	8.398282e-05	
3.659533e-01	8.386500e-05	
4.990690e-01	8.153880e-05	
6.265880e+00	9.420789e-05	
2.994974e-01	9.186280e-05	
4.602377e+00	8.525505e-05	
5.831844e+00	8.838350e-05	
4.067285e+00	8.857205e-05	
5.150039e-01	7.462884e-05	
2.693749e-01	8.668839e-05	
3.503942e-01	7.857789e-05	
3.696598e+00	8.179979e-05	
4.803181e-01	1.035605e-04	
2.591609e-01	9.131390e-05	
2.706857e-01	9.873427e-05	
2.865353e-01	9.510352e-05	
3.373995e-01	8.569452e-05	
5.085952e-01	8.201188e-05	
1.226708e-01	8.349403e-05	
5.387577e-01	8.189460e-05	
5.020542e-01	7.621327e-05	
3.169580e-01	1.080190e-04	
9.444767e-01	1.271777e-04	
4.861074e-01	1.901133e-04	
2.358420e-01	1.396088e-04	
4.519546e+00	1.558963e-04	
4.172870e+00	1.455723e-04	
2.204272e-01	1.422547e-04	
3.299689e-01	1.331299e-04	
5.516562e-01	1.088059e-04	
2.972519e-01	9.585704e-05	
3.319467e-01	8.238558e-05	
6.619386e-01	7.902666e-05	
6.769904e-01	6.506860e-05	
2.455965e-01	8.855471e-05	
8.987956e-01	8.416242e-05	
1.005667e-01	7.510970e-05	
3.296240e-01	6.972865e-05	
2.666433e-01	7.490431e-05	
6.387959e-01	7.601467e-05	
3.785709e+00	7.984105e-05	
7.612216e-01	9.367106e-05	
4.241726e+00	8.043894e-05	
3.091465e-01	8.051222e-05	
7.052176e-01	8.728343e-05	
4.139782e+00	7.713329e-05	
3.967074e+00	7.381857e-05	
9.447143e-01	7.878142e-05	
4.519996e-01	7.645912e-05	
6.182435e-01	9.079870e-05	
5.044115e-01	8.080827e-05	
4.612895e-01	8.689805e-05	
2.853199e-01	9.553169e-05	
1.616919e-01	8.289277e-05	
4.628897e-01	7.862137e-05	
2.451434e-01	7.281684e-05	
3.981013e-01	7.961341e-05	
1.544756e-01	7.728682e-05	
2.773980e-01	8.000472e-05	
4.164371e-01	9.846813e-05	
3.316445e-01	1.189823e-04	
4.564421e-01	1.235232e-04	
2.917947e-01	1.413689e-04	
5.082121e-01	1.550571e-04	
4.959338e-01	1.458423e-04	
4.576243e+00	1.324759e-04	
4.581622e-01	1.143821e-04	
6.987983e-01	1.233947e-04	
5.974684e-01	8.036886e-05	
2.900497e-01	9.307935e-05	
6.424374e-01	6.581453e-05	
6.955854e-01	6.610294e-05	
4.564337e-01	5.957945e-05	
3.699848e-01	8.013334e-05	
3.965431e-01	6.953670e-05	
2.119057e-01	6.272152e-05	
3.467819e+00	5.825200e-05	
8.700066e-01	5.999089e-05	
3.542696e-01	7.455507e-05	
2.184555e-01	7.376051e-05	
5.525730e-01	7.506441e-05	
2.151733e-01	6.681617e-05	
2.921703e-01	6.406117e-05	
9.296176e-01	7.261622e-05	
7.071049e-01	7.001737e-05	
3.513774e-01	8.098678e-05	
5.263419e-01	7.916088e-05	
1.108465e+00	8.188854e-05	
3.790952e-02	8.363138e-05	
5.534323e-01	7.738253e-05	
5.821404e-01	8.191130e-05	
2.454829e-01	6.087698e-05	
5.266496e-01	7.537095e-05	
5.070617e-01	6.958463e-05	
2.653755e-01	8.568156e-05	
6.976260e-01	8.247396e-05	
5.619544e-01	6.714286e-05	
6.559909e-01	6.067618e-05	
7.513135e-01	8.982545e-05	
2.331563e-01	1.401205e-04	
2.480608e-01	2.257946e-04	
1.624552e-01	1.855168e-04	
6.181733e-01	1.644423e-04	
7.154868e-01	1.308092e-04	
4.565444e+00	1.216165e-04	
3.165110e-01	9.853524e-05	
5.487595e-01	8.345970e-05	
7.283864e-01	7.135115e-05	
6.375037e-02	6.879763e-05	
2.189032e-02	5.509175e-05	
6.023255e-01	6.442255e-05	
3.812106e-01	6.045081e-05	
3.802023e+00	7.441424e-05	
4.826033e-01	6.091936e-05	
8.509836e-01	6.142692e-05	
3.342596e+00	5.238049e-05	
3.616089e+00	7.015820e-05	
3.931766e+00	6.634919e-05	
3.658420e-01	6.455911e-05	
4.228675e-01	6.433666e-05	
5.308505e-01	6.271515e-05	
2.941250e-01	5.937957e-05	
6.413095e-01	7.631259e-05	
1.647670e-01	7.061051e-05	
1.642085e-01	7.736913e-05	
4.742274e+00	7.463866e-05	
8.710250e-01	7.223019e-05	
1.364334e-01	6.779504e-05	
3.870488e-01	6.838786e-05	
3.853889e-01	6.203638e-05	
4.407330e-01	5.170976e-05	
7.333233e-01	7.085607e-05	
7.499594e-01	5.550142e-05	
5.294854e-01	7.769259e-05	
8.434151e-01	7.925235e-05	
5.295528e-01	6.472729e-05	
4.540639e-01	7.249319e-05	
9.333011e-01	8.752488e-05	
4.460965e+00	1.295573e-04	
2.458065e-01	1.795136e-04	
8.745736e-01	1.567438e-04	
5.568974e-01	1.164673e-04	
4.582932e-01	1.132406e-04	
9.124291e-01	9.402480e-05	
3.987886e+00	9.280964e-05	
7.887062e-01	6.170897e-05	
3.110643e-01	6.147647e-05	
7.520196e-01	5.013516e-05	
8.778457e-02	5.815044e-05	
4.300343e+00	5.552311e-05	
1.061939e+00	5.515873e-05	
2.242028e-01	6.548221e-05	
4.677863e-01	5.433264e-05	
4.281774e+00	5.113349e-05	
4.077889e+00	5.273949e-05	
6.355500e-01	6.055867e-05	
8.263705e-01	5.785350e-05	
1.991793e-01	6.131361e-05	
2.861812e-01	5.743247e-05	
5.954145e-01	5.449401e-05	
4.075654e+00	6.780806e-05	
1.966631e-01	7.252925e-05	
1.932183e-01	7.532950e-05	
3.783160e-01	6.662552e-05	
4.396531e+00	5.455180e-05	
8.613341e-01	6.228979e-05	
3.726144e-01	5.873906e-05	
4.145425e-01	5.530450e-05	
5.009899e-01	5.051237e-05	
5.854680e-01	5.647977e-05	
5.011873e-01	6.232495e-05	
5.465871e-01	5.688514e-05	
4.822820e+00	6.245172e-05	
4.019906e+00	7.612613e-05	
4.291602e-01	9.661660e-05	
4.592745e+00	9.854501e-05	
5.297978e-01	1.146785e-04	
5.011317e-01	1.374329e-04	
3.112594e-01	1.250666e-04	
5.458069e-01	1.183891e-04	
3.479626e-01	1.190733e-04	
3.978965e+00	8.389084e-05	
2.621670e-01	7.721382e-05	
4.232915e-01	6.629788e-05	
8.503314e-02	5.601484e-05	
4.116783e-01	4.961680e-05	
6.174331e-01	6.385743e-05	
8.206740e-01	4.513444e-05	
2.332270e-01	5.372246e-05	
5.037318e-01	5.609263e-05	
2.879999e-01	5.679723e-05	
3.731493e-01	5.342774e-05	
1.911462e-01	4.217955e-05	
7.993944e-01	4.607141e-05	
7.712509e-01	5.288526e-05	
4.029464e+00	5.618041e-05	
6.762773e-01	5.528775e-05	
3.706910e+00	4.795776e-05	
5.327225e-01	5.819628e-05	
2.407348e-01	5.788003e-05	
2.691197e-01	5.532441e-05	
5.161674e-01	5.055506e-05	
2.395097e-01	4.685277e-05	
4.929831e-01	5.643302e-05	
4.112798e+00	5.848508e-05	
1.686503e-01	5.164097e-05	
1.986281e-01	4.115521e-05	
5.252872e-01	4.586629e-05	
5.110631e-01	3.944041e-05	
4.487166e+00	5.487169e-05	
7.318264e-01	8.486542e-05	
7.747536e-01	8.773113e-05	
4.006687e+00	5.313742e-05	
5.964053e-01	8.174209e-05	
2.527343e-02	1.245458e-04	
4.164785e+00	1.447327e-04	
4.541278e-01	1.100093e-04	
3.767965e+00	1.293148e-04	
1.047563e+00	8.934578e-05	
5.221758e-01	8.973180e-05	
1.858158e-01	6.826715e-05	
3.129998e-01	6.532345e-05	
2.529518e-01	5.295191e-05	
4.860917e-01	5.136418e-05	
7.843135e-01	5.089152e-05	
2.053271e-01	5.251659e-05	
8.286430e-01	4.466076e-05	
1.090043e+00	5.324052e-05	
2.862374e-01	4.497437e-05	
3.973820e+00	4.885548e-05	
9.449129e-01	4.184661e-05	
2.522028e-01	4.227189e-05	
4.603871e+00	4.377715e-05	
5.255345e-01	3.658355e-05	
6.051592e-01	3.992640e-05	
6.536966e+00	4.917226e-05	
3.553413e-01	4.322378e-05	
8.310934e-01	4.441311e-05	
7.498706e-01	4.056821e-05	
5.147221e-01	4.327989e-05	
6.402506e-01	3.674227e-05	
5.081109e-01	4.261908e-05	
7.708371e-01	4.342679e-05	
4.001109e+00	3.804133e-05	
5.333111e-01	4.754514e-05	
6.249835e-01	4.833100e-05	
7.956559e-01	6.631023e-05	
9.012227e-01	5.343544e-05	
1.671408e-01	5.579552e-05	
2.253665e-01	6.206619e-05	
5.388761e-01	7.646022e-05	
8.590350e-01	8.072857e-05	
6.431508e-01	1.525460e-04	
2.899152e-01	1.144013e-04	
3.981387e+00	1.120142e-04	
4.508611e-01	1.074161e-04	
3.817754e+00	1.026695e-04	
9.900364e-01	1.006411e-04	
6.717458e-01	7.761755e-05	
5.642686e-01	5.337001e-05	
6.867434e-01	4.865811e-05	
3.476995e-01	3.318567e-05	
6.161623e-02	3.737269e-05	
4.777709e-01	3.920839e-05	
7.476178e-01	4.406375e-05	
2.180142e-01	3.858714e-05	
6.559111e-01	3.579017e-05	
1.233370e+00	4.466761e-05	
4.651596e+00	2.846443e-05	
6.230754e-01	3.864770e-05	
8.366352e-02	3.709434e-05	
3.748087e-01	3.390754e-05	
3.981272e+00	3.822747e-05	
9.913612e-01	4.275247e-05	
3.949116e+00	2.467651e-05	
1.155391e-01	3.175447e-05	
4.530255e+00	3.347967e-05	
6.816377e-01	2.709500e-05	
2.516281e-01	2.440695e-05	
6.362913e-01	3.249121e-05	
6.378551e-01	3.542009e-05	
4.068136e-01	5.535108e-05	
1.587120e-01	4.271247e-05	
4.501152e-01	4.876771e-05	
4.282406e-01	4.429232e-05	
1.369426e+00	4.311253e-05	
4.238245e-01	4.412896e-05	
6.557503e-01	5.378327e-05	
3.030284e-01	6.143474e-05	
7.044378e-01	8.772035e-05	
5.594063e-01	8.598066e-05	
4.376934e-01	1.331405e-04	
6.400498e-01	5.629856e-05	
3.592687e-01	8.491271e-05	
2.718928e-01	8.070497e-05	
4.412639e-01	6.715213e-05	
1.571073e-01	7.662108e-05	
5.205186e-01	5.492800e-05	
2.894945e-01	4.653039e-05	
8.635890e-02	3.659523e-05	
5.235542e-01	4.299708e-05	
2.056416e-01	3.226364e-05	
1.169435e-01	3.585050e-05	
4.218708e-01	2.786307e-05	
2.294327e-01	3.022623e-05	
9.552681e-01	1.726739e-05	
4.572811e+00	3.132396e-05	
3.270722e-01	2.703852e-05	
5.650998e-01	2.113472e-05	
8.023967e-01	3.260033e-05	
9.161490e-01	3.024774e-05	
2.091414e-01	3.469385e-05	
2.915311e-01	3.066161e-05	
4.295100e+00	1.756277e-05	
2.726256e-01	1.860150e-05	
4.279323e+00	2.448471e-05	
7.072867e-01	3.111727e-05	
3.981598e-01	2.508759e-05	
4.170313e+00	4.059455e-05	
3.271084e-01	2.971933e-05	
4.242539e-01	3.942204e-05	
2.046670e-01	4.303735e-05	
7.338055e-01	3.687553e-05	
5.696036e-01	3.671745e-05	
3.567187e-01	2.725573e-05	
8.165350e-01	2.479263e-05	
5.791495e-01	5.715058e-05	
3.869163e-01	1.023176e-04	
3.213789e-01	1.728565e-04	
5.112055e-01	6.565669e-05	
2.293611e-01	7.352913e-05	
1.507877e+00	5.791874e-05	
3.096997e-01	4.376564e-05	
3.131335e-01	4.235027e-05	
4.016530e+00	4.603351e-05	
1.231227e+00	4.237847e-05	
1.564808e-01	3.806624e-05	
8.326857e-01	3.634996e-05	
5.646128e-01	1.971410e-05	
5.692290e-01	2.642789e-05	
3.115076e-01	3.169347e-05	
1.636317e-01	2.469126e-05	
9.297267e-01	2.090102e-05	
4.416930e+00	2.267230e-05	
1.960914e-01	2.374332e-05	
5.244524e-01	2.275713e-05	
4.259670e-01	1.672298e-05	
4.124496e+00	2.709971e-05	
2.983618e-01	2.816149e-05	
4.139493e-01	2.237417e-05	
2.885423e-01	2.265389e-05	
6.846764e-01	1.901529e-05	
4.447014e+00	2.033960e-05	
4.219765e-01	2.341226e-05	
2.025070e-01	2.262128e-05	
6.054486e-01	2.186468e-05	
3.034616e-01	3.694517e-05	
3.778203e+00	1.559407e-05	
5.175624e-01	2.691114e-05	
9.114664e-01	3.132232e-05	
7.784851e-01	3.826956e-05	
1.433452e-01	2.393771e-05	
1.145803e+00	3.489177e-05	
2.322786e-01	3.829276e-05	
1.130450e-01	3.852650e-05	
4.798324e-01	5.386643e-05	
4.613137e-01	9.825696e-05	
2.384508e-01	1.902277e-04	
2.183452e-01	7.832582e-05	
2.609719e-01	3.312009e-05	
5.718402e-01	6.446637e-07	
3.385431e-01	8.465404e-06	
5.426006e-01	1.917914e-05	
4.102341e+00	2.741584e-05	
1.129829e-01	3.445331e-05	
7.630960e-01	2.173076e-05	
1.916811e-01	1.377565e-05	
3.114006e-01	5.398077e-06	
2.476552e-01	1.951723e-05	
1.608911e-01	1.859856e-05	
5.854963e-01	1.166332e-05	
2.417226e-01	1.241461e-05	
1.581192e-01	1.440862e-05	
1.893397e-01	1.350863e-05	
4.606648e+00	1.221908e-05	
7.764060e-01	1.443977e-05	
2.011142e-01	1.285970e-05	
6.366819e-01	1.659417e-05	
8.174685e-01	1.510645e-05	
6.597813e-01	1.039562e-05	
5.342493e-01	9.941060e-06	
3.738141e-01	1.833389e-05	
6.171101e-01	1.731293e-05	
5.397991e-01	1.653121e-05	
6.607215e-02	9.527546e-06	
4.246124e-01	1.679260e-05	
6.819002e-01	8.339434e-06	
2.016136e-01	1.184991e-05	
3.635449e-01	1.828595e-05	
5.560387e-01	5.598640e-06	
4.127222e-01	1.443794e-05	
7.964667e-01	1.773004e-05	
2.883219e-01	5.315644e-05	
4.184070e-01	8.012737e-05	
3.634730e-01	1.288902e-04	
