1.379771e+01	4.796163e-14	
1.269093e+01	4.595213e-13	
1.287087e+01	2.920997e-13	
1.295015e+01	1.417311e-12	
1.246375e+01	2.351452e-13	
1.293468e+01	5.724310e-13	
1.289795e+01	5.110024e-12	
1.278032e+01	9.290346e-13	
1.305438e+01	8.136603e-12	
1.266701e+01	1.004530e-12	
1.248697e+01	3.371192e-12	
1.277028e+01	1.456613e-12	
1.287475e+01	1.293410e-12	
1.304028e+01	1.039593e-10	
1.277420e+01	2.452261e-12	
1.284431e+01	6.068257e-12	
1.301209e+01	3.883560e-12	
1.293132e+01	1.430123e-11	
1.314885e+01	3.967049e-12	
1.272695e+01	8.507639e-12	
1.300099e+01	4.634737e-12	
1.300163e+01	1.689182e-11	
1.243912e+01	3.507417e-12	
1.254632e+01	7.281287e-12	
1.289563e+01	2.076339e-12	
1.303381e+01	1.869838e-12	
1.288302e+01	9.645951e-12	
1.294290e+01	1.878497e-12	
1.302154e+01	2.730460e-11	
1.277312e+01	6.335599e-12	
1.255395e+01	1.217326e-11	
1.251204e+01	3.411271e-12	
1.281706e+01	2.744027e-12	
1.317105e+01	2.997602e-13	
1.307442e+01	1.560907e-11	
1.262793e+01	4.309886e-13	
1.240651e+01	6.025180e-13	
1.284312e+01	3.197442e-14	
1.291982e+01	2.897682e-14	
1.351882e+01	7.360779e-14	
1.375603e+01	9.673595e-12	
1.288305e+01	7.836530e-13	
1.274979e+01	1.384299e-13	
1.267588e+01	8.093921e-14	
1.269750e+01	8.047951e-15	
1.297703e+01	8.484797e-15	
1.299115e+01	1.646427e-14	
1.261445e+01	1.017921e-14	
1.286480e+01	6.631428e-15	
1.312184e+01	2.111184e-16	
1.277691e+01	6.607870e-15	
1.280565e+01	3.079059e-15	
1.278513e+01	1.023611e-15	
1.294220e+01	1.784416e-15	
1.267426e+01	2.022454e-15	
1.277697e+01	9.022610e-16	
1.285181e+01	1.464254e-16	
1.261027e+01	1.579318e-15	
1.291349e+01	2.125869e-15	
1.292714e+01	9.857022e-16	
1.292756e+01	1.548961e-15	
1.260035e+01	2.551043e-15	
1.260427e+01	4.307230e-16	
1.273738e+01	1.610680e-15	
1.300543e+01	1.203015e-15	
1.279085e+01	1.711307e-15	
1.284392e+01	1.622197e-16	
1.329309e+01	6.824072e-16	
1.293893e+01	1.992333e-15	
1.280993e+01	0	
1.283992e+01	1.266710e-15	
1.263679e+01	1.163408e-16	
1.257443e+01	3.915082e-16	
1.263299e+01	1.646427e-15	
1.258687e+01	1.237366e-15	
1.250166e+01	0	
1.251351e+01	3.177719e-14	
1.295576e+01	1.311332e-13	
1.283150e+01	2.512756e-12	
1.335538e+01	2.821976e-11	
1.310472e+01	4.862777e-14	
1.276394e+01	1.703082e-13	
1.273241e+01	3.153033e-13	
1.282395e+01	7.633894e-13	
1.274739e+01	2.806644e-13	
1.268043e+01	3.776091e-12	
1.292512e+01	4.271250e-12	
1.307461e+01	2.705280e-12	
1.276068e+01	1.433742e-12	
1.262571e+01	3.025769e-11	
1.272639e+01	5.655476e-13	
1.276555e+01	1.570077e-12	
1.280330e+01	6.840750e-12	
1.262311e+01	4.497958e-12	
1.278771e+01	5.057066e-12	
1.274802e+01	1.256817e-11	
1.295102e+01	4.658163e-12	
1.284807e+01	1.470604e-10	
1.302761e+01	1.316280e-11	
1.294202e+01	6.865952e-12	
1.236786e+01	1.319111e-11	
1.286051e+01	1.886069e-11	
1.278693e+01	4.987544e-11	
1.278587e+01	1.204437e-11	
1.261319e+01	2.261857e-11	
1.280881e+01	2.153577e-11	
1.318411e+01	1.162106e-10	
1.244102e+01	1.665734e-11	
1.257708e+01	1.212141e-11	
1.276389e+01	4.059864e-12	
1.264048e+01	9.136125e-11	
1.308203e+01	1.188583e-11	
1.285918e+01	7.895906e-13	
1.267327e+01	1.091975e-10	
1.269474e+01	3.914646e-12	
1.265081e+01	9.950929e-12	
1.271459e+01	1.365563e-11	
1.271620e+01	5.897505e-13	
1.274066e+01	7.172041e-14	
1.288520e+01	4.395373e-13	
1.253806e+01	1.334488e-13	
1.234846e+01	2.610134e-13	
1.276222e+01	7.982504e-13	
1.251729e+01	1.193601e-12	
1.245810e+01	1.031175e-12	
1.284692e+01	1.173506e-12	
1.294096e+01	3.756995e-12	
1.285364e+01	4.090284e-12	
1.309350e+01	4.756195e-13	
1.303926e+01	6.532130e-11	
1.301340e+01	4.058975e-12	
1.321915e+01	8.297030e-12	
1.265878e+01	4.994449e-12	
1.220789e+01	8.056888e-13	
1.263697e+01	1.046674e-11	
1.316772e+01	7.776446e-12	
1.278170e+01	3.256984e-11	
1.278702e+01	6.977641e-12	
1.250068e+01	6.443512e-12	
1.263339e+01	3.414269e-12	
1.315481e+01	3.198286e-11	
1.272720e+01	1.865497e-11	
1.256064e+01	8.415602e-12	
1.303683e+01	2.905454e-12	
1.296516e+01	1.225088e-10	
1.278891e+01	1.686928e-11	
1.310003e+01	2.196821e-11	
1.259213e+01	7.648771e-12	
1.249769e+01	2.295808e-11	
1.309624e+01	1.128977e-10	
1.305658e+01	1.224021e-11	
1.273387e+01	8.360312e-12	
1.284567e+01	4.173772e-12	
1.277160e+01	2.802314e-12	
1.273371e+01	5.175194e-12	
1.270659e+01	6.472378e-12	
4.372740e+00	1.211964e-05	
3.896491e-01	1.680588e-05	
3.166046e-01	7.483055e-06	
2.726467e-01	1.934366e-05	
4.205993e-01	2.895828e-05	
3.250936e-01	7.491497e-06	
3.652023e-01	1.414368e-05	
4.306830e+00	2.066939e-05	
4.887958e-01	2.093682e-05	
3.895086e-01	4.718740e-08	
3.429792e-01	1.186109e-05	
4.442530e-01	3.470818e-05	
3.164649e-01	2.485353e-05	
2.501810e-01	2.360601e-05	
4.155318e+00	2.746276e-05	
8.506832e-01	3.239219e-05	
4.745568e+00	2.717127e-05	
6.750495e-01	4.100865e-05	
4.326905e+00	5.478288e-05	
6.999083e-01	4.957951e-05	
6.298985e-01	6.213835e-05	
6.447441e-01	5.798875e-05	
4.268763e-01	1.967266e-05	
4.870037e-01	5.849435e-05	
1.163676e+00	1.505638e-05	
4.661841e-01	4.382302e-05	
2.949188e-01	4.178878e-05	
1.085373e-01	2.775499e-05	
3.239654e-01	1.884465e-05	
4.523300e-01	3.426651e-05	
1.250073e-01	3.202655e-05	
6.164730e-01	2.568855e-05	
2.144477e-01	5.394547e-06	
3.786367e-01	1.275599e-05	
8.163149e-01	3.387311e-05	
1.393379e-01	2.187233e-05	
5.601192e-01	2.294077e-05	
3.803084e-01	1.428640e-05	
6.633311e-01	2.696117e-05	
3.800684e+00	3.931231e-05	
7.209821e-01	5.949442e-05	
3.692195e-01	4.697839e-05	
3.966317e-01	4.980039e-05	
4.096611e-01	4.472130e-05	
3.891975e-01	3.867893e-05	
3.700496e-01	5.144180e-05	
4.892903e+00	6.937282e-05	
7.957218e-01	6.030132e-05	
2.174195e-01	5.899071e-05	
4.533634e+00	7.999043e-05	
9.541867e-01	5.666067e-05	
3.872555e+00	5.362491e-05	
3.106687e+00	8.789930e-05	
3.982710e+00	9.339673e-05	
1.032234e+00	9.954594e-05	
3.926738e-01	1.113099e-04	
7.794659e-01	1.209133e-04	
4.563070e+00	1.028924e-04	
5.776906e-01	1.025388e-04	
1.660490e-01	9.663965e-05	
4.996336e-01	9.741421e-05	
6.481495e-01	6.257238e-05	
3.404541e-01	8.267244e-05	
1.007746e+00	7.939048e-05	
3.021624e-01	7.212750e-05	
4.423855e-01	6.581193e-05	
7.526841e-01	3.871465e-05	
6.072371e-01	6.404985e-05	
4.001201e-01	6.818476e-05	
4.927313e-01	5.138058e-05	
8.467235e-02	4.922652e-05	
1.049632e+00	2.927374e-05	
5.621660e-01	4.474067e-05	
5.903814e-01	5.582056e-05	
4.889355e-01	5.210441e-05	
2.557896e-01	3.543568e-05	
1.181863e-01	3.699059e-05	
7.592116e-01	6.443186e-05	
2.785548e-01	8.013378e-05	
6.112244e-01	7.720621e-05	
6.959306e-01	8.523773e-05	
3.840011e-01	9.476985e-05	
8.252863e-02	7.798266e-05	
9.498176e-01	7.981086e-05	
4.781415e+00	1.064272e-04	
4.559552e-01	1.093279e-04	
7.461364e-01	1.286180e-04	
6.416268e-01	1.043288e-04	
3.703854e+00	9.621665e-05	
6.106406e-01	1.079744e-04	
6.361786e-01	9.801559e-05	
3.685508e+00	1.080112e-04	
4.532130e-01	9.018759e-05	
3.134563e-01	1.207466e-04	
6.595294e-01	1.051613e-04	
1.770161e-01	1.227403e-04	
6.679589e-01	1.230779e-04	
4.141001e+00	1.300791e-04	
6.342733e-01	1.058129e-04	
2.804175e-01	1.205471e-04	
6.593419e-01	1.025788e-04	
1.999986e-01	9.269749e-05	
4.826008e-01	9.080906e-05	
5.998143e-01	8.685314e-05	
4.738525e+00	7.703678e-05	
4.419900e+00	8.161596e-05	
5.434548e-01	8.209617e-05	
4.195481e-01	1.003886e-04	
7.721955e-01	8.714046e-05	
6.708828e-01	6.730421e-05	
4.354323e+00	7.567816e-05	
5.209496e-01	6.822338e-05	
1.139693e-01	6.061907e-05	
2.414398e-01	5.233369e-05	
4.063171e-01	6.216509e-05	
7.189434e-01	9.043203e-05	
4.359652e-01	1.129103e-04	
4.240140e-01	1.044178e-04	
3.085597e-01	1.083416e-04	
1.737355e-01	1.048253e-04	
4.810422e-01	1.198621e-04	
4.264670e+00	1.136885e-04	
2.903245e-01	1.251932e-04	
6.155071e-01	1.624826e-04	
4.860484e-02	1.484209e-04	
3.628712e-01	1.168604e-04	
7.094264e-01	1.237822e-04	
2.960718e-01	1.256276e-04	
2.048976e-01	1.199708e-04	
3.834219e+00	1.233731e-04	
9.850193e-01	1.052972e-04	
6.761085e-01	1.260025e-04	
8.071682e-01	1.313435e-04	
2.923744e-01	1.198831e-04	
4.385800e+00	1.381778e-04	
8.199162e-01	1.137164e-04	
2.822397e-01	1.462141e-04	
2.359696e-01	1.293499e-04	
7.102098e-01	1.072874e-04	
1.108632e+00	1.213986e-04	
2.196198e-01	1.086167e-04	
3.628370e-01	1.192189e-04	
4.843093e+00	1.010891e-04	
3.936633e+00	1.085157e-04	
2.082049e-01	1.062069e-04	
2.014840e-01	1.045906e-04	
4.820624e-01	1.190438e-04	
3.971665e+00	9.941919e-05	
9.378918e-01	1.033803e-04	
7.802255e-01	9.706231e-05	
1.934826e-01	8.907984e-05	
1.615209e-01	6.922058e-05	
3.773369e-01	6.854895e-05	
4.440554e+00	1.047966e-04	
6.280090e-01	1.126487e-04	
3.458474e+00	1.282848e-04	
9.010830e-01	1.315481e-04	
4.999744e-01	1.379525e-04	
3.646248e-01	1.453655e-04	
5.524394e-01	1.471765e-04	
2.368911e-01	1.509078e-04	
4.000603e+00	1.583905e-04	
4.055429e+00	1.529378e-04	
8.423042e-01	1.286962e-04	
2.301975e-01	1.534180e-04	
4.365663e-01	1.569572e-04	
1.022331e+00	1.344378e-04	
5.074886e-01	1.424587e-04	
4.196873e+00	1.433798e-04	
5.204261e-01	1.419878e-04	
2.094271e-01	1.320865e-04	
5.131921e-01	1.484181e-04	
3.853023e-01	1.443878e-04	
4.733886e-01	1.342576e-04	
5.849483e-01	1.440710e-04	
9.572111e-01	1.377109e-04	
4.573830e-01	1.303573e-04	
4.134002e+00	1.262246e-04	
3.663917e-01	1.236090e-04	
3.265159e-01	1.101754e-04	
4.432036e-01	1.251757e-04	
5.811077e-01	1.129509e-04	
2.484227e-02	1.110951e-04	
3.252276e-01	1.234154e-04	
1.113564e+00	1.024503e-04	
5.562778e-01	1.305714e-04	
2.990271e-01	1.197994e-04	
4.547747e+00	1.287854e-04	
5.767607e-01	9.482593e-05	
8.390572e-01	4.960596e-05	
2.702458e-01	9.027754e-05	
1.184419e-01	1.133110e-04	
3.597605e+00	1.292604e-04	
3.476956e+00	1.563948e-04	
3.936440e+00	1.374404e-04	
4.936819e-01	1.563390e-04	
3.894091e+00	1.672282e-04	
3.439448e-01	1.653462e-04	
7.522949e-01	1.542932e-04	
5.069004e-01	1.662172e-04	
4.321543e+00	1.612931e-04	
3.766500e+00	1.500857e-04	
1.038959e+00	1.687653e-04	
8.220685e-01	1.551521e-04	
5.160175e-01	1.617926e-04	
4.253708e-01	1.378235e-04	
5.791775e-01	1.599499e-04	
3.004799e-01	1.438046e-04	
2.504154e-01	1.419087e-04	
4.636923e-01	1.553266e-04	
5.354364e-01	1.506512e-04	
4.240431e-01	1.481571e-04	
3.541088e-01	1.310161e-04	
5.816202e-01	1.457363e-04	
7.670841e-01	1.401539e-04	
2.282803e-01	1.376974e-04	
4.232483e+00	1.159552e-04	
5.404535e-01	1.354082e-04	
1.078783e-01	1.162072e-04	
5.881922e-01	1.174173e-04	
5.952805e-01	1.314347e-04	
4.985079e-01	1.222188e-04	
4.531322e+00	1.277799e-04	
7.372767e-01	1.492264e-04	
4.604915e-02	1.538562e-04	
3.326910e-01	1.261169e-04	
4.570870e+00	1.092169e-04	
4.340993e-01	7.757280e-05	
4.088916e-01	9.512703e-05	
4.405149e-01	1.360102e-04	
3.530816e+00	1.234572e-04	
1.948653e-01	1.570163e-04	
3.434196e-01	1.509510e-04	
3.484845e+00	1.387004e-04	
3.123620e-01	1.685111e-04	
4.575005e+00	1.719957e-04	
8.177158e-01	1.680157e-04	
3.710230e-01	1.638272e-04	
4.002399e-01	1.606943e-04	
2.993126e-01	1.714111e-04	
8.583546e-01	1.581614e-04	
4.506815e+00	1.554911e-04	
8.623422e-02	1.633764e-04	
5.631692e-01	1.625363e-04	
4.450997e-01	1.575094e-04	
1.348694e+00	1.370035e-04	
3.476747e-01	1.507320e-04	
4.152903e+00	1.604500e-04	
8.061433e-01	1.535217e-04	
2.466332e-01	1.560658e-04	
6.616559e-01	1.385299e-04	
3.757405e+00	1.518421e-04	
4.368099e-01	1.551061e-04	
2.668200e-01	1.305399e-04	
6.122708e-01	1.468233e-04	
1.102441e+00	1.249335e-04	
5.605757e+00	1.436985e-04	
3.431157e-01	1.267260e-04	
9.600386e-01	1.448209e-04	
3.839803e+00	1.372490e-04	
2.223118e-01	1.457067e-04	
3.043268e-01	1.613926e-04	
7.903604e-02	1.243057e-04	
7.962363e-01	1.370643e-04	
3.142299e-01	1.393122e-04	
4.546398e-01	1.116886e-04	
7.411244e-01	1.282478e-04	
3.650212e-01	1.270215e-04	
6.433468e-01	1.519210e-04	
4.590099e-01	1.391945e-04	
3.327507e-01	1.435465e-04	
6.367930e-01	1.682899e-04	
4.504312e+00	1.579156e-04	
7.157181e-01	1.688864e-04	
4.305319e+00	1.611051e-04	
6.772306e-01	1.502524e-04	
2.250932e-01	1.568494e-04	
4.392914e+00	1.741290e-04	
4.024308e+00	1.602610e-04	
5.736276e-01	1.548077e-04	
4.167124e-01	1.753319e-04	
2.765760e-01	1.647870e-04	
2.232390e-01	1.521513e-04	
6.074058e-01	1.449273e-04	
5.778605e-01	1.672924e-04	
6.308002e-03	1.582591e-04	
4.314201e+00	1.513311e-04	
4.627277e-01	1.665422e-04	
5.253819e-01	1.548771e-04	
4.918896e-01	1.623020e-04	
4.015272e+00	1.365717e-04	
2.656689e-01	1.504009e-04	
2.754106e-01	1.519763e-04	
4.516247e+00	1.481855e-04	
4.045239e-01	1.510919e-04	
3.456017e+00	1.356784e-04	
3.031873e-01	1.532492e-04	
7.163953e-01	1.418126e-04	
7.000123e-01	1.601902e-04	
9.901077e-01	1.486643e-04	
6.528771e-01	1.531879e-04	
3.850413e-01	1.384578e-04	
4.759151e-01	1.496467e-04	
5.989537e-01	1.044116e-04	
5.476171e-01	1.010560e-04	
3.892491e-01	1.473223e-04	
5.751348e-01	1.683332e-04	
5.741600e-01	1.695774e-04	
3.305815e-01	1.554258e-04	
3.809560e-01	1.411882e-04	
7.842998e-01	1.492410e-04	
2.617362e-01	1.593207e-04	
2.813320e-01	1.642849e-04	
4.070437e+00	1.547143e-04	
4.369450e+00	1.486983e-04	
8.698017e-01	1.671471e-04	
5.861358e-01	1.611725e-04	
5.426714e-01	1.610015e-04	
2.386566e-01	1.650314e-04	
2.442195e-01	1.725734e-04	
3.857499e-01	1.630034e-04	
2.613551e-01	1.558405e-04	
2.042351e-01	1.587686e-04	
5.280351e-01	1.654899e-04	
1.818726e-01	1.558676e-04	
4.604848e-01	1.593468e-04	
8.878814e-01	1.716510e-04	
4.127611e-02	1.593201e-04	
8.034343e-01	1.488742e-04	
1.889125e-01	1.557205e-04	
7.135162e-01	1.637066e-04	
7.070198e-01	1.540488e-04	
8.669392e-01	1.620432e-04	
4.435442e-01	1.693878e-04	
2.438580e-01	1.554647e-04	
7.053461e-01	1.555214e-04	
4.716141e-01	1.328572e-04	
1.954459e-01	1.489376e-04	
7.488483e-01	1.418761e-04	
4.233816e+00	1.612873e-04	
9.189088e-01	1.428036e-04	
1.029268e-01	1.238540e-04	
4.989538e-01	1.639497e-04	
4.063956e-01	1.433705e-04	
1.992522e-01	1.693683e-04	
6.088235e-01	1.462199e-04	
5.667431e-01	1.482498e-04	
4.663462e-01	1.520903e-04	
2.528226e-01	1.493210e-04	
8.997157e-01	1.474097e-04	
8.551637e-01	1.587842e-04	
4.031459e-01	1.509602e-04	
7.136471e-01	1.498908e-04	
5.234190e-01	1.585564e-04	
4.288193e-01	1.683014e-04	
3.523383e+00	1.753615e-04	
6.338098e-01	1.609543e-04	
3.213398e-01	1.698668e-04	
1.221780e+00	1.673320e-04	
3.849352e-01	1.716135e-04	
5.406125e-01	1.661428e-04	
6.235549e-01	1.597256e-04	
4.182365e+00	1.637599e-04	
4.831204e-01	1.584426e-04	
4.327227e+00	1.651112e-04	
4.998524e-01	1.531009e-04	
2.405901e-01	1.435445e-04	
3.476094e-01	1.672848e-04	
3.580630e-01	1.660679e-04	
4.628917e-01	1.711334e-04	
5.787085e-01	1.480604e-04	
5.324304e-01	1.685299e-04	
7.898034e-01	1.670929e-04	
6.772462e-01	1.753316e-04	
1.607195e-01	1.514538e-04	
6.144176e-01	1.535252e-04	
2.566243e-01	1.636079e-04	
1.488287e-01	1.492653e-04	
4.412476e+00	1.451517e-04	
3.983478e-01	1.121345e-04	
5.041552e-01	9.245432e-05	
2.253102e-01	1.677873e-04	
1.521538e-01	1.595831e-04	
1.831678e-01	1.592375e-04	
5.618710e-01	1.474025e-04	
4.929420e-01	1.559574e-04	
4.487651e-01	1.404603e-04	
3.911434e+00	1.548296e-04	
5.706552e-01	1.585287e-04	
3.827286e-01	1.557898e-04	
8.903586e-01	1.638375e-04	
7.274772e-01	1.529116e-04	
3.901711e+00	1.579863e-04	
5.626220e-01	1.666608e-04	
3.324377e-01	1.647915e-04	
1.129758e+00	1.546538e-04	
6.715317e-01	1.754297e-04	
3.451014e-01	1.754851e-04	
4.356945e-01	1.689589e-04	
7.887461e-02	1.642066e-04	
7.235552e-01	1.745804e-04	
4.208696e+00	1.643498e-04	
6.746936e-01	1.566929e-04	
4.292488e+00	1.431422e-04	
4.049884e-01	1.651827e-04	
6.693919e-01	1.627613e-04	
6.995034e-01	1.688644e-04	
2.861728e-01	1.681522e-04	
7.557964e-01	1.505443e-04	
4.410481e+00	1.702244e-04	
5.405211e-01	1.611190e-04	
1.759357e-01	1.574760e-04	
6.723547e-01	1.631260e-04	
6.448158e-01	1.565997e-04	
5.979605e-01	1.823610e-04	
4.012960e-01	1.426481e-04	
3.594138e-01	1.494152e-04	
7.289446e-01	1.241891e-04	
3.031340e-01	1.586291e-04	
3.001070e-01	1.331299e-04	
4.891563e-01	1.272723e-04	
7.963523e-01	1.283311e-04	
6.315095e-01	1.675097e-04	
1.719978e-01	1.655236e-04	
3.944231e+00	1.577722e-04	
9.641508e-01	1.440684e-04	
8.279314e-01	1.491554e-04	
1.960890e-01	1.728123e-04	
3.033678e-01	1.573126e-04	
2.942396e-01	1.547452e-04	
9.184738e-01	1.449736e-04	
3.738140e+00	1.593617e-04	
1.083975e+00	1.542584e-04	
3.975307e+00	1.608785e-04	
4.581775e-01	1.590474e-04	
2.832880e-01	1.721237e-04	
4.513962e+00	1.708465e-04	
5.579512e-01	1.630650e-04	
3.743551e-01	1.658647e-04	
4.551901e+00	1.685817e-04	
4.093446e-01	1.440049e-04	
3.906665e-01	1.451810e-04	
4.047589e+00	1.690601e-04	
6.326193e-01	1.631667e-04	
5.289975e-01	1.637141e-04	
4.230316e-01	1.580764e-04	
4.090698e+00	1.658930e-04	
1.593100e-01	1.626735e-04	
4.086112e-01	1.710757e-04	
5.014124e-01	1.627335e-04	
5.957381e-01	1.774154e-04	
4.505436e+00	1.671333e-04	
5.034748e-01	1.506036e-04	
1.972613e-01	1.566370e-04	
4.416509e-01	1.300599e-04	
3.534590e-01	1.199858e-04	
5.692935e-01	1.310712e-04	
1.659463e-01	1.631953e-04	
4.008762e-01	1.441773e-04	
9.718904e-01	1.476783e-04	
3.922380e+00	1.376730e-04	
8.875666e-01	1.482603e-04	
2.445241e-01	1.673773e-04	
4.203223e+00	1.602475e-04	
7.024918e-01	1.519452e-04	
6.241803e-01	1.667297e-04	
6.499041e-01	1.648013e-04	
8.756653e-02	1.540391e-04	
6.465631e-01	1.553106e-04	
1.788781e-01	1.526808e-04	
3.758897e+00	1.559712e-04	
1.032134e+00	1.555021e-04	
4.619991e+00	1.616568e-04	
4.518123e+00	1.600395e-04	
5.025630e-01	1.648631e-04	
2.516598e-01	1.617709e-04	
4.417248e+00	1.513386e-04	
5.254011e-01	1.589237e-04	
5.001781e-01	1.508756e-04	
7.890675e-01	1.451344e-04	
3.077876e-01	1.589683e-04	
4.261761e+00	1.491444e-04	
8.389343e-01	1.546609e-04	
4.818249e-01	1.522614e-04	
1.516329e-01	1.671031e-04	
1.012999e-01	1.734649e-04	
5.583017e-01	1.544097e-04	
5.790064e-01	1.572588e-04	
6.557930e-01	1.740739e-04	
5.868552e-01	1.623286e-04	
4.696899e+00	1.598227e-04	
7.620388e-01	1.465863e-04	
2.996753e-01	1.522528e-04	
4.389562e-01	1.395944e-04	
4.818165e-01	1.444025e-04	
5.576646e-01	1.754497e-04	
7.738445e-01	1.597930e-04	
2.028105e-01	1.569800e-04	
5.478624e-01	1.338995e-04	
4.332699e+00	1.498267e-04	
4.151460e+00	1.532371e-04	
9.089513e-01	1.591003e-04	
4.325416e-01	1.592315e-04	
3.684100e-01	1.485644e-04	
4.465675e+00	1.569229e-04	
2.308759e-01	1.637638e-04	
7.277957e-01	1.462860e-04	
4.594321e-01	1.465953e-04	
3.258905e-01	1.515627e-04	
4.648583e+00	1.557879e-04	
3.085236e-01	1.534980e-04	
2.246539e-01	1.450928e-04	
6.884418e-01	1.540295e-04	
7.642300e-01	1.484259e-04	
2.799748e-01	1.548891e-04	
1.683228e-01	1.448611e-04	
6.812193e-01	1.494682e-04	
9.033040e-01	1.616576e-04	
8.895135e-01	1.418232e-04	
4.403754e+00	1.489986e-04	
6.326030e-01	1.540493e-04	
4.353219e+00	1.624265e-04	
4.377087e+00	1.672945e-04	
5.127194e-01	1.571830e-04	
7.436994e-01	1.504846e-04	
1.043395e+00	1.448708e-04	
3.770328e+00	1.552639e-04	
3.394552e-01	1.606684e-04	
8.227649e-01	1.557049e-04	
2.085668e-01	1.772836e-04	
6.568043e-01	1.446594e-04	
4.845190e-01	1.222699e-04	
8.410927e-01	1.189338e-04	
5.705972e-01	1.334232e-04	
6.453978e-01	1.325705e-04	
2.103936e-01	1.508515e-04	
9.383956e-01	1.576071e-04	
7.367976e-01	1.483605e-04	
9.217231e-01	1.609457e-04	
4.540519e-01	1.731374e-04	
5.299890e-01	1.599887e-04	
3.554407e-01	1.541974e-04	
9.610953e-01	1.625469e-04	
4.294155e+00	1.468779e-04	
5.021588e-01	1.600171e-04	
3.607251e-01	1.531637e-04	
3.704386e+00	1.434098e-04	
6.599773e-01	1.546740e-04	
6.183452e-01	1.435441e-04	
1.561498e-01	1.486626e-04	
1.509014e-01	1.490702e-04	
4.852801e-01	1.496221e-04	
6.528147e-01	1.514888e-04	
7.384273e-01	1.415726e-04	
2.564454e-01	1.571146e-04	
7.870411e-01	1.608368e-04	
3.962376e+00	1.509314e-04	
4.564660e-01	1.462322e-04	
5.047502e-01	1.548144e-04	
1.711752e-01	1.633981e-04	
3.984679e+00	1.453060e-04	
3.898217e+00	1.445002e-04	
8.605878e-01	1.506474e-04	
4.030976e+00	1.658940e-04	
1.212078e-01	1.630754e-04	
8.380199e-01	1.595681e-04	
3.272056e-01	1.555612e-04	
5.101672e-01	1.306479e-04	
6.337316e-01	1.571444e-04	
2.306869e-01	1.596816e-04	
6.501736e-02	1.431555e-04	
3.318806e-01	1.326854e-04	
6.410228e-01	1.587920e-04	
5.789676e-01	1.494682e-04	
3.781562e-01	1.412108e-04	
4.051896e-01	1.601020e-04	
3.836698e-01	1.591455e-04	
2.753506e-01	1.539199e-04	
3.155408e-01	1.679666e-04	
3.935995e-01	1.617366e-04	
5.916442e-01	1.432521e-04	
8.207250e-01	1.539063e-04	
2.176414e-01	1.498400e-04	
5.613365e-01	1.537283e-04	
5.328515e-01	1.628803e-04	
7.215106e-01	1.584644e-04	
4.281332e-01	1.480744e-04	
6.500121e-01	1.424851e-04	
6.737675e-01	1.484612e-04	
7.974820e-01	1.520767e-04	
2.832526e-01	1.549428e-04	
3.638825e-01	1.487036e-04	
2.252268e-01	1.526995e-04	
3.803893e-01	1.583636e-04	
1.051075e+00	1.392387e-04	
7.269882e-01	1.521170e-04	
2.324143e-01	1.468912e-04	
4.939428e-01	1.577899e-04	
3.525408e-01	1.514445e-04	
3.595324e-01	1.441801e-04	
3.001025e-01	1.492211e-04	
7.144322e-01	1.629116e-04	
6.733122e-01	1.784726e-04	
4.604482e-01	1.765416e-04	
5.620032e-01	1.534778e-04	
4.941406e-01	1.611341e-04	
4.923584e-02	1.665554e-04	
4.433443e-01	1.855436e-04	
1.929434e-01	1.306965e-04	
1.823988e-01	1.535584e-04	
2.874013e-01	1.291810e-04	
7.731123e-01	1.514930e-04	
1.581116e-01	1.591930e-04	
2.510766e-01	1.444582e-04	
6.816359e-01	1.542796e-04	
4.080281e+00	1.438194e-04	
4.426114e-01	1.364256e-04	
7.762868e-01	1.580967e-04	
4.128918e+00	1.494562e-04	
6.948926e-01	1.449077e-04	
4.137280e-01	1.556164e-04	
2.789908e-02	1.600028e-04	
8.158614e-01	1.535911e-04	
4.259104e-01	1.469026e-04	
5.568266e-01	1.407778e-04	
4.166294e+00	1.429120e-04	
9.148388e-01	1.383164e-04	
4.005989e-01	1.446694e-04	
6.247355e-01	1.423851e-04	
5.025170e-01	1.539984e-04	
1.026099e+00	1.499267e-04	
6.336686e-01	1.440172e-04	
6.566341e-01	1.433911e-04	
2.719811e-01	1.311045e-04	
7.983842e-01	1.455979e-04	
3.678309e-01	1.519082e-04	
3.603996e-01	1.471469e-04	
3.248788e-01	1.519604e-04	
6.345959e-01	1.501484e-04	
6.701420e-01	1.700411e-04	
3.772002e-01	1.501069e-04	
2.206226e-01	1.649792e-04	
1.865216e-01	1.679593e-04	
8.551060e-01	1.617851e-04	
4.843169e-01	1.639197e-04	
3.358502e-01	1.523151e-04	
4.965046e+00	1.413482e-04	
4.337776e+00	1.468205e-04	
3.191891e-01	1.501566e-04	
4.251739e-01	1.708752e-04	
5.810713e-01	1.483197e-04	
9.582593e-01	1.585887e-04	
4.709592e+00	1.337436e-04	
6.837526e-01	1.371335e-04	
5.937830e-01	1.320773e-04	
4.209727e+00	1.337464e-04	
6.896133e-01	1.384802e-04	
4.933565e-01	1.548997e-04	
6.367661e-01	1.506673e-04	
4.074931e+00	1.474920e-04	
3.256304e-01	1.515218e-04	
6.795772e-01	1.432514e-04	
8.913258e-01	1.480420e-04	
9.760476e-01	1.405466e-04	
4.291409e+00	1.306240e-04	
6.945780e-01	1.331590e-04	
7.648803e-01	1.376454e-04	
1.696760e-01	1.423363e-04	
3.934515e-01	1.427387e-04	
3.270500e-01	1.308628e-04	
4.537229e-01	1.278814e-04	
3.374893e-01	1.417316e-04	
6.793111e-01	1.438425e-04	
2.964987e-01	1.486045e-04	
2.322813e-01	1.576205e-04	
7.883804e-01	1.517766e-04	
4.461811e-01	1.467950e-04	
4.746629e-01	1.272215e-04	
3.895447e-01	1.530047e-04	
1.821174e-01	1.540044e-04	
1.564703e-01	1.620447e-04	
5.227339e-01	1.577431e-04	
6.145189e-01	1.613137e-04	
4.392572e-01	1.415685e-04	
3.678051e-01	1.608632e-04	
4.512965e+00	1.802790e-04	
4.802090e+00	1.509080e-04	
4.163360e+00	1.552683e-04	
3.458366e-01	1.484165e-04	
1.947320e-01	1.566348e-04	
7.242326e-01	1.387652e-04	
2.799764e-01	1.333053e-04	
7.630652e-02	1.358746e-04	
5.527658e-01	1.368975e-04	
6.143991e-01	1.451947e-04	
5.485418e-01	1.449329e-04	
2.854597e-01	1.538653e-04	
7.713074e-01	1.539130e-04	
4.210602e+00	1.455291e-04	
4.200739e-01	1.448373e-04	
2.240369e-01	1.363371e-04	
1.651133e-01	1.295718e-04	
6.504536e-01	1.201728e-04	
1.201757e-01	1.319701e-04	
9.172313e-01	1.308802e-04	
5.741772e-01	1.218087e-04	
6.035080e+00	1.290065e-04	
1.019045e+00	1.257216e-04	
2.406375e-01	1.340336e-04	
5.507555e-01	1.388065e-04	
4.008947e-01	1.406197e-04	
3.021798e-01	1.341697e-04	
2.804364e-01	1.396710e-04	
1.206154e+00	1.470110e-04	
5.935685e-01	1.474044e-04	
5.594764e-01	1.505870e-04	
4.056549e-01	1.289767e-04	
7.168609e-01	1.403883e-04	
6.162254e-02	1.600352e-04	
7.681198e-01	2.037642e-04	
2.512793e-01	2.137853e-04	
4.286900e-01	1.753224e-04	
2.712224e-01	2.533663e-04	
4.600621e-01	1.777748e-04	
5.672695e-02	1.734910e-04	
5.100173e-01	1.587673e-04	
4.078137e+00	1.516003e-04	
5.207515e-01	1.251741e-04	
7.428163e-01	1.341886e-04	
8.684008e-01	1.225639e-04	
3.408054e-01	1.449415e-04	
3.244358e-01	1.314405e-04	
4.803447e-01	1.341022e-04	
2.578427e-01	1.333230e-04	
6.169678e-01	1.395913e-04	
3.912727e+00	1.360758e-04	
2.852613e-02	1.335172e-04	
4.761554e+00	1.299928e-04	
5.876655e-01	1.233207e-04	
5.665509e-01	1.272780e-04	
6.755757e-01	1.263036e-04	
5.926234e-01	1.210844e-04	
4.324958e+00	1.302006e-04	
4.379393e+00	1.262260e-04	
6.095733e-01	1.179232e-04	
3.991835e+00	1.149944e-04	
4.085655e+00	1.292014e-04	
1.568634e-01	1.363002e-04	
5.389932e-01	1.303155e-04	
5.708347e-01	1.294854e-04	
6.026741e-01	1.221150e-04	
6.617779e-01	1.223548e-04	
3.860527e+00	1.329902e-04	
4.153825e+00	1.349385e-04	
3.807643e-01	1.432407e-04	
2.778448e-01	1.319628e-04	
3.802892e-01	1.591856e-04	
6.055291e-01	1.745784e-04	
3.430341e-01	2.170140e-04	
4.261694e-01	1.880667e-04	
3.982457e-01	2.398870e-04	
2.711727e-01	2.172031e-04	
3.172441e-01	1.597477e-04	
3.869667e-01	1.360791e-04	
9.754771e-02	1.264631e-04	
1.142513e+00	1.439939e-04	
4.336517e+00	1.363439e-04	
6.410120e-01	1.421136e-04	
4.594315e-01	1.312304e-04	
5.845752e-01	1.375338e-04	
3.768450e-01	1.243197e-04	
4.442732e+00	1.272267e-04	
2.971822e+00	1.149165e-04	
4.832101e-01	1.241303e-04	
5.356922e-01	1.225856e-04	
2.288236e-01	1.221700e-04	
4.495551e+00	1.262524e-04	
1.171580e-01	1.256291e-04	
9.153304e-01	1.280949e-04	
4.012671e+00	1.139606e-04	
5.000649e-01	1.214435e-04	
6.127003e-01	1.166653e-04	
7.854245e-01	1.173455e-04	
4.155340e+00	1.150698e-04	
1.462465e-01	1.289092e-04	
2.198662e-01	1.166040e-04	
4.118006e-01	1.130855e-04	
4.342381e+00	1.179370e-04	
5.427469e-01	1.293344e-04	
4.124434e+00	1.252940e-04	
4.055978e+00	1.271141e-04	
8.704581e-01	1.403998e-04	
6.829188e-01	1.264780e-04	
2.805278e-01	1.431286e-04	
5.843619e-01	1.507218e-04	
2.247403e-01	1.749310e-04	
2.934414e-01	1.683130e-04	
5.598278e-02	2.191142e-04	
2.949719e-01	1.416404e-04	
3.321487e-01	1.869893e-04	
9.369754e-01	1.877219e-04	
2.423768e-01	1.558021e-04	
5.920065e-01	1.371995e-04	
4.790738e+00	1.263126e-04	
4.051287e-01	1.240599e-04	
2.793200e-01	1.322359e-04	
8.713813e-01	1.383200e-04	
2.519199e-01	1.236723e-04	
2.835757e-01	1.290111e-04	
4.729953e-01	1.160801e-04	
3.519912e+00	1.150133e-04	
7.059720e-01	1.215157e-04	
2.911245e-01	1.170033e-04	
4.533300e-01	1.104009e-04	
1.416426e-01	1.145097e-04	
5.160465e-01	1.224788e-04	
9.379031e-01	1.177095e-04	
4.093535e-01	1.153368e-04	
4.523873e-01	1.036171e-04	
5.077348e-01	1.189931e-04	
4.594047e-01	1.156177e-04	
1.220884e+00	1.131453e-04	
4.885880e-01	1.171885e-04	
3.269794e-01	1.150562e-04	
5.317840e-01	1.097544e-04	
2.984458e-01	1.060427e-04	
3.797994e+00	1.086299e-04	
3.293811e-01	1.194240e-04	
6.313761e-01	1.281289e-04	
9.540888e-01	1.406850e-04	
3.988968e-01	1.518589e-04	
7.117664e-01	1.467354e-04	
3.708186e-01	1.529026e-04	
6.564216e-02	1.560895e-04	
2.876866e-01	1.670189e-04	
4.462673e-01	1.350045e-04	
6.087326e-01	1.887451e-04	
5.143929e-01	1.714636e-04	
4.828673e-01	1.845861e-04	
9.458675e-01	1.453189e-04	
3.016928e-01	1.479136e-04	
5.448209e-01	1.247059e-04	
1.553443e-01	1.126615e-04	
1.188077e+00	1.129062e-04	
4.762506e+00	1.201190e-04	
3.230260e-01	1.243349e-04	
3.823582e-01	1.163482e-04	
1.013763e+00	1.246547e-04	
7.630183e-01	1.075932e-04	
5.792295e-01	1.095623e-04	
4.149473e-01	1.103432e-04	
7.156010e-01	1.076135e-04	
6.016673e-01	1.151399e-04	
2.672351e-01	1.028949e-04	
7.721065e-01	1.067398e-04	
3.960753e-01	1.146645e-04	
4.564644e-01	1.067552e-04	
1.017718e+00	1.081244e-04	
2.123924e-01	1.200318e-04	
3.547405e-01	1.194810e-04	
3.353657e-01	1.071843e-04	
3.004104e-01	1.081462e-04	
3.313548e-01	1.073272e-04	
3.726142e-01	1.228356e-04	
5.325803e-01	1.248956e-04	
5.118059e-01	1.026867e-04	
4.800437e-01	1.122735e-04	
3.199868e-01	1.361798e-04	
5.864790e-01	1.547488e-04	
1.633495e-01	1.567963e-04	
3.126237e-01	1.479970e-04	
7.038759e-01	1.404061e-04	
6.760920e-01	1.588386e-04	
2.311399e-01	1.676524e-04	
5.772579e-01	1.501301e-04	
4.996245e-01	1.761771e-04	
1.000548e-01	1.520760e-04	
3.691389e-01	1.429761e-04	
4.367773e+00	1.389601e-04	
5.840797e-01	1.237825e-04	
1.087295e+00	1.082766e-04	
4.312765e+00	1.147371e-04	
4.361283e-01	1.172838e-04	
1.865785e-01	1.191390e-04	
4.421468e-01	1.147300e-04	
2.418056e-01	1.004899e-04	
5.633287e-01	9.736267e-05	
3.116792e-01	1.059825e-04	
5.406077e-01	1.116964e-04	
4.279971e-01	1.007155e-04	
3.639103e-01	1.048339e-04	
8.157502e-01	1.021829e-04	
6.224080e-01	9.644906e-05	
2.596428e-01	9.414555e-05	
6.738902e-01	1.069158e-04	
2.307473e-01	1.127749e-04	
3.211260e-01	1.002972e-04	
4.097545e-01	1.141113e-04	
1.133201e+00	1.100953e-04	
4.788286e-01	1.009512e-04	
2.260285e-01	1.108515e-04	
4.783665e-01	1.250457e-04	
3.778473e-01	1.187514e-04	
3.961423e-01	1.195557e-04	
6.394540e-01	1.236106e-04	
5.965415e-01	1.269990e-04	
1.563101e-01	1.493949e-04	
2.833526e-01	1.332665e-04	
5.392850e-01	1.175747e-04	
6.460021e-01	1.394627e-04	
8.064995e-01	1.613283e-04	
4.531668e-01	2.365160e-04	
4.364608e-01	1.956262e-04	
3.324377e-01	1.979548e-04	
5.370136e-01	1.451351e-04	
4.778378e-01	1.305099e-04	
5.138367e-01	1.288528e-04	
3.549636e+00	1.155441e-04	
3.756619e+00	1.268503e-04	
6.963346e-01	1.139783e-04	
4.042696e-01	9.542003e-05	
4.114100e-01	1.031635e-04	
4.149530e+00	1.041148e-04	
5.409823e-01	9.517126e-05	
7.487659e-01	1.012469e-04	
3.757610e-01	9.615494e-05	
4.646927e-01	9.660248e-05	
6.672275e-02	1.096547e-04	
2.678461e-01	1.002285e-04	
2.280530e-01	9.592680e-05	
3.331932e-01	9.192361e-05	
2.043231e-01	9.081447e-05	
5.104325e-01	1.066772e-04	
3.380924e-01	1.022776e-04	
4.981077e-01	1.048092e-04	
8.094292e-01	9.442869e-05	
3.860098e-01	9.950293e-05	
3.412765e-01	1.016203e-04	
4.771960e+00	1.125656e-04	
1.252221e-01	1.128022e-04	
4.044369e-01	1.164168e-04	
4.107459e+00	1.253002e-04	
2.252669e-01	1.316124e-04	
5.000270e-01	1.345450e-04	
2.868953e-01	1.225507e-04	
4.548825e-01	1.337478e-04	
4.528913e-01	1.327000e-04	
5.609678e-01	1.383457e-04	
6.984259e-01	1.407670e-04	
3.108893e-01	1.587534e-04	
4.746676e-01	1.787999e-04	
4.541670e-01	1.673524e-04	
3.818112e-01	1.292028e-04	
5.623662e-01	1.444233e-04	
8.022140e-02	1.437840e-04	
3.536184e+00	1.041658e-04	
4.642510e-01	9.508508e-05	
1.730769e-01	1.001158e-04	
6.687379e-01	9.019398e-05	
1.120742e+00	9.848717e-05	
3.886537e-01	9.871322e-05	
4.153546e+00	9.657493e-05	
3.968987e-01	9.530725e-05	
8.516813e-01	8.739557e-05	
6.892773e-01	9.028681e-05	
7.453003e-01	9.728438e-05	
2.998039e-02	1.003366e-04	
4.139350e-01	1.058037e-04	
2.455554e-01	9.471407e-05	
5.520587e-01	9.525490e-05	
6.717887e-02	9.554592e-05	
8.214170e-01	9.296595e-05	
4.943624e-01	9.564791e-05	
1.460550e-01	9.062244e-05	
6.742147e-01	9.926626e-05	
4.276406e-01	1.101029e-04	
6.396883e-01	1.085286e-04	
5.959640e+00	1.003940e-04	
4.287480e-01	1.065515e-04	
5.322943e-01	1.063118e-04	
3.551651e+00	1.027300e-04	
7.153631e-01	1.106373e-04	
3.266351e-01	1.257402e-04	
6.781481e-01	1.069736e-04	
3.502725e-01	1.306651e-04	
1.247132e-01	1.427163e-04	
3.967162e-01	1.841483e-04	
4.763545e-01	1.817955e-04	
2.328790e-01	2.107463e-04	
7.255204e-01	1.678384e-04	
6.066995e-01	1.315253e-04	
4.827654e-01	1.139578e-04	
3.557144e-01	1.203920e-04	
4.512443e-01	1.205372e-04	
1.036011e+00	1.114738e-04	
6.081230e-01	9.057156e-05	
7.637130e-01	7.854394e-05	
6.909551e-01	8.324314e-05	
6.281401e-01	8.394764e-05	
9.501223e-01	7.837570e-05	
6.338349e-01	9.008020e-05	
5.197144e-01	8.565307e-05	
4.989088e+00	8.757560e-05	
2.570173e-01	9.265546e-05	
5.390852e-01	9.180888e-05	
2.990859e-01	9.286477e-05	
2.431455e-01	1.013912e-04	
5.888461e-01	9.656421e-05	
1.242556e-01	8.387750e-05	
2.924233e-01	8.869526e-05	
4.454207e+00	9.064399e-05	
4.191097e-01	8.748447e-05	
5.216293e-01	9.207541e-05	
4.074209e+00	1.046632e-04	
3.911926e+00	8.649272e-05	
6.039409e-01	1.016420e-04	
3.697626e-01	8.917698e-05	
5.493726e-01	1.007813e-04	
5.718862e-01	1.043882e-04	
2.850554e-01	1.121968e-04	
4.518449e-01	1.191518e-04	
2.187747e-01	1.196692e-04	
7.476512e-01	1.260627e-04	
5.102370e-01	1.306629e-04	
2.186637e-01	1.591179e-04	
2.521621e-01	1.818813e-04	
1.517498e-01	1.560577e-04	
2.336675e-01	1.756960e-04	
5.181888e-01	1.524592e-04	
3.633273e-01	1.406187e-04	
9.110882e-02	1.133827e-04	
4.933869e-01	1.012523e-04	
4.992423e-01	8.868854e-05	
8.680739e-01	8.413679e-05	
4.071901e-02	7.874166e-05	
3.571163e-01	8.019791e-05	
8.658539e-01	6.915394e-05	
7.659534e-01	8.922101e-05	
3.413987e-01	9.133472e-05	
3.491392e+00	7.667545e-05	
8.035308e-02	8.425397e-05	
6.955850e-01	8.798025e-05	
3.052656e-01	8.146805e-05	
4.379029e+00	8.783930e-05	
9.099690e-01	8.649387e-05	
4.526726e-01	8.540780e-05	
7.954912e-02	7.459622e-05	
4.691073e+00	7.327650e-05	
1.118537e+00	7.913847e-05	
3.977302e+00	9.136564e-05	
3.394872e-01	9.148284e-05	
2.955924e-01	7.212759e-05	
4.097256e+00	7.753742e-05	
3.623503e-01	7.952183e-05	
1.037187e+00	9.271721e-05	
4.076346e-01	1.005005e-04	
7.576635e-01	1.013250e-04	
3.632353e-01	1.000148e-04	
7.700093e-01	1.011774e-04	
1.262668e-01	1.195531e-04	
3.860202e+00	1.587689e-04	
4.338355e-01	1.620710e-04	
3.437521e-01	1.407149e-04	
6.830026e-01	1.630148e-04	
3.213384e-01	1.669527e-04	
8.723082e-01	1.612893e-04	
2.693956e-01	1.364654e-04	
5.884808e-01	1.296564e-04	
3.738457e-01	1.132373e-04	
1.020312e+00	1.189338e-04	
1.642682e-01	7.686187e-05	
8.693597e-01	6.439256e-05	
3.281376e-01	7.231461e-05	
5.683577e-01	7.894554e-05	
4.025459e-01	8.033918e-05	
5.717599e-01	7.821659e-05	
5.302346e-01	7.748621e-05	
4.103203e-01	8.538689e-05	
4.550644e-01	8.811953e-05	
4.473847e-01	7.344010e-05	
4.037862e+00	7.716975e-05	
5.661969e-01	7.827380e-05	
4.294842e+00	6.845854e-05	
1.865823e-01	6.805058e-05	
7.373362e-01	7.128072e-05	
2.918587e-01	6.747910e-05	
4.948896e-01	7.319853e-05	
6.623087e-01	8.272973e-05	
4.953126e+00	6.853438e-05	
3.785421e-01	7.405679e-05	
6.562291e-01	7.815013e-05	
4.010001e-01	8.131524e-05	
7.193920e-01	8.639942e-05	
5.784665e-01	8.886408e-05	
5.779394e-01	9.843109e-05	
7.787716e-01	1.029873e-04	
1.888194e-01	1.066111e-04	
1.057625e+00	1.276142e-04	
2.928582e-01	1.237947e-04	
3.875447e+00	1.100293e-04	
1.011326e+00	1.596927e-04	
1.149990e-01	1.355875e-04	
1.217979e-01	2.099453e-04	
9.068806e-01	1.463589e-04	
7.130612e-01	8.555585e-05	
8.378516e-01	8.872503e-05	
6.811486e-01	9.242465e-05	
2.917731e-01	8.646318e-05	
3.353445e-01	7.890762e-05	
7.064485e-01	6.325728e-05	
6.518917e-01	7.747474e-05	
1.985807e-01	7.650279e-05	
1.057448e+00	6.000135e-05	
5.950426e-01	7.794264e-05	
3.379855e-01	6.637408e-05	
9.240329e-01	8.000285e-05	
3.897708e-01	7.301465e-05	
8.134329e-01	7.340144e-05	
8.399617e-01	7.456600e-05	
4.125473e+00	6.457547e-05	
7.295409e-01	6.743244e-05	
5.050992e-01	5.798427e-05	
3.913451e-01	6.208176e-05	
9.293851e-02	6.632608e-05	
3.578513e-01	7.129073e-05	
9.145160e-02	5.838693e-05	
5.836497e-01	6.102835e-05	
6.251879e-01	6.770410e-05	
6.427328e-01	7.453683e-05	
7.804633e-01	8.051154e-05	
7.156331e-01	9.553975e-05	
6.255614e-01	8.608360e-05	
3.339664e-01	9.112953e-05	
3.095117e-01	1.015859e-04	
1.742246e-01	1.008965e-04	
1.630276e-01	1.134846e-04	
4.256788e+00	1.006647e-04	
7.489355e-01	1.150055e-04	
1.549781e-01	1.296896e-04	
4.544754e-02	2.320830e-04	
1.363188e-01	1.304360e-04	
3.643154e-01	1.323900e-04	
3.965588e-01	1.162102e-04	
4.652291e-01	1.062229e-04	
9.743463e-01	6.504496e-05	
3.623810e-01	6.790405e-05	
2.033105e-01	6.324719e-05	
6.168608e-01	6.768974e-05	
9.016864e-01	6.711749e-05	
2.632235e-01	6.512008e-05	
3.935567e-01	6.897911e-05	
5.867805e-01	6.749969e-05	
4.270681e-01	6.370264e-05	
3.776766e-01	6.473630e-05	
6.262869e-01	6.819918e-05	
3.390014e-01	7.081096e-05	
2.413447e-01	6.433502e-05	
6.066850e-01	6.335063e-05	
1.800123e-01	5.984432e-05	
3.714870e+00	6.228873e-05	
8.599213e-01	5.952789e-05	
5.229644e-01	6.528522e-05	
4.564604e-01	6.445704e-05	
5.605515e-01	5.496343e-05	
2.996735e-01	6.309711e-05	
1.149257e-01	7.542445e-05	
6.781396e-01	7.448178e-05	
7.228904e-01	7.169122e-05	
9.950103e-02	7.305363e-05	
5.162735e-01	6.956465e-05	
9.652426e-01	9.003288e-05	
6.253678e-01	9.784021e-05	
1.272788e-01	1.014263e-04	
4.503101e+00	9.237945e-05	
9.397803e-01	1.183345e-04	
6.261605e-01	1.181873e-04	
2.902093e-01	1.523890e-04	
3.001784e-01	1.761200e-04	
9.291326e-02	1.094870e-04	
2.581986e-01	1.154167e-04	
2.956178e-01	8.475292e-05	
4.449407e+00	8.038488e-05	
7.718754e-01	5.798268e-05	
5.715469e-01	7.352524e-05	
1.669245e-01	7.722816e-05	
4.663546e+00	6.706366e-05	
4.741308e-01	6.297802e-05	
3.018477e-01	5.860978e-05	
3.725680e-01	6.270497e-05	
5.231000e-01	6.135363e-05	
1.723725e-01	5.757643e-05	
1.069228e+00	6.068001e-05	
4.588385e-01	5.912921e-05	
7.810071e-01	6.835613e-05	
5.901556e-01	5.427864e-05	
5.827189e-01	4.685174e-05	
5.383312e-01	5.986514e-05	
4.024590e-01	6.181802e-05	
3.607776e+00	5.142378e-05	
3.964023e+00	6.416095e-05	
6.849700e-01	5.193931e-05	
5.306972e-01	4.924686e-05	
7.207692e-01	6.637242e-05	
4.819324e-01	5.919285e-05	
4.274494e+00	7.082903e-05	
4.606262e+00	6.726853e-05	
2.559282e-01	5.253543e-05	
3.506882e-01	6.208153e-05	
4.518412e-01	6.016671e-05	
2.851157e-01	8.507953e-05	
4.063693e-02	6.577504e-05	
8.145003e-01	7.277270e-05	
1.737475e-01	9.465567e-05	
5.526883e-01	1.363752e-04	
6.112666e-01	1.775677e-04	
5.280710e-01	1.360064e-04	
4.350771e+00	1.037671e-04	
4.294325e-02	9.035973e-05	
1.723439e-01	1.123879e-04	
3.159469e-01	7.211149e-05	
4.630000e+00	4.797204e-05	
5.627034e-01	5.751439e-05	
3.895401e+00	5.079969e-05	
3.086501e-01	6.712307e-05	
5.398725e-01	5.712907e-05	
1.300076e+00	5.936444e-05	
4.537897e-01	4.326758e-05	
4.237975e+00	4.556355e-05	
4.635082e+00	4.617788e-05	
7.501624e-01	4.602983e-05	
4.033843e-01	4.835007e-05	
4.247701e-01	4.797701e-05	
5.091987e-01	4.891283e-05	
6.206796e-01	4.159399e-05	
5.525222e-01	4.382630e-05	
3.750207e+00	5.928524e-05	
5.600918e-01	5.682901e-05	
9.893867e-01	4.624653e-05	
3.947508e+00	4.379902e-05	
6.940154e-01	5.269964e-05	
1.655847e-01	5.002241e-05	
1.799710e-01	5.022545e-05	
4.107301e+00	4.605971e-05	
4.653936e+00	3.825827e-05	
5.236035e-01	5.236875e-05	
2.508125e-01	4.860270e-05	
5.779089e-01	5.571793e-05	
3.855030e-01	6.142119e-05	
3.597129e+00	8.068459e-05	
8.334413e-01	6.692581e-05	
2.429137e-01	7.377748e-05	
4.613534e+00	8.451526e-05	
4.649772e-01	9.202784e-05	
2.973435e-01	1.212401e-04	
3.202462e-01	1.382824e-04	
4.265239e+00	1.028057e-04	
1.028691e-01	1.095392e-04	
3.057410e-01	7.067942e-05	
3.991786e-01	5.729133e-05	
4.858572e-01	3.964984e-05	
4.066609e-01	4.592320e-05	
4.147008e-01	3.128230e-05	
4.574030e+00	5.750618e-05	
1.967762e-01	4.543495e-05	
7.161427e-01	3.697183e-05	
4.401628e-01	3.984241e-05	
4.226312e+00	3.662406e-05	
3.828628e+00	3.951727e-05	
4.410137e+00	4.456822e-05	
8.754688e-02	4.329353e-05	
9.452754e-01	4.114136e-05	
7.754702e-01	4.177969e-05	
4.341151e+00	4.243580e-05	
8.194725e-02	4.101548e-05	
5.722958e-01	4.381393e-05	
5.297333e-01	4.216332e-05	
5.954148e-02	3.997785e-05	
2.896790e-01	3.981038e-05	
1.172122e-01	3.537278e-05	
3.017278e-01	3.323808e-05	
8.961885e-01	3.069341e-05	
4.562554e-01	3.749774e-05	
7.804256e-01	4.189348e-05	
7.559413e-01	3.972963e-05	
2.992194e-01	4.188345e-05	
4.526467e-01	4.415877e-05	
5.771937e-01	5.996195e-05	
4.081006e+00	5.765883e-05	
9.612364e-01	6.730993e-05	
6.031070e-01	3.514731e-05	
4.232938e+00	8.255226e-05	
4.184083e-01	7.803977e-05	
7.310639e-01	1.344087e-04	
5.039330e-01	1.238508e-04	
7.946539e-01	6.466938e-05	
9.486339e-01	5.454940e-05	
4.034796e-01	4.629050e-05	
1.039454e+00	4.754241e-05	
9.836355e-02	3.177271e-05	
4.456117e+00	3.257845e-05	
8.000717e-01	4.635456e-05	
2.012418e-01	4.066925e-05	
5.724732e-01	3.431185e-05	
3.001305e-01	3.227632e-05	
6.341483e-01	3.987334e-05	
5.268678e-01	3.677830e-05	
1.002874e+00	3.678549e-05	
4.666105e+00	3.145373e-05	
5.658566e-01	3.110809e-05	
2.591368e-01	4.348830e-05	
7.692539e-01	3.833788e-05	
4.516836e-01	3.280050e-05	
7.508915e-02	4.190873e-05	
2.955819e-01	3.159778e-05	
3.356513e-01	2.872987e-05	
7.063395e-01	4.423304e-05	
2.357204e-01	3.613225e-05	
3.053927e-01	2.884968e-05	
6.058857e-01	3.307955e-05	
4.675831e+00	3.837057e-05	
5.301434e-01	3.392236e-05	
6.422661e-01	2.066839e-05	
6.002366e-01	3.790308e-05	
1.984547e-01	4.098591e-05	
7.395420e-01	5.021976e-05	
1.192892e-01	5.572773e-05	
6.326058e-01	5.682116e-05	
6.133237e-01	6.691710e-05	
2.503062e-01	8.022538e-05	
1.592800e-01	1.121384e-04	
2.385427e-01	1.741196e-04	
3.521401e-01	1.260768e-04	
4.082063e+00	7.310310e-05	
3.513620e-01	3.663176e-05	
5.162557e+00	3.759671e-05	
4.470189e+00	3.975439e-05	
1.119323e+00	2.109384e-05	
1.417228e-01	3.240778e-05	
4.681560e-01	2.673302e-05	
8.807613e-01	2.798703e-05	
1.316611e-01	3.869530e-05	
8.611717e-02	2.759015e-05	
7.008939e-01	2.843924e-05	
8.292679e-01	2.558124e-05	
8.363506e-01	1.496219e-05	
7.392189e-01	2.326071e-05	
6.109834e-01	2.699546e-05	
4.156023e+00	3.818293e-05	
2.876542e-01	3.509753e-05	
4.416962e-01	3.248296e-05	
1.804162e-01	3.138426e-05	
5.645896e-01	2.172062e-05	
6.913165e-01	2.569425e-05	
4.466395e-01	2.995020e-05	
4.133541e-01	2.205046e-05	
2.199760e-01	2.325024e-05	
2.094324e-01	4.024013e-05	
4.259887e+00	3.947132e-05	
4.473121e+00	1.725210e-05	
2.894666e-01	2.247607e-05	
8.693535e-02	3.797101e-05	
7.878851e-01	4.260646e-05	
3.497519e-01	3.954054e-05	
9.972299e-01	4.761816e-05	
8.232629e-01	4.866004e-05	
7.668907e-01	6.541633e-05	
6.442718e-01	6.554730e-05	
4.145617e+00	8.134190e-05	
5.376407e-01	9.979746e-05	
3.826130e+00	5.557418e-05	
4.039923e-01	5.032875e-05	
3.482192e-01	3.576396e-05	
4.795510e+00	3.766807e-05	
4.782454e+00	3.628419e-05	
8.683821e-01	3.444255e-05	
2.377475e-01	3.657998e-05	
4.023849e-01	2.234748e-05	
1.724465e-01	2.616649e-05	
3.406871e-01	1.678059e-05	
8.985086e-01	2.030017e-05	
3.451498e-01	1.963078e-05	
3.854957e-01	1.803956e-05	
2.591052e-01	1.875053e-05	
5.068815e-01	2.334227e-05	
4.474872e+00	2.315592e-05	
7.799894e-01	2.514186e-05	
1.074073e-01	2.542112e-05	
7.196086e-01	3.075018e-05	
4.438196e-01	1.840579e-05	
6.541086e-01	2.134117e-05	
7.318952e-01	1.719396e-05	
6.279097e-01	2.036655e-05	
5.545777e-01	1.949159e-05	
4.983440e+00	2.417724e-05	
3.376401e-01	3.222732e-05	
2.725379e-01	3.055132e-05	
4.405578e+00	1.916053e-05	
7.435531e-01	2.307008e-05	
2.328910e-01	1.472176e-05	
5.754278e-01	2.222710e-05	
8.825094e-01	3.047289e-05	
7.988392e-01	5.259040e-05	
3.987805e-01	5.572117e-05	
5.265843e-01	4.967019e-05	
4.106718e+00	7.005823e-05	
6.437600e-01	6.556210e-05	
4.352531e-01	6.540376e-05	
1.926534e-01	3.281515e-05	
1.564718e-01	2.647062e-05	
2.869765e-01	4.337557e-05	
3.524425e-01	2.544409e-05	
5.373508e-01	1.539762e-05	
3.932456e-01	1.730287e-05	
1.110391e-01	1.987641e-05	
7.500245e-02	1.771184e-05	
4.359374e-01	1.971286e-05	
9.121393e-02	1.361950e-05	
2.420994e-01	1.300905e-05	
5.663915e-01	1.332199e-05	
8.150664e-01	1.481977e-05	
1.118440e-01	1.309020e-05	
1.939646e-01	1.960390e-05	
3.098902e-01	2.052238e-05	
5.355745e-01	1.228257e-05	
4.649493e-01	1.984752e-05	
4.183585e-01	1.081677e-05	
4.556570e-01	1.708473e-05	
3.041738e-01	1.154357e-05	
6.871190e-01	1.795495e-05	
3.710032e-01	1.084156e-05	
3.590962e-01	1.840733e-05	
2.816529e-01	1.360315e-05	
4.366193e+00	1.687169e-05	
8.327235e-01	1.489151e-05	
5.362757e-01	1.566683e-05	
1.446348e-01	1.793538e-05	
5.765733e-01	1.829148e-05	
1.615912e-01	3.640389e-05	
3.188876e-01	1.829417e-05	
1.357989e-01	1.406948e-05	
5.009400e-01	3.030342e-06	
5.127637e-01	4.138703e-06	
4.094476e-01	2.566362e-05	
1.731410e-01	1.596959e-04	
