1.365548e+01	2.664535e-14	
1.268743e+01	6.382672e-13	
1.276641e+01	3.874678e-14	
1.263280e+01	7.953638e-13	
1.236772e+01	5.420109e-13	
1.251865e+01	2.190004e-11	
1.300116e+01	3.409495e-13	
1.280541e+01	6.739054e-14	
1.251540e+01	3.499423e-13	
1.324212e+01	8.770762e-12	
1.274551e+01	3.330669e-15	
1.248575e+01	6.433853e-11	
1.276119e+01	1.270317e-12	
1.264225e+01	3.282041e-12	
1.279023e+01	2.102762e-12	
1.317276e+01	2.535661e-11	
1.273123e+01	1.231126e-12	
1.236313e+01	8.888446e-12	
1.299412e+01	2.992939e-12	
1.301547e+01	6.279199e-12	
1.272423e+01	1.210365e-12	
1.277009e+01	5.014311e-11	
1.280197e+01	6.874501e-13	
1.305761e+01	9.570122e-13	
1.273605e+01	5.812240e-12	
1.269599e+01	2.202583e-11	
1.297615e+01	4.916512e-12	
1.309591e+01	2.867995e-11	
1.296432e+01	7.258638e-13	
1.283596e+01	8.852918e-13	
1.238611e+01	2.212008e-12	
1.275928e+01	4.536371e-13	
1.315333e+01	9.139578e-12	
1.278157e+01	1.242118e-12	
1.280973e+01	8.076095e-12	
1.281504e+01	1.719735e-13	
1.243630e+01	8.731904e-13	
1.267595e+01	1.090239e-13	
1.288332e+01	3.257394e-13	
1.347828e+01	2.047251e-13	
1.357059e+01	5.776601e-12	
1.295160e+01	5.747313e-13	
1.310870e+01	8.443391e-14	
1.286432e+01	1.024565e-13	
1.255351e+01	9.744547e-14	
1.287013e+01	3.606039e-14	
1.265436e+01	2.768991e-14	
1.276734e+01	1.448580e-14	
1.322725e+01	9.888972e-15	
1.308977e+01	6.544669e-15	
1.293344e+01	2.720888e-15	
1.255292e+01	1.811211e-16	
1.283124e+01	8.530090e-16	
1.316512e+01	1.297757e-15	
1.294885e+01	1.244587e-15	
1.236849e+01	1.654145e-15	
1.230148e+01	3.367785e-15	
1.302351e+01	1.005020e-15	
1.304432e+01	2.125869e-15	
1.255030e+01	2.253034e-15	
1.269343e+01	9.857022e-16	
1.299256e+01	4.251739e-16	
1.284051e+01	2.871487e-15	
1.290183e+01	8.785527e-16	
1.274878e+01	1.503768e-16	
1.272079e+01	3.111467e-16	
1.284618e+01	2.757734e-15	
1.267174e+01	3.412036e-16	
1.285088e+01	5.433634e-16	
1.326373e+01	1.943491e-16	
1.306489e+01	6.333551e-16	
1.276853e+01	1.163408e-16	
1.276200e+01	1.305027e-15	
1.262602e+01	1.347077e-15	
1.260282e+01	3.535332e-16	
1.293295e+01	1.740098e-15	
1.284099e+01	2.564975e-15	
1.289034e+01	2.564289e-13	
1.300741e+01	9.116765e-13	
1.359783e+01	1.310918e-11	
1.304507e+01	1.041389e-13	
1.266687e+01	4.987122e-13	
1.240020e+01	1.004086e-12	
1.295974e+01	1.007971e-12	
1.263192e+01	4.998224e-13	
1.293332e+01	4.266143e-12	
1.276677e+01	3.216094e-12	
1.272246e+01	8.530177e-12	
1.277557e+01	5.237588e-12	
1.252285e+01	3.903322e-12	
1.262824e+01	3.163025e-13	
1.277047e+01	4.422462e-12	
1.308489e+01	1.122669e-11	
1.257879e+01	1.018741e-12	
1.233026e+01	1.146860e-12	
1.257933e+01	2.194245e-12	
1.296761e+01	1.048672e-11	
1.314142e+01	5.442313e-12	
1.256242e+01	1.119327e-12	
1.265077e+01	2.837441e-11	
1.307315e+01	5.089040e-12	
1.281876e+01	1.207034e-12	
1.258634e+01	1.245071e-11	
1.265214e+01	2.044365e-12	
1.307542e+01	5.663314e-11	
1.334704e+01	8.813172e-12	
1.289674e+01	9.088286e-13	
1.270392e+01	1.515899e-12	
1.255879e+01	6.032086e-11	
1.260584e+01	1.849632e-13	
1.295354e+01	1.717126e-11	
1.302397e+01	4.651379e-11	
1.283402e+01	1.330691e-11	
1.257994e+01	6.075918e-12	
1.246468e+01	5.235468e-11	
1.278740e+01	1.035605e-11	
1.254386e+01	1.914535e-11	
1.249866e+01	4.956480e-12	
1.284219e+01	2.287059e-14	
1.283745e+01	1.030953e-12	
1.253735e+01	1.077582e-12	
1.261786e+01	9.059420e-14	
1.304372e+01	1.071365e-13	
1.298999e+01	4.410361e-12	
1.270744e+01	2.220446e-16	
1.256711e+01	8.466561e-12	
1.304768e+01	6.300072e-12	
1.299132e+01	7.874679e-11	
1.262246e+01	6.806777e-13	
1.243526e+01	7.361889e-13	
1.287941e+01	1.439293e-12	
1.300390e+01	5.531131e-12	
1.283619e+01	1.187550e-11	
1.280385e+01	1.157630e-11	
1.278459e+01	1.100653e-11	
1.293565e+01	6.530554e-12	
1.271362e+01	1.156408e-12	
1.273882e+01	9.975354e-13	
1.268073e+01	7.381873e-12	
1.276127e+01	1.388223e-12	
1.305347e+01	5.351497e-12	
1.287367e+01	5.788259e-12	
1.251083e+01	6.996714e-11	
1.274845e+01	3.341605e-11	
1.308835e+01	2.108569e-11	
1.262332e+01	5.621947e-12	
1.237156e+01	1.526113e-11	
1.286402e+01	2.925360e-11	
1.305481e+01	2.065825e-11	
1.288102e+01	3.375211e-11	
1.274907e+01	7.577494e-12	
1.286956e+01	6.193046e-12	
1.248382e+01	5.206724e-12	
1.250077e+01	2.897682e-12	
1.277643e+01	2.899903e-13	
1.280045e+01	4.805045e-12	
1.411086e-01	8.530154e-06	
5.642634e-01	8.597989e-06	
5.837641e-01	1.506385e-05	
4.836612e-01	2.317785e-05	
6.651518e-02	1.239683e-05	
7.405141e-02	3.141441e-05	
4.930471e-01	3.930169e-05	
2.251493e-01	2.523834e-05	
3.628737e-01	4.039505e-05	
3.495708e-01	1.189947e-05	
5.664251e-01	1.046057e-05	
6.098433e-01	3.448405e-05	
3.923064e-01	1.178583e-05	
3.230071e-01	4.659284e-05	
4.607989e-01	5.021999e-05	
2.067306e-01	3.555513e-05	
4.017893e-01	3.702834e-05	
6.567832e-01	2.505649e-05	
3.914224e+00	3.579690e-05	
2.681294e-01	8.358319e-06	
3.354987e-01	8.822043e-06	
4.217288e+00	2.584963e-05	
4.142466e+00	3.399125e-05	
7.615876e-01	1.268898e-05	
4.944661e-01	3.573808e-05	
7.195589e-01	3.320210e-05	
2.860300e-01	3.062723e-05	
2.774962e-01	3.496900e-05	
4.174889e-01	3.455158e-05	
3.058229e-01	8.440135e-06	
1.849766e-01	2.521214e-05	
4.179251e-01	2.607324e-05	
6.346784e-01	2.043318e-05	
3.127543e-01	6.414931e-06	
2.144620e-01	1.783041e-05	
7.863088e-02	1.250713e-05	
3.804809e-01	6.035390e-06	
4.570032e-01	9.064172e-06	
3.628516e-01	2.787621e-05	
6.903068e-01	2.391704e-05	
2.077642e-01	3.932373e-05	
3.971812e-01	2.991117e-05	
3.364195e-01	4.543770e-05	
2.708185e-01	6.093696e-05	
4.988389e-01	4.689405e-05	
7.011613e-01	6.506000e-05	
6.188277e-01	7.114224e-05	
6.096517e-01	4.655787e-05	
1.438483e-01	6.492930e-05	
2.791812e-01	6.876727e-05	
4.857677e-01	7.649667e-05	
4.488966e-01	8.996145e-05	
1.129269e-01	8.943345e-05	
4.782252e-01	8.057655e-05	
1.273192e-01	5.024763e-05	
4.849472e-01	7.566721e-05	
8.972576e-01	7.557142e-05	
4.543931e+00	5.979833e-05	
4.572990e+00	5.226208e-05	
4.356087e+00	7.173824e-05	
4.888905e-01	7.401479e-05	
2.022522e-01	6.381826e-05	
1.107749e+00	8.148850e-05	
7.285021e-01	7.271128e-05	
2.909422e-01	7.522467e-05	
7.161183e-01	5.208704e-05	
6.887385e-01	6.761600e-05	
6.338301e-01	5.057895e-05	
4.871216e-01	5.739117e-05	
5.353044e-01	4.711031e-05	
1.730951e-01	4.789368e-05	
2.813034e-01	3.965346e-05	
3.082961e-01	1.861656e-05	
4.604603e-01	3.226530e-05	
1.219841e+00	2.792338e-05	
1.434531e-01	2.618905e-05	
4.974047e-01	3.769799e-05	
3.366556e-01	5.931491e-05	
5.093752e-01	5.741961e-05	
4.223127e-01	6.067880e-05	
4.916724e-01	7.211968e-05	
3.650258e-01	8.400550e-05	
1.242603e-01	8.417724e-05	
4.778673e-01	1.180738e-04	
5.100237e-01	9.534308e-05	
7.730165e-01	1.007722e-04	
5.518956e-02	9.986271e-05	
4.748137e-01	1.011471e-04	
4.193683e+00	9.259676e-05	
3.960945e+00	1.104058e-04	
1.123271e+00	9.313271e-05	
3.886561e-01	1.086611e-04	
3.906766e-01	6.965446e-05	
3.049583e-01	8.816325e-05	
4.869180e-01	8.823741e-05	
9.845986e-01	7.884608e-05	
6.225975e-01	7.258533e-05	
1.354085e-01	7.576989e-05	
5.151016e-01	7.718050e-05	
5.483680e-01	9.331473e-05	
2.417029e-01	7.409832e-05	
3.770365e-01	8.747893e-05	
4.427529e+00	8.835984e-05	
5.532946e-01	7.933649e-05	
1.931601e-01	8.585283e-05	
2.773030e-01	8.927656e-05	
6.280523e-01	5.776216e-05	
4.443377e-01	7.169606e-05	
5.452525e-01	6.701762e-05	
2.883809e-01	6.826789e-05	
1.033030e+00	5.559525e-05	
5.025132e-01	6.682273e-05	
2.351049e-01	6.161131e-05	
4.862789e-01	3.160241e-05	
1.069834e+00	3.181233e-05	
4.001607e+00	7.059196e-05	
4.225331e-01	6.920099e-05	
2.806231e-01	7.821900e-05	
4.740572e-01	9.825158e-05	
3.049618e-01	1.004212e-04	
7.204906e-01	1.085587e-04	
2.260014e-01	1.052616e-04	
3.121050e-01	1.169939e-04	
4.925517e-01	1.330008e-04	
1.470549e-01	1.321484e-04	
6.294071e-01	1.123905e-04	
4.386399e+00	1.421328e-04	
4.115176e+00	1.134371e-04	
4.063014e+00	1.064253e-04	
4.847779e-01	1.214084e-04	
3.626992e-01	1.128473e-04	
3.954572e-01	9.941946e-05	
2.233508e-01	1.004857e-04	
8.006010e-01	1.086376e-04	
4.227027e-01	1.044056e-04	
2.932329e-01	1.176250e-04	
5.618001e-01	1.047181e-04	
4.494188e-01	1.046440e-04	
4.159801e+00	1.082229e-04	
3.328732e-01	1.029145e-04	
2.721480e-01	1.055659e-04	
4.321980e+00	9.333499e-05	
6.484036e-01	8.689579e-05	
3.947533e+00	1.032624e-04	
5.382416e-01	8.081832e-05	
1.938953e-01	7.551371e-05	
6.301490e-01	8.765598e-05	
4.271184e+00	9.408160e-05	
1.655377e-01	8.189945e-05	
1.024102e+00	8.369864e-05	
3.262606e+00	8.200092e-05	
5.130925e-01	4.676464e-05	
6.933832e-01	6.868067e-05	
4.171861e+00	9.113638e-05	
4.338110e+00	9.024004e-05	
2.504361e-01	1.125687e-04	
6.598290e-01	1.161244e-04	
7.964369e-01	1.023682e-04	
3.603272e-01	1.089740e-04	
6.595561e-01	1.099091e-04	
6.641691e-01	1.098229e-04	
4.605250e-01	1.379723e-04	
3.952392e-01	1.271965e-04	
6.389642e-01	1.439789e-04	
4.335711e+00	1.458664e-04	
4.399921e+00	1.360529e-04	
4.430536e-01	1.314282e-04	
2.774756e-01	1.211431e-04	
2.752421e-01	1.422370e-04	
3.197580e-01	1.278638e-04	
8.683882e-01	1.281625e-04	
2.611900e-01	1.420319e-04	
2.572905e-01	1.486586e-04	
3.305611e-01	1.369888e-04	
2.239457e-01	1.359571e-04	
3.399332e-01	1.205905e-04	
9.434687e-01	1.293131e-04	
4.115290e+00	1.251516e-04	
2.129657e-01	1.066247e-04	
4.225492e+00	1.330202e-04	
3.973272e+00	1.056887e-04	
7.254312e-01	1.040749e-04	
1.231287e-01	1.064872e-04	
5.785569e-01	8.550152e-05	
4.774541e+00	8.524221e-05	
8.727537e-01	9.438352e-05	
3.733840e+00	1.204144e-04	
4.249451e+00	1.125495e-04	
8.456416e-01	1.012880e-04	
4.330840e-01	6.942567e-05	
4.243360e-01	6.720640e-05	
7.489536e-01	1.134231e-04	
4.591882e+00	1.102588e-04	
2.390567e-01	1.174991e-04	
1.060356e+00	1.379791e-04	
6.086935e-01	1.291399e-04	
5.196529e-01	1.266486e-04	
7.804969e-01	1.076771e-04	
9.564682e-01	1.130163e-04	
4.467565e-01	1.228003e-04	
3.381272e-01	1.423569e-04	
3.232366e-01	1.428668e-04	
9.133255e-01	1.648310e-04	
3.326268e+00	1.382963e-04	
7.120575e-01	1.532127e-04	
9.166305e-01	1.469676e-04	
5.478682e-01	1.626866e-04	
5.319029e-01	1.400121e-04	
2.562493e-01	1.502045e-04	
3.101844e-01	1.553299e-04	
6.851167e-01	1.639032e-04	
2.762734e-01	1.600577e-04	
1.550325e-01	1.511718e-04	
7.773143e-01	1.262121e-04	
5.676444e-01	1.487037e-04	
5.559887e-01	1.271182e-04	
4.805325e+00	1.265122e-04	
4.698879e-01	1.346792e-04	
2.553497e-01	1.296003e-04	
6.334451e-01	1.154125e-04	
6.216202e-01	1.138293e-04	
1.648567e-01	1.178537e-04	
3.383573e-01	1.195664e-04	
5.064852e-01	1.150170e-04	
8.218640e-01	1.087598e-04	
4.112817e+00	8.447747e-05	
5.226626e-01	1.111389e-04	
6.344769e-01	1.022096e-04	
5.084141e-01	1.183143e-04	
3.685160e-01	1.199973e-04	
3.494607e+00	1.083842e-04	
8.493191e-01	1.180493e-04	
4.734309e-01	1.291614e-04	
4.484922e-01	1.231752e-04	
7.049984e-01	1.386692e-04	
3.433436e-01	1.283800e-04	
7.330122e-01	1.260358e-04	
9.170570e-01	1.230637e-04	
4.739945e+00	1.324162e-04	
3.135568e-01	1.495392e-04	
2.160289e-01	1.463515e-04	
8.023505e-01	1.545113e-04	
3.700996e-01	1.625635e-04	
4.173200e-01	1.560065e-04	
4.482682e-01	1.499403e-04	
3.267280e-01	1.544080e-04	
3.734924e-01	1.542531e-04	
4.337950e+00	1.637028e-04	
5.001010e+00	1.642757e-04	
1.024309e+00	1.601327e-04	
1.629925e-01	1.499314e-04	
9.435274e-01	1.410770e-04	
4.240553e+00	1.431961e-04	
7.385823e-01	1.373494e-04	
4.855039e-01	1.244947e-04	
7.290684e-01	1.310945e-04	
2.664153e-01	1.504402e-04	
2.387643e-01	1.403803e-04	
4.324360e-01	1.360215e-04	
2.851993e-01	1.350651e-04	
3.667892e-01	1.299973e-04	
8.174296e-01	1.435486e-04	
3.086520e-01	1.195837e-04	
4.185901e-01	1.185927e-04	
1.044583e+00	1.098153e-04	
4.117528e+00	9.309409e-05	
8.882037e-02	8.625852e-05	
6.411041e-01	1.111544e-04	
9.880588e-01	1.573845e-04	
3.646855e+00	1.430391e-04	
3.639934e-01	1.299169e-04	
3.577431e+00	1.227618e-04	
4.588377e-01	1.294490e-04	
3.215467e-01	1.368245e-04	
4.872667e-01	1.298514e-04	
4.547940e-01	1.417698e-04	
7.561980e-01	1.461790e-04	
4.101766e+00	1.360826e-04	
1.478106e-01	1.486849e-04	
6.196448e-01	1.520702e-04	
2.764307e-01	1.542352e-04	
4.737512e+00	1.630550e-04	
6.502555e-01	1.468457e-04	
7.657288e-01	1.568547e-04	
4.747058e+00	1.507970e-04	
5.493039e-01	1.582708e-04	
5.825873e-01	1.626137e-04	
3.973358e+00	1.522454e-04	
2.140450e-01	1.584427e-04	
1.366810e-01	1.618989e-04	
1.176393e+00	1.505980e-04	
4.080800e+00	1.457180e-04	
6.769536e-01	1.502057e-04	
5.552991e-01	1.374819e-04	
6.771946e-01	1.530878e-04	
4.525842e-01	1.507319e-04	
5.170396e-02	1.480953e-04	
3.802549e+00	1.559510e-04	
8.074454e-01	1.618757e-04	
5.358211e-01	1.430971e-04	
3.885627e-01	1.305933e-04	
6.632433e-01	1.508493e-04	
3.744465e+00	1.568048e-04	
5.563025e-01	1.066186e-04	
5.607904e-02	8.533110e-05	
1.130263e-01	1.481411e-04	
3.334624e+00	1.454539e-04	
1.441647e+00	1.372612e-04	
5.045105e-01	1.355930e-04	
1.144474e+00	1.375585e-04	
4.065897e+00	1.482754e-04	
3.721042e-01	1.473564e-04	
7.286163e-01	1.527934e-04	
2.809102e-01	1.430982e-04	
5.726892e-01	1.359303e-04	
3.263718e-01	1.382441e-04	
1.115786e+00	1.405458e-04	
3.694818e+00	1.634312e-04	
3.128174e-02	1.560223e-04	
4.536670e-01	1.547237e-04	
4.483368e+00	1.609028e-04	
3.626888e+00	1.653986e-04	
5.839931e-01	1.550174e-04	
1.974685e-01	1.554618e-04	
5.804822e-01	1.569469e-04	
6.379397e-01	1.453660e-04	
3.682843e-02	1.507160e-04	
9.214422e-01	1.663869e-04	
5.259595e-01	1.548296e-04	
3.410705e-01	1.521275e-04	
2.402954e-01	1.437785e-04	
1.178613e-01	1.528668e-04	
3.101610e-01	1.516670e-04	
4.837976e-01	1.545603e-04	
4.228981e-01	1.492412e-04	
2.216817e-01	1.448053e-04	
4.120493e+00	1.513598e-04	
1.219647e+00	1.649340e-04	
4.904421e+00	1.574491e-04	
5.037007e-01	1.761292e-04	
5.708196e-01	1.420163e-04	
7.083955e-01	9.901309e-05	
5.456249e-01	1.135065e-04	
4.941061e-01	1.404040e-04	
6.101849e-01	1.471158e-04	
3.675730e+00	1.560595e-04	
3.943335e-01	1.532450e-04	
6.270618e-01	1.440157e-04	
4.523676e+00	1.343502e-04	
6.021878e-01	1.351342e-04	
3.130697e-01	1.356754e-04	
6.567585e-01	1.439688e-04	
1.283302e-01	1.367338e-04	
1.093588e+00	1.410005e-04	
4.286402e+00	1.429767e-04	
3.051523e-01	1.517184e-04	
2.417085e-01	1.457543e-04	
8.959938e-01	1.555247e-04	
2.335779e-01	1.488711e-04	
5.928669e-01	1.629377e-04	
3.103623e+00	1.489732e-04	
5.746565e-01	1.628347e-04	
7.584584e-01	1.442195e-04	
5.279969e-01	1.493941e-04	
1.861220e-01	1.567058e-04	
5.809826e-01	1.625568e-04	
3.207190e-01	1.600775e-04	
7.821110e-01	1.434794e-04	
4.834607e-01	1.580217e-04	
4.636766e+00	1.558636e-04	
3.886270e+00	1.436769e-04	
2.138966e-01	1.412317e-04	
2.203345e-01	1.396993e-04	
4.284999e-01	1.530004e-04	
6.185056e-01	1.604624e-04	
2.965565e-01	1.655623e-04	
6.917974e-01	1.760465e-04	
4.172958e+00	1.365560e-04	
5.096051e-01	1.427261e-04	
6.107116e-01	1.294692e-04	
5.429808e-01	1.467256e-04	
2.176098e-01	1.490814e-04	
1.287261e-01	1.431535e-04	
6.077025e-01	1.551724e-04	
5.087272e-01	1.458144e-04	
2.680192e-01	1.536093e-04	
5.801575e-01	1.462482e-04	
4.078645e+00	1.388438e-04	
4.071201e+00	1.495632e-04	
7.208086e-01	1.282008e-04	
8.432087e-01	1.318608e-04	
4.157149e+00	1.500704e-04	
3.213307e-01	1.437169e-04	
4.804591e-01	1.421517e-04	
4.395857e+00	1.441549e-04	
9.854238e-01	1.374738e-04	
4.709915e+00	1.557348e-04	
5.232982e-01	1.533271e-04	
2.623249e-01	1.640626e-04	
7.177644e-01	1.496122e-04	
3.732233e+00	1.543142e-04	
1.207723e+00	1.515442e-04	
5.652172e-01	1.585219e-04	
2.077140e-01	1.581541e-04	
7.901877e-01	1.542774e-04	
3.361332e-01	1.563057e-04	
4.739860e-01	1.626088e-04	
5.253646e+00	1.558037e-04	
4.752979e+00	1.416455e-04	
1.891066e-01	1.420597e-04	
4.963261e-01	1.475060e-04	
6.393429e-01	1.628935e-04	
4.185603e+00	1.530693e-04	
5.754608e-01	1.565494e-04	
9.089641e-02	1.578015e-04	
8.885871e-02	1.710502e-04	
3.047495e-02	1.917263e-04	
3.045609e-01	1.162308e-04	
3.426185e-01	1.588626e-04	
3.103263e-01	1.916839e-04	
5.385135e-01	1.692621e-04	
4.433750e-01	1.438265e-04	
9.051093e-01	1.423325e-04	
7.357786e-01	1.611792e-04	
3.315248e-01	1.451535e-04	
3.373981e-01	1.501820e-04	
7.131145e-01	1.460660e-04	
3.931828e+00	1.458522e-04	
4.326100e+00	1.375635e-04	
1.570181e-01	1.433286e-04	
4.451786e+00	1.513568e-04	
3.797245e+00	1.367976e-04	
8.603967e-01	1.508184e-04	
4.267603e+00	1.474525e-04	
2.106155e-01	1.499974e-04	
4.215900e-01	1.614245e-04	
4.322507e-01	1.548347e-04	
3.684496e+00	1.521208e-04	
8.952836e-01	1.568211e-04	
3.947059e+00	1.649964e-04	
9.853918e-01	1.504246e-04	
8.079771e-01	1.531895e-04	
5.443743e-01	1.391500e-04	
4.011453e+00	1.634282e-04	
1.083262e+00	1.659719e-04	
2.026999e-01	1.523702e-04	
5.267520e-01	1.448000e-04	
4.332127e-01	1.490756e-04	
5.739176e-01	1.498135e-04	
4.628708e+00	1.622964e-04	
9.314829e-01	1.779413e-04	
2.052332e-01	1.609762e-04	
3.797033e-01	1.482655e-04	
1.004547e+00	1.581547e-04	
4.550382e-01	1.647051e-04	
5.000521e-01	1.762454e-04	
5.293791e-01	1.120075e-04	
4.548912e+00	1.623350e-04	
8.184007e-01	1.879003e-04	
7.567896e-01	1.718304e-04	
2.050869e-01	1.702072e-04	
4.299205e-01	1.509594e-04	
4.936878e-01	1.406277e-04	
3.039196e-01	1.477620e-04	
2.616116e-01	1.521360e-04	
7.302596e-01	1.281477e-04	
2.877310e-01	1.426905e-04	
1.483448e-01	1.415981e-04	
1.411166e-01	1.380036e-04	
4.231699e+00	1.460428e-04	
2.754003e-01	1.539131e-04	
4.463341e-01	1.525596e-04	
4.902920e-01	1.574480e-04	
5.471859e-01	1.520426e-04	
4.620082e-01	1.587863e-04	
7.671229e-01	1.490908e-04	
4.105376e+00	1.588576e-04	
4.567426e+00	1.604655e-04	
5.993410e+00	1.507944e-04	
3.721527e-01	1.510317e-04	
1.096850e+00	1.472801e-04	
7.299750e-01	1.676570e-04	
4.080047e+00	1.523342e-04	
5.543513e-01	1.395670e-04	
4.530583e-01	1.525845e-04	
3.691938e-01	1.571780e-04	
8.535690e-02	1.644772e-04	
7.945574e-01	1.476948e-04	
4.824142e-01	1.504463e-04	
8.995558e-01	1.629768e-04	
3.806204e-01	1.711879e-04	
5.152775e-01	1.562270e-04	
2.111611e-01	1.577878e-04	
7.780594e-02	1.365139e-04	
3.326658e-01	1.397483e-04	
3.512900e-01	1.625282e-04	
4.459303e+00	1.660479e-04	
2.193741e-01	1.653157e-04	
1.942241e-01	1.685498e-04	
3.916342e+00	1.807017e-04	
2.149798e-01	1.563394e-04	
3.828048e-01	1.443745e-04	
3.061876e-01	1.319420e-04	
6.843093e-01	1.306538e-04	
6.825469e-01	1.420842e-04	
8.967560e-01	1.426645e-04	
4.356576e+00	1.445078e-04	
4.410058e-01	1.431194e-04	
4.196413e-01	1.431362e-04	
3.759203e-01	1.568504e-04	
5.529914e-01	1.548123e-04	
1.696964e-01	1.465811e-04	
3.004680e-01	1.550205e-04	
4.670343e+00	1.503477e-04	
3.623073e-01	1.501288e-04	
4.353355e+00	1.487027e-04	
4.948922e+00	1.574507e-04	
1.307632e+00	1.564040e-04	
6.542364e-01	1.520507e-04	
7.321835e-01	1.638310e-04	
9.226666e-01	1.455148e-04	
5.052204e-01	1.524245e-04	
4.601076e+00	1.558528e-04	
5.033308e-02	1.584451e-04	
2.573999e-01	1.409023e-04	
3.959109e-01	1.420469e-04	
4.044833e-01	1.451241e-04	
1.857189e-01	1.593587e-04	
4.533554e-01	1.723303e-04	
6.374048e-02	1.568723e-04	
4.418115e-01	1.726783e-04	
1.132127e-01	1.478457e-04	
2.004224e-01	1.676571e-04	
2.385153e-01	2.041193e-04	
6.309822e-01	1.690833e-04	
6.494662e-01	1.626400e-04	
4.387932e+00	1.476899e-04	
1.857969e-01	1.629202e-04	
7.115760e-01	1.668605e-04	
4.180292e+00	1.599333e-04	
5.671669e-01	1.335953e-04	
9.171254e-01	1.315611e-04	
2.422357e-01	1.322157e-04	
4.322634e+00	1.360428e-04	
1.596088e-01	1.416834e-04	
1.786561e-01	1.487956e-04	
5.602605e-01	1.460724e-04	
7.590961e-01	1.520036e-04	
3.966415e+00	1.532261e-04	
6.320951e-01	1.471674e-04	
5.922999e-01	1.455632e-04	
8.469098e-01	1.474096e-04	
2.020414e-01	1.487179e-04	
6.175461e-01	1.449616e-04	
6.524495e-01	1.390633e-04	
4.589158e+00	1.553242e-04	
4.683836e+00	1.588655e-04	
1.137254e-01	1.499728e-04	
5.716385e-01	1.384187e-04	
8.766545e-01	1.454388e-04	
1.910906e-01	1.440389e-04	
4.137760e+00	1.422367e-04	
6.574644e-01	1.519608e-04	
4.361687e-01	1.541889e-04	
4.019644e-01	1.507679e-04	
2.539431e-01	1.597298e-04	
5.810191e-01	1.713074e-04	
8.885993e-01	1.851243e-04	
4.022224e+00	1.661618e-04	
2.459913e-01	1.474312e-04	
3.255108e-01	1.885221e-04	
6.306861e-01	1.722838e-04	
4.692953e-01	1.878461e-04	
3.351294e-01	1.535190e-04	
4.272230e-02	1.512028e-04	
5.234690e-01	1.449041e-04	
3.817624e-01	1.582588e-04	
1.027272e-01	1.576114e-04	
4.250037e+00	1.517243e-04	
3.728644e-01	1.486162e-04	
4.273954e-01	1.364480e-04	
4.579709e-01	1.343658e-04	
4.319933e-01	1.436308e-04	
5.613677e-01	1.316530e-04	
6.215461e-01	1.400895e-04	
3.183736e-01	1.386352e-04	
1.617690e-01	1.458023e-04	
4.284075e+00	1.451456e-04	
6.744658e-01	1.480122e-04	
2.060328e-01	1.497751e-04	
6.490268e-01	1.491735e-04	
6.706293e-01	1.462205e-04	
4.717105e+00	1.472129e-04	
2.060474e-01	1.523330e-04	
4.702869e-01	1.560183e-04	
4.480219e+00	1.468925e-04	
1.594335e-01	1.431814e-04	
8.032261e-01	1.521068e-04	
2.148977e-01	1.301904e-04	
4.467584e-01	1.370981e-04	
3.697757e-01	1.396044e-04	
1.276744e-01	1.612462e-04	
2.267818e-01	1.552683e-04	
1.348097e+00	1.431924e-04	
4.207270e-01	1.732785e-04	
4.627260e+00	1.924160e-04	
6.868697e-01	1.914045e-04	
1.851638e-01	1.692549e-04	
1.415354e-01	1.490982e-04	
5.674927e-01	1.797144e-04	
2.289984e-01	1.764059e-04	
6.381739e-01	1.725138e-04	
3.333016e-01	1.655540e-04	
4.243812e+00	1.497356e-04	
8.780330e-01	1.459977e-04	
4.948783e-01	1.408194e-04	
3.258410e-01	1.443734e-04	
4.688263e-01	1.472535e-04	
3.966403e-01	1.406902e-04	
5.641790e-01	1.398533e-04	
6.587033e-01	1.376254e-04	
2.404142e-01	1.309822e-04	
1.737037e-01	1.331014e-04	
1.839303e-01	1.358979e-04	
5.661255e-01	1.283945e-04	
2.664141e-01	1.443734e-04	
1.085982e+00	1.352063e-04	
1.308282e-01	1.451100e-04	
1.025643e+00	1.470115e-04	
1.641107e-01	1.460354e-04	
8.948513e-01	1.457669e-04	
1.315302e-01	1.437383e-04	
4.384989e-01	1.521509e-04	
4.882144e-01	1.454610e-04	
6.480163e-01	1.381042e-04	
4.966041e-01	1.363897e-04	
8.308529e-01	1.415249e-04	
2.902631e-01	1.487655e-04	
1.464779e-01	1.423357e-04	
2.543019e-01	1.511796e-04	
8.061067e-01	1.685813e-04	
3.532261e-01	1.733831e-04	
9.758959e-01	1.493491e-04	
3.110355e-01	1.678589e-04	
2.270239e-01	1.739396e-04	
4.839358e-01	2.261482e-04	
3.417643e-01	1.208155e-04	
3.718564e-01	1.530019e-04	
1.718681e-01	1.605923e-04	
5.703420e-01	1.621246e-04	
1.777604e-01	1.773278e-04	
1.534122e-01	1.656709e-04	
3.889333e+00	1.522844e-04	
3.394321e-01	1.259050e-04	
4.672062e+00	1.283158e-04	
2.109070e-01	1.347187e-04	
9.669754e-02	1.445669e-04	
4.625386e+00	1.415671e-04	
5.549606e-01	1.361445e-04	
8.978686e-01	1.348493e-04	
1.808488e-01	1.306952e-04	
7.335982e-01	1.320969e-04	
2.375271e-01	1.274401e-04	
8.482569e-01	1.337929e-04	
6.164833e-01	1.305060e-04	
3.075585e-01	1.282275e-04	
5.915911e-01	1.389753e-04	
4.958896e-01	1.384666e-04	
3.865162e-01	1.411033e-04	
6.407370e-01	1.352856e-04	
1.035535e+00	1.331674e-04	
5.929966e-01	1.389120e-04	
5.816693e-01	1.465579e-04	
8.216228e-01	1.355468e-04	
3.819022e-01	1.417269e-04	
4.750922e-01	1.289812e-04	
5.195541e-01	1.403841e-04	
3.612226e-01	1.569749e-04	
3.045025e-01	1.645685e-04	
3.156984e-01	1.735618e-04	
8.001907e-01	1.942598e-04	
6.945654e-01	1.656670e-04	
3.985292e+00	1.511024e-04	
6.536085e-01	1.413711e-04	
4.528923e-01	1.451331e-04	
5.605679e-01	1.485947e-04	
1.269502e-01	1.479834e-04	
3.866358e-01	1.626403e-04	
4.913638e-01	1.378194e-04	
5.592548e-01	1.494216e-04	
4.226708e+00	1.368014e-04	
5.999800e-01	1.271164e-04	
1.025952e+00	1.295463e-04	
4.489946e+00	1.375806e-04	
4.227855e+00	1.275906e-04	
8.828051e-01	1.293451e-04	
3.777431e-01	1.359175e-04	
3.780667e-01	1.407488e-04	
1.071297e+00	1.266204e-04	
3.455124e-01	1.387269e-04	
8.083573e-02	1.264857e-04	
3.477123e-01	1.317148e-04	
3.107259e-01	1.301123e-04	
5.870749e-01	1.323500e-04	
4.794992e-01	1.338327e-04	
4.371787e-01	1.345748e-04	
3.305416e-01	1.302773e-04	
9.647064e-01	1.378935e-04	
3.904415e-01	1.326436e-04	
4.680009e-01	1.314460e-04	
2.498038e-01	1.441496e-04	
4.354438e-01	1.375905e-04	
6.293590e-01	1.464752e-04	
6.518972e-01	1.378306e-04	
4.738834e+00	1.530563e-04	
1.170284e+00	1.545674e-04	
4.260490e+00	1.614718e-04	
5.693692e-01	1.560858e-04	
3.582670e-01	1.626247e-04	
1.918675e-01	1.790024e-04	
1.083644e+00	1.324443e-04	
4.465050e+00	1.515363e-04	
2.683003e-01	1.897048e-04	
6.914682e-01	1.626253e-04	
2.637356e-01	1.229599e-04	
3.938581e-01	1.224152e-04	
1.550240e-01	1.485254e-04	
4.782782e-01	1.406074e-04	
5.007306e-01	1.362421e-04	
4.126201e+00	1.429295e-04	
4.189317e-01	1.275560e-04	
1.557383e-01	1.258761e-04	
2.028021e-01	1.297404e-04	
4.984171e-01	1.137496e-04	
3.891350e+00	1.229160e-04	
5.595439e-01	1.307703e-04	
4.294274e+00	1.306537e-04	
2.862064e-01	1.330928e-04	
4.604428e-01	1.373760e-04	
2.183410e-01	1.309091e-04	
5.627577e-01	1.286030e-04	
3.859176e+00	1.280736e-04	
8.979554e-01	1.327812e-04	
4.255851e-01	1.308409e-04	
6.544954e-01	1.298351e-04	
3.011427e-01	1.205528e-04	
5.964764e-01	1.281189e-04	
9.217159e-01	1.287812e-04	
2.835488e-01	1.457892e-04	
2.467694e-01	1.374706e-04	
4.013464e-01	1.446518e-04	
3.918649e-01	1.474860e-04	
4.222943e-01	1.453000e-04	
3.983233e+00	1.453104e-04	
3.104192e-01	1.501466e-04	
4.571254e+00	1.316335e-04	
7.515707e-01	1.687524e-04	
4.453216e-01	1.545300e-04	
6.571536e-01	1.698659e-04	
3.971531e-01	1.736016e-04	
2.110433e-01	1.324709e-04	
6.047905e-01	1.341186e-04	
3.263067e-01	1.423954e-04	
2.600031e-01	1.383831e-04	
3.694103e-01	1.444040e-04	
4.247391e-01	1.454434e-04	
5.531763e-01	1.385565e-04	
1.798786e-01	1.111727e-04	
4.359299e-02	1.223046e-04	
6.908887e-01	1.144519e-04	
7.039936e-01	1.219019e-04	
6.413112e-01	1.160674e-04	
8.481256e-01	1.207720e-04	
6.171019e+00	1.179950e-04	
7.732124e-01	1.359584e-04	
7.366789e-01	1.250841e-04	
2.577903e-01	1.315323e-04	
7.198782e-01	1.237734e-04	
7.559145e-01	1.248247e-04	
5.011023e-01	1.279823e-04	
3.713708e+00	1.175152e-04	
9.127398e-01	1.220570e-04	
4.301165e-01	1.213291e-04	
3.136487e-01	1.163933e-04	
5.431089e-01	1.234069e-04	
1.441975e-01	1.315647e-04	
1.193346e+00	1.274731e-04	
7.222041e-01	1.332429e-04	
7.931598e-01	1.305051e-04	
3.526644e-01	1.457839e-04	
7.142319e-02	1.344436e-04	
1.437538e-01	1.476698e-04	
5.290661e-01	1.301287e-04	
5.348319e-01	1.248496e-04	
6.610761e-01	1.297645e-04	
5.806056e-01	1.674630e-04	
6.179392e-01	1.810361e-04	
2.001938e-01	2.197226e-04	
3.611470e-01	1.460972e-04	
1.664293e-01	1.493555e-04	
9.332736e-01	1.495677e-04	
4.377161e-01	1.185959e-04	
1.202940e+00	1.584297e-04	
7.827284e-01	1.384243e-04	
5.456251e-01	1.364936e-04	
6.525804e-01	1.209626e-04	
7.722236e-01	1.127967e-04	
2.582671e-01	1.131870e-04	
1.957919e-01	1.234265e-04	
6.739942e-02	1.222497e-04	
4.243641e-01	1.060567e-04	
1.035085e+00	1.177889e-04	
3.960197e+00	1.259996e-04	
1.753598e-01	1.229703e-04	
1.220024e+00	1.268466e-04	
6.095447e-01	1.118608e-04	
1.892998e-01	1.212481e-04	
3.711442e-01	1.189161e-04	
4.363791e-02	1.186922e-04	
3.673586e-01	1.082812e-04	
6.754127e-01	1.131253e-04	
5.691402e-01	1.222095e-04	
8.368620e-01	1.212332e-04	
4.623011e-01	1.324244e-04	
4.360994e-01	1.193298e-04	
3.249966e-01	1.144738e-04	
1.990653e-01	1.277697e-04	
1.357236e-01	1.286423e-04	
7.691876e-01	1.209499e-04	
8.178107e-01	1.279996e-04	
4.511793e+00	1.335548e-04	
4.656740e+00	1.361594e-04	
4.312006e+00	1.341659e-04	
7.068277e-01	1.662575e-04	
1.476153e-01	1.516346e-04	
4.396091e-01	1.227112e-04	
3.017042e-01	1.671127e-04	
4.318702e+00	1.787849e-04	
4.528600e+00	1.157523e-04	
4.356220e-01	1.280658e-04	
2.682096e-01	1.163643e-04	
4.024790e-01	1.233372e-04	
6.567409e-01	1.343532e-04	
8.820390e-01	1.344529e-04	
3.179798e-01	1.112318e-04	
4.385838e-01	1.109545e-04	
3.785325e+00	1.093195e-04	
6.458232e-01	1.151124e-04	
4.566067e-01	1.098573e-04	
4.102706e+00	1.032240e-04	
2.139345e-01	1.113115e-04	
7.290579e-01	1.139150e-04	
4.644311e-01	1.144463e-04	
2.643895e-01	1.080546e-04	
3.938881e-01	1.159285e-04	
4.256771e+00	1.229725e-04	
6.355659e-01	1.174123e-04	
4.939049e-01	1.074737e-04	
3.791904e-01	1.166019e-04	
6.112428e-01	1.288875e-04	
3.778935e-01	1.236886e-04	
3.901245e+00	1.297360e-04	
8.214450e-01	1.193509e-04	
9.218526e-02	1.165482e-04	
1.561174e-02	1.182991e-04	
4.601440e-01	1.218312e-04	
6.618074e-01	1.216319e-04	
6.152585e+00	1.286878e-04	
2.481416e-01	1.226315e-04	
4.378876e+00	1.057635e-04	
4.954197e+00	1.197991e-04	
6.066145e-02	1.545620e-04	
1.116591e+00	1.497412e-04	
3.001464e-01	1.284608e-04	
3.864890e+00	1.445762e-04	
4.744408e-01	1.487873e-04	
6.246874e-01	1.459725e-04	
6.503754e+00	1.158091e-04	
8.304376e-01	1.329986e-04	
7.245808e-01	1.169753e-04	
4.220247e+00	1.148756e-04	
5.854047e-01	1.146789e-04	
4.461044e-01	1.045798e-04	
1.359868e+00	1.055191e-04	
3.753365e+00	1.107241e-04	
4.820953e+00	1.116069e-04	
2.031738e-01	1.021621e-04	
5.440654e-01	9.744046e-05	
3.938458e+00	1.026495e-04	
5.229534e-01	1.047798e-04	
5.213300e-01	1.049542e-04	
8.085883e-01	1.106662e-04	
5.718484e-01	1.084155e-04	
5.584555e-01	1.038293e-04	
4.661072e+00	1.058820e-04	
2.942916e-01	1.103937e-04	
4.004446e-01	1.145082e-04	
4.583174e+00	1.204147e-04	
5.324111e-01	1.237289e-04	
5.005247e-01	1.149664e-04	
3.673683e+00	1.126930e-04	
1.019464e+00	1.251684e-04	
5.229213e-01	1.178390e-04	
4.598639e-01	1.233495e-04	
1.462365e+00	1.008773e-04	
3.387760e+00	1.118014e-04	
4.995446e+00	1.138890e-04	
4.602168e-01	1.002116e-04	
4.382858e+00	1.136519e-04	
7.765001e-01	1.101220e-04	
4.829013e-01	1.380309e-04	
3.311930e-01	1.256693e-04	
5.636758e-01	1.756123e-04	
8.500666e-01	1.803336e-04	
3.491179e+00	8.725145e-05	
3.722254e-01	1.220021e-04	
9.925593e-02	1.103601e-04	
3.696922e+00	1.066560e-04	
3.150407e-01	1.127047e-04	
3.743488e-01	9.779950e-05	
6.303554e-01	1.048933e-04	
3.461985e+00	8.706744e-05	
4.297338e-01	9.746588e-05	
6.123571e-01	1.007429e-04	
5.837916e-01	1.019687e-04	
6.367981e-01	1.006376e-04	
5.231898e-01	9.644778e-05	
4.650718e+00	9.608951e-05	
3.062441e-01	1.015565e-04	
5.866943e-01	1.068861e-04	
7.476773e-01	1.025105e-04	
2.900096e-01	8.989060e-05	
1.165831e-01	1.002804e-04	
5.284690e+00	1.057985e-04	
4.652751e-01	1.099385e-04	
4.886351e-01	1.052289e-04	
4.368439e+00	1.025602e-04	
3.955249e-01	1.127612e-04	
7.227103e-01	1.194135e-04	
4.495247e-01	1.185564e-04	
4.448203e+00	1.140224e-04	
7.352589e-01	1.137423e-04	
4.062661e+00	1.041677e-04	
3.206119e-01	1.057624e-04	
1.011407e+00	1.209217e-04	
7.389179e-01	1.119720e-04	
4.201617e+00	1.136944e-04	
3.897753e+00	9.645145e-05	
6.648588e-01	1.242509e-04	
4.418571e-01	1.146402e-04	
2.350261e-01	1.402562e-04	
3.267787e-01	1.381447e-04	
3.925372e+00	1.459444e-04	
4.520229e-01	1.037398e-04	
2.911991e-01	1.200236e-04	
8.776700e-01	1.176147e-04	
1.930706e-01	9.728354e-05	
4.854637e-01	8.618600e-05	
9.097611e-02	9.870561e-05	
2.483323e-01	1.001471e-04	
5.632585e-01	9.846748e-05	
6.491485e-01	9.152950e-05	
5.194337e-01	9.159754e-05	
1.093054e+00	9.843941e-05	
6.347392e-01	8.794026e-05	
1.382606e-01	8.787210e-05	
2.701903e-01	9.152302e-05	
3.057562e-01	1.032088e-04	
5.550342e-01	9.392489e-05	
9.727608e-01	9.436989e-05	
4.661775e+00	9.311525e-05	
4.088536e+00	1.027317e-04	
3.784821e+00	8.561944e-05	
4.020053e+00	9.655238e-05	
6.486945e-01	9.247773e-05	
3.039798e-01	1.066208e-04	
4.935006e-01	1.008472e-04	
1.012336e+00	1.102865e-04	
6.850375e-01	1.065356e-04	
3.984389e+00	9.965822e-05	
3.853114e+00	1.068894e-04	
6.208178e-01	1.041700e-04	
2.032437e-01	1.267059e-04	
2.133546e-01	1.314353e-04	
7.250149e-01	1.038737e-04	
3.694798e+00	1.031183e-04	
5.908913e-01	1.346192e-04	
4.464696e-01	1.890973e-04	
3.629674e-01	1.655673e-04	
4.437463e+00	1.513581e-04	
9.021811e-01	1.520001e-04	
6.295306e-01	1.294069e-04	
7.769549e-01	1.130398e-04	
3.837813e+00	9.983488e-05	
1.288359e+00	7.793355e-05	
5.160229e-01	9.363042e-05	
7.147430e-01	8.941995e-05	
3.604048e+00	1.076179e-04	
9.142203e-01	9.002513e-05	
2.648549e-01	8.534348e-05	
2.793264e-01	8.021344e-05	
4.185565e-01	9.002871e-05	
4.163310e+00	8.080132e-05	
7.823668e-01	7.362099e-05	
2.721841e-01	8.580400e-05	
3.179698e-01	8.518113e-05	
7.141291e-01	9.354808e-05	
2.794018e-01	9.643353e-05	
4.701686e+00	8.424119e-05	
4.528813e+00	8.824189e-05	
3.951437e+00	9.137058e-05	
7.654372e-01	8.545240e-05	
3.280508e-02	9.426279e-05	
4.016619e-01	8.714624e-05	
2.778716e-01	9.886776e-05	
4.927231e-01	9.866708e-05	
3.238788e-01	9.160497e-05	
3.914404e+00	1.035047e-04	
2.493867e-01	1.136450e-04	
5.785637e-01	1.180559e-04	
1.314771e-01	1.270661e-04	
7.155197e-01	1.171848e-04	
5.223330e-01	1.189499e-04	
5.439736e-01	1.228328e-04	
3.811036e-01	1.028334e-04	
5.577680e-01	9.624041e-05	
3.193738e-01	1.731460e-04	
2.867231e-01	1.586868e-04	
2.324624e-01	1.493174e-04	
1.022016e+00	1.052940e-04	
4.636729e-01	9.239928e-05	
3.894143e+00	9.385089e-05	
4.019004e+00	1.069291e-04	
1.214929e+00	1.084298e-04	
4.476490e+00	9.162137e-05	
7.706751e-01	8.226968e-05	
6.489607e-01	6.905692e-05	
4.148580e+00	8.745338e-05	
5.972328e-01	8.985074e-05	
2.777723e-01	8.723046e-05	
1.048692e+00	7.726259e-05	
4.215711e+00	6.955223e-05	
7.283021e-01	7.426380e-05	
3.465686e+00	7.898890e-05	
3.860421e-01	7.231818e-05	
7.543423e-01	9.039181e-05	
1.881359e-01	7.782075e-05	
3.265134e-01	8.420398e-05	
1.117449e+00	7.768561e-05	
3.078878e-01	8.047370e-05	
4.274052e-01	8.484597e-05	
6.495401e-01	9.012763e-05	
7.944528e-01	7.808970e-05	
4.635330e-01	8.822397e-05	
6.484232e-01	9.069329e-05	
7.995016e-01	9.977482e-05	
8.064918e-01	1.008241e-04	
6.297525e-01	9.686267e-05	
2.654714e-01	1.176223e-04	
2.949689e-01	1.361516e-04	
7.660813e-02	1.221235e-04	
3.639410e+00	9.871718e-05	
6.064050e-01	1.205071e-04	
4.806884e-01	1.449247e-04	
4.931010e-01	1.792229e-04	
4.486457e+00	1.179903e-04	
9.421794e-02	9.335554e-05	
4.443928e-01	1.145819e-04	
2.260743e-01	1.077139e-04	
2.597009e-01	1.048933e-04	
3.948327e+00	1.027084e-04	
3.005325e-01	9.671998e-05	
4.368775e-01	7.942217e-05	
5.905764e-01	6.849124e-05	
3.669668e+00	5.589968e-05	
5.146582e-01	7.995982e-05	
7.465086e-01	8.801747e-05	
9.280745e-01	8.272925e-05	
3.953514e-01	7.976099e-05	
3.005693e-01	6.518237e-05	
4.583490e+00	6.979563e-05	
8.971828e-01	6.230181e-05	
5.277109e-01	7.440602e-05	
6.486109e-01	7.928656e-05	
2.572796e-01	7.618448e-05	
4.010687e+00	7.776016e-05	
8.438571e-01	7.915939e-05	
2.442667e-01	6.815584e-05	
5.189089e-01	8.348833e-05	
4.183433e-02	8.201865e-05	
5.501292e-01	9.259639e-05	
3.701403e-01	8.207547e-05	
5.256808e-01	8.223822e-05	
4.100265e+00	8.583343e-05	
5.680767e-02	8.988855e-05	
7.711754e-01	1.100211e-04	
3.851822e-01	1.180903e-04	
1.885311e-01	1.154696e-04	
3.987175e+00	1.159055e-04	
1.038534e+00	1.462713e-04	
3.550222e-01	1.193866e-04	
3.529439e-01	1.315938e-04	
4.378236e+00	9.902474e-05	
6.168841e-01	1.322068e-04	
7.625383e-01	1.280575e-04	
4.226856e-01	8.458143e-05	
4.895689e-01	7.231265e-05	
4.241475e+00	7.436466e-05	
4.543269e+00	7.928032e-05	
4.839131e-01	7.874722e-05	
6.768090e-01	8.604550e-05	
1.167635e-01	7.026319e-05	
5.769948e-01	5.775433e-05	
6.364163e-01	7.444045e-05	
3.708239e+00	8.251121e-05	
2.195502e-01	7.450653e-05	
7.052652e-01	7.279431e-05	
3.113398e-01	7.035309e-05	
2.556073e-01	5.987382e-05	
5.319045e-01	6.862588e-05	
1.030009e+00	6.786822e-05	
3.757422e-01	7.924323e-05	
1.176654e-01	8.250957e-05	
3.961250e-01	7.030416e-05	
4.804522e+00	7.725295e-05	
7.152155e-01	8.285403e-05	
5.498727e-01	7.257361e-05	
3.122228e-01	7.020668e-05	
4.537701e+00	7.548577e-05	
7.328525e-01	8.476679e-05	
4.395871e+00	6.538668e-05	
6.234902e-01	8.012043e-05	
5.690326e-01	8.462431e-05	
3.696977e-01	9.076978e-05	
6.018376e-01	1.093863e-04	
4.373776e-01	9.215073e-05	
7.997999e-01	9.832543e-05	
5.536150e-01	1.301348e-04	
6.384183e-01	1.590094e-04	
6.659565e-01	1.506031e-04	
3.459941e-01	6.774709e-05	
2.993983e-01	7.412633e-05	
9.287808e-01	5.884876e-05	
5.257931e-01	7.496144e-05	
7.204109e-01	7.709853e-05	
2.508064e-01	7.311696e-05	
3.868332e+00	8.449610e-05	
4.922315e+00	7.492543e-05	
3.135955e-01	6.793826e-05	
3.424505e-01	5.293273e-05	
3.839696e+00	6.885645e-05	
7.881680e-01	6.354299e-05	
6.294518e-01	6.924689e-05	
4.199531e+00	6.508258e-05	
1.757373e-01	6.105804e-05	
3.624215e-01	7.254852e-05	
6.637802e-01	5.773651e-05	
7.825890e-01	6.074374e-05	
4.209074e+00	7.393326e-05	
5.771927e-01	6.861511e-05	
1.307264e-01	7.147945e-05	
3.751885e-01	6.218875e-05	
2.793941e-01	7.792682e-05	
2.588280e-01	8.020020e-05	
1.461306e-01	6.795137e-05	
8.319618e-01	7.475536e-05	
1.072151e+00	7.956459e-05	
3.975837e+00	6.580716e-05	
6.236600e-01	6.691651e-05	
3.595599e-01	6.825237e-05	
3.448955e-01	8.271617e-05	
3.036903e-01	9.508919e-05	
2.131338e-01	1.001114e-04	
9.568532e-01	9.864160e-05	
3.348625e-01	1.039147e-04	
6.114483e-01	1.090846e-04	
5.357930e-01	1.267883e-04	
3.774654e-01	1.538653e-04	
3.101747e-01	6.777255e-05	
6.699129e-01	5.620362e-05	
1.765183e-01	6.106579e-05	
3.894584e+00	7.021523e-05	
5.506774e-01	6.673815e-05	
6.016237e-01	8.085494e-05	
4.648135e-01	7.078516e-05	
3.628722e-01	6.627883e-05	
6.206442e-01	5.494984e-05	
4.261008e+00	4.480942e-05	
5.238557e-01	5.662924e-05	
2.206505e-01	5.642385e-05	
3.167090e-01	4.653097e-05	
7.492848e-01	5.645943e-05	
2.490334e-01	5.862795e-05	
2.059627e-01	5.540667e-05	
5.057657e-01	5.441969e-05	
5.603014e-01	6.945496e-05	
6.890488e-01	6.491259e-05	
5.243122e+00	6.819446e-05	
5.998929e-01	5.900718e-05	
5.856884e-01	6.499634e-05	
7.394774e-01	6.636570e-05	
3.510189e-01	6.766794e-05	
4.765688e-01	6.112627e-05	
9.748872e-01	5.975379e-05	
3.577845e-01	6.328166e-05	
3.413346e-01	6.711667e-05	
3.597155e-01	6.405254e-05	
8.998718e-02	5.746327e-05	
1.010861e-01	6.862906e-05	
6.897868e-01	7.510024e-05	
3.920569e-01	7.711938e-05	
1.941932e-01	9.501511e-05	
5.957120e-01	9.567497e-05	
6.182616e-01	1.080540e-04	
4.692799e-01	1.159078e-04	
4.817557e-01	1.079763e-04	
5.067154e-01	8.529012e-05	
6.016362e-01	7.138891e-05	
7.310501e-01	2.909723e-05	
2.389687e-01	6.437510e-05	
3.963178e+00	5.949605e-05	
4.387688e-01	4.984024e-05	
7.365346e-01	3.075381e-05	
4.674770e-01	4.495467e-05	
5.259062e-01	5.372632e-05	
3.361779e-01	5.088288e-05	
6.137893e-01	4.799138e-05	
4.082297e-02	4.614528e-05	
1.741705e-01	4.317879e-05	
3.044025e-01	4.927064e-05	
6.138090e-01	5.608753e-05	
4.790275e-01	6.107258e-05	
4.254365e+00	5.779575e-05	
5.593142e-01	5.444475e-05	
5.968009e-01	6.184513e-05	
7.992650e-01	5.478514e-05	
3.142219e-01	5.843846e-05	
4.302464e+00	6.090075e-05	
4.083773e-01	5.454404e-05	
4.876400e-01	5.795689e-05	
4.254824e+00	5.999402e-05	
3.878667e+00	6.563651e-05	
4.326697e-01	4.473145e-05	
5.163575e-01	5.071223e-05	
4.605218e+00	5.130626e-05	
6.886186e-01	4.924347e-05	
3.861804e-01	5.223134e-05	
8.843358e-01	7.036423e-05	
1.087884e-01	7.944526e-05	
4.220471e+00	8.326870e-05	
5.229066e-01	7.366091e-05	
6.225095e-01	8.907212e-05	
4.116672e-01	1.061952e-04	
6.007643e-01	2.279442e-04	
6.143829e-01	1.493639e-04	
6.529334e-01	7.630015e-05	
2.400447e-01	1.772053e-05	
3.366136e-01	1.363226e-05	
1.930544e-01	3.451221e-05	
2.782086e-01	3.588668e-05	
4.637309e-01	4.017195e-05	
6.669294e-01	4.124658e-05	
5.387860e-01	4.469727e-05	
6.140324e-01	4.983403e-05	
2.147479e-01	4.630490e-05	
4.488292e-01	3.964594e-05	
7.453214e-01	4.464742e-05	
6.515118e-01	4.721671e-05	
8.173336e-01	5.779417e-05	
4.694358e+00	4.741138e-05	
5.769284e-01	5.873903e-05	
9.239261e-01	4.945166e-05	
5.562107e-01	5.088136e-05	
1.080839e+00	4.768943e-05	
5.776554e-02	5.435051e-05	
1.010562e+00	5.790178e-05	
4.069826e+00	4.240878e-05	
3.061273e-01	5.209830e-05	
6.186937e-01	5.605723e-05	
3.996173e+00	3.844808e-05	
4.475495e+00	5.011026e-05	
5.015125e+00	4.536678e-05	
6.239157e-01	5.771151e-05	
3.796313e-01	3.752582e-05	
3.152812e-01	3.371507e-05	
9.212904e-01	5.055232e-05	
4.140913e+00	6.806163e-05	
3.796801e+00	9.177930e-05	
6.633106e-01	7.987547e-05	
4.405275e-01	7.571454e-05	
7.908052e-01	1.128048e-04	
3.857428e-01	9.479318e-05	
5.392978e-01	1.322954e-04	
7.628039e-01	7.259437e-05	
6.007627e-01	5.646016e-05	
2.259434e-01	6.386564e-06	
6.781208e-01	3.234656e-05	
8.410399e-01	1.560107e-05	
7.436962e-01	3.388486e-05	
5.695395e-01	3.148817e-05	
4.370050e-01	3.015742e-05	
5.679913e-01	5.163959e-05	
1.397182e-01	4.046899e-05	
6.293084e-01	3.712833e-05	
2.499820e-01	4.997202e-05	
9.394314e-01	4.003940e-05	
5.221449e+00	4.063203e-05	
4.791441e+00	4.358105e-05	
4.934129e-01	4.386733e-05	
5.091928e-01	3.682622e-05	
9.346403e-01	3.225790e-05	
4.295241e+00	3.765542e-05	
3.376070e-01	4.234959e-05	
3.217427e-01	4.013520e-05	
5.242307e-01	3.938901e-05	
4.401506e-01	4.155964e-05	
9.610149e-01	3.772577e-05	
8.269872e-01	4.121401e-05	
2.307172e-01	4.759374e-05	
6.629365e-01	4.765927e-05	
5.064439e-01	2.785535e-05	
1.486912e-01	4.140424e-05	
4.332128e+00	4.126430e-05	
7.234617e-01	4.025604e-05	
1.715187e-01	5.659582e-05	
1.136351e+00	7.054325e-05	
3.973564e+00	4.522705e-05	
5.351884e-01	8.818256e-05	
1.054463e-01	9.578519e-05	
3.537874e-01	1.677309e-04	
8.874830e-01	3.397852e-05	
3.449044e-01	6.904109e-05	
3.008056e-01	4.688565e-05	
5.630073e-01	3.826683e-05	
4.388017e+00	1.664437e-05	
1.015809e+00	1.856535e-05	
3.087189e-01	1.969757e-05	
5.555265e-01	1.411719e-05	
5.326514e-01	2.769767e-05	
1.025447e-01	2.929087e-05	
1.307614e+00	2.800698e-05	
3.071563e-01	3.653137e-05	
5.408346e-01	4.306182e-05	
3.772000e+00	3.689369e-05	
6.499230e-01	4.049980e-05	
2.978436e-01	3.503867e-05	
4.346002e+00	3.421388e-05	
2.038132e-01	3.307200e-05	
4.382859e+00	2.341331e-05	
4.003881e-01	2.186000e-05	
1.927464e-01	3.087358e-05	
1.027323e-01	3.179455e-05	
5.166573e-01	2.903648e-05	
1.446980e-01	3.097299e-05	
1.094727e-01	2.143526e-05	
1.059520e+00	3.728231e-05	
4.090479e-01	4.432869e-05	
5.055793e-01	2.786974e-05	
9.246878e-01	3.197012e-05	
4.259789e+00	1.879390e-05	
9.835118e-01	2.894668e-05	
5.425720e-01	2.562060e-05	
4.909909e-01	3.979816e-05	
1.083113e+00	5.842180e-05	
1.822418e-01	6.319459e-05	
4.869092e-01	5.891362e-05	
3.916385e-01	1.010787e-04	
6.361957e-01	7.683181e-05	
6.504630e-02	1.396860e-04	
6.474419e-01	8.443086e-05	
4.826326e-01	1.811632e-05	
4.363759e+00	9.229570e-06	
3.090816e-01	1.052325e-05	
4.192041e+00	3.033816e-05	
1.302102e-01	2.627005e-05	
5.289501e-01	1.792716e-05	
8.452996e-02	9.083038e-06	
4.900764e-01	1.191648e-05	
6.529435e-01	2.405203e-05	
3.856976e-01	3.534101e-05	
4.790547e-01	3.081581e-05	
4.236243e+00	3.149298e-05	
2.983953e-01	2.502864e-05	
6.804889e-01	2.920143e-05	
6.617505e-01	2.564161e-05	
5.149268e-01	2.182203e-05	
8.934364e-02	2.009154e-05	
2.712594e-01	1.886300e-05	
6.085338e-01	2.403481e-05	
3.927301e-02	2.011005e-05	
4.807743e-01	3.038341e-05	
8.600260e-01	1.551128e-05	
3.446207e-01	2.826864e-05	
2.495944e-01	3.457634e-05	
2.643214e-01	2.690652e-05	
5.410141e-01	2.783988e-05	
1.673652e-01	1.870793e-05	
6.035442e-01	9.288690e-06	
4.658078e+00	2.451659e-05	
4.262161e-01	1.288390e-05	
1.037793e+00	1.804446e-05	
5.070877e-01	3.584217e-05	
7.326741e-01	5.566099e-05	
3.851236e-01	4.304374e-05	
7.472960e-01	7.630837e-05	
2.238689e-01	9.062395e-05	
3.202816e-01	1.522071e-04	
3.087515e-01	4.423045e-05	
3.924455e+00	3.150940e-06	
8.693113e-01	2.109839e-06	
5.849370e-01	2.111381e-05	
2.884450e-01	2.100021e-05	
1.979271e-01	1.833564e-05	
2.756831e-01	6.738108e-06	
4.728673e-01	7.876411e-06	
3.649191e-01	5.827792e-06	
6.490585e-01	2.142423e-05	
1.677064e-01	1.853825e-05	
4.383466e+00	1.802772e-05	
6.161319e-01	1.675919e-05	
1.455426e-01	1.385516e-05	
1.651564e-01	1.537093e-05	
3.165758e-01	1.643707e-05	
6.580491e-01	9.214261e-06	
2.882545e-01	9.043545e-06	
4.225391e-01	1.297177e-05	
4.711552e-01	7.190295e-06	
2.276086e-01	1.744674e-05	
2.707892e-01	1.411168e-05	
6.558584e-01	1.659017e-05	
4.282344e-01	1.571269e-05	
3.120656e-01	1.675259e-05	
6.532382e-01	2.067433e-05	
2.735587e-01	1.546001e-05	
6.391698e-01	1.090440e-05	
4.121484e+00	1.294043e-05	
2.907582e-01	1.535587e-05	
5.886527e-01	2.727045e-05	
2.092972e-01	1.436618e-05	
3.989149e-01	1.757145e-05	
1.524594e-01	8.350682e-06	
3.652221e-01	2.496817e-05	
2.093137e-01	4.190001e-05	
3.475881e-01	1.262594e-04	
