2.564103e-02	1.016964e-13	
2.564103e-02	1.524780e-12	
2.564103e-02	4.751755e-13	
1.962567e-02	6.006307e-14	
2.564103e-02	6.966649e-13	
1.684722e-02	1.351652e-11	
2.089094e-02	1.942668e-12	
2.564103e-02	8.193446e-14	
2.235873e-02	1.504352e-12	
2.564103e-02	4.617751e-12	
2.564103e-02	3.104395e-11	
2.564103e-02	3.527179e-12	
2.564103e-02	2.758016e-12	
2.564103e-02	6.248890e-12	
2.564103e-02	4.950262e-12	
2.564103e-02	7.782663e-13	
2.393374e-02	5.820922e-11	
2.323974e-02	2.398193e-12	
2.159976e-02	5.832335e-12	
2.523180e-02	1.484679e-11	
1.930091e-02	1.751488e-12	
2.402232e-02	2.111977e-12	
2.564103e-02	7.941980e-12	
2.564103e-02	2.132516e-12	
2.564103e-02	5.941136e-11	
1.800107e-02	2.035039e-13	
2.564103e-02	1.739942e-12	
2.350559e-02	1.897171e-11	
2.564103e-02	1.462275e-12	
1.990166e-02	8.096412e-12	
2.202466e-02	4.658607e-12	
2.564103e-02	1.322942e-12	
2.318623e-02	3.809175e-12	
2.564103e-02	3.862466e-12	
2.139331e-02	1.061629e-11	
2.564103e-02	4.107825e-14	
2.564103e-02	7.967627e-12	
2.564103e-02	2.775558e-15	
2.054942e-02	1.458833e-13	
2.528404e-02	1.294520e-13	
2.564103e-02	6.724843e-12	
2.564103e-02	5.007054e-13	
2.365170e-02	3.072977e-13	
1.656355e-02	1.895232e-14	
2.407702e-02	2.131620e-14	
1.854741e-02	1.767666e-15	
2.153474e-02	1.646427e-15	
2.465209e-02	1.044022e-15	
2.270666e-02	9.307268e-16	
2.530737e-02	1.013368e-14	
2.460367e-02	9.717456e-16	
2.564103e-02	0	
2.564103e-02	6.312267e-15	
2.516096e-02	1.459977e-15	
2.543804e-02	0	
2.564103e-02	2.105276e-15	
2.564103e-02	3.660636e-15	
2.362709e-02	1.435743e-16	
2.564103e-02	7.086232e-16	
2.564103e-02	2.816292e-16	
2.420166e-02	8.448876e-16	
2.564103e-02	1.133797e-14	
2.342844e-02	5.757331e-14	
1.804233e-02	2.782083e-14	
1.950438e-02	2.406029e-15	
2.554446e-02	1.400160e-15	
1.919935e-02	3.731052e-15	
2.564103e-02	2.047222e-15	
2.339129e-02	5.252513e-15	
2.564103e-02	6.219172e-15	
2.564103e-02	8.444734e-16	
2.085942e-02	5.817042e-16	
2.564103e-02	2.610054e-16	
2.564103e-02	5.987007e-16	
2.076139e-02	3.535332e-16	
1.767070e-02	1.740098e-15	
2.564103e-02	3.704964e-15	
1.520553e-02	1.667830e-15	
1.724101e-02	8.561081e-14	
2.564103e-02	2.488232e-12	
2.564103e-02	3.629319e-13	
2.564103e-02	1.597611e-13	
2.564103e-02	2.682299e-13	
2.564103e-02	4.478418e-12	
2.564103e-02	1.791689e-11	
2.381981e-02	9.248158e-13	
2.564103e-02	8.764767e-12	
2.141372e-02	8.895107e-13	
1.771872e-02	1.660672e-12	
1.952165e-02	1.914247e-12	
2.564103e-02	1.100542e-11	
2.564103e-02	8.315348e-12	
2.564103e-02	2.102540e-12	
2.081988e-02	1.436976e-10	
2.564103e-02	7.940093e-12	
2.564103e-02	6.049716e-12	
2.564103e-02	4.393153e-13	
2.564103e-02	1.105782e-13	
1.990712e-02	2.316103e-11	
2.166254e-02	4.083955e-12	
2.564103e-02	9.627854e-13	
2.419991e-02	3.339107e-12	
1.627512e-02	4.224066e-12	
2.564103e-02	2.272627e-12	
2.564103e-02	1.970968e-11	
2.564103e-02	1.927347e-12	
2.203479e-02	1.131228e-11	
1.896335e-02	2.235390e-11	
2.162978e-02	2.599132e-11	
1.828504e-02	1.108824e-11	
1.958448e-02	5.006440e-12	
2.564103e-02	8.517409e-12	
2.454136e-02	4.758416e-13	
2.184041e-02	3.934175e-11	
2.564103e-02	4.816147e-12	
2.564103e-02	1.339111e-10	
2.564103e-02	1.295519e-11	
1.597947e-02	1.276534e-12	
1.842259e-02	1.887601e-12	
2.026332e-02	1.048273e-12	
1.996848e-02	3.101297e-12	
2.564103e-02	1.560085e-12	
2.564103e-02	3.558265e-13	
2.250744e-02	6.028289e-12	
2.564103e-02	1.623146e-13	
2.029659e-02	1.640243e-12	
2.564103e-02	9.620860e-12	
2.564103e-02	4.115375e-12	
1.973150e-02	3.245004e-11	
2.564103e-02	6.544765e-13	
2.564103e-02	6.958878e-13	
2.564103e-02	1.833778e-11	
2.564103e-02	2.002842e-13	
2.564103e-02	9.790169e-12	
2.245536e-02	4.466760e-11	
1.875788e-02	2.073008e-12	
1.898264e-02	9.487966e-13	
2.564103e-02	1.784661e-11	
1.849546e-02	2.832290e-12	
2.564103e-02	3.797407e-12	
2.187246e-02	1.232261e-10	
2.564103e-02	4.438450e-12	
2.564103e-02	4.807266e-12	
2.564103e-02	1.657563e-12	
2.166524e-02	1.493171e-10	
2.564103e-02	1.624834e-11	
2.520799e-02	1.817524e-11	
2.109416e-02	3.078782e-11	
2.564103e-02	1.413270e-11	
1.980866e-02	1.607898e-10	
1.980969e-02	2.151790e-11	
2.564103e-02	1.985079e-13	
2.543755e-02	2.943423e-11	
1.638508e-02	3.826117e-11	
2.069200e-02	8.478773e-13	
2.564103e-02	1.738609e-12	
1.460166e-02	2.072307e-05	
2.013788e-02	1.455601e-05	
1.962567e-02	3.006423e-05	
1.672741e-02	8.367144e-05	
1.684722e-02	2.475010e-05	
2.089094e-02	9.792498e-05	
2.040497e-02	2.209480e-04	
2.040497e-02	2.881309e-05	
1.397869e-02	1.222920e-04	
1.670162e-02	2.014158e-05	
1.770569e-02	8.031464e-05	
2.113568e-02	7.179088e-05	
2.257850e-02	1.613749e-04	
1.584935e-02	3.022159e-06	
1.574485e-02	1.738091e-04	
2.088122e-02	7.674107e-05	
6.860605e-03	1.676901e-04	
6.860605e-03	1.716318e-04	
1.980155e-02	2.339549e-04	
1.530953e-02	7.812143e-05	
1.530953e-02	3.000053e-05	
1.260140e-02	6.055750e-05	
1.260140e-02	3.548445e-05	
1.939695e-02	7.733174e-05	
1.800107e-02	1.458938e-06	
1.917438e-02	1.145010e-04	
2.184322e-02	8.498652e-06	
2.184322e-02	8.511926e-05	
1.416527e-02	1.154396e-05	
1.416527e-02	4.870228e-05	
1.670834e-02	2.167101e-05	
2.318623e-02	1.413695e-05	
1.698097e-02	6.756884e-05	
2.139331e-02	5.017863e-05	
2.380587e-02	2.733853e-05	
1.682127e-02	2.520855e-05	
2.424919e-02	3.561218e-05	
1.842259e-02	2.004145e-05	
1.460166e-02	2.773813e-06	
2.333344e-02	1.953942e-05	
2.333344e-02	5.307968e-05	
1.672741e-02	2.718638e-05	
1.698929e-02	5.564093e-05	
1.500993e-02	1.601437e-04	
1.500993e-02	2.258336e-04	
1.397869e-02	1.261257e-04	
1.535378e-02	1.297778e-04	
2.044572e-02	2.243915e-05	
1.581796e-02	8.408736e-06	
1.581796e-02	7.706266e-05	
2.257850e-02	1.621632e-04	
1.584935e-02	7.130530e-05	
1.203677e-02	9.511561e-05	
1.203677e-02	6.671001e-05	
2.515599e-02	1.300871e-04	
2.204459e-02	1.790570e-04	
1.462042e-02	1.158865e-04	
2.350605e-02	1.551156e-04	
1.652361e-02	7.432168e-05	
1.652361e-02	5.700115e-05	
2.158597e-02	2.548132e-04	
2.158597e-02	3.602664e-05	
1.059455e-02	1.200885e-04	
1.059455e-02	1.467792e-04	
1.694959e-02	1.245588e-04	
1.434256e-02	2.518874e-05	
1.434256e-02	1.996512e-05	
1.670834e-02	4.046445e-05	
1.563883e-02	3.688417e-05	
1.563883e-02	2.138587e-05	
1.698097e-02	8.662167e-05	
1.883055e-02	7.770972e-05	
1.883055e-02	8.768196e-05	
1.682127e-02	5.110313e-05	
2.317584e-02	4.259400e-05	
2.026332e-02	2.938802e-05	
1.584660e-02	1.329195e-04	
1.584660e-02	9.725220e-05	
9.693996e-03	1.192650e-04	
1.498802e-02	1.178476e-04	
1.480869e-02	6.962496e-05	
1.480869e-02	7.969873e-05	
1.661859e-02	4.118104e-05	
1.437005e-02	7.730567e-05	
1.347480e-02	9.033339e-06	
1.347480e-02	1.084859e-05	
1.041715e-02	1.168025e-04	
1.041715e-02	1.344252e-04	
2.452485e-02	1.045144e-05	
2.021163e-02	4.647993e-05	
2.021163e-02	1.051466e-04	
2.589521e-02	4.661752e-05	
2.028746e-02	2.421129e-05	
2.028746e-02	1.072067e-04	
8.718153e-03	7.954364e-05	
8.718153e-03	8.810287e-05	
2.027420e-02	8.663183e-05	
2.212097e-02	1.128089e-04	
2.300567e-02	6.053870e-05	
1.875779e-02	1.346108e-04	
1.847116e-02	9.633060e-05	
1.247342e-02	9.823492e-05	
1.247342e-02	1.335160e-04	
2.117463e-02	8.834809e-05	
1.764213e-02	1.172005e-05	
1.766966e-02	9.850574e-05	
2.014109e-02	1.711171e-04	
1.924673e-02	9.546330e-05	
1.151451e-02	9.157821e-05	
2.374098e-02	1.717089e-04	
1.453730e-02	1.468860e-04	
1.453730e-02	1.553470e-04	
2.551724e-02	2.719451e-05	
1.996848e-02	2.696279e-06	
1.913865e-02	8.350292e-05	
1.721357e-02	1.338656e-04	
1.383448e-02	1.139099e-04	
9.693996e-03	1.488507e-04	
1.743211e-02	1.240753e-04	
1.237941e-02	6.152367e-05	
1.237941e-02	9.037246e-05	
1.437005e-02	5.456577e-05	
2.258750e-02	6.173652e-05	
2.376495e-02	1.332878e-05	
2.057632e-02	6.069982e-05	
1.628325e-02	6.175890e-05	
1.238170e-02	1.100256e-04	
2.341590e-02	7.437647e-05	
1.607544e-02	2.393119e-05	
2.236083e-02	1.905507e-05	
1.973428e-02	4.700439e-05	
1.749617e-02	7.910885e-05	
1.513011e-02	5.169994e-05	
2.027420e-02	3.641562e-05	
2.129523e-02	1.274651e-04	
2.179210e-02	7.914582e-05	
1.068653e-02	9.688994e-05	
1.068653e-02	1.091728e-04	
9.670068e-03	5.813418e-05	
9.670068e-03	7.306219e-05	
2.346457e-02	1.379444e-04	
1.516752e-02	6.341802e-05	
1.516752e-02	5.280144e-05	
2.172544e-02	2.044380e-05	
1.252100e-02	1.835053e-04	
1.695894e-02	2.306204e-04	
1.151451e-02	2.019645e-04	
1.381362e-02	1.957626e-04	
3.030465e-02	2.093741e-04	
2.618251e-02	1.160792e-04	
1.207028e-02	2.754653e-05	
1.207028e-02	1.019555e-05	
1.609155e-02	7.669552e-05	
2.552426e-02	2.146208e-04	
2.325759e-02	2.280580e-04	
1.700400e-02	1.057156e-04	
1.700400e-02	1.104309e-04	
9.553535e-03	1.196323e-04	
9.225842e-03	1.519910e-04	
9.225842e-03	1.353812e-04	
2.131659e-02	1.082232e-04	
2.131659e-02	1.395073e-04	
1.435720e-02	5.489046e-05	
1.740651e-02	1.490795e-05	
1.238170e-02	8.319301e-05	
1.838575e-02	4.002631e-05	
1.607544e-02	2.491334e-06	
1.301011e-02	2.155848e-06	
1.301011e-02	2.959183e-06	
1.513011e-02	2.980913e-05	
1.621272e-02	4.052306e-05	
1.879057e-02	9.105301e-05	
2.454754e-02	9.171253e-05	
2.179210e-02	1.149255e-04	
2.726394e-02	3.834877e-05	
1.665196e-02	1.375494e-04	
1.823343e-02	1.023882e-04	
1.172323e-02	1.475974e-04	
2.005448e-02	6.602819e-05	
2.346457e-02	1.117031e-04	
1.485781e-02	4.087998e-05	
1.485781e-02	2.433170e-05	
9.522435e-03	1.534024e-04	
9.522435e-03	1.491216e-04	
8.469901e-03	2.430822e-04	
8.469901e-03	2.559019e-04	
1.728511e-02	4.261574e-05	
2.227142e-02	1.816740e-04	
1.264892e-02	1.662691e-04	
1.264892e-02	1.834232e-04	
1.609155e-02	8.379041e-05	
1.864084e-02	1.949819e-04	
1.590016e-02	3.311377e-04	
1.374921e-02	9.203013e-05	
1.506547e-02	9.394440e-05	
9.553535e-03	1.301488e-04	
1.812769e-02	9.403498e-05	
1.291623e-02	1.332002e-04	
1.035248e-02	5.193181e-05	
8.753677e-03	4.398374e-05	
8.753677e-03	1.374654e-05	
1.740651e-02	3.840299e-05	
2.861874e-02	2.813388e-05	
1.838575e-02	4.276366e-05	
1.850158e-02	3.134603e-05	
1.691026e-02	6.630513e-05	
1.691026e-02	1.088945e-04	
1.161607e-02	9.126763e-05	
1.161607e-02	8.510220e-05	
8.183748e-03	1.133018e-04	
8.183748e-03	1.113165e-04	
1.152592e-02	1.180568e-04	
7.838343e-03	1.255766e-04	
1.929752e-02	7.902971e-05	
2.184128e-02	2.131870e-04	
1.172323e-02	1.445979e-04	
1.735784e-02	6.177091e-05	
1.735784e-02	7.269077e-05	
2.263735e-02	1.012261e-04	
1.537594e-02	1.461278e-04	
2.203156e-02	1.854694e-04	
1.830898e-02	1.887628e-04	
2.408670e-02	1.304262e-04	
1.116772e-02	4.008683e-05	
1.116772e-02	2.167172e-05	
1.351077e-02	2.133120e-04	
1.958305e-02	1.430729e-04	
2.250744e-02	5.883494e-05	
1.838025e-02	2.526627e-04	
1.788756e-02	2.732245e-04	
1.590016e-02	3.330841e-04	
1.374921e-02	9.247292e-05	
1.274906e-02	1.023649e-04	
1.274906e-02	1.180082e-04	
1.812769e-02	7.545545e-05	
1.291623e-02	1.260982e-04	
1.035248e-02	5.114237e-05	
1.239661e-02	1.268184e-04	
2.079935e-02	1.705778e-04	
1.546272e-02	1.318761e-04	
1.647573e-02	1.046535e-04	
1.514996e-02	5.429426e-06	
1.704699e-02	1.256652e-04	
1.704699e-02	1.428215e-04	
1.513571e-02	4.923111e-05	
1.513571e-02	1.352339e-05	
2.657894e-02	5.073669e-05	
1.679659e-02	1.213924e-04	
2.287845e-02	4.128797e-05	
1.152592e-02	8.961621e-05	
7.838343e-03	9.807021e-05	
9.457958e-03	9.728047e-05	
9.457958e-03	1.065657e-04	
2.846487e-02	2.238760e-04	
1.343988e-02	1.016140e-04	
1.343988e-02	8.967988e-05	
2.218287e-02	1.557558e-04	
1.537594e-02	1.798750e-04	
2.604721e-02	1.852013e-04	
1.475500e-02	1.831738e-04	
1.908849e-02	1.433756e-04	
1.073501e-02	2.422533e-04	
1.574618e-02	3.701399e-05	
5.786046e-03	1.689245e-04	
5.786046e-03	1.381106e-04	
2.661297e-02	7.789070e-05	
1.950930e-02	1.678284e-04	
1.422846e-02	3.882700e-04	
1.422846e-02	3.733351e-04	
2.224311e-02	2.054263e-04	
1.357695e-02	2.035657e-04	
1.357695e-02	1.877442e-04	
2.773110e-02	1.345861e-04	
2.410586e-02	2.382986e-04	
1.206489e-02	1.833683e-04	
1.239661e-02	1.720494e-04	
1.754832e-02	1.202774e-04	
1.546272e-02	1.193725e-04	
1.172533e-02	1.711230e-05	
1.172533e-02	1.219708e-06	
1.514996e-02	9.993319e-06	
1.798393e-02	6.701994e-05	
1.535210e-02	7.572904e-05	
1.535210e-02	1.535977e-04	
2.457373e-02	1.300194e-04	
2.097227e-02	1.383176e-04	
1.976316e-02	9.175404e-05	
1.976316e-02	6.868827e-05	
2.308281e-02	1.091879e-04	
1.802716e-02	8.043872e-05	
1.471816e-02	9.768913e-05	
2.120958e-02	1.463935e-04	
1.800044e-02	1.468186e-04	
1.800044e-02	1.513768e-04	
2.234470e-02	1.568075e-04	
2.464059e-02	1.498427e-04	
1.645640e-02	1.438971e-04	
1.645640e-02	1.474411e-04	
1.475500e-02	1.336591e-04	
1.073501e-02	2.553831e-04	
1.608854e-02	1.588836e-04	
1.415936e-02	2.198448e-04	
1.415936e-02	1.854463e-04	
2.029659e-02	8.801461e-05	
1.124395e-02	2.362890e-04	
1.512230e-02	1.719945e-04	
1.900475e-02	3.146437e-04	
2.149201e-02	2.040242e-04	
1.797898e-02	2.218827e-04	
2.235527e-02	3.179321e-04	
1.816440e-02	2.760218e-04	
1.847918e-02	1.714070e-04	
1.206489e-02	1.946952e-04	
2.004631e-02	1.103290e-04	
1.907526e-02	8.648231e-05	
2.656914e-02	1.464441e-04	
1.709179e-02	9.820794e-05	
1.709179e-02	9.005722e-05	
2.523616e-02	1.613229e-04	
2.408626e-02	1.571819e-04	
2.022217e-02	1.873803e-04	
1.545712e-02	9.987235e-05	
1.545712e-02	1.147382e-04	
2.478072e-02	1.232980e-04	
1.953715e-02	1.362844e-04	
1.610887e-02	7.551905e-05	
2.012981e-02	7.448430e-05	
1.802716e-02	9.291097e-05	
1.471816e-02	7.921441e-05	
1.343820e-02	1.380485e-04	
1.343820e-02	1.831195e-04	
1.972955e-02	1.824452e-04	
2.234470e-02	1.707078e-04	
1.812565e-02	1.496368e-04	
1.812565e-02	1.884872e-04	
1.859731e-02	2.364576e-04	
1.946176e-02	1.249866e-04	
2.083830e-02	2.167833e-04	
1.608854e-02	1.380215e-04	
1.433904e-02	1.566569e-04	
1.785640e-02	1.029832e-04	
2.330739e-02	2.137019e-04	
1.124395e-02	2.352344e-04	
1.512230e-02	2.479124e-04	
1.900475e-02	2.596673e-04	
1.797898e-02	2.475102e-04	
2.415211e-02	2.678036e-04	
6.746574e-03	2.519059e-04	
1.816440e-02	2.997038e-04	
1.129873e-02	1.594403e-04	
1.847918e-02	1.662150e-04	
1.636227e-02	1.968667e-04	
1.931532e-02	2.008295e-04	
1.930073e-02	1.686132e-04	
1.838932e-02	1.399519e-04	
2.168313e-02	1.697327e-04	
8.169800e-03	1.253140e-04	
1.085486e-02	1.076437e-04	
2.362673e-02	1.467384e-04	
2.223734e-02	9.745969e-05	
2.012041e-02	1.078504e-04	
2.047734e-02	1.141710e-04	
1.953715e-02	1.169121e-04	
2.372708e-02	7.084585e-05	
1.610887e-02	1.077910e-04	
2.352935e-02	1.224090e-04	
2.807952e-02	1.694862e-04	
2.049330e-02	1.428106e-04	
2.168390e-02	1.928601e-04	
2.331715e-02	1.255846e-04	
2.464826e-02	1.548458e-04	
2.464826e-02	1.581265e-04	
2.296777e-02	1.809287e-04	
1.826648e-02	1.634492e-04	
1.826648e-02	1.539841e-04	
2.418209e-02	2.389960e-04	
2.424136e-02	1.596551e-04	
1.312545e-02	2.446660e-04	
1.312545e-02	2.499966e-04	
1.703433e-02	2.491729e-04	
2.327590e-02	2.149579e-04	
1.233476e-02	2.551350e-04	
1.729183e-02	2.717770e-04	
1.729183e-02	2.113761e-04	
1.949682e-02	2.663287e-04	
6.746574e-03	2.695911e-04	
1.686966e-02	2.132368e-04	
1.129873e-02	1.897284e-04	
1.781692e-02	1.829277e-04	
1.636227e-02	1.608185e-04	
1.762800e-02	1.433762e-04	
1.930073e-02	1.555502e-04	
1.838932e-02	1.223991e-04	
2.746063e-02	8.664781e-05	
8.169800e-03	1.219417e-04	
1.516194e-02	8.404840e-05	
1.604562e-02	7.554791e-05	
2.223734e-02	9.494922e-05	
2.235165e-02	8.407614e-05	
1.264359e-02	1.301814e-04	
1.918042e-02	1.323241e-04	
1.506863e-02	1.050106e-04	
1.318550e-02	1.126994e-04	
1.927199e-02	1.463631e-04	
1.350809e-02	1.995906e-04	
1.350809e-02	1.941701e-04	
2.590539e-02	2.435643e-04	
2.404240e-02	1.482369e-04	
1.839160e-02	1.587218e-04	
2.319177e-02	2.300156e-04	
2.091294e-02	1.997996e-04	
2.091294e-02	1.950476e-04	
2.210233e-02	1.584880e-04	
2.097489e-02	1.657312e-04	
1.266748e-02	2.495913e-04	
1.266748e-02	2.713037e-04	
1.984910e-02	2.016469e-04	
1.703433e-02	1.438502e-04	
1.931996e-02	3.571692e-04	
1.233476e-02	3.404614e-04	
1.683083e-02	3.173321e-04	
1.683083e-02	2.383390e-04	
1.766926e-02	2.926546e-04	
1.766926e-02	2.945881e-04	
2.495793e-02	2.395058e-04	
1.686966e-02	1.994508e-04	
1.781692e-02	1.885467e-04	
2.359826e-02	6.328269e-05	
2.359826e-02	1.413221e-04	
1.910005e-02	1.776942e-04	
2.244904e-02	1.718703e-04	
1.100499e-02	2.105806e-04	
1.538480e-02	1.740362e-04	
1.830748e-02	1.779044e-04	
1.830748e-02	1.771759e-04	
6.719783e-03	1.058761e-04	
6.719783e-03	8.719099e-05	
1.264359e-02	1.390916e-04	
1.413184e-02	8.436040e-05	
1.042092e-02	1.140669e-04	
1.318550e-02	1.014743e-04	
1.105932e-02	1.366708e-04	
1.105932e-02	1.507871e-04	
2.296713e-02	1.852478e-04	
1.292240e-02	1.346504e-04	
1.292240e-02	1.576069e-04	
1.839160e-02	1.754419e-04	
2.319177e-02	1.724011e-04	
2.334577e-02	1.793933e-04	
2.149392e-02	2.111525e-04	
1.375201e-02	2.051374e-04	
1.003738e-02	2.200822e-04	
2.208198e-02	2.744670e-04	
2.338715e-02	2.582222e-04	
1.984910e-02	2.277765e-04	
1.673810e-02	2.624930e-04	
1.867848e-02	3.883854e-04	
1.545745e-02	5.504084e-04	
1.140669e-02	2.061766e-04	
1.520415e-02	2.365013e-04	
2.297470e-02	2.546290e-04	
2.432821e-02	3.029526e-04	
1.650663e-02	2.032142e-04	
1.650663e-02	2.081504e-04	
2.127248e-02	2.915098e-04	
1.031155e-02	2.194148e-04	
1.218041e-02	2.262459e-04	
1.672570e-02	1.189127e-04	
1.910005e-02	1.939527e-04	
1.100499e-02	2.372651e-04	
1.538480e-02	1.556422e-04	
1.809134e-02	1.362494e-04	
1.735246e-02	1.467697e-04	
9.339198e-03	1.512863e-04	
9.339198e-03	1.470245e-04	
2.209885e-02	9.224513e-05	
2.209885e-02	8.388180e-05	
1.042092e-02	1.143139e-04	
1.434635e-02	1.247854e-04	
1.434635e-02	1.559607e-04	
1.770417e-02	1.768063e-04	
1.770417e-02	1.566526e-04	
1.784356e-02	1.467580e-04	
2.152330e-02	1.240187e-04	
2.152330e-02	1.397664e-04	
1.359022e-02	1.557928e-04	
1.359022e-02	1.807190e-04	
1.936680e-02	1.617147e-04	
1.955253e-02	2.315833e-04	
1.003738e-02	2.305460e-04	
2.208198e-02	3.433331e-04	
1.915955e-02	2.020949e-04	
1.915955e-02	2.624725e-04	
1.673810e-02	1.909665e-04	
1.660921e-02	1.763519e-04	
1.545745e-02	4.629362e-04	
1.140669e-02	1.824363e-04	
1.520415e-02	2.725000e-04	
1.212078e-02	2.850629e-04	
1.762401e-02	2.376358e-04	
2.389283e-02	2.592694e-04	
1.561298e-02	2.600620e-04	
1.976571e-02	2.391452e-04	
1.031155e-02	2.167636e-04	
1.749759e-02	1.389436e-04	
1.672570e-02	1.484189e-04	
9.380405e-03	1.415512e-04	
2.048399e-02	1.757429e-04	
1.809134e-02	1.408199e-04	
2.364766e-02	1.168234e-04	
1.735246e-02	1.163346e-04	
2.036811e-02	9.423848e-05	
1.192526e-02	1.011599e-04	
1.192526e-02	8.858820e-05	
1.701300e-02	1.069208e-04	
1.701300e-02	1.075972e-04	
2.026989e-02	1.581325e-04	
1.055924e-02	1.590266e-04	
1.055924e-02	1.626429e-04	
2.868445e-02	1.082863e-04	
1.784356e-02	1.740033e-04	
1.510684e-02	1.534397e-04	
1.164231e-02	1.404106e-04	
2.956559e-02	2.274745e-04	
6.655660e-03	2.538734e-04	
1.593572e-02	1.862582e-04	
1.582524e-02	2.063518e-04	
1.582524e-02	2.194660e-04	
7.247132e-03	2.620631e-04	
7.247132e-03	3.092094e-04	
1.920722e-02	2.922138e-04	
1.899381e-02	2.197640e-04	
1.607244e-02	3.298121e-04	
1.607244e-02	5.176741e-04	
1.084708e-02	2.196392e-04	
1.084708e-02	2.477726e-04	
1.212078e-02	3.340467e-04	
2.201544e-02	2.201393e-04	
1.966395e-02	2.760073e-04	
1.444138e-02	2.151612e-04	
1.444138e-02	2.182236e-04	
2.558816e-02	2.055753e-04	
1.735775e-02	1.416497e-04	
1.735775e-02	1.291072e-04	
9.380405e-03	1.501562e-04	
2.352823e-02	1.166723e-04	
1.157651e-02	1.560075e-04	
1.650415e-02	1.650204e-04	
2.585632e-02	1.144635e-04	
1.927275e-02	1.217728e-04	
1.327366e-02	1.041164e-04	
1.714638e-02	7.819633e-05	
1.714638e-02	9.033310e-05	
1.727052e-02	1.121784e-04	
2.026989e-02	1.456455e-04	
1.650216e-02	1.648540e-04	
1.617638e-02	1.204963e-04	
1.621160e-02	1.526182e-04	
2.493206e-02	1.717920e-04	
1.532254e-02	1.517068e-04	
1.164231e-02	1.592082e-04	
1.494410e-02	1.902383e-04	
6.655660e-03	2.701143e-04	
2.533957e-02	1.319088e-04	
1.326183e-02	2.546815e-04	
1.326183e-02	2.510508e-04	
1.821168e-02	2.840409e-04	
6.253585e-03	3.084074e-04	
6.253585e-03	3.290588e-04	
1.899381e-02	4.833956e-04	
1.440116e-02	3.376896e-04	
1.440116e-02	3.568666e-04	
1.306779e-02	2.297727e-04	
2.308256e-02	2.045186e-04	
2.308256e-02	2.195416e-04	
2.260967e-02	1.823996e-04	
8.669845e-03	2.819090e-04	
1.788045e-02	2.774541e-04	
1.788045e-02	2.717136e-04	
2.515613e-02	2.201379e-04	
1.965622e-02	1.979401e-04	
1.182498e-02	2.107558e-04	
1.182498e-02	1.811202e-04	
2.101712e-02	9.538096e-05	
1.157651e-02	1.526687e-04	
1.453689e-02	9.261862e-05	
1.439656e-02	7.392350e-05	
1.909193e-02	5.484481e-05	
1.327366e-02	1.074918e-04	
1.563639e-02	7.687304e-05	
1.504434e-02	1.158604e-04	
1.504434e-02	1.298844e-04	
1.593894e-02	1.086784e-04	
1.513318e-02	1.025184e-04	
1.935485e-02	1.522519e-04	
1.617638e-02	9.964134e-05	
1.621160e-02	1.463273e-04	
2.620525e-02	1.396451e-04	
1.588668e-02	9.941003e-05	
1.494410e-02	2.356666e-04	
1.094104e-02	2.127333e-04	
1.094104e-02	2.111751e-04	
1.013085e-02	1.323205e-04	
2.397645e-02	2.098770e-04	
1.733207e-02	2.745268e-04	
1.821168e-02	3.089423e-04	
1.399016e-02	3.257032e-04	
1.399016e-02	2.977620e-04	
1.907314e-02	3.873962e-04	
1.516473e-02	3.413776e-04	
1.642111e-02	2.064310e-04	
2.378544e-02	1.402066e-04	
2.554499e-02	2.231365e-04	
1.095199e-02	2.895864e-04	
8.669845e-03	2.905159e-04	
2.288973e-02	2.007526e-04	
1.596571e-02	2.965276e-04	
1.596571e-02	2.453700e-04	
2.036927e-02	1.767987e-04	
1.965622e-02	1.910362e-04	
1.297420e-02	1.740913e-04	
2.089514e-02	7.586947e-05	
2.089514e-02	1.251759e-04	
1.982034e-02	8.800629e-05	
1.439656e-02	8.468401e-05	
1.268336e-02	5.115685e-05	
1.698970e-02	4.639111e-05	
1.563639e-02	9.982658e-05	
1.625566e-02	1.018682e-04	
1.656513e-02	4.041522e-05	
1.656513e-02	2.798444e-05	
1.513318e-02	1.277917e-04	
2.133835e-02	1.269158e-04	
2.338849e-02	1.289907e-04	
2.431723e-02	1.050113e-04	
2.208915e-02	6.285435e-05	
1.588668e-02	9.653450e-05	
2.975952e-02	1.711790e-04	
1.783261e-02	2.324518e-04	
1.427310e-02	1.168015e-04	
1.013085e-02	1.061670e-04	
1.389672e-02	2.662707e-04	
1.389672e-02	3.248018e-04	
2.548617e-02	1.683963e-04	
1.909172e-02	3.738552e-04	
1.799599e-02	2.251665e-04	
1.064483e-02	3.968012e-04	
1.064483e-02	3.778584e-04	
1.642111e-02	2.104377e-04	
1.003936e-02	3.235736e-04	
1.512988e-02	1.715314e-04	
1.096485e-02	2.093140e-04	
2.683193e-02	2.847077e-04	
1.408704e-02	2.451360e-04	
1.022918e-02	2.327499e-04	
2.222007e-02	2.213154e-04	
1.608029e-02	1.699448e-04	
1.608029e-02	1.713549e-04	
2.175483e-02	1.594725e-04	
2.090593e-02	1.234393e-04	
2.461411e-02	1.234847e-04	
8.123129e-03	5.608323e-05	
8.123129e-03	5.633425e-05	
1.703056e-02	7.596253e-05	
1.268336e-02	7.071761e-05	
1.547592e-02	1.332106e-04	
1.547592e-02	1.252857e-04	
1.959013e-02	9.900191e-05	
7.030344e-03	1.193871e-04	
2.612993e-02	1.415364e-04	
1.061500e-02	1.202568e-04	
1.915962e-02	9.656421e-05	
2.101382e-02	1.262641e-04	
9.963977e-03	1.454736e-04	
9.963977e-03	1.424937e-04	
2.979486e-02	2.171148e-04	
1.410740e-02	2.376386e-04	
1.924696e-02	2.397917e-04	
1.225264e-02	1.948909e-04	
1.225264e-02	2.715752e-04	
2.428964e-02	3.229910e-04	
1.797086e-02	3.220512e-04	
1.797086e-02	2.768200e-04	
1.799599e-02	3.535928e-04	
1.909629e-02	8.322998e-05	
2.195543e-02	3.616438e-04	
2.312413e-02	2.888474e-04	
1.003936e-02	2.927630e-04	
1.989853e-02	1.797140e-04	
1.096485e-02	2.225614e-04	
5.083202e-03	1.436933e-04	
5.083202e-03	1.296381e-04	
1.022918e-02	2.035874e-04	
2.057866e-02	9.917301e-05	
2.057866e-02	1.311476e-04	
1.879809e-02	1.686766e-04	
1.554727e-02	1.577489e-04	
2.090593e-02	1.657003e-04	
2.207016e-02	1.424926e-04	
1.812368e-02	1.081619e-04	
1.525930e-02	1.398576e-04	
2.237179e-02	1.546978e-04	
8.756500e-03	1.233824e-04	
2.043965e-02	1.190103e-04	
1.959013e-02	1.305047e-04	
1.617338e-02	7.894017e-05	
7.030344e-03	1.177388e-04	
9.393011e-03	1.216776e-05	
1.061500e-02	1.119029e-04	
1.915962e-02	9.585350e-05	
1.473236e-02	1.087642e-04	
1.473236e-02	1.210876e-04	
1.192674e-02	1.509544e-04	
2.297122e-02	1.131974e-04	
1.410740e-02	1.876365e-04	
1.499116e-02	1.526273e-04	
2.147933e-02	1.616157e-04	
1.782628e-02	2.204200e-04	
1.556406e-02	4.028555e-04	
1.504255e-02	3.485542e-04	
1.884266e-02	4.528197e-04	
1.898264e-02	3.787051e-04	
1.909629e-02	2.210963e-04	
1.688941e-02	3.443638e-04	
1.171719e-02	2.167522e-04	
1.171719e-02	1.418162e-04	
2.140361e-02	1.556089e-04	
2.333376e-02	1.731809e-04	
2.685433e-02	1.926118e-04	
2.635642e-02	1.295104e-04	
1.714669e-02	2.472440e-04	
2.395628e-02	1.157812e-04	
1.975983e-02	1.592618e-04	
1.144179e-02	1.694803e-04	
1.144179e-02	1.556387e-04	
2.424559e-02	1.046233e-04	
2.411053e-02	9.631014e-05	
1.648131e-02	1.155641e-04	
1.525930e-02	1.171179e-04	
2.103602e-02	1.179210e-04	
8.756500e-03	1.271362e-04	
1.273519e-02	7.771238e-05	
1.273519e-02	1.092635e-04	
1.574095e-02	8.768627e-05	
2.378194e-02	6.156052e-05	
9.393011e-03	8.238679e-06	
2.184521e-02	6.918024e-05	
1.693156e-02	9.720985e-05	
1.391252e-02	1.190165e-04	
2.244957e-02	1.800004e-04	
1.869286e-02	7.091356e-05	
1.589333e-02	1.197951e-04	
2.025811e-02	1.467029e-04	
1.499116e-02	1.983302e-04	
2.119943e-02	9.504447e-05	
1.782628e-02	2.225739e-04	
1.808008e-02	1.752344e-04	
1.504255e-02	2.830604e-04	
1.884266e-02	4.641642e-04	
2.260388e-02	3.165586e-04	
1.377617e-02	3.317086e-04	
1.377617e-02	3.510599e-04	
1.841807e-02	1.652453e-04	
2.425435e-02	2.898295e-04	
1.498212e-02	2.165887e-04	
2.333376e-02	2.142915e-04	
1.989652e-02	1.098961e-04	
1.266496e-02	1.014353e-04	
1.714669e-02	1.940981e-04	
9.034917e-03	9.494786e-05	
9.034917e-03	9.162809e-05	
1.975983e-02	1.132558e-04	
1.093786e-02	9.340286e-05	
1.636071e-02	9.915160e-05	
8.456785e-03	4.375277e-05	
8.456785e-03	5.024263e-05	
2.485002e-02	1.075741e-04	
2.818937e-02	8.643053e-05	
2.559534e-02	4.542930e-05	
1.865791e-02	8.178356e-05	
1.865791e-02	9.175437e-05	
1.574095e-02	9.538585e-05	
1.276302e-02	7.910811e-05	
2.516116e-02	5.406949e-05	
2.765072e-02	2.276331e-05	
8.359507e-03	1.016879e-04	
8.359507e-03	1.173537e-04	
7.900618e-03	8.438394e-05	
7.900618e-03	9.973365e-05	
1.589333e-02	1.454497e-04	
1.611042e-02	1.331973e-04	
2.131015e-02	2.088776e-04	
2.278085e-02	1.994275e-04	
2.254252e-02	1.634650e-04	
1.808008e-02	2.457981e-04	
2.342286e-02	1.437266e-04	
2.342286e-02	1.389800e-04	
1.849546e-02	6.303760e-05	
2.277531e-02	2.255860e-04	
2.493043e-02	1.586586e-04	
2.065385e-02	2.665835e-04	
2.253443e-02	1.877526e-04	
1.498212e-02	2.017426e-04	
2.487444e-02	2.174255e-04	
2.031080e-02	1.075504e-04	
1.169790e-02	7.696712e-05	
1.169790e-02	6.147498e-05	
1.817671e-02	7.060162e-05	
1.962695e-02	6.317209e-05	
1.962695e-02	6.548186e-05	
1.941857e-02	6.880004e-05	
1.093786e-02	7.812469e-05	
1.155496e-02	6.478906e-05	
1.155496e-02	5.484494e-05	
2.162345e-02	1.344080e-04	
2.162345e-02	1.374268e-04	
1.907834e-02	8.865798e-05	
1.963041e-02	9.133553e-05	
2.408330e-02	1.204755e-04	
1.186099e-02	1.132256e-04	
1.276302e-02	1.038365e-04	
1.364845e-02	9.121366e-05	
1.364845e-02	8.451207e-05	
1.579209e-02	1.303648e-04	
2.503658e-02	1.281740e-04	
2.114765e-02	1.118848e-04	
1.465541e-02	9.095905e-05	
1.465541e-02	8.947399e-05	
2.131015e-02	1.335725e-04	
2.264585e-02	1.574990e-04	
2.224911e-02	1.328141e-04	
2.254252e-02	1.763670e-04	
2.384473e-02	1.216381e-04	
8.307361e-03	2.704913e-04	
2.313341e-02	2.182309e-04	
1.046555e-02	4.867465e-04	
1.627512e-02	1.865797e-04	
1.697603e-02	3.545298e-04	
1.697603e-02	2.124435e-04	
1.732053e-02	2.147442e-04	
1.732053e-02	2.355397e-04	
2.390317e-02	1.865852e-04	
2.031080e-02	1.772279e-04	
1.706556e-02	1.184543e-04	
1.838575e-02	1.345577e-04	
2.219298e-02	1.133548e-04	
1.395985e-02	9.824235e-05	
1.620140e-02	8.023626e-05	
1.289868e-02	1.006638e-04	
1.289868e-02	9.271742e-05	
1.554919e-02	8.026399e-05	
1.723761e-02	6.673869e-05	
1.723761e-02	7.850762e-05	
2.449824e-02	7.218107e-05	
1.296572e-02	8.095053e-05	
1.296572e-02	7.244148e-05	
1.963041e-02	6.207379e-05	
1.186099e-02	1.203199e-04	
1.864051e-02	6.447840e-05	
1.592739e-02	9.859057e-05	
1.592739e-02	8.581953e-05	
1.579209e-02	1.143416e-04	
1.962052e-02	7.260145e-05	
2.353381e-02	1.302914e-04	
1.879989e-02	9.274943e-05	
1.182774e-02	9.663397e-05	
1.182774e-02	1.096660e-04	
1.746529e-02	1.300587e-04	
1.746529e-02	1.251215e-04	
2.251387e-02	1.319167e-04	
1.016602e-02	2.487657e-04	
8.307361e-03	3.088255e-04	
1.516140e-02	3.243304e-04	
1.046555e-02	4.007840e-04	
2.149474e-02	4.574375e-04	
1.699272e-02	4.094272e-04	
1.433987e-02	2.008877e-04	
1.433987e-02	1.865901e-04	
1.784095e-02	2.718660e-04	
1.730388e-02	1.121159e-04	
2.304767e-02	2.041068e-04	
1.045010e-02	1.253447e-04	
1.045010e-02	1.288709e-04	
2.371793e-02	7.958241e-05	
1.395985e-02	8.105756e-05	
1.620140e-02	8.589672e-05	
2.120808e-02	6.826881e-05	
2.021913e-02	8.470514e-05	
6.479009e-03	2.626306e-05	
1.817087e-02	5.778778e-05	
1.483045e-02	7.671405e-07	
1.483045e-02	1.044917e-05	
2.312046e-02	7.509317e-05	
2.113222e-02	6.454004e-05	
2.022961e-02	5.864780e-05	
2.422364e-02	9.850847e-05	
2.415291e-02	8.829727e-05	
1.823249e-02	7.960666e-05	
1.252726e-02	1.103144e-04	
2.257501e-02	1.050781e-04	
2.478585e-02	9.758957e-05	
2.179171e-02	1.104763e-04	
2.179171e-02	1.050566e-04	
2.165242e-02	1.406114e-04	
1.433768e-02	7.035733e-05	
1.107012e-02	1.531267e-04	
1.107012e-02	1.616851e-04	
1.749036e-02	1.529448e-04	
1.016602e-02	2.544192e-04	
2.116247e-02	2.432027e-04	
2.211479e-02	4.591252e-04	
2.392694e-02	5.168108e-04	
1.032598e-02	5.273486e-04	
1.032598e-02	4.597269e-04	
2.001924e-02	2.899777e-04	
1.783353e-02	2.323657e-04	
1.784095e-02	2.234647e-04	
1.596806e-02	9.050545e-05	
1.596806e-02	1.384246e-04	
1.379041e-02	6.209042e-05	
1.948231e-02	1.117131e-04	
1.579500e-02	3.644810e-05	
1.579500e-02	4.911809e-05	
1.569394e-02	6.652397e-05	
2.120808e-02	5.306820e-05	
2.021913e-02	5.039587e-05	
6.479009e-03	1.961663e-05	
2.596501e-02	8.294568e-06	
2.710114e-02	2.682154e-05	
1.943381e-02	8.531348e-05	
2.005622e-02	1.025342e-04	
1.589837e-02	9.120532e-05	
1.762080e-02	8.785784e-05	
2.132737e-02	8.315593e-05	
6.406909e-03	9.166824e-05	
2.611676e-02	9.425043e-05	
1.252726e-02	1.074357e-04	
1.094298e-02	1.057026e-04	
1.094298e-02	1.072933e-04	
1.664043e-02	1.210005e-04	
1.615377e-02	1.374747e-04	
1.682239e-02	1.157432e-04	
1.433768e-02	6.225142e-05	
1.740290e-02	1.418575e-04	
2.227750e-02	1.126662e-04	
1.749036e-02	1.284094e-04	
2.603503e-02	2.033685e-04	
2.418780e-02	2.497299e-04	
8.643964e-03	5.045484e-04	
8.643964e-03	5.057539e-04	
2.538056e-02	9.398106e-05	
2.730784e-02	5.008322e-04	
2.418129e-02	3.158604e-04	
1.802606e-02	2.732275e-04	
1.790670e-02	2.001832e-04	
1.622990e-02	1.280157e-04	
1.622990e-02	1.200416e-04	
1.379041e-02	5.301598e-05	
1.948231e-02	7.153570e-05	
2.110424e-02	2.392412e-06	
1.569394e-02	8.424604e-05	
1.520785e-02	4.097686e-05	
1.634416e-02	4.333833e-05	
2.384529e-02	4.426277e-05	
2.043917e-02	5.727075e-05	
1.852445e-02	5.726318e-05	
1.371022e-02	5.013582e-05	
1.371022e-02	5.557294e-05	
2.269538e-02	5.642706e-05	
1.589837e-02	6.815918e-05	
1.912743e-02	6.252890e-05	
2.132737e-02	7.763001e-05	
6.406909e-03	8.841922e-05	
1.768840e-02	5.203040e-05	
2.057428e-02	7.019419e-05	
1.828950e-02	9.851657e-05	
1.872767e-02	7.382459e-05	
1.012032e-02	8.196213e-05	
1.012032e-02	7.193679e-05	
1.682239e-02	1.069817e-04	
1.888413e-02	4.797296e-05	
2.004537e-02	9.941818e-05	
2.004537e-02	1.029467e-04	
2.349256e-02	9.427234e-05	
1.377063e-02	9.740652e-05	
1.377063e-02	1.272106e-04	
1.367517e-02	5.673469e-04	
1.764808e-02	4.627486e-04	
2.203479e-02	5.043464e-04	
1.600079e-02	2.437143e-04	
2.365070e-02	8.913213e-05	
2.411787e-02	2.135016e-04	
1.790670e-02	1.579328e-04	
2.028796e-02	9.009941e-05	
2.154331e-02	7.459779e-05	
2.154331e-02	6.705023e-05	
1.487803e-02	9.639597e-05	
1.303718e-02	2.378411e-05	
1.303718e-02	3.217780e-05	
1.520785e-02	7.251884e-05	
2.666246e-02	3.907451e-05	
2.027905e-02	6.581241e-05	
1.759554e-02	2.983883e-05	
1.759554e-02	4.776876e-05	
2.557281e-02	6.565204e-05	
1.482491e-02	1.122474e-04	
1.791766e-02	8.702368e-05	
1.367324e-02	1.164581e-04	
1.367324e-02	1.048261e-04	
1.881822e-02	5.296004e-05	
2.725263e-02	9.006698e-05	
1.844614e-02	5.625715e-05	
1.768840e-02	8.216187e-05	
2.341722e-02	7.137132e-05	
1.872767e-02	1.133528e-04	
2.225383e-02	1.525865e-04	
8.397957e-03	8.948108e-05	
2.015471e-02	9.404521e-05	
1.888413e-02	8.059433e-05	
2.046978e-02	1.284716e-04	
2.016079e-02	4.002792e-05	
2.330931e-02	5.862633e-06	
1.698344e-02	6.082345e-05	
1.815666e-02	5.935641e-05	
1.367517e-02	5.770528e-04	
2.166524e-02	5.860842e-05	
1.262334e-02	6.776595e-04	
1.600079e-02	1.447118e-04	
1.357842e-02	8.358696e-05	
2.778239e-02	8.390874e-05	
1.521163e-02	9.856098e-05	
2.028796e-02	1.028021e-04	
2.546039e-02	1.577619e-04	
2.194406e-02	1.638675e-04	
1.487803e-02	1.318677e-04	
1.388210e-02	4.642672e-06	
1.835362e-02	7.499397e-05	
2.780619e-02	5.106803e-05	
1.111298e-02	6.351454e-05	
1.111298e-02	7.155996e-05	
1.777970e-02	5.349526e-05	
2.019765e-02	5.831681e-05	
1.661555e-02	6.208767e-05	
1.482491e-02	1.083238e-04	
1.791766e-02	7.059798e-05	
2.511377e-02	7.800480e-05	
7.578217e-03	6.494802e-05	
7.578217e-03	5.987650e-05	
1.470580e-02	6.819129e-05	
2.307694e-02	9.067667e-05	
1.515181e-02	8.865246e-05	
1.515181e-02	1.120427e-04	
9.031205e-03	6.977588e-05	
7.587473e-03	6.841041e-05	
8.397957e-03	1.053663e-04	
1.036446e-02	7.029272e-05	
2.015471e-02	6.279130e-05	
1.325978e-02	7.970246e-05	
1.325978e-02	6.083862e-05	
1.263850e-02	7.324930e-05	
1.633837e-02	1.347518e-04	
2.017091e-02	2.228923e-04	
1.323588e-02	3.250060e-04	
1.323588e-02	3.395583e-04	
1.262334e-02	6.261756e-04	
2.094654e-02	1.135437e-04	
1.357842e-02	7.905180e-05	
1.940512e-02	1.588897e-04	
1.521163e-02	1.301091e-04	
2.219065e-02	1.739458e-04	
1.638735e-02	1.384191e-04	
1.439131e-02	8.438499e-05	
2.010434e-02	1.132555e-04	
5.897049e-03	4.487918e-06	
5.897049e-03	2.295683e-05	
1.286667e-02	2.820928e-05	
1.668944e-02	2.868267e-05	
2.387279e-02	1.701801e-05	
1.777970e-02	3.046528e-05	
1.384283e-02	4.323681e-05	
1.661555e-02	4.462318e-05	
2.041089e-02	9.309038e-05	
2.041089e-02	6.742038e-05	
1.938909e-02	4.849287e-05	
2.185757e-02	9.458827e-05	
2.102404e-02	4.325596e-05	
1.470580e-02	7.463627e-05	
1.175095e-02	5.941147e-05	
1.175095e-02	6.247578e-05	
8.300313e-03	4.290676e-05	
2.004434e-02	4.785775e-05	
7.587473e-03	6.437960e-05	
1.401007e-02	7.264768e-05	
1.036446e-02	7.681484e-05	
1.821628e-02	6.034681e-06	
1.839462e-02	9.921098e-05	
1.263850e-02	2.426526e-05	
2.102158e-02	1.260788e-05	
1.633837e-02	1.151091e-04	
2.609894e-02	1.940485e-04	
1.504031e-02	5.000139e-04	
1.504031e-02	3.447331e-04	
1.295941e-02	2.932471e-04	
2.950796e-02	2.147417e-04	
2.200915e-02	3.351176e-04	
1.940512e-02	2.593451e-04	
1.606088e-02	1.671034e-04	
1.606088e-02	1.122998e-04	
1.799352e-02	3.823581e-05	
1.439131e-02	8.412905e-05	
2.243320e-02	2.005897e-05	
1.286316e-02	6.957729e-05	
1.286316e-02	7.259229e-05	
1.286667e-02	3.690114e-05	
2.460825e-02	8.061346e-05	
1.389154e-02	4.205839e-05	
1.346430e-02	4.623601e-05	
1.346430e-02	3.908491e-05	
1.904710e-02	5.363643e-05	
2.278636e-02	4.469091e-05	
2.158024e-02	4.569359e-05	
1.078047e-02	4.984579e-05	
1.078047e-02	5.061547e-05	
1.808636e-02	4.944729e-05	
1.808636e-02	6.462917e-05	
2.660767e-02	4.901931e-05	
2.347852e-02	6.730526e-05	
8.300313e-03	6.270908e-05	
2.114694e-02	6.068158e-05	
2.656333e-02	6.996277e-05	
2.154317e-02	4.720167e-05	
1.821628e-02	7.601495e-06	
2.610056e-02	3.013478e-06	
1.359990e-02	7.612137e-05	
1.359990e-02	5.432552e-05	
2.196071e-02	1.314471e-04	
1.916110e-02	1.012988e-04	
8.474553e-03	1.684019e-04	
1.570669e-02	3.687549e-04	
1.737197e-02	3.902501e-04	
1.295941e-02	2.865497e-04	
1.634888e-02	3.885779e-04	
1.634888e-02	2.433721e-04	
2.114099e-02	2.372875e-04	
1.072521e-02	1.541599e-04	
1.883195e-02	1.533252e-04	
1.799352e-02	9.259069e-05	
1.654165e-02	1.330185e-04	
1.245241e-02	1.348383e-04	
9.879383e-03	8.521546e-05	
9.879383e-03	9.274932e-05	
5.961839e-03	5.583574e-05	
5.961839e-03	5.937519e-05	
1.389154e-02	5.393360e-05	
2.192021e-02	6.597654e-05	
1.811195e-02	9.061866e-05	
2.319294e-02	8.577851e-05	
1.982900e-02	6.662181e-05	
1.982900e-02	9.505165e-05	
2.282978e-02	8.887652e-05	
2.175682e-02	6.829334e-05	
1.934902e-02	4.347911e-05	
2.416249e-02	6.103664e-05	
1.516198e-02	4.669822e-05	
2.004914e-02	6.201724e-05	
1.803354e-02	5.479467e-05	
1.971981e-02	7.159158e-05	
1.524499e-02	2.529210e-05	
1.581272e-02	7.483230e-05	
1.577548e-02	2.951051e-05	
1.577548e-02	1.932870e-05	
2.276039e-02	3.356560e-05	
2.077125e-02	4.268045e-05	
2.077125e-02	1.219481e-04	
2.267200e-02	4.524357e-05	
8.474553e-03	2.001574e-04	
1.400415e-02	3.036371e-04	
2.607348e-02	6.205649e-04	
1.254312e-02	4.421536e-04	
1.621049e-02	2.912517e-04	
2.051091e-02	4.048059e-05	
2.385058e-02	6.155889e-05	
1.072521e-02	1.700250e-04	
1.562262e-02	1.831213e-04	
2.284994e-02	1.591587e-04	
1.654165e-02	1.188524e-04	
1.245241e-02	9.850905e-05	
1.783730e-02	8.714287e-05	
8.882371e-03	2.077296e-05	
8.882371e-03	2.063970e-05	
2.457453e-02	5.142352e-05	
2.253703e-02	1.071727e-04	
1.391712e-02	8.394483e-05	
1.186952e-02	7.703074e-05	
1.186952e-02	7.250560e-05	
4.928631e-03	7.909126e-05	
1.243796e-02	1.194431e-04	
2.182836e-02	1.050002e-04	
2.182836e-02	5.738276e-05	
2.348721e-02	5.240791e-05	
2.437350e-02	6.467973e-05	
1.516198e-02	6.751129e-05	
1.551586e-02	3.650695e-05	
1.803354e-02	5.555672e-05	
2.012923e-02	3.751146e-05	
1.524499e-02	3.255408e-05	
1.581272e-02	4.215475e-05	
2.459632e-02	1.614832e-05	
2.483261e-02	2.064058e-05	
2.224411e-02	4.872615e-07	
2.224411e-02	1.310452e-05	
2.117789e-02	3.632648e-05	
1.337634e-02	7.809044e-05	
2.152722e-02	2.785801e-04	
2.152722e-02	6.713261e-04	
1.980866e-02	2.916777e-04	
1.389396e-02	2.884243e-04	
1.254312e-02	3.314337e-04	
1.117679e-02	2.436537e-04	
1.427755e-02	1.372898e-04	
1.427755e-02	1.006317e-04	
1.562262e-02	1.927820e-04	
1.483052e-02	7.814558e-05	
1.483052e-02	3.474577e-05	
2.038033e-02	1.230448e-04	
1.366429e-02	1.321195e-04	
1.310590e-02	7.110454e-05	
1.784989e-02	9.812275e-05	
5.348192e-03	8.918847e-05	
5.657874e-03	4.495074e-05	
1.391712e-02	1.017576e-04	
1.618170e-02	4.253650e-05	
1.639836e-02	5.357941e-05	
4.928631e-03	6.877574e-05	
1.243796e-02	1.051501e-04	
2.071201e-02	5.439611e-05	
1.966078e-02	5.347371e-05	
1.966078e-02	5.060769e-05	
2.437350e-02	5.593504e-05	
1.920353e-02	2.880575e-05	
1.411608e-02	4.163730e-05	
1.411608e-02	4.641004e-05	
1.560192e-02	4.742402e-05	
2.356160e-02	8.728424e-05	
7.845969e-03	1.404279e-05	
1.272998e-02	3.181075e-05	
2.374298e-02	3.679515e-05	
2.528366e-02	8.361101e-05	
2.434706e-02	7.816707e-06	
1.835932e-02	4.540893e-05	
1.337634e-02	8.555795e-05	
1.870210e-02	1.389287e-04	
2.484311e-02	3.155739e-04	
1.837250e-02	1.427060e-04	
2.058894e-02	1.696527e-04	
2.245304e-02	4.825448e-04	
1.117679e-02	2.847310e-04	
1.399722e-02	1.588727e-04	
1.399722e-02	1.633208e-04	
2.215384e-02	1.495658e-04	
2.215384e-02	3.710856e-05	
2.245177e-02	7.115571e-05	
2.245177e-02	7.606877e-05	
1.366429e-02	1.350857e-04	
1.310590e-02	4.270004e-05	
1.701075e-02	8.243763e-05	
5.348192e-03	8.719761e-05	
5.657874e-03	6.852653e-05	
2.523803e-02	3.292460e-05	
1.618170e-02	5.584299e-05	
1.905775e-02	6.738325e-05	
1.438601e-02	7.881115e-05	
2.992568e-02	9.723038e-05	
1.629055e-02	4.957888e-05	
1.521217e-02	6.767906e-05	
9.031453e-03	1.050327e-04	
2.346811e-02	3.516796e-05	
2.587372e-02	4.964234e-05	
2.569069e-02	4.161527e-05	
1.616452e-02	3.384817e-05	
1.560192e-02	3.393360e-05	
2.162945e-02	1.003455e-05	
7.845969e-03	8.917357e-06	
1.272998e-02	1.508297e-05	
1.521675e-02	8.563090e-05	
8.899803e-03	8.860506e-05	
2.773680e-02	5.438622e-05	
2.363389e-02	1.809888e-05	
2.363389e-02	6.660244e-05	
1.401838e-02	9.895956e-05	
1.249756e-02	4.297178e-04	
1.249756e-02	4.455076e-04	
1.355711e-02	3.527660e-04	
1.086539e-02	2.036691e-04	
1.086539e-02	6.151360e-05	
1.574503e-02	6.263316e-05	
1.582606e-02	1.039478e-04	
2.385476e-02	7.290447e-05	
2.089720e-02	4.256628e-05	
2.089720e-02	4.242011e-05	
2.260461e-02	6.507698e-05	
2.393574e-02	1.140605e-04	
6.733698e-03	9.643147e-05	
6.733698e-03	9.540600e-05	
3.071161e-02	1.340381e-04	
1.989020e-02	6.552699e-05	
1.150640e-02	2.820636e-05	
2.103084e-02	8.102767e-06	
2.383314e-02	5.398932e-05	
1.438601e-02	7.717581e-05	
2.504871e-02	6.207348e-05	
1.521217e-02	6.455103e-05	
1.916990e-02	6.436648e-05	
9.031453e-03	1.100408e-04	
1.091314e-02	3.993817e-05	
1.618347e-02	5.930545e-05	
1.271613e-02	7.129877e-05	
1.271613e-02	5.999733e-05	
2.161908e-02	2.519338e-05	
4.917541e-03	2.562739e-05	
4.917541e-03	2.961428e-05	
2.570932e-02	2.345314e-05	
1.416870e-02	4.487633e-05	
8.899803e-03	9.337391e-05	
1.704636e-02	3.834427e-05	
1.704636e-02	1.039814e-04	
2.983971e-02	6.754179e-05	
1.401838e-02	1.915468e-04	
2.087067e-02	4.045728e-04	
2.087067e-02	4.626890e-04	
1.355711e-02	2.747015e-04	
2.271903e-02	2.377083e-05	
1.694439e-02	1.111158e-05	
1.574503e-02	7.677307e-05	
2.456790e-02	3.035792e-05	
2.135337e-02	1.919271e-05	
2.342971e-02	6.053410e-05	
1.516004e-02	6.011024e-05	
1.516004e-02	7.104049e-05	
2.505011e-02	2.553654e-05	
1.730570e-02	1.092612e-04	
7.487763e-03	1.020295e-04	
1.479327e-02	4.306550e-05	
1.479327e-02	7.372913e-05	
1.150640e-02	4.129269e-05	
1.049690e-02	4.380578e-05	
1.049690e-02	6.203630e-05	
2.010719e-02	3.865151e-05	
2.405853e-02	3.245763e-05	
1.705505e-02	5.415201e-05	
1.590429e-02	6.400342e-05	
2.264607e-02	2.677254e-05	
1.091314e-02	3.149802e-05	
1.618347e-02	2.977657e-05	
2.375541e-02	6.496426e-05	
2.336871e-02	8.202717e-05	
2.619210e-02	2.354138e-05	
2.133251e-02	5.053204e-05	
1.323693e-02	2.501966e-05	
1.323693e-02	4.933363e-05	
2.787274e-02	9.995240e-06	
1.540986e-02	1.295468e-05	
1.716979e-02	1.069417e-05	
1.147297e-02	7.371803e-05	
1.147297e-02	1.100421e-04	
1.061405e-02	2.083310e-04	
2.301533e-02	4.336163e-04	
1.638508e-02	5.508456e-04	
2.081434e-02	3.388386e-04	
1.496647e-02	1.048983e-05	
1.496647e-02	1.195833e-05	
1.606832e-02	4.603956e-05	
1.606832e-02	2.120192e-05	
2.135337e-02	3.451713e-05	
1.819415e-02	5.763131e-05	
1.985351e-02	9.165992e-05	
1.985351e-02	1.015338e-04	
1.706147e-02	7.474713e-05	
1.675341e-02	7.393434e-05	
1.838549e-02	1.322710e-04	
2.398349e-02	7.412549e-05	
1.505321e-02	5.226830e-05	
1.783165e-02	6.768164e-05	
1.522305e-02	4.566618e-05	
1.932503e-02	4.103056e-05	
2.010719e-02	2.519713e-05	
2.908362e-02	9.407191e-06	
1.590429e-02	6.109169e-05	
1.795458e-02	6.792521e-05	
5.872411e-03	3.054312e-05	
8.325700e-03	7.766317e-05	
8.325700e-03	7.768844e-05	
2.459186e-02	5.710872e-05	
2.336871e-02	6.689784e-05	
9.817047e-03	4.253959e-05	
1.647492e-02	7.532455e-05	
2.133251e-02	5.411293e-05	
2.066381e-02	2.385886e-05	
2.162794e-02	2.608270e-05	
1.074475e-02	8.992427e-05	
1.540986e-02	1.749583e-05	
2.003183e-02	1.099101e-04	
1.742497e-02	1.495797e-04	
1.061405e-02	1.613396e-04	
1.991909e-02	4.728441e-04	
2.069200e-02	2.003908e-04	
1.597947e-02	9.285884e-05	
2.365170e-02	1.267734e-04	
1.656355e-02	1.242466e-04	
8.782820e-03	8.161356e-05	
8.782820e-03	5.810174e-05	
9.508497e-03	4.676222e-05	
9.508497e-03	3.125061e-05	
2.270666e-02	5.800533e-05	
1.968670e-02	9.281025e-05	
1.919437e-02	4.312495e-05	
1.675341e-02	4.545631e-05	
1.265792e-02	4.999659e-05	
1.265792e-02	2.815907e-05	
1.505321e-02	3.017957e-05	
1.141970e-02	3.419467e-05	
1.141970e-02	4.285452e-05	
2.362709e-02	2.517419e-05	
2.193176e-02	2.783572e-05	
2.312982e-02	1.002887e-05	
2.312982e-02	1.039034e-05	
1.973529e-02	6.904323e-05	
5.872411e-03	2.301485e-05	
1.804233e-02	3.176785e-05	
1.950438e-02	1.642595e-05	
2.458860e-02	4.541020e-05	
1.919935e-02	2.305579e-05	
9.817047e-03	5.083308e-05	
1.944344e-02	3.901088e-05	
2.057662e-02	3.887525e-05	
2.066381e-02	3.070731e-05	
2.085942e-02	1.125214e-06	
1.074475e-02	5.846070e-05	
2.328911e-02	7.983749e-05	
2.003183e-02	1.761839e-04	
1.767070e-02	8.581881e-05	
2.644063e-02	1.822991e-04	
1.520553e-02	1.602786e-04	
1.599934e-02	3.851773e-04	
