2.564103e-02	2.663425e-13	
2.236036e-02	9.348078e-14	
2.398784e-02	2.483569e-13	
2.564103e-02	5.846434e-13	
2.261118e-02	1.527878e-11	
2.564103e-02	1.020295e-13	
2.564103e-02	1.694200e-13	
2.319499e-02	1.931566e-12	
2.539471e-02	9.129475e-12	
2.564103e-02	4.924949e-13	
2.401208e-02	1.747191e-11	
2.564103e-02	6.785683e-13	
2.522926e-02	5.752065e-12	
2.564103e-02	3.348100e-12	
2.564103e-02	3.525669e-11	
2.564103e-02	6.690204e-13	
2.564103e-02	6.539658e-12	
2.463527e-02	8.707035e-12	
2.564103e-02	9.182433e-12	
2.536177e-02	5.140666e-12	
2.362917e-02	3.466893e-12	
2.564103e-02	8.970602e-14	
2.564103e-02	1.572540e-10	
2.564103e-02	9.252599e-13	
2.564103e-02	5.644263e-12	
2.238738e-02	1.925127e-12	
2.564103e-02	1.665312e-11	
2.564103e-02	6.892265e-12	
2.564103e-02	3.100964e-12	
2.471486e-02	4.452461e-11	
2.564103e-02	1.032952e-12	
2.564103e-02	7.660539e-14	
2.480709e-02	1.033618e-13	
2.564103e-02	3.606893e-12	
2.564103e-02	4.558576e-13	
2.280545e-02	4.243272e-13	
2.564103e-02	2.253753e-14	
2.443219e-02	1.509903e-14	
2.564103e-02	1.514344e-13	
2.564103e-02	4.996004e-15	
2.564103e-02	3.429479e-12	
2.564103e-02	7.492909e-13	
2.531845e-02	1.242534e-13	
2.253839e-02	2.849972e-14	
2.564103e-02	5.176790e-14	
2.267761e-02	1.944433e-15	
2.263400e-02	4.190905e-15	
2.564103e-02	9.787704e-15	
2.564103e-02	3.722907e-15	
2.424131e-02	8.444734e-16	
2.564103e-02	3.886982e-15	
2.564103e-02	3.622423e-16	
2.525890e-02	3.753240e-15	
2.286000e-02	1.622197e-16	
2.564103e-02	1.244587e-15	
2.564103e-02	4.511305e-16	
2.207164e-02	1.464254e-16	
2.494557e-02	1.435743e-16	
2.561104e-02	1.417246e-16	
2.564103e-02	5.632584e-16	
2.555091e-02	2.393848e-15	
2.564103e-02	5.668985e-16	
2.360467e-02	1.435743e-15	
2.564103e-02	3.074934e-15	
2.564103e-02	1.052638e-15	
2.542964e-02	6.222934e-16	
2.392468e-02	1.297757e-15	
2.439679e-02	1.706018e-16	
2.564103e-02	7.244846e-16	
2.564103e-02	2.137840e-15	
2.564103e-02	0	
2.508718e-02	6.980451e-16	
2.537033e-02	1.957541e-15	
2.564103e-02	1.047726e-15	
2.418505e-02	4.419165e-15	
2.564103e-02	3.045171e-15	
2.564103e-02	1.852482e-15	
2.223296e-02	4.077845e-13	
2.394049e-02	1.444584e-12	
2.564103e-02	8.844037e-13	
2.564103e-02	8.748557e-14	
2.512546e-02	5.734302e-13	
2.325833e-02	3.319567e-13	
2.504253e-02	2.550737e-12	
2.564103e-02	2.829070e-12	
2.294607e-02	2.823297e-13	
2.311998e-02	4.476419e-13	
2.564103e-02	6.811218e-13	
2.289881e-02	2.705169e-12	
2.393063e-02	5.727863e-11	
2.564103e-02	6.913359e-13	
2.564103e-02	1.782352e-12	
2.394281e-02	5.364154e-12	
2.564103e-02	7.975842e-12	
2.296282e-02	8.687273e-12	
2.502254e-02	2.432388e-12	
2.379237e-02	4.499290e-12	
2.520492e-02	1.145524e-10	
2.521304e-02	3.921086e-12	
2.434542e-02	1.157519e-12	
2.535501e-02	3.099287e-11	
2.496828e-02	1.008660e-11	
2.564103e-02	2.654943e-11	
2.427390e-02	1.759604e-11	
2.442456e-02	1.043698e-11	
2.192653e-02	1.648426e-11	
2.205176e-02	1.003742e-11	
2.564103e-02	1.235789e-11	
2.564103e-02	1.312150e-11	
2.229139e-02	4.234946e-12	
2.446706e-02	3.788858e-11	
2.564103e-02	3.739742e-11	
2.564103e-02	1.649281e-11	
2.564103e-02	2.271472e-11	
2.564103e-02	8.141154e-12	
2.564103e-02	1.091727e-11	
2.349627e-02	3.294920e-12	
2.355665e-02	7.719825e-12	
2.547895e-02	7.749357e-14	
2.564103e-02	1.263434e-13	
2.410711e-02	2.294831e-13	
2.564103e-02	2.942535e-12	
2.564103e-02	1.821876e-13	
2.564103e-02	4.535261e-12	
2.564103e-02	2.456613e-11	
2.564103e-02	8.402168e-13	
2.564103e-02	1.453615e-12	
2.441144e-02	1.398326e-12	
2.224050e-02	4.232836e-11	
2.564103e-02	6.538103e-13	
2.263366e-02	1.324119e-11	
2.370489e-02	6.265655e-12	
2.500565e-02	5.534795e-12	
2.286862e-02	1.357601e-10	
2.564103e-02	7.402967e-13	
2.285180e-02	1.273426e-12	
2.564103e-02	5.515477e-12	
2.328899e-02	1.393619e-11	
2.219054e-02	3.885015e-11	
2.564103e-02	6.974421e-13	
2.564103e-02	9.250556e-11	
2.564103e-02	1.802514e-11	
2.564103e-02	3.949108e-11	
2.564103e-02	7.752132e-12	
2.564103e-02	1.226796e-12	
2.392751e-02	5.919265e-12	
2.564103e-02	6.353029e-12	
2.437233e-02	1.179057e-13	
2.298268e-02	6.155965e-12	
2.564103e-02	2.218525e-11	
2.564103e-02	3.029377e-11	
2.564103e-02	1.321609e-12	
2.564103e-02	5.476730e-12	
2.564103e-02	5.412004e-12	
2.343081e-02	2.589706e-12	
2.329874e-02	1.022382e-11	
2.236036e-02	2.985863e-06	
2.179619e-02	8.236515e-06	
2.134017e-02	1.670086e-05	
2.261118e-02	1.483196e-05	
1.920074e-02	4.137657e-05	
2.007196e-02	1.357266e-05	
2.007196e-02	4.248790e-07	
2.024008e-02	3.100750e-05	
2.024008e-02	7.366822e-05	
2.401208e-02	1.352048e-05	
2.193888e-02	8.265042e-05	
2.387875e-02	3.080790e-05	
2.191209e-02	7.224439e-06	
2.122729e-02	2.233454e-05	
2.596222e-02	1.254148e-05	
2.546359e-02	1.274867e-05	
2.233426e-02	4.502706e-05	
2.233426e-02	4.788856e-05	
2.172792e-02	5.485054e-05	
2.172792e-02	8.991157e-06	
2.335034e-02	4.860479e-05	
2.220628e-02	3.937520e-05	
2.135237e-02	2.596670e-05	
2.135237e-02	7.225724e-05	
2.238738e-02	2.795799e-05	
2.423246e-02	5.439295e-05	
1.963711e-02	3.339774e-05	
1.963711e-02	3.752456e-05	
2.155758e-02	3.716873e-05	
2.155758e-02	2.175938e-05	
2.339791e-02	1.162772e-05	
2.339791e-02	2.627373e-05	
2.154510e-02	1.332161e-07	
1.963743e-02	4.805338e-05	
2.280545e-02	2.495369e-05	
2.119023e-02	3.114605e-05	
2.119023e-02	2.523891e-06	
2.054848e-02	1.543789e-06	
2.334072e-02	5.226921e-06	
2.334072e-02	4.204295e-06	
2.134017e-02	1.062491e-05	
2.582609e-02	3.224450e-06	
1.920074e-02	1.943923e-05	
2.294815e-02	2.647609e-05	
2.524682e-02	2.349559e-05	
2.143474e-02	2.106264e-05	
2.176856e-02	1.376398e-05	
2.413854e-02	5.131143e-05	
2.193888e-02	3.878084e-05	
2.041710e-02	2.616944e-05	
2.191209e-02	2.004377e-05	
2.122729e-02	5.175010e-07	
2.190098e-02	8.568539e-06	
1.941139e-02	2.096938e-05	
2.166788e-02	4.252681e-05	
2.166788e-02	3.310436e-06	
2.238815e-02	9.451730e-06	
2.483532e-02	4.916098e-06	
2.068657e-02	5.007743e-05	
2.220628e-02	1.376633e-05	
2.086737e-02	3.253794e-06	
2.086737e-02	1.584341e-05	
2.149847e-02	7.885470e-06	
2.149847e-02	2.656578e-05	
2.430414e-02	1.871806e-05	
1.928818e-02	4.450944e-05	
2.329884e-02	1.234245e-05	
1.856270e-02	3.606040e-05	
1.856270e-02	2.150161e-05	
2.182582e-02	7.913402e-06	
2.290036e-02	7.220097e-06	
1.963743e-02	2.379658e-05	
2.196286e-02	2.862365e-05	
2.196286e-02	5.461115e-06	
2.338042e-02	1.234227e-05	
2.054848e-02	2.232951e-05	
2.271206e-02	2.319223e-05	
2.339578e-02	5.174938e-05	
2.254546e-02	1.950774e-05	
2.369616e-02	4.246600e-05	
2.497869e-02	7.238483e-05	
2.234460e-02	3.647315e-05	
2.234460e-02	3.101294e-05	
2.143474e-02	1.829975e-05	
2.481697e-02	1.627844e-05	
2.413854e-02	1.024563e-05	
2.300942e-02	3.293641e-05	
2.041710e-02	1.568117e-05	
2.500269e-02	5.046190e-05	
2.130976e-02	2.019987e-05	
2.130976e-02	1.586282e-06	
1.941139e-02	3.951780e-05	
2.321688e-02	1.209980e-05	
2.329434e-02	4.720985e-06	
1.996925e-02	2.038313e-05	
1.996925e-02	2.622529e-05	
2.068657e-02	1.004511e-05	
2.214295e-02	1.193875e-05	
2.478851e-02	3.308955e-05	
2.138525e-02	3.214703e-05	
1.988189e-02	3.786939e-05	
2.527322e-02	7.397152e-07	
2.362225e-02	3.246717e-05	
1.928818e-02	2.514507e-05	
2.132175e-02	7.197964e-05	
2.225588e-02	9.747564e-06	
2.145468e-02	4.833789e-06	
2.182582e-02	5.309576e-06	
2.450344e-02	1.495357e-05	
2.528010e-02	1.276116e-06	
1.976739e-02	1.306765e-05	
2.292261e-02	2.842068e-05	
2.292261e-02	5.292239e-05	
2.378576e-02	1.826738e-05	
2.271206e-02	4.717889e-05	
2.339578e-02	6.577501e-05	
2.254546e-02	4.178927e-05	
2.283189e-02	4.932880e-05	
2.213182e-02	7.084829e-05	
2.386037e-02	9.302962e-05	
2.014595e-02	5.005674e-05	
2.028156e-02	2.920640e-05	
1.951385e-02	6.752050e-05	
1.951385e-02	3.613358e-05	
2.107383e-02	3.029309e-05	
2.107383e-02	5.688240e-05	
2.238241e-02	3.412332e-05	
2.155560e-02	6.643719e-05	
2.405005e-02	3.330125e-05	
2.268544e-02	1.030646e-05	
2.234799e-02	4.845272e-05	
2.147606e-02	3.391043e-05	
2.468835e-02	3.859533e-05	
2.384627e-02	2.737398e-05	
2.384627e-02	1.791145e-05	
2.524333e-02	1.811695e-05	
2.524333e-02	2.083452e-05	
2.064513e-02	7.454390e-07	
1.988189e-02	1.912098e-06	
2.527322e-02	2.387370e-05	
2.161655e-02	6.286017e-05	
2.208241e-02	4.105248e-05	
2.132175e-02	3.835307e-05	
1.997753e-02	2.366974e-05	
2.032592e-02	8.749798e-05	
2.032592e-02	4.869050e-05	
1.880684e-02	4.632860e-05	
1.880684e-02	3.198712e-05	
1.976739e-02	3.327489e-05	
2.379852e-02	4.550534e-05	
2.079822e-02	2.371431e-05	
2.253914e-02	4.443774e-05	
2.054780e-02	1.115317e-04	
2.054780e-02	3.997649e-05	
2.378822e-02	4.982404e-05	
2.306378e-02	7.410496e-05	
2.213182e-02	4.662566e-05	
2.313639e-02	4.141240e-05	
2.014595e-02	5.481060e-05	
2.305201e-02	5.039666e-05	
2.501650e-02	5.470600e-05	
2.197032e-02	6.054996e-05	
1.968177e-02	8.112124e-05	
1.968177e-02	6.968983e-05	
2.376917e-02	1.590677e-05	
2.461861e-02	6.371618e-05	
2.461861e-02	3.130823e-05	
2.268544e-02	1.624527e-05	
2.234799e-02	5.517510e-05	
2.147606e-02	5.077518e-05	
2.272649e-02	2.394044e-05	
2.192696e-02	3.599282e-05	
2.192696e-02	3.812538e-05	
2.533452e-02	3.668237e-05	
2.302315e-02	2.158221e-05	
2.310294e-02	3.599998e-05	
2.161970e-02	3.490690e-05	
2.180142e-02	4.851677e-05	
2.161655e-02	7.094993e-05	
2.079346e-02	5.739972e-05	
2.079346e-02	3.675019e-05	
1.997753e-02	5.791748e-05	
2.626030e-02	5.693414e-05	
2.079895e-02	3.583196e-05	
2.079895e-02	6.460339e-05	
2.440033e-02	7.833690e-05	
2.317662e-02	6.840280e-05	
2.447400e-02	6.542434e-05	
2.079822e-02	5.994551e-05	
2.335847e-02	4.956756e-05	
2.294607e-02	5.624447e-05	
2.145451e-02	8.745810e-05	
2.239588e-02	8.065702e-05	
2.239588e-02	1.063717e-04	
2.270183e-02	6.146723e-05	
2.270183e-02	7.611651e-05	
2.367391e-02	9.183197e-05	
2.305201e-02	7.965846e-05	
2.392071e-02	5.207818e-05	
2.197032e-02	4.955027e-05	
2.294618e-02	8.037367e-05	
2.127047e-02	5.142136e-05	
2.376917e-02	6.418978e-05	
2.168042e-02	4.937013e-05	
2.307508e-02	6.459425e-05	
2.257647e-02	4.098859e-05	
2.347457e-02	8.251494e-05	
2.347457e-02	7.892204e-05	
2.449544e-02	4.459855e-05	
1.890985e-02	4.465940e-05	
1.890985e-02	5.651337e-05	
2.745770e-02	6.040520e-05	
2.097542e-02	6.093670e-05	
2.097542e-02	3.470261e-05	
2.161970e-02	4.698995e-05	
2.180142e-02	4.579185e-05	
2.442820e-02	7.116319e-05	
2.293816e-02	4.389128e-05	
1.966282e-02	7.335165e-05	
1.966282e-02	4.337459e-05	
2.451109e-02	8.439882e-05	
2.107706e-02	6.656671e-05	
2.312429e-02	7.031788e-05	
2.455059e-02	7.836145e-05	
2.317662e-02	1.030490e-04	
2.449482e-02	9.638956e-05	
2.051291e-02	1.178499e-04	
2.420257e-02	8.844524e-05	
2.311998e-02	9.509497e-05	
2.145451e-02	7.982447e-05	
2.013233e-02	8.951846e-05	
2.013233e-02	1.024663e-04	
2.284192e-02	9.778497e-05	
2.344683e-02	8.445943e-05	
2.519614e-02	9.306061e-05	
2.398292e-02	8.587840e-05	
2.268435e-02	5.263196e-05	
2.268435e-02	4.731781e-05	
2.384731e-02	4.531045e-05	
2.127047e-02	6.598645e-05	
2.064860e-02	5.210979e-05	
2.007722e-02	5.098538e-05	
2.007722e-02	4.796833e-05	
2.257647e-02	5.258618e-05	
2.563756e-02	9.535141e-05	
2.104407e-02	5.940788e-05	
2.055978e-02	5.332991e-05	
2.238160e-02	6.568573e-05	
2.095175e-02	4.938321e-05	
1.868156e-02	4.589070e-05	
2.282578e-02	8.540089e-05	
2.173518e-02	4.198976e-05	
2.484688e-02	6.365233e-05	
2.484688e-02	3.858266e-05	
2.093765e-02	5.659825e-05	
2.293816e-02	8.671024e-05	
2.437073e-02	8.235286e-05	
1.935845e-02	6.144022e-05	
2.205801e-02	7.665108e-05	
2.107706e-02	7.690607e-05	
2.333622e-02	6.041541e-05	
2.333622e-02	9.921233e-05	
2.009521e-02	9.797707e-05	
2.009521e-02	1.158818e-04	
2.051291e-02	1.153503e-04	
2.371232e-02	8.756198e-05	
2.382217e-02	1.468174e-04	
2.297423e-02	1.124466e-04	
2.201646e-02	8.929355e-05	
2.611749e-02	9.053760e-05	
2.276477e-02	8.095848e-05	
2.536210e-02	9.933886e-05	
2.363845e-02	6.875864e-05	
2.363845e-02	7.108940e-05	
2.354585e-02	7.233273e-05	
2.192074e-02	3.619956e-05	
2.369811e-02	6.269792e-05	
2.329417e-02	6.695367e-05	
2.064860e-02	8.102724e-05	
2.197901e-02	4.717743e-05	
2.216917e-02	5.477653e-05	
2.353811e-02	8.522338e-05	
2.588536e-02	6.048615e-05	
2.315178e-02	5.332024e-05	
2.055978e-02	6.053561e-05	
2.491807e-02	6.778635e-05	
2.337487e-02	4.878406e-05	
1.868156e-02	5.643180e-05	
2.316000e-02	4.781978e-05	
2.173518e-02	6.426764e-05	
1.915475e-02	4.852557e-05	
1.915475e-02	2.753358e-05	
2.093765e-02	7.156954e-05	
2.085751e-02	7.097431e-05	
2.119894e-02	8.237245e-05	
1.935845e-02	8.999558e-05	
2.259466e-02	6.545266e-05	
2.259466e-02	1.008960e-04	
2.403522e-02	1.068619e-04	
2.623831e-02	8.762589e-05	
2.240003e-02	1.271442e-04	
2.350755e-02	6.868420e-05	
2.210809e-02	7.570162e-05	
2.210809e-02	2.892350e-05	
1.974995e-02	6.613585e-05	
2.305989e-02	1.089503e-04	
2.305989e-02	1.370911e-04	
2.359513e-02	1.204499e-04	
2.276477e-02	1.027457e-04	
2.256198e-02	9.726940e-05	
2.256198e-02	8.668579e-05	
2.180993e-02	8.048447e-05	
2.180993e-02	5.683352e-05	
2.192074e-02	7.614036e-05	
2.216264e-02	7.696761e-05	
2.216264e-02	9.784215e-05	
2.182002e-02	7.658187e-05	
2.197901e-02	6.907551e-05	
2.089032e-02	6.767041e-05	
2.089032e-02	7.381503e-05	
2.125810e-02	7.315650e-05	
1.855183e-02	5.938882e-05	
2.490980e-02	6.735234e-05	
2.295833e-02	6.657810e-05	
2.236771e-02	6.995842e-05	
2.170295e-02	5.057911e-05	
2.330335e-02	5.965896e-05	
2.508774e-02	7.866822e-05	
1.909961e-02	5.726325e-05	
2.268247e-02	6.063850e-05	
2.199213e-02	5.420610e-05	
2.075863e-02	8.816150e-05	
2.075863e-02	9.405592e-05	
2.584578e-02	7.486288e-05	
2.202057e-02	8.124442e-05	
2.359662e-02	9.897647e-05	
2.359662e-02	1.183671e-04	
2.428374e-02	1.105866e-04	
2.540049e-02	7.095212e-05	
2.319097e-02	8.468403e-05	
1.968140e-02	6.124270e-05	
2.218641e-02	1.324622e-04	
1.974995e-02	6.368579e-05	
2.125625e-02	1.124724e-04	
2.332813e-02	1.740359e-04	
2.332813e-02	1.068701e-04	
2.304369e-02	9.774422e-05	
2.304369e-02	6.889998e-05	
2.343841e-02	9.912947e-05	
2.343841e-02	6.362590e-05	
2.330189e-02	6.940571e-05	
2.405137e-02	8.253716e-05	
1.987292e-02	8.652209e-05	
1.987292e-02	8.247669e-05	
2.182002e-02	7.336384e-05	
2.266489e-02	7.088144e-05	
2.005248e-02	7.811176e-05	
2.179338e-02	7.496742e-05	
2.438497e-02	5.229383e-05	
1.855183e-02	7.548547e-05	
2.230903e-02	6.550896e-05	
2.487936e-02	2.994174e-05	
2.773610e-02	6.414715e-05	
2.170295e-02	5.579335e-05	
2.330335e-02	5.272848e-05	
2.350989e-02	5.088517e-05	
1.909961e-02	5.590782e-05	
2.329918e-02	5.631201e-05	
2.199213e-02	4.437916e-05	
2.595179e-02	8.138149e-05	
2.213173e-02	9.522481e-05	
2.213173e-02	7.715682e-05	
2.169131e-02	7.366672e-05	
2.169131e-02	1.209380e-04	
2.508542e-02	8.514464e-05	
2.362380e-02	4.721503e-05	
2.179939e-02	9.291940e-05	
2.022737e-02	8.111950e-05	
1.968140e-02	8.126815e-05	
2.218641e-02	5.725019e-05	
1.959905e-02	9.393221e-05	
2.125625e-02	1.492947e-04	
2.404693e-02	1.096473e-04	
2.456692e-02	1.443075e-04	
2.179887e-02	1.058386e-04	
2.179887e-02	9.716319e-05	
2.378950e-02	7.501299e-05	
2.353289e-02	7.745652e-05	
2.330189e-02	7.607922e-05	
1.954986e-02	7.723519e-05	
1.954986e-02	9.116879e-05	
2.164249e-02	7.873294e-05	
2.503305e-02	7.195852e-05	
2.266489e-02	6.467211e-05	
2.005248e-02	7.561687e-05	
1.919577e-02	4.835595e-05	
1.919577e-02	5.406916e-05	
1.886652e-02	7.094956e-05	
1.886652e-02	8.089775e-05	
2.602484e-02	6.473859e-05	
1.930518e-02	8.150936e-05	
1.930518e-02	8.130767e-05	
2.583046e-02	9.349463e-05	
2.314273e-02	7.767839e-05	
2.114864e-02	8.109939e-05	
2.097255e-02	9.457236e-05	
2.097255e-02	8.045038e-05	
2.702392e-02	1.100385e-04	
2.323585e-02	1.101725e-04	
2.323585e-02	9.034254e-05	
2.375811e-02	1.236082e-04	
2.026535e-02	1.005844e-04	
1.990583e-02	9.936317e-05	
2.563181e-02	1.042260e-04	
2.179939e-02	1.016258e-04	
2.062993e-02	1.084317e-04	
2.629153e-02	5.489852e-05	
2.224050e-02	5.145581e-05	
1.959905e-02	1.435586e-04	
2.270989e-02	1.424024e-04	
2.270989e-02	1.466216e-04	
2.418704e-02	1.423224e-04	
2.186165e-02	1.078446e-04	
2.387826e-02	9.126689e-05	
2.387826e-02	8.766566e-05	
2.353289e-02	8.277276e-05	
2.220963e-02	4.511760e-05	
2.113320e-02	8.051994e-05	
2.423826e-02	6.573697e-05	
2.164249e-02	7.463091e-05	
2.360364e-02	7.522931e-05	
2.023259e-02	7.673113e-05	
2.023259e-02	5.816158e-05	
2.336944e-02	6.657570e-05	
2.403296e-02	5.374297e-05	
2.426784e-02	7.377641e-05	
2.201166e-02	7.967271e-05	
2.025098e-02	7.798103e-05	
2.158263e-02	8.702103e-05	
2.300597e-02	7.158409e-05	
2.300597e-02	7.351723e-05	
2.314273e-02	7.541188e-05	
2.114864e-02	9.200635e-05	
2.347265e-02	8.955219e-05	
2.347265e-02	9.129036e-05	
2.320624e-02	1.017823e-04	
1.916790e-02	1.248485e-04	
2.054759e-02	1.138811e-04	
2.315113e-02	1.197162e-04	
2.026535e-02	1.153075e-04	
1.990583e-02	9.287214e-05	
1.987379e-02	9.532471e-05	
2.524104e-02	1.323990e-04	
2.062993e-02	7.909844e-05	
2.199261e-02	7.038049e-05	
2.199261e-02	1.708263e-04	
2.394281e-02	6.253586e-05	
2.281343e-02	1.578203e-04	
2.171124e-02	1.221814e-04	
2.171124e-02	1.255373e-04	
2.438418e-02	1.121147e-04	
1.980277e-02	1.013271e-04	
1.980277e-02	9.719605e-05	
2.543185e-02	6.541232e-05	
2.268536e-02	3.670033e-05	
2.739406e-02	8.239276e-05	
2.423826e-02	7.651464e-05	
2.010507e-02	6.155611e-05	
2.010507e-02	8.033201e-05	
2.481686e-02	6.890573e-05	
2.614579e-02	4.632914e-05	
2.315300e-02	7.982343e-05	
2.315300e-02	6.018999e-05	
2.224837e-02	5.491503e-05	
2.224837e-02	7.304889e-05	
2.025098e-02	7.100035e-05	
2.158263e-02	7.241576e-05	
2.341360e-02	6.583729e-05	
2.069449e-02	7.006456e-05	
2.069449e-02	6.674492e-05	
2.274300e-02	8.350773e-05	
2.209440e-02	9.161122e-05	
2.256161e-02	8.532495e-05	
2.320624e-02	7.854974e-05	
1.888019e-02	1.140820e-04	
1.888019e-02	1.213983e-04	
1.889521e-02	7.043468e-05	
2.058813e-02	1.421413e-04	
2.058813e-02	1.192774e-04	
1.987379e-02	1.091115e-04	
2.407024e-02	1.034048e-04	
1.975912e-02	1.181485e-04	
2.368977e-02	1.328256e-04	
2.263366e-02	1.082071e-04	
2.189213e-02	2.188322e-04	
2.189213e-02	1.646816e-04	
2.168093e-02	1.108901e-04	
2.168093e-02	9.945296e-05	
2.392412e-02	1.000356e-04	
2.145051e-02	7.723919e-05	
2.384898e-02	1.204839e-04	
2.059578e-02	5.985659e-05	
2.268894e-02	6.850450e-05	
2.092355e-02	7.852885e-05	
2.368625e-02	7.836914e-05	
1.910784e-02	5.978063e-05	
1.910784e-02	6.711733e-05	
2.481686e-02	7.172474e-05	
2.290552e-02	7.633562e-05	
2.104278e-02	8.858141e-05	
2.104278e-02	8.157013e-05	
2.462078e-02	8.589521e-05	
2.254704e-02	7.233175e-05	
2.254704e-02	7.850322e-05	
2.475328e-02	8.744869e-05	
2.341360e-02	9.320794e-05	
2.342428e-02	8.339209e-05	
2.559557e-02	7.478577e-05	
2.274300e-02	7.274004e-05	
2.209440e-02	7.226385e-05	
2.423106e-02	7.118167e-05	
2.235101e-02	8.311010e-05	
2.235101e-02	9.986626e-05	
2.214660e-02	7.188986e-05	
1.889521e-02	8.691129e-05	
1.951490e-02	9.772042e-05	
1.951490e-02	1.110820e-04	
2.306899e-02	9.479505e-05	
2.407024e-02	1.406566e-04	
1.975912e-02	1.437523e-04	
2.324991e-02	1.425128e-04	
1.929820e-02	1.943175e-04	
2.090725e-02	1.547811e-04	
2.492178e-02	1.891544e-04	
2.303375e-02	7.090329e-05	
2.384305e-02	8.748234e-05	
2.263066e-02	7.131154e-05	
2.145051e-02	9.076209e-05	
2.278276e-02	8.803849e-05	
2.059578e-02	5.793823e-05	
2.390223e-02	5.883062e-05	
2.092355e-02	6.472735e-05	
2.308475e-02	5.885596e-05	
2.237366e-02	5.386053e-05	
2.237366e-02	7.129616e-05	
2.125262e-02	5.692577e-05	
2.200301e-02	7.411253e-05	
2.193478e-02	6.743848e-05	
2.258849e-02	8.002915e-05	
2.309186e-02	9.082348e-05	
2.318467e-02	8.023704e-05	
2.263923e-02	7.039760e-05	
2.478225e-02	1.001971e-04	
2.552072e-02	1.009258e-04	
2.357685e-02	9.985200e-05	
2.190058e-02	8.395235e-05	
1.928818e-02	7.891681e-05	
1.928818e-02	7.192199e-05	
2.488168e-02	1.061320e-04	
2.536277e-02	8.836575e-05	
2.336913e-02	8.325173e-05	
2.142613e-02	1.032408e-04	
2.142613e-02	1.046490e-04	
2.152688e-02	1.072703e-04	
2.360679e-02	1.093657e-04	
2.306899e-02	1.185576e-04	
2.326121e-02	1.548711e-04	
2.459182e-02	1.165781e-04	
2.324991e-02	6.929265e-05	
1.929820e-02	2.194303e-04	
2.090725e-02	1.993146e-04	
2.564490e-02	1.371496e-04	
2.512174e-02	9.103688e-05	
2.048166e-02	9.185538e-05	
2.250222e-02	1.200892e-04	
2.393523e-02	7.303854e-05	
2.418248e-02	9.735106e-05	
2.279113e-02	8.635587e-05	
2.289595e-02	9.948188e-05	
2.452597e-02	9.858842e-05	
2.268527e-02	8.430660e-05	
2.268527e-02	8.639491e-05	
1.977792e-02	6.629751e-05	
2.125262e-02	6.434038e-05	
2.214671e-02	6.107191e-05	
2.193478e-02	5.900184e-05	
2.258849e-02	7.467379e-05	
2.450556e-02	7.055674e-05	
2.318467e-02	6.314039e-05	
2.263923e-02	6.052851e-05	
2.269977e-02	8.939733e-05	
2.386048e-02	9.213867e-05	
2.292373e-02	8.971175e-05	
2.190058e-02	9.602082e-05	
2.273820e-02	7.903176e-05	
2.349256e-02	7.118161e-05	
2.373402e-02	8.150579e-05	
2.191039e-02	9.024858e-05	
2.277157e-02	9.467323e-05	
2.223978e-02	1.005043e-04	
2.195581e-02	1.043404e-04	
2.466502e-02	9.724170e-05	
2.360679e-02	1.000533e-04	
2.438012e-02	1.242572e-04	
2.078558e-02	1.092988e-04	
2.221325e-02	1.420978e-04	
2.221325e-02	1.820496e-04	
2.286862e-02	1.561190e-04	
2.379237e-02	1.588154e-04	
2.207939e-02	1.786339e-04	
2.368897e-02	7.349214e-05	
2.048166e-02	1.023590e-04	
2.169847e-02	1.081182e-04	
2.393523e-02	9.706961e-05	
2.233777e-02	1.180240e-04	
2.233777e-02	9.327975e-05	
2.289595e-02	9.039791e-05	
2.339901e-02	7.660237e-05	
2.352504e-02	8.096103e-05	
1.946692e-02	6.820731e-05	
1.977792e-02	9.554690e-05	
2.050071e-02	5.402010e-05	
2.112932e-02	7.829749e-05	
2.363137e-02	8.569624e-05	
2.634712e-02	9.562466e-05	
2.547038e-02	7.645690e-05	
2.244002e-02	8.543845e-05	
2.304082e-02	9.390262e-05	
2.304082e-02	7.484408e-05	
2.386048e-02	8.639719e-05	
2.292373e-02	9.576201e-05	
2.472874e-02	8.630476e-05	
1.892845e-02	7.402766e-05	
2.092654e-02	7.237981e-05	
2.092654e-02	7.210453e-05	
2.191039e-02	8.307561e-05	
2.084716e-02	8.465111e-05	
2.080158e-02	9.574162e-05	
2.462662e-02	1.329182e-04	
2.470005e-02	1.222184e-04	
2.615616e-02	1.014310e-04	
2.122394e-02	1.232598e-04	
2.078558e-02	1.493933e-04	
2.057585e-02	1.380509e-04	
2.038499e-02	1.896868e-04	
2.378751e-02	2.652348e-04	
2.517752e-02	1.707722e-04	
2.207939e-02	1.041694e-04	
2.310473e-02	1.098086e-04	
2.310473e-02	1.318137e-04	
2.147310e-02	1.407309e-04	
2.037196e-02	8.762479e-05	
2.037196e-02	8.415498e-05	
2.329048e-02	1.146592e-04	
2.088532e-02	7.001035e-05	
2.088532e-02	8.365462e-05	
2.492845e-02	5.191771e-05	
1.946692e-02	7.863018e-05	
2.208197e-02	5.822015e-05	
2.050071e-02	6.947442e-05	
1.951087e-02	8.190082e-05	
1.951087e-02	1.002185e-04	
2.226276e-02	7.931194e-05	
2.314540e-02	9.299898e-05	
2.244002e-02	1.007900e-04	
2.446878e-02	8.692626e-05	
2.380751e-02	8.772120e-05	
2.302138e-02	8.028610e-05	
2.302138e-02	8.241968e-05	
2.662215e-02	6.940591e-05	
1.892845e-02	9.059590e-05	
2.213472e-02	7.990806e-05	
2.233814e-02	5.956666e-05	
1.910578e-02	8.097197e-05	
1.910578e-02	8.718478e-05	
2.080158e-02	8.721892e-05	
2.382899e-02	1.154842e-04	
2.314775e-02	9.754001e-05	
2.345522e-02	1.060304e-04	
2.122394e-02	1.280025e-04	
1.983321e-02	1.165126e-04	
2.057585e-02	8.284743e-05	
2.038499e-02	1.687926e-04	
2.285180e-02	1.135970e-04	
2.415103e-02	2.189624e-04	
2.050431e-02	1.580988e-04	
2.459953e-02	7.271079e-05	
2.138968e-02	1.164540e-04	
2.138968e-02	1.114659e-04	
2.420359e-02	1.008661e-04	
2.235049e-02	1.191739e-04	
2.235049e-02	1.117057e-04	
2.204051e-02	8.337661e-05	
2.204051e-02	7.868127e-05	
2.160305e-02	6.327159e-05	
2.160305e-02	4.795571e-05	
2.183166e-02	7.628256e-05	
2.183166e-02	5.218096e-05	
2.435869e-02	7.028634e-05	
2.173952e-02	7.863112e-05	
2.226276e-02	7.900973e-05	
2.271577e-02	7.045585e-05	
2.392603e-02	7.301918e-05	
2.294410e-02	8.028335e-05	
2.294410e-02	7.451660e-05	
2.422095e-02	7.049467e-05	
2.168279e-02	8.016956e-05	
2.387870e-02	6.972865e-05	
2.387870e-02	8.333888e-05	
2.274696e-02	8.093121e-05	
2.233814e-02	7.760274e-05	
2.292232e-02	1.028826e-04	
2.178866e-02	6.890656e-05	
2.527444e-02	8.377450e-05	
2.108916e-02	9.388101e-05	
2.108916e-02	1.038263e-04	
2.380005e-02	7.017916e-05	
2.606598e-02	1.341537e-04	
1.983321e-02	1.153080e-04	
2.154712e-02	1.253155e-04	
2.288984e-02	1.447472e-04	
2.288984e-02	2.597708e-04	
2.415103e-02	1.969389e-04	
2.050431e-02	1.159048e-04	
2.265006e-02	1.016344e-04	
2.087391e-02	7.471120e-05	
2.404481e-02	1.376217e-04	
2.455674e-02	1.394854e-04	
1.947740e-02	1.225134e-04	
2.236675e-02	1.110636e-04	
2.222420e-02	5.444515e-05	
2.400200e-02	7.769797e-05	
2.510204e-02	4.496647e-05	
2.354371e-02	7.158312e-05	
2.703318e-02	5.892740e-05	
2.242613e-02	6.777520e-05	
2.147351e-02	7.160894e-05	
2.173952e-02	7.968370e-05	
2.328891e-02	6.825789e-05	
2.271577e-02	6.555981e-05	
2.317911e-02	7.774621e-05	
2.201885e-02	7.298282e-05	
2.444353e-02	9.072049e-05	
2.473220e-02	6.487055e-05	
2.085294e-02	8.647277e-05	
2.074184e-02	8.517332e-05	
2.277625e-02	6.859161e-05	
2.277625e-02	8.210318e-05	
2.351699e-02	8.258089e-05	
2.395069e-02	6.894855e-05	
2.178866e-02	6.856879e-05	
2.355740e-02	9.782189e-05	
2.306292e-02	1.281373e-04	
2.216723e-02	1.005969e-04	
2.111494e-02	1.007279e-04	
2.164331e-02	1.263416e-04	
2.164331e-02	1.565188e-04	
1.959396e-02	1.056216e-04	
1.959396e-02	1.409951e-04	
2.328899e-02	1.529358e-04	
2.421640e-02	1.426524e-04	
2.210227e-02	1.055592e-04	
2.210227e-02	1.136457e-04	
2.087391e-02	1.176900e-04	
2.149158e-02	8.843552e-05	
2.149158e-02	7.306124e-05	
1.947740e-02	1.065519e-04	
2.568468e-02	7.431416e-05	
1.943182e-02	6.982608e-05	
1.943182e-02	7.106244e-05	
2.199843e-02	7.079367e-05	
2.483439e-02	7.030163e-05	
2.387179e-02	6.876590e-05	
2.313143e-02	6.715026e-05	
2.147351e-02	9.640802e-05	
2.383933e-02	7.498101e-05	
2.383933e-02	8.569821e-05	
2.005895e-02	7.899240e-05	
2.339115e-02	7.490237e-05	
2.201885e-02	9.340924e-05	
2.137352e-02	6.838378e-05	
2.051385e-02	8.735335e-05	
2.250896e-02	8.093530e-05	
2.074184e-02	1.040647e-04	
2.207851e-02	8.211681e-05	
2.365830e-02	8.353550e-05	
2.464988e-02	7.668004e-05	
2.183309e-02	7.654978e-05	
2.183309e-02	7.561107e-05	
2.474501e-02	9.197779e-05	
2.306292e-02	1.096075e-04	
2.139519e-02	1.037973e-04	
2.111494e-02	8.507614e-05	
2.289572e-02	1.263488e-04	
2.199323e-02	1.223172e-04	
2.199323e-02	1.550191e-04	
2.452914e-02	1.424669e-04	
2.145927e-02	2.045603e-04	
2.344569e-02	1.446958e-04	
2.539602e-02	1.339484e-04	
2.312895e-02	1.356603e-04	
2.287605e-02	1.488454e-04	
2.039787e-02	1.103621e-04	
2.306033e-02	1.255257e-04	
2.500364e-02	1.233403e-04	
2.185149e-02	9.921802e-05	
2.199353e-02	9.025658e-05	
1.989219e-02	7.843961e-05	
2.199843e-02	8.809348e-05	
2.282070e-02	6.067535e-05	
2.387179e-02	6.689156e-05	
2.163036e-02	6.999620e-05	
2.173563e-02	8.712973e-05	
2.555152e-02	7.403092e-05	
2.149016e-02	6.280275e-05	
2.005895e-02	7.562149e-05	
2.108307e-02	7.650578e-05	
2.108307e-02	5.623263e-05	
2.137352e-02	7.062478e-05	
2.051385e-02	7.886087e-05	
2.291205e-02	6.353661e-05	
2.455704e-02	7.025013e-05	
2.207851e-02	8.514685e-05	
2.125022e-02	6.809869e-05	
2.125022e-02	8.559600e-05	
2.384261e-02	1.015034e-04	
2.479037e-02	1.207400e-04	
2.249761e-02	8.908680e-05	
1.995643e-02	1.016967e-04	
2.139519e-02	1.009314e-04	
2.272079e-02	9.754177e-05	
2.289572e-02	1.465793e-04	
2.385441e-02	1.243591e-04	
2.239739e-02	1.561305e-04	
2.156221e-02	1.804546e-04	
2.145927e-02	3.078431e-04	
2.344569e-02	3.022423e-04	
2.160380e-02	2.058343e-04	
2.116022e-02	1.782234e-04	
2.116022e-02	1.385853e-04	
2.039787e-02	1.125679e-04	
2.272796e-02	9.751409e-05	
2.004050e-02	7.468670e-05	
2.185149e-02	7.720141e-05	
2.333994e-02	4.083263e-05	
1.989219e-02	9.272582e-05	
2.505184e-02	7.758524e-05	
2.330502e-02	8.273647e-05	
2.028088e-02	5.541306e-05	
2.163036e-02	9.209270e-05	
2.346805e-02	6.790785e-05	
2.346805e-02	5.436097e-05	
2.149016e-02	6.558023e-05	
2.468644e-02	8.271262e-05	
2.166589e-02	5.706908e-05	
2.188049e-02	7.902162e-05	
2.372646e-02	7.434277e-05	
2.258048e-02	7.186596e-05	
2.258048e-02	8.115901e-05	
2.384826e-02	8.391245e-05	
2.323387e-02	6.720656e-05	
2.166964e-02	9.088630e-05	
2.455188e-02	8.125968e-05	
2.223154e-02	8.927588e-05	
2.196765e-02	8.965752e-05	
2.249021e-02	6.439573e-05	
1.995643e-02	1.122408e-04	
2.419350e-02	9.762133e-05	
2.509747e-02	8.348743e-05	
2.243870e-02	8.979402e-05	
2.290572e-02	1.504725e-04	
2.246049e-02	1.992351e-04	
2.516214e-02	2.650231e-04	
2.649871e-02	2.401305e-04	
2.294131e-02	1.437479e-04	
2.160380e-02	2.107422e-04	
2.232278e-02	1.101211e-04	
2.388091e-02	1.732330e-04	
2.405197e-02	1.080124e-04	
2.183536e-02	6.681493e-05	
2.004050e-02	8.153595e-05	
2.341539e-02	5.473339e-05	
2.481052e-02	6.387448e-05	
2.510782e-02	6.445728e-05	
2.322899e-02	1.044543e-04	
2.322899e-02	7.794026e-05	
2.028088e-02	7.452504e-05	
2.057312e-02	5.434355e-05	
2.376778e-02	6.623399e-05	
2.040638e-02	6.245444e-05	
2.521153e-02	8.437230e-05	
1.969788e-02	5.730656e-05	
2.055265e-02	9.195449e-05	
1.981742e-02	8.721919e-05	
2.485793e-02	7.529402e-05	
2.043652e-02	7.076443e-05	
2.043652e-02	6.919800e-05	
2.384826e-02	8.081915e-05	
2.323387e-02	6.598812e-05	
2.437874e-02	7.602276e-05	
2.400048e-02	8.264522e-05	
2.223154e-02	8.075387e-05	
2.119823e-02	1.047678e-04	
2.119823e-02	7.741919e-05	
2.605399e-02	1.057607e-04	
2.605399e-02	7.528084e-05	
2.433919e-02	4.513745e-05	
2.191117e-02	8.698548e-05	
2.191117e-02	1.343159e-04	
2.246049e-02	1.932177e-04	
2.345416e-02	1.973095e-04	
2.639227e-02	2.204846e-04	
2.294131e-02	2.558179e-04	
2.131904e-02	3.780519e-05	
2.232278e-02	1.114022e-04	
2.237227e-02	1.500636e-04	
2.556350e-02	1.026085e-04	
1.898933e-02	1.145923e-04	
1.898933e-02	1.067820e-04	
2.069430e-02	7.277458e-05	
2.221227e-02	6.112269e-05	
2.283248e-02	5.338959e-05	
2.283248e-02	6.181652e-05	
2.273521e-02	8.553489e-05	
2.273521e-02	4.992630e-05	
2.193427e-02	6.242826e-05	
2.376778e-02	4.248557e-05	
2.040638e-02	6.120102e-05	
2.353402e-02	5.998098e-05	
1.969788e-02	5.638292e-05	
2.039071e-02	4.448273e-05	
1.981742e-02	8.309171e-05	
2.224070e-02	5.966658e-05	
1.850788e-02	6.093305e-05	
2.407398e-02	6.203015e-05	
1.820984e-02	6.683934e-05	
1.820984e-02	6.178387e-05	
2.408112e-02	6.532865e-05	
1.935925e-02	6.521730e-05	
1.935925e-02	8.418392e-05	
2.469939e-02	8.518923e-05	
2.133243e-02	1.077542e-04	
2.042074e-02	9.725373e-05	
2.042074e-02	9.739593e-05	
2.358648e-02	1.059951e-04	
2.277965e-02	1.156391e-04	
2.135742e-02	1.224691e-04	
2.265376e-02	1.871713e-04	
2.265376e-02	2.639342e-04	
2.435988e-02	1.732139e-04	
2.192653e-02	1.823480e-04	
2.131904e-02	1.704692e-04	
2.242283e-02	1.395596e-04	
2.236692e-02	1.467548e-04	
2.319172e-02	1.109207e-04	
2.319172e-02	9.438340e-05	
2.431240e-02	9.327667e-05	
2.069430e-02	6.883740e-05	
2.221227e-02	6.810796e-05	
2.267651e-02	4.463271e-05	
2.267651e-02	6.824085e-05	
2.626359e-02	6.489005e-05	
2.365164e-02	5.629420e-05	
2.535252e-02	7.221191e-05	
1.937289e-02	5.659147e-05	
2.240493e-02	5.275738e-05	
2.320952e-02	6.096732e-05	
2.237805e-02	5.739706e-05	
2.039071e-02	5.504343e-05	
2.292520e-02	3.856020e-05	
2.224070e-02	5.687165e-05	
1.850788e-02	6.250352e-05	
2.500897e-02	5.160002e-05	
2.513150e-02	6.192357e-05	
2.513150e-02	6.577111e-05	
2.408112e-02	6.542728e-05	
2.483761e-02	8.117500e-05	
2.093088e-02	6.731794e-05	
2.469939e-02	9.050464e-05	
2.482728e-02	7.174992e-05	
2.348976e-02	7.764002e-05	
2.134126e-02	8.312012e-05	
2.332147e-02	9.786930e-05	
2.277965e-02	1.394034e-04	
2.135742e-02	1.219360e-04	
2.154477e-02	1.795538e-04	
1.954536e-02	1.825449e-04	
2.073968e-02	2.285955e-04	
2.205176e-02	2.593304e-04	
2.093758e-02	1.432844e-04	
2.242283e-02	1.699002e-04	
2.236692e-02	1.366778e-04	
2.362038e-02	1.094403e-04	
1.975055e-02	9.984399e-05	
2.116582e-02	6.640987e-05	
2.293383e-02	6.137979e-05	
2.556824e-02	7.563986e-05	
2.137327e-02	5.743289e-05	
2.321947e-02	5.580852e-05	
2.512240e-02	6.800357e-05	
2.124933e-02	5.564860e-05	
2.617103e-02	6.396736e-05	
1.937289e-02	6.266934e-05	
2.189285e-02	4.875997e-05	
2.103136e-02	3.731484e-05	
2.449584e-02	7.409017e-05	
2.031626e-02	5.593343e-05	
2.527619e-02	5.993970e-05	
2.392727e-02	5.316726e-05	
2.619817e-02	7.611291e-05	
1.932380e-02	4.719237e-05	
2.524904e-02	6.549816e-05	
2.299306e-02	6.108953e-05	
2.108970e-02	6.234312e-05	
2.047075e-02	8.626576e-05	
2.093088e-02	7.096762e-05	
2.209713e-02	8.228030e-05	
2.209713e-02	7.301460e-05	
2.314338e-02	8.475286e-05	
2.134126e-02	1.067367e-04	
2.428754e-02	1.024749e-04	
2.242403e-02	9.983438e-05	
2.242403e-02	1.219611e-04	
2.154477e-02	9.512438e-05	
1.954536e-02	2.168642e-04	
2.252536e-02	2.785653e-04	
2.641981e-02	2.730007e-04	
2.024236e-02	2.115727e-04	
2.024236e-02	1.275560e-04	
2.430384e-02	4.654610e-05	
2.480569e-02	7.901984e-05	
1.975055e-02	7.317670e-05	
2.116582e-02	5.577033e-05	
2.003254e-02	5.500001e-05	
2.003254e-02	3.576393e-05	
2.137327e-02	3.106811e-05	
2.256796e-02	5.247096e-05	
2.256796e-02	4.823839e-05	
2.124933e-02	7.346428e-05	
2.455922e-02	5.176436e-05	
2.228783e-02	3.167735e-05	
2.253990e-02	4.456294e-05	
2.103136e-02	2.596314e-05	
2.636038e-02	2.583435e-05	
2.031626e-02	5.458950e-05	
2.135560e-02	4.100256e-05	
2.192683e-02	5.558473e-05	
2.258766e-02	4.369670e-05	
1.932380e-02	6.303038e-05	
1.942770e-02	4.266248e-05	
1.942770e-02	4.677509e-05	
2.108970e-02	5.854119e-05	
2.047075e-02	7.478947e-05	
2.319695e-02	7.294084e-05	
2.025031e-02	7.584964e-05	
2.025031e-02	9.710569e-05	
2.081414e-02	9.019639e-05	
2.398758e-02	1.064074e-04	
2.398758e-02	1.146902e-04	
2.261536e-02	1.252757e-04	
2.341808e-02	1.367157e-04	
2.376144e-02	2.136122e-04	
2.294081e-02	2.302369e-04	
2.392751e-02	1.409149e-04	
2.161691e-02	1.683749e-04	
2.161691e-02	1.546341e-04	
2.694261e-02	9.813271e-05	
2.050385e-02	8.555347e-05	
2.050385e-02	8.979063e-05	
1.997085e-02	3.815422e-05	
1.997085e-02	2.565646e-05	
2.539335e-02	4.377095e-05	
2.589186e-02	5.627927e-05	
2.186425e-02	6.206001e-05	
2.062861e-02	5.760629e-05	
2.137400e-02	4.912934e-05	
2.137400e-02	6.345234e-05	
2.455922e-02	4.952838e-05	
2.135725e-02	4.802812e-05	
2.135725e-02	5.418309e-05	
2.261503e-02	3.281694e-05	
2.507258e-02	1.021106e-05	
2.276387e-02	3.876059e-05	
2.135560e-02	4.006244e-05	
2.309159e-02	3.196870e-05	
2.020750e-02	3.830701e-05	
2.551587e-02	5.534126e-05	
2.156336e-02	5.304108e-05	
2.458725e-02	3.660787e-05	
2.182913e-02	6.555796e-05	
2.182913e-02	8.579965e-05	
2.416192e-02	8.545349e-05	
2.416192e-02	8.183875e-05	
2.393747e-02	8.219770e-05	
2.081414e-02	1.139714e-04	
2.498550e-02	8.924881e-05	
2.618882e-02	1.000560e-04	
2.261536e-02	9.640126e-05	
2.328707e-02	1.197445e-04	
2.160698e-02	1.912798e-04	
2.294081e-02	2.937699e-04	
2.653014e-02	3.245524e-04	
2.171494e-02	8.187303e-05	
2.203646e-02	1.619000e-04	
2.156308e-02	8.821345e-05	
1.898144e-02	8.435105e-05	
1.898144e-02	7.477528e-05	
2.071857e-02	1.901221e-05	
2.587375e-02	4.674666e-05	
2.376483e-02	6.282121e-05	
2.515508e-02	4.350676e-05	
2.071567e-02	6.459188e-05	
2.062861e-02	5.665476e-05	
2.505465e-02	3.293897e-05	
2.239723e-02	3.833978e-05	
2.347231e-02	5.303589e-05	
2.184818e-02	4.754846e-05	
2.015231e-02	3.505143e-05	
2.261503e-02	4.886910e-05	
2.417394e-02	2.734532e-05	
2.433447e-02	1.693104e-05	
2.136912e-02	3.215632e-05	
2.136912e-02	2.853532e-05	
2.020750e-02	3.311649e-05	
2.256370e-02	4.910281e-05	
2.409659e-02	5.239792e-05	
2.479266e-02	4.290977e-05	
2.463748e-02	6.079566e-05	
2.094554e-02	5.743931e-05	
2.094554e-02	8.050168e-05	
2.489521e-02	7.655667e-05	
2.457564e-02	1.009581e-04	
2.099766e-02	9.658525e-05	
2.099766e-02	9.829926e-05	
2.246732e-02	1.128744e-04	
2.257485e-02	1.558374e-04	
2.189481e-02	1.644680e-04	
2.160698e-02	1.806640e-04	
2.345132e-02	1.583893e-04	
2.345132e-02	1.865009e-04	
2.446706e-02	2.805943e-04	
2.203646e-02	1.254758e-04	
2.156308e-02	4.586284e-05	
2.386698e-02	4.641462e-05	
2.592236e-02	7.060293e-05	
2.350493e-02	4.095887e-05	
2.336795e-02	6.308856e-05	
2.336795e-02	5.664040e-05	
2.201867e-02	3.475427e-05	
2.387284e-02	1.907038e-05	
2.350642e-02	6.818166e-05	
2.274101e-02	3.150181e-05	
2.239723e-02	4.160773e-05	
2.347231e-02	5.260015e-05	
2.204075e-02	2.839494e-05	
2.015231e-02	2.105417e-05	
2.321256e-02	3.850765e-05	
2.161015e-02	2.386198e-05	
2.088112e-02	2.346859e-05	
2.000554e-02	1.768752e-05	
2.000554e-02	3.122070e-05	
2.612467e-02	4.204582e-05	
2.558418e-02	2.886768e-05	
1.999346e-02	4.856153e-05	
1.999346e-02	4.608162e-05	
2.491408e-02	3.251381e-05	
2.110297e-02	5.624709e-05	
2.133241e-02	7.356841e-05	
2.001515e-02	5.645040e-05	
2.387307e-02	8.560389e-05	
2.387307e-02	1.053815e-04	
2.208997e-02	7.682000e-05	
2.246732e-02	1.272098e-04	
2.415997e-02	1.122577e-04	
2.189481e-02	1.953273e-04	
2.353187e-02	1.617858e-04	
2.209282e-02	2.566646e-04	
2.298268e-02	1.219139e-04	
1.815185e-02	1.690772e-04	
2.357648e-02	1.421543e-04	
2.342037e-02	8.606950e-05	
2.342037e-02	8.847651e-05	
1.917415e-02	6.110164e-05	
2.331228e-02	6.756598e-05	
2.174304e-02	2.929977e-05	
2.415948e-02	4.657062e-05	
2.201867e-02	3.191734e-05	
2.226072e-02	3.690937e-05	
2.226072e-02	3.535273e-05	
2.274101e-02	6.898133e-05	
2.125992e-02	5.703422e-05	
2.372360e-02	6.528331e-05	
2.420910e-02	4.150650e-05	
2.237336e-02	2.837677e-05	
2.308690e-02	2.530697e-05	
1.919456e-02	3.527562e-05	
1.919456e-02	2.942116e-05	
2.258016e-02	2.243120e-05	
2.298185e-02	2.272858e-05	
2.021736e-02	3.269042e-05	
2.446503e-02	4.226711e-05	
2.446503e-02	4.299548e-05	
2.100885e-02	4.816751e-05	
2.100885e-02	5.691699e-05	
2.233743e-02	5.534910e-05	
2.364192e-02	6.498777e-05	
2.001515e-02	7.040480e-05	
2.140877e-02	7.723038e-05	
2.367024e-02	7.605762e-05	
2.367024e-02	9.940881e-05	
2.234621e-02	9.130619e-05	
2.234621e-02	1.176983e-04	
2.303105e-02	1.153869e-04	
2.303105e-02	1.503569e-04	
2.142143e-02	1.870996e-04	
2.142143e-02	2.739369e-04	
1.815185e-02	2.156530e-04	
2.496093e-02	1.264852e-04	
2.165755e-02	9.857059e-05	
2.350910e-02	7.904539e-05	
1.917415e-02	4.306596e-05	
2.307771e-02	2.195349e-05	
2.174304e-02	6.890348e-05	
2.304068e-02	5.163805e-05	
2.316756e-02	7.146453e-05	
2.086073e-02	2.307638e-05	
2.272069e-02	2.955407e-05	
2.348987e-02	3.292978e-05	
1.910892e-02	4.996007e-05	
1.910892e-02	4.598002e-05	
2.058213e-02	2.749351e-05	
2.058213e-02	3.400625e-05	
2.451911e-02	2.071574e-05	
2.201597e-02	4.289533e-05	
2.253532e-02	4.668222e-05	
2.350452e-02	3.917210e-05	
2.390142e-02	1.896086e-05	
2.021736e-02	3.306520e-05	
2.254964e-02	2.740699e-05	
2.300470e-02	3.442647e-05	
2.389394e-02	4.457867e-05	
1.957564e-02	3.476610e-05	
1.957564e-02	6.043347e-05	
2.051062e-02	6.536704e-05	
2.214832e-02	6.637199e-05	
2.140877e-02	8.577622e-05	
2.344576e-02	6.937767e-05	
2.307992e-02	8.520145e-05	
2.498296e-02	1.102022e-04	
2.315634e-02	5.870383e-05	
2.315634e-02	1.123700e-04	
2.375738e-02	1.068071e-04	
2.118134e-02	1.500229e-04	
2.199621e-02	1.721889e-04	
2.166722e-02	1.681896e-04	
1.973010e-02	9.606210e-05	
2.165755e-02	8.150849e-05	
2.341811e-02	7.802513e-05	
2.336475e-02	4.305014e-05	
2.307771e-02	6.886167e-05	
2.388356e-02	6.316398e-05	
2.247678e-02	4.374587e-05	
2.252859e-02	4.528913e-05	
2.086073e-02	2.118602e-05	
2.116816e-02	3.438454e-05	
2.116816e-02	3.414361e-05	
2.409793e-02	2.425459e-05	
2.496679e-02	3.211058e-05	
2.285511e-02	1.928085e-05	
2.086106e-02	1.607446e-05	
2.497947e-02	2.037107e-05	
2.201597e-02	3.313687e-05	
2.253532e-02	3.648840e-05	
2.269475e-02	3.264558e-05	
1.942786e-02	2.860661e-05	
1.942786e-02	2.055913e-05	
2.254964e-02	2.554139e-05	
2.300470e-02	2.259253e-05	
2.382810e-02	2.846859e-05	
2.414520e-02	1.149062e-05	
2.284494e-02	2.592704e-05	
2.051062e-02	6.260591e-05	
2.280087e-02	5.189185e-05	
2.278905e-02	5.825005e-05	
2.177106e-02	5.314340e-05	
2.220851e-02	9.736556e-05	
1.991237e-02	7.866634e-05	
2.059311e-02	9.556627e-05	
2.348267e-02	7.208781e-05	
1.884988e-02	7.155168e-05	
1.884988e-02	1.202611e-04	
2.199621e-02	1.928132e-04	
2.166722e-02	1.303437e-04	
1.973010e-02	1.374685e-04	
2.296985e-02	5.680658e-05	
2.296985e-02	1.019691e-04	
2.320403e-02	3.174370e-05	
2.328185e-02	4.961716e-05	
2.328185e-02	2.599801e-05	
2.247678e-02	3.090705e-05	
1.992337e-02	4.847695e-05	
2.018128e-02	2.787216e-05	
2.018128e-02	3.946312e-05	
2.573066e-02	3.707778e-05	
2.051849e-02	4.123095e-05	
2.051849e-02	2.962947e-05	
2.184614e-02	2.409764e-05	
2.080128e-02	4.027784e-05	
2.080128e-02	3.106441e-05	
2.631686e-02	2.994373e-05	
2.378387e-02	1.887143e-05	
2.269475e-02	3.650778e-05	
2.052365e-02	3.525293e-05	
2.164365e-02	1.253030e-05	
2.164365e-02	1.628239e-05	
2.403185e-02	4.374361e-05	
2.277341e-02	3.686080e-05	
2.235994e-02	4.891233e-05	
2.271124e-02	3.308611e-05	
2.398146e-02	3.558687e-05	
2.368756e-02	2.664401e-05	
2.028544e-02	4.208348e-05	
2.028544e-02	6.987675e-05	
2.511403e-02	5.662863e-05	
1.991237e-02	9.745451e-05	
2.239517e-02	7.839786e-05	
2.418279e-02	9.739186e-05	
2.284586e-02	1.357849e-04	
2.326605e-02	1.662078e-04	
2.185193e-02	2.353659e-04	
2.327542e-02	1.996919e-04	
2.327542e-02	6.934347e-05	
2.057746e-02	9.189336e-05	
2.057746e-02	8.653804e-05	
2.320403e-02	3.218023e-05	
2.495355e-02	4.708608e-05	
2.495355e-02	6.224235e-05	
2.069515e-02	4.867153e-05	
1.992337e-02	6.654104e-05	
2.376647e-02	2.276555e-05	
2.414159e-02	4.241393e-05	
2.313606e-02	3.208341e-05	
2.112781e-02	2.953628e-05	
2.254260e-02	8.441095e-06	
2.184614e-02	1.946278e-05	
2.110852e-02	2.689129e-05	
2.110852e-02	4.977366e-05	
2.202040e-02	2.232753e-05	
2.258047e-02	2.724574e-05	
2.272944e-02	2.983541e-05	
2.072479e-02	3.733087e-05	
2.408216e-02	3.341424e-05	
2.318454e-02	2.880464e-05	
2.418615e-02	2.029796e-05	
1.976481e-02	3.298184e-05	
1.912574e-02	3.940714e-05	
1.912574e-02	3.675245e-05	
2.560257e-02	4.308160e-05	
2.488721e-02	3.601613e-05	
2.463964e-02	4.741355e-05	
2.105432e-02	3.107020e-05	
2.105432e-02	5.941375e-05	
2.385890e-02	6.075892e-05	
2.364095e-02	6.199765e-05	
2.041649e-02	7.886145e-05	
2.247800e-02	9.012228e-05	
1.938352e-02	1.740315e-04	
1.938352e-02	2.520017e-04	
2.298844e-02	1.152597e-04	
2.360331e-02	1.685523e-05	
2.390557e-02	8.974182e-05	
1.979290e-02	1.027465e-04	
2.402144e-02	7.217385e-05	
1.974064e-02	4.703275e-05	
1.974064e-02	3.019761e-05	
2.157096e-02	5.528222e-05	
2.551482e-02	3.357116e-05	
2.259726e-02	2.714585e-05	
2.259726e-02	3.041470e-05	
2.396665e-02	2.835961e-05	
2.320565e-02	1.701219e-05	
2.172589e-02	1.909687e-05	
2.185278e-02	2.310521e-05	
2.185278e-02	1.894175e-05	
2.384652e-02	2.559933e-05	
2.202040e-02	1.477679e-05	
2.258047e-02	2.115044e-05	
2.272944e-02	2.016495e-05	
2.072479e-02	2.438632e-05	
2.228652e-02	2.404567e-05	
2.228652e-02	2.708409e-05	
2.429762e-02	1.778360e-05	
1.976481e-02	2.575883e-05	
2.415215e-02	2.740223e-05	
2.415215e-02	1.104476e-05	
2.189170e-02	2.228855e-05	
2.116334e-02	5.736479e-05	
2.116334e-02	6.508518e-05	
2.568415e-02	6.492515e-05	
2.470226e-02	1.261659e-05	
2.292453e-02	2.153388e-05	
2.292453e-02	2.454462e-05	
2.041649e-02	4.777665e-05	
2.247800e-02	9.750789e-05	
2.214768e-02	1.551018e-04	
2.343081e-02	6.411203e-05	
2.298844e-02	1.589860e-04	
1.991175e-02	6.081391e-06	
1.991175e-02	1.409043e-05	
1.979290e-02	1.009754e-04	
2.182677e-02	3.748856e-05	
2.182677e-02	1.475961e-05	
2.002548e-02	3.145816e-05	
2.459145e-02	9.728777e-06	
2.424131e-02	1.377908e-05	
2.273875e-02	2.461543e-05	
2.095506e-02	2.434963e-05	
2.095506e-02	1.461155e-05	
2.286000e-02	6.324708e-06	
2.151248e-02	2.518246e-05	
2.151248e-02	2.459332e-05	
2.207164e-02	9.297667e-06	
2.494557e-02	2.225755e-05	
2.077933e-02	2.091341e-05	
2.077933e-02	2.855797e-05	
2.424289e-02	5.427745e-06	
2.205396e-02	1.531045e-05	
2.205396e-02	1.140557e-05	
2.430135e-02	2.133112e-05	
2.447232e-02	1.910696e-05	
2.505304e-02	1.338975e-05	
2.392468e-02	1.302205e-05	
2.430734e-02	3.201714e-06	
2.119373e-02	2.178709e-05	
2.119373e-02	2.745354e-05	
2.254941e-02	5.267810e-05	
2.508718e-02	3.199173e-05	
2.041830e-02	2.047020e-05	
2.041830e-02	2.516740e-05	
2.418505e-02	2.461461e-05	
2.536482e-02	4.254161e-05	
2.557300e-02	3.458122e-05	
2.223296e-02	4.476473e-05	
2.329874e-02	5.219883e-05	
