2.564103e-02	1.088019e-13	
2.564103e-02	1.731948e-13	
2.564103e-02	7.061018e-14	
2.559044e-02	3.336220e-13	
2.564103e-02	5.997425e-13	
2.564103e-02	5.551115e-13	
2.197253e-02	6.545875e-13	
2.564103e-02	8.224532e-13	
2.564103e-02	3.851885e-11	
2.564103e-02	1.265432e-12	
2.268917e-02	9.710899e-12	
2.554982e-02	2.409739e-12	
2.249567e-02	1.500577e-12	
2.564103e-02	2.009359e-11	
2.564103e-02	1.906253e-13	
2.311271e-02	3.723688e-12	
2.564103e-02	1.047828e-12	
2.310144e-02	1.305915e-10	
2.564103e-02	1.887268e-12	
2.564103e-02	1.187428e-11	
2.375431e-02	6.299183e-12	
2.413307e-02	2.690315e-11	
2.342308e-02	4.968914e-12	
2.532964e-02	6.370460e-12	
2.483182e-02	1.141531e-12	
2.564103e-02	5.701217e-12	
2.208640e-02	4.526401e-11	
2.564103e-02	1.260103e-12	
2.564103e-02	1.904144e-12	
2.564103e-02	5.069278e-13	
2.564103e-02	1.254108e-12	
2.420502e-02	2.230105e-12	
2.338299e-02	1.386646e-11	
2.217756e-02	7.256418e-13	
2.208133e-02	1.936451e-12	
2.564103e-02	2.309486e-12	
2.238059e-02	1.601830e-12	
2.564103e-02	8.637535e-14	
2.474194e-02	1.192380e-13	
2.564103e-02	5.584422e-14	
2.564103e-02	2.197575e-12	
2.332567e-02	1.647419e-13	
2.419072e-02	4.628229e-14	
2.564103e-02	1.496235e-14	
2.564103e-02	4.350244e-16	
2.234577e-02	8.838330e-16	
2.564103e-02	1.017791e-14	
2.564103e-02	2.088044e-15	
2.564103e-02	2.326817e-15	
2.452306e-02	8.444734e-16	
2.564103e-02	6.413521e-15	
2.261826e-02	1.630090e-15	
2.564103e-02	8.530090e-16	
2.564103e-02	1.297757e-15	
2.564103e-02	4.200481e-15	
2.564103e-02	2.255652e-15	
2.505084e-02	4.392763e-16	
2.254949e-02	2.440764e-15	
2.564103e-02	3.968290e-15	
2.362193e-02	2.816292e-16	
2.564103e-02	2.816292e-16	
2.564103e-02	1.842420e-15	
2.564103e-02	8.614461e-16	
2.501555e-02	1.610680e-15	
2.564103e-02	7.518842e-16	
2.484103e-02	2.022454e-15	
2.473811e-02	0	
2.564103e-02	1.364814e-15	
2.254150e-02	5.433634e-16	
2.564103e-02	7.773965e-16	
2.270469e-02	1.477828e-15	
2.410161e-02	1.396090e-15	
2.564103e-02	1.174525e-15	
2.564103e-02	4.490255e-16	
2.400622e-02	1.767666e-16	
2.279762e-02	1.740098e-15	
2.564103e-02	4.702454e-15	
2.564103e-02	5.837406e-14	
2.371735e-02	2.136343e-13	
2.564103e-02	2.130718e-11	
2.564103e-02	6.357137e-13	
2.564103e-02	9.967582e-13	
2.182520e-02	1.185718e-12	
2.258782e-02	7.953638e-13	
2.503430e-02	1.867817e-11	
2.414839e-02	1.687539e-14	
2.564103e-02	2.330358e-12	
2.548410e-02	2.518430e-12	
2.295114e-02	4.518164e-12	
2.564103e-02	3.373746e-12	
2.336169e-02	3.902878e-12	
2.433964e-02	2.538858e-12	
2.564103e-02	3.099299e-12	
2.564103e-02	2.964295e-13	
2.559470e-02	2.244538e-12	
2.564103e-02	1.491030e-12	
2.564103e-02	1.316169e-11	
2.564103e-02	5.372480e-12	
2.342092e-02	2.181821e-11	
2.564103e-02	5.550449e-12	
2.321671e-02	1.016232e-11	
2.425733e-02	3.575229e-11	
2.564103e-02	3.014033e-12	
2.564103e-02	5.152656e-12	
2.564103e-02	2.919065e-11	
2.564103e-02	3.117351e-11	
2.216681e-02	1.962874e-13	
2.430945e-02	4.702638e-11	
2.411232e-02	2.146394e-12	
2.564103e-02	7.503997e-12	
2.492031e-02	2.018341e-11	
2.564103e-02	3.426881e-11	
2.564103e-02	1.956768e-11	
2.564103e-02	1.123990e-12	
2.284626e-02	2.431588e-11	
2.357206e-02	1.406464e-11	
2.564103e-02	4.497380e-11	
2.346522e-02	1.362244e-13	
2.564103e-02	1.505462e-13	
2.485760e-02	5.155876e-13	
2.285860e-02	3.088640e-13	
2.564103e-02	4.032330e-13	
2.551502e-02	5.901946e-13	
2.340742e-02	2.964740e-12	
2.564103e-02	7.600587e-12	
2.323197e-02	2.633571e-11	
2.564103e-02	2.448930e-12	
2.419581e-02	2.126521e-12	
2.564103e-02	1.479927e-12	
2.272082e-02	6.370460e-11	
2.564103e-02	1.874778e-11	
2.194958e-02	5.800915e-12	
2.564103e-02	1.773026e-13	
2.564103e-02	5.694556e-11	
2.564103e-02	3.970158e-12	
2.564103e-02	4.129697e-12	
2.265450e-02	1.925460e-12	
2.564103e-02	7.016387e-12	
2.492605e-02	1.416534e-12	
2.510180e-02	1.572187e-11	
2.564103e-02	8.338552e-12	
2.288911e-02	1.557166e-11	
2.208286e-02	2.175038e-11	
2.564103e-02	1.911693e-12	
2.465650e-02	2.265899e-11	
2.564103e-02	7.664203e-12	
2.564103e-02	1.195866e-11	
2.564103e-02	1.236666e-11	
2.483276e-02	2.291634e-11	
2.495300e-02	4.747314e-12	
2.564103e-02	2.003608e-11	
2.564103e-02	8.317791e-12	
2.564103e-02	2.356337e-12	
2.564103e-02	1.312950e-12	
2.564103e-02	1.416978e-12	
2.564103e-02	1.047817e-11	
2.408122e-02	1.751207e-05	
2.258305e-02	9.305961e-06	
2.270427e-02	6.655137e-07	
2.270427e-02	3.306608e-05	
2.371749e-02	1.341405e-05	
2.197253e-02	3.122896e-05	
2.234247e-02	4.639693e-05	
2.535143e-02	2.387419e-05	
1.908330e-02	3.203142e-05	
2.268917e-02	2.473032e-05	
2.374007e-02	5.255854e-05	
2.249567e-02	7.425370e-06	
2.328552e-02	6.088897e-05	
2.361312e-02	7.157890e-05	
2.311271e-02	7.154843e-06	
2.488956e-02	1.423881e-04	
2.187485e-02	7.287408e-06	
2.187485e-02	1.638478e-05	
2.224425e-02	2.773832e-05	
2.375431e-02	1.544915e-05	
1.834329e-02	5.368963e-05	
1.834329e-02	5.107860e-05	
2.505975e-02	7.033884e-05	
2.312842e-02	2.983263e-05	
2.246731e-02	8.151318e-05	
2.182201e-02	1.979469e-05	
2.182201e-02	9.269253e-06	
2.257612e-02	2.499313e-05	
2.417740e-02	5.819760e-06	
2.148632e-02	6.397837e-05	
2.355442e-02	1.199383e-05	
2.338299e-02	3.415349e-05	
2.217756e-02	6.015094e-05	
2.208133e-02	3.831212e-05	
2.054391e-02	9.455322e-05	
2.238059e-02	7.900673e-06	
2.282152e-02	1.825977e-05	
2.474194e-02	2.445895e-06	
2.408122e-02	4.019357e-05	
2.233981e-02	1.706250e-05	
2.233981e-02	6.674735e-06	
1.901717e-02	2.752094e-05	
2.170754e-02	6.249921e-06	
2.170754e-02	8.514457e-06	
2.110781e-02	2.097426e-05	
2.110781e-02	4.564790e-05	
1.908330e-02	2.661403e-05	
2.332676e-02	1.444589e-05	
2.332676e-02	3.254028e-06	
2.280259e-02	2.399878e-05	
2.121148e-02	2.502019e-05	
2.175566e-02	2.519425e-05	
2.175566e-02	1.288576e-05	
2.488956e-02	1.505673e-05	
2.338379e-02	1.062349e-05	
2.241376e-02	2.190366e-05	
2.217246e-02	2.995039e-05	
2.023399e-02	2.654996e-05	
2.235912e-02	8.158360e-06	
2.175208e-02	5.588093e-05	
2.404570e-02	6.147915e-05	
2.312842e-02	3.394278e-05	
2.086147e-02	6.100641e-05	
2.086147e-02	2.860799e-05	
2.285937e-02	6.880172e-05	
2.248485e-02	5.515135e-05	
2.230968e-02	3.753160e-05	
2.148632e-02	6.309614e-05	
2.178679e-02	6.050207e-05	
2.380914e-02	1.700023e-05	
2.287298e-02	5.442218e-05	
2.287298e-02	2.597011e-05	
2.054391e-02	4.366804e-05	
2.243062e-02	2.817266e-05	
2.243062e-02	7.025168e-06	
2.130293e-02	1.104998e-06	
2.182520e-02	1.563287e-05	
2.502571e-02	2.383188e-05	
2.104707e-02	1.129562e-05	
1.901717e-02	2.121869e-05	
2.579951e-02	1.354283e-05	
2.447762e-02	3.386297e-05	
2.318107e-02	5.979414e-05	
2.303920e-02	2.844977e-05	
2.487329e-02	6.917298e-05	
2.132493e-02	2.370394e-05	
2.403659e-02	7.189129e-05	
2.403659e-02	4.337152e-05	
2.121148e-02	2.600545e-05	
2.177074e-02	1.292746e-05	
2.179966e-02	3.945939e-05	
2.070192e-02	6.450507e-06	
2.070192e-02	1.762972e-05	
2.241376e-02	2.452046e-05	
2.166023e-02	1.957947e-05	
2.023399e-02	2.258449e-05	
2.235912e-02	1.573040e-05	
2.175208e-02	1.867227e-05	
2.277128e-02	2.384437e-06	
2.083525e-02	3.812813e-05	
2.385441e-02	2.872363e-05	
2.575195e-02	1.379359e-05	
2.505356e-02	5.346950e-05	
2.191951e-02	1.424701e-05	
2.191951e-02	6.323334e-06	
2.410248e-02	4.151052e-06	
2.410248e-02	1.677974e-05	
2.224041e-02	2.267551e-05	
2.224041e-02	4.904913e-05	
2.179473e-02	1.992193e-05	
1.978805e-02	3.374449e-05	
2.176581e-02	4.722359e-05	
2.224311e-02	3.409511e-05	
2.130293e-02	1.776667e-05	
2.210149e-02	3.217103e-05	
2.226743e-02	2.464026e-05	
2.043228e-02	1.840496e-05	
1.992277e-02	5.211700e-05	
1.992277e-02	5.217199e-05	
2.695479e-02	7.263691e-05	
2.372800e-02	8.718862e-05	
2.103329e-02	1.089191e-04	
2.123755e-02	6.345533e-05	
2.132493e-02	7.392396e-05	
2.215973e-02	6.974067e-05	
2.215973e-02	5.163717e-05	
2.254750e-02	5.386909e-05	
1.934723e-02	1.124170e-05	
2.374660e-02	4.469781e-05	
2.184869e-02	5.555130e-05	
2.270867e-02	6.241413e-05	
2.154574e-02	2.003704e-05	
2.154574e-02	3.560812e-05	
2.226045e-02	8.472172e-05	
1.922095e-02	7.062156e-05	
2.327762e-02	6.675777e-05	
1.962759e-02	1.609098e-05	
2.083525e-02	3.834007e-05	
2.422290e-02	3.963229e-05	
2.180515e-02	2.801025e-06	
2.180515e-02	3.660977e-05	
2.083523e-02	5.182041e-05	
2.173972e-02	5.431936e-05	
2.157511e-02	7.630600e-05	
2.157511e-02	2.792654e-05	
2.251893e-02	5.792543e-05	
1.890023e-02	3.338869e-05	
2.371350e-02	4.363716e-05	
1.978805e-02	4.127590e-05	
2.080690e-02	1.993305e-05	
2.080690e-02	4.754703e-05	
2.580810e-02	6.176503e-05	
2.313790e-02	6.416265e-05	
2.226743e-02	4.151646e-05	
2.043228e-02	3.133399e-05	
2.685286e-02	1.331805e-05	
2.032937e-02	8.558750e-05	
2.243141e-02	4.912813e-05	
2.202008e-02	5.384360e-05	
2.103329e-02	1.088338e-04	
2.123755e-02	7.138165e-05	
2.439528e-02	6.329126e-05	
2.559830e-02	8.280600e-05	
1.888456e-02	7.911623e-05	
2.182482e-02	5.476890e-05	
1.934723e-02	6.873277e-05	
2.647353e-02	6.652289e-05	
2.246692e-02	4.127968e-05	
2.310363e-02	7.412249e-05	
2.029481e-02	5.396892e-05	
2.255334e-02	5.282807e-05	
2.226045e-02	6.165929e-05	
1.922095e-02	6.704883e-05	
2.313727e-02	3.171351e-05	
1.962759e-02	4.844944e-05	
2.247185e-02	3.018855e-05	
2.433594e-02	2.984678e-05	
2.385744e-02	1.318497e-05	
2.385744e-02	3.512755e-05	
2.083523e-02	3.801437e-05	
2.148713e-02	1.640537e-05	
2.148713e-02	7.134103e-05	
2.223017e-02	2.533774e-05	
2.376118e-02	1.126458e-05	
1.890023e-02	7.263766e-05	
2.404743e-02	5.858758e-05	
2.251701e-02	4.998022e-05	
2.239795e-02	4.692046e-05	
2.465943e-02	6.111764e-05	
2.430042e-02	7.077562e-05	
2.336980e-02	6.014460e-05	
2.415300e-02	1.083663e-04	
2.415300e-02	7.772796e-05	
2.109053e-02	7.171487e-05	
2.405593e-02	6.403503e-05	
2.367833e-02	5.889546e-05	
2.202008e-02	6.836137e-05	
2.328528e-02	8.725463e-05	
2.311066e-02	8.805618e-05	
2.288890e-02	9.975868e-05	
2.288890e-02	8.253186e-05	
1.888456e-02	9.052447e-05	
2.182482e-02	5.663006e-05	
2.323335e-02	6.487884e-05	
2.323335e-02	6.076036e-05	
2.246692e-02	5.648136e-05	
2.310363e-02	6.227244e-05	
2.029481e-02	6.938250e-05	
1.872144e-02	5.386181e-05	
2.321319e-02	6.528743e-05	
2.291229e-02	3.776635e-05	
2.395286e-02	6.585323e-05	
2.318271e-02	3.291230e-05	
2.318271e-02	4.065941e-05	
2.526750e-02	2.919670e-05	
2.395279e-02	2.716674e-05	
2.240482e-02	4.292722e-05	
2.224133e-02	2.147652e-05	
2.291915e-02	3.695815e-05	
2.019536e-02	5.008121e-05	
2.019536e-02	7.627983e-05	
1.989055e-02	8.195075e-05	
2.514536e-02	9.384634e-05	
2.550018e-02	6.258295e-05	
2.273915e-02	8.280897e-05	
2.239795e-02	8.586827e-05	
2.343203e-02	8.625056e-05	
2.340742e-02	6.018806e-05	
2.230060e-02	9.559765e-05	
2.532827e-02	1.224859e-04	
2.438713e-02	1.347355e-04	
2.109053e-02	1.140622e-04	
2.000953e-02	6.943411e-05	
2.367833e-02	1.012789e-04	
2.319652e-02	7.821433e-05	
2.460544e-02	1.101038e-04	
2.311066e-02	9.055385e-05	
2.590562e-02	7.128938e-05	
1.992312e-02	1.168751e-04	
1.992312e-02	1.053478e-04	
2.373645e-02	1.059637e-04	
2.373645e-02	8.537283e-05	
2.376780e-02	5.657490e-05	
1.856718e-02	6.381397e-05	
1.856718e-02	7.616546e-05	
2.062218e-02	6.150873e-05	
1.872144e-02	8.353576e-05	
2.427594e-02	4.119890e-05	
2.275168e-02	4.289178e-05	
2.275168e-02	7.633437e-05	
2.428419e-02	5.640992e-05	
2.448448e-02	3.760608e-05	
2.303356e-02	4.131976e-05	
2.303356e-02	4.298641e-05	
2.564713e-02	4.217875e-05	
2.224133e-02	5.488189e-05	
2.102006e-02	2.084483e-05	
2.102006e-02	3.266948e-05	
2.105379e-02	7.438690e-05	
1.989055e-02	1.065223e-04	
2.103099e-02	6.958070e-05	
2.103099e-02	7.055032e-05	
2.643424e-02	1.027605e-04	
2.110761e-02	7.275042e-05	
2.110761e-02	1.334031e-04	
2.568562e-02	1.396434e-04	
2.230060e-02	1.107735e-04	
2.189307e-02	1.063743e-04	
2.308977e-02	9.828297e-05	
2.525166e-02	1.068015e-04	
2.000953e-02	1.034330e-04	
2.161229e-02	9.122209e-05	
2.032762e-02	1.204927e-04	
2.032762e-02	1.103071e-04	
2.040692e-02	9.791357e-05	
2.099795e-02	1.081978e-04	
2.449868e-02	9.622856e-05	
2.188987e-02	1.013308e-04	
2.188987e-02	6.903185e-05	
2.457465e-02	7.381691e-05	
1.976331e-02	6.937668e-05	
1.976331e-02	5.633717e-05	
2.571965e-02	7.130452e-05	
2.062218e-02	8.028515e-05	
2.361719e-02	6.855974e-05	
1.924388e-02	7.512956e-05	
1.924388e-02	6.332786e-05	
2.667042e-02	5.939124e-05	
2.443966e-02	7.682661e-05	
2.047111e-02	6.118621e-05	
2.648446e-02	5.541803e-05	
2.307894e-02	6.241811e-05	
2.170650e-02	5.456604e-05	
2.170650e-02	5.782091e-05	
2.348808e-02	7.683897e-05	
2.481546e-02	4.109864e-05	
2.105379e-02	6.680769e-05	
2.092803e-02	7.697871e-05	
2.065977e-02	7.657650e-05	
2.353614e-02	9.701903e-05	
2.161100e-02	1.109028e-04	
2.161100e-02	1.617105e-04	
2.480642e-02	1.122982e-04	
2.323197e-02	9.303745e-05	
2.295114e-02	1.075345e-04	
2.189307e-02	9.395820e-05	
2.308977e-02	9.370674e-05	
2.342798e-02	9.725459e-05	
2.322013e-02	1.252469e-04	
2.235163e-02	1.097572e-04	
2.216966e-02	9.916341e-05	
2.468900e-02	9.596988e-05	
2.040692e-02	1.074060e-04	
2.118740e-02	8.618710e-05	
2.319870e-02	8.799854e-05	
1.995234e-02	8.205475e-05	
1.995234e-02	8.060093e-05	
2.044640e-02	8.418536e-05	
2.044640e-02	7.009265e-05	
1.900983e-02	7.164858e-05	
1.900983e-02	8.125560e-05	
2.717928e-02	1.077089e-04	
2.278192e-02	7.566592e-05	
2.217562e-02	8.837720e-05	
2.099148e-02	6.292021e-05	
2.099148e-02	4.763366e-05	
2.443966e-02	6.614545e-05	
2.047111e-02	7.718307e-05	
2.084697e-02	4.248985e-05	
1.916422e-02	5.493339e-05	
2.221606e-02	8.077427e-05	
1.968745e-02	5.634519e-05	
2.037685e-02	7.947253e-05	
2.037685e-02	7.915346e-05	
2.038611e-02	8.518764e-05	
2.365287e-02	1.133442e-04	
2.065977e-02	9.503215e-05	
2.483143e-02	6.370394e-05	
2.338886e-02	9.576479e-05	
1.988380e-02	9.809239e-05	
1.988380e-02	1.551408e-04	
2.166254e-02	1.634657e-04	
2.641279e-02	1.180184e-04	
2.387789e-02	1.452248e-04	
2.395408e-02	1.015458e-04	
2.004185e-02	1.050555e-04	
2.004185e-02	9.881578e-05	
2.235163e-02	1.304368e-04	
2.406558e-02	1.048800e-04	
2.295748e-02	8.269385e-05	
2.295748e-02	9.296313e-05	
2.073634e-02	8.248075e-05	
2.073634e-02	7.552070e-05	
2.058898e-02	8.067691e-05	
2.058898e-02	8.423149e-05	
1.899542e-02	6.218301e-05	
2.535815e-02	9.008354e-05	
2.177453e-02	8.632203e-05	
1.988131e-02	9.162259e-05	
2.214036e-02	1.004651e-04	
2.278192e-02	8.800813e-05	
2.437500e-02	8.670078e-05	
1.968435e-02	8.224343e-05	
1.968435e-02	7.242034e-05	
2.302526e-02	6.276055e-05	
2.302526e-02	7.252531e-05	
2.084697e-02	4.878967e-05	
1.916422e-02	4.841948e-05	
2.327752e-02	4.072485e-05	
1.968745e-02	7.056704e-05	
2.498945e-02	7.325976e-05	
2.195252e-02	9.155813e-05	
2.038611e-02	8.782637e-05	
2.576737e-02	7.647961e-05	
2.084032e-02	1.321918e-04	
2.207098e-02	1.049035e-04	
2.207098e-02	1.259876e-04	
2.354851e-02	1.396599e-04	
2.496411e-02	1.223733e-04	
2.166254e-02	1.035261e-04	
2.336169e-02	8.369699e-05	
2.437699e-02	9.416987e-05	
2.539290e-02	1.388014e-04	
2.293588e-02	1.306107e-04	
2.238843e-02	1.373757e-04	
2.238843e-02	1.283802e-04	
2.179813e-02	1.200263e-04	
2.165110e-02	1.088169e-04	
2.401983e-02	1.201110e-04	
2.095464e-02	7.974066e-05	
2.147583e-02	9.388918e-05	
2.539096e-02	6.552544e-05	
2.015096e-02	7.981738e-05	
1.899542e-02	7.419812e-05	
2.128310e-02	4.538743e-05	
2.128310e-02	6.797803e-05	
1.988131e-02	7.878984e-05	
2.214036e-02	6.045418e-05	
2.440137e-02	6.430238e-05	
2.234175e-02	7.919582e-05	
2.213693e-02	7.505575e-05	
2.100129e-02	7.519802e-05	
2.100129e-02	5.697765e-05	
2.554904e-02	7.257429e-05	
2.596036e-02	7.574647e-05	
2.577746e-02	6.534817e-05	
2.292278e-02	5.382097e-05	
2.292278e-02	8.471423e-05	
2.166493e-02	7.550541e-05	
2.456922e-02	1.162926e-04	
2.219854e-02	7.759805e-05	
2.219854e-02	9.069102e-05	
1.900769e-02	1.278737e-04	
1.900769e-02	1.421677e-04	
2.331517e-02	1.380433e-04	
1.962775e-02	1.453422e-04	
2.348528e-02	1.757537e-04	
2.653677e-02	2.086745e-04	
2.433964e-02	1.254992e-04	
2.493149e-02	1.527690e-04	
1.988613e-02	1.189228e-04	
1.988613e-02	1.346822e-04	
2.322908e-02	1.139560e-04	
2.281124e-02	1.100753e-04	
2.229271e-02	8.626603e-05	
2.165110e-02	1.155954e-04	
2.433789e-02	1.081124e-04	
2.095464e-02	1.129140e-04	
2.356647e-02	1.171698e-04	
2.182301e-02	9.259360e-05	
2.182301e-02	9.269155e-05	
2.575444e-02	8.010203e-05	
2.284923e-02	7.503142e-05	
2.330696e-02	1.129763e-04	
2.279753e-02	8.579519e-05	
2.159972e-02	7.058858e-05	
2.159972e-02	8.482746e-05	
2.412401e-02	8.129612e-05	
2.213693e-02	9.829033e-05	
2.398745e-02	7.923955e-05	
2.145381e-02	6.937333e-05	
2.226317e-02	8.269964e-05	
2.060372e-02	9.124582e-05	
2.060372e-02	1.108769e-04	
2.104051e-02	9.251547e-05	
2.467932e-02	9.856195e-05	
2.166493e-02	9.952294e-05	
2.467581e-02	9.827271e-05	
2.069968e-02	9.154785e-05	
2.069968e-02	1.023938e-04	
2.201943e-02	1.361528e-04	
2.201943e-02	1.481601e-04	
2.102193e-02	1.278449e-04	
1.962775e-02	1.244954e-04	
2.508596e-02	1.440014e-04	
2.272082e-02	9.312742e-05	
2.412499e-02	1.847556e-04	
2.412499e-02	1.363958e-04	
2.073502e-02	1.033623e-04	
2.143359e-02	1.356444e-04	
2.335404e-02	1.068180e-04	
2.281124e-02	1.267820e-04	
2.229271e-02	1.207291e-04	
2.294676e-02	9.524386e-05	
2.294676e-02	6.404373e-05	
2.142354e-02	1.442814e-04	
2.142354e-02	1.154718e-04	
2.120355e-02	1.019434e-04	
2.483099e-02	1.024121e-04	
2.057039e-02	7.562225e-05	
2.057039e-02	7.824510e-05	
2.320459e-02	7.938109e-05	
2.279753e-02	8.656429e-05	
2.170527e-02	8.596754e-05	
2.332142e-02	9.215532e-05	
2.328782e-02	7.790441e-05	
2.326857e-02	8.485835e-05	
2.326857e-02	7.793697e-05	
2.145381e-02	7.340936e-05	
2.365347e-02	6.030436e-05	
2.284638e-02	8.294684e-05	
2.412126e-02	9.912169e-05	
2.104051e-02	1.035516e-04	
2.170334e-02	8.811672e-05	
2.655644e-02	8.106909e-05	
2.467581e-02	9.393742e-05	
2.067982e-02	9.800516e-05	
2.067982e-02	1.178718e-04	
2.217317e-02	1.646567e-04	
2.223872e-02	1.246650e-04	
2.102193e-02	9.591496e-05	
2.343468e-02	1.023553e-04	
1.986125e-02	9.928619e-05	
1.986125e-02	1.799166e-04	
2.435385e-02	1.561922e-04	
2.426657e-02	1.546994e-04	
2.269603e-02	1.460544e-04	
2.175147e-02	1.141706e-04	
2.118537e-02	1.329917e-04	
2.118537e-02	9.104782e-05	
2.459309e-02	1.316839e-04	
2.428675e-02	1.101547e-04	
2.116660e-02	1.053615e-04	
2.116660e-02	1.045623e-04	
2.358333e-02	1.085352e-04	
2.116667e-02	8.948785e-05	
2.116667e-02	7.353550e-05	
2.399970e-02	6.141858e-05	
2.226486e-02	7.900344e-05	
2.320459e-02	7.576114e-05	
2.420600e-02	7.518418e-05	
2.200792e-02	8.385583e-05	
2.200792e-02	6.967561e-05	
2.249577e-02	7.201250e-05	
2.249577e-02	8.230925e-05	
1.930537e-02	6.492594e-05	
2.373749e-02	7.921758e-05	
2.680184e-02	7.026923e-05	
2.284638e-02	8.013326e-05	
1.907263e-02	9.543031e-05	
1.907263e-02	1.068000e-04	
2.170334e-02	9.468965e-05	
2.462259e-02	8.052243e-05	
2.243695e-02	9.989887e-05	
2.109224e-02	1.302112e-04	
2.256754e-02	1.080925e-04	
2.020003e-02	1.119837e-04	
2.207732e-02	1.099350e-04	
2.123049e-02	1.783639e-04	
2.123049e-02	1.652723e-04	
2.170701e-02	1.231718e-04	
2.194958e-02	6.197666e-05	
2.435385e-02	1.091337e-04	
2.127406e-02	1.849211e-04	
2.151064e-02	1.058957e-04	
2.175147e-02	1.342804e-04	
2.264384e-02	7.858883e-05	
1.871703e-02	1.113024e-04	
1.871703e-02	1.377028e-04	
1.903047e-02	1.147569e-04	
1.903047e-02	1.014872e-04	
2.173834e-02	9.868293e-05	
2.523016e-02	8.190644e-05	
2.135125e-02	9.728863e-05	
2.135125e-02	8.750629e-05	
2.271567e-02	7.350534e-05	
2.610163e-02	1.032076e-04	
2.254880e-02	8.450408e-05	
2.257247e-02	9.179120e-05	
2.257247e-02	7.485846e-05	
2.226957e-02	8.121728e-05	
2.467242e-02	7.737956e-05	
2.310529e-02	5.745837e-05	
1.930537e-02	7.910399e-05	
2.605558e-02	6.498164e-05	
1.977177e-02	5.942839e-05	
1.977177e-02	6.539716e-05	
2.294022e-02	9.004583e-05	
2.294022e-02	1.037076e-04	
2.108733e-02	8.597005e-05	
2.108733e-02	9.896117e-05	
2.243695e-02	1.239325e-04	
2.072711e-02	1.308384e-04	
2.256754e-02	1.194630e-04	
2.020003e-02	1.165598e-04	
2.129957e-02	9.446982e-05	
2.543579e-02	1.253880e-04	
2.027114e-02	1.355531e-04	
2.027114e-02	1.276008e-04	
2.548354e-02	1.988941e-04	
2.060275e-02	1.866796e-04	
2.060275e-02	1.641728e-04	
2.195319e-02	1.051005e-04	
2.377850e-02	1.001782e-04	
2.377850e-02	1.200397e-04	
2.012776e-02	9.041963e-05	
2.012776e-02	1.272449e-04	
2.366918e-02	1.073969e-04	
2.263669e-02	9.696460e-05	
2.173834e-02	1.100265e-04	
2.189795e-02	7.204656e-05	
2.053210e-02	9.864565e-05	
2.128854e-02	9.545536e-05	
2.235590e-02	8.860442e-05	
2.235590e-02	1.020785e-04	
2.254880e-02	9.003657e-05	
2.509424e-02	9.364119e-05	
2.086685e-02	8.239836e-05	
2.086685e-02	7.423312e-05	
2.453487e-02	7.884212e-05	
2.558081e-02	8.059174e-05	
2.126997e-02	8.164703e-05	
2.465110e-02	8.657391e-05	
1.989855e-02	9.154942e-05	
1.989855e-02	9.762206e-05	
2.383143e-02	9.181188e-05	
2.105143e-02	1.115883e-04	
2.105143e-02	9.705267e-05	
2.405504e-02	9.664162e-05	
2.236797e-02	1.044738e-04	
2.072711e-02	1.338653e-04	
2.237161e-02	1.435121e-04	
2.289098e-02	1.313065e-04	
2.289098e-02	1.065704e-04	
2.182072e-02	1.533167e-04	
1.957934e-02	1.648593e-04	
1.957934e-02	1.541133e-04	
2.648067e-02	2.123764e-04	
2.175427e-02	1.259410e-04	
2.128004e-02	2.142949e-04	
2.335885e-02	1.348906e-04	
2.128362e-02	1.222102e-04	
2.026933e-02	1.320544e-04	
2.175528e-02	1.038509e-04	
2.175528e-02	1.038410e-04	
2.581251e-02	1.140664e-04	
2.263669e-02	9.855015e-05	
2.492969e-02	7.986968e-05	
2.243717e-02	9.097519e-05	
2.053210e-02	8.351494e-05	
2.529097e-02	6.947880e-05	
2.299150e-02	8.450306e-05	
2.298904e-02	7.784310e-05	
2.298904e-02	7.500653e-05	
2.226307e-02	7.902802e-05	
2.226307e-02	7.936232e-05	
2.207666e-02	7.948034e-05	
2.056617e-02	6.613635e-05	
2.056617e-02	6.450642e-05	
2.126997e-02	7.581564e-05	
2.033270e-02	6.327090e-05	
2.033270e-02	7.428533e-05	
2.246740e-02	9.218535e-05	
2.320811e-02	9.383092e-05	
2.420883e-02	8.557409e-05	
2.323144e-02	1.253383e-04	
2.082346e-02	1.087636e-04	
2.082346e-02	1.269202e-04	
2.780671e-02	1.086320e-04	
2.237161e-02	1.061792e-04	
2.115282e-02	1.178364e-04	
2.115282e-02	9.632446e-05	
2.182072e-02	1.562205e-04	
2.481480e-02	1.906375e-04	
2.404033e-02	1.788732e-04	
2.226982e-02	9.267877e-05	
1.897447e-02	2.608857e-04	
1.897447e-02	1.792019e-04	
2.474369e-02	7.409601e-05	
2.128362e-02	1.284910e-04	
2.026933e-02	1.229373e-04	
2.292185e-02	8.285825e-05	
2.292185e-02	9.725121e-05	
2.463436e-02	1.046546e-04	
2.597200e-02	1.057842e-04	
1.974169e-02	8.104683e-05	
1.964313e-02	7.514546e-05	
2.588365e-02	9.786395e-05	
2.163738e-02	7.075278e-05	
2.163738e-02	9.490850e-05	
2.543403e-02	8.490374e-05	
2.301918e-02	8.522220e-05	
2.006189e-02	9.543649e-05	
2.306201e-02	9.265041e-05	
2.010924e-02	8.585237e-05	
2.184512e-02	7.281824e-05	
2.184512e-02	7.633765e-05	
2.565065e-02	8.025427e-05	
2.215927e-02	8.629721e-05	
2.228471e-02	6.726898e-05	
2.253471e-02	8.036675e-05	
2.320811e-02	1.030410e-04	
2.094776e-02	9.544205e-05	
2.410781e-02	1.187031e-04	
2.410781e-02	1.407637e-04	
2.425722e-02	1.216677e-04	
2.307101e-02	1.050024e-04	
2.307101e-02	1.530028e-04	
2.442138e-02	1.626848e-04	
2.442138e-02	1.412520e-04	
2.443598e-02	1.042742e-04	
2.325131e-02	1.299847e-04	
2.039424e-02	1.781200e-04	
2.039424e-02	2.489076e-04	
2.342092e-02	1.405369e-04	
2.557540e-02	2.000622e-04	
2.224212e-02	1.319316e-04	
2.224212e-02	1.535962e-04	
2.337838e-02	1.135570e-04	
2.312690e-02	6.068865e-05	
2.455765e-02	9.283686e-05	
2.566045e-02	1.204607e-04	
2.566045e-02	9.722829e-05	
2.195070e-02	6.560867e-05	
1.964313e-02	8.636123e-05	
2.608996e-02	7.108848e-05	
2.383551e-02	7.199500e-05	
2.343567e-02	8.238526e-05	
2.233374e-02	7.529125e-05	
2.312502e-02	6.367426e-05	
2.006189e-02	8.665845e-05	
2.222895e-02	6.695554e-05	
2.010924e-02	8.308288e-05	
2.197512e-02	7.538070e-05	
2.098243e-02	8.618885e-05	
2.050504e-02	9.713201e-05	
2.514569e-02	9.585909e-05	
2.161154e-02	8.489413e-05	
2.161154e-02	9.161488e-05	
2.420192e-02	1.149706e-04	
2.094776e-02	1.107729e-04	
2.172673e-02	9.970585e-05	
2.247304e-02	1.219052e-04	
2.418227e-02	1.333534e-04	
2.280720e-02	1.180999e-04	
2.549550e-02	1.372212e-04	
2.533110e-02	1.306443e-04	
2.252731e-02	1.053185e-04	
2.019106e-02	1.559948e-04	
2.148046e-02	1.885140e-04	
1.944496e-02	3.380203e-04	
2.265450e-02	1.729323e-04	
2.410843e-02	3.091352e-04	
2.557540e-02	1.726568e-04	
1.941236e-02	1.358670e-04	
1.941236e-02	1.332954e-04	
2.522248e-02	8.317950e-05	
2.247370e-02	1.194709e-04	
2.247370e-02	1.153380e-04	
2.412975e-02	1.122830e-04	
1.997892e-02	7.398562e-05	
2.292376e-02	7.891397e-05	
2.084481e-02	8.587211e-05	
2.198641e-02	7.616943e-05	
2.359635e-02	8.002920e-05	
2.359635e-02	5.777624e-05	
2.233374e-02	7.798240e-05	
2.312502e-02	7.503250e-05	
2.596639e-02	6.588920e-05	
2.447278e-02	7.113094e-05	
2.131185e-02	7.378831e-05	
2.197512e-02	8.107927e-05	
2.098243e-02	7.592229e-05	
2.050504e-02	9.124806e-05	
2.396972e-02	8.612303e-05	
2.185959e-02	1.011185e-04	
2.170097e-02	7.048563e-05	
2.090272e-02	9.924174e-05	
2.090272e-02	9.868560e-05	
2.172673e-02	1.051064e-04	
2.294568e-02	9.261158e-05	
2.302595e-02	1.051597e-04	
2.165640e-02	1.144716e-04	
2.497758e-02	1.237050e-04	
2.314666e-02	1.160974e-04	
2.252731e-02	1.597162e-04	
2.019106e-02	1.357395e-04	
2.114569e-02	1.492078e-04	
1.944496e-02	3.005519e-04	
2.112151e-02	3.151431e-04	
2.321671e-02	1.965428e-04	
1.837318e-02	1.133022e-04	
1.837318e-02	1.019281e-04	
2.309227e-02	1.574197e-04	
2.180253e-02	9.625494e-05	
2.180253e-02	9.801031e-05	
2.453893e-02	8.792894e-05	
2.412975e-02	8.960411e-05	
1.997892e-02	8.125314e-05	
2.367711e-02	5.562693e-05	
2.084481e-02	8.581317e-05	
2.198641e-02	7.127632e-05	
2.089243e-02	7.735371e-05	
2.065553e-02	7.366737e-05	
2.324022e-02	8.824679e-05	
2.324022e-02	9.283266e-05	
2.085664e-02	6.851462e-05	
2.490383e-02	7.739736e-05	
2.131185e-02	9.442985e-05	
2.247444e-02	9.609940e-05	
1.995265e-02	9.102027e-05	
2.453220e-02	9.469831e-05	
1.944023e-02	9.478732e-05	
2.394668e-02	8.710334e-05	
1.989361e-02	8.091030e-05	
1.989361e-02	7.848353e-05	
2.221442e-02	1.082507e-04	
2.444182e-02	8.389096e-05	
2.294568e-02	8.508153e-05	
2.395334e-02	7.055785e-05	
2.165640e-02	1.070251e-04	
2.413985e-02	9.858789e-05	
2.446493e-02	1.273990e-04	
2.180576e-02	1.439904e-04	
2.180576e-02	1.572531e-04	
2.537763e-02	1.406289e-04	
2.456017e-02	2.936338e-04	
2.261205e-02	1.940174e-04	
2.425733e-02	2.106096e-04	
2.328702e-02	8.100503e-05	
1.906831e-02	1.308646e-04	
2.309227e-02	1.198319e-04	
2.157661e-02	1.117470e-04	
2.356702e-02	9.614011e-05	
1.964562e-02	1.169854e-04	
1.964562e-02	1.128014e-04	
2.211570e-02	5.977651e-05	
1.935386e-02	8.595454e-05	
1.935386e-02	8.195798e-05	
2.288259e-02	6.510371e-05	
2.089243e-02	6.331475e-05	
2.065553e-02	6.500894e-05	
2.148973e-02	6.362791e-05	
1.977705e-02	7.824722e-05	
1.977705e-02	7.162688e-05	
2.328138e-02	6.954292e-05	
1.898443e-02	6.961484e-05	
2.007041e-02	9.620167e-05	
1.995265e-02	8.956178e-05	
2.554773e-02	5.778248e-05	
1.944023e-02	8.336840e-05	
2.239077e-02	8.731823e-05	
2.071744e-02	8.031437e-05	
2.334146e-02	7.714559e-05	
2.221442e-02	9.414667e-05	
2.020027e-02	7.754380e-05	
2.082839e-02	8.247544e-05	
2.590986e-02	1.059304e-04	
2.410442e-02	8.267851e-05	
2.413985e-02	9.199826e-05	
2.254113e-02	8.800610e-05	
2.127813e-02	1.488096e-04	
2.377010e-02	1.420735e-04	
2.584287e-02	1.723128e-04	
2.490424e-02	2.126054e-04	
2.490424e-02	1.799874e-04	
2.402857e-02	1.767593e-04	
2.494249e-02	1.464374e-04	
2.329094e-02	1.402220e-04	
2.440603e-02	1.334785e-04	
2.157661e-02	1.027096e-04	
2.356702e-02	8.870510e-05	
2.110018e-02	1.011496e-04	
2.110018e-02	9.138230e-05	
2.211570e-02	5.674134e-05	
2.202378e-02	7.937247e-05	
2.280457e-02	8.705245e-05	
2.478345e-02	3.826615e-05	
2.530326e-02	5.303417e-05	
2.536791e-02	7.910901e-05	
2.086885e-02	6.960141e-05	
2.390100e-02	8.131898e-05	
2.390100e-02	6.916457e-05	
1.905944e-02	6.136641e-05	
1.898443e-02	6.926537e-05	
2.590474e-02	7.484498e-05	
2.600125e-02	6.079115e-05	
2.485379e-02	4.557213e-05	
2.485379e-02	7.369600e-05	
2.172667e-02	7.003823e-05	
2.071744e-02	8.295641e-05	
2.350309e-02	7.545363e-05	
2.151343e-02	5.781890e-05	
2.020027e-02	9.227954e-05	
2.434774e-02	5.757481e-05	
2.454269e-02	6.214708e-05	
2.410442e-02	9.781466e-05	
2.507113e-02	9.545880e-05	
2.432623e-02	1.203673e-04	
2.127813e-02	1.146610e-04	
2.363150e-02	6.407095e-05	
2.015800e-02	9.998126e-05	
2.276652e-02	2.038185e-04	
2.276652e-02	3.774772e-04	
2.238792e-02	1.966595e-04	
2.238792e-02	1.551887e-04	
2.329094e-02	1.446460e-04	
2.463151e-02	1.525179e-04	
2.101520e-02	1.306150e-04	
2.101520e-02	9.594427e-05	
2.292541e-02	8.073686e-05	
2.305702e-02	9.678479e-05	
2.041862e-02	6.054618e-05	
2.041862e-02	7.785341e-05	
2.562315e-02	7.244813e-05	
2.339642e-02	5.173461e-05	
2.159641e-02	5.144536e-05	
2.278838e-02	8.306916e-05	
2.086885e-02	7.527119e-05	
2.645858e-02	5.969149e-05	
2.457319e-02	7.533100e-05	
2.158813e-02	6.477161e-05	
2.139726e-02	7.777458e-05	
2.365763e-02	7.570651e-05	
2.163529e-02	8.073396e-05	
2.092642e-02	7.936813e-05	
2.062619e-02	7.734211e-05	
2.062619e-02	9.133883e-05	
2.542683e-02	7.008136e-05	
1.994196e-02	5.689552e-05	
1.994196e-02	6.125245e-05	
2.292506e-02	9.347097e-05	
2.292506e-02	1.038224e-04	
2.454269e-02	7.020521e-05	
2.315137e-02	8.449928e-05	
2.315137e-02	8.078686e-05	
2.475002e-02	1.259468e-04	
2.464156e-02	8.803423e-05	
2.336581e-02	7.219425e-05	
2.015800e-02	1.286931e-04	
2.296828e-02	1.660148e-04	
2.288911e-02	1.819617e-04	
2.306432e-02	2.484200e-04	
2.242970e-02	2.642268e-04	
2.242970e-02	1.268205e-04	
2.118439e-02	7.944588e-05	
2.261510e-02	8.086684e-05	
2.293059e-02	8.350505e-05	
2.292541e-02	6.673517e-05	
2.305702e-02	5.355874e-05	
2.080097e-02	6.674836e-05	
2.080097e-02	8.418259e-05	
2.066206e-02	7.179204e-05	
2.155499e-02	4.307141e-05	
2.155499e-02	5.363236e-05	
2.517672e-02	5.172040e-05	
2.245253e-02	7.727498e-05	
2.245253e-02	7.065133e-05	
2.350238e-02	6.708653e-05	
2.252887e-02	7.045708e-05	
2.139726e-02	6.054152e-05	
2.171828e-02	5.019943e-05	
2.171828e-02	6.460301e-05	
2.092642e-02	7.011572e-05	
2.304091e-02	7.364783e-05	
2.150364e-02	7.116010e-05	
2.150364e-02	7.582180e-05	
2.257276e-02	9.123852e-05	
2.257276e-02	9.043406e-05	
2.399629e-02	8.932284e-05	
2.025028e-02	1.053907e-04	
2.025028e-02	8.244514e-05	
2.310329e-02	9.828313e-05	
2.045181e-02	1.017441e-04	
2.278808e-02	1.006219e-04	
2.278808e-02	8.964039e-05	
2.336581e-02	9.799247e-05	
2.292332e-02	1.415966e-04	
2.292332e-02	1.803098e-04	
2.208286e-02	1.451317e-04	
2.176976e-02	2.873660e-04	
2.289882e-02	1.161718e-04	
2.378075e-02	1.041689e-04	
2.088051e-02	6.983035e-05	
2.088051e-02	2.233437e-05	
2.444691e-02	8.563669e-05	
2.257208e-02	8.132942e-05	
2.257208e-02	7.745241e-05	
2.583079e-02	5.976170e-05	
2.216691e-02	7.064516e-05	
2.066206e-02	8.571381e-05	
2.081337e-02	6.839454e-05	
2.081337e-02	5.681783e-05	
2.588255e-02	7.016830e-05	
2.126744e-02	7.893771e-05	
2.118117e-02	5.865938e-05	
2.350238e-02	6.948905e-05	
2.255906e-02	6.745800e-05	
2.385746e-02	7.535501e-05	
2.157357e-02	5.863135e-05	
2.529485e-02	6.747471e-05	
2.162317e-02	7.033683e-05	
2.200844e-02	7.463005e-05	
2.538856e-02	6.903792e-05	
1.921692e-02	5.636127e-05	
1.986899e-02	7.332219e-05	
2.187205e-02	9.226705e-05	
2.648389e-02	8.486353e-05	
2.262252e-02	1.041110e-04	
2.262252e-02	6.923396e-05	
2.310329e-02	8.610708e-05	
2.045181e-02	1.387092e-04	
2.144518e-02	8.041184e-05	
2.144518e-02	9.645207e-05	
2.394996e-02	8.431656e-05	
2.476994e-02	1.271618e-04	
2.316042e-02	1.256557e-04	
2.316042e-02	3.418769e-04	
2.176976e-02	1.108349e-04	
2.289882e-02	1.368972e-04	
2.452002e-02	1.059874e-04	
2.529869e-02	8.659806e-05	
2.183660e-02	8.035043e-05	
2.183660e-02	4.658787e-05	
2.353473e-02	9.804441e-05	
2.353473e-02	1.011816e-04	
2.412668e-02	4.820288e-05	
2.198234e-02	7.157659e-05	
2.512004e-02	1.039754e-04	
2.001397e-02	7.575315e-05	
2.001397e-02	6.625851e-05	
2.345231e-02	4.353826e-05	
2.352486e-02	5.402049e-05	
2.118117e-02	4.660717e-05	
2.382486e-02	3.731111e-05	
2.255906e-02	6.433204e-05	
2.419019e-02	5.489991e-05	
2.157357e-02	6.121274e-05	
2.390064e-02	4.530181e-05	
2.162317e-02	7.652971e-05	
2.371162e-02	5.253685e-05	
2.174428e-02	6.148738e-05	
1.921692e-02	6.630436e-05	
2.180630e-02	5.358092e-05	
2.089695e-02	8.003493e-05	
2.089695e-02	7.941837e-05	
2.419985e-02	9.145087e-05	
2.419985e-02	6.967947e-05	
2.531068e-02	9.662311e-05	
2.187647e-02	1.080761e-04	
2.187647e-02	1.216469e-04	
2.048222e-02	7.748025e-05	
2.048222e-02	1.289466e-04	
2.135366e-02	1.435994e-04	
2.135366e-02	2.250315e-04	
2.465650e-02	1.473720e-04	
2.329004e-02	1.846082e-04	
2.147544e-02	5.438412e-05	
2.582496e-02	6.374064e-05	
2.529869e-02	8.958272e-05	
2.139916e-02	1.189402e-04	
2.139916e-02	1.000139e-04	
1.981957e-02	9.143304e-05	
2.418959e-02	8.492560e-05	
2.311898e-02	6.598301e-05	
2.143796e-02	7.466067e-05	
2.143796e-02	7.417920e-05	
2.362685e-02	6.336128e-05	
2.275669e-02	4.620883e-05	
2.275669e-02	3.938393e-05	
2.352486e-02	4.371108e-05	
2.181488e-02	4.325010e-05	
2.181488e-02	5.198980e-05	
2.002342e-02	6.409428e-05	
2.241802e-02	7.304956e-05	
2.241802e-02	7.534216e-05	
1.880617e-02	5.664802e-05	
1.860605e-02	5.459349e-05	
2.560824e-02	6.033066e-05	
2.174428e-02	6.195966e-05	
2.055731e-02	6.625466e-05	
2.055731e-02	7.254169e-05	
2.275875e-02	5.610298e-05	
2.312900e-02	9.116974e-05	
2.205823e-02	7.913517e-05	
2.333523e-02	7.895299e-05	
2.575770e-02	6.599296e-05	
2.341433e-02	9.996083e-05	
1.959418e-02	9.337909e-05	
1.959418e-02	1.192796e-04	
2.093043e-02	1.154572e-04	
2.093043e-02	1.144637e-04	
2.228697e-02	1.739457e-04	
2.052083e-02	2.097555e-04	
1.951237e-02	1.003017e-04	
2.147544e-02	1.002713e-04	
2.119580e-02	1.323868e-04	
2.119580e-02	8.324089e-05	
2.413095e-02	6.681529e-05	
2.085309e-02	1.063495e-04	
1.981957e-02	9.760212e-05	
2.412737e-02	4.820476e-05	
2.301220e-02	4.682056e-05	
2.301220e-02	7.039863e-05	
2.678879e-02	7.763818e-05	
2.114494e-02	6.772616e-05	
2.336554e-02	7.897169e-05	
2.165272e-02	5.471155e-05	
2.165272e-02	5.418397e-05	
2.306308e-02	4.789625e-05	
2.158421e-02	4.730823e-05	
2.002342e-02	7.088567e-05	
2.014639e-02	4.923925e-05	
2.267321e-02	7.022994e-05	
2.072133e-02	5.354539e-05	
1.860605e-02	5.236484e-05	
2.282965e-02	2.696886e-05	
2.317210e-02	4.617240e-05	
2.245915e-02	5.441557e-05	
2.314506e-02	2.263428e-05	
2.275875e-02	5.645743e-05	
2.065038e-02	3.061743e-05	
2.065038e-02	7.381642e-05	
2.319137e-02	6.469915e-05	
2.575770e-02	8.163742e-05	
2.196839e-02	7.818371e-05	
2.196839e-02	1.135422e-04	
1.860676e-02	3.427396e-05	
2.185296e-02	9.959635e-05	
2.185296e-02	5.912033e-05	
1.995379e-02	2.183575e-04	
2.052083e-02	2.289760e-04	
1.951237e-02	1.702427e-04	
2.083473e-02	7.540869e-05	
2.083473e-02	1.020125e-04	
2.200014e-02	9.840396e-05	
2.268421e-02	8.323628e-05	
2.268421e-02	7.735841e-05	
2.400383e-02	7.759037e-05	
2.412737e-02	5.666743e-05	
2.547465e-02	4.274404e-05	
2.419237e-02	7.683431e-05	
2.400146e-02	7.579683e-05	
2.114494e-02	6.713595e-05	
2.417970e-02	5.673036e-05	
2.056789e-02	5.445563e-05	
2.351355e-02	4.057031e-05	
2.306308e-02	4.504489e-05	
2.158421e-02	4.810470e-05	
2.109414e-02	3.234804e-05	
2.014639e-02	5.555573e-05	
2.364027e-02	4.549476e-05	
1.908870e-02	5.075311e-05	
1.908870e-02	3.701128e-05	
2.282965e-02	3.826023e-05	
2.441679e-02	3.495084e-05	
2.531987e-02	3.705321e-05	
2.447541e-02	4.301514e-05	
2.230511e-02	1.901819e-05	
2.230511e-02	4.035562e-05	
2.199700e-02	1.828822e-05	
2.199700e-02	5.573310e-05	
1.993168e-02	6.260170e-05	
1.993168e-02	6.740297e-05	
2.202692e-02	4.175283e-05	
1.860676e-02	7.390849e-05	
2.106681e-02	8.066738e-05	
2.106681e-02	8.569346e-05	
1.995379e-02	1.718775e-04	
2.373372e-02	2.330762e-04	
2.214607e-02	6.102013e-05	
2.036026e-02	1.654790e-04	
2.036026e-02	8.154620e-05	
2.452376e-02	7.884981e-05	
2.255659e-02	6.084997e-05	
2.255659e-02	5.716294e-05	
2.060608e-02	8.368037e-05	
2.041361e-02	6.545924e-05	
2.242483e-02	4.946845e-05	
2.107847e-02	7.076433e-05	
2.107847e-02	6.597061e-05	
2.202350e-02	3.753631e-05	
2.202350e-02	4.103314e-05	
2.056789e-02	4.549987e-05	
2.418300e-02	3.401773e-05	
2.449209e-02	4.278156e-05	
2.351947e-02	3.547762e-05	
2.109414e-02	4.020579e-05	
2.261204e-02	2.908617e-05	
2.411557e-02	4.480939e-05	
2.505532e-02	3.927835e-05	
2.154270e-02	3.348996e-05	
2.154270e-02	4.671099e-05	
2.332234e-02	4.928042e-05	
2.230820e-02	2.811803e-05	
2.230820e-02	3.401559e-05	
2.573588e-02	4.103086e-05	
1.976305e-02	3.247505e-05	
2.365103e-02	4.150130e-05	
2.420332e-02	6.198571e-05	
2.152743e-02	6.156402e-05	
2.152743e-02	3.794261e-05	
2.240658e-02	7.315827e-05	
2.360736e-02	3.203008e-05	
2.361647e-02	1.019485e-04	
2.259532e-02	5.568681e-05	
2.386580e-02	2.016665e-04	
2.483276e-02	1.996925e-04	
2.063616e-02	1.607114e-04	
2.063616e-02	1.289934e-04	
2.421980e-02	9.301883e-05	
2.353366e-02	2.337006e-06	
2.337600e-02	5.353767e-05	
2.388207e-02	4.623231e-05	
2.060608e-02	4.697960e-05	
2.041361e-02	6.509933e-05	
2.121747e-02	5.438969e-05	
2.121747e-02	3.089949e-05	
2.425404e-02	5.534334e-05	
2.494916e-02	2.857796e-05	
2.396038e-02	3.589496e-05	
2.396038e-02	4.602753e-05	
2.268355e-02	3.466203e-05	
2.385987e-02	3.088452e-05	
1.916253e-02	3.295045e-05	
1.916253e-02	2.393113e-05	
2.472528e-02	3.300947e-05	
2.299584e-02	3.587924e-06	
2.501152e-02	3.066619e-05	
2.076619e-02	3.891805e-05	
2.076619e-02	4.972827e-05	
2.332234e-02	3.780948e-05	
2.087936e-02	2.742342e-05	
2.087936e-02	1.750874e-05	
2.354149e-02	1.322676e-05	
1.976305e-02	4.123819e-05	
2.028620e-02	4.713894e-05	
2.159746e-02	6.561499e-05	
2.159746e-02	6.053508e-05	
2.350469e-02	5.840779e-05	
2.286507e-02	4.856010e-05	
2.286507e-02	7.255250e-05	
2.246684e-02	9.505904e-05	
2.246684e-02	1.003115e-04	
2.436882e-02	1.491649e-04	
2.313678e-02	1.012973e-04	
2.313134e-02	1.868332e-04	
2.313134e-02	2.497823e-04	
2.441786e-02	7.534992e-05	
2.280834e-02	1.900717e-05	
2.280834e-02	5.305228e-05	
2.047142e-02	5.112718e-05	
2.213525e-02	4.199395e-05	
2.284351e-02	5.856373e-05	
2.147527e-02	3.930820e-05	
2.356686e-02	5.767761e-05	
2.356686e-02	5.138336e-05	
2.406347e-02	2.997719e-05	
2.520128e-02	2.159416e-05	
2.622039e-02	2.818545e-05	
2.268355e-02	3.829590e-05	
2.358931e-02	2.962029e-05	
2.339300e-02	2.708678e-05	
2.339300e-02	1.952026e-05	
2.435607e-02	3.187998e-05	
2.017259e-02	1.535015e-05	
2.017259e-02	7.324607e-06	
2.539901e-02	3.575208e-05	
2.320157e-02	2.983628e-05	
2.320157e-02	4.777199e-05	
1.929613e-02	3.463880e-05	
1.929613e-02	3.303660e-05	
2.354149e-02	3.441603e-05	
2.678810e-02	3.144910e-05	
2.111724e-02	2.389706e-05	
2.131196e-02	3.596536e-05	
2.131196e-02	3.251830e-05	
2.350469e-02	2.760062e-05	
2.350590e-02	8.464533e-05	
2.367874e-02	7.079051e-05	
2.192167e-02	7.545421e-05	
2.192167e-02	7.176731e-05	
2.251607e-02	1.188142e-04	
2.313678e-02	2.441073e-04	
2.058123e-02	1.923488e-04	
2.058123e-02	2.133219e-04	
2.404438e-02	1.160682e-04	
1.879946e-02	6.268031e-05	
1.938418e-02	4.982715e-05	
2.047142e-02	1.638192e-05	
2.027237e-02	1.896570e-05	
2.284351e-02	5.053913e-05	
2.147527e-02	5.154089e-05	
1.942673e-02	4.384323e-05	
1.942673e-02	3.955247e-05	
2.184520e-02	4.352513e-05	
2.277571e-02	3.900281e-05	
2.306565e-02	3.823270e-05	
2.202841e-02	4.188940e-05	
2.219818e-02	4.138564e-05	
2.323862e-02	2.848089e-05	
1.949872e-02	2.865873e-05	
2.345056e-02	4.033081e-05	
2.317266e-02	3.092587e-05	
2.013360e-02	1.985889e-05	
2.450136e-02	3.797432e-05	
2.324004e-02	3.672275e-05	
2.217213e-02	2.927319e-05	
2.217213e-02	4.068822e-05	
2.175904e-02	4.194713e-05	
2.382299e-02	3.917506e-05	
2.156602e-02	3.756159e-05	
2.156602e-02	6.071675e-05	
2.590181e-02	4.167427e-05	
2.079537e-02	2.178423e-05	
2.079537e-02	4.409538e-05	
2.558698e-02	6.761196e-05	
2.225719e-02	3.691872e-05	
2.225719e-02	6.295405e-05	
2.289554e-02	9.585724e-05	
2.251607e-02	2.268468e-04	
2.336861e-02	1.491439e-04	
2.231346e-02	9.499086e-05	
2.574438e-02	1.525728e-04	
2.404438e-02	5.546456e-05	
1.879946e-02	4.830351e-05	
2.008098e-02	2.561219e-05	
2.490994e-02	3.146805e-06	
2.027237e-02	6.011204e-05	
2.095811e-02	2.690903e-05	
2.331278e-02	3.357961e-05	
2.411486e-02	2.319887e-05	
2.329143e-02	5.535454e-05	
2.184520e-02	4.620420e-05	
2.277571e-02	1.774998e-05	
2.000864e-02	1.486246e-05	
2.202841e-02	3.195529e-05	
2.430545e-02	2.906431e-05	
2.178978e-02	1.676865e-05	
1.949872e-02	2.577509e-05	
2.515784e-02	2.590411e-05	
2.083515e-02	1.113369e-05	
2.013360e-02	2.554509e-05	
2.450136e-02	2.506324e-05	
2.090829e-02	2.444479e-05	
2.310140e-02	4.019007e-05	
2.416405e-02	3.856821e-05	
2.456984e-02	5.131539e-05	
2.260692e-02	2.109186e-05	
2.260692e-02	3.142652e-05	
2.456491e-02	1.901321e-05	
2.284491e-02	3.815115e-05	
2.284491e-02	3.159045e-05	
2.289271e-02	1.767795e-05	
2.558698e-02	3.874726e-05	
2.213378e-02	5.651604e-05	
2.213378e-02	4.348882e-05	
2.340885e-02	1.489554e-04	
2.138239e-02	1.169820e-04	
2.138239e-02	1.474001e-04	
2.357206e-02	2.907823e-04	
2.441427e-02	2.096111e-04	
1.852372e-02	4.511775e-05	
2.190767e-02	6.112829e-05	
2.314593e-02	3.381139e-05	
2.314593e-02	2.844824e-05	
2.393423e-02	5.756142e-05	
2.095811e-02	4.697226e-05	
2.331278e-02	2.451935e-05	
2.454931e-02	1.460087e-06	
2.454931e-02	3.508237e-05	
2.218508e-02	3.479752e-05	
2.385783e-02	2.541536e-05	
2.000864e-02	2.754175e-05	
2.343306e-02	1.630203e-05	
2.200253e-02	2.383305e-05	
2.178978e-02	2.837445e-05	
2.263096e-02	1.844215e-05	
2.263096e-02	2.063223e-06	
2.083515e-02	2.608266e-05	
2.441028e-02	2.903091e-05	
2.206508e-02	2.126308e-05	
2.090829e-02	3.188438e-05	
2.425534e-02	3.208854e-05	
2.425534e-02	5.545858e-05	
2.452921e-02	4.420383e-05	
2.145673e-02	3.251017e-05	
2.296777e-02	3.022799e-05	
2.277390e-02	3.742568e-05	
1.882067e-02	2.833204e-05	
1.882067e-02	3.516995e-05	
2.289271e-02	2.612248e-05	
2.493038e-02	3.807751e-05	
2.163180e-02	6.518761e-05	
2.163180e-02	4.573066e-05	
2.001840e-02	3.021357e-05	
2.001840e-02	1.495362e-04	
2.312313e-02	1.117152e-04	
1.981631e-02	3.697779e-04	
1.981631e-02	1.372461e-04	
1.852372e-02	3.627802e-05	
2.314810e-02	9.962649e-05	
2.052322e-02	2.366200e-05	
1.964999e-02	1.538605e-05	
2.166421e-02	1.495237e-05	
2.388508e-02	3.857832e-05	
2.588016e-02	2.442276e-05	
2.080814e-02	2.252046e-05	
2.119031e-02	2.372519e-05	
2.218508e-02	3.113638e-05	
2.556236e-02	2.794489e-05	
2.277084e-02	2.860368e-05	
2.102642e-02	1.033871e-05	
2.200253e-02	4.141505e-05	
2.523319e-02	3.864749e-05	
2.117306e-02	3.812887e-05	
2.416275e-02	3.262021e-05	
2.222250e-02	4.540254e-05	
2.135571e-02	3.927325e-05	
2.340643e-02	4.481283e-05	
2.296543e-02	2.187056e-05	
2.543721e-02	3.521851e-05	
2.450878e-02	4.136324e-05	
2.334118e-02	2.586903e-05	
2.145673e-02	2.886151e-05	
2.296777e-02	3.193390e-05	
2.277390e-02	2.893629e-05	
2.337092e-02	2.427522e-05	
2.337092e-02	3.521920e-05	
2.373894e-02	3.041521e-05	
2.101005e-02	3.552407e-05	
2.101005e-02	6.608327e-05	
2.254141e-02	8.897782e-06	
2.264203e-02	5.344143e-05	
2.369675e-02	8.446092e-05	
2.539312e-02	1.798291e-04	
2.332567e-02	7.666483e-05	
2.419072e-02	1.379954e-04	
1.948371e-02	6.258409e-05	
1.948371e-02	5.354099e-05	
2.234577e-02	9.218987e-06	
1.964999e-02	2.470466e-05	
2.166421e-02	1.144189e-05	
2.438503e-02	1.028699e-05	
2.452306e-02	1.685476e-05	
1.958821e-02	3.068199e-05	
1.958821e-02	1.632102e-05	
2.578288e-02	1.159684e-05	
2.552700e-02	1.823101e-05	
2.393002e-02	2.187046e-05	
2.102642e-02	1.416060e-05	
2.396980e-02	2.075956e-05	
2.254949e-02	1.032897e-05	
2.117306e-02	3.214315e-05	
2.152276e-02	8.983730e-06	
2.152276e-02	2.483459e-05	
2.135571e-02	2.592956e-05	
2.371640e-02	1.956716e-05	
2.133465e-02	1.744361e-05	
2.133465e-02	2.858461e-05	
2.484103e-02	1.770295e-05	
2.133230e-02	2.059167e-05	
2.133230e-02	4.417658e-05	
2.254150e-02	1.135042e-05	
2.243541e-02	2.950223e-05	
2.243541e-02	8.468763e-06	
1.816007e-02	3.105465e-06	
1.816007e-02	2.566025e-05	
2.131867e-02	5.861004e-05	
1.998043e-02	1.029113e-05	
1.998043e-02	1.473621e-05	
2.542183e-02	2.907006e-05	
2.369675e-02	1.096756e-04	
2.371735e-02	9.595159e-05	
