2.564103e-02	2.442491e-14	
2.564103e-02	4.636291e-13	
2.564103e-02	2.262635e-13	
2.564103e-02	2.739808e-12	
2.279145e-02	1.436629e-13	
2.341677e-02	1.611355e-11	
2.564103e-02	1.160849e-12	
2.564103e-02	2.071077e-11	
2.564103e-02	1.911804e-12	
2.564103e-02	4.059864e-12	
2.381773e-02	1.505462e-12	
2.564103e-02	9.873768e-12	
2.316940e-02	1.837197e-12	
2.564103e-02	7.566614e-12	
2.564103e-02	4.846679e-12	
2.564103e-02	5.018208e-12	
2.564103e-02	2.639999e-12	
2.564103e-02	2.855938e-12	
2.564103e-02	3.047673e-12	
2.320483e-02	3.621958e-11	
2.564103e-02	1.288081e-12	
2.304804e-02	4.361400e-12	
2.564103e-02	2.527978e-12	
2.211903e-02	1.353939e-11	
2.564103e-02	2.422729e-12	
2.296912e-02	3.759659e-12	
2.564103e-02	2.470024e-12	
2.564103e-02	9.140466e-13	
2.186588e-02	5.788447e-11	
2.564103e-02	8.555379e-13	
2.564103e-02	1.115663e-12	
2.362211e-02	1.781464e-12	
2.564103e-02	1.421530e-12	
2.564103e-02	8.779644e-12	
2.564103e-02	3.886891e-13	
2.393496e-02	2.292611e-13	
2.326808e-02	3.217537e-12	
2.564103e-02	3.685940e-14	
2.446038e-02	4.685141e-14	
2.564103e-02	1.643130e-14	
2.564103e-02	9.810930e-12	
2.394472e-02	4.264832e-13	
2.564103e-02	1.542743e-13	
2.564103e-02	3.020971e-14	
2.311006e-02	7.612927e-15	
2.564103e-02	3.694422e-14	
2.519354e-02	1.781135e-14	
2.202277e-02	6.525136e-15	
2.552337e-02	1.977794e-14	
2.391736e-02	1.477828e-15	
2.564103e-02	1.924056e-14	
2.564103e-02	3.622423e-15	
2.523872e-02	4.776850e-15	
2.564103e-02	3.731052e-15	
2.481060e-02	1.400160e-15	
2.507943e-02	5.413566e-15	
2.484390e-02	3.074934e-15	
2.343387e-02	2.297190e-15	
2.428713e-02	9.920724e-16	
2.564103e-02	2.957107e-15	
2.564103e-02	2.816292e-16	
2.564103e-02	2.692768e-15	
2.270427e-02	1.722892e-15	
2.564103e-02	7.321272e-16	
2.564103e-02	3.007537e-16	
2.451750e-02	1.866880e-15	
2.564103e-02	1.622197e-15	
2.564103e-02	1.706018e-16	
2.335187e-02	2.716817e-15	
2.564103e-02	1.943491e-16	
2.564103e-02	2.111184e-16	
2.564103e-02	6.980451e-16	
2.564103e-02	1.305027e-16	
2.564103e-02	2.993503e-16	
2.564103e-02	1.237366e-15	
2.564103e-02	2.610146e-15	
2.564103e-02	1.994981e-15	
2.564103e-02	3.050045e-13	
2.564103e-02	1.032828e-13	
2.564103e-02	3.311795e-12	
2.564103e-02	3.184120e-13	
2.564103e-02	1.287859e-13	
2.564103e-02	1.068479e-12	
2.524409e-02	5.337952e-13	
2.232169e-02	3.627099e-13	
2.305940e-02	6.085354e-12	
2.564103e-02	4.320988e-13	
2.564103e-02	1.010303e-12	
2.518805e-02	3.947975e-11	
2.425526e-02	5.120349e-13	
2.413366e-02	1.056710e-12	
2.336153e-02	9.092727e-12	
2.564103e-02	1.598721e-14	
2.505229e-02	2.281064e-12	
2.311709e-02	2.601364e-12	
2.520067e-02	5.679901e-13	
2.564103e-02	4.238832e-12	
2.564103e-02	2.491551e-11	
2.564103e-02	2.881551e-11	
2.273075e-02	4.700595e-11	
2.564103e-02	1.880718e-12	
2.564103e-02	1.789902e-12	
2.564103e-02	2.913603e-11	
2.545306e-02	2.431388e-12	
2.564103e-02	1.640255e-11	
2.564103e-02	6.995693e-11	
2.564103e-02	3.441580e-12	
2.520919e-02	1.095879e-11	
2.527939e-02	2.602807e-11	
2.564103e-02	5.061040e-11	
2.564103e-02	4.295009e-12	
2.465183e-02	5.737189e-12	
2.548666e-02	3.745959e-11	
2.564103e-02	5.599066e-11	
2.564103e-02	8.323675e-12	
2.512725e-02	6.579626e-12	
2.564103e-02	2.228218e-12	
2.261941e-02	5.606071e-12	
2.320534e-02	1.604272e-13	
2.407525e-02	4.576339e-13	
2.365658e-02	3.226752e-12	
2.564103e-02	1.127320e-12	
2.564103e-02	2.223777e-12	
2.564103e-02	1.212408e-11	
2.564103e-02	1.249001e-12	
2.564103e-02	4.015455e-12	
2.564103e-02	7.704948e-14	
2.300991e-02	6.165624e-12	
2.564103e-02	7.170931e-13	
2.366002e-02	3.203326e-11	
2.564103e-02	1.765255e-13	
2.422054e-02	3.900213e-12	
2.564103e-02	7.615020e-12	
2.564103e-02	4.801270e-12	
2.486066e-02	2.235878e-12	
2.564103e-02	2.038092e-11	
2.223326e-02	8.059953e-11	
2.246374e-02	8.899548e-13	
2.564103e-02	1.084288e-11	
2.423324e-02	2.999490e-12	
2.564103e-02	3.709810e-12	
2.381732e-02	2.512324e-11	
2.564103e-02	1.195266e-12	
2.508195e-02	1.101119e-10	
2.564103e-02	3.389955e-12	
2.320836e-02	1.820433e-11	
2.564103e-02	2.851830e-11	
2.564103e-02	1.698319e-11	
2.564103e-02	1.902978e-11	
2.564103e-02	2.258216e-11	
2.227951e-02	4.919576e-11	
2.564103e-02	2.535860e-12	
2.564103e-02	4.720380e-11	
2.344088e-02	4.382539e-11	
2.564103e-02	5.862977e-12	
2.564103e-02	4.777645e-11	
2.065542e-02	3.284418e-07	
2.065542e-02	2.879950e-06	
2.006603e-02	2.828540e-08	
2.028035e-02	1.740673e-05	
2.028035e-02	1.267720e-06	
2.352461e-02	1.388772e-05	
2.109660e-02	2.290802e-05	
1.854446e-02	6.500147e-05	
2.307434e-02	3.910629e-05	
2.381773e-02	3.979773e-05	
2.622499e-02	4.566463e-05	
2.316940e-02	1.269695e-05	
2.369828e-02	2.093552e-05	
2.098345e-02	5.313562e-05	
2.156187e-02	5.367947e-06	
2.020285e-02	4.659560e-05	
2.020285e-02	4.982854e-05	
2.560297e-02	7.843869e-05	
2.320483e-02	1.596937e-05	
2.223844e-02	8.849963e-05	
2.001266e-02	2.095499e-05	
2.001266e-02	7.860120e-05	
2.211903e-02	1.520757e-05	
1.901477e-02	1.268351e-04	
2.296912e-02	5.017012e-06	
2.191198e-02	9.511778e-05	
2.128100e-02	5.030701e-05	
2.128100e-02	3.994764e-05	
2.024373e-02	4.581170e-05	
2.268036e-02	4.792080e-05	
2.362211e-02	2.837496e-05	
2.413605e-02	2.452479e-05	
2.445216e-02	7.785492e-06	
1.914328e-02	3.690383e-05	
2.347840e-02	2.198857e-05	
2.326808e-02	2.336682e-05	
2.469513e-02	3.157999e-05	
2.320534e-02	1.495171e-06	
2.187567e-02	2.052521e-05	
2.029822e-02	2.053519e-05	
2.006603e-02	5.621793e-06	
2.135060e-02	1.405858e-05	
2.176580e-02	1.863991e-05	
2.176580e-02	4.158330e-05	
2.109660e-02	6.086764e-05	
1.854446e-02	6.102862e-05	
1.904639e-02	2.878418e-05	
2.252413e-02	3.040724e-05	
2.252413e-02	5.730726e-05	
2.148760e-02	7.446004e-06	
2.148760e-02	5.041921e-05	
2.098345e-02	4.219524e-05	
2.460779e-02	5.449451e-05	
2.161023e-02	1.178042e-05	
2.231493e-02	1.472086e-05	
2.231493e-02	2.858633e-06	
2.497967e-02	2.666314e-05	
2.223844e-02	5.247738e-05	
2.438998e-02	3.931760e-05	
2.247552e-02	3.537942e-06	
2.326647e-02	9.325571e-05	
1.901477e-02	5.048888e-05	
2.605725e-02	4.352542e-05	
2.191198e-02	3.373725e-05	
2.216964e-02	5.791287e-05	
2.216964e-02	6.565364e-06	
2.024373e-02	2.169954e-05	
2.265486e-02	1.517460e-05	
2.265486e-02	1.997744e-05	
2.413605e-02	2.873910e-05	
2.075838e-02	1.411248e-05	
1.914328e-02	2.939917e-05	
2.719383e-02	2.285482e-05	
1.994815e-02	1.649246e-05	
2.174859e-02	1.391793e-05	
2.256584e-02	1.997796e-05	
2.187567e-02	5.062716e-05	
1.900539e-02	4.909033e-05	
2.146509e-02	6.692199e-06	
2.135060e-02	1.313262e-05	
2.425966e-02	1.554134e-05	
2.415155e-02	4.432967e-05	
1.886434e-02	2.055010e-06	
2.536417e-02	1.500544e-07	
1.904639e-02	4.309667e-05	
2.122968e-02	2.143525e-06	
2.122968e-02	1.309336e-05	
2.450172e-02	4.876041e-05	
2.224136e-02	4.602291e-06	
2.224136e-02	4.525931e-05	
2.453047e-02	1.501382e-05	
2.224016e-02	1.415601e-05	
2.342071e-02	5.845460e-05	
2.419226e-02	3.354153e-05	
2.346573e-02	5.724030e-05	
2.442682e-02	1.725763e-06	
2.438998e-02	2.120072e-05	
2.447291e-02	3.369045e-05	
2.326647e-02	1.024624e-05	
2.290316e-02	5.181470e-06	
2.371093e-02	5.723369e-05	
2.432823e-02	3.668947e-05	
2.208555e-02	8.569257e-06	
2.315808e-02	3.244737e-07	
2.315808e-02	4.859223e-05	
2.420016e-02	4.145137e-05	
1.860372e-02	5.490341e-06	
1.860372e-02	1.834343e-05	
2.506570e-02	9.771113e-05	
2.405633e-02	7.516005e-05	
2.014861e-02	4.034505e-05	
1.994815e-02	4.171994e-05	
2.174859e-02	2.107805e-05	
2.256584e-02	2.325930e-05	
2.434030e-02	6.057926e-05	
1.900539e-02	9.518212e-05	
2.095610e-02	7.450893e-05	
2.095610e-02	4.049452e-05	
2.450613e-02	6.324958e-05	
2.059906e-02	5.688457e-05	
1.886434e-02	5.415442e-05	
2.162053e-02	1.287335e-05	
2.265134e-02	5.680630e-06	
2.241186e-02	4.911379e-05	
2.032026e-02	3.990891e-05	
2.232582e-02	2.038102e-05	
2.231631e-02	5.744973e-05	
2.397212e-02	7.479261e-05	
2.042977e-02	2.338136e-05	
2.224016e-02	4.034447e-05	
2.342071e-02	6.783083e-05	
2.419226e-02	3.898380e-05	
2.346573e-02	5.821166e-05	
2.224255e-02	3.316499e-05	
2.487434e-02	4.362677e-05	
2.391889e-02	3.504043e-05	
2.398294e-02	4.559659e-05	
2.290316e-02	3.531141e-05	
2.196020e-02	4.208901e-05	
2.196020e-02	2.921773e-05	
2.208555e-02	3.619007e-05	
2.470864e-02	3.846593e-06	
2.442701e-02	6.901572e-05	
2.454759e-02	5.332799e-05	
2.109152e-02	3.644771e-05	
2.109152e-02	6.402051e-05	
2.114885e-02	9.137587e-05	
2.114885e-02	5.969419e-05	
2.014861e-02	4.613970e-05	
2.126420e-02	8.570851e-05	
2.126420e-02	7.197324e-05	
2.409630e-02	6.813770e-05	
2.232169e-02	6.767119e-05	
2.518385e-02	1.138295e-04	
2.259856e-02	8.701061e-05	
2.233624e-02	3.508584e-05	
2.096083e-02	5.419454e-05	
2.059906e-02	3.615394e-05	
2.468537e-02	3.170250e-06	
2.162053e-02	2.534962e-05	
2.055547e-02	3.506088e-05	
2.055547e-02	5.821212e-05	
2.032026e-02	4.460363e-05	
2.232582e-02	3.546450e-05	
2.231631e-02	4.299841e-05	
2.336988e-02	4.796152e-05	
2.042977e-02	7.479315e-05	
2.075723e-02	6.685202e-05	
2.375788e-02	6.676582e-05	
2.193694e-02	7.623222e-05	
2.193694e-02	4.603325e-05	
2.224255e-02	7.179234e-05	
2.294307e-02	3.366538e-05	
2.211581e-02	3.492936e-05	
2.211581e-02	6.852492e-05	
2.466587e-02	8.099636e-05	
2.377207e-02	7.272426e-05	
2.437481e-02	4.480284e-05	
2.258427e-02	8.913350e-05	
2.258427e-02	7.111371e-05	
2.398055e-02	9.621216e-05	
2.319267e-02	7.545524e-05	
2.246638e-02	7.531319e-05	
2.473796e-02	8.204283e-05	
2.473796e-02	7.893571e-05	
2.617446e-02	5.833701e-05	
2.443029e-02	1.013827e-04	
1.889152e-02	6.150258e-05	
2.299777e-02	5.941352e-05	
2.219696e-02	8.610487e-05	
2.305940e-02	6.047345e-05	
2.408091e-02	9.382015e-05	
2.259856e-02	5.657830e-05	
1.836188e-02	4.275207e-05	
1.836188e-02	6.441551e-05	
2.357434e-02	5.117482e-05	
2.316675e-02	4.028375e-05	
2.354509e-02	7.268559e-05	
2.194845e-02	7.152962e-05	
2.074041e-02	7.051419e-05	
2.074041e-02	8.060208e-05	
2.397195e-02	5.192763e-05	
2.534026e-02	9.106221e-05	
2.456756e-02	4.981978e-05	
1.998240e-02	7.819048e-05	
1.998240e-02	9.921469e-05	
2.318014e-02	8.348621e-05	
2.574015e-02	8.093921e-05	
2.488947e-02	7.596876e-05	
2.294899e-02	9.117380e-05	
2.294899e-02	5.913765e-05	
2.353108e-02	4.281655e-05	
2.445522e-02	5.459317e-05	
2.466587e-02	4.066503e-05	
1.888646e-02	5.239361e-05	
1.888646e-02	6.986696e-05	
2.232692e-02	4.155039e-05	
2.232692e-02	5.124125e-05	
2.303425e-02	7.257863e-05	
2.303425e-02	9.040811e-05	
2.372177e-02	1.061765e-04	
2.407003e-02	8.684647e-05	
2.312069e-02	8.315482e-05	
2.297013e-02	1.150805e-04	
2.438705e-02	9.169623e-05	
1.889152e-02	9.279010e-05	
2.147508e-02	8.737007e-05	
2.219696e-02	1.044085e-04	
2.564875e-02	1.310243e-04	
2.592609e-02	1.179161e-04	
2.148597e-02	1.083197e-04	
2.091149e-02	7.330438e-05	
2.091149e-02	1.025403e-04	
2.357434e-02	7.362169e-05	
2.316675e-02	3.867539e-05	
2.378545e-02	4.361943e-05	
2.430041e-02	7.773587e-05	
2.266405e-02	8.619179e-05	
2.349163e-02	7.225238e-05	
2.269998e-02	9.608956e-05	
2.269998e-02	8.073601e-05	
2.456756e-02	5.626302e-05	
2.296049e-02	7.151814e-05	
2.419724e-02	1.022844e-04	
2.194484e-02	9.555951e-05	
2.194484e-02	9.468786e-05	
2.340235e-02	8.205312e-05	
2.127909e-02	8.764645e-05	
1.916812e-02	9.353601e-05	
1.916812e-02	9.663161e-05	
2.188341e-02	7.249444e-05	
2.188341e-02	5.642021e-05	
2.370416e-02	7.760593e-05	
2.211505e-02	3.958992e-05	
2.211505e-02	6.463643e-05	
2.462860e-02	6.611200e-05	
2.462860e-02	6.700385e-05	
2.179735e-02	8.971074e-05	
2.179735e-02	8.741357e-05	
2.212317e-02	9.857113e-05	
2.155926e-02	1.033562e-04	
2.297013e-02	1.125029e-04	
2.173084e-02	7.107378e-05	
2.173084e-02	1.078957e-04	
2.452661e-02	1.250510e-04	
2.546450e-02	1.087191e-04	
2.173106e-02	8.949149e-05	
2.128825e-02	8.685497e-05	
2.148597e-02	9.520621e-05	
2.391869e-02	8.989575e-05	
2.441033e-02	1.027128e-04	
2.441573e-02	7.230258e-05	
1.956796e-02	6.749194e-05	
2.523668e-02	8.419130e-05	
2.250745e-02	6.623600e-05	
2.250745e-02	8.802484e-05	
1.923006e-02	9.878683e-05	
1.923006e-02	1.035175e-04	
2.146348e-02	9.801458e-05	
1.980603e-02	9.764925e-05	
1.980603e-02	8.522869e-05	
2.546153e-02	6.471661e-05	
2.485073e-02	1.117290e-04	
2.069287e-02	9.529770e-05	
2.069287e-02	7.784836e-05	
2.127909e-02	9.351243e-05	
2.247667e-02	8.638787e-05	
1.945311e-02	8.735997e-05	
2.020153e-02	9.500010e-05	
2.327534e-02	8.403111e-05	
2.007156e-02	7.862541e-05	
2.320225e-02	8.943823e-05	
2.275145e-02	6.844239e-05	
2.007273e-02	7.997039e-05	
2.476891e-02	7.897237e-05	
2.007851e-02	8.201559e-05	
2.253742e-02	9.258695e-05	
2.308827e-02	8.284457e-05	
2.155926e-02	1.183098e-04	
2.049299e-02	8.414741e-05	
2.049299e-02	9.643589e-05	
2.375020e-02	1.112734e-04	
2.481703e-02	1.506518e-04	
2.418938e-02	8.226635e-05	
2.173106e-02	7.781278e-05	
2.128825e-02	8.979186e-05	
2.277395e-02	8.466232e-05	
2.277395e-02	1.171878e-04	
2.463924e-02	1.012352e-04	
2.465282e-02	8.253474e-05	
1.956796e-02	8.815798e-05	
2.040279e-02	7.255003e-05	
2.059224e-02	6.927617e-05	
2.333333e-02	7.841417e-05	
2.339845e-02	6.739152e-05	
2.411665e-02	6.071705e-05	
2.146348e-02	7.915129e-05	
2.189500e-02	8.229840e-05	
1.998184e-02	7.537562e-05	
1.998184e-02	7.321332e-05	
2.485073e-02	8.535344e-05	
2.122213e-02	1.030177e-04	
2.323115e-02	7.966421e-05	
2.496131e-02	7.822257e-05	
2.309204e-02	8.520475e-05	
1.945311e-02	7.716383e-05	
2.020153e-02	7.597812e-05	
2.327534e-02	4.899409e-05	
2.007156e-02	7.630837e-05	
2.086563e-02	5.758143e-05	
2.086563e-02	6.026197e-05	
2.007273e-02	8.195993e-05	
2.512287e-02	6.632310e-05	
2.007851e-02	9.686594e-05	
2.516003e-02	6.753968e-05	
2.430919e-02	9.346783e-05	
2.619521e-02	8.571558e-05	
2.420372e-02	1.001276e-04	
2.362271e-02	7.758170e-05	
2.375020e-02	1.282308e-04	
2.001613e-02	9.809033e-05	
2.001613e-02	1.155386e-04	
2.425526e-02	1.290204e-04	
2.169166e-02	1.216964e-04	
2.169166e-02	8.995637e-05	
2.555539e-02	1.259662e-04	
2.442255e-02	9.372738e-05	
2.131254e-02	9.916020e-05	
2.224687e-02	8.867790e-05	
2.040279e-02	4.608803e-05	
2.059224e-02	5.467224e-05	
2.238620e-02	6.461424e-05	
2.389139e-02	6.694466e-05	
1.966410e-02	6.419218e-05	
1.966410e-02	7.036756e-05	
2.348504e-02	8.056243e-05	
2.348504e-02	7.897210e-05	
1.967190e-02	8.453323e-05	
1.967190e-02	8.655983e-05	
1.954568e-02	6.800031e-05	
1.954568e-02	9.673685e-05	
2.567015e-02	1.030095e-04	
2.149399e-02	1.006448e-04	
2.149399e-02	1.128696e-04	
2.287832e-02	7.940390e-05	
2.287832e-02	8.683905e-05	
2.432683e-02	6.189852e-05	
2.095259e-02	7.656286e-05	
2.130439e-02	4.330731e-05	
2.602345e-02	9.857019e-05	
2.216338e-02	7.798463e-05	
1.901541e-02	8.023097e-05	
1.901541e-02	9.419276e-05	
2.342693e-02	1.131475e-04	
2.405844e-02	1.288653e-04	
2.257391e-02	1.074433e-04	
2.257391e-02	1.070422e-04	
2.450929e-02	1.058703e-04	
2.389351e-02	1.834994e-04	
2.161379e-02	4.898216e-05	
2.362487e-02	1.376013e-04	
2.312219e-02	9.056873e-05	
2.349503e-02	1.480480e-04	
2.236290e-02	1.282878e-04	
2.185794e-02	9.754214e-05	
2.087765e-02	1.149913e-04	
2.087765e-02	9.207048e-05	
2.408768e-02	5.910909e-05	
2.455103e-02	5.968585e-05	
2.275310e-02	1.069789e-04	
2.231922e-02	9.162645e-05	
2.299272e-02	7.548841e-05	
2.299272e-02	9.383084e-05	
2.425219e-02	8.372103e-05	
2.271800e-02	6.247363e-05	
2.271800e-02	8.767353e-05	
2.286741e-02	6.937615e-05	
2.286741e-02	7.423576e-05	
2.298831e-02	8.075353e-05	
2.313031e-02	9.140979e-05	
2.298458e-02	1.021746e-04	
2.450692e-02	9.382345e-05	
2.401911e-02	8.587247e-05	
2.401911e-02	1.010949e-04	
2.368901e-02	9.106213e-05	
2.368901e-02	8.177315e-05	
2.130439e-02	7.847157e-05	
2.569438e-02	7.387453e-05	
1.986837e-02	1.029174e-04	
1.986837e-02	8.197889e-05	
2.211778e-02	7.107863e-05	
2.342693e-02	1.133872e-04	
2.447217e-02	8.652303e-05	
2.011956e-02	1.147226e-04	
2.320908e-02	1.022153e-04	
2.415920e-02	9.291993e-05	
2.048122e-02	1.508645e-04	
2.048122e-02	1.491970e-04	
2.336153e-02	6.760326e-05	
2.087575e-02	1.565164e-04	
2.087575e-02	1.324281e-04	
2.236290e-02	1.258470e-04	
2.185794e-02	1.020714e-04	
2.528376e-02	1.084171e-04	
2.388440e-02	1.095883e-04	
2.388440e-02	6.153157e-05	
2.424599e-02	5.420757e-05	
2.275310e-02	1.129256e-04	
2.231922e-02	9.861586e-05	
2.343500e-02	8.684130e-05	
2.258789e-02	8.924365e-05	
2.258789e-02	7.786951e-05	
1.991799e-02	8.387672e-05	
1.991799e-02	8.584088e-05	
2.351874e-02	9.009722e-05	
2.297494e-02	9.233846e-05	
2.298831e-02	8.576241e-05	
2.378633e-02	7.697754e-05	
2.310834e-02	9.070979e-05	
2.310834e-02	8.892127e-05	
2.036864e-02	7.753412e-05	
2.416954e-02	8.551694e-05	
2.430216e-02	7.169129e-05	
2.203212e-02	8.223320e-05	
2.296095e-02	8.312091e-05	
2.571168e-02	7.623364e-05	
2.246510e-02	1.118716e-04	
2.247662e-02	1.122460e-04	
2.126760e-02	7.028616e-05	
2.175927e-02	9.353559e-05	
2.175927e-02	1.011560e-04	
2.011956e-02	1.009888e-04	
2.281083e-02	1.114798e-04	
2.281083e-02	1.393427e-04	
2.299468e-02	1.587331e-04	
2.366002e-02	7.022458e-05	
1.927191e-02	2.283343e-04	
1.927191e-02	1.187844e-04	
2.111374e-02	1.423092e-04	
2.118250e-02	1.379533e-04	
2.135463e-02	1.019280e-04	
2.135463e-02	1.231365e-04	
1.972926e-02	9.836826e-05	
1.998561e-02	9.440805e-05	
1.998561e-02	8.347899e-05	
1.883283e-02	8.970175e-05	
2.585954e-02	1.035691e-04	
2.320297e-02	1.060434e-04	
2.320297e-02	9.446390e-05	
2.297103e-02	8.030604e-05	
2.399105e-02	8.438429e-05	
2.404508e-02	7.791894e-05	
2.237683e-02	6.726963e-05	
2.371195e-02	1.032102e-04	
2.371195e-02	9.486000e-05	
2.603914e-02	7.479224e-05	
2.043896e-02	9.276988e-05	
2.043896e-02	8.315672e-05	
2.036864e-02	7.705850e-05	
2.512569e-02	5.075533e-05	
2.433841e-02	6.584727e-05	
2.203212e-02	8.306306e-05	
2.379640e-02	7.906688e-05	
2.542886e-02	7.799335e-05	
2.246510e-02	1.016173e-04	
2.152323e-02	6.002858e-05	
2.126760e-02	7.232065e-05	
2.114975e-02	8.428469e-05	
2.062248e-02	1.213612e-04	
2.062248e-02	1.368948e-04	
2.605757e-02	1.489343e-04	
2.010063e-02	1.072869e-04	
2.290415e-02	1.467379e-04	
2.290415e-02	1.826979e-04	
1.974952e-02	1.176923e-04	
2.182799e-02	1.429042e-04	
2.111374e-02	1.735161e-04	
2.118250e-02	9.993339e-05	
2.441090e-02	1.052857e-04	
2.013703e-02	7.506036e-05	
1.972926e-02	9.651887e-05	
2.031310e-02	7.202842e-05	
2.221747e-02	7.132639e-05	
1.883283e-02	8.268909e-05	
2.197906e-02	1.013259e-04	
2.197906e-02	9.876466e-05	
2.054048e-02	7.249002e-05	
2.297103e-02	1.010256e-04	
1.942297e-02	8.468161e-05	
2.191871e-02	8.006089e-05	
2.191871e-02	7.563354e-05	
2.284148e-02	6.803382e-05	
2.403694e-02	1.159266e-04	
2.009493e-02	8.272911e-05	
2.392275e-02	9.178273e-05	
2.392275e-02	9.657231e-05	
2.035417e-02	6.146890e-05	
2.234007e-02	7.028106e-05	
2.433841e-02	7.387224e-05	
2.073365e-02	8.553766e-05	
2.073365e-02	9.460706e-05	
2.542886e-02	7.584866e-05	
2.233483e-02	8.366327e-05	
2.152323e-02	6.685787e-05	
2.447803e-02	6.117046e-05	
2.114975e-02	4.807706e-05	
1.891468e-02	9.253663e-05	
1.891468e-02	1.351453e-04	
1.949753e-02	1.074028e-04	
2.010063e-02	1.561547e-04	
2.360232e-02	1.438353e-04	
2.422054e-02	7.870934e-05	
1.974952e-02	9.753364e-05	
2.060100e-02	1.811669e-04	
2.060100e-02	1.828579e-04	
2.192803e-02	1.363202e-04	
2.167001e-02	7.439461e-05	
2.050121e-02	1.144228e-04	
2.185272e-02	9.908215e-05	
2.465469e-02	6.003056e-05	
2.264723e-02	9.610366e-05	
2.264723e-02	8.430166e-05	
2.405688e-02	8.318065e-05	
2.287762e-02	7.684558e-05	
2.008318e-02	8.346744e-05	
2.008318e-02	7.560613e-05	
1.942297e-02	9.937045e-05	
2.242460e-02	6.786829e-05	
2.242460e-02	6.902141e-05	
2.283772e-02	8.373261e-05	
2.447211e-02	7.889461e-05	
2.009493e-02	9.195114e-05	
2.051402e-02	8.816119e-05	
2.162730e-02	7.522199e-05	
2.035417e-02	8.886863e-05	
2.011589e-02	6.775182e-05	
2.496193e-02	8.528988e-05	
2.264922e-02	8.212360e-05	
2.482073e-02	9.991230e-05	
2.127946e-02	8.869989e-05	
2.388483e-02	9.147828e-05	
2.371855e-02	6.341228e-05	
2.066238e-02	6.534633e-05	
2.066238e-02	8.659593e-05	
1.922814e-02	1.011537e-04	
2.354636e-02	9.561758e-05	
1.949753e-02	1.139401e-04	
2.460499e-02	1.082468e-04	
2.170730e-02	1.178971e-04	
1.919463e-02	2.256355e-04	
2.240182e-02	1.350017e-04	
2.240182e-02	1.203613e-04	
2.282471e-02	2.132537e-04	
2.228958e-02	1.177683e-04	
2.018590e-02	9.124403e-05	
2.018590e-02	8.657981e-05	
2.317036e-02	7.312664e-05	
2.465469e-02	9.910954e-05	
2.462075e-02	9.202933e-05	
2.205094e-02	7.515240e-05	
2.205094e-02	7.648369e-05	
2.287762e-02	7.623801e-05	
2.508496e-02	6.786352e-05	
1.990677e-02	1.018881e-04	
1.990677e-02	9.818900e-05	
2.267492e-02	8.534805e-05	
2.215818e-02	8.103045e-05	
2.283772e-02	8.522237e-05	
2.373814e-02	7.237991e-05	
2.237018e-02	6.850190e-05	
2.347761e-02	8.362745e-05	
2.162730e-02	8.333949e-05	
1.814151e-02	6.582796e-05	
2.011589e-02	7.345268e-05	
2.140785e-02	6.706652e-05	
2.264922e-02	8.093480e-05	
2.526527e-02	8.875287e-05	
2.127946e-02	7.670034e-05	
2.343310e-02	7.755232e-05	
2.343310e-02	6.841014e-05	
2.479809e-02	7.283050e-05	
2.311496e-02	7.180453e-05	
1.922814e-02	1.024104e-04	
2.371575e-02	7.040654e-05	
2.146938e-02	8.922966e-05	
2.146938e-02	1.326048e-04	
2.324305e-02	1.535712e-04	
1.919463e-02	1.811749e-04	
2.059152e-02	1.718314e-04	
2.420844e-02	2.121799e-04	
2.452048e-02	1.757871e-04	
2.337362e-02	1.017668e-04	
1.863713e-02	1.190642e-04	
1.863713e-02	1.028578e-04	
2.635324e-02	1.035039e-04	
2.506639e-02	9.829989e-05	
1.871929e-02	8.789828e-05	
1.871929e-02	8.743807e-05	
2.486613e-02	8.753291e-05	
2.565737e-02	7.506153e-05	
2.397600e-02	9.268491e-05	
2.092663e-02	9.752653e-05	
2.564142e-02	9.370399e-05	
2.308238e-02	8.463531e-05	
2.215818e-02	9.638868e-05	
2.391417e-02	7.636338e-05	
2.206559e-02	7.722690e-05	
2.206559e-02	7.910822e-05	
2.347761e-02	7.995332e-05	
2.367337e-02	8.665202e-05	
1.814151e-02	8.746030e-05	
2.276003e-02	8.552012e-05	
1.919252e-02	8.815059e-05	
2.163243e-02	8.352946e-05	
2.307348e-02	9.041274e-05	
2.092159e-02	6.311851e-05	
2.192140e-02	8.620522e-05	
2.244405e-02	8.605380e-05	
2.302100e-02	8.250535e-05	
2.533689e-02	1.255854e-04	
2.718105e-02	7.699640e-05	
2.329535e-02	8.410805e-05	
2.313621e-02	1.225004e-04	
2.039382e-02	1.203619e-04	
2.324305e-02	1.325553e-04	
2.486066e-02	1.683624e-04	
2.059152e-02	1.534693e-04	
2.255013e-02	2.017640e-04	
2.693226e-02	1.542096e-04	
2.311529e-02	1.267570e-04	
2.311529e-02	1.193968e-04	
2.557282e-02	1.062523e-04	
1.983023e-02	9.850792e-05	
2.069278e-02	6.352860e-05	
2.362384e-02	5.108934e-05	
2.014215e-02	1.040114e-04	
2.071317e-02	9.394907e-05	
2.282520e-02	8.833907e-05	
2.282520e-02	7.533122e-05	
2.092663e-02	9.947857e-05	
2.124171e-02	7.903213e-05	
2.124171e-02	9.469326e-05	
1.900194e-02	9.383507e-05	
2.034486e-02	8.774406e-05	
2.034486e-02	8.627422e-05	
2.440125e-02	8.670491e-05	
2.440125e-02	1.020961e-04	
2.288282e-02	9.817788e-05	
2.288282e-02	8.767483e-05	
2.346996e-02	8.270817e-05	
1.919252e-02	8.410363e-05	
2.210332e-02	7.629882e-05	
1.962877e-02	5.868016e-05	
1.962877e-02	7.261668e-05	
2.192140e-02	8.416710e-05	
2.309578e-02	6.967583e-05	
2.302100e-02	6.514518e-05	
2.166628e-02	1.086862e-04	
2.309044e-02	1.130798e-04	
2.309044e-02	1.234490e-04	
2.523921e-02	1.265585e-04	
2.039382e-02	5.569995e-05	
2.109585e-02	1.388212e-04	
2.559570e-02	2.695282e-04	
2.524914e-02	2.115310e-04	
2.213424e-02	2.471780e-04	
2.213424e-02	1.216178e-04	
2.257339e-02	8.412971e-05	
2.478568e-02	1.166025e-04	
2.126977e-02	6.553170e-05	
1.983023e-02	6.027474e-05	
2.221407e-02	6.919272e-05	
2.072462e-02	7.542767e-05	
2.072462e-02	1.019195e-04	
2.071317e-02	1.155576e-04	
2.075641e-02	7.012508e-05	
2.138224e-02	8.740453e-05	
2.102210e-02	7.613156e-05	
2.266869e-02	8.603703e-05	
2.242429e-02	8.737590e-05	
1.900194e-02	9.126137e-05	
2.408335e-02	6.359500e-05	
2.462657e-02	9.286282e-05	
2.403459e-02	9.288618e-05	
2.030198e-02	9.071962e-05	
2.314194e-02	1.112438e-04	
2.383949e-02	9.231685e-05	
2.410913e-02	8.600102e-05	
2.565858e-02	7.423093e-05	
2.313446e-02	6.473039e-05	
2.309891e-02	7.406936e-05	
1.953784e-02	6.781992e-05	
1.953784e-02	6.970494e-05	
2.403182e-02	6.466713e-05	
2.392444e-02	6.526640e-05	
2.166628e-02	9.466113e-05	
2.089773e-02	8.014333e-05	
2.444862e-02	1.040464e-04	
1.966439e-02	1.393347e-04	
1.966439e-02	1.672584e-04	
2.484888e-02	1.177537e-04	
2.223326e-02	1.465293e-04	
2.273075e-02	9.592397e-05	
2.431238e-02	2.387565e-04	
2.265294e-02	2.013412e-04	
2.245511e-02	1.265577e-04	
2.245511e-02	8.181410e-05	
2.317974e-02	4.354369e-05	
2.286536e-02	8.279199e-05	
2.286536e-02	8.805261e-05	
2.159770e-02	7.734113e-05	
2.250015e-02	8.871716e-05	
2.194154e-02	8.515274e-05	
2.075641e-02	6.922095e-05	
1.971580e-02	6.995654e-05	
1.971580e-02	7.037286e-05	
2.426189e-02	5.922701e-05	
2.426189e-02	9.290242e-05	
2.477221e-02	7.192290e-05	
2.311260e-02	8.377862e-05	
2.311260e-02	6.124327e-05	
2.183072e-02	8.286554e-05	
2.030198e-02	9.395026e-05	
2.477343e-02	7.476000e-05	
2.477343e-02	1.040798e-04	
2.386465e-02	8.341745e-05	
2.215279e-02	8.157706e-05	
2.251115e-02	6.308620e-05	
2.251115e-02	6.461354e-05	
2.325201e-02	7.277001e-05	
2.259585e-02	7.225821e-05	
2.479358e-02	7.309777e-05	
2.495726e-02	5.809079e-05	
2.559180e-02	8.911237e-05	
2.089773e-02	6.982049e-05	
2.085356e-02	6.048480e-05	
2.085356e-02	1.442687e-04	
2.320146e-02	1.751879e-04	
2.484888e-02	2.200081e-04	
2.246374e-02	1.725350e-04	
1.982276e-02	2.104486e-04	
2.283506e-02	1.739106e-04	
2.265294e-02	1.635949e-04	
2.292175e-02	1.308508e-04	
2.292175e-02	9.485354e-05	
2.317974e-02	3.275506e-05	
1.990037e-02	5.389298e-05	
2.449621e-02	7.656855e-05	
2.159770e-02	9.610491e-05	
2.223090e-02	7.695899e-05	
2.495960e-02	7.397037e-05	
2.428736e-02	6.864024e-05	
2.373130e-02	7.955200e-05	
2.227207e-02	7.466763e-05	
2.227207e-02	7.290801e-05	
2.647335e-02	7.908099e-05	
2.462240e-02	8.749605e-05	
2.016894e-02	7.248033e-05	
2.016894e-02	8.526095e-05	
1.908861e-02	7.792215e-05	
2.150886e-02	9.472941e-05	
1.958656e-02	8.535311e-05	
2.300165e-02	7.662467e-05	
2.300165e-02	7.537234e-05	
2.215279e-02	7.223381e-05	
2.253228e-02	5.720861e-05	
2.463995e-02	7.376688e-05	
2.372613e-02	6.701651e-05	
2.564239e-02	6.490905e-05	
2.042529e-02	6.261326e-05	
2.042529e-02	6.908887e-05	
1.934002e-02	8.624005e-05	
1.934002e-02	1.113120e-04	
2.153629e-02	1.174796e-04	
2.221908e-02	1.452555e-04	
2.614822e-02	1.524853e-04	
2.142571e-02	1.179143e-04	
2.142571e-02	2.657429e-04	
1.982276e-02	2.671909e-04	
2.247849e-02	2.066474e-04	
2.247849e-02	1.087946e-04	
2.525651e-02	1.089138e-04	
2.247002e-02	9.709097e-05	
1.979015e-02	7.270273e-05	
1.979015e-02	5.694575e-05	
2.449621e-02	4.509716e-05	
2.519242e-02	6.759458e-05	
2.227238e-02	8.790721e-05	
2.557889e-02	4.571292e-05	
2.428736e-02	6.576237e-05	
2.373130e-02	8.012860e-05	
2.419157e-02	6.628021e-05	
2.309110e-02	6.693710e-05	
2.235011e-02	7.223082e-05	
2.235011e-02	5.487475e-05	
2.107403e-02	5.573235e-05	
2.094883e-02	6.125416e-05	
1.908861e-02	6.461045e-05	
2.312244e-02	5.464107e-05	
1.958656e-02	8.143792e-05	
2.545081e-02	6.262855e-05	
2.413154e-02	6.230243e-05	
2.124058e-02	5.670477e-05	
2.124058e-02	6.788886e-05	
2.177470e-02	6.336595e-05	
2.177470e-02	8.585954e-05	
2.304106e-02	6.211240e-05	
2.304106e-02	8.431239e-05	
2.389605e-02	6.452690e-05	
2.283722e-02	8.778117e-05	
2.230282e-02	8.644350e-05	
2.153629e-02	1.358491e-04	
2.525208e-02	1.249650e-04	
2.414639e-02	1.226538e-04	
2.299022e-02	1.676949e-04	
2.378308e-02	1.917331e-04	
1.881014e-02	2.135168e-04	
2.327032e-02	2.448562e-04	
2.080419e-02	1.829693e-04	
2.080419e-02	1.179411e-04	
2.247002e-02	6.788886e-05	
2.440847e-02	5.048518e-05	
2.300458e-02	7.880433e-05	
2.050696e-02	6.530732e-05	
2.680404e-02	1.008735e-04	
2.673963e-02	8.699135e-05	
1.886854e-02	5.499181e-05	
1.886854e-02	5.673036e-05	
2.215950e-02	5.978899e-05	
2.419157e-02	6.236960e-05	
2.256004e-02	5.946260e-05	
2.256004e-02	6.289709e-05	
2.101375e-02	7.311417e-05	
2.101375e-02	6.497837e-05	
2.721791e-02	6.718793e-05	
2.626036e-02	7.075826e-05	
2.312244e-02	5.636720e-05	
2.428748e-02	6.667038e-05	
2.293108e-02	5.879308e-05	
2.160840e-02	6.411072e-05	
2.297155e-02	6.808754e-05	
2.409660e-02	7.654690e-05	
2.409660e-02	5.495503e-05	
2.157479e-02	5.836065e-05	
2.137669e-02	6.486168e-05	
2.137506e-02	5.993053e-05	
2.137506e-02	8.234950e-05	
2.283722e-02	1.182980e-04	
2.569673e-02	1.068322e-04	
2.484530e-02	1.217963e-04	
2.223683e-02	1.016023e-04	
2.223683e-02	1.315059e-04	
2.329912e-02	2.306696e-04	
2.529450e-02	2.821768e-04	
1.881014e-02	1.644227e-04	
2.522314e-02	1.512303e-04	
2.145186e-02	1.982201e-04	
2.227164e-02	1.244415e-04	
2.047889e-02	7.568741e-05	
2.047889e-02	5.912647e-05	
2.274077e-02	9.228434e-05	
2.025012e-02	9.391524e-05	
2.025012e-02	6.958963e-05	
2.306869e-02	3.023621e-05	
2.174393e-02	4.255130e-05	
2.068887e-02	3.737413e-05	
2.215950e-02	6.104366e-05	
2.332773e-02	6.022497e-05	
2.022788e-02	5.096923e-05	
2.337105e-02	5.455116e-05	
2.313033e-02	6.556777e-05	
2.275955e-02	7.159279e-05	
1.834672e-02	6.554656e-05	
2.017701e-02	7.472122e-05	
2.281743e-02	6.794518e-05	
1.912291e-02	7.072767e-05	
1.912291e-02	6.356312e-05	
2.160840e-02	5.888138e-05	
2.203454e-02	6.464473e-05	
2.052834e-02	5.445728e-05	
2.052834e-02	2.997798e-05	
2.157479e-02	5.908786e-05	
1.972169e-02	6.064047e-05	
1.972169e-02	5.422601e-05	
2.474762e-02	8.168397e-05	
2.521006e-02	8.578169e-05	
2.234395e-02	6.910806e-05	
2.521579e-02	8.931120e-05	
2.098309e-02	1.170356e-04	
2.075380e-02	1.637783e-04	
2.329912e-02	2.184108e-04	
2.381732e-02	1.639101e-04	
2.021056e-02	1.495536e-04	
2.145402e-02	1.489614e-04	
2.340801e-02	1.466573e-04	
2.362013e-02	1.054206e-04	
2.137356e-02	6.645229e-05	
2.193959e-02	8.445036e-05	
2.193959e-02	4.369025e-05	
2.535068e-02	5.565478e-05	
2.042341e-02	6.076343e-05	
2.059444e-02	2.951356e-05	
2.635569e-02	1.948038e-05	
2.068887e-02	4.331304e-05	
2.390374e-02	4.569152e-05	
2.175265e-02	3.683385e-05	
2.022788e-02	7.252344e-05	
2.543499e-02	4.893238e-05	
2.055882e-02	6.331597e-05	
2.055882e-02	6.307169e-05	
1.834672e-02	5.760745e-05	
2.159032e-02	4.459471e-05	
2.281743e-02	6.642310e-05	
2.302095e-02	5.355798e-05	
2.531887e-02	6.267350e-05	
1.939026e-02	4.947406e-05	
2.144853e-02	5.448548e-05	
2.286417e-02	6.414181e-05	
2.156505e-02	6.764203e-05	
2.231704e-02	6.491993e-05	
2.265969e-02	8.336817e-05	
1.938598e-02	5.106637e-05	
2.403417e-02	5.918334e-05	
2.304032e-02	7.781141e-05	
2.234395e-02	6.895093e-05	
2.266453e-02	9.795852e-05	
2.168592e-02	1.537078e-04	
2.075380e-02	6.749767e-05	
2.245117e-02	1.131676e-04	
2.245117e-02	1.626429e-04	
2.021056e-02	1.251027e-04	
2.145402e-02	1.988121e-04	
2.148781e-02	1.670882e-04	
2.362013e-02	1.268091e-04	
2.059686e-02	5.588760e-05	
2.059686e-02	5.559941e-05	
2.571315e-02	6.872718e-05	
2.111088e-02	6.927036e-05	
2.111088e-02	6.618273e-05	
1.922191e-02	9.086812e-05	
1.922191e-02	5.876843e-05	
2.044153e-02	4.377575e-05	
2.361597e-02	4.482051e-05	
2.175265e-02	4.601110e-05	
2.403811e-02	4.975267e-05	
2.221826e-02	4.409205e-05	
2.241654e-02	5.438192e-05	
2.376364e-02	6.934289e-05	
2.321099e-02	5.481390e-05	
2.360188e-02	5.720946e-05	
2.572439e-02	6.249274e-05	
2.206963e-02	5.277441e-05	
2.206963e-02	4.361890e-05	
1.939026e-02	4.908549e-05	
2.144853e-02	4.193937e-05	
2.385627e-02	3.697787e-05	
2.096685e-02	5.074770e-05	
2.096685e-02	5.142510e-05	
2.137230e-02	5.212196e-05	
1.938598e-02	5.299317e-05	
2.403555e-02	2.544849e-05	
2.214748e-02	7.356199e-05	
2.369113e-02	1.044057e-04	
2.567508e-02	7.469737e-05	
2.315367e-02	1.026888e-04	
2.315367e-02	8.826522e-05	
2.266503e-02	9.637268e-05	
2.465182e-02	8.908724e-05	
2.097198e-02	1.568452e-04	
2.097198e-02	1.262024e-04	
2.661157e-02	1.274926e-04	
2.569754e-02	1.662130e-04	
2.496022e-02	8.188096e-05	
2.402578e-02	7.458685e-05	
2.161103e-02	7.188501e-05	
2.203748e-02	5.904289e-05	
1.904890e-02	6.797076e-05	
1.904890e-02	4.302704e-05	
1.924891e-02	5.664046e-05	
2.044153e-02	3.574784e-05	
2.450596e-02	3.005287e-05	
2.425133e-02	4.159933e-05	
2.308911e-02	5.968496e-05	
2.221826e-02	4.513861e-05	
2.688003e-02	4.473573e-05	
2.532342e-02	5.745265e-05	
2.321099e-02	6.590042e-05	
2.168844e-02	5.791127e-05	
2.168844e-02	4.393368e-05	
2.277917e-02	6.077644e-05	
2.275753e-02	4.316653e-05	
2.275753e-02	4.363169e-05	
2.379747e-02	4.157788e-05	
2.507365e-02	3.809833e-05	
2.543418e-02	4.710327e-05	
2.395202e-02	6.306043e-05	
1.940256e-02	4.334696e-05	
2.283185e-02	4.604683e-05	
2.283185e-02	3.902636e-05	
2.214748e-02	7.039763e-05	
2.139229e-02	4.700651e-05	
2.139229e-02	3.533762e-05	
1.974516e-02	6.642844e-05	
1.974516e-02	1.063128e-04	
2.447445e-02	1.087775e-04	
2.447445e-02	2.542057e-04	
2.146575e-02	2.052789e-04	
2.450575e-02	2.042289e-04	
1.996434e-02	1.313082e-04	
2.211031e-02	9.020821e-05	
2.499649e-02	8.378475e-05	
1.965981e-02	8.433047e-05	
1.965981e-02	6.855953e-05	
2.103443e-02	3.584936e-05	
2.103443e-02	3.199654e-05	
2.562906e-02	4.764580e-05	
2.562906e-02	5.389378e-05	
2.258817e-02	5.953611e-05	
1.822193e-02	4.120817e-05	
2.133106e-02	5.641008e-05	
2.133106e-02	5.443818e-05	
2.340836e-02	6.474502e-05	
2.225029e-02	4.965126e-05	
2.225029e-02	5.946906e-05	
1.958530e-02	6.790591e-05	
1.958530e-02	5.983721e-05	
2.304996e-02	3.812703e-05	
2.277917e-02	4.295488e-05	
2.329498e-02	4.357585e-05	
2.367373e-02	4.086984e-05	
2.333315e-02	5.391014e-05	
2.268548e-02	6.036771e-05	
2.468703e-02	4.688036e-05	
2.082947e-02	4.945043e-05	
1.940256e-02	6.642371e-05	
2.292070e-02	4.911127e-05	
2.298061e-02	7.684738e-05	
2.398981e-02	5.934721e-05	
2.398981e-02	8.188243e-05	
2.446787e-02	2.358264e-05	
2.318605e-02	5.522820e-05	
1.933299e-02	7.250450e-05	
1.933299e-02	1.059890e-04	
2.320836e-02	4.104432e-05	
2.527939e-02	2.662429e-04	
2.524913e-02	2.374160e-04	
1.996434e-02	1.791431e-04	
2.016690e-02	1.007189e-04	
2.472429e-02	3.592324e-05	
2.472429e-02	5.031417e-05	
2.571590e-02	7.229658e-05	
2.259818e-02	7.687547e-05	
2.068979e-02	6.089716e-05	
2.233188e-02	4.142903e-05	
2.420889e-02	6.418401e-05	
2.366340e-02	4.297060e-05	
1.822193e-02	5.961475e-05	
2.464076e-02	3.547295e-05	
2.464076e-02	3.827419e-05	
2.340836e-02	6.002831e-05	
2.057180e-02	4.115863e-05	
2.161189e-02	5.225598e-05	
2.384166e-02	4.270507e-05	
2.013767e-02	4.613392e-05	
2.013767e-02	5.689714e-05	
2.574388e-02	4.160071e-05	
2.104617e-02	4.028214e-05	
2.277944e-02	5.764837e-05	
1.957263e-02	4.605020e-05	
1.957263e-02	5.662664e-05	
2.468703e-02	3.418523e-05	
2.077860e-02	4.905759e-05	
2.003874e-02	3.968663e-05	
2.003874e-02	4.448030e-05	
2.298061e-02	6.098708e-05	
2.070602e-02	4.468984e-05	
2.405225e-02	2.608046e-05	
2.240573e-02	7.970631e-05	
2.215265e-02	8.259983e-05	
2.505637e-02	1.791113e-04	
2.312832e-02	1.267985e-04	
2.243619e-02	1.744257e-04	
2.255996e-02	2.255100e-04	
2.295216e-02	2.009961e-04	
2.491728e-02	1.073479e-04	
1.987413e-02	1.542626e-04	
2.241543e-02	1.150851e-04	
1.939877e-02	6.298644e-05	
1.939877e-02	3.250624e-05	
2.259818e-02	3.672162e-05	
2.068979e-02	4.847847e-05	
1.903183e-02	5.642175e-05	
1.903183e-02	1.902562e-05	
2.480546e-02	4.859704e-05	
2.664066e-02	6.798332e-05	
2.085565e-02	4.347780e-05	
2.266018e-02	4.122131e-05	
2.454220e-02	4.620014e-05	
2.057180e-02	4.801812e-05	
2.254925e-02	3.002824e-05	
2.254925e-02	2.836412e-05	
2.028914e-02	4.651007e-05	
2.211390e-02	5.700508e-05	
2.543062e-02	2.242935e-05	
2.104617e-02	4.270892e-05	
2.029808e-02	2.861698e-05	
2.029808e-02	6.377306e-05	
2.273248e-02	4.929699e-05	
2.309949e-02	3.903742e-05	
2.077860e-02	4.703696e-05	
2.194553e-02	4.586084e-05	
2.573483e-02	4.019078e-05	
2.208682e-02	4.867543e-05	
2.070602e-02	5.181832e-05	
2.428135e-02	4.959597e-05	
2.241800e-02	1.837013e-05	
2.215265e-02	7.446308e-05	
2.055956e-02	1.225893e-04	
2.281321e-02	1.717367e-04	
2.243619e-02	8.028233e-05	
2.151390e-02	2.480624e-04	
2.140791e-02	2.085555e-04	
2.471043e-02	1.282830e-04	
1.987413e-02	1.023917e-04	
2.450183e-02	9.857397e-05	
2.383668e-02	3.718277e-05	
2.092642e-02	5.021129e-05	
2.111400e-02	2.074620e-05	
2.388598e-02	2.986773e-05	
2.288672e-02	4.293403e-05	
2.229069e-02	4.941229e-05	
1.878490e-02	6.001065e-05	
2.430566e-02	4.540159e-05	
2.075559e-02	4.814167e-05	
2.075559e-02	4.080083e-05	
2.542694e-02	5.009442e-05	
2.181190e-02	5.427337e-05	
2.181190e-02	5.309412e-05	
2.469987e-02	5.288791e-05	
2.081177e-02	4.582728e-05	
2.469188e-02	3.178508e-05	
2.543062e-02	2.905409e-05	
1.954663e-02	4.425362e-05	
1.954663e-02	2.933218e-05	
2.484403e-02	3.812811e-05	
2.273248e-02	6.422735e-05	
2.094864e-02	2.862115e-05	
2.094864e-02	4.498090e-05	
2.545070e-02	3.090729e-05	
2.269449e-02	3.315450e-05	
2.269449e-02	4.386309e-05	
2.231813e-02	8.144480e-05	
2.361567e-02	5.925625e-05	
2.361567e-02	8.165582e-05	
2.372880e-02	5.340623e-05	
2.055956e-02	1.448218e-04	
2.199337e-02	1.492673e-04	
2.199337e-02	2.006422e-04	
2.376863e-02	1.013929e-04	
2.140791e-02	1.956002e-04	
2.494013e-02	1.289898e-04	
2.328210e-02	7.658259e-05	
2.328210e-02	4.678631e-05	
1.970333e-02	5.662846e-05	
1.970333e-02	3.267052e-05	
2.111400e-02	2.296853e-05	
2.381829e-02	4.125994e-06	
2.271436e-02	5.407241e-05	
2.271436e-02	2.960616e-05	
1.878490e-02	5.067511e-05	
2.430566e-02	3.340710e-05	
2.507055e-02	3.276528e-05	
2.458215e-02	5.862758e-05	
1.868917e-02	5.801096e-05	
1.868917e-02	5.059295e-05	
2.393360e-02	5.032465e-05	
2.418987e-02	5.095006e-05	
2.081177e-02	4.456125e-05	
2.361528e-02	2.477393e-05	
2.179871e-02	2.511875e-05	
2.337331e-02	4.487761e-05	
2.126395e-02	3.085363e-05	
2.464816e-02	1.238620e-05	
2.159161e-02	4.711535e-05	
2.159161e-02	3.687646e-05	
2.192512e-02	2.480418e-05	
2.192512e-02	2.041177e-05	
2.234589e-02	3.886001e-05	
2.391912e-02	3.972691e-05	
2.231813e-02	8.260207e-05	
2.267681e-02	6.843906e-05	
2.533435e-02	6.659001e-05	
2.372880e-02	1.211788e-04	
2.006315e-02	1.447161e-04	
2.006315e-02	1.474532e-04	
2.306083e-02	1.749564e-04	
2.315497e-02	1.321366e-04	
2.315497e-02	1.891596e-04	
2.391298e-02	1.291312e-04	
2.010140e-02	7.533864e-05	
2.010140e-02	2.830751e-05	
2.610057e-02	2.350162e-05	
2.297650e-02	5.170458e-05	
2.297650e-02	3.108612e-05	
2.192438e-02	3.834081e-05	
2.258440e-02	4.796920e-06	
2.398647e-02	5.790173e-05	
2.019348e-02	6.230342e-05	
2.019348e-02	4.509155e-05	
1.866608e-02	4.237066e-05	
1.938520e-02	4.904803e-05	
2.493236e-02	4.516208e-05	
2.466875e-02	3.942264e-05	
2.393360e-02	3.652902e-05	
2.253445e-02	3.490543e-05	
2.253445e-02	3.142967e-05	
2.100099e-02	1.973444e-05	
2.179871e-02	2.907536e-05	
2.137989e-02	5.088414e-05	
2.137989e-02	5.280795e-05	
2.042255e-02	4.015966e-05	
2.188444e-02	4.877278e-05	
2.188444e-02	5.921576e-05	
2.172911e-02	2.559000e-05	
2.172911e-02	2.309209e-05	
2.080726e-02	3.908163e-05	
2.080726e-02	4.510242e-05	
2.104971e-02	5.637323e-05	
2.104971e-02	4.605595e-05	
2.014783e-02	3.375394e-05	
2.406682e-02	8.921774e-05	
2.074380e-02	1.795261e-04	
2.242729e-02	1.748096e-04	
2.227951e-02	4.140952e-05	
2.537006e-02	1.927133e-04	
2.031766e-02	1.250294e-04	
2.031766e-02	1.027475e-04	
2.552909e-02	5.191548e-05	
1.847938e-02	6.539960e-05	
1.847938e-02	7.474045e-05	
2.471547e-02	3.077546e-05	
2.391729e-02	4.317458e-05	
2.192438e-02	1.888670e-05	
2.519204e-02	1.676693e-05	
2.333967e-02	4.611440e-05	
2.333967e-02	4.609207e-05	
2.218329e-02	4.416789e-05	
1.866608e-02	4.152655e-05	
2.196752e-02	3.788515e-05	
2.493236e-02	4.075698e-05	
2.446161e-02	4.824854e-05	
2.446161e-02	2.922612e-05	
2.412412e-02	3.293987e-05	
2.412412e-02	3.778516e-05	
2.100099e-02	3.473507e-05	
2.367875e-02	2.640084e-05	
2.430737e-02	4.896923e-05	
2.232264e-02	1.458308e-05	
2.042255e-02	2.914725e-05	
2.274789e-02	3.100028e-05	
2.330060e-02	3.822779e-05	
1.988298e-02	2.727605e-05	
2.271955e-02	3.595702e-05	
2.395034e-02	5.215245e-05	
2.066681e-02	2.024493e-05	
2.066681e-02	2.574004e-05	
2.569925e-02	2.724682e-05	
2.014783e-02	3.962905e-05	
2.406682e-02	4.139977e-05	
2.074380e-02	9.076159e-05	
2.043703e-02	8.256136e-05	
2.043703e-02	2.239306e-04	
2.250270e-02	1.256376e-04	
2.250270e-02	4.748105e-05	
2.483961e-02	9.030497e-05	
2.469773e-02	6.769872e-05	
1.957290e-02	5.144051e-05	
2.225104e-02	5.868730e-05	
2.320292e-02	3.202273e-05	
2.320292e-02	3.615299e-05	
2.294588e-02	3.981154e-05	
2.374541e-02	1.247827e-05	
2.347087e-02	1.271793e-05	
2.318703e-02	4.407072e-05	
2.218329e-02	5.241099e-05	
2.556701e-02	4.357562e-05	
2.384376e-02	5.637621e-05	
2.231619e-02	5.247225e-05	
2.335060e-02	4.659437e-05	
2.346565e-02	3.871796e-05	
2.347611e-02	4.506861e-05	
2.128280e-02	3.312825e-05	
2.128280e-02	4.125973e-05	
2.367875e-02	4.302445e-05	
2.511561e-02	2.816804e-05	
2.260668e-02	2.136896e-05	
2.269196e-02	4.283089e-05	
2.284426e-02	2.499796e-05	
2.442899e-02	3.242806e-05	
1.988298e-02	3.479700e-05	
2.114150e-02	1.509198e-05	
2.219550e-02	4.679856e-05	
2.458338e-02	7.067890e-05	
1.851430e-02	3.026670e-05	
2.535254e-02	2.564102e-05	
2.246244e-02	3.751152e-05	
2.246244e-02	1.018565e-04	
2.526456e-02	1.308834e-04	
1.931984e-02	1.180589e-04	
2.413028e-02	1.867301e-04	
2.364195e-02	3.086650e-05	
2.199253e-02	7.304188e-05	
2.556539e-02	1.142513e-04	
2.469773e-02	8.060211e-05	
1.957290e-02	3.458935e-05	
2.348434e-02	3.411463e-05	
2.097398e-02	3.490327e-05	
2.097398e-02	2.331360e-05	
2.294588e-02	2.956750e-05	
2.374541e-02	4.031903e-05	
2.039341e-02	2.342953e-05	
2.039341e-02	3.000173e-05	
2.794538e-02	4.515143e-05	
2.527451e-02	4.406719e-05	
2.384376e-02	5.617177e-05	
2.223902e-02	2.952859e-05	
2.223902e-02	2.587192e-05	
2.175642e-02	2.413099e-05	
2.502688e-02	3.748946e-05	
2.416289e-02	2.805348e-05	
2.369502e-02	3.448474e-05	
2.636446e-02	4.474470e-05	
2.646514e-02	1.276742e-05	
2.258067e-02	3.614729e-05	
2.321106e-02	3.579185e-05	
2.284426e-02	3.648366e-05	
2.013539e-02	3.355522e-05	
2.030961e-02	4.020696e-05	
2.114150e-02	4.429379e-05	
2.519778e-02	1.185320e-05	
2.531593e-02	1.409927e-05	
1.851430e-02	1.375497e-05	
2.097773e-02	1.678282e-05	
2.310311e-02	5.587233e-05	
2.282988e-02	3.741781e-05	
2.282988e-02	6.375463e-05	
1.931984e-02	6.022650e-05	
2.344088e-02	4.841001e-05	
2.383761e-02	2.608795e-04	
2.199253e-02	9.903510e-05	
2.252145e-02	2.872848e-05	
2.428270e-02	2.414745e-05	
2.213053e-02	3.524363e-05	
2.425645e-02	6.778428e-05	
2.311989e-02	1.172296e-05	
2.311989e-02	9.026925e-06	
2.140417e-02	4.796998e-05	
2.140417e-02	2.464124e-05	
2.291778e-02	4.496510e-05	
2.403505e-02	4.292023e-05	
1.825207e-02	4.120207e-05	
2.310145e-02	2.959716e-05	
2.499005e-02	3.530984e-05	
2.601203e-02	1.760965e-05	
2.008169e-02	1.780052e-05	
2.008169e-02	2.863966e-05	
2.392158e-02	3.062077e-05	
2.238410e-02	3.067988e-05	
2.445713e-02	3.899855e-05	
2.074020e-02	2.669482e-05	
1.952125e-02	3.634881e-05	
2.258067e-02	4.133710e-05	
2.476115e-02	1.342406e-05	
2.476115e-02	1.681861e-05	
2.013539e-02	3.658045e-05	
2.275441e-02	5.683381e-05	
2.049019e-02	1.261268e-05	
2.291860e-02	3.521523e-05	
2.223545e-02	8.573979e-06	
2.223545e-02	3.493396e-05	
2.097773e-02	1.559678e-05	
2.106624e-02	3.248354e-05	
2.456222e-02	7.169699e-05	
2.265542e-02	1.350108e-05	
2.265542e-02	3.281370e-05	
2.433426e-02	1.914329e-04	
2.261941e-02	4.445184e-05	
2.413380e-02	6.145252e-05	
2.345957e-02	5.629900e-05	
2.311006e-02	3.696402e-05	
1.843062e-02	3.870773e-05	
1.843062e-02	1.869132e-05	
2.202277e-02	7.300001e-06	
1.967313e-02	2.433776e-05	
1.967313e-02	1.310296e-05	
2.284009e-02	4.163543e-05	
2.291778e-02	2.252345e-05	
2.389122e-02	7.941611e-06	
1.825207e-02	2.209020e-05	
2.310145e-02	1.938362e-05	
2.090364e-02	1.684973e-05	
2.090364e-02	1.297957e-05	
2.343387e-02	1.106389e-05	
2.428713e-02	1.885997e-05	
2.392158e-02	3.579451e-05	
2.238410e-02	1.702682e-05	
2.186982e-02	2.580902e-05	
2.186982e-02	3.229812e-07	
1.952125e-02	3.318742e-05	
2.049099e-02	3.235458e-05	
2.402983e-02	1.333557e-05	
2.402983e-02	2.396921e-05	
2.501776e-02	3.146851e-05	
2.335187e-02	1.415055e-05	
2.049019e-02	2.154084e-05	
2.090407e-02	6.672887e-06	
2.090407e-02	2.327087e-05	
2.203942e-02	9.856660e-06	
2.203942e-02	1.692721e-05	
2.593571e-02	2.136902e-05	
1.900395e-02	6.904562e-06	
1.900395e-02	3.150730e-05	
2.274488e-02	7.301077e-05	
2.433426e-02	2.082381e-04	
