5.163696e-04	1.529887e-13	
4.663076e-04	5.950795e-14	
4.948659e-04	3.719247e-13	
5.163696e-04	7.749357e-14	
3.298579e-04	2.528311e-12	
3.601972e-04	1.822698e-11	
5.163696e-04	5.491163e-13	
3.069007e-04	1.888045e-12	
5.163696e-04	1.899925e-12	
5.163696e-04	6.867507e-12	
5.163696e-04	2.089995e-12	
5.163696e-04	2.163558e-11	
5.163696e-04	4.080070e-12	
3.195214e-04	7.009948e-12	
3.468183e-04	7.410739e-13	
5.134367e-04	1.887379e-12	
5.163696e-04	3.366196e-13	
4.174451e-04	1.190326e-11	
4.187219e-04	7.016610e-14	
3.410521e-04	9.555778e-11	
5.163696e-04	5.147660e-12	
5.163696e-04	1.274658e-11	
5.163696e-04	4.528600e-12	
4.505106e-04	2.520650e-12	
3.016274e-04	3.642198e-12	
4.999368e-04	1.419087e-12	
4.865106e-04	8.368861e-13	
4.767361e-04	1.616707e-12	
5.163696e-04	1.112443e-13	
5.163696e-04	1.562528e-12	
3.352849e-04	1.716405e-12	
5.163696e-04	8.144596e-13	
5.078133e-04	1.452172e-13	
4.088797e-04	7.375434e-12	
5.163696e-04	1.117995e-13	
5.060813e-04	1.601608e-12	
3.340366e-04	1.537326e-12	
5.163696e-04	1.620926e-14	
5.163696e-04	1.072475e-13	
5.163696e-04	1.599831e-13	
5.163696e-04	3.106182e-12	
5.163696e-04	1.965121e-12	
3.205119e-04	6.379451e-14	
4.684505e-04	1.650134e-13	
3.535743e-04	7.612927e-15	
5.163696e-04	8.944390e-14	
5.163696e-04	2.694153e-14	
5.007372e-04	9.265693e-15	
3.357800e-04	9.307268e-16	
5.163696e-04	5.700196e-15	
5.163696e-04	2.915237e-15	
5.163696e-04	5.433634e-16	
5.163696e-04	2.388425e-15	
5.163696e-04	3.244393e-16	
3.846166e-04	7.778668e-16	
5.163696e-04	1.203015e-15	
5.163696e-04	3.807062e-15	
4.038920e-04	7.178717e-16	
4.735464e-04	1.558971e-15	
3.763991e-04	7.040730e-16	
5.163696e-04	3.379550e-15	
3.079038e-04	5.668985e-16	
5.163696e-04	2.297190e-15	
4.327328e-04	1.757105e-15	
3.575526e-04	1.052638e-15	
5.163696e-04	3.578187e-15	
4.329640e-04	9.733180e-16	
3.944018e-04	1.194213e-15	
5.163696e-04	3.622423e-16	
5.163696e-04	7.773965e-16	
4.811289e-04	8.444734e-16	
5.163696e-04	2.210476e-15	
3.061544e-04	3.915082e-16	
5.163696e-04	4.939281e-15	
5.163696e-04	8.838330e-16	
5.163696e-04	8.700488e-15	
4.508028e-04	6.554936e-15	
5.163696e-04	1.271721e-14	
5.163696e-04	1.066797e-12	
5.163696e-04	1.089218e-11	
5.163696e-04	1.328937e-13	
5.163696e-04	3.212541e-12	
3.710278e-04	2.442047e-12	
4.592677e-04	2.635669e-12	
5.163696e-04	2.464695e-14	
4.722079e-04	3.035572e-12	
4.616769e-04	5.047518e-12	
5.163696e-04	1.077938e-11	
4.323431e-04	4.409806e-13	
4.012438e-04	4.836131e-13	
3.712316e-04	2.333023e-12	
5.163696e-04	3.076428e-12	
3.708392e-04	3.476464e-11	
3.803116e-04	5.888623e-13	
3.226082e-04	4.737100e-12	
5.163696e-04	1.250333e-12	
4.236839e-04	3.668532e-11	
5.163696e-04	4.287903e-12	
4.108779e-04	1.345812e-12	
5.163696e-04	5.263268e-11	
3.970604e-04	1.541545e-12	
3.073023e-04	3.224976e-12	
3.110897e-04	2.761946e-11	
3.591856e-04	3.916090e-12	
3.427512e-04	7.712364e-11	
5.163696e-04	5.243694e-12	
5.163696e-04	1.519840e-11	
5.163696e-04	8.693490e-12	
5.163696e-04	2.781109e-11	
5.163696e-04	1.146576e-10	
5.126829e-04	3.708145e-14	
4.722901e-04	2.703393e-11	
5.163696e-04	1.504574e-12	
3.151574e-04	8.578938e-11	
4.202846e-04	7.585266e-12	
3.239983e-04	9.046541e-12	
5.163696e-04	3.249068e-12	
5.163696e-04	2.490275e-11	
3.859723e-04	1.322276e-13	
5.163696e-04	5.806466e-13	
3.768828e-04	1.465938e-12	
5.057765e-04	3.041345e-12	
4.923808e-04	7.238654e-14	
5.163696e-04	5.496492e-12	
5.163696e-04	4.059642e-12	
3.880363e-04	4.310396e-11	
5.163696e-04	1.471490e-12	
3.170218e-04	1.036916e-10	
5.163696e-04	1.722178e-12	
3.395192e-04	6.618928e-12	
5.163696e-04	2.496892e-13	
5.163696e-04	5.304646e-13	
4.895660e-04	2.119482e-11	
5.163696e-04	7.149836e-14	
3.721864e-04	2.990053e-12	
5.163696e-04	1.993961e-12	
3.194382e-04	9.697354e-12	
5.163696e-04	1.099898e-11	
5.163696e-04	1.004574e-11	
5.163696e-04	1.778133e-12	
5.163696e-04	2.480127e-12	
5.163696e-04	1.019385e-11	
5.163696e-04	3.070810e-11	
5.163696e-04	1.775913e-11	
5.163696e-04	4.878320e-12	
5.163696e-04	1.769584e-12	
5.163696e-04	2.530220e-11	
5.163696e-04	9.796608e-12	
3.562729e-04	6.288570e-11	
5.163696e-04	3.237233e-11	
4.321180e-04	3.904654e-12	
5.163696e-04	5.567546e-12	
4.933574e-04	9.944268e-13	
3.801942e-04	1.718181e-11	
5.163696e-04	1.702860e-12	
5.163696e-04	1.838529e-12	
1.648133e-04	3.225047e-06	
1.648133e-04	2.148098e-05	
4.134304e-04	7.369268e-05	
3.298579e-04	3.217372e-05	
3.601972e-04	4.809740e-05	
4.593212e-04	1.120492e-04	
3.069007e-04	2.584066e-05	
3.336223e-04	5.086574e-05	
2.885885e-04	1.068762e-04	
4.262746e-04	1.857928e-06	
1.713086e-04	5.753869e-05	
1.713086e-04	1.062275e-04	
2.380321e-04	2.777792e-06	
2.380321e-04	1.954473e-05	
4.184998e-04	1.302096e-04	
4.403145e-04	1.520765e-04	
4.174451e-04	8.314368e-05	
4.187219e-04	8.961286e-05	
3.232265e-04	1.055284e-05	
3.232265e-04	8.867574e-05	
4.202136e-04	8.216253e-05	
3.845058e-04	8.267752e-05	
4.256173e-04	4.194464e-05	
3.016274e-04	5.176380e-05	
4.302390e-04	7.980551e-05	
4.827129e-04	1.772139e-05	
4.767361e-04	4.650339e-05	
1.840562e-04	1.258263e-04	
1.840562e-04	1.023162e-04	
3.352849e-04	2.890129e-05	
3.413636e-04	8.658384e-05	
3.421341e-04	6.336780e-05	
3.421341e-04	1.953899e-06	
3.394351e-04	4.929526e-05	
3.394351e-04	6.027089e-06	
3.340366e-04	1.529178e-05	
3.767993e-04	1.477115e-06	
2.588368e-04	4.947637e-06	
4.108663e-04	2.778403e-05	
3.725029e-04	4.139026e-05	
3.725029e-04	6.857867e-05	
4.962927e-04	5.635704e-05	
5.128541e-04	4.926668e-05	
4.593212e-04	4.268183e-05	
4.709626e-04	1.751264e-05	
4.673495e-04	6.798646e-05	
2.885885e-04	8.659182e-05	
4.262746e-04	2.986559e-05	
4.168135e-04	9.139934e-05	
2.026700e-04	9.307794e-05	
2.026700e-04	8.704556e-05	
2.878571e-04	1.041481e-04	
2.878571e-04	9.994565e-05	
4.403145e-04	1.294025e-04	
5.309306e-04	1.231365e-04	
2.859250e-04	9.698970e-05	
3.872761e-04	4.027883e-05	
1.956892e-04	8.567697e-05	
2.762253e-04	9.465105e-05	
2.762253e-04	1.154718e-04	
2.812174e-04	1.095974e-04	
2.812174e-04	9.469126e-05	
5.307367e-04	9.186226e-05	
1.429750e-04	8.895130e-05	
1.429750e-04	3.116539e-05	
2.559113e-04	3.304679e-05	
2.559113e-04	4.777542e-05	
3.413636e-04	3.853674e-05	
2.035874e-04	1.190326e-04	
3.389721e-04	7.324805e-06	
3.389721e-04	1.738307e-05	
2.472875e-04	3.284216e-05	
3.016565e-04	2.794337e-06	
3.016565e-04	4.959464e-06	
2.088828e-04	1.790938e-06	
2.088828e-04	2.895026e-05	
3.710278e-04	4.390110e-05	
2.538657e-04	1.220889e-05	
2.538657e-04	3.644909e-05	
3.312039e-04	9.586014e-06	
5.059607e-04	1.953471e-05	
5.380571e-04	2.249227e-05	
5.166742e-04	3.356234e-05	
4.673495e-04	2.891499e-05	
3.440056e-04	4.976392e-05	
3.236431e-04	5.044223e-05	
3.676117e-04	5.196028e-05	
3.676117e-04	3.936401e-05	
4.022942e-04	5.945807e-05	
4.022942e-04	6.179090e-05	
2.159061e-04	1.290903e-05	
2.159061e-04	1.198681e-05	
3.115928e-04	8.540079e-05	
2.859250e-04	1.138923e-05	
5.295314e-04	1.559046e-04	
1.956892e-04	5.990379e-05	
4.729286e-04	1.050795e-04	
4.754296e-04	1.097358e-04	
3.659620e-04	3.687206e-05	
3.659620e-04	2.386108e-05	
4.829562e-04	1.004002e-04	
4.675850e-04	2.577990e-05	
3.557024e-04	7.670443e-05	
2.698386e-04	3.067666e-05	
5.062662e-04	4.799761e-05	
1.745369e-04	8.860967e-05	
2.035874e-04	8.089468e-05	
4.541328e-04	3.155999e-05	
1.643003e-04	1.096295e-05	
1.643003e-04	1.524027e-05	
3.266913e-04	1.360717e-05	
4.057155e-04	1.559737e-06	
6.293564e-04	4.145062e-05	
3.768828e-04	3.286542e-05	
2.453205e-04	5.218184e-05	
4.217730e-04	4.139560e-05	
2.254586e-04	2.886334e-05	
2.254586e-04	2.798251e-05	
4.214053e-04	1.839125e-05	
3.183536e-04	7.090730e-06	
6.097066e-04	4.535412e-05	
2.015603e-04	1.717477e-05	
2.146284e-04	4.341293e-06	
3.236431e-04	4.212976e-05	
3.891575e-04	1.874177e-06	
5.295670e-04	5.552495e-05	
5.293148e-04	4.726856e-05	
3.126691e-04	2.255192e-05	
3.126691e-04	3.396837e-05	
3.584579e-04	3.272412e-05	
2.542252e-04	3.448131e-05	
2.542252e-04	5.362081e-06	
5.018919e-04	2.084350e-05	
4.530711e-04	1.888665e-05	
4.530711e-04	5.098173e-05	
4.699918e-04	7.604993e-07	
4.699918e-04	7.922546e-06	
5.356763e-04	3.991823e-05	
2.400965e-04	1.048887e-05	
2.400965e-04	4.276048e-05	
4.779944e-04	1.452679e-05	
2.066707e-04	5.543774e-05	
2.066707e-04	6.601444e-05	
1.745369e-04	4.092994e-05	
4.632515e-04	1.180033e-05	
2.239511e-04	7.097017e-06	
4.127553e-04	9.522529e-05	
2.687009e-04	1.594187e-05	
3.196169e-04	7.076957e-05	
4.832235e-04	5.954241e-05	
4.868800e-04	6.947417e-05	
4.291639e-04	9.595762e-05	
2.453205e-04	7.206955e-05	
4.793508e-04	4.021669e-05	
3.847237e-04	1.206568e-07	
3.052381e-04	9.100301e-06	
2.334691e-04	3.076801e-05	
2.334691e-04	8.534620e-07	
6.312426e-04	9.550592e-06	
2.015603e-04	1.827012e-05	
2.146284e-04	5.453814e-06	
2.521503e-04	4.918422e-05	
2.521503e-04	2.913903e-05	
3.890419e-04	1.491888e-05	
2.553817e-04	1.172511e-05	
2.733271e-04	3.872799e-05	
3.158681e-04	1.227890e-05	
3.584579e-04	4.607948e-05	
4.223885e-04	6.128463e-06	
2.917948e-04	1.015077e-05	
2.694637e-04	1.937818e-05	
2.458570e-04	4.531667e-05	
3.507428e-04	4.533248e-05	
1.799756e-04	4.429331e-05	
1.799756e-04	3.201999e-05	
3.371687e-04	4.524682e-05	
4.044721e-04	5.287072e-05	
4.073037e-04	1.579772e-06	
3.522839e-04	3.022196e-05	
3.522839e-04	4.776410e-05	
4.842781e-04	2.961792e-05	
4.760894e-04	2.052473e-05	
3.297119e-04	2.793570e-05	
2.239511e-04	5.615267e-05	
2.450187e-04	6.829293e-05	
2.450187e-04	8.356481e-05	
2.519462e-04	3.893316e-05	
2.519462e-04	2.142259e-05	
4.867061e-04	1.064758e-04	
3.216891e-04	1.159664e-04	
3.664527e-04	3.617256e-05	
2.051341e-04	3.527566e-05	
2.051341e-04	3.853612e-05	
4.122316e-04	4.764640e-05	
2.337699e-04	5.954844e-05	
2.337699e-04	1.099752e-04	
3.620842e-04	8.979148e-05	
1.969917e-04	7.826599e-05	
2.252086e-04	4.502898e-05	
2.252086e-04	4.038403e-05	
3.293483e-04	6.505599e-06	
3.293483e-04	1.361067e-05	
2.553817e-04	4.360596e-05	
2.733271e-04	4.359848e-05	
2.630858e-04	1.169759e-05	
2.630858e-04	2.186900e-05	
4.560668e-04	2.213578e-05	
2.465591e-04	8.941994e-06	
2.465591e-04	7.191943e-06	
2.458570e-04	1.885552e-05	
2.725184e-04	2.339685e-05	
3.383281e-04	2.062663e-05	
3.093640e-04	9.051296e-06	
3.371687e-04	8.291421e-06	
3.825883e-04	1.209311e-05	
3.448480e-04	1.432005e-05	
3.332517e-04	1.428857e-05	
2.898838e-04	1.133822e-06	
2.498530e-04	1.072849e-05	
2.259800e-04	2.705864e-05	
2.178246e-04	3.133303e-05	
2.123261e-04	5.839877e-05	
2.123261e-04	4.508593e-05	
2.496531e-04	6.354579e-05	
2.575081e-04	7.373374e-05	
2.362854e-04	7.821132e-05	
2.757495e-04	7.309341e-05	
2.757495e-04	1.070530e-04	
3.664527e-04	3.464729e-05	
5.486174e-04	1.166162e-04	
2.570938e-04	1.234500e-04	
2.539326e-04	4.565281e-05	
3.653798e-04	5.319719e-05	
2.949332e-04	1.261912e-04	
3.620842e-04	6.333522e-05	
1.969917e-04	6.110689e-05	
2.288820e-04	5.668921e-05	
3.335043e-04	7.844778e-05	
3.860692e-04	6.667369e-05	
3.503976e-04	5.168711e-05	
4.691718e-04	3.906703e-05	
4.262132e-04	1.328796e-05	
4.262132e-04	1.769268e-05	
2.620093e-04	1.921356e-05	
2.620093e-04	8.708622e-06	
2.457793e-04	2.906360e-05	
4.509769e-04	6.410763e-05	
4.047667e-04	2.714532e-05	
2.978737e-04	4.395023e-05	
4.216978e-04	4.084248e-05	
5.061210e-04	3.255955e-05	
5.011590e-04	3.052818e-05	
1.861075e-04	2.134283e-05	
1.861075e-04	3.226770e-05	
3.332517e-04	4.301932e-05	
3.217742e-04	2.379483e-05	
2.498530e-04	2.165329e-05	
2.259800e-04	3.213757e-06	
2.178246e-04	1.231978e-05	
2.565673e-04	3.407609e-05	
2.565673e-04	2.170469e-05	
2.496531e-04	6.191605e-05	
3.959494e-04	1.645166e-05	
2.362854e-04	8.429053e-05	
3.621802e-04	9.842473e-05	
3.291724e-04	1.474796e-04	
3.687740e-04	1.644656e-04	
3.687740e-04	7.111966e-05	
2.570938e-04	9.132308e-05	
2.539326e-04	6.227955e-05	
3.653798e-04	1.298370e-05	
3.958425e-04	7.530126e-05	
4.548468e-04	1.254061e-04	
2.572510e-04	6.853302e-05	
2.572510e-04	1.213783e-04	
3.699651e-04	7.005061e-05	
3.604188e-04	5.366807e-05	
3.503976e-04	5.789436e-05	
3.155937e-04	3.396441e-05	
2.401675e-04	5.239904e-06	
4.003836e-04	2.813467e-05	
5.700700e-04	2.085901e-05	
2.500692e-04	2.157759e-06	
2.457793e-04	1.470147e-05	
2.666378e-04	4.563610e-05	
2.666378e-04	6.515437e-05	
3.295804e-04	4.881347e-05	
6.343934e-04	6.629856e-05	
2.965023e-04	8.722547e-05	
2.965023e-04	1.000790e-04	
3.319549e-04	4.090675e-05	
3.754271e-04	8.599803e-05	
2.949308e-04	5.845966e-05	
2.949308e-04	5.199045e-05	
2.291367e-04	3.062129e-05	
2.530285e-04	4.820861e-05	
2.530285e-04	4.656343e-05	
1.739346e-04	6.546010e-05	
4.042561e-04	2.521473e-05	
2.327404e-04	4.627920e-05	
2.327404e-04	1.094587e-04	
4.110625e-04	1.047020e-04	
3.621802e-04	1.231491e-04	
3.291724e-04	4.471143e-05	
2.995645e-04	1.017823e-04	
3.193829e-04	2.678972e-05	
5.437238e-04	5.855401e-05	
2.296148e-04	9.268675e-05	
2.732946e-04	1.002141e-04	
4.308296e-04	1.613443e-04	
4.308296e-04	1.135358e-04	
1.665979e-04	9.419428e-05	
1.665979e-04	1.048946e-04	
4.481327e-04	4.214235e-05	
3.604188e-04	6.397221e-05	
4.626188e-04	3.780162e-05	
3.155937e-04	1.569696e-05	
2.401675e-04	3.773306e-05	
2.540130e-04	3.165203e-05	
4.553424e-04	1.551991e-05	
2.500692e-04	4.458099e-05	
3.896269e-04	2.404160e-05	
2.985419e-04	2.515303e-06	
5.544797e-04	5.973677e-05	
3.295804e-04	3.345782e-05	
2.269224e-04	4.038128e-05	
2.269224e-04	8.168440e-05	
3.632259e-04	2.235578e-05	
3.319549e-04	3.438409e-05	
3.754271e-04	5.007604e-05	
3.430904e-04	7.489530e-05	
4.068129e-04	1.904214e-05	
2.291367e-04	4.150516e-05	
6.247554e-04	1.288921e-05	
4.467440e-04	2.142178e-05	
1.739346e-04	5.349529e-05	
4.042561e-04	3.972587e-05	
4.166543e-04	6.049452e-05	
3.725869e-04	1.215317e-04	
2.712189e-04	1.107323e-04	
2.178555e-04	1.210499e-04	
2.178555e-04	1.726016e-04	
2.995645e-04	9.412534e-05	
3.193829e-04	3.473497e-05	
2.436959e-04	1.426369e-04	
2.296148e-04	8.476854e-05	
2.732946e-04	7.141197e-05	
3.304919e-04	8.190136e-05	
2.918927e-04	9.529651e-05	
3.152043e-04	9.071232e-05	
4.461687e-04	8.972879e-05	
2.614526e-04	8.953251e-05	
2.614526e-04	8.997360e-05	
3.698699e-04	7.193495e-05	
2.903558e-04	5.939772e-05	
2.903558e-04	2.258146e-05	
2.540130e-04	4.678498e-05	
3.715493e-04	4.065904e-06	
3.227605e-04	2.793439e-05	
3.227605e-04	4.834183e-05	
2.985419e-04	1.165107e-05	
5.192908e-04	5.265053e-05	
2.439257e-04	3.677680e-05	
1.910794e-04	3.315585e-05	
5.307938e-04	5.511754e-05	
3.047585e-04	1.058403e-05	
3.047585e-04	2.606398e-05	
4.033999e-04	4.076034e-05	
2.317578e-04	2.972657e-05	
2.317578e-04	6.739224e-05	
4.354058e-04	3.862035e-05	
3.570819e-04	5.319077e-05	
4.467440e-04	4.174560e-05	
4.218129e-04	4.971543e-05	
2.634590e-04	6.790034e-05	
2.634590e-04	7.716682e-05	
3.915487e-04	5.790482e-05	
2.712189e-04	1.378625e-04	
3.144748e-04	1.252622e-04	
3.170218e-04	1.100838e-04	
3.712316e-04	1.238991e-04	
3.181302e-04	1.001540e-04	
3.181302e-04	7.644507e-05	
5.472431e-04	7.726568e-05	
3.388695e-04	5.975383e-05	
2.166657e-04	1.089867e-04	
2.918927e-04	9.034684e-05	
4.892762e-04	7.444561e-05	
4.869287e-04	1.199333e-04	
2.606839e-04	1.183321e-04	
2.606839e-04	9.196869e-05	
3.698699e-04	4.208386e-05	
3.019147e-04	4.474365e-05	
2.398372e-04	5.991377e-05	
2.398372e-04	2.690646e-05	
3.715493e-04	4.368946e-05	
5.969445e-04	2.722381e-05	
5.121844e-04	2.648232e-05	
3.188005e-04	3.082388e-05	
3.188005e-04	2.823386e-05	
3.395534e-04	2.030365e-05	
1.910794e-04	5.784153e-05	
3.730082e-04	6.370812e-06	
3.842072e-04	7.823804e-05	
3.842072e-04	8.824132e-05	
4.849526e-04	3.871912e-05	
3.140642e-04	5.951615e-05	
3.140642e-04	4.912742e-05	
3.599809e-04	3.518978e-05	
3.570819e-04	5.011117e-05	
4.703365e-04	4.950024e-05	
4.218129e-04	4.322112e-05	
4.022688e-04	8.788810e-05	
3.838010e-04	6.246239e-05	
3.838010e-04	3.580723e-05	
3.537662e-04	1.105290e-04	
3.144748e-04	1.391472e-04	
3.411672e-04	2.021641e-04	
5.744213e-04	2.227049e-04	
2.790844e-04	1.054980e-04	
2.790844e-04	1.719810e-04	
4.776865e-04	4.288642e-05	
1.515686e-04	7.783166e-05	
2.166657e-04	1.361783e-04	
3.905977e-04	8.119450e-05	
4.690821e-04	5.140582e-05	
4.732730e-04	8.299839e-05	
4.732730e-04	1.156186e-04	
6.620489e-04	9.517618e-05	
2.196384e-04	5.515840e-05	
2.196384e-04	5.120505e-05	
2.687590e-04	5.052175e-05	
2.427322e-04	4.857869e-05	
5.350372e-04	6.365501e-05	
3.484478e-04	6.109648e-05	
4.753275e-04	6.894330e-05	
5.329985e-04	7.119067e-05	
4.235894e-04	4.810807e-05	
3.366165e-04	8.632460e-05	
2.385771e-04	5.266376e-05	
3.592503e-04	5.313561e-05	
4.001772e-04	8.358659e-05	
3.610006e-04	4.946798e-05	
2.652405e-04	4.195883e-05	
3.452386e-04	6.207767e-05	
4.740585e-04	2.215992e-06	
2.973070e-04	4.156589e-06	
2.973070e-04	3.463874e-05	
3.179300e-04	1.516885e-05	
3.179300e-04	3.295725e-05	
4.022688e-04	8.085659e-05	
2.423455e-04	3.044337e-05	
2.423455e-04	7.028395e-05	
2.485096e-04	1.833914e-04	
5.274691e-04	1.804314e-04	
3.395192e-04	1.079065e-04	
3.708392e-04	1.136640e-04	
3.037787e-04	1.633931e-04	
3.558471e-04	1.988687e-04	
4.300914e-04	1.531340e-04	
1.515686e-04	1.059542e-04	
3.767610e-04	1.051011e-04	
3.905977e-04	1.037980e-04	
2.355208e-04	1.141890e-04	
3.340199e-04	1.281490e-04	
3.340199e-04	1.159831e-04	
1.594948e-04	9.285573e-05	
3.802867e-04	5.731610e-05	
4.778198e-04	6.048885e-05	
2.687590e-04	5.887272e-05	
2.427322e-04	5.039928e-05	
4.839979e-04	4.985501e-05	
3.484478e-04	8.104475e-05	
3.654180e-04	5.689490e-05	
2.843372e-04	6.264549e-05	
2.556923e-04	4.052055e-05	
3.366165e-04	4.990310e-05	
2.385771e-04	4.543840e-05	
3.206725e-04	3.633883e-05	
4.001772e-04	4.283913e-05	
3.610006e-04	3.371540e-05	
2.652405e-04	2.487746e-05	
4.605129e-04	5.435576e-05	
4.605129e-04	1.079325e-05	
4.975106e-04	4.173684e-05	
6.350200e-04	8.135529e-06	
4.486429e-04	1.490336e-05	
4.609633e-04	1.621225e-05	
2.390956e-04	5.985077e-05	
2.601075e-04	1.080734e-04	
4.304577e-04	9.669484e-05	
2.485096e-04	1.989611e-04	
2.520388e-04	1.264467e-04	
2.520388e-04	1.895933e-04	
3.803116e-04	1.858486e-04	
4.145840e-04	1.823210e-04	
2.464316e-04	2.071875e-04	
2.464316e-04	1.215972e-04	
5.550819e-04	1.502942e-04	
1.979290e-04	1.358033e-04	
3.164499e-04	1.120361e-04	
2.355208e-04	1.058695e-04	
3.269969e-04	6.784481e-05	
4.986248e-04	7.833655e-05	
1.594948e-04	1.029335e-04	
4.271359e-04	8.383974e-05	
5.309812e-04	1.153594e-04	
3.186616e-04	9.363420e-05	
4.164534e-04	1.129356e-04	
4.164534e-04	5.893867e-05	
3.977076e-04	6.213868e-05	
2.607249e-04	5.275198e-05	
2.607249e-04	5.784563e-05	
2.556923e-04	2.612557e-05	
2.604710e-04	2.972003e-05	
2.604710e-04	3.102635e-05	
4.762107e-04	5.070561e-05	
5.772792e-04	3.585050e-05	
3.687903e-04	3.754789e-05	
3.687903e-04	4.523209e-05	
2.878042e-04	4.391445e-05	
1.558892e-04	5.002408e-05	
5.231155e-04	6.123541e-05	
2.833982e-04	6.080374e-05	
2.712548e-04	4.619913e-05	
2.712548e-04	1.149577e-05	
2.390956e-04	2.546174e-05	
2.670553e-04	5.608201e-05	
3.249475e-04	7.300246e-05	
3.080380e-04	1.070829e-04	
3.448634e-04	1.573506e-04	
2.474941e-04	2.046672e-04	
3.226082e-04	1.815954e-04	
4.145840e-04	2.870064e-04	
2.563421e-04	1.488815e-04	
3.328216e-04	1.313055e-04	
3.328216e-04	1.471754e-04	
1.979290e-04	1.441445e-04	
3.099189e-04	1.208211e-04	
3.099189e-04	9.826762e-05	
3.269969e-04	9.642196e-05	
2.185197e-04	1.207416e-04	
2.185197e-04	1.285507e-04	
3.873815e-04	1.277496e-04	
3.873815e-04	1.007742e-04	
3.186616e-04	1.246547e-04	
3.720800e-04	1.240554e-04	
1.719313e-04	1.154649e-04	
2.021202e-04	9.089429e-05	
3.910986e-04	7.969260e-05	
3.688373e-04	7.748309e-05	
2.936531e-04	5.204695e-05	
2.090917e-04	6.774472e-05	
3.868611e-04	6.969092e-05	
3.360341e-04	6.121238e-05	
3.360341e-04	6.653258e-05	
4.443600e-04	6.660152e-05	
5.037067e-04	5.072542e-05	
2.878042e-04	3.320704e-05	
1.558892e-04	4.628371e-05	
2.201024e-04	2.579144e-05	
2.833982e-04	5.277276e-05	
3.144565e-04	8.822188e-05	
3.144565e-04	7.304477e-05	
5.762316e-04	7.098158e-05	
5.882378e-04	9.050607e-05	
4.920323e-04	4.135623e-05	
3.080380e-04	1.013682e-04	
3.350754e-04	1.087553e-04	
2.474941e-04	1.406406e-04	
1.635168e-04	3.920944e-04	
1.635168e-04	2.206153e-04	
2.563421e-04	1.627995e-04	
2.080014e-04	1.897421e-04	
3.002734e-04	1.848293e-04	
4.419925e-04	1.457283e-04	
3.924858e-04	1.682487e-04	
3.955929e-04	1.584481e-04	
3.955929e-04	1.456643e-04	
2.930683e-04	1.097699e-04	
2.523227e-04	1.457192e-04	
3.807509e-04	1.273636e-04	
2.189607e-04	1.228622e-04	
3.349338e-04	1.010874e-04	
3.545230e-04	9.900505e-05	
1.719313e-04	1.081947e-04	
2.021202e-04	8.912746e-05	
3.127784e-04	7.934987e-05	
3.127784e-04	4.755007e-05	
2.936531e-04	5.623403e-05	
2.090917e-04	6.911030e-05	
2.575121e-04	4.089082e-05	
4.565790e-04	4.664051e-05	
3.266615e-04	5.729890e-05	
2.227733e-04	6.223552e-05	
3.556314e-04	5.373506e-05	
5.354581e-04	7.475170e-05	
4.718849e-04	5.982464e-05	
2.104770e-04	2.669700e-05	
2.104770e-04	5.923391e-05	
3.332190e-04	9.435642e-05	
3.760231e-04	5.044048e-05	
3.745753e-04	6.314469e-05	
3.396411e-04	1.434212e-04	
4.920323e-04	1.796136e-04	
5.350324e-04	5.876704e-05	
5.350324e-04	5.372830e-05	
2.494113e-04	1.420271e-04	
4.222295e-04	2.397109e-04	
4.226026e-04	2.677571e-04	
3.942215e-04	1.938897e-04	
2.080014e-04	2.251963e-04	
3.566327e-04	1.619506e-04	
3.202236e-04	1.540277e-04	
3.202236e-04	1.504186e-04	
3.173361e-04	1.531961e-04	
2.597413e-04	1.427579e-04	
2.597413e-04	1.402534e-04	
2.350297e-04	7.022560e-05	
2.685549e-04	9.936254e-05	
2.189607e-04	1.119880e-04	
3.349338e-04	1.044953e-04	
3.849961e-04	1.019256e-04	
4.374102e-04	7.165535e-05	
4.374102e-04	1.037555e-04	
5.073549e-04	5.868476e-05	
2.427385e-04	6.542795e-05	
2.427385e-04	5.611733e-05	
5.435405e-04	4.409703e-05	
2.575121e-04	5.845389e-05	
2.992697e-04	3.736229e-05	
4.083004e-04	4.950790e-05	
2.227733e-04	7.341686e-05	
3.678588e-04	3.440948e-05	
5.504903e-04	9.017155e-05	
3.909726e-04	1.027958e-04	
3.674355e-04	7.203249e-05	
5.643253e-04	8.924067e-05	
3.332190e-04	9.259339e-05	
3.749901e-04	3.926270e-05	
3.745753e-04	9.494302e-05	
3.396411e-04	1.140049e-04	
4.730651e-04	4.594332e-05	
3.315872e-04	2.781954e-05	
2.706207e-04	1.441248e-04	
2.494113e-04	1.129065e-04	
1.668359e-04	4.052811e-04	
5.078698e-04	2.598332e-04	
2.867351e-04	1.954319e-04	
2.867351e-04	1.860309e-04	
4.164388e-04	2.199016e-04	
4.880073e-04	1.932100e-04	
3.189990e-04	1.425677e-04	
3.173361e-04	1.048289e-04	
3.406665e-04	1.357819e-04	
5.007023e-04	9.192117e-05	
2.350297e-04	8.108499e-05	
2.000321e-04	1.184266e-04	
2.513135e-04	1.410017e-04	
2.513135e-04	1.254861e-04	
5.305478e-04	1.046484e-04	
3.419016e-04	1.137198e-04	
3.419016e-04	9.209647e-05	
5.054850e-04	9.432853e-05	
4.159203e-04	8.354458e-05	
3.160184e-04	6.309929e-05	
3.160184e-04	5.130479e-05	
5.127520e-04	5.747934e-05	
1.652454e-04	7.876863e-05	
4.083004e-04	7.564747e-05	
3.298592e-04	6.812869e-05	
3.298592e-04	6.675316e-05	
1.996655e-04	6.668151e-05	
3.183365e-04	9.287065e-05	
3.183365e-04	6.850762e-05	
2.719896e-04	1.074447e-04	
2.178395e-04	9.438644e-05	
2.334899e-04	7.308926e-05	
3.477972e-04	7.761930e-05	
3.476210e-04	9.296225e-05	
3.926782e-04	9.164334e-05	
3.315872e-04	9.341095e-05	
2.706207e-04	5.756341e-05	
4.302803e-04	2.846648e-04	
1.668359e-04	2.906498e-04	
5.078698e-04	2.595909e-04	
3.548809e-04	1.090625e-04	
3.548809e-04	1.551029e-04	
4.164388e-04	1.924223e-04	
3.940796e-04	2.084002e-04	
3.647363e-04	1.703227e-04	
1.860528e-04	1.741533e-04	
1.860528e-04	1.525278e-04	
3.399854e-04	1.185389e-04	
2.320545e-04	1.141572e-04	
2.000321e-04	1.215049e-04	
3.937618e-04	1.220895e-04	
4.182544e-04	9.871452e-05	
2.803660e-04	1.172275e-04	
2.803660e-04	1.015588e-04	
3.753446e-04	9.619028e-05	
3.830058e-04	9.234379e-05	
3.830058e-04	1.050786e-04	
2.767401e-04	7.811432e-05	
3.375100e-04	6.533135e-05	
4.789698e-04	6.410469e-05	
1.652454e-04	8.582034e-05	
5.341601e-04	6.726882e-05	
2.416703e-04	7.152063e-05	
2.416703e-04	6.471473e-05	
1.996655e-04	7.065576e-05	
2.189978e-04	4.360483e-05	
4.000159e-04	6.430492e-05	
2.719896e-04	8.530196e-05	
2.178395e-04	9.771041e-05	
3.123580e-04	3.957045e-05	
2.924221e-04	4.113313e-05	
2.924221e-04	6.981534e-05	
3.926782e-04	1.105453e-04	
4.326376e-04	1.313744e-04	
5.428309e-04	1.941931e-05	
3.194382e-04	6.485088e-05	
3.464176e-04	3.628592e-04	
1.634193e-04	3.674254e-04	
2.812930e-04	2.354056e-04	
2.812930e-04	2.066494e-04	
4.836737e-04	1.732513e-04	
3.940796e-04	1.536897e-04	
2.577455e-04	1.590325e-04	
2.577455e-04	1.584410e-04	
2.144523e-04	1.307664e-04	
2.144523e-04	9.618708e-05	
3.703041e-04	8.888287e-05	
3.703041e-04	1.324012e-04	
3.937618e-04	1.087783e-04	
2.613349e-04	9.503619e-05	
2.613349e-04	8.620889e-05	
3.843717e-04	1.130957e-04	
3.753446e-04	9.584477e-05	
4.148075e-04	9.122879e-05	
1.558156e-04	6.397459e-05	
1.558156e-04	5.714898e-05	
3.375100e-04	5.293374e-05	
4.333689e-04	5.237805e-05	
2.903803e-04	6.650992e-05	
3.123441e-04	8.554180e-05	
4.029106e-04	9.272112e-05	
5.199933e-04	5.622480e-05	
4.544140e-04	6.488201e-05	
2.189978e-04	7.947955e-05	
3.745342e-04	9.835573e-05	
1.631832e-04	4.756734e-05	
3.313449e-04	7.779102e-05	
3.123580e-04	9.733532e-05	
3.916004e-04	7.651787e-05	
2.532724e-04	5.205630e-05	
2.532724e-04	1.015534e-04	
4.308056e-04	8.167155e-05	
4.308056e-04	4.836570e-05	
4.330393e-04	5.424473e-05	
3.163963e-04	3.342783e-04	
1.634193e-04	3.171224e-04	
2.292822e-04	1.590952e-04	
3.397098e-04	2.159037e-04	
4.762487e-04	1.576048e-04	
4.001440e-04	1.447422e-04	
4.704068e-04	8.790030e-05	
3.011429e-04	1.546281e-04	
3.321632e-04	1.182410e-04	
4.392872e-04	1.160235e-04	
4.140813e-04	1.117524e-04	
2.460050e-04	1.402990e-04	
5.264284e-04	1.494908e-04	
3.841973e-04	8.940333e-05	
2.727597e-04	1.069023e-04	
1.542087e-04	1.146653e-04	
1.542087e-04	1.103722e-04	
4.710979e-04	7.979790e-05	
1.807326e-04	7.235319e-05	
1.807326e-04	6.635512e-05	
3.794736e-04	6.027652e-05	
2.025841e-04	3.505258e-05	
2.903803e-04	5.962376e-05	
3.868900e-04	3.975708e-05	
3.868900e-04	8.722059e-05	
2.076588e-04	5.631055e-05	
2.017085e-04	6.912437e-05	
4.747636e-04	9.920617e-05	
5.302854e-04	8.387587e-05	
1.631832e-04	5.016671e-05	
4.438133e-04	2.223321e-05	
2.444788e-04	7.002359e-05	
2.444788e-04	8.362715e-05	
5.383063e-04	5.903880e-05	
4.753938e-04	2.874837e-05	
2.288892e-04	8.445880e-05	
2.288892e-04	1.114760e-04	
5.048872e-04	1.040445e-04	
3.073023e-04	3.405765e-04	
3.934234e-04	8.235242e-05	
2.292822e-04	1.486107e-04	
3.278047e-04	1.602132e-04	
4.762487e-04	1.964118e-04	
5.150880e-04	1.507706e-04	
1.482005e-04	1.653422e-04	
1.482005e-04	1.750964e-04	
2.838720e-04	1.465594e-04	
1.674605e-04	1.261636e-04	
3.592707e-04	1.336300e-04	
2.460050e-04	1.335597e-04	
5.264284e-04	8.506989e-05	
2.424745e-04	8.337806e-05	
2.424745e-04	9.207424e-05	
4.417596e-04	7.432204e-05	
4.291894e-04	7.428251e-05	
3.528661e-04	4.619012e-05	
3.528661e-04	5.435118e-05	
4.525140e-04	6.557434e-05	
3.581607e-04	4.574762e-05	
2.025841e-04	5.153943e-05	
5.514701e-04	1.724878e-05	
2.815981e-04	5.973397e-05	
2.815981e-04	5.678908e-05	
2.076588e-04	4.001266e-05	
2.017085e-04	4.573314e-05	
4.747636e-04	7.236804e-05	
2.226613e-04	5.782784e-05	
2.621539e-04	6.279395e-05	
4.438133e-04	5.735059e-05	
4.366212e-04	7.180558e-05	
3.483583e-04	5.591131e-05	
3.483583e-04	8.859122e-05	
2.398801e-04	5.885204e-05	
3.070509e-04	1.537429e-04	
2.907271e-04	6.497666e-05	
2.644022e-04	1.391995e-05	
3.110897e-04	2.934388e-04	
1.823389e-04	8.520489e-05	
1.823389e-04	1.318238e-04	
3.045573e-04	2.022589e-04	
3.045573e-04	1.628676e-04	
5.289090e-04	1.667164e-04	
4.649844e-04	1.387710e-04	
2.772927e-04	1.634086e-04	
2.838720e-04	1.460824e-04	
1.674605e-04	1.181503e-04	
2.018269e-04	1.059710e-04	
2.018269e-04	1.124509e-04	
3.656703e-04	7.174960e-05	
2.775132e-04	1.006381e-04	
2.775132e-04	9.526296e-05	
5.778139e-04	6.299148e-05	
4.969464e-04	7.391796e-05	
2.410181e-04	4.521218e-05	
2.410181e-04	5.539584e-05	
4.462179e-04	5.342599e-05	
3.380047e-04	4.959588e-05	
3.380047e-04	4.835716e-05	
4.536302e-04	3.741406e-05	
3.157968e-04	7.028623e-05	
3.361649e-04	7.634275e-05	
3.391324e-04	6.802386e-05	
3.311110e-04	5.958385e-05	
4.970310e-04	6.129976e-05	
2.226613e-04	8.482831e-05	
2.843469e-04	5.069764e-05	
2.843469e-04	4.715767e-05	
2.674318e-04	7.297002e-05	
2.674318e-04	9.476937e-05	
3.319163e-04	3.525752e-05	
2.398801e-04	9.904690e-05	
2.252639e-04	1.488426e-04	
2.252639e-04	1.363015e-04	
2.644022e-04	9.787252e-05	
3.591856e-04	3.890529e-04	
5.282666e-04	1.466052e-04	
2.055339e-04	2.130656e-04	
1.809610e-04	1.463545e-04	
3.285958e-04	1.367892e-04	
3.576279e-04	1.594871e-04	
3.576279e-04	1.484209e-04	
3.702289e-04	1.880671e-04	
3.702289e-04	1.526510e-04	
4.301392e-04	1.461016e-04	
3.798681e-04	1.360222e-04	
2.356636e-04	1.057864e-04	
1.919894e-04	1.377846e-04	
1.919894e-04	1.320509e-04	
3.982901e-04	1.191416e-04	
3.982901e-04	1.054439e-04	
5.087536e-04	8.965402e-05	
2.973143e-04	9.883849e-05	
3.427134e-04	9.014493e-05	
5.817010e-04	7.747911e-05	
4.043454e-04	8.861362e-05	
3.145171e-04	7.134886e-05	
3.325115e-04	5.641194e-05	
4.838338e-04	7.897400e-05	
3.024251e-04	8.305799e-05	
3.024251e-04	6.675394e-05	
3.311110e-04	7.907589e-05	
2.851468e-04	5.100291e-05	
2.967248e-04	8.230504e-05	
2.967248e-04	8.720417e-05	
2.542513e-04	3.658173e-05	
3.188098e-04	4.911087e-05	
2.982024e-04	5.850307e-05	
2.982024e-04	1.136939e-04	
3.927404e-04	4.648622e-05	
3.880566e-04	2.278238e-04	
2.193365e-04	1.135821e-04	
2.193365e-04	9.397440e-05	
3.054883e-04	1.961386e-04	
3.558889e-04	1.326025e-04	
2.055339e-04	2.111312e-04	
1.809610e-04	1.167282e-04	
2.515371e-04	1.642293e-04	
2.515371e-04	1.237490e-04	
3.196854e-04	1.679009e-04	
3.196854e-04	1.544331e-04	
4.118748e-04	1.775199e-04	
3.774209e-04	1.404038e-04	
3.798681e-04	1.309219e-04	
2.356636e-04	1.215463e-04	
3.203896e-04	1.103409e-04	
6.182867e-04	1.365595e-04	
2.068052e-04	1.121396e-04	
2.051999e-04	7.794628e-05	
2.051999e-04	8.451615e-05	
2.973143e-04	9.840435e-05	
3.891555e-04	8.662561e-05	
1.941191e-04	4.493743e-05	
3.336098e-04	7.684615e-05	
3.145171e-04	7.562672e-05	
3.370178e-04	6.290515e-05	
5.037206e-04	5.306781e-05	
4.130113e-04	6.019850e-05	
3.215843e-04	4.945152e-05	
3.228142e-04	4.737323e-05	
2.851468e-04	4.964795e-05	
4.264594e-04	5.793101e-05	
5.098105e-04	4.553809e-05	
2.542513e-04	1.901445e-05	
2.946628e-04	2.139067e-05	
3.265868e-04	4.817869e-05	
4.021193e-04	1.463746e-04	
3.927404e-04	1.337427e-04	
3.880566e-04	1.384903e-04	
2.692922e-04	1.412833e-04	
3.036936e-04	2.250499e-06	
3.054883e-04	2.256908e-04	
3.558889e-04	1.847545e-04	
3.678787e-04	7.944640e-05	
4.245606e-04	1.801038e-04	
2.452162e-04	1.843343e-04	
2.452162e-04	1.396804e-04	
3.232230e-04	1.416808e-04	
5.087018e-04	1.561088e-04	
4.458411e-04	1.252114e-04	
3.774209e-04	1.629127e-04	
2.219783e-04	1.313649e-04	
2.219783e-04	1.106866e-04	
3.430934e-04	1.143092e-04	
4.429083e-04	1.051310e-04	
2.068052e-04	8.736153e-05	
2.068335e-04	7.022908e-05	
3.078754e-04	6.950563e-05	
3.590776e-04	6.270481e-05	
2.551650e-04	5.680196e-05	
1.941191e-04	3.849228e-05	
1.666916e-04	4.061381e-05	
1.666916e-04	6.424918e-05	
3.495605e-04	6.878436e-05	
3.495605e-04	4.971687e-05	
4.285458e-04	6.584355e-05	
4.741417e-04	7.576616e-05	
4.389707e-04	4.607243e-05	
4.389707e-04	5.750964e-05	
2.912181e-04	7.687804e-05	
2.066160e-04	7.922464e-05	
4.388528e-04	5.669788e-05	
2.926125e-04	2.006838e-05	
2.926125e-04	6.065011e-05	
2.933760e-04	1.050245e-04	
2.736918e-04	1.059353e-04	
5.788065e-04	2.073008e-04	
2.342678e-04	1.371708e-04	
2.342678e-04	8.437928e-05	
3.440435e-04	3.736546e-04	
3.440435e-04	3.518809e-04	
3.678787e-04	2.265329e-04	
3.405465e-04	1.123549e-04	
3.405465e-04	6.814831e-05	
3.078457e-04	2.004391e-04	
3.078457e-04	1.555452e-04	
4.066710e-04	1.535084e-04	
3.172376e-04	1.460301e-04	
3.172376e-04	1.446693e-04	
2.759943e-04	1.553227e-04	
3.934588e-04	1.050460e-04	
3.300071e-04	1.024433e-04	
3.300071e-04	9.082346e-05	
4.338683e-04	7.224043e-05	
2.863083e-04	7.479090e-05	
2.658189e-04	9.114634e-05	
2.658189e-04	6.221665e-05	
2.551650e-04	6.124556e-05	
3.547915e-04	6.736869e-05	
3.490792e-04	5.484113e-05	
4.609152e-04	8.951744e-05	
5.123284e-04	7.130695e-05	
3.814542e-04	5.254146e-05	
3.272996e-04	7.557078e-05	
3.272996e-04	7.346305e-05	
2.188322e-04	7.856825e-05	
4.720365e-04	6.828886e-05	
2.912181e-04	6.115347e-05	
2.066160e-04	8.021929e-05	
2.737436e-04	7.232098e-05	
2.737436e-04	6.321441e-05	
5.375396e-04	5.325167e-05	
5.084395e-04	8.736856e-05	
2.736918e-04	1.102283e-04	
1.639323e-04	1.772653e-04	
1.639323e-04	2.082500e-04	
2.449562e-04	3.273637e-04	
2.414011e-04	2.447504e-04	
2.414011e-04	2.960422e-04	
3.491361e-04	2.018142e-04	
4.540450e-04	7.336578e-05	
1.841108e-04	1.216339e-04	
1.841108e-04	1.036114e-04	
4.933441e-04	1.552816e-04	
4.066710e-04	1.670522e-04	
4.014253e-04	1.170219e-04	
2.881879e-04	1.354989e-04	
2.881879e-04	1.240929e-04	
4.539995e-04	7.453152e-05	
3.691802e-04	9.847702e-05	
4.568674e-04	9.114285e-05	
3.319858e-04	6.209578e-05	
2.863083e-04	9.315958e-05	
3.722434e-04	8.276440e-05	
2.179258e-04	6.499724e-05	
5.633440e-04	6.302123e-05	
3.506177e-04	6.507640e-05	
3.490792e-04	6.328745e-05	
4.810230e-04	5.380024e-05	
3.526740e-04	6.990989e-05	
2.740374e-04	6.708811e-05	
3.878283e-04	4.720034e-05	
3.273413e-04	6.461374e-05	
2.188322e-04	3.939902e-05	
4.539019e-04	2.169820e-05	
4.545668e-04	6.398668e-05	
5.270414e-04	6.501934e-05	
3.345585e-04	7.719778e-05	
3.051149e-04	8.373269e-05	
2.566760e-04	2.846237e-05	
2.566760e-04	4.698494e-05	
2.249547e-04	1.837183e-04	
2.249547e-04	2.157797e-04	
3.209641e-04	2.055550e-04	
2.449562e-04	1.875599e-04	
3.657554e-04	1.841086e-04	
3.254311e-04	3.435569e-04	
3.254311e-04	2.812361e-04	
2.106528e-04	1.278286e-04	
2.106528e-04	9.072642e-05	
4.479445e-04	1.474584e-04	
2.938039e-04	1.009068e-04	
3.700541e-04	1.054062e-04	
2.420970e-04	1.403715e-04	
2.420970e-04	1.336969e-04	
4.785875e-04	1.060068e-04	
3.239525e-04	1.214960e-04	
3.239525e-04	1.299962e-04	
2.039593e-04	6.502977e-05	
2.039593e-04	5.293935e-05	
3.823278e-04	8.041387e-05	
4.159539e-04	3.599509e-05	
2.179258e-04	6.570340e-05	
2.928678e-04	5.145484e-05	
3.299716e-04	8.072492e-05	
3.299716e-04	7.463450e-05	
4.008140e-04	4.910555e-05	
3.526740e-04	5.409344e-05	
2.740374e-04	5.974013e-05	
2.185094e-04	6.350418e-05	
2.067551e-04	6.128284e-05	
2.067551e-04	4.840103e-05	
4.616018e-04	4.019397e-05	
4.623942e-04	5.135246e-05	
3.124854e-04	4.954383e-05	
3.124854e-04	8.457180e-05	
3.051149e-04	8.756374e-05	
4.779986e-04	7.347796e-05	
5.579238e-04	2.772216e-05	
2.168177e-04	2.011089e-04	
2.168177e-04	2.076813e-04	
5.094289e-04	2.432037e-04	
2.336044e-04	2.461144e-04	
3.669304e-04	2.620246e-04	
3.615713e-04	3.241251e-04	
3.757042e-04	2.917176e-04	
4.627975e-04	1.453353e-04	
3.442228e-04	1.463436e-04	
3.442228e-04	1.104054e-04	
2.938039e-04	8.196203e-05	
2.930702e-04	8.464304e-05	
2.930702e-04	1.261703e-04	
3.163080e-04	1.136660e-04	
2.360258e-04	1.346370e-04	
2.360258e-04	1.125559e-04	
3.366060e-04	1.111018e-04	
3.651033e-04	6.614930e-05	
3.455776e-04	6.663855e-05	
3.455776e-04	8.309312e-05	
3.553785e-04	3.259331e-05	
5.174314e-04	4.662980e-05	
2.465445e-04	7.955832e-05	
2.465445e-04	6.527832e-05	
2.907245e-04	8.625570e-05	
2.023342e-04	8.339782e-05	
2.444009e-04	7.413738e-05	
1.793670e-04	7.535245e-05	
2.185094e-04	9.672646e-05	
5.180136e-04	4.982750e-05	
1.863606e-04	4.046236e-05	
3.448570e-04	7.616027e-05	
3.802034e-04	7.050246e-05	
3.802034e-04	4.948750e-05	
4.137343e-04	7.697805e-05	
5.286311e-04	1.122480e-04	
5.005846e-04	7.246237e-05	
2.655282e-04	1.339219e-04	
5.129382e-04	1.892137e-04	
4.090759e-04	1.711739e-04	
3.715566e-04	1.791313e-04	
2.336044e-04	2.485925e-04	
3.214857e-04	2.833673e-04	
3.214857e-04	3.188234e-04	
3.757042e-04	2.451885e-04	
4.589471e-04	1.354715e-04	
2.403465e-04	1.238326e-04	
2.403465e-04	1.025194e-04	
4.419888e-04	9.519218e-05	
3.619906e-04	5.483870e-05	
3.021084e-04	5.553690e-05	
1.724689e-04	1.109104e-04	
1.724689e-04	9.254432e-05	
2.790242e-04	9.105076e-05	
3.366060e-04	9.460264e-05	
2.056074e-04	5.025955e-05	
4.401967e-04	9.685049e-05	
1.771732e-04	3.963396e-05	
3.553785e-04	5.993823e-05	
4.478452e-04	4.078293e-05	
2.799394e-04	6.296978e-05	
2.799394e-04	6.102967e-05	
2.451200e-04	5.744827e-05	
2.023342e-04	7.709167e-05	
2.524841e-04	6.761219e-05	
1.793670e-04	8.804018e-05	
3.160377e-04	5.057697e-05	
3.160377e-04	3.888510e-05	
1.863606e-04	4.553288e-05	
2.305257e-04	4.565511e-05	
2.305257e-04	8.631552e-05	
3.894726e-04	6.198180e-05	
5.598616e-04	4.329652e-05	
1.981865e-04	9.878103e-05	
1.981865e-04	1.333496e-04	
2.655282e-04	1.164848e-04	
2.695314e-04	2.338251e-04	
3.899010e-04	1.672497e-04	
2.741607e-04	2.678902e-04	
3.562729e-04	1.323767e-04	
2.712628e-04	4.610619e-04	
2.590016e-04	3.290936e-04	
4.235478e-04	1.372295e-04	
4.235478e-04	4.504081e-05	
2.531628e-04	9.882284e-05	
2.531628e-04	8.140917e-05	
4.419888e-04	1.152343e-04	
3.760169e-04	1.008359e-04	
3.021084e-04	7.625878e-05	
3.440215e-04	3.147174e-05	
5.898536e-04	7.886803e-05	
2.790242e-04	8.941183e-05	
2.791906e-04	6.711125e-05	
2.056074e-04	7.224635e-05	
3.931298e-04	2.924733e-05	
1.771732e-04	4.748544e-05	
4.011504e-04	4.939092e-05	
3.242186e-04	4.785762e-05	
3.561570e-04	4.119622e-05	
4.706250e-04	6.512608e-05	
4.517369e-04	6.262147e-05	
3.121420e-04	5.258711e-05	
2.524841e-04	6.802494e-05	
3.822845e-04	4.903877e-05	
3.822845e-04	5.132899e-05	
2.623866e-04	3.985712e-05	
2.623866e-04	7.301228e-05	
3.468540e-04	7.259786e-05	
5.132749e-04	1.026601e-04	
2.764530e-04	6.644892e-05	
1.636046e-04	6.447761e-05	
2.992328e-04	1.444482e-04	
3.286383e-04	1.052869e-04	
3.286383e-04	1.530682e-04	
4.811586e-04	9.314658e-05	
2.637259e-04	1.227942e-04	
2.741607e-04	2.991723e-04	
2.492927e-04	4.336159e-04	
2.712628e-04	4.058543e-04	
2.590016e-04	1.963968e-04	
2.537049e-04	1.343715e-04	
3.653597e-04	1.254742e-04	
4.170216e-04	7.261960e-05	
2.617356e-04	1.133768e-04	
1.925057e-04	2.654357e-05	
1.925057e-04	1.750251e-05	
3.225414e-04	8.670153e-05	
3.440215e-04	5.989786e-05	
2.190477e-04	7.246249e-05	
5.308129e-04	8.797297e-05	
3.582954e-04	7.235490e-05	
3.931298e-04	7.176856e-05	
2.061068e-04	2.454993e-05	
2.061068e-04	1.676418e-05	
4.375997e-04	4.593813e-05	
3.242186e-04	4.680332e-05	
2.173980e-04	3.469138e-05	
2.173980e-04	5.146974e-05	
4.517369e-04	5.650730e-05	
3.121420e-04	5.685192e-05	
6.384461e-04	6.255711e-05	
4.587911e-04	5.881225e-05	
3.216299e-04	4.638944e-05	
3.216299e-04	7.356844e-05	
2.464067e-04	4.872314e-05	
2.464067e-04	5.264790e-05	
1.711286e-04	8.172991e-05	
1.711286e-04	6.532644e-05	
1.636046e-04	6.851628e-05	
4.003952e-04	1.119701e-04	
4.208795e-04	9.399147e-05	
4.694851e-04	1.063431e-04	
2.828224e-04	1.045871e-04	
2.637259e-04	1.124698e-04	
3.434772e-04	2.656393e-04	
2.492927e-04	2.970247e-04	
3.151574e-04	2.478406e-04	
5.223623e-04	1.172101e-04	
2.537049e-04	1.738081e-04	
3.653597e-04	1.003694e-04	
4.170216e-04	4.787517e-05	
4.697301e-04	8.514013e-05	
3.683526e-04	2.489212e-05	
4.448190e-04	5.444868e-05	
3.986161e-04	4.725421e-05	
2.262976e-04	7.765816e-05	
2.190477e-04	7.408495e-05	
2.794037e-04	4.815337e-05	
2.794037e-04	7.065219e-05	
3.973510e-04	2.354757e-05	
1.631067e-04	3.604303e-05	
1.631067e-04	2.693874e-05	
3.771004e-04	5.278500e-05	
2.661365e-04	5.587127e-05	
3.961395e-04	5.098058e-05	
4.058177e-04	4.038950e-05	
3.688171e-04	4.349886e-05	
3.688171e-04	4.512555e-05	
3.843515e-04	3.927426e-05	
4.737226e-04	4.501042e-05	
3.994624e-04	5.368399e-05	
3.427368e-04	5.166961e-05	
3.152613e-04	5.604377e-05	
3.152613e-04	6.335726e-05	
3.859311e-04	7.682447e-05	
3.859311e-04	7.323614e-05	
3.916014e-04	8.483914e-05	
4.003952e-04	1.260963e-04	
5.554478e-04	3.312622e-05	
2.890084e-04	1.083271e-04	
2.788403e-04	1.346521e-04	
5.016871e-04	1.481847e-04	
2.991296e-04	3.947025e-04	
5.270369e-04	3.828467e-04	
3.470298e-04	2.091775e-04	
3.542080e-04	2.166860e-04	
3.898828e-04	6.723549e-05	
4.330123e-04	9.226260e-05	
3.852557e-04	6.865702e-06	
3.852557e-04	5.067884e-05	
4.615813e-04	7.666463e-05	
3.422279e-04	5.226211e-05	
3.422279e-04	5.371258e-05	
2.500844e-04	3.991385e-05	
4.341601e-04	4.513567e-05	
3.356540e-04	3.567840e-05	
4.426247e-04	5.502463e-05	
2.651300e-04	2.436013e-05	
3.943721e-04	2.698586e-05	
3.943721e-04	1.546318e-05	
4.026135e-04	1.072065e-05	
2.661365e-04	5.158753e-05	
2.965489e-04	4.785490e-05	
2.488471e-04	4.844759e-05	
2.488471e-04	5.267682e-05	
4.546998e-04	5.062210e-05	
3.843515e-04	3.132789e-05	
4.867724e-04	2.900933e-05	
2.285993e-04	3.437894e-05	
2.285993e-04	3.502467e-05	
4.792858e-04	8.212774e-05	
4.351097e-04	3.722344e-05	
2.468241e-04	5.470927e-05	
2.468241e-04	8.751935e-05	
2.576108e-04	1.567495e-05	
4.156036e-04	5.536912e-05	
2.750306e-04	6.347460e-05	
4.113046e-04	1.007015e-04	
2.788403e-04	1.199986e-04	
4.036315e-04	1.303796e-04	
2.991296e-04	3.462575e-04	
4.832862e-04	1.708984e-04	
3.239983e-04	2.522761e-04	
3.542080e-04	1.625193e-04	
3.525849e-04	1.322525e-04	
4.439337e-04	8.948989e-05	
3.844416e-04	5.043092e-05	
3.416978e-04	1.689564e-05	
4.499724e-04	3.902049e-05	
3.621996e-04	5.399409e-05	
3.402656e-04	3.597957e-05	
2.500844e-04	4.019965e-05	
2.130119e-04	4.111396e-05	
2.130119e-04	4.642140e-05	
5.522858e-04	6.231701e-05	
2.651300e-04	3.227418e-05	
2.643054e-04	4.543277e-05	
2.643054e-04	3.006539e-05	
4.522031e-04	2.619103e-05	
5.631257e-04	8.033531e-06	
2.965489e-04	4.266879e-05	
4.441267e-04	3.357149e-05	
2.163210e-04	3.442843e-05	
2.163210e-04	5.196500e-05	
3.534877e-04	3.636239e-05	
3.424913e-04	3.768294e-05	
3.813698e-04	8.046821e-05	
3.813698e-04	5.821402e-05	
5.018008e-04	4.683619e-05	
2.060393e-04	4.519937e-05	
2.060393e-04	5.834907e-05	
3.810435e-04	3.779578e-05	
2.576108e-04	2.861550e-05	
3.030340e-04	2.044652e-05	
2.750306e-04	7.161095e-05	
4.113046e-04	1.352715e-04	
4.379349e-04	7.027128e-05	
4.379349e-04	8.204815e-05	
5.827591e-04	1.976635e-04	
3.165831e-04	5.026864e-05	
4.304551e-04	1.896024e-04	
4.120592e-04	1.787719e-04	
3.525849e-04	1.091745e-04	
4.779689e-04	8.252749e-05	
3.833096e-04	6.438828e-06	
3.416978e-04	1.520995e-05	
3.459976e-04	5.318791e-05	
3.459976e-04	3.059172e-05	
3.378668e-04	6.374867e-05	
3.378668e-04	6.942589e-05	
2.389187e-04	3.059823e-05	
4.733926e-04	7.204817e-05	
2.125030e-04	5.167752e-05	
1.774422e-04	5.628720e-05	
1.774422e-04	5.347107e-05	
2.866233e-04	5.638058e-05	
4.875347e-04	2.578520e-05	
3.662544e-04	2.404404e-05	
5.032207e-04	4.865601e-05	
4.441267e-04	4.219625e-05	
3.579324e-04	3.934370e-05	
3.579324e-04	4.371940e-05	
4.200866e-04	2.279397e-05	
3.424913e-04	3.281710e-05	
2.583282e-04	5.017678e-05	
2.583282e-04	4.092308e-05	
5.018008e-04	5.799593e-05	
4.261318e-04	3.799616e-05	
4.096520e-04	1.187838e-05	
2.530326e-04	4.633174e-05	
2.530326e-04	5.025295e-05	
3.080896e-04	5.788467e-05	
2.333204e-04	1.693691e-05	
1.563310e-04	7.413396e-05	
1.563310e-04	1.062511e-04	
5.763196e-04	3.517202e-05	
2.874797e-04	1.192385e-04	
2.874797e-04	1.555466e-04	
5.727069e-04	2.155377e-04	
2.439017e-04	1.247113e-04	
2.439017e-04	7.041936e-05	
3.535743e-04	1.105918e-05	
3.833096e-04	5.596556e-05	
2.272498e-04	2.777199e-05	
2.272498e-04	1.126746e-05	
3.341540e-04	2.857059e-05	
3.341540e-04	6.789516e-05	
4.680320e-04	4.500100e-05	
2.389187e-04	3.418441e-05	
3.244593e-04	4.431153e-05	
2.125030e-04	2.571812e-05	
3.846166e-04	1.187947e-05	
3.222724e-04	3.907957e-05	
2.866233e-04	3.103464e-05	
2.998189e-04	1.003057e-06	
2.998189e-04	2.136233e-05	
3.763991e-04	2.152320e-05	
4.911547e-04	5.536217e-05	
3.079038e-04	2.378195e-05	
5.310578e-04	4.073800e-05	
2.021591e-04	1.619282e-05	
2.021591e-04	1.563786e-05	
5.189920e-04	3.929532e-05	
4.329640e-04	1.958457e-05	
2.575969e-04	6.230712e-06	
2.575969e-04	2.156413e-05	
4.096520e-04	3.038218e-05	
4.811289e-04	1.196320e-05	
2.882847e-04	3.912209e-05	
3.061544e-04	6.603530e-06	
2.333204e-04	2.312690e-05	
4.728787e-04	5.453445e-05	
3.787906e-04	4.026401e-05	
4.508028e-04	2.366239e-05	
4.326707e-04	1.276875e-04	
5.178475e-04	2.330849e-04	
