0.020734 0.000046 0.000059
0.020614 0.000047 0.000055
0.020617 0.000042 0.000066
0.020675 0.000057 0.000066
0.020721 0.000049 0.000078
0.020666 0.000063 0.000062
0.020700 0.000074 0.000081
0.020685 0.000043 0.000059
0.020705 0.000033 0.000065
0.020715 0.000059 0.000080
0.020643 0.000045 0.000066
0.020526 0.000046 0.000066
0.020693 0.000047 0.000063
0.020734 0.000049 0.000078
0.020558 0.000051 0.000075
0.020697 0.000042 0.000070
0.020697 0.000071 0.000065
0.020657 0.000050 0.000082
0.020610 0.000063 0.000077
0.020777 0.000060 0.000085
0.020619 0.000049 0.000081
0.020733 0.000046 0.000064
0.020709 0.000060 0.000061
0.020750 0.000056 0.000090
0.020641 0.000038 0.000068
0.020746 0.000063 0.000090
0.020623 0.000052 0.000074
0.020708 0.000044 0.000066
0.020625 0.000048 0.000092
0.020538 0.000046 0.000064
0.020760 0.000071 0.000080
0.020633 0.000057 0.000084
0.020649 0.000043 0.000069
0.020659 0.000041 0.000060
0.020598 0.000062 0.000078
0.020663 0.000061 0.000086
0.020640 0.000060 0.000076
0.020525 0.000039 0.000059
0.020698 0.000050 0.000068
0.020602 0.000042 0.000060
0.020586 0.000042 0.000056
0.020769 0.000039 0.000063
0.020629 0.000040 0.000069
0.020540 0.000045 0.000061
0.020605 0.000037 0.000057
0.020572 0.000068 0.000091
0.020621 0.000066 0.000081
0.020651 0.000049 0.000069
0.020564 0.000060 0.000083
0.020627 0.000053 0.000070
