0.020199 0.000030 0.000039
0.020222 0.000062 0.000074
0.020212 0.000051 0.000070
0.020228 0.000065 0.000078
0.020103 0.000059 0.000057
0.020172 0.000042 0.000065
0.020129 0.000042 0.000063
0.020072 0.000044 0.000051
0.020102 0.000033 0.000058
0.020145 0.000041 0.000051
0.020137 0.000037 0.000055
0.020136 0.000047 0.000055
0.020162 0.000051 0.000073
0.020037 0.000058 0.000063
0.020149 0.000055 0.000058
0.020158 0.000031 0.000045
0.020202 0.000042 0.000065
0.020117 0.000058 0.000087
0.020158 0.000040 0.000054
0.020107 0.000038 0.000059
0.020137 0.000060 0.000067
0.020072 0.000038 0.000070
0.020110 0.000056 0.000064
0.020128 0.000041 0.000051
0.020102 0.000051 0.000060
0.020046 0.000057 0.000073
0.020090 0.000052 0.000069
0.020153 0.000047 0.000054
0.020159 0.000053 0.000071
0.020080 0.000039 0.000055
0.020203 0.000059 0.000067
0.020041 0.000032 0.000055
0.020094 0.000042 0.000056
0.020163 0.000043 0.000079
0.020162 0.000046 0.000062
0.020297 0.000041 0.000059
0.020218 0.000051 0.000074
0.020129 0.000049 0.000061
0.020274 0.000042 0.000058
0.020164 0.000052 0.000067
0.020176 0.000054 0.000071
0.020226 0.000064 0.000059
0.020200 0.000055 0.000061
0.020049 0.000037 0.000062
0.020150 0.000040 0.000053
0.020192 0.000045 0.000059
0.020081 0.000048 0.000058
0.020138 0.000042 0.000052
0.020173 0.000043 0.000068
0.020101 0.000039 0.000054
