5.163696e-04	9.037215e-14	
2.059381e-04	6.972201e-14	
2.593931e-04	1.053713e-12	
5.163696e-04	8.504308e-14	
4.612498e-04	1.093903e-12	
3.864845e-04	1.869616e-13	
5.163696e-04	3.423484e-12	
2.516607e-04	4.523382e-12	
5.035410e-04	2.190026e-12	
3.687651e-04	1.716072e-12	
5.163696e-04	3.483880e-13	
5.163696e-04	5.458523e-12	
2.680532e-04	2.974954e-12	
2.772406e-04	2.822353e-11	
5.163696e-04	9.663159e-12	
5.163696e-04	2.254863e-12	
5.163696e-04	8.505197e-12	
3.415541e-04	7.872702e-12	
5.015382e-04	1.020295e-12	
2.484588e-04	2.525919e-10	
5.163696e-04	2.746914e-12	
4.218658e-04	1.539591e-11	
5.163696e-04	3.179457e-12	
5.163696e-04	6.914469e-13	
3.222790e-04	3.018119e-11	
4.510842e-04	1.636691e-12	
4.244973e-04	7.317480e-12	
5.163696e-04	1.475819e-12	
4.430830e-04	2.540190e-13	
2.923691e-04	2.820855e-12	
5.163696e-04	7.806422e-12	
5.163696e-04	2.288170e-12	
5.163696e-04	1.470435e-11	
5.022452e-04	3.712586e-13	
5.028500e-04	1.551537e-12	
5.163696e-04	3.539613e-12	
5.163696e-04	1.154632e-14	
5.163696e-04	2.637224e-12	
5.163696e-04	5.506706e-14	
5.163696e-04	3.943512e-13	
5.163696e-04	6.512568e-12	
4.348386e-04	6.269617e-13	
5.163696e-04	1.078044e-12	
5.163696e-04	3.090795e-13	
2.323667e-04	1.131063e-14	
3.077952e-04	7.247431e-15	
2.320125e-04	1.646427e-15	
4.086733e-04	1.696535e-15	
5.163696e-04	8.143859e-15	
5.163696e-04	3.800130e-15	
2.346160e-04	5.830473e-16	
3.969407e-04	3.079059e-15	
2.083278e-04	1.023611e-15	
3.983345e-04	0	
4.606247e-04	1.555734e-16	
5.163696e-04	1.503768e-15	
4.887410e-04	1.464254e-15	
5.163696e-04	1.148595e-15	
5.163696e-04	1.984145e-15	
3.152940e-04	1.548961e-15	
4.849328e-04	1.408146e-16	
5.142454e-04	7.086232e-16	
5.163696e-04	7.178717e-16	
5.163696e-04	1.903531e-15	
4.133126e-04	1.804522e-15	
3.285349e-04	1.711307e-15	
5.163696e-04	6.488787e-16	
3.571263e-04	3.412036e-16	
5.163696e-04	7.063725e-15	
5.163696e-04	8.551361e-15	
5.163696e-04	2.744539e-15	
5.163696e-04	3.024862e-15	
5.163696e-04	1.305027e-15	
5.163696e-04	1.496752e-15	
2.552569e-04	0	
2.050676e-04	4.350244e-16	
5.163696e-04	6.127440e-15	
2.367295e-04	1.188329e-13	
2.283700e-04	7.816895e-13	
5.163696e-04	3.809753e-11	
5.163696e-04	6.705747e-14	
2.785102e-04	2.828848e-13	
5.163696e-04	1.418199e-12	
4.427064e-04	5.433765e-12	
4.570099e-04	5.674350e-13	
2.051336e-04	1.066480e-12	
5.163696e-04	3.458789e-12	
4.130015e-04	7.274070e-12	
5.163696e-04	5.628165e-12	
5.163696e-04	7.740031e-12	
3.299736e-04	8.637091e-12	
5.163696e-04	3.347211e-12	
5.163696e-04	1.741274e-12	
5.163696e-04	9.816148e-12	
2.623375e-04	5.330070e-12	
2.478996e-04	2.135403e-12	
5.016433e-04	6.039613e-13	
5.163696e-04	1.665779e-12	
5.145097e-04	2.026068e-11	
4.660962e-04	4.737322e-12	
5.163696e-04	1.342593e-12	
5.163696e-04	6.099588e-11	
5.163696e-04	2.563549e-11	
5.163696e-04	2.148182e-11	
5.163696e-04	4.682388e-11	
4.419347e-04	2.833289e-12	
5.163696e-04	1.507272e-11	
2.738828e-04	3.538414e-11	
2.782420e-04	6.849965e-12	
3.027003e-04	1.817779e-11	
4.749193e-04	6.458500e-12	
4.402179e-04	1.473421e-11	
5.163696e-04	7.202128e-12	
5.163696e-04	4.892975e-12	
5.163696e-04	2.922107e-11	
5.163696e-04	1.046245e-10	
5.163696e-04	4.570344e-12	
4.453466e-04	4.023892e-12	
5.163696e-04	2.089440e-13	
5.163696e-04	1.300626e-12	
5.163696e-04	4.366507e-13	
2.496448e-04	1.179723e-12	
3.170607e-04	8.573142e-13	
4.837822e-04	6.563639e-13	
3.031981e-04	4.163814e-11	
5.163696e-04	3.072431e-12	
4.359015e-04	2.514877e-12	
5.163696e-04	2.602740e-11	
5.085235e-04	2.768230e-12	
3.162987e-04	4.244383e-12	
2.316584e-04	1.042721e-11	
5.163696e-04	1.660072e-11	
5.055181e-04	1.228928e-11	
5.163696e-04	2.116751e-11	
3.857601e-04	2.806866e-12	
3.867623e-04	9.978574e-11	
5.163696e-04	6.182832e-13	
5.163696e-04	1.143552e-11	
5.163696e-04	1.016631e-11	
2.996736e-04	8.728129e-12	
4.926369e-04	1.165990e-11	
2.257269e-04	2.632734e-10	
5.163696e-04	7.568612e-12	
3.340829e-04	4.190537e-12	
4.242987e-04	6.101020e-11	
2.319298e-04	3.991252e-12	
5.163696e-04	1.976086e-12	
2.492052e-04	1.166685e-10	
3.562694e-04	1.026867e-11	
2.186393e-04	1.878298e-11	
2.727444e-04	4.121847e-11	
4.082072e-04	2.265355e-11	
5.163696e-04	1.066147e-12	
3.327260e-04	3.117062e-12	
3.952294e-04	2.352563e-12	
4.940638e-04	1.771916e-13	
2.059381e-04	5.668599e-06	
2.593931e-04	2.479271e-05	
1.197934e-04	8.226440e-05	
1.197934e-04	8.009269e-05	
3.864845e-04	6.160038e-05	
2.127148e-04	1.246131e-04	
2.516607e-04	7.160970e-05	
1.037146e-04	1.018354e-04	
2.178715e-04	1.333784e-05	
1.954575e-04	8.726587e-05	
1.458589e-04	1.456691e-04	
1.458589e-04	8.448291e-05	
2.772406e-04	7.387566e-05	
4.364270e-04	1.840469e-04	
9.922741e-05	2.255999e-04	
1.274842e-04	2.035528e-04	
2.305995e-04	2.206049e-04	
2.305995e-04	3.213750e-04	
2.484588e-04	2.308069e-04	
3.982941e-04	2.343359e-04	
1.514769e-04	1.541391e-04	
1.514769e-04	1.626929e-04	
4.478134e-04	2.413556e-04	
3.222790e-04	1.091884e-04	
7.156688e-05	1.952377e-04	
7.156688e-05	1.592110e-04	
4.631487e-04	2.323097e-04	
5.430209e-04	1.212491e-04	
2.923691e-04	1.947938e-04	
5.527904e-04	1.647752e-04	
3.739158e-04	1.709206e-04	
5.865403e-05	1.260965e-04	
2.746433e-04	7.834663e-05	
5.028500e-04	9.679609e-06	
3.725885e-04	4.778285e-05	
2.084683e-04	5.693087e-05	
3.930700e-04	1.312107e-05	
3.930700e-04	2.472358e-06	
2.785102e-04	1.582550e-05	
4.975064e-04	5.060245e-06	
4.052776e-04	7.704682e-06	
5.184418e-04	3.101566e-05	
2.692293e-04	9.212531e-05	
2.127148e-04	9.524055e-05	
2.331980e-04	7.309713e-05	
1.037146e-04	6.869689e-05	
1.576569e-04	4.437434e-05	
1.954575e-04	1.299326e-04	
2.168899e-04	9.053196e-05	
2.168899e-04	8.411949e-05	
5.179191e-04	3.009721e-05	
3.330084e-04	1.983086e-04	
9.922741e-05	1.861409e-04	
2.082286e-04	1.785610e-04	
2.304211e-04	8.999408e-05	
2.304211e-04	1.345352e-04	
2.712281e-04	1.779601e-04	
1.618717e-04	1.476098e-04	
2.696389e-04	1.600030e-04	
2.696389e-04	1.144946e-04	
5.492419e-04	2.590245e-04	
1.951521e-04	7.284718e-05	
1.717401e-04	5.226593e-05	
2.295940e-04	3.173413e-05	
3.650863e-04	5.384732e-05	
3.404817e-04	3.957695e-07	
3.404817e-04	6.517473e-05	
4.199895e-04	9.868884e-05	
2.501183e-04	1.262650e-04	
5.865403e-05	8.262965e-05	
3.569195e-04	7.716426e-05	
4.312993e-04	9.037290e-06	
3.893008e-04	9.091037e-05	
2.084683e-04	5.314165e-05	
1.487328e-04	3.467801e-07	
3.784912e-04	5.253287e-05	
1.827257e-04	7.526721e-05	
1.869272e-04	2.597691e-05	
4.052776e-04	2.772320e-05	
1.344188e-04	2.120404e-05	
2.692293e-04	1.458171e-06	
5.800012e-04	7.984742e-05	
6.168745e-04	4.146831e-05	
3.014908e-04	8.238391e-05	
1.576569e-04	4.320962e-05	
4.786756e-04	3.383999e-06	
6.046342e-05	3.902484e-05	
6.046342e-05	3.302085e-05	
3.628795e-04	2.488693e-05	
3.330084e-04	7.997585e-05	
2.219811e-04	1.154303e-04	
2.219811e-04	1.346909e-04	
2.082286e-04	1.181518e-04	
6.593377e-05	1.695473e-04	
6.593377e-05	1.793521e-04	
1.618717e-04	1.019417e-04	
3.901635e-04	1.093830e-04	
3.901635e-04	2.284867e-04	
3.315050e-04	2.262591e-04	
1.951521e-04	9.623014e-05	
1.717401e-04	1.476396e-05	
2.295940e-04	8.096203e-05	
3.650863e-04	6.742145e-05	
2.711758e-04	1.864757e-05	
1.875984e-04	8.023346e-05	
2.572326e-04	1.060612e-04	
2.501183e-04	7.518390e-05	
6.139789e-05	6.879182e-05	
2.950078e-04	1.017327e-06	
4.323356e-04	1.190154e-04	
1.417334e-04	6.445018e-05	
3.220591e-04	2.295148e-06	
1.487328e-04	3.007692e-05	
2.856945e-04	3.641233e-05	
1.827257e-04	7.270371e-05	
2.315857e-04	7.793593e-05	
3.386605e-04	1.090876e-05	
1.344188e-04	3.099845e-05	
2.939117e-04	1.013778e-04	
2.136459e-04	2.576735e-05	
4.725759e-04	3.709271e-05	
3.014908e-04	7.996137e-06	
1.749075e-04	2.289385e-05	
6.237511e-04	3.993164e-05	
1.017476e-04	4.036774e-05	
1.446851e-04	8.903491e-05	
1.446851e-04	5.577067e-05	
4.128098e-04	6.233973e-05	
3.584169e-04	3.803836e-05	
4.870622e-04	5.831430e-05	
2.733755e-04	1.149285e-04	
2.733755e-04	1.190977e-04	
5.540139e-05	9.500716e-05	
3.822943e-04	1.045058e-04	
4.161926e-04	1.578429e-04	
4.612706e-04	2.225533e-04	
3.315050e-04	1.026921e-04	
5.521125e-04	8.665925e-05	
4.438339e-04	1.016525e-04	
4.438339e-04	5.056342e-05	
2.098601e-04	7.184126e-05	
2.098601e-04	1.079952e-04	
1.875984e-04	1.445636e-04	
2.111659e-04	1.269653e-04	
2.111659e-04	7.912877e-05	
6.139789e-05	7.049890e-05	
2.950078e-04	1.099564e-05	
4.071708e-04	1.264249e-04	
1.417334e-04	2.953079e-05	
2.341592e-04	2.653381e-06	
5.601555e-04	2.788696e-05	
2.496448e-04	1.302399e-05	
4.010966e-04	8.383131e-05	
2.315857e-04	3.350507e-05	
2.424196e-04	5.241382e-05	
3.493873e-04	7.752821e-05	
2.939117e-04	1.360713e-04	
2.136459e-04	3.068229e-05	
1.067049e-04	1.244052e-05	
1.067049e-04	2.066623e-05	
1.749075e-04	6.173505e-06	
3.971458e-04	3.459528e-05	
4.909785e-04	4.818115e-06	
6.424784e-04	1.977299e-05	
4.149922e-04	1.013880e-05	
4.149922e-04	2.455603e-06	
3.584169e-04	7.366441e-06	
3.613476e-04	4.663500e-07	
1.819555e-04	3.676959e-05	
3.811139e-04	3.732608e-05	
5.540139e-05	6.602079e-05	
4.604814e-04	1.454435e-04	
2.947170e-04	1.299410e-04	
1.576471e-04	4.464947e-05	
1.576471e-04	5.017076e-05	
4.502532e-04	2.110287e-05	
4.235570e-05	3.384239e-05	
4.235570e-05	2.778849e-05	
6.404559e-04	7.836784e-05	
7.172701e-05	7.252574e-05	
7.172701e-05	9.523107e-05	
4.227893e-04	4.988861e-06	
1.740141e-04	3.630426e-05	
1.740141e-04	9.470991e-06	
5.387578e-04	2.723363e-05	
3.134669e-04	5.198488e-05	
2.341592e-04	4.152175e-05	
2.515441e-04	4.030840e-05	
2.738622e-04	1.711927e-05	
2.977365e-04	9.911404e-05	
2.051336e-04	2.160084e-05	
2.789813e-04	1.090726e-04	
1.972206e-04	7.422077e-05	
3.493873e-04	7.412197e-05	
4.691714e-04	2.939952e-05	
3.417286e-04	2.712273e-05	
2.680838e-04	1.398068e-05	
4.106510e-04	8.163945e-06	
3.722112e-04	1.718433e-05	
3.722112e-04	3.986871e-05	
2.972539e-04	2.108879e-05	
2.972539e-04	4.442049e-05	
2.881283e-04	3.883178e-05	
2.534447e-04	6.469622e-05	
2.534447e-04	8.105681e-05	
3.672552e-04	3.397218e-06	
1.819555e-04	3.383925e-05	
4.013864e-04	7.032332e-06	
4.186553e-04	1.127488e-04	
4.186553e-04	1.117961e-04	
2.522728e-04	1.428418e-04	
2.845582e-04	1.163660e-04	
2.760663e-04	1.010702e-04	
1.761805e-04	8.658963e-05	
1.761805e-04	1.218841e-04	
8.604036e-05	1.400605e-05	
3.610373e-04	7.911207e-05	
2.587660e-04	3.648522e-05	
2.551045e-04	1.024332e-04	
3.474381e-04	3.570316e-05	
2.086330e-04	8.322757e-06	
2.086330e-04	1.851260e-05	
3.742669e-04	6.017233e-05	
2.521595e-04	4.115590e-05	
2.521595e-04	9.077671e-06	
2.134691e-04	3.081314e-05	
2.134691e-04	5.062028e-05	
2.977365e-04	1.240562e-04	
1.652441e-04	1.061486e-04	
1.652441e-04	8.642815e-05	
2.192588e-04	1.134163e-04	
1.972206e-04	8.295313e-05	
3.748285e-04	1.121467e-04	
5.001023e-04	4.137632e-05	
2.680838e-04	8.764104e-05	
3.895943e-04	7.064737e-05	
3.895943e-04	9.472686e-05	
4.264628e-04	3.539813e-05	
4.751174e-04	1.130038e-05	
2.982836e-04	7.596189e-05	
2.881283e-04	7.422282e-05	
2.725125e-04	4.205203e-06	
2.918189e-04	1.230674e-05	
2.918189e-04	6.148783e-05	
3.278535e-04	4.620509e-05	
2.212617e-04	5.862862e-05	
2.045822e-04	8.369743e-05	
2.716752e-04	9.298870e-05	
1.933341e-04	1.022407e-04	
1.933341e-04	1.415593e-04	
2.760663e-04	1.032293e-04	
2.440160e-04	9.497973e-05	
2.400586e-04	8.461010e-05	
2.400586e-04	9.179421e-05	
3.610373e-04	1.261687e-04	
2.807797e-04	3.491558e-05	
1.687530e-04	4.789456e-05	
1.687530e-04	4.846719e-05	
4.556533e-04	3.316172e-05	
5.130342e-04	9.636983e-05	
1.305522e-04	4.365365e-05	
1.305522e-04	3.286216e-05	
1.816625e-04	3.006692e-05	
2.246145e-04	8.734671e-05	
2.246145e-04	7.870394e-05	
3.031981e-04	8.184113e-05	
4.130015e-04	2.456489e-05	
4.214445e-04	9.122626e-05	
5.986124e-04	2.350341e-04	
5.141838e-04	2.651466e-04	
4.389550e-04	1.354534e-04	
3.191853e-04	9.603198e-05	
1.343328e-04	6.730177e-05	
2.960785e-04	4.120317e-05	
4.264628e-04	5.866259e-05	
9.893211e-05	4.401510e-05	
9.893211e-05	2.042802e-05	
4.376686e-04	1.698981e-05	
5.737062e-04	1.991320e-05	
1.953181e-04	2.704979e-05	
1.953181e-04	5.231016e-05	
3.142079e-04	1.580028e-06	
5.422631e-04	6.811924e-05	
1.532830e-04	5.329527e-06	
2.045822e-04	6.253390e-05	
2.879977e-04	8.193292e-05	
2.835943e-04	4.163765e-05	
2.215086e-04	2.826032e-05	
3.561403e-04	3.186048e-05	
2.440160e-04	3.638795e-05	
3.804660e-04	7.363376e-05	
2.909259e-04	5.172166e-05	
1.861408e-04	7.828024e-05	
3.340723e-04	4.803699e-05	
3.340723e-04	1.347990e-05	
2.154422e-04	1.251701e-04	
2.910020e-04	9.672633e-05	
2.478528e-04	5.286654e-05	
2.551421e-04	6.053534e-05	
2.397509e-04	5.795672e-05	
1.816625e-04	3.791526e-05	
2.535997e-04	8.799257e-05	
3.321391e-04	3.751361e-05	
5.440152e-04	1.596176e-04	
8.348856e-05	2.893756e-04	
8.348856e-05	2.969186e-04	
4.757802e-04	1.404506e-04	
4.757802e-04	1.067837e-04	
2.071037e-04	1.045734e-04	
2.820275e-04	1.264950e-04	
1.343328e-04	4.440990e-05	
2.960785e-04	1.947202e-05	
2.179831e-04	7.230675e-06	
2.179831e-04	2.885293e-05	
2.709969e-04	1.623877e-06	
1.542540e-04	2.747715e-05	
4.607801e-04	1.354433e-05	
1.860205e-04	4.461621e-06	
1.860205e-04	1.672478e-05	
4.051715e-04	1.928343e-06	
8.801121e-05	2.061370e-05	
8.801121e-05	2.752616e-05	
2.879977e-04	7.747274e-05	
1.188258e-04	8.161336e-05	
1.541633e-04	5.125168e-05	
2.215086e-04	1.031694e-05	
2.278726e-04	1.000915e-05	
2.942115e-04	3.393273e-05	
6.189621e-04	5.222068e-05	
1.861408e-04	9.691107e-06	
2.425636e-04	1.084730e-04	
2.425636e-04	9.645085e-05	
3.686348e-04	7.040544e-05	
2.154422e-04	8.428176e-05	
3.551832e-04	9.678627e-05	
2.204227e-04	6.522130e-05	
2.204227e-04	1.304233e-04	
2.397509e-04	2.986757e-05	
3.414871e-04	7.811199e-05	
2.941456e-04	9.509852e-05	
2.941456e-04	1.126064e-04	
4.359015e-04	1.132093e-04	
2.722285e-04	1.879892e-04	
9.725421e-05	3.009849e-04	
7.350638e-05	1.458693e-04	
2.085554e-04	9.195882e-05	
2.071037e-04	9.744137e-05	
2.044526e-04	1.690313e-04	
4.388039e-05	1.363926e-04	
1.650692e-04	9.033620e-05	
3.737368e-04	5.599452e-05	
4.037735e-04	2.526252e-05	
2.774939e-04	1.143443e-05	
1.542540e-04	1.090545e-05	
4.607801e-04	6.311219e-06	
7.641118e-05	1.089491e-05	
8.381843e-05	1.622139e-05	
8.381843e-05	7.357010e-06	
5.470076e-04	3.292726e-05	
5.470076e-04	1.140958e-05	
1.487538e-04	5.946993e-05	
1.188258e-04	8.494406e-05	
1.541633e-04	4.502727e-05	
2.150307e-04	6.022912e-05	
2.278726e-04	4.121828e-06	
1.690201e-04	5.234969e-05	
2.897257e-04	1.034893e-05	
2.717545e-04	4.594219e-05	
2.388794e-04	5.776395e-06	
1.902812e-04	5.810649e-05	
4.778774e-04	6.572147e-05	
3.195192e-04	8.660992e-05	
4.278425e-04	7.414442e-05	
3.285017e-04	1.088694e-04	
3.285017e-04	9.708316e-05	
4.822467e-04	1.183979e-04	
3.414871e-04	7.110461e-05	
1.452187e-04	2.772726e-05	
4.076846e-04	2.441658e-05	
3.701143e-04	2.030680e-04	
3.299736e-04	4.213238e-06	
4.037486e-04	3.118019e-04	
7.350638e-05	1.891379e-04	
6.174983e-05	1.736251e-04	
2.652705e-04	1.381985e-04	
2.044526e-04	1.133642e-04	
4.388039e-05	1.175128e-04	
1.650692e-04	5.732528e-05	
4.707117e-04	8.656920e-05	
1.273011e-04	1.444054e-06	
2.774939e-04	3.550158e-05	
4.900373e-04	3.269512e-06	
1.613423e-04	2.775694e-05	
7.641118e-05	5.209159e-06	
1.472182e-04	3.535764e-06	
2.559661e-04	3.226353e-05	
3.070950e-04	4.296337e-06	
3.070950e-04	1.080189e-05	
1.487538e-04	4.880210e-05	
3.245646e-04	5.536854e-05	
1.529656e-04	5.028572e-05	
1.529656e-04	6.160195e-05	
7.134273e-05	7.053047e-05	
1.690201e-04	3.497523e-05	
2.447831e-04	3.966071e-05	
2.717545e-04	5.077261e-05	
2.925448e-04	9.179246e-05	
1.902812e-04	1.483920e-05	
8.288109e-05	1.274026e-04	
5.720283e-05	1.393501e-04	
1.724871e-04	4.271596e-05	
1.353675e-04	3.018783e-05	
1.532127e-04	6.864218e-05	
2.590327e-04	2.802367e-05	
3.938971e-04	2.228009e-05	
1.452187e-04	2.734564e-05	
2.584421e-04	7.556446e-05	
1.803448e-04	1.720378e-04	
3.568492e-04	1.850711e-04	
3.475430e-04	2.462563e-04	
4.272195e-04	1.265714e-04	
6.174983e-05	1.352650e-04	
4.420592e-04	7.856042e-05	
1.358289e-04	1.142862e-04	
1.358289e-04	6.720078e-05	
4.385536e-04	8.771999e-05	
4.707117e-04	7.417890e-05	
1.273011e-04	7.694887e-06	
5.558036e-04	1.522202e-05	
4.939771e-04	3.100206e-05	
1.613423e-04	1.048474e-05	
1.379689e-04	1.676920e-05	
1.379689e-04	3.223699e-05	
8.001045e-05	8.412950e-06	
3.004885e-04	1.765077e-05	
4.665505e-04	1.900516e-05	
5.189666e-04	1.004670e-05	
3.234012e-04	5.301894e-06	
2.848140e-04	2.016209e-05	
6.217166e-05	1.145232e-05	
7.134273e-05	3.714748e-05	
1.771434e-04	2.023407e-05	
3.223626e-04	4.706279e-05	
1.055840e-04	6.382373e-05	
1.055840e-04	7.617936e-05	
4.004704e-04	5.366251e-05	
2.911203e-04	1.044778e-04	
5.720283e-05	1.292958e-04	
1.724871e-04	7.092973e-05	
1.353675e-04	2.748084e-05	
3.662349e-04	6.358846e-05	
1.532127e-04	4.820525e-05	
3.938971e-04	2.480957e-05	
3.113227e-04	2.013065e-05	
2.584421e-04	1.304547e-04	
1.803448e-04	1.592348e-04	
5.673249e-05	2.566384e-04	
5.673249e-05	2.079300e-04	
6.854765e-05	1.088259e-04	
5.400608e-04	1.417704e-04	
3.127200e-04	1.937117e-04	
3.804167e-04	1.717747e-04	
3.218166e-04	1.309418e-04	
3.218166e-04	1.011199e-04	
4.550657e-04	7.860500e-05	
4.191435e-04	4.840817e-05	
2.029593e-04	2.768611e-05	
7.998007e-05	3.156528e-05	
1.606071e-04	3.134411e-05	
5.133004e-04	1.918079e-05	
1.728471e-04	4.778787e-05	
8.001045e-05	1.955551e-05	
1.342656e-04	2.312920e-05	
1.342656e-04	1.197368e-05	
5.387518e-04	8.743707e-07	
2.116187e-04	1.018414e-05	
2.848140e-04	7.221181e-06	
6.217166e-05	6.411019e-06	
5.160637e-04	4.567109e-05	
1.353742e-04	3.454441e-05	
3.223626e-04	3.119084e-05	
9.206044e-05	2.557248e-05	
1.840968e-04	4.168456e-05	
6.048309e-04	4.799376e-05	
1.198307e-04	3.573652e-05	
2.694922e-04	7.764463e-05	
2.611409e-04	6.592365e-05	
3.821050e-04	7.158684e-05	
2.993189e-04	6.315309e-05	
2.993189e-04	8.181947e-05	
3.113227e-04	4.465898e-05	
4.095159e-04	3.421994e-05	
4.095159e-04	6.019490e-05	
2.316584e-04	2.277321e-05	
3.754943e-04	1.526975e-04	
3.754943e-04	1.738694e-04	
6.854765e-05	1.241513e-04	
1.287495e-04	1.867915e-04	
2.005192e-04	1.808343e-04	
1.277120e-04	1.434757e-04	
4.579983e-04	5.468225e-05	
4.550657e-04	7.360653e-05	
2.095301e-04	5.515028e-05	
1.673767e-04	5.305547e-05	
1.673767e-04	7.964808e-07	
7.998007e-05	5.189471e-05	
1.581270e-04	4.647302e-05	
1.581270e-04	3.334613e-05	
1.806326e-04	2.483869e-05	
4.633510e-04	1.446213e-05	
2.814680e-04	1.369475e-05	
2.814680e-04	9.580217e-06	
2.331881e-04	2.837894e-05	
2.116187e-04	2.519700e-05	
2.278444e-04	6.379339e-06	
6.986488e-05	3.909154e-05	
2.955725e-04	3.239488e-05	
1.353742e-04	3.802752e-05	
6.155149e-04	1.001908e-04	
9.206044e-05	1.653448e-05	
3.479458e-04	6.009012e-05	
1.470538e-04	4.089927e-05	
1.198307e-04	1.983302e-06	
4.058092e-04	6.413666e-05	
1.735739e-04	1.856695e-05	
1.735739e-04	4.807426e-06	
2.192998e-04	1.658556e-05	
8.232778e-05	7.628522e-05	
4.329605e-04	8.052219e-06	
2.232085e-04	7.595384e-05	
1.021235e-04	2.270876e-04	
2.342738e-04	7.919299e-05	
2.623375e-04	2.999573e-05	
4.805625e-04	1.533772e-04	
3.083447e-04	2.248216e-04	
1.287495e-04	2.036350e-04	
2.531324e-04	1.483906e-04	
1.277120e-04	1.282145e-04	
3.677141e-04	2.341237e-06	
3.677141e-04	3.151191e-05	
2.095301e-04	9.827038e-05	
2.718161e-04	6.023596e-05	
3.314057e-04	5.874628e-05	
4.879412e-05	5.732012e-05	
1.749329e-04	5.485895e-05	
3.573088e-04	8.296268e-06	
1.806326e-04	3.806279e-05	
3.578914e-04	1.982818e-05	
2.585659e-04	1.022651e-05	
3.550128e-04	7.896711e-06	
2.331881e-04	2.980502e-05	
3.167585e-04	3.235035e-07	
3.167585e-04	1.201425e-05	
6.986488e-05	4.184101e-05	
2.955725e-04	5.401903e-05	
3.807711e-04	5.762612e-05	
3.700741e-04	7.612037e-05	
3.700741e-04	5.353088e-05	
3.479458e-04	2.361093e-05	
1.470538e-04	2.795246e-05	
2.085035e-04	6.346981e-05	
2.377602e-04	4.217820e-05	
2.377602e-04	2.646261e-05	
3.413997e-04	3.621375e-05	
4.727040e-04	1.751931e-05	
8.232778e-05	7.575594e-05	
1.033688e-04	4.931808e-05	
1.896721e-04	1.981840e-04	
1.021235e-04	2.608337e-04	
2.342738e-04	6.953070e-05	
2.478996e-04	3.024017e-04	
3.455187e-04	1.322891e-04	
3.083447e-04	1.651719e-04	
2.513385e-04	1.410452e-04	
2.513385e-04	1.145812e-04	
4.923349e-04	1.044656e-04	
3.103003e-04	9.430840e-05	
2.043185e-04	1.276324e-04	
2.043185e-04	1.477458e-04	
2.718161e-04	4.820277e-05	
3.333229e-04	1.089720e-05	
4.879412e-05	5.960795e-05	
2.340121e-04	9.818105e-07	
1.657252e-04	4.507799e-05	
3.382945e-04	1.168209e-05	
3.224418e-04	3.085796e-06	
2.585659e-04	4.102532e-05	
1.050003e-04	1.402245e-06	
4.632993e-04	1.668378e-06	
4.005102e-04	1.820806e-05	
4.471410e-04	6.589914e-06	
1.284783e-04	1.530000e-05	
1.284783e-04	7.701292e-06	
2.879002e-04	4.040557e-05	
4.354710e-04	7.173144e-05	
3.729970e-04	2.784952e-05	
1.554939e-04	4.322201e-05	
5.454730e-04	6.047526e-05	
2.085035e-04	6.172958e-05	
3.016910e-04	2.402457e-05	
4.914796e-04	1.032311e-04	
2.399142e-04	6.802826e-05	
5.266375e-04	8.435580e-05	
5.196535e-04	1.070614e-04	
1.033688e-04	1.354022e-05	
1.909265e-04	3.839662e-05	
1.304426e-04	1.322571e-04	
4.532266e-04	1.826005e-04	
1.604460e-04	2.801340e-04	
2.378163e-04	9.846937e-05	
3.610170e-04	7.212833e-05	
4.608227e-04	8.615942e-05	
5.370519e-04	2.008666e-04	
4.491299e-04	1.831313e-04	
1.451514e-04	1.026505e-04	
2.521767e-04	7.232734e-05	
1.720561e-04	1.105270e-04	
1.720561e-04	6.525440e-05	
2.624139e-04	3.477151e-06	
2.624139e-04	1.151772e-05	
1.657252e-04	5.674475e-05	
2.202143e-04	4.945439e-05	
2.690068e-04	4.198973e-06	
1.502327e-04	1.326595e-06	
2.221655e-04	2.384508e-05	
1.050003e-04	3.563456e-05	
4.383467e-04	2.730157e-05	
4.005102e-04	1.981743e-05	
3.730709e-04	1.220392e-05	
1.054382e-04	6.156503e-06	
2.407693e-04	4.219844e-06	
2.321161e-04	6.893871e-06	
1.588341e-04	1.125589e-05	
4.696866e-04	6.238636e-05	
1.554939e-04	5.086635e-05	
3.360947e-04	4.020992e-05	
5.367045e-04	2.785146e-05	
4.271966e-04	7.949366e-05	
3.241651e-04	6.827397e-05	
2.018087e-04	3.638069e-05	
2.018087e-04	2.852770e-05	
3.125627e-04	6.873146e-05	
4.109727e-04	1.581557e-04	
1.847167e-04	1.217518e-04	
1.304426e-04	6.792737e-05	
1.052278e-04	3.063396e-04	
1.604460e-04	3.246254e-04	
2.835595e-04	9.980547e-05	
1.451801e-04	1.820841e-04	
1.938963e-04	1.320509e-04	
4.568489e-04	9.441937e-05	
4.871989e-04	1.245935e-04	
1.451514e-04	1.203696e-04	
3.235654e-04	3.058549e-05	
1.246383e-04	6.543783e-05	
3.578650e-04	1.005769e-04	
3.315446e-04	1.000050e-05	
3.315446e-04	1.372796e-05	
6.111693e-04	1.755692e-05	
1.531587e-04	2.395187e-05	
1.531587e-04	1.144633e-05	
1.502327e-04	2.068640e-05	
2.697991e-04	4.016891e-05	
4.768465e-04	1.589284e-05	
2.867073e-04	8.903187e-06	
2.867073e-04	2.079987e-05	
3.730709e-04	1.879305e-05	
1.054382e-04	1.607577e-05	
2.407693e-04	3.354394e-05	
1.588341e-04	1.329494e-05	
3.281299e-04	5.818417e-05	
3.281299e-04	3.583088e-05	
3.991690e-04	7.882225e-06	
2.814492e-04	8.957609e-05	
4.331005e-04	3.607602e-05	
2.708678e-04	3.318864e-05	
2.708678e-04	9.438087e-06	
3.241651e-04	5.341770e-05	
4.498114e-04	1.405139e-04	
8.246141e-05	9.968064e-05	
8.246141e-05	7.507848e-05	
4.721939e-04	1.004394e-05	
4.037465e-04	1.609158e-04	
1.052278e-04	1.418300e-04	
5.145097e-04	1.455523e-04	
2.805759e-04	3.728527e-04	
1.451801e-04	2.213448e-04	
2.373641e-04	1.866077e-05	
2.373641e-04	1.481515e-05	
2.990728e-04	4.698921e-05	
2.990728e-04	4.760591e-05	
1.139222e-04	9.913351e-05	
1.139222e-04	1.082843e-04	
5.739642e-04	4.870354e-05	
1.977460e-04	7.609529e-05	
1.565281e-04	6.700139e-05	
1.565281e-04	7.115711e-05	
2.378311e-04	5.451250e-05	
1.497821e-04	6.286269e-06	
3.015814e-04	3.764661e-05	
3.372220e-04	5.915083e-06	
2.447907e-04	1.198331e-05	
2.447907e-04	8.708637e-06	
3.771763e-04	1.910453e-05	
3.771763e-04	2.540108e-05	
5.629416e-04	1.470983e-05	
2.263861e-04	2.046426e-05	
2.263861e-04	2.710502e-05	
3.595356e-04	4.089311e-05	
1.023807e-04	6.340047e-05	
3.219848e-04	5.197610e-05	
2.814492e-04	6.742154e-05	
1.171637e-04	8.984390e-05	
1.171637e-04	7.010954e-05	
4.529198e-04	4.059460e-05	
3.296100e-04	7.898141e-05	
5.113068e-04	1.343455e-04	
4.673695e-04	4.178271e-06	
4.536055e-05	6.164362e-05	
4.536055e-05	2.289769e-05	
4.718135e-04	1.281664e-04	
4.598476e-04	1.471995e-04	
2.724247e-04	9.518228e-05	
2.724247e-04	2.226021e-04	
6.203335e-04	6.971207e-05	
3.297645e-04	6.943430e-05	
2.260447e-04	7.105740e-05	
2.260447e-04	4.814596e-05	
1.560771e-04	9.272432e-05	
3.900713e-04	1.088335e-04	
3.383976e-04	9.772641e-05	
2.036133e-04	6.292562e-05	
1.977460e-04	8.862262e-05	
2.923352e-04	4.800570e-05	
3.019675e-04	4.186525e-05	
1.190929e-04	1.720431e-05	
1.190929e-04	7.197751e-06	
1.497821e-04	1.357171e-05	
3.372220e-04	6.645476e-06	
6.393194e-04	8.965246e-06	
3.370858e-04	8.318381e-06	
9.847006e-05	1.615915e-05	
9.847006e-05	2.268135e-05	
1.771062e-04	6.282418e-06	
2.146324e-04	1.010836e-05	
2.146324e-04	1.833081e-05	
3.595356e-04	3.021530e-05	
1.023807e-04	6.016940e-05	
3.764105e-04	7.832248e-05	
3.764105e-04	6.748721e-05	
1.660012e-04	9.932503e-05	
3.060217e-04	9.392203e-05	
1.772629e-04	1.127471e-04	
1.772629e-04	1.130778e-04	
2.603215e-04	6.800509e-05	
2.603215e-04	4.164393e-06	
6.590340e-05	1.574659e-05	
6.590340e-05	2.818079e-05	
4.132609e-04	2.560549e-04	
4.739462e-04	2.803998e-04	
2.863626e-04	2.603703e-04	
4.734997e-04	3.265044e-04	
2.623866e-04	4.955064e-05	
9.935839e-05	7.831564e-05	
2.254147e-04	9.424350e-05	
4.746487e-04	6.693046e-06	
1.560771e-04	9.911119e-05	
2.692751e-04	9.981479e-05	
2.036133e-04	9.725133e-05	
1.208732e-04	3.479716e-05	
1.208732e-04	3.772078e-05	
3.186721e-04	2.955200e-05	
3.019675e-04	3.369520e-05	
3.684706e-04	1.301618e-05	
2.189374e-04	1.566793e-05	
2.189374e-04	2.925965e-05	
4.216659e-04	3.822874e-05	
1.052287e-04	1.935003e-05	
2.681910e-04	1.430367e-05	
2.422023e-04	1.696575e-05	
2.231715e-04	1.907289e-05	
1.771062e-04	3.532342e-05	
7.607430e-05	2.295329e-05	
7.607430e-05	1.907073e-05	
4.643851e-04	7.234817e-05	
3.885373e-04	2.841112e-05	
2.344505e-04	5.189399e-05	
2.344505e-04	2.221937e-05	
1.660012e-04	1.079795e-04	
5.039951e-04	1.282969e-04	
1.854369e-04	1.092206e-04	
3.145080e-04	8.654437e-05	
1.218528e-04	4.592730e-05	
1.218528e-04	1.148982e-06	
2.705364e-04	2.905540e-06	
2.705364e-04	6.639096e-05	
3.413291e-04	1.635881e-04	
3.074853e-04	2.483247e-04	
9.379271e-05	2.996142e-04	
9.379271e-05	3.058809e-04	
1.205217e-04	6.459347e-05	
1.205217e-04	1.880457e-05	
9.935839e-05	6.723054e-05	
2.066790e-04	5.187993e-05	
2.372640e-04	3.039438e-05	
2.692751e-04	1.400264e-04	
4.467174e-04	1.244941e-04	
1.998348e-04	1.052010e-05	
1.998348e-04	1.037093e-05	
3.071180e-04	2.959743e-05	
3.071180e-04	7.192094e-05	
1.228408e-04	2.865042e-05	
6.036213e-04	4.914118e-05	
9.799613e-05	9.600858e-06	
9.799613e-05	2.757886e-05	
1.052287e-04	7.720065e-06	
2.681910e-04	1.185785e-05	
2.505234e-04	7.182555e-06	
2.572648e-04	6.730155e-05	
2.572648e-04	4.516742e-05	
2.059992e-04	1.186362e-05	
5.429138e-04	7.509593e-05	
2.977010e-04	9.375395e-05	
2.977010e-04	8.602250e-05	
2.441535e-04	2.853709e-05	
2.994782e-04	7.730947e-05	
2.994782e-04	9.288978e-05	
4.023531e-04	1.050346e-04	
2.305359e-04	5.972732e-06	
5.861693e-05	6.058653e-06	
5.861693e-05	2.329787e-05	
2.023759e-04	4.193032e-05	
1.175735e-04	3.029496e-05	
4.566202e-04	3.028452e-05	
3.074853e-04	1.453433e-05	
2.996736e-04	1.236494e-04	
4.039586e-04	7.541537e-05	
4.745391e-04	1.827771e-04	
3.129822e-04	2.776249e-05	
4.489124e-04	1.160409e-04	
2.664961e-04	1.776320e-04	
2.066790e-04	4.552321e-05	
8.873392e-05	9.526841e-05	
2.304037e-04	6.726097e-05	
4.467174e-04	1.130191e-04	
3.687560e-04	3.270725e-05	
9.246010e-05	6.934007e-05	
3.248279e-04	7.360163e-05	
3.248279e-04	1.653267e-05	
1.228408e-04	3.479172e-05	
4.802310e-04	6.663045e-05	
2.746886e-04	4.688057e-05	
2.746886e-04	3.971653e-05	
2.951636e-04	2.235455e-05	
3.130923e-04	6.373915e-05	
3.130923e-04	4.530855e-05	
8.135878e-05	2.901610e-05	
8.135878e-05	2.079237e-05	
4.404089e-04	3.746169e-05	
1.173260e-04	4.537012e-05	
1.173260e-04	3.001047e-05	
1.726059e-04	1.295387e-06	
4.717842e-04	4.371408e-05	
3.357939e-04	3.091563e-05	
2.086870e-04	6.067348e-05	
3.545444e-04	5.046447e-05	
2.305359e-04	4.910141e-06	
2.661852e-04	2.225384e-05	
1.712069e-04	5.228422e-05	
1.175735e-04	1.977591e-05	
5.261635e-05	5.617233e-05	
9.109218e-05	4.021417e-05	
9.109218e-05	1.053120e-04	
2.289874e-04	5.394386e-04	
1.916793e-04	2.951738e-04	
3.046403e-04	1.542606e-04	
3.495406e-04	2.522102e-05	
4.042565e-04	3.832071e-05	
4.222129e-04	9.600155e-05	
2.347526e-04	8.258237e-05	
8.873392e-05	1.021194e-04	
1.058065e-04	8.089779e-05	
5.310681e-04	5.047581e-05	
2.878267e-04	4.161656e-05	
9.246010e-05	7.329372e-05	
1.248672e-04	3.343948e-05	
1.248672e-04	1.987028e-05	
2.162899e-04	5.680076e-05	
2.162899e-04	4.023457e-05	
6.398843e-05	2.127706e-05	
2.951636e-04	4.347653e-05	
8.957611e-05	8.157068e-06	
2.296135e-04	1.932761e-05	
4.506937e-04	3.549487e-05	
1.240653e-04	2.101690e-05	
1.862040e-04	2.677329e-05	
9.195886e-05	9.234561e-05	
9.195886e-05	8.189365e-05	
1.364483e-04	2.976909e-05	
1.726059e-04	3.478366e-05	
1.217100e-04	1.189458e-04	
1.217100e-04	1.121531e-04	
2.086870e-04	3.428195e-05	
1.269610e-04	6.693194e-05	
1.269610e-04	6.805766e-05	
2.283872e-04	2.457648e-05	
1.712069e-04	5.428509e-05	
2.924129e-04	5.568348e-05	
5.261635e-05	5.354298e-05	
2.373746e-04	2.796048e-05	
2.373746e-04	4.791857e-05	
2.257269e-04	3.181288e-04	
1.916793e-04	4.066884e-04	
9.678355e-05	1.817851e-04	
9.678355e-05	9.799098e-05	
3.761772e-04	5.455758e-05	
1.209450e-04	7.944009e-05	
2.347526e-04	4.269558e-05	
3.408163e-04	1.075925e-04	
5.246230e-04	8.441931e-05	
2.593319e-04	4.101260e-05	
2.593319e-04	5.370025e-05	
2.086145e-04	8.010228e-05	
1.685205e-04	5.377846e-05	
1.685205e-04	4.111683e-05	
4.085838e-04	1.847822e-05	
4.085838e-04	1.407499e-05	
6.398843e-05	8.422499e-06	
1.885912e-04	1.179828e-05	
8.957611e-05	2.937502e-05	
2.296135e-04	3.510801e-06	
3.212692e-04	1.231743e-05	
1.240653e-04	2.476892e-06	
2.560833e-04	3.890156e-05	
2.321120e-04	1.852134e-05	
2.321120e-04	2.535940e-05	
6.971871e-04	2.896816e-05	
9.468408e-05	6.984411e-05	
9.468408e-05	6.057153e-05	
4.755722e-04	3.848079e-05	
3.851239e-04	3.407136e-05	
3.851239e-04	5.730446e-05	
3.028608e-04	7.215200e-05	
2.283872e-04	2.958347e-05	
3.607916e-04	1.368023e-05	
3.835744e-04	7.419889e-05	
1.647370e-04	3.417153e-05	
1.981378e-04	8.555938e-05	
4.879836e-04	1.647213e-05	
5.009157e-04	4.418356e-04	
4.419347e-04	3.235150e-05	
2.046164e-04	1.900223e-04	
2.412855e-04	3.792537e-05	
2.790897e-04	8.864412e-05	
1.209450e-04	4.719219e-05	
9.254232e-05	4.309842e-05	
5.856948e-04	7.786585e-05	
2.132181e-04	1.387872e-04	
1.491624e-04	1.266907e-04	
2.126602e-04	7.065732e-05	
2.086145e-04	8.284083e-05	
2.153019e-04	4.759807e-05	
1.670137e-04	4.430019e-05	
2.450187e-04	1.942795e-05	
3.572926e-04	2.878065e-06	
5.747098e-04	1.622127e-05	
4.290986e-04	6.046064e-06	
1.222109e-04	2.812578e-05	
1.222109e-04	2.029059e-05	
3.212692e-04	2.560279e-05	
4.457668e-04	3.808956e-05	
2.560833e-04	3.472964e-05	
2.057961e-04	2.514481e-06	
2.057961e-04	3.516233e-06	
1.414447e-04	4.245299e-05	
1.302648e-04	4.775506e-05	
1.046878e-04	4.159618e-05	
4.755722e-04	5.875426e-05	
3.992503e-04	3.984178e-05	
2.961553e-04	5.486977e-05	
2.961553e-04	3.163001e-05	
2.572178e-04	2.259849e-05	
4.444522e-04	3.456924e-05	
1.739142e-04	3.901295e-05	
1.647370e-04	2.076362e-05	
2.027803e-04	7.536790e-05	
3.460644e-04	2.036230e-05	
1.330434e-04	3.506613e-04	
1.409383e-04	2.701795e-04	
1.409383e-04	2.591862e-04	
2.615435e-04	9.783782e-05	
2.412855e-04	2.716620e-05	
2.598815e-04	2.571742e-05	
9.254232e-05	3.561815e-05	
3.205012e-04	4.288401e-05	
3.774432e-04	4.375753e-06	
1.491624e-04	1.104294e-04	
2.126602e-04	5.752849e-05	
1.655249e-04	2.357416e-05	
2.439412e-04	1.661505e-05	
1.670137e-04	3.636806e-05	
2.074016e-04	5.358329e-06	
3.386948e-04	1.778917e-05	
1.030807e-04	9.081236e-07	
2.948419e-04	4.091030e-06	
1.497848e-04	1.164172e-05	
3.030583e-04	4.917918e-05	
2.866935e-04	1.022104e-05	
2.866935e-04	2.252146e-05	
4.107225e-04	1.231226e-05	
6.089966e-04	9.598510e-06	
1.414447e-04	3.454967e-05	
2.407716e-04	4.428507e-05	
3.742367e-04	3.941622e-05	
4.696115e-04	2.860505e-05	
2.318647e-04	1.354583e-05	
3.339502e-04	4.814018e-05	
3.382181e-04	5.652204e-05	
3.880997e-04	2.388793e-05	
2.572178e-04	2.038839e-05	
4.917917e-04	5.044229e-05	
3.639186e-04	1.712097e-05	
3.937674e-04	6.907651e-05	
2.027803e-04	1.483271e-05	
3.460644e-04	1.228200e-04	
1.330434e-04	3.938147e-04	
2.738828e-04	3.778346e-04	
4.209007e-04	2.146893e-04	
4.255916e-04	5.782264e-05	
2.587584e-04	8.810063e-05	
3.301418e-04	1.089338e-04	
5.911722e-04	8.894696e-05	
1.772164e-04	5.657124e-05	
2.729620e-04	3.530182e-05	
2.834068e-04	3.947809e-05	
2.834068e-04	1.803709e-05	
9.899066e-05	4.149672e-05	
9.899066e-05	3.032465e-05	
2.007937e-04	2.844744e-05	
1.110878e-04	6.033050e-05	
9.706738e-05	2.317845e-05	
1.030807e-04	1.353650e-05	
3.893048e-04	3.172984e-05	
1.497848e-04	9.901443e-06	
2.557835e-04	8.733262e-06	
3.269548e-04	8.440320e-06	
3.007816e-04	6.405478e-07	
4.876664e-04	3.185881e-06	
5.444907e-04	3.686888e-05	
3.975042e-04	3.412726e-05	
3.704541e-04	3.895704e-05	
2.964230e-04	3.130033e-05	
2.964230e-04	2.593357e-05	
2.318647e-04	6.221560e-06	
2.058826e-04	5.249804e-05	
2.058826e-04	1.811205e-05	
3.036930e-04	1.859746e-05	
1.863038e-04	8.628348e-05	
1.559102e-04	1.547517e-06	
2.696054e-04	3.306851e-05	
4.799198e-04	5.460104e-05	
2.018273e-04	4.498681e-05	
2.018273e-04	1.319299e-04	
2.319298e-04	7.407534e-05	
2.782420e-04	8.577333e-04	
4.230197e-04	3.727054e-04	
3.792285e-04	1.009827e-04	
1.571246e-04	8.245245e-05	
2.587584e-04	8.653347e-05	
2.553396e-04	1.036894e-05	
1.772164e-04	8.502276e-05	
2.729620e-04	2.832427e-05	
4.728169e-04	3.384190e-05	
1.531345e-04	4.481789e-05	
1.531345e-04	5.023127e-05	
6.503762e-04	9.349619e-05	
2.727156e-04	1.594827e-05	
1.110878e-04	3.243484e-05	
9.706738e-05	1.617297e-05	
3.113160e-04	1.344869e-06	
4.465171e-04	2.417296e-05	
4.596120e-04	2.498785e-05	
2.557835e-04	1.227324e-05	
3.496365e-04	1.154318e-05	
2.057212e-04	8.803701e-06	
2.057212e-04	1.021154e-05	
4.959772e-04	7.117376e-06	
3.975042e-04	2.661503e-05	
1.245644e-04	1.333082e-05	
1.097561e-04	2.009822e-05	
1.971210e-04	2.155817e-05	
2.529834e-04	4.473621e-06	
2.631135e-04	2.776399e-05	
3.009599e-04	1.871909e-05	
3.036930e-04	7.656861e-05	
1.863038e-04	5.591128e-05	
1.559102e-04	1.070881e-05	
2.349523e-04	5.030688e-05	
3.397217e-04	4.827049e-05	
1.419572e-04	3.206134e-05	
3.924164e-04	2.258715e-04	
3.924164e-04	3.151095e-04	
1.128738e-04	6.475898e-04	
4.230197e-04	2.499480e-04	
1.597314e-04	9.247531e-05	
1.571246e-04	1.436628e-04	
2.553396e-04	1.008597e-05	
3.390406e-04	3.696205e-05	
5.225455e-04	8.561433e-05	
4.777728e-04	9.274642e-05	
5.155089e-05	6.429113e-05	
2.507902e-04	5.557588e-05	
2.649641e-04	7.314229e-05	
3.245982e-04	5.680240e-06	
2.727156e-04	1.527468e-05	
4.900662e-04	3.571690e-05	
4.900662e-04	3.742186e-05	
2.122627e-04	5.695391e-06	
2.122627e-04	6.136955e-06	
2.827063e-04	3.230436e-05	
2.280439e-04	2.634486e-05	
2.520649e-04	3.406700e-05	
3.496365e-04	2.970572e-05	
1.738193e-04	1.626825e-05	
1.738193e-04	1.503892e-05	
2.628802e-04	1.755977e-05	
2.628802e-04	7.425203e-06	
1.097561e-04	2.231586e-05	
1.971210e-04	2.337653e-05	
1.879709e-04	5.681480e-06	
1.879709e-04	2.846871e-05	
1.417557e-04	8.500669e-06	
1.417557e-04	2.333359e-07	
1.696195e-04	1.490104e-05	
1.696195e-04	1.626505e-05	
5.916518e-05	7.741152e-05	
2.916984e-04	4.197986e-05	
1.419572e-04	3.436451e-06	
3.516907e-04	1.214768e-04	
2.492052e-04	3.295843e-04	
1.128738e-04	4.851767e-04	
4.821418e-04	4.328448e-05	
1.597314e-04	1.110412e-04	
2.500026e-04	1.878143e-04	
2.500026e-04	1.250512e-04	
1.952521e-04	3.922841e-05	
1.952521e-04	5.590874e-05	
3.743517e-04	6.180306e-05	
5.155089e-05	6.022823e-05	
5.023805e-04	5.104871e-05	
2.649641e-04	3.542416e-05	
1.844406e-04	2.084194e-05	
1.844406e-04	2.259659e-05	
3.517769e-04	1.253876e-06	
3.340090e-04	4.547000e-07	
3.340090e-04	7.024387e-08	
2.235710e-04	4.794296e-07	
3.795581e-04	1.981735e-05	
2.280439e-04	1.819665e-05	
2.188848e-04	1.279477e-05	
2.188848e-04	9.990434e-07	
2.371095e-04	1.565960e-05	
1.789833e-04	5.157487e-06	
2.852655e-04	1.588417e-05	
3.674661e-04	4.409808e-05	
5.104238e-04	4.389066e-05	
2.184474e-04	1.908968e-05	
2.184474e-04	1.829850e-05	
4.695445e-04	3.206883e-06	
4.086815e-04	3.601182e-05	
2.027908e-04	7.062798e-05	
1.734117e-04	1.810982e-05	
3.104687e-04	7.013452e-05	
5.916518e-05	9.849133e-05	
2.916984e-04	3.672668e-05	
4.068356e-04	2.176419e-05	
4.555276e-04	1.458721e-04	
2.610828e-04	4.961085e-04	
4.402179e-04	4.185947e-04	
2.486372e-04	1.472852e-04	
2.647880e-04	4.294832e-05	
4.795324e-04	1.778146e-04	
5.127135e-04	1.196151e-04	
1.650506e-04	1.703326e-04	
5.214439e-04	1.176099e-04	
3.399356e-04	8.003827e-05	
3.207653e-04	4.883589e-05	
4.072646e-04	6.163125e-05	
5.408455e-04	5.531560e-05	
1.716143e-04	2.560055e-05	
3.842289e-04	4.400131e-05	
3.537415e-04	2.269228e-05	
3.537415e-04	3.142799e-05	
2.885537e-04	9.173761e-06	
4.046851e-04	2.476592e-05	
4.046851e-04	2.571511e-05	
4.783453e-04	7.024675e-06	
4.783453e-04	1.604858e-05	
2.482321e-04	1.260726e-05	
2.371095e-04	7.758931e-06	
1.789833e-04	1.415281e-05	
2.852655e-04	4.518940e-06	
3.674661e-04	9.310018e-06	
3.742974e-04	5.622130e-05	
3.742974e-04	1.834741e-05	
4.058507e-04	5.315157e-05	
1.137052e-04	1.490591e-05	
3.948525e-04	6.195967e-05	
2.027908e-04	3.341511e-05	
2.852679e-04	1.484413e-05	
3.104687e-04	3.109067e-05	
1.452245e-04	1.073281e-04	
1.452245e-04	4.906071e-05	
4.861438e-04	1.681447e-05	
4.867177e-04	2.053776e-04	
2.186393e-04	4.555758e-04	
4.630002e-05	3.730248e-04	
2.486372e-04	3.048352e-04	
2.406867e-04	1.186355e-04	
2.886674e-04	1.008482e-04	
5.127135e-04	1.158742e-04	
1.650506e-04	1.556154e-04	
1.945331e-04	1.104460e-04	
1.945331e-04	7.650438e-05	
3.207653e-04	8.591302e-05	
3.652298e-04	5.613921e-05	
5.329182e-04	7.456056e-05	
1.716143e-04	4.395968e-05	
3.842289e-04	6.114778e-05	
1.081759e-04	2.282207e-06	
2.670426e-04	1.853323e-05	
3.187879e-04	4.365591e-06	
2.885537e-04	8.228844e-06	
1.532096e-04	1.890954e-05	
1.532096e-04	1.061376e-05	
3.302484e-04	4.177669e-06	
2.482321e-04	5.261280e-05	
3.906635e-04	2.816339e-05	
3.384323e-04	1.429817e-05	
3.384323e-04	4.647451e-05	
3.880400e-04	4.421484e-05	
3.695303e-04	1.457853e-05	
5.033177e-04	4.178174e-05	
3.060017e-04	1.936059e-05	
1.137052e-04	6.027653e-06	
1.531865e-04	2.248223e-05	
1.790934e-04	1.434748e-05	
5.925668e-04	6.322250e-05	
3.758514e-04	3.100979e-06	
1.346811e-04	8.766389e-05	
1.288043e-04	1.200120e-04	
1.288043e-04	1.643366e-04	
4.801030e-04	5.050508e-05	
2.727444e-04	3.974055e-04	
4.630002e-05	3.538510e-04	
1.732663e-04	2.321374e-04	
2.406867e-04	2.141826e-04	
4.369666e-04	1.891638e-04	
2.711804e-04	1.109686e-04	
3.611168e-04	1.128656e-04	
2.284330e-04	1.495999e-05	
5.268881e-05	6.102442e-05	
5.268881e-05	5.572451e-05	
2.211001e-04	5.706923e-05	
2.211001e-04	5.820601e-05	
1.071678e-04	7.164503e-05	
1.071678e-04	5.970941e-05	
1.081759e-04	1.972054e-05	
2.670426e-04	9.183800e-06	
2.979724e-04	2.498408e-05	
2.215744e-04	3.509470e-05	
3.369169e-04	2.086776e-05	
2.370887e-04	1.743158e-05	
1.121423e-04	1.958941e-05	
3.049618e-04	5.432649e-05	
3.091227e-04	2.189823e-05	
2.616579e-04	2.405533e-05	
8.172272e-05	4.392185e-05	
8.172272e-05	4.023841e-05	
2.294540e-04	3.088434e-05	
2.294540e-04	1.042445e-05	
3.060017e-04	1.464917e-05	
3.684913e-04	1.329143e-05	
1.531865e-04	9.789736e-06	
1.829559e-04	5.386075e-05	
1.517469e-04	7.071227e-05	
5.074865e-04	7.873351e-05	
1.346811e-04	1.186774e-04	
9.040300e-05	9.514213e-05	
9.040300e-05	1.099998e-04	
2.322832e-04	3.247755e-04	
4.082072e-04	1.486735e-04	
5.261492e-04	2.906573e-04	
1.732663e-04	3.243318e-04	
3.681248e-04	1.492960e-04	
3.327058e-04	1.917021e-04	
1.989303e-04	1.209021e-04	
2.711804e-04	7.911831e-05	
1.127025e-04	7.116622e-05	
1.127025e-04	9.794060e-05	
1.405571e-04	7.780983e-05	
2.549916e-04	6.440645e-05	
2.386771e-04	6.926616e-05	
4.383471e-04	4.495994e-05	
4.383471e-04	2.918429e-05	
1.891608e-04	1.384882e-05	
1.891608e-04	9.913035e-07	
2.979724e-04	1.409101e-05	
1.852025e-04	3.803127e-05	
1.852025e-04	4.240280e-05	
3.224074e-04	3.449827e-05	
1.121423e-04	2.819605e-05	
4.631197e-04	5.495907e-06	
3.616033e-04	1.061105e-05	
2.616579e-04	5.709448e-06	
3.327982e-04	2.028598e-05	
2.099227e-04	1.955104e-05	
3.501846e-04	2.191637e-05	
3.307850e-04	2.190649e-05	
3.307850e-04	7.811159e-06	
3.684913e-04	5.065656e-05	
2.388866e-04	4.697943e-05	
1.829559e-04	8.429758e-05	
1.517469e-04	7.735899e-05	
3.175364e-04	2.931857e-05	
6.542496e-05	3.853449e-05	
6.542496e-05	4.842050e-05	
4.560214e-04	1.255616e-04	
2.322832e-04	2.576403e-04	
3.307999e-04	4.638960e-04	
1.847095e-04	2.829208e-04	
1.847095e-04	2.655426e-04	
3.327058e-04	2.054856e-04	
3.630069e-04	1.720243e-04	
1.989303e-04	1.208882e-04	
3.801807e-04	2.879057e-05	
2.134977e-04	3.844465e-05	
2.134977e-04	5.729645e-05	
1.405571e-04	4.245096e-05	
2.462042e-04	6.191161e-05	
2.386771e-04	6.851127e-05	
6.094512e-04	8.228973e-05	
4.139723e-04	4.516731e-05	
3.351154e-04	2.528722e-05	
3.846802e-04	2.906597e-05	
7.037030e-04	1.600580e-05	
2.061255e-04	1.315742e-05	
2.061255e-04	1.141203e-05	
4.591730e-04	2.936130e-05	
5.281422e-04	5.579082e-05	
3.442944e-04	3.867255e-05	
3.442944e-04	7.222908e-05	
3.208384e-04	6.230386e-05	
1.774805e-04	4.860364e-05	
5.178480e-04	5.653265e-05	
3.286261e-04	2.999804e-05	
3.286261e-04	1.465502e-05	
2.034607e-04	1.201702e-05	
4.268859e-04	3.512553e-05	
9.671858e-05	1.739069e-05	
9.671858e-05	1.142863e-05	
4.361457e-04	4.324156e-05	
3.175364e-04	6.483135e-05	
1.482640e-04	1.060108e-04	
3.795962e-04	7.674524e-06	
1.254001e-04	7.554435e-05	
1.254001e-04	8.187716e-05	
3.307999e-04	3.047832e-04	
1.572979e-04	1.989463e-04	
1.175928e-04	9.175909e-05	
3.650771e-04	2.934578e-05	
3.650771e-04	4.422345e-05	
4.471271e-04	1.125843e-04	
1.597792e-04	5.987763e-05	
1.597792e-04	8.664109e-05	
1.879623e-04	8.422602e-05	
4.968322e-04	3.009705e-05	
4.382627e-04	5.560007e-05	
3.975394e-04	1.109297e-04	
3.975394e-04	1.051052e-04	
3.562332e-04	8.447513e-05	
3.351154e-04	9.513834e-05	
6.871965e-05	5.055653e-05	
6.871965e-05	5.223831e-05	
2.919621e-04	6.859571e-05	
3.412601e-04	4.971250e-05	
5.274772e-04	6.514857e-05	
3.806661e-04	4.882675e-05	
1.228773e-04	3.881106e-05	
1.228773e-04	5.660658e-05	
3.519958e-04	8.986455e-05	
1.774805e-04	5.515091e-05	
5.112455e-04	3.489421e-05	
1.685142e-04	3.078282e-05	
1.685142e-04	9.007525e-06	
2.034607e-04	1.041657e-05	
2.952897e-04	5.074714e-05	
2.047357e-04	5.551762e-05	
1.479693e-04	5.769856e-06	
1.823487e-04	1.455405e-04	
1.823487e-04	1.403857e-04	
2.450439e-04	8.332969e-05	
1.482640e-04	4.743479e-05	
3.265457e-04	2.080849e-05	
4.270872e-04	8.886510e-05	
3.952294e-04	3.341341e-04	
4.348386e-04	8.141309e-05	
1.175928e-04	8.984679e-06	
2.659155e-04	5.088500e-05	
1.979237e-04	8.867029e-05	
1.979237e-04	9.026526e-05	
1.611518e-04	2.172026e-05	
1.611518e-04	2.788046e-05	
1.879623e-04	7.049548e-05	
4.324753e-04	2.286928e-05	
2.346160e-04	4.510853e-05	
1.974763e-04	6.422626e-05	
1.974763e-04	3.034492e-05	
3.983345e-04	2.803420e-05	
4.360243e-04	3.583348e-05	
2.145896e-04	2.420633e-05	
3.751044e-04	6.394643e-06	
2.919621e-04	3.933332e-05	
3.412601e-04	3.380917e-05	
2.282260e-04	1.216498e-05	
2.282260e-04	1.588070e-05	
8.443795e-05	2.911158e-05	
8.443795e-05	3.880588e-05	
2.611408e-04	6.217850e-05	
2.611408e-04	3.288535e-05	
3.285349e-04	2.097177e-05	
4.287305e-04	3.626189e-05	
3.571263e-04	3.151444e-06	
4.431941e-04	1.042690e-06	
5.674147e-05	2.027697e-05	
5.674147e-05	2.512350e-05	
1.479693e-04	8.968609e-07	
4.239713e-04	6.686267e-05	
3.675048e-04	1.038523e-04	
2.552569e-04	6.523090e-05	
2.050676e-04	4.422242e-05	
5.166113e-04	9.796337e-05	
2.367295e-04	2.062194e-05	
2.283700e-04	1.403540e-04	
