1.252965e+01	2.176037e-14	
1.794530e+01	3.038680e-13	
2.479209e+01	1.749711e-13	
2.475284e+01	1.534994e-12	
2.298926e+01	1.365907e-12	
2.638238e+01	8.881784e-15	
2.480924e+01	3.564260e-12	
2.816366e+01	4.137801e-13	
3.152442e+01	3.548273e-13	
2.820908e+01	1.218359e-12	
2.662040e+01	5.193623e-13	
2.661499e+01	4.233836e-12	
2.819239e+01	2.602141e-12	
2.818052e+01	1.282756e-10	
2.481721e+01	1.246558e-12	
2.476446e+01	9.697798e-12	
2.814125e+01	6.352474e-12	
2.824007e+01	2.127942e-11	
2.660702e+01	2.657652e-12	
2.650724e+01	1.595313e-11	
2.810327e+01	5.826450e-13	
2.303611e+01	4.934386e-12	
2.134622e+01	3.186784e-11	
2.643763e+01	1.057709e-11	
2.659134e+01	4.931722e-12	
2.676395e+01	5.783374e-12	
2.837464e+01	3.810396e-12	
2.655495e+01	1.229661e-11	
2.981810e+01	2.710498e-12	
2.483533e+01	6.552736e-11	
2.654557e+01	6.744161e-12	
2.487691e+01	2.044032e-11	
2.313026e+01	3.854139e-12	
2.650635e+01	5.470624e-12	
2.820965e+01	2.589817e-12	
2.825287e+01	8.337553e-12	
2.159819e+01	1.234013e-12	
2.492353e+01	4.507505e-13	
1.801495e+01	1.006306e-12	
1.591022e+01	5.029310e-14	
1.263298e+01	2.048361e-12	
1.970593e+01	3.770017e-14	
2.481798e+01	4.774164e-14	
2.473313e+01	8.649666e-14	
2.808346e+01	5.022357e-13	
2.318189e+01	1.753525e-13	
2.666304e+01	1.826037e-14	
2.836359e+01	5.220109e-16	
2.822543e+01	7.445814e-15	
2.310503e+01	1.688947e-15	
2.308549e+01	2.526538e-14	
2.481035e+01	1.267848e-15	
2.319377e+01	3.412036e-16	
2.660466e+01	3.244393e-16	
2.491227e+01	2.644747e-15	
2.488412e+01	5.413566e-15	
2.647673e+01	1.083548e-14	
2.823152e+01	5.742974e-16	
2.991518e+01	6.094159e-15	
2.821535e+01	2.816292e-16	
2.647058e+01	2.957107e-15	
2.644414e+01	7.653130e-15	
2.312088e+01	2.871487e-16	
2.985501e+01	2.635658e-15	
2.492513e+01	1.353391e-15	
3.171722e+01	2.800320e-15	
2.669068e+01	2.433295e-15	
2.830655e+01	1.023611e-15	
2.658101e+01	1.992333e-15	
2.987997e+01	3.886982e-16	
2.486537e+01	3.589012e-15	
2.655592e+01	2.792180e-15	
2.645792e+01	4.437093e-15	
2.133489e+01	2.993503e-15	
2.469450e+01	3.535332e-16	
2.814931e+01	8.265464e-15	
2.487824e+01	2.365477e-14	
2.656707e+01	1.042394e-14	
1.799970e+01	7.520399e-14	
1.589414e+01	1.527856e-11	
2.131005e+01	3.184120e-13	
2.648852e+01	1.887490e-12	
2.817560e+01	1.034506e-12	
2.991295e+01	3.157474e-13	
2.655773e+01	4.076739e-13	
2.645210e+01	1.025513e-12	
2.641775e+01	1.297540e-11	
2.805041e+01	4.438672e-12	
2.810055e+01	3.133716e-12	
2.818417e+01	1.731282e-12	
2.990565e+01	5.312861e-12	
2.486484e+01	7.376366e-11	
2.657683e+01	3.529288e-12	
2.490560e+01	1.511069e-11	
2.656108e+01	5.071499e-13	
2.990163e+01	1.077316e-11	
2.816743e+01	1.901623e-11	
2.645629e+01	1.259659e-11	
2.305615e+01	3.094458e-11	
2.807082e+01	1.350031e-12	
2.807162e+01	2.193068e-11	
2.475947e+01	1.141642e-11	
2.645633e+01	1.476536e-10	
2.480058e+01	1.150668e-11	
2.648913e+01	5.037304e-12	
2.645817e+01	1.423195e-11	
2.643550e+01	1.866551e-11	
2.482863e+01	7.655432e-12	
2.824319e+01	8.975931e-12	
2.829713e+01	2.671197e-11	
2.832284e+01	2.639222e-11	
2.659342e+01	2.820344e-11	
2.658950e+01	6.884826e-11	
2.491168e+01	4.578560e-12	
2.324439e+01	1.573575e-11	
2.816511e+01	8.157919e-12	
2.812427e+01	6.431655e-11	
1.963034e+01	4.559242e-12	
2.127553e+01	1.468492e-12	
2.478852e+01	4.261036e-13	
2.143210e+01	1.268652e-12	
2.312620e+01	7.218670e-13	
2.309320e+01	8.557599e-12	
2.808828e+01	7.222667e-12	
2.312919e+01	7.469581e-13	
2.656141e+01	3.382294e-12	
2.987751e+01	2.106648e-12	
2.983608e+01	7.908119e-13	
2.641022e+01	7.486456e-12	
2.476876e+01	4.038081e-11	
2.480661e+01	8.156809e-13	
2.822816e+01	5.739853e-13	
2.660189e+01	1.999223e-11	
2.663089e+01	1.654099e-11	
2.324486e+01	1.587508e-12	
2.822673e+01	8.858836e-11	
2.820258e+01	1.059153e-13	
2.654373e+01	5.261502e-11	
2.650099e+01	1.486677e-11	
2.647512e+01	1.069855e-11	
2.645339e+01	1.057132e-11	
2.643307e+01	5.859324e-11	
2.651879e+01	3.275891e-11	
2.823815e+01	7.048584e-12	
2.489287e+01	5.032441e-11	
2.993348e+01	4.130940e-11	
2.658097e+01	2.159184e-11	
2.323206e+01	1.419564e-11	
2.651116e+01	6.902257e-12	
2.310684e+01	3.665357e-11	
2.808936e+01	2.066525e-11	
2.314852e+01	1.680189e-11	
2.478227e+01	1.799227e-12	
2.475170e+01	1.035394e-11	
2.638382e+01	1.867839e-12	
2.126674e+01	7.540635e-13	
3.377074e+01	1.625307e-05	
3.349896e+01	3.045526e-06	
3.879170e+01	3.292819e-05	
3.719788e+01	4.788751e-05	
3.715568e+01	1.377946e-04	
3.913466e+01	8.130224e-05	
3.577657e+01	1.049508e-04	
4.411332e+01	6.420005e-05	
4.244527e+01	7.830972e-06	
3.732175e+01	5.783917e-05	
3.537041e+01	4.753994e-05	
4.580476e+01	8.464158e-05	
3.362928e+01	7.010883e-05	
3.718930e+01	5.214050e-05	
4.389095e+01	1.838392e-04	
4.240914e+01	4.238863e-05	
3.890974e+01	1.512975e-04	
4.429399e+01	2.144282e-04	
3.887857e+01	2.312800e-04	
4.059066e+01	8.156336e-06	
3.542121e+01	5.831302e-05	
3.700957e+01	1.196121e-04	
4.050758e+01	1.643842e-04	
3.376812e+01	7.131548e-05	
3.222451e+01	2.623642e-05	
3.730220e+01	4.779153e-06	
3.706190e+01	4.147847e-05	
4.075108e+01	2.134985e-04	
3.538639e+01	5.955024e-05	
4.412012e+01	6.416920e-06	
3.369416e+01	5.104914e-05	
3.545090e+01	1.135284e-04	
3.541388e+01	3.786686e-05	
4.062864e+01	4.556964e-05	
3.550960e+01	4.245440e-05	
3.367042e+01	1.354025e-05	
3.541725e+01	3.533518e-05	
3.013087e+01	3.638383e-05	
3.199345e+01	3.000996e-05	
4.581036e+01	4.896888e-05	
4.418326e+01	3.145370e-05	
4.742560e+01	1.249832e-05	
4.399664e+01	6.157704e-05	
4.587929e+01	7.707875e-05	
4.420220e+01	7.804075e-05	
4.931700e+01	5.108763e-05	
4.593085e+01	1.889638e-05	
4.258351e+01	3.166404e-05	
5.101313e+01	7.733528e-05	
4.587299e+01	7.830113e-06	
4.075709e+01	9.132811e-05	
4.239698e+01	1.146158e-04	
5.079601e+01	2.147695e-04	
4.259444e+01	1.020766e-04	
4.783326e+01	2.632536e-04	
4.612219e+01	2.571501e-04	
5.253817e+01	3.225540e-04	
4.420062e+01	5.473771e-05	
4.571341e+01	1.407258e-05	
4.225093e+01	6.264184e-05	
4.894036e+01	3.542585e-05	
4.230272e+01	7.497771e-05	
4.242542e+01	1.155682e-04	
4.578105e+01	2.027604e-04	
5.079120e+01	9.434140e-05	
4.254914e+01	1.031400e-04	
4.769421e+01	3.580000e-05	
4.424013e+01	2.205295e-05	
5.073913e+01	5.871742e-05	
4.397769e+01	7.074690e-05	
4.230926e+01	2.232865e-05	
4.908849e+01	1.260559e-04	
4.072609e+01	1.205133e-05	
4.405184e+01	2.836623e-05	
4.390314e+01	3.718739e-05	
3.007144e+01	1.295614e-05	
4.228587e+01	1.270580e-04	
4.937791e+01	5.493526e-05	
4.432406e+01	1.227906e-04	
4.600020e+01	4.630651e-05	
5.091046e+01	1.482577e-05	
4.416976e+01	1.326878e-04	
4.579310e+01	2.036925e-04	
4.758071e+01	1.373608e-04	
4.419253e+01	2.795348e-05	
4.594587e+01	1.041825e-04	
5.267319e+01	1.261900e-04	
4.918814e+01	1.801610e-05	
4.414327e+01	1.149480e-04	
4.735686e+01	2.408817e-04	
5.247810e+01	1.448388e-04	
4.261651e+01	7.903696e-05	
4.259774e+01	1.167092e-04	
5.105864e+01	4.430864e-04	
4.923315e+01	1.099267e-04	
4.758554e+01	8.151187e-05	
4.605545e+01	2.031072e-04	
4.928780e+01	2.482185e-04	
4.733786e+01	7.419237e-05	
4.553530e+01	2.629156e-04	
4.391183e+01	7.827684e-05	
4.900021e+01	2.357872e-04	
4.580727e+01	9.000232e-06	
4.270067e+01	1.419887e-05	
4.606224e+01	7.858793e-06	
4.773061e+01	1.168916e-04	
4.749182e+01	7.170126e-05	
4.748921e+01	7.056485e-05	
4.733029e+01	8.583256e-05	
5.076845e+01	1.292432e-04	
4.239432e+01	2.819723e-05	
4.240280e+01	1.733352e-06	
4.721429e+01	4.953720e-05	
3.521424e+01	1.268769e-04	
3.556814e+01	1.679774e-04	
5.116113e+01	1.330880e-04	
4.784365e+01	1.387779e-04	
4.606016e+01	7.229919e-05	
4.941912e+01	1.685478e-04	
4.245966e+01	1.862311e-04	
4.735538e+01	2.269370e-04	
4.214822e+01	2.083424e-04	
4.749949e+01	2.354610e-04	
4.586700e+01	2.301037e-04	
4.597721e+01	8.257644e-05	
5.107156e+01	4.867670e-05	
4.413086e+01	1.581363e-04	
4.391944e+01	3.209568e-04	
4.891231e+01	5.229819e-05	
4.925090e+01	1.370145e-04	
4.424018e+01	1.711919e-04	
4.898492e+01	1.494406e-04	
5.253198e+01	1.182903e-04	
4.257085e+01	1.908771e-04	
4.777384e+01	2.143520e-04	
4.606927e+01	1.921070e-04	
4.925306e+01	1.752594e-04	
4.734611e+01	2.787251e-04	
4.400204e+01	1.915491e-04	
4.730582e+01	1.440758e-04	
4.574381e+01	3.157611e-05	
4.604378e+01	2.560846e-05	
5.107612e+01	2.398223e-05	
4.762409e+01	3.108587e-05	
4.930710e+01	4.107537e-05	
4.418314e+01	1.103990e-04	
4.586497e+01	1.244952e-04	
4.921973e+01	2.159322e-04	
4.763024e+01	1.101667e-04	
4.247961e+01	9.935070e-07	
4.238667e+01	7.247697e-06	
3.537744e+01	1.738849e-04	
3.558540e+01	1.536599e-04	
5.117026e+01	1.676697e-04	
4.946575e+01	1.931093e-04	
5.119301e+01	1.540812e-04	
4.944877e+01	1.303818e-04	
4.253436e+01	1.679423e-04	
4.890876e+01	1.826888e-04	
4.548367e+01	1.108552e-04	
4.563637e+01	2.520413e-04	
4.738177e+01	2.733173e-04	
4.765750e+01	1.635459e-04	
4.599984e+01	1.831899e-04	
4.748256e+01	2.548585e-04	
4.543339e+01	1.026150e-04	
4.387656e+01	9.174786e-05	
4.407661e+01	1.045487e-04	
4.233012e+01	1.471591e-04	
4.545851e+01	7.903711e-05	
4.399578e+01	2.300405e-04	
4.596084e+01	1.988047e-04	
5.108664e+01	2.272468e-04	
5.107718e+01	2.040797e-04	
4.934719e+01	1.697935e-04	
4.916936e+01	1.784841e-04	
4.572957e+01	1.605074e-04	
5.079984e+01	3.099093e-05	
4.915997e+01	4.854393e-05	
5.258672e+01	1.437440e-04	
4.761004e+01	9.565813e-05	
5.098354e+01	1.790165e-05	
5.261872e+01	2.662693e-05	
4.417120e+01	1.228223e-04	
4.409981e+01	4.071750e-05	
4.765783e+01	1.200612e-04	
4.934205e+01	1.461428e-04	
4.757930e+01	5.832353e-05	
4.917001e+01	1.219769e-04	
3.695104e+01	2.077779e-04	
3.551761e+01	1.607501e-04	
4.587356e+01	2.684606e-05	
4.912373e+01	1.168552e-04	
4.951768e+01	1.407348e-04	
4.606003e+01	1.768664e-04	
4.262908e+01	1.696088e-04	
4.407916e+01	1.368279e-04	
4.052174e+01	1.210401e-04	
4.225316e+01	9.895918e-05	
4.403397e+01	2.288080e-04	
4.584299e+01	2.351405e-04	
3.913851e+01	2.458590e-04	
4.418699e+01	2.341567e-04	
4.395970e+01	6.672902e-05	
4.568410e+01	1.503817e-04	
4.752009e+01	1.843816e-04	
4.580270e+01	2.502128e-04	
4.547818e+01	1.928656e-04	
4.898869e+01	1.412797e-04	
5.257136e+01	3.111442e-04	
4.776254e+01	2.521973e-04	
4.771538e+01	2.700771e-04	
5.098164e+01	2.360622e-04	
4.587972e+01	2.148565e-04	
4.410743e+01	1.984406e-04	
4.415863e+01	5.934428e-05	
4.761249e+01	1.713536e-05	
4.931883e+01	1.068072e-04	
4.933692e+01	1.120456e-04	
4.413034e+01	3.524425e-05	
5.258088e+01	4.289775e-05	
4.735472e+01	3.733151e-05	
4.740854e+01	5.364269e-05	
4.246689e+01	8.121176e-06	
4.095101e+01	1.299949e-04	
4.586243e+01	6.484437e-05	
4.737384e+01	1.314161e-04	
3.694824e+01	1.129769e-04	
3.699885e+01	1.571524e-04	
4.742017e+01	9.909637e-05	
5.243694e+01	2.232787e-04	
4.939394e+01	1.899235e-04	
4.767894e+01	2.828575e-04	
4.598032e+01	2.820271e-04	
4.413064e+01	1.705897e-04	
4.742668e+01	1.379795e-04	
4.757436e+01	1.866312e-04	
4.416384e+01	1.336624e-04	
4.917358e+01	2.867586e-04	
4.575071e+01	2.680390e-04	
4.568495e+01	1.108184e-04	
4.909867e+01	9.536219e-05	
4.251008e+01	2.129584e-04	
4.417539e+01	1.928409e-04	
4.245237e+01	2.278118e-04	
4.907098e+01	2.558590e-04	
4.577352e+01	2.153936e-04	
4.411476e+01	2.514811e-04	
4.937849e+01	1.858217e-04	
5.103665e+01	2.900297e-04	
4.587941e+01	2.197678e-04	
4.915140e+01	1.740512e-04	
4.916699e+01	8.604879e-05	
4.917393e+01	1.081573e-04	
4.430981e+01	2.422302e-05	
4.594090e+01	1.087781e-04	
4.258013e+01	8.918603e-05	
4.421281e+01	8.691943e-05	
5.083109e+01	1.081999e-04	
4.740035e+01	8.036523e-05	
4.897870e+01	1.283770e-04	
4.907992e+01	2.254112e-05	
4.749686e+01	7.000813e-05	
5.091832e+01	1.363209e-04	
4.755564e+01	1.596522e-05	
3.880774e+01	8.582881e-05	
3.690568e+01	1.493132e-04	
4.403082e+01	8.111803e-05	
4.902874e+01	1.646834e-04	
4.744998e+01	2.180205e-05	
4.930756e+01	2.639896e-04	
4.252855e+01	2.625268e-04	
4.585785e+01	1.444208e-04	
4.760491e+01	1.503374e-04	
4.424948e+01	1.790143e-04	
4.598284e+01	1.765116e-04	
4.404752e+01	1.661293e-04	
4.399009e+01	2.590967e-04	
4.234170e+01	1.940517e-04	
4.908732e+01	9.799047e-05	
4.590897e+01	2.355003e-04	
4.758432e+01	2.296540e-04	
4.921371e+01	2.216227e-04	
4.745360e+01	2.265418e-04	
4.419191e+01	2.274914e-04	
4.940523e+01	1.736167e-04	
5.109111e+01	1.909858e-04	
4.754599e+01	2.649906e-04	
4.753336e+01	2.763927e-04	
4.904750e+01	2.416499e-04	
5.079605e+01	6.301416e-05	
4.752463e+01	6.139790e-05	
4.760037e+01	6.430473e-05	
4.423476e+01	3.587868e-05	
5.085178e+01	5.146042e-05	
4.584051e+01	5.323331e-05	
4.746426e+01	4.957475e-05	
4.759357e+01	7.040248e-05	
4.754551e+01	2.115980e-05	
5.081170e+01	6.971550e-05	
4.749788e+01	1.817013e-04	
5.435749e+01	1.305838e-04	
4.437872e+01	9.659401e-05	
4.410672e+01	1.196616e-04	
4.232358e+01	7.880895e-05	
4.757745e+01	9.808583e-05	
4.745357e+01	1.424320e-04	
4.571664e+01	1.309590e-04	
4.731994e+01	1.919436e-04	
4.907494e+01	2.907226e-04	
4.911064e+01	1.327586e-04	
4.773617e+01	1.468093e-04	
4.942888e+01	2.129680e-04	
4.258446e+01	1.488341e-04	
4.588691e+01	1.310580e-04	
4.899749e+01	1.973545e-04	
4.910446e+01	2.263502e-04	
4.932078e+01	2.414094e-04	
4.928763e+01	2.191786e-04	
4.928166e+01	2.313931e-04	
4.753274e+01	2.453119e-04	
4.237837e+01	2.413561e-04	
4.251284e+01	3.021177e-04	
5.116753e+01	2.011331e-04	
5.120345e+01	2.023184e-04	
4.593132e+01	2.279532e-04	
5.411619e+01	3.062713e-04	
4.580927e+01	7.459282e-05	
4.581380e+01	7.950690e-05	
4.420901e+01	1.235250e-04	
4.419070e+01	8.583095e-05	
4.749675e+01	1.016216e-05	
5.406246e+01	8.306360e-06	
4.581378e+01	1.033081e-04	
4.753471e+01	8.468646e-05	
5.101861e+01	8.021722e-05	
4.592634e+01	7.006841e-06	
4.588219e+01	1.909866e-05	
4.766119e+01	1.691468e-04	
4.780644e+01	2.092254e-04	
4.281002e+01	2.104247e-04	
4.239869e+01	1.038174e-04	
3.907663e+01	1.279082e-04	
4.774164e+01	2.588456e-04	
4.772551e+01	2.739315e-04	
4.737843e+01	1.107960e-04	
4.891752e+01	1.783085e-04	
4.553105e+01	2.508320e-04	
4.412890e+01	1.371822e-04	
4.777808e+01	1.746070e-04	
5.284655e+01	1.943360e-04	
4.939451e+01	1.692752e-04	
5.080326e+01	1.358652e-04	
4.734938e+01	1.930853e-04	
4.407225e+01	2.666143e-04	
4.579901e+01	2.351733e-04	
4.601051e+01	1.282497e-04	
4.594644e+01	1.985213e-04	
4.415984e+01	2.162692e-04	
4.907972e+01	2.333428e-04	
4.906326e+01	2.342933e-04	
5.284711e+01	2.141697e-04	
4.779973e+01	2.099355e-04	
4.597423e+01	2.438651e-04	
4.757151e+01	2.461089e-04	
4.414605e+01	1.582015e-04	
4.578303e+01	1.182494e-04	
4.245968e+01	1.182529e-04	
4.405228e+01	7.885557e-05	
4.391831e+01	6.983248e-05	
4.557452e+01	1.361703e-04	
4.571100e+01	2.121702e-04	
5.437166e+01	8.015636e-05	
4.766982e+01	1.024246e-04	
4.422541e+01	4.258365e-05	
4.916354e+01	9.984864e-05	
5.103285e+01	1.859562e-04	
4.942125e+01	1.909916e-04	
4.427385e+01	9.648552e-05	
4.095567e+01	2.428049e-04	
3.733326e+01	1.857549e-04	
4.424945e+01	2.017481e-04	
4.601847e+01	1.979668e-04	
4.922405e+01	1.185926e-04	
4.387282e+01	2.005967e-04	
4.728346e+01	2.001456e-04	
4.757769e+01	1.438304e-04	
5.104730e+01	1.592569e-04	
5.621075e+01	2.547942e-04	
5.446619e+01	2.165562e-04	
5.095600e+01	2.767235e-04	
4.592129e+01	1.637608e-04	
4.575921e+01	2.611553e-04	
3.905658e+01	3.010365e-04	
4.939774e+01	1.951281e-04	
4.762726e+01	2.160604e-04	
4.576935e+01	2.414003e-04	
4.732474e+01	2.290519e-04	
4.588838e+01	1.892399e-04	
4.252815e+01	1.328463e-04	
4.258754e+01	2.441596e-04	
4.258572e+01	2.262193e-04	
4.242654e+01	1.302700e-04	
4.917095e+01	1.609830e-04	
4.913952e+01	6.559011e-05	
4.403802e+01	8.435710e-06	
4.741135e+01	7.985721e-05	
4.227394e+01	5.917705e-05	
4.223526e+01	1.478385e-04	
4.403327e+01	1.707209e-04	
4.413193e+01	1.099751e-04	
4.933084e+01	1.447302e-04	
4.927022e+01	1.502921e-04	
5.071730e+01	7.103088e-05	
4.898860e+01	1.262077e-05	
4.581213e+01	1.424596e-04	
4.909773e+01	1.363970e-04	
4.227429e+01	1.305105e-04	
3.889814e+01	1.212937e-04	
4.758878e+01	3.334129e-04	
4.924457e+01	2.441356e-04	
4.583730e+01	1.815963e-04	
4.236789e+01	3.151806e-04	
4.737279e+01	1.531764e-04	
4.761252e+01	2.504388e-04	
4.953928e+01	2.286574e-04	
5.120832e+01	2.273449e-04	
4.598227e+01	1.888028e-04	
5.103754e+01	1.957583e-04	
4.592630e+01	1.672235e-04	
4.743547e+01	1.855018e-04	
5.084444e+01	2.394213e-04	
4.770050e+01	1.782164e-04	
4.418413e+01	2.560217e-04	
4.747163e+01	2.895847e-04	
4.407093e+01	1.220222e-04	
4.586338e+01	2.017005e-04	
4.250896e+01	2.079463e-04	
4.752281e+01	2.037292e-04	
4.590400e+01	2.175105e-04	
4.910499e+01	2.179516e-04	
4.075888e+01	2.310849e-04	
4.582986e+01	1.972508e-04	
4.745550e+01	1.928854e-04	
4.573191e+01	2.100515e-04	
4.396756e+01	1.973728e-04	
4.563373e+01	1.524187e-04	
4.906082e+01	1.673970e-04	
4.572442e+01	1.756432e-04	
4.746487e+01	1.345571e-04	
4.741171e+01	1.880251e-04	
4.064083e+01	8.102295e-05	
4.894232e+01	2.021848e-04	
4.053721e+01	2.794877e-04	
4.395709e+01	2.277501e-04	
3.534225e+01	1.231726e-04	
3.551084e+01	1.504413e-04	
4.751029e+01	3.514182e-04	
4.751638e+01	3.394836e-04	
4.247321e+01	3.329971e-04	
4.573466e+01	3.030466e-04	
4.903613e+01	1.638821e-04	
4.761011e+01	7.866779e-05	
4.763953e+01	1.414510e-04	
4.934223e+01	1.620463e-04	
4.767215e+01	1.366791e-04	
4.753955e+01	1.307742e-04	
4.587142e+01	1.143894e-04	
4.738104e+01	1.619420e-04	
4.750249e+01	1.523653e-04	
4.580605e+01	1.631258e-04	
5.084729e+01	1.702174e-04	
4.578542e+01	2.544545e-04	
4.407286e+01	1.569538e-04	
4.241091e+01	1.541066e-04	
4.743089e+01	2.336899e-04	
4.739668e+01	1.355644e-04	
4.226381e+01	2.145027e-04	
4.577267e+01	2.365416e-04	
4.581726e+01	1.947168e-04	
4.585180e+01	1.936261e-04	
4.751787e+01	1.740990e-04	
4.413597e+01	1.756071e-04	
5.066321e+01	1.282881e-04	
4.729735e+01	1.869400e-04	
4.399318e+01	1.813258e-04	
4.567890e+01	1.825867e-04	
4.409240e+01	1.455117e-04	
4.578134e+01	1.124940e-04	
4.403870e+01	9.444942e-05	
4.740542e+01	9.800511e-05	
4.738712e+01	1.323512e-04	
4.393661e+01	1.310104e-04	
3.706451e+01	3.021126e-04	
4.077758e+01	3.742130e-04	
4.424333e+01	3.607296e-04	
4.755948e+01	1.666819e-04	
4.406530e+01	1.741930e-04	
4.407831e+01	3.020549e-04	
5.061751e+01	1.051468e-04	
4.244117e+01	6.170245e-05	
5.098329e+01	6.965004e-05	
5.088366e+01	7.665572e-05	
4.916830e+01	9.651233e-05	
4.918921e+01	1.393886e-04	
4.582188e+01	1.090313e-04	
4.744223e+01	1.207484e-04	
4.248289e+01	1.652669e-04	
4.586209e+01	1.564403e-04	
4.906416e+01	1.454404e-04	
4.733529e+01	1.575959e-04	
4.401245e+01	2.184390e-04	
4.911739e+01	2.585727e-04	
4.745857e+01	1.102703e-04	
5.069934e+01	1.605143e-04	
4.564851e+01	2.039897e-04	
4.564629e+01	2.363283e-04	
4.413616e+01	1.242528e-04	
4.753684e+01	2.097184e-04	
4.755293e+01	2.187435e-04	
4.414133e+01	1.819463e-04	
4.743335e+01	1.189530e-04	
3.900168e+01	1.409718e-04	
4.407384e+01	1.744822e-04	
4.585099e+01	1.852221e-04	
5.089496e+01	2.167880e-04	
5.417234e+01	1.620862e-04	
5.102431e+01	1.197470e-04	
4.588538e+01	5.815574e-05	
4.403617e+01	7.154694e-05	
4.062019e+01	3.901085e-05	
3.538505e+01	3.307530e-04	
3.730376e+01	3.845750e-04	
4.757532e+01	3.421666e-04	
4.416136e+01	2.860291e-04	
4.744841e+01	1.530787e-04	
4.739000e+01	1.801106e-04	
5.241805e+01	1.612895e-04	
4.731908e+01	1.734524e-04	
5.265509e+01	1.991351e-04	
5.253711e+01	1.859726e-04	
4.749937e+01	7.661487e-05	
4.749912e+01	1.216503e-04	
4.073533e+01	1.917754e-04	
4.586625e+01	1.358389e-04	
4.758612e+01	1.308548e-04	
3.922753e+01	9.293819e-05	
4.589609e+01	1.255457e-04	
4.236881e+01	1.476565e-04	
4.905844e+01	2.166714e-04	
4.921457e+01	1.718435e-04	
4.414554e+01	1.560127e-04	
4.579366e+01	1.958429e-04	
4.569569e+01	2.674994e-04	
5.243792e+01	1.467554e-04	
4.749544e+01	1.769886e-04	
4.585058e+01	2.168604e-04	
5.423910e+01	1.507501e-04	
4.586356e+01	1.524027e-04	
4.408300e+01	1.320318e-04	
4.564329e+01	9.878870e-05	
4.568245e+01	1.763255e-04	
4.742534e+01	1.261304e-04	
4.938143e+01	1.173588e-04	
4.944563e+01	1.578240e-04	
5.121471e+01	1.111881e-04	
4.781881e+01	7.346112e-05	
4.575934e+01	1.027360e-04	
4.568605e+01	1.308573e-04	
3.542696e+01	5.003859e-04	
3.721889e+01	2.790840e-04	
4.923330e+01	3.449434e-04	
4.419691e+01	2.713319e-04	
4.409360e+01	2.254136e-04	
4.577879e+01	2.481151e-04	
4.753490e+01	1.077391e-04	
4.749146e+01	2.124417e-04	
4.595640e+01	2.089935e-04	
4.608064e+01	7.446646e-05	
4.760557e+01	7.406708e-05	
5.102477e+01	8.627643e-05	
5.083764e+01	1.201385e-04	
4.743638e+01	1.360828e-04	
4.412820e+01	9.981267e-05	
4.586597e+01	7.097599e-05	
4.415750e+01	8.195703e-05	
4.071685e+01	1.396566e-04	
4.911082e+01	1.208723e-04	
4.409975e+01	1.510648e-04	
4.585118e+01	1.496117e-04	
4.752760e+01	1.629053e-04	
5.423506e+01	1.206741e-04	
4.589784e+01	2.163633e-04	
4.757723e+01	2.214559e-04	
4.585128e+01	2.175796e-04	
4.914898e+01	1.863643e-04	
4.582406e+01	1.366980e-04	
4.071995e+01	1.436136e-04	
4.900335e+01	1.080235e-04	
4.729995e+01	9.579398e-05	
4.749696e+01	8.728463e-05	
4.775683e+01	1.155692e-04	
4.953202e+01	1.217544e-04	
5.120905e+01	1.568243e-04	
4.615616e+01	8.879406e-05	
4.751992e+01	1.290093e-04	
4.898752e+01	1.298722e-04	
3.365643e+01	2.008448e-04	
3.708804e+01	3.313003e-04	
4.913906e+01	3.020084e-04	
4.916950e+01	2.750502e-04	
4.920865e+01	2.486992e-04	
4.595298e+01	2.076521e-04	
3.919212e+01	1.224853e-04	
4.766869e+01	1.771601e-04	
5.272361e+01	2.197226e-04	
4.782502e+01	6.055704e-05	
4.954754e+01	6.724932e-05	
4.606992e+01	9.368627e-05	
5.079912e+01	1.182712e-04	
4.902948e+01	1.608073e-04	
4.902109e+01	1.787401e-04	
4.742573e+01	1.620651e-04	
4.740116e+01	1.538571e-04	
4.736070e+01	1.651741e-04	
5.243168e+01	1.204432e-04	
4.755131e+01	1.550229e-04	
4.925637e+01	2.135221e-04	
4.927530e+01	1.550140e-04	
5.089747e+01	1.209141e-04	
4.931346e+01	1.532230e-04	
4.757952e+01	2.084108e-04	
4.580883e+01	1.231665e-04	
4.581272e+01	1.707690e-04	
4.745233e+01	2.021511e-04	
5.082407e+01	1.766429e-04	
4.907805e+01	1.432322e-04	
4.233584e+01	1.867554e-04	
5.075497e+01	1.594385e-04	
4.932452e+01	1.859378e-04	
5.283238e+01	2.011237e-04	
4.446122e+01	1.806246e-04	
4.595168e+01	2.260899e-04	
5.081516e+01	2.877935e-04	
4.063391e+01	2.106397e-04	
3.535766e+01	2.655986e-04	
4.218055e+01	1.259361e-04	
3.896715e+01	3.077604e-04	
4.742230e+01	2.864256e-04	
5.416926e+01	1.207434e-04	
4.597293e+01	2.129073e-04	
4.257184e+01	1.258504e-04	
4.759711e+01	1.664633e-04	
4.929928e+01	1.691047e-04	
5.111168e+01	3.576753e-05	
4.949090e+01	9.812108e-05	
4.599224e+01	1.473815e-04	
5.093107e+01	1.457295e-04	
4.904083e+01	2.335951e-04	
4.080592e+01	2.011274e-04	
5.085245e+01	2.174665e-04	
4.583191e+01	1.686636e-04	
4.575882e+01	1.839637e-04	
4.913155e+01	2.240869e-04	
4.245277e+01	1.754200e-04	
5.422767e+01	1.384718e-04	
5.084686e+01	1.348344e-04	
4.421343e+01	1.484052e-04	
4.425452e+01	1.473891e-04	
4.750981e+01	1.413139e-04	
5.250765e+01	1.413298e-04	
4.758619e+01	1.480696e-04	
4.585665e+01	1.459542e-04	
5.097821e+01	1.310896e-04	
4.255438e+01	1.648906e-04	
4.410957e+01	1.640030e-04	
4.413997e+01	1.955689e-04	
4.931346e+01	2.079433e-04	
4.926627e+01	2.009699e-04	
4.935796e+01	1.808576e-04	
4.925441e+01	1.933062e-04	
4.738086e+01	2.407878e-04	
4.237142e+01	2.544410e-04	
3.698945e+01	5.533454e-04	
4.061399e+01	2.780477e-04	
4.753028e+01	3.246086e-04	
4.596909e+01	2.698094e-04	
5.100961e+01	2.244358e-04	
4.764569e+01	2.194207e-04	
4.753122e+01	2.021741e-04	
4.401020e+01	1.016422e-04	
4.720286e+01	5.751770e-05	
4.917191e+01	1.753228e-04	
4.755924e+01	1.840511e-04	
4.594644e+01	1.488329e-04	
5.604220e+01	1.774804e-04	
5.098279e+01	1.194447e-04	
4.259648e+01	2.352990e-04	
4.425499e+01	2.443126e-04	
4.750484e+01	1.778174e-04	
4.247181e+01	1.518518e-04	
4.743883e+01	1.954436e-04	
4.748807e+01	1.845753e-04	
4.585415e+01	1.157795e-04	
4.420389e+01	1.309856e-04	
4.921253e+01	1.498175e-04	
4.923490e+01	1.230522e-04	
4.918626e+01	1.422680e-04	
5.254710e+01	1.717309e-04	
5.094874e+01	1.828005e-04	
4.933529e+01	1.334009e-04	
4.260579e+01	1.766544e-04	
4.934719e+01	1.979650e-04	
4.921056e+01	1.298723e-04	
5.081197e+01	1.579707e-04	
4.582579e+01	1.865484e-04	
4.420698e+01	1.998565e-04	
5.080636e+01	2.501124e-04	
5.081357e+01	1.355073e-04	
4.414291e+01	1.729781e-04	
4.415949e+01	1.730158e-04	
3.729559e+01	5.050141e-04	
3.883321e+01	3.565431e-04	
4.591460e+01	3.181246e-04	
4.603232e+01	4.473687e-04	
4.764799e+01	1.972385e-04	
4.749810e+01	1.893808e-04	
4.573861e+01	2.564964e-04	
4.721121e+01	2.094177e-04	
3.550482e+01	1.571826e-04	
4.725413e+01	9.149095e-05	
4.758874e+01	2.122543e-04	
4.760990e+01	2.419388e-04	
4.766954e+01	2.027724e-04	
4.941451e+01	1.714027e-04	
5.108117e+01	1.842797e-04	
4.593403e+01	2.056194e-04	
4.750718e+01	1.816077e-04	
4.232541e+01	1.658644e-04	
4.399995e+01	1.285279e-04	
4.735972e+01	1.211981e-04	
4.241801e+01	1.553748e-04	
4.414527e+01	1.510655e-04	
5.255100e+01	1.946883e-04	
4.589979e+01	1.782962e-04	
4.754725e+01	1.726058e-04	
4.586043e+01	1.609249e-04	
4.761249e+01	1.704558e-04	
4.755452e+01	1.616128e-04	
5.099498e+01	1.705242e-04	
4.585767e+01	1.956273e-04	
4.753977e+01	1.641433e-04	
4.912956e+01	1.073953e-04	
4.746319e+01	1.796983e-04	
4.240475e+01	2.032644e-04	
4.743931e+01	1.894982e-04	
4.745150e+01	1.931703e-04	
4.576103e+01	2.588480e-04	
4.750877e+01	1.011594e-04	
3.373381e+01	4.150706e-04	
3.550579e+01	3.702369e-04	
4.762063e+01	2.484637e-04	
5.101872e+01	4.241996e-04	
4.258183e+01	1.567580e-04	
4.746203e+01	1.434482e-04	
4.565320e+01	2.907537e-04	
4.057811e+01	1.019775e-04	
3.889229e+01	1.463609e-04	
4.248314e+01	1.557204e-04	
4.757864e+01	2.134747e-04	
4.768552e+01	1.934895e-04	
4.931003e+01	2.157634e-04	
4.765460e+01	2.056782e-04	
4.926451e+01	1.929509e-04	
4.409655e+01	1.418873e-04	
4.572861e+01	2.256866e-04	
4.557594e+01	2.206247e-04	
4.395638e+01	1.574785e-04	
4.414187e+01	1.883879e-04	
4.750244e+01	1.422525e-04	
5.084669e+01	1.452752e-04	
4.418313e+01	1.603798e-04	
4.425814e+01	1.795588e-04	
4.419468e+01	1.629713e-04	
4.917150e+01	2.004562e-04	
4.245638e+01	2.025565e-04	
4.745932e+01	1.862653e-04	
5.255219e+01	1.470286e-04	
4.760491e+01	1.400563e-04	
4.756404e+01	1.825008e-04	
4.927692e+01	1.811822e-04	
4.904310e+01	3.259939e-04	
4.903163e+01	3.342329e-04	
4.902999e+01	2.895340e-04	
4.587434e+01	2.841492e-04	
4.582768e+01	1.317874e-04	
4.745564e+01	1.140748e-04	
3.523747e+01	2.621956e-04	
3.899663e+01	4.811334e-04	
4.756368e+01	2.154813e-04	
4.744192e+01	3.087879e-04	
4.743229e+01	1.113866e-04	
4.906077e+01	1.620067e-04	
4.244687e+01	2.476942e-04	
4.225872e+01	1.713845e-04	
4.061538e+01	1.575104e-04	
4.747982e+01	1.673927e-04	
4.239438e+01	1.697437e-04	
4.756309e+01	1.756381e-04	
4.931624e+01	1.561218e-04	
4.930885e+01	1.504722e-04	
4.918752e+01	1.829344e-04	
4.577808e+01	1.500557e-04	
4.227067e+01	1.803454e-04	
4.236697e+01	1.636448e-04	
4.244786e+01	1.606879e-04	
4.258535e+01	1.617465e-04	
4.597277e+01	1.633194e-04	
4.425042e+01	1.504355e-04	
4.922604e+01	1.329626e-04	
4.576998e+01	1.786087e-04	
4.577046e+01	1.750125e-04	
5.065682e+01	1.144585e-04	
5.232539e+01	1.483254e-04	
4.408707e+01	1.917726e-04	
4.605069e+01	1.241531e-04	
4.772899e+01	1.568993e-04	
4.775756e+01	2.085588e-04	
4.765982e+01	1.924901e-04	
4.404484e+01	2.994029e-04	
4.568680e+01	2.676370e-04	
4.758089e+01	2.267365e-04	
4.262229e+01	2.463087e-04	
5.095795e+01	2.511499e-04	
4.757486e+01	2.386140e-04	
3.882859e+01	4.792511e-04	
3.715792e+01	4.272474e-04	
4.239281e+01	4.360075e-04	
4.905536e+01	4.283843e-04	
4.579211e+01	1.233258e-04	
4.248173e+01	1.327140e-04	
4.586210e+01	1.500911e-04	
4.744736e+01	5.237015e-05	
4.065000e+01	1.352250e-04	
4.399185e+01	1.484449e-04	
4.398410e+01	2.584052e-04	
4.900934e+01	2.680688e-04	
4.412253e+01	2.008136e-04	
4.579144e+01	1.620405e-04	
4.755146e+01	1.974490e-04	
4.732880e+01	1.797148e-04	
4.910289e+01	1.834371e-04	
4.576710e+01	1.103136e-04	
4.411652e+01	1.547258e-04	
4.427327e+01	1.557058e-04	
5.437759e+01	1.097027e-04	
4.919818e+01	9.023237e-05	
4.892941e+01	1.550929e-04	
4.897092e+01	2.597262e-04	
4.731320e+01	2.310985e-04	
4.735555e+01	9.884200e-05	
4.894532e+01	1.398973e-04	
4.911040e+01	1.537151e-04	
4.777414e+01	1.482805e-04	
4.950980e+01	1.460174e-04	
4.778543e+01	2.337984e-04	
4.596313e+01	2.464424e-04	
4.730426e+01	1.462763e-04	
5.068580e+01	2.838789e-04	
4.590861e+01	2.865314e-04	
5.103904e+01	2.813648e-04	
5.108995e+01	2.980781e-04	
4.592086e+01	3.579219e-04	
3.531678e+01	4.527900e-04	
3.706475e+01	1.098939e-05	
4.237149e+01	1.785646e-04	
4.234834e+01	4.774219e-04	
4.739737e+01	9.228434e-05	
4.086385e+01	1.843962e-04	
4.254212e+01	1.514392e-04	
4.747458e+01	1.132330e-04	
4.737804e+01	1.646060e-04	
4.571682e+01	1.656063e-04	
4.895954e+01	1.753444e-04	
4.403255e+01	2.614973e-04	
4.069935e+01	1.894623e-04	
4.421732e+01	1.558628e-04	
4.590192e+01	1.624543e-04	
4.579236e+01	1.836466e-04	
4.903237e+01	1.027577e-04	
4.413840e+01	1.013845e-04	
5.419488e+01	1.445556e-04	
5.097122e+01	1.751497e-04	
4.591739e+01	1.342880e-04	
4.590013e+01	1.251266e-04	
4.408967e+01	1.560845e-04	
4.723240e+01	1.676595e-04	
4.240982e+01	1.070185e-04	
4.243708e+01	1.114266e-04	
4.405850e+01	1.040464e-04	
4.915211e+01	2.235695e-04	
4.590137e+01	1.903283e-04	
4.946222e+01	1.447379e-04	
5.109855e+01	1.971207e-04	
4.404857e+01	1.485501e-04	
4.560791e+01	1.183963e-04	
4.574154e+01	3.295205e-04	
4.765330e+01	2.531030e-04	
4.611208e+01	2.095344e-04	
4.601493e+01	3.084758e-04	
4.578707e+01	2.744846e-04	
4.064065e+01	4.223949e-04	
3.895734e+01	2.323242e-04	
3.899314e+01	3.884798e-04	
4.733094e+01	1.988363e-04	
4.397670e+01	7.351532e-05	
4.751547e+01	1.282833e-04	
4.423214e+01	2.055312e-04	
4.743672e+01	2.144697e-04	
4.585011e+01	1.488855e-04	
4.413324e+01	1.691855e-04	
4.573988e+01	1.979881e-04	
4.577440e+01	2.394859e-04	
4.413640e+01	2.153322e-04	
4.923199e+01	1.557234e-04	
4.759233e+01	1.541275e-04	
4.745342e+01	1.447603e-04	
4.923004e+01	1.640353e-04	
4.582396e+01	1.396834e-04	
4.410881e+01	1.486112e-04	
4.578964e+01	1.534460e-04	
4.928744e+01	1.769970e-04	
4.596276e+01	1.376721e-04	
4.747743e+01	1.163109e-04	
4.737075e+01	1.846067e-05	
4.411329e+01	9.653764e-05	
4.248062e+01	1.179778e-04	
4.410715e+01	1.266364e-04	
4.899816e+01	1.287250e-04	
5.083051e+01	1.426635e-04	
4.924711e+01	1.226494e-04	
4.920660e+01	1.245049e-04	
4.741247e+01	1.541831e-04	
4.396543e+01	9.823625e-05	
4.907906e+01	1.161720e-04	
4.251220e+01	2.201923e-04	
4.417086e+01	1.474566e-04	
5.083026e+01	3.045522e-04	
4.750878e+01	3.235551e-04	
3.890177e+01	2.009142e-04	
4.054695e+01	2.771035e-04	
3.893479e+01	5.384728e-04	
4.397871e+01	2.333936e-04	
4.232544e+01	1.730954e-04	
4.408902e+01	1.795755e-04	
4.738636e+01	2.504242e-04	
5.082102e+01	2.439401e-04	
4.929597e+01	1.923989e-04	
4.946596e+01	2.556621e-04	
4.607066e+01	2.364038e-04	
5.245170e+01	1.429458e-04	
5.251245e+01	1.800705e-04	
4.758002e+01	1.108681e-04	
4.595293e+01	1.067606e-04	
4.932248e+01	8.694484e-05	
4.749996e+01	1.281598e-04	
5.071759e+01	9.852106e-05	
4.745049e+01	6.794269e-05	
4.243998e+01	1.260525e-04	
4.424105e+01	1.349750e-04	
4.426554e+01	1.347446e-04	
5.256813e+01	2.934871e-05	
4.921044e+01	3.418837e-05	
4.245331e+01	1.008711e-04	
4.749031e+01	1.077056e-04	
4.404104e+01	1.579255e-04	
4.899576e+01	4.133921e-05	
5.083983e+01	1.203986e-04	
4.921626e+01	8.367257e-05	
4.913493e+01	1.497653e-04	
4.410301e+01	1.480592e-04	
4.068976e+01	6.796074e-05	
5.081844e+01	1.480426e-04	
4.584209e+01	2.230134e-04	
5.249004e+01	1.223478e-04	
4.742766e+01	2.791648e-04	
4.243391e+01	1.144703e-04	
3.897067e+01	1.987288e-04	
4.226530e+01	3.938504e-04	
4.919066e+01	6.593195e-04	
4.424344e+01	2.822553e-04	
4.758803e+01	2.453460e-04	
4.909440e+01	2.432963e-04	
4.745512e+01	1.781282e-04	
4.748019e+01	1.947910e-04	
4.594559e+01	2.565342e-04	
4.604159e+01	2.394554e-04	
4.940872e+01	2.515251e-04	
4.921299e+01	1.473365e-04	
4.251269e+01	1.783997e-04	
4.939583e+01	1.521088e-04	
5.276028e+01	1.370155e-04	
4.599283e+01	1.032365e-04	
4.921450e+01	9.494348e-05	
4.745950e+01	1.081754e-04	
4.565764e+01	4.170356e-05	
4.557534e+01	7.707314e-05	
5.066596e+01	1.645833e-04	
4.912546e+01	1.000759e-04	
4.754965e+01	5.702892e-05	
4.099958e+01	4.689398e-05	
4.928676e+01	4.408028e-05	
4.583070e+01	1.050822e-04	
5.068559e+01	8.125911e-05	
4.578921e+01	8.632076e-05	
4.268953e+01	1.057541e-04	
4.772346e+01	6.311306e-05	
4.587743e+01	3.362667e-05	
4.737934e+01	1.351435e-04	
4.748970e+01	8.520636e-05	
4.419397e+01	1.281506e-04	
4.590704e+01	1.760467e-04	
4.581806e+01	1.273721e-04	
4.913895e+01	2.123388e-04	
4.078001e+01	3.752788e-04	
4.064280e+01	1.342713e-04	
3.887301e+01	4.575472e-04	
4.590391e+01	4.691047e-04	
4.424954e+01	1.519520e-04	
4.597514e+01	2.506495e-04	
4.412892e+01	2.361892e-04	
4.915790e+01	1.913945e-04	
4.576952e+01	1.830036e-04	
4.589303e+01	2.219925e-04	
4.770794e+01	1.803361e-04	
4.593666e+01	1.930562e-04	
4.572365e+01	1.812365e-04	
4.248989e+01	1.814251e-04	
4.774617e+01	1.402449e-04	
5.108312e+01	1.230616e-04	
4.773944e+01	9.976394e-05	
4.936195e+01	8.742046e-05	
4.571011e+01	1.350673e-04	
4.239347e+01	1.213171e-04	
4.069620e+01	1.476404e-04	
4.898954e+01	1.434448e-04	
5.093154e+01	1.020292e-04	
4.791226e+01	4.843058e-05	
5.121294e+01	5.306288e-05	
4.428923e+01	5.425497e-05	
4.235959e+01	2.314047e-05	
4.899101e+01	7.040533e-05	
4.249372e+01	6.829171e-05	
4.431412e+01	7.987667e-05	
5.103083e+01	7.909519e-05	
5.417822e+01	4.148516e-06	
4.583358e+01	4.424389e-05	
4.597853e+01	6.401170e-05	
4.092649e+01	3.520367e-05	
4.594971e+01	1.204974e-04	
4.918256e+01	1.109741e-04	
4.410633e+01	2.327239e-04	
4.583933e+01	3.216279e-04	
3.722364e+01	1.032583e-04	
3.544834e+01	3.085224e-04	
4.591756e+01	2.063680e-04	
4.758213e+01	3.127678e-04	
4.427927e+01	1.681219e-04	
4.919181e+01	1.610835e-04	
4.241490e+01	1.703882e-04	
5.083030e+01	2.200924e-04	
5.079683e+01	2.188308e-04	
4.556490e+01	1.723725e-04	
4.413866e+01	2.019522e-04	
4.561427e+01	1.954851e-04	
4.402757e+01	1.287428e-04	
4.932074e+01	9.470625e-05	
4.935962e+01	1.113107e-04	
4.593646e+01	1.285921e-04	
4.913330e+01	1.087985e-04	
4.915194e+01	2.754098e-05	
4.580812e+01	6.647932e-05	
4.072334e+01	1.346245e-04	
4.402676e+01	5.343697e-05	
5.091801e+01	7.268348e-05	
4.794978e+01	4.628195e-05	
5.292963e+01	3.135311e-05	
5.099869e+01	3.658507e-05	
4.398404e+01	2.824323e-05	
4.712480e+01	2.658893e-05	
4.406281e+01	1.018543e-04	
4.931909e+01	8.138572e-05	
4.590346e+01	1.606675e-06	
4.916107e+01	2.568086e-05	
4.407986e+01	2.093411e-05	
4.421104e+01	1.030668e-04	
4.926929e+01	1.066685e-04	
4.920886e+01	1.186843e-04	
4.922517e+01	8.543263e-05	
4.751904e+01	1.952281e-04	
5.089921e+01	1.641736e-04	
3.735693e+01	4.328273e-04	
3.389629e+01	2.888059e-04	
5.097711e+01	1.717349e-04	
4.590381e+01	1.220531e-04	
4.582929e+01	2.269053e-04	
4.749524e+01	1.789260e-04	
4.247837e+01	2.067992e-04	
4.408701e+01	1.700056e-04	
4.746804e+01	1.358021e-04	
4.722628e+01	2.310102e-04	
4.209675e+01	1.992778e-04	
4.042648e+01	1.941718e-04	
4.733519e+01	1.815906e-04	
4.754635e+01	1.105420e-04	
4.602393e+01	1.326282e-04	
4.755695e+01	9.843938e-05	
4.581525e+01	9.720099e-05	
4.917346e+01	4.352251e-05	
4.584064e+01	9.250426e-05	
5.082125e+01	4.829959e-05	
4.743902e+01	5.179867e-05	
4.930642e+01	9.000117e-05	
4.428793e+01	6.196982e-05	
4.926933e+01	3.914755e-05	
4.917880e+01	2.066174e-07	
4.373733e+01	1.285611e-05	
4.209842e+01	1.493921e-05	
4.230270e+01	5.872473e-05	
4.916910e+01	6.914202e-05	
4.583792e+01	3.985052e-05	
4.410711e+01	2.771280e-05	
4.917035e+01	2.757013e-05	
5.075453e+01	2.007296e-05	
4.746844e+01	5.018373e-05	
5.250730e+01	1.101772e-04	
4.248725e+01	3.471561e-05	
4.922937e+01	8.624433e-05	
5.095144e+01	1.212451e-05	
3.712542e+01	2.069081e-04	
3.543397e+01	4.201440e-04	
3.906064e+01	2.231661e-04	
4.744308e+01	1.531110e-04	
4.738696e+01	1.196322e-04	
4.909035e+01	2.008436e-04	
4.590383e+01	1.774678e-04	
5.096892e+01	1.826980e-04	
5.279570e+01	1.893335e-04	
4.767042e+01	1.956305e-04	
4.570170e+01	2.228877e-04	
4.883935e+01	1.562319e-04	
4.564790e+01	1.711571e-04	
4.587058e+01	1.087612e-04	
4.424660e+01	9.376263e-05	
5.096436e+01	9.457217e-05	
5.243229e+01	8.660676e-05	
4.405216e+01	6.927641e-05	
4.925406e+01	8.550638e-05	
4.923209e+01	6.435534e-05	
4.761131e+01	1.302675e-06	
4.926720e+01	7.194735e-05	
5.262268e+01	2.421813e-05	
5.263062e+01	2.900182e-05	
4.912136e+01	9.378063e-07	
4.385316e+01	1.671141e-05	
4.374499e+01	3.083969e-05	
4.397597e+01	1.313972e-05	
4.912748e+01	1.358494e-05	
4.922705e+01	1.791080e-06	
4.756750e+01	2.248310e-05	
4.583706e+01	3.034851e-05	
4.924315e+01	2.843474e-05	
4.744868e+01	6.118613e-05	
4.750383e+01	1.025724e-04	
4.759359e+01	5.602390e-05	
4.591670e+01	8.037364e-05	
4.411808e+01	7.388198e-05	
3.719584e+01	1.825377e-04	
3.898365e+01	4.098491e-04	
4.737280e+01	2.197825e-04	
4.904610e+01	2.295109e-04	
4.564203e+01	8.983732e-05	
4.740368e+01	2.634758e-04	
5.268057e+01	1.125961e-04	
5.446867e+01	2.045731e-04	
4.964711e+01	1.933968e-04	
5.460957e+01	1.818055e-04	
4.255265e+01	1.839598e-04	
4.558295e+01	1.265906e-04	
4.069598e+01	1.136329e-04	
4.763845e+01	1.073534e-04	
4.758703e+01	9.238433e-05	
4.593297e+01	8.823254e-05	
4.574273e+01	6.000791e-05	
4.745269e+01	6.272021e-05	
4.751258e+01	8.228510e-05	
4.943902e+01	1.172239e-05	
4.601513e+01	2.307191e-05	
4.767588e+01	5.722613e-05	
5.109392e+01	7.814817e-05	
4.607197e+01	6.049619e-05	
4.743391e+01	1.370176e-05	
5.258197e+01	9.109033e-07	
4.733548e+01	4.485473e-06	
4.908414e+01	3.199961e-05	
4.416162e+01	3.133261e-05	
5.259376e+01	3.141100e-05	
4.765568e+01	2.881239e-05	
4.932009e+01	2.131733e-05	
5.085693e+01	3.878486e-06	
5.255548e+01	5.796257e-06	
4.417387e+01	8.228829e-05	
4.750959e+01	1.900852e-05	
4.910897e+01	6.099580e-05	
4.738918e+01	8.554064e-05	
3.869773e+01	2.178645e-04	
3.708530e+01	3.530732e-04	
4.577085e+01	3.244594e-04	
4.399422e+01	2.224110e-04	
4.236455e+01	2.158002e-04	
4.409305e+01	2.622985e-04	
5.099342e+01	1.224992e-04	
4.957654e+01	1.184228e-04	
4.967605e+01	1.833308e-04	
5.131153e+01	1.700941e-04	
4.763812e+01	1.553862e-04	
4.044786e+01	1.302614e-04	
4.377592e+01	1.325350e-04	
4.583513e+01	7.604459e-05	
4.435268e+01	8.271619e-05	
4.931414e+01	9.472089e-05	
4.403680e+01	8.247852e-05	
4.577915e+01	6.201249e-05	
4.601909e+01	2.564338e-05	
4.774041e+01	6.352451e-06	
4.934643e+01	1.142126e-05	
4.760222e+01	1.484036e-05	
4.945995e+01	6.236387e-05	
4.601009e+01	6.300641e-06	
4.434294e+01	2.900399e-06	
4.597614e+01	4.481117e-06	
4.749466e+01	6.939946e-06	
4.924917e+01	3.623695e-05	
5.102161e+01	1.332305e-06	
4.763947e+01	4.161261e-05	
4.599396e+01	6.203418e-05	
4.602669e+01	2.619475e-05	
5.103739e+01	3.634712e-05	
4.940737e+01	6.082358e-05	
5.433527e+01	7.650909e-05	
5.424654e+01	5.377131e-05	
4.908136e+01	9.644045e-05	
4.397343e+01	8.331126e-05	
4.222055e+01	2.361928e-04	
3.538971e+01	6.481357e-04	
4.237685e+01	3.483466e-04	
4.759758e+01	1.607137e-04	
4.753303e+01	1.810879e-04	
4.573117e+01	2.511260e-04	
5.246481e+01	7.060062e-05	
4.598172e+01	1.195988e-04	
5.289839e+01	1.279270e-04	
5.292282e+01	1.784385e-04	
4.736276e+01	1.642371e-04	
4.723969e+01	1.246985e-04	
4.227792e+01	1.866938e-05	
5.091358e+01	7.868823e-05	
4.605029e+01	8.054462e-05	
4.595415e+01	8.930201e-05	
4.576659e+01	8.107129e-05	
4.737720e+01	7.257160e-05	
4.913979e+01	1.871272e-05	
4.416157e+01	1.305356e-05	
4.251576e+01	1.175128e-06	
4.751138e+01	4.266784e-05	
5.085504e+01	4.390181e-05	
4.588015e+01	2.569646e-05	
4.924789e+01	7.682601e-06	
4.418280e+01	3.244081e-05	
4.747670e+01	1.790292e-05	
4.925890e+01	4.123799e-05	
4.424136e+01	4.972642e-05	
4.758601e+01	2.190701e-05	
4.918134e+01	3.043763e-05	
4.925106e+01	4.475663e-05	
4.597365e+01	5.813840e-05	
5.104455e+01	5.468874e-05	
4.939269e+01	6.102975e-05	
5.261860e+01	5.864950e-05	
5.082721e+01	1.175531e-05	
4.064470e+01	5.410492e-05	
3.377577e+01	9.623848e-06	
3.366565e+01	5.260562e-04	
4.590369e+01	6.420778e-05	
4.422800e+01	1.364914e-04	
4.590514e+01	1.539700e-04	
5.235579e+01	1.800504e-05	
4.908179e+01	6.818462e-05	
5.273261e+01	7.949577e-05	
4.613461e+01	1.613184e-04	
4.943141e+01	1.792624e-04	
4.570746e+01	1.459278e-04	
4.376265e+01	1.208414e-04	
4.736851e+01	1.228192e-04	
4.593131e+01	1.276914e-04	
4.603431e+01	1.383688e-04	
4.772679e+01	8.671591e-05	
4.585308e+01	1.314601e-04	
5.067909e+01	3.304507e-05	
4.908086e+01	7.073181e-05	
5.574289e+01	1.021256e-04	
5.235385e+01	1.147510e-04	
4.716356e+01	7.454065e-05	
4.221046e+01	3.444839e-05	
5.076807e+01	1.974486e-05	
4.399729e+01	6.024698e-06	
4.911128e+01	2.699102e-05	
4.758015e+01	2.777240e-05	
4.942187e+01	6.398511e-05	
4.779686e+01	3.523572e-05	
4.924060e+01	7.604855e-05	
5.251606e+01	3.660697e-05	
4.746934e+01	3.264904e-05	
5.099391e+01	3.445595e-05	
4.773066e+01	3.700744e-05	
4.441209e+01	7.581717e-06	
4.771725e+01	8.332048e-06	
4.418443e+01	5.815382e-05	
4.415618e+01	4.019773e-05	
4.064348e+01	4.713358e-05	
4.216658e+01	7.358075e-04	
4.250549e+01	3.657021e-05	
4.418050e+01	1.106712e-04	
4.241211e+01	1.650513e-04	
4.728803e+01	6.851171e-05	
4.406066e+01	7.480935e-05	
4.761962e+01	1.472664e-04	
4.588315e+01	1.280902e-04	
4.405286e+01	1.376394e-04	
4.568498e+01	1.665439e-04	
4.217959e+01	6.604230e-05	
4.570534e+01	1.174973e-04	
4.766739e+01	9.564309e-05	
4.938024e+01	8.706837e-05	
5.091951e+01	1.009970e-04	
4.577610e+01	4.961689e-05	
5.426774e+01	7.096295e-05	
4.597073e+01	6.499469e-05	
4.745794e+01	1.103168e-04	
4.404866e+01	7.396579e-05	
4.384587e+01	1.049252e-04	
4.553385e+01	7.130862e-05	
4.220088e+01	8.472516e-05	
4.390348e+01	4.027293e-05	
5.075038e+01	6.081930e-06	
4.590895e+01	2.966378e-05	
4.611882e+01	5.489676e-05	
4.947717e+01	5.155267e-05	
4.592648e+01	6.439809e-05	
4.911342e+01	8.566463e-05	
4.740063e+01	9.373234e-06	
4.747647e+01	7.248020e-05	
4.766322e+01	5.536357e-05	
4.769468e+01	4.260834e-05	
4.770362e+01	4.435912e-05	
4.764455e+01	1.814915e-04	
5.091038e+01	3.394404e-04	
3.704053e+01	7.905390e-05	
3.715621e+01	5.278245e-04	
4.568991e+01	1.892764e-04	
4.911630e+01	2.119613e-04	
4.234638e+01	1.939928e-04	
4.730509e+01	4.658175e-05	
4.238993e+01	2.655635e-05	
4.587346e+01	1.026442e-04	
4.746641e+01	1.388734e-04	
4.737173e+01	1.256960e-04	
4.219613e+01	1.591402e-04	
4.227059e+01	9.273844e-05	
4.414480e+01	7.245974e-05	
4.421518e+01	3.783318e-05	
4.753758e+01	9.404440e-05	
4.742040e+01	7.209444e-05	
4.750997e+01	4.169349e-05	
4.599388e+01	7.498767e-05	
4.434782e+01	5.234481e-05	
4.430580e+01	3.578127e-05	
4.077129e+01	6.473025e-05	
4.228727e+01	9.089801e-05	
3.554904e+01	7.419988e-05	
3.890831e+01	6.885098e-06	
4.727337e+01	2.493945e-05	
4.576214e+01	2.803915e-05	
4.268411e+01	6.646656e-06	
4.946693e+01	4.098279e-05	
4.778611e+01	3.686663e-05	
4.246926e+01	1.351786e-06	
4.066148e+01	4.193254e-05	
4.571828e+01	9.239484e-06	
4.564448e+01	8.518946e-06	
4.570037e+01	1.962600e-05	
4.745643e+01	3.905288e-05	
4.935307e+01	6.433491e-05	
5.106272e+01	1.236363e-04	
4.575678e+01	3.896472e-06	
3.543001e+01	2.191442e-04	
2.501438e+01	4.518473e-05	
3.017166e+01	2.986074e-05	
3.708446e+01	2.394587e-04	
3.531908e+01	7.875412e-05	
4.057622e+01	9.873666e-05	
3.562806e+01	3.100014e-05	
3.214928e+01	3.366146e-05	
3.719146e+01	2.819121e-05	
3.193598e+01	7.895600e-05	
4.040862e+01	3.183811e-05	
3.870453e+01	7.705853e-06	
3.723861e+01	6.701617e-05	
3.531098e+01	2.459678e-05	
3.546383e+01	3.594567e-05	
4.058058e+01	6.691727e-05	
3.714285e+01	1.825773e-05	
4.070199e+01	2.397386e-05	
4.257336e+01	5.287674e-05	
3.896750e+01	6.062052e-06	
3.882241e+01	1.923978e-05	
4.399049e+01	2.790309e-05	
3.540927e+01	4.394165e-05	
3.711447e+01	4.318061e-05	
3.535230e+01	3.995788e-05	
3.542636e+01	4.366114e-05	
3.718235e+01	3.927704e-05	
4.419977e+01	7.075138e-05	
4.048857e+01	1.490180e-05	
4.405349e+01	9.805927e-06	
3.893986e+01	1.990502e-05	
3.205866e+01	6.412810e-05	
3.186305e+01	1.160725e-05	
3.697531e+01	5.007077e-06	
4.058418e+01	2.763330e-05	
3.722743e+01	3.001660e-05	
4.072033e+01	2.657560e-05	
3.731721e+01	2.476318e-05	
3.198244e+01	2.570476e-04	
