1.945746e-02	3.252596e-06	
1.960727e-02	6.763295e-05	
1.555412e-02	3.378642e-05	
1.362248e-02	1.574759e-05	
1.567312e-02	4.689010e-07	
1.748806e-02	1.304682e-05	
1.645085e-02	5.381032e-05	
1.529508e-02	6.604440e-05	
1.988483e-02	5.802211e-05	
1.918416e-02	3.769220e-06	
1.388205e-02	2.580288e-05	
2.251206e-02	1.811318e-05	
1.649089e-02	1.967390e-05	
1.533583e-02	1.873190e-04	
1.787512e-02	1.372274e-04	
2.043382e-02	1.323904e-04	
1.688087e-02	1.955100e-04	
1.529215e-02	1.386764e-04	
1.185138e-02	6.625465e-05	
1.917695e-02	1.263954e-04	
1.986074e-02	1.197400e-04	
1.083009e-02	4.356452e-05	
1.775020e-02	1.159586e-04	
1.086071e-02	1.451042e-04	
1.059791e-02	1.376134e-05	
1.750868e-02	3.074305e-04	
1.903863e-02	1.482110e-04	
2.120509e-02	1.063433e-04	
1.696605e-02	1.963653e-04	
1.584872e-02	7.860426e-05	
1.680905e-02	1.533874e-04	
1.454031e-02	1.410783e-04	
1.092655e-02	1.782664e-04	
2.036528e-02	4.624109e-05	
1.779911e-02	8.007602e-05	
1.107609e-02	3.891290e-05	
2.064790e-02	5.002054e-06	
1.882636e-02	6.170407e-06	
1.684786e-02	1.062429e-05	
1.760341e-02	3.765930e-05	
1.782117e-02	1.186585e-04	
1.766357e-02	3.483576e-05	
1.704928e-02	4.363766e-05	
1.685202e-02	2.993261e-06	
1.887608e-02	5.612335e-05	
1.484117e-02	9.281231e-05	
2.356109e-02	6.404513e-05	
1.986596e-02	5.810906e-05	
2.190384e-02	4.571081e-05	
1.943708e-02	1.830739e-05	
2.074295e-02	1.038651e-04	
1.671791e-02	1.077235e-04	
1.913108e-02	9.518295e-05	
1.640229e-02	9.396774e-05	
1.613301e-02	6.475582e-05	
1.865224e-02	1.943625e-04	
2.006179e-02	1.901057e-04	
1.945668e-02	1.805792e-04	
1.844228e-02	1.390089e-04	
1.898175e-02	9.339564e-05	
2.104425e-02	2.236986e-04	
1.690800e-02	9.343156e-05	
1.851360e-02	1.515056e-04	
1.854382e-02	1.016072e-04	
2.089187e-02	2.077371e-04	
1.414594e-02	2.989153e-04	
2.079799e-02	2.653555e-04	
1.848511e-02	1.822335e-04	
2.171670e-02	1.929307e-04	
1.582786e-02	1.009436e-04	
2.342864e-02	1.420939e-04	
2.468483e-02	1.753508e-05	
2.189001e-02	4.011191e-05	
1.714422e-02	2.180335e-05	
1.165521e-02	2.569759e-05	
1.753914e-02	2.864514e-05	
1.754369e-02	5.268224e-05	
1.888775e-02	5.646070e-05	
1.777209e-02	8.026499e-05	
2.003822e-02	5.465818e-05	
1.800677e-02	6.552095e-05	
2.049864e-02	6.859031e-05	
2.435315e-02	4.320490e-05	
1.272576e-02	3.925152e-06	
1.806577e-02	6.882288e-05	
1.520783e-02	5.257886e-05	
1.119660e-02	1.989531e-05	
2.301143e-02	6.911828e-06	
1.797907e-02	3.957015e-06	
1.745300e-02	4.361420e-05	
1.992803e-02	6.526758e-05	
1.424474e-02	2.898632e-05	
1.789556e-02	5.232107e-05	
2.217187e-02	7.648382e-05	
2.137847e-02	5.976462e-05	
1.706767e-02	6.089501e-05	
1.746528e-02	6.884127e-06	
1.981923e-02	1.546796e-04	
1.402171e-02	9.909861e-05	
1.613617e-02	8.210209e-05	
2.225055e-02	5.307363e-05	
1.875732e-02	5.637207e-05	
1.925209e-02	6.029846e-05	
1.956455e-02	1.122401e-04	
1.392849e-02	1.771725e-04	
1.769554e-02	1.772501e-04	
1.133636e-02	1.088341e-04	
1.861667e-02	7.188369e-05	
1.568221e-02	7.905335e-05	
2.367759e-02	7.433081e-05	
2.111035e-02	1.230423e-05	
1.318495e-02	4.888109e-05	
1.375131e-02	1.367798e-05	
1.228322e-02	9.052051e-06	
2.299579e-02	2.869694e-05	
1.708324e-02	1.849607e-04	
2.132343e-02	1.750926e-04	
2.019964e-02	9.977640e-05	
1.873547e-02	6.152053e-05	
1.577900e-02	5.143335e-05	
1.676019e-02	6.910850e-05	
1.986673e-02	4.952789e-05	
1.719082e-02	2.092390e-05	
1.562744e-02	1.180499e-04	
2.032756e-02	9.670056e-07	
1.657030e-02	1.590523e-05	
1.565461e-02	4.956870e-05	
1.937232e-02	6.025643e-06	
1.573086e-02	7.612536e-06	
1.554018e-02	5.135077e-05	
2.200333e-02	6.722950e-05	
1.650685e-02	2.482910e-05	
1.718524e-02	5.590861e-05	
1.578443e-02	1.861655e-05	
2.046017e-02	5.086618e-05	
1.928270e-02	2.181249e-05	
1.623157e-02	1.315248e-06	
1.275837e-02	6.496603e-05	
1.118008e-02	1.161943e-04	
1.834680e-02	6.910719e-05	
2.059732e-02	4.492179e-05	
1.712444e-02	6.585133e-05	
1.740162e-02	4.264555e-05	
1.880268e-02	9.231599e-05	
2.195489e-02	5.841559e-05	
2.005830e-02	3.436419e-05	
2.177216e-02	6.755412e-06	
2.085979e-02	9.025424e-05	
1.655339e-02	2.648575e-05	
1.165708e-02	4.421605e-05	
1.899648e-02	1.500463e-06	
1.372355e-02	1.721517e-06	
1.748106e-02	8.503678e-05	
2.117574e-02	1.592075e-04	
1.946903e-02	1.187018e-04	
1.977558e-02	7.710059e-05	
2.499164e-02	9.017483e-05	
2.112279e-02	7.880519e-05	
1.392096e-02	2.939652e-05	
1.945782e-02	5.277457e-05	
1.859693e-02	7.576647e-05	
1.270275e-02	2.643657e-05	
2.062482e-02	2.467797e-05	
1.875325e-02	2.695337e-05	
2.057361e-02	6.353109e-05	
1.780398e-02	6.380435e-05	
1.340415e-02	6.712013e-05	
2.120366e-02	2.369693e-05	
1.472738e-02	4.558308e-05	
1.405808e-02	4.450874e-05	
1.630908e-02	1.154286e-05	
1.727913e-02	1.270342e-05	
2.045267e-02	7.322877e-05	
1.604526e-02	6.148852e-06	
1.833357e-02	1.137696e-05	
2.117527e-02	2.910371e-05	
2.009544e-02	2.508866e-05	
2.045664e-02	1.545558e-05	
1.549852e-02	6.602131e-05	
1.771848e-02	9.722653e-05	
1.208529e-02	1.201908e-04	
1.635509e-02	8.680372e-05	
1.765606e-02	1.195000e-04	
2.059550e-02	1.411391e-05	
1.813094e-02	2.018690e-05	
1.627381e-02	1.457516e-06	
1.945790e-02	1.714673e-05	
1.591530e-02	4.695540e-05	
1.572885e-02	1.770262e-05	
1.982571e-02	3.283411e-05	
1.767419e-02	8.728624e-05	
1.773283e-02	1.299604e-04	
1.721294e-02	1.153670e-04	
1.875851e-02	1.491384e-04	
1.854400e-02	1.188551e-04	
1.780222e-02	8.536846e-05	
1.576352e-02	7.770921e-05	
1.673509e-02	7.277689e-05	
1.377335e-02	6.872698e-05	
1.565872e-02	1.207881e-05	
1.683979e-02	1.275652e-05	
1.313163e-02	7.800979e-06	
1.720893e-02	7.062395e-05	
1.638099e-02	3.443170e-05	
1.536982e-02	4.746514e-05	
1.518547e-02	2.947656e-05	
1.866063e-02	2.755814e-05	
1.925013e-02	3.777210e-05	
1.936361e-02	6.813812e-05	
2.059803e-02	8.597593e-07	
1.784716e-02	3.349716e-05	
1.748627e-02	4.543241e-06	
1.549407e-02	2.929955e-05	
1.849388e-02	4.184278e-05	
1.587059e-02	8.100432e-06	
1.913965e-02	1.563973e-05	
1.689843e-02	7.568568e-05	
1.812075e-02	7.274884e-05	
1.726447e-02	6.927538e-05	
1.324805e-02	1.277398e-04	
1.925785e-02	1.202260e-04	
1.543986e-02	1.057658e-04	
1.650422e-02	6.971742e-06	
1.529962e-02	1.096514e-05	
2.024132e-02	7.359100e-05	
1.970825e-02	1.923214e-05	
1.815435e-02	6.271567e-05	
1.988239e-02	4.611907e-05	
1.604958e-02	1.455802e-04	
1.706972e-02	1.814401e-04	
1.823540e-02	1.778452e-04	
2.037575e-02	7.880645e-05	
1.493452e-02	1.321488e-04	
1.870409e-02	6.933716e-05	
1.804077e-02	3.730696e-05	
1.833727e-02	8.906388e-05	
2.241765e-02	9.457960e-06	
1.294850e-02	3.776792e-05	
1.783985e-02	3.691445e-05	
1.963375e-02	2.652909e-05	
1.777324e-02	3.683290e-05	
1.455557e-02	5.662103e-05	
1.804273e-02	6.538149e-05	
2.016628e-02	2.561115e-05	
1.345603e-02	1.731009e-06	
1.710001e-02	2.761164e-05	
1.889055e-02	1.495305e-05	
1.936981e-02	2.667144e-05	
1.805604e-02	2.978640e-05	
1.973238e-02	1.666315e-05	
1.650250e-02	6.298825e-05	
2.128987e-02	7.040204e-05	
1.716921e-02	1.735497e-05	
1.554736e-02	6.942138e-05	
1.763078e-02	9.327191e-05	
2.283895e-02	8.281104e-05	
1.634857e-02	3.443642e-05	
1.742337e-02	5.175255e-05	
1.603303e-02	6.080039e-05	
1.582351e-02	4.760789e-05	
1.765291e-02	4.146832e-05	
2.170552e-02	2.437698e-05	
1.476972e-02	2.024913e-05	
1.905258e-02	1.040720e-05	
1.982166e-02	5.630100e-05	
1.746245e-02	9.101997e-05	
1.556704e-02	6.123689e-05	
1.837110e-02	1.840780e-04	
1.859755e-02	1.435604e-04	
1.486183e-02	9.216514e-05	
2.169710e-02	1.140241e-04	
1.415084e-02	3.711537e-05	
2.066344e-02	8.637989e-05	
9.821561e-03	1.520907e-04	
2.059317e-02	6.514002e-05	
1.849148e-02	1.323251e-04	
1.671320e-02	7.822324e-05	
1.953616e-02	5.164471e-05	
2.087720e-02	6.128315e-05	
2.006260e-02	5.970421e-05	
1.667950e-02	3.519767e-05	
2.060476e-02	3.276299e-05	
2.048459e-02	4.595048e-05	
1.868925e-02	4.193379e-05	
1.840470e-02	2.645228e-05	
1.835500e-02	5.570512e-05	
2.119825e-02	1.716834e-05	
1.405626e-02	3.834282e-06	
1.801885e-02	1.625882e-05	
1.468357e-02	1.883449e-05	
1.886184e-02	2.007802e-05	
1.091877e-02	7.173191e-05	
1.656777e-02	9.398835e-05	
1.572253e-02	8.412611e-05	
1.909511e-02	1.306342e-04	
1.409835e-02	7.531307e-05	
1.656474e-02	4.589701e-05	
1.897330e-02	1.220986e-04	
2.175659e-02	5.546690e-05	
1.908158e-02	3.376777e-05	
2.029364e-02	3.049376e-05	
1.341069e-02	5.945552e-05	
1.931944e-02	9.162769e-05	
2.145443e-02	2.608977e-05	
1.635525e-02	1.577801e-04	
1.264039e-02	2.088483e-04	
1.781983e-02	1.503808e-04	
1.981463e-02	1.684802e-04	
1.112039e-02	1.290528e-04	
1.826536e-02	7.515411e-05	
1.562050e-02	1.334907e-04	
1.685659e-02	1.051068e-04	
2.011065e-02	4.496199e-05	
9.041640e-03	4.733111e-05	
2.216825e-02	8.328068e-05	
1.945592e-02	7.214406e-05	
2.052997e-02	3.843747e-05	
1.550682e-02	8.962259e-06	
9.089311e-03	2.239720e-05	
1.989293e-02	3.861922e-05	
1.594807e-02	2.167645e-05	
1.951123e-02	6.000175e-05	
2.432275e-02	3.995432e-05	
2.306363e-02	1.357201e-05	
1.955512e-02	1.136025e-05	
1.935065e-02	3.437157e-05	
1.901395e-02	2.464631e-05	
1.749757e-02	7.940980e-06	
1.627655e-02	1.087629e-05	
1.595011e-02	3.118317e-05	
1.858383e-02	2.229890e-05	
1.756089e-02	1.559689e-04	
1.380915e-02	1.153813e-04	
1.546235e-02	8.661879e-05	
1.673223e-02	1.054383e-04	
2.105617e-02	8.877324e-05	
2.103787e-02	6.191007e-05	
2.044053e-02	5.384644e-05	
1.982442e-02	5.225019e-06	
1.798993e-02	6.414432e-05	
2.171813e-02	1.539803e-04	
1.569486e-02	7.079526e-05	
1.380453e-02	2.638386e-04	
1.126213e-02	2.573790e-04	
1.764437e-02	1.622917e-04	
2.138534e-02	2.345043e-04	
1.756050e-02	2.211492e-04	
1.882211e-02	3.584061e-05	
1.848827e-02	4.174735e-05	
1.541519e-02	1.136661e-04	
1.873303e-02	5.595234e-05	
1.460710e-02	5.601774e-05	
1.828580e-02	4.878082e-05	
1.245650e-02	8.354543e-05	
1.258684e-02	3.181060e-06	
2.039252e-02	2.130130e-05	
2.253196e-02	2.687112e-05	
1.960232e-02	3.485920e-05	
1.823515e-02	2.509952e-05	
2.056577e-02	4.470229e-05	
1.520336e-02	6.117645e-05	
1.471523e-02	4.902160e-05	
1.755708e-02	3.516028e-05	
2.059634e-02	1.678980e-05	
1.900642e-02	4.744320e-05	
1.843034e-02	4.617087e-05	
1.895308e-02	1.995544e-05	
1.728875e-02	8.561256e-06	
1.799549e-02	7.981983e-05	
1.618387e-02	7.213524e-05	
1.224477e-02	3.509819e-05	
1.584594e-02	1.608845e-05	
1.328345e-02	5.414216e-05	
1.895345e-02	4.303744e-05	
1.460907e-02	1.897972e-05	
1.547358e-02	2.488400e-05	
1.392084e-02	8.557821e-05	
1.672973e-02	2.154081e-05	
1.931448e-02	1.811412e-04	
2.118065e-02	8.662973e-05	
2.057110e-02	2.375184e-04	
1.895378e-02	3.209715e-04	
1.976319e-02	2.036027e-04	
1.627213e-02	2.074171e-04	
2.248381e-02	2.066684e-04	
1.715957e-02	3.595587e-05	
1.644458e-02	7.196718e-05	
1.647965e-02	1.206312e-04	
1.776527e-02	1.020628e-04	
1.498591e-02	6.872566e-05	
1.942213e-02	5.951200e-05	
1.913164e-02	1.524465e-05	
1.463343e-02	4.829424e-05	
2.084877e-02	4.749820e-05	
2.029961e-02	1.042600e-04	
1.708024e-02	7.268354e-05	
1.536338e-02	4.497925e-05	
1.694766e-02	5.840996e-05	
1.845431e-02	5.063371e-05	
1.632140e-02	4.350701e-05	
1.493058e-02	1.908099e-05	
2.048701e-02	1.506576e-05	
1.682666e-02	6.230556e-05	
1.479019e-02	1.258962e-05	
1.627580e-02	2.245227e-05	
1.650547e-02	1.999565e-05	
1.790988e-02	7.088689e-07	
1.601483e-02	3.433850e-05	
1.901269e-02	4.531355e-05	
1.592984e-02	4.697568e-05	
1.644008e-02	6.924520e-05	
2.192982e-02	4.541527e-05	
1.966378e-02	3.140909e-05	
1.429622e-02	6.522772e-05	
1.554162e-02	6.790984e-05	
1.775762e-02	5.939648e-05	
1.817258e-02	1.560556e-04	
1.421774e-02	1.280565e-04	
1.689369e-02	2.076480e-04	
1.320010e-02	2.754264e-04	
1.926582e-02	2.097355e-04	
2.260536e-02	1.636301e-04	
1.854319e-02	1.745684e-04	
2.242055e-02	6.576520e-05	
1.526435e-02	1.357652e-04	
1.567641e-02	9.406005e-05	
2.080378e-02	5.522263e-06	
2.176462e-02	4.277998e-05	
1.952876e-02	7.763612e-05	
1.557530e-02	1.582283e-05	
1.470027e-02	9.510519e-06	
1.954821e-02	5.861020e-05	
1.967475e-02	5.148972e-05	
1.896438e-02	6.084224e-05	
1.723009e-02	1.999874e-05	
1.543892e-02	4.026651e-05	
1.773438e-02	2.533617e-05	
1.839551e-02	6.611089e-05	
2.034218e-02	7.151176e-05	
1.608994e-02	8.038847e-05	
1.808996e-02	1.258664e-06	
1.916228e-02	9.462156e-05	
1.798856e-02	3.320512e-05	
2.162823e-02	3.653822e-05	
1.966602e-02	4.770582e-05	
1.672586e-02	3.466753e-05	
2.384411e-02	1.030635e-05	
1.662063e-02	1.687317e-05	
1.850504e-02	1.651590e-05	
1.671893e-02	1.519141e-05	
1.595766e-02	2.386602e-05	
2.266709e-02	3.020036e-06	
1.699093e-02	6.955290e-05	
1.624101e-02	7.895790e-06	
2.008609e-02	1.905140e-04	
1.812944e-02	1.343350e-04	
1.957114e-02	1.283814e-04	
1.352330e-02	2.074097e-04	
2.098146e-02	2.915428e-04	
1.972749e-02	2.135274e-04	
2.187279e-02	1.728740e-04	
2.017832e-02	5.005883e-05	
1.317256e-02	1.083891e-04	
1.987700e-02	1.061623e-04	
1.671584e-02	8.745186e-05	
1.721022e-02	1.021649e-04	
2.391500e-02	8.736625e-05	
1.286902e-02	6.150763e-05	
1.669659e-02	7.498702e-05	
2.067889e-02	2.732054e-05	
2.181100e-02	2.268259e-05	
1.934920e-02	5.569330e-05	
1.628970e-02	7.225974e-05	
2.150933e-02	5.177987e-05	
2.018753e-02	4.284135e-05	
1.953310e-02	7.625854e-05	
1.566675e-02	8.766462e-05	
1.911754e-02	1.709697e-05	
1.281497e-02	1.985448e-05	
2.183416e-02	8.547659e-05	
1.833997e-02	3.635796e-05	
1.774979e-02	1.440443e-05	
1.726055e-02	1.341131e-05	
2.130403e-02	2.792103e-05	
2.090151e-02	2.704491e-07	
1.811190e-02	4.292093e-06	
2.078088e-02	1.631231e-05	
1.610313e-02	6.636347e-05	
1.559891e-02	3.194648e-05	
2.094202e-02	3.753008e-06	
1.825910e-02	3.058319e-05	
1.459181e-02	3.658943e-05	
1.280055e-02	2.170329e-04	
1.777042e-02	2.043371e-04	
1.975079e-02	3.550420e-04	
2.066527e-02	2.941859e-04	
1.682989e-02	1.760805e-04	
1.758164e-02	2.401301e-04	
2.065615e-02	1.442489e-04	
1.206531e-02	1.574247e-06	
1.743505e-02	5.549353e-05	
1.803296e-02	1.200132e-04	
1.998658e-02	1.089330e-04	
1.862415e-02	1.295913e-04	
2.253876e-02	5.241903e-05	
2.000000e-02	6.984069e-05	
2.265163e-02	6.565648e-05	
1.470937e-02	5.334584e-05	
1.783646e-02	3.837714e-05	
2.081285e-02	4.293130e-05	
2.236657e-02	6.192933e-05	
1.302249e-02	5.490843e-05	
1.951258e-02	5.873254e-05	
1.584518e-02	7.240813e-05	
1.665998e-02	7.330110e-05	
1.995341e-02	5.901807e-05	
2.370181e-02	5.694402e-05	
1.670999e-02	7.323558e-05	
1.614382e-02	5.072657e-05	
1.877155e-02	2.467755e-05	
1.857047e-02	4.301175e-05	
1.527830e-02	4.023196e-05	
1.939536e-02	3.149265e-05	
1.781307e-02	1.190734e-05	
1.870305e-02	1.167667e-05	
1.618326e-02	6.333855e-05	
2.289250e-02	3.171539e-05	
1.947145e-02	1.785633e-05	
1.923762e-02	1.532676e-05	
1.914749e-02	6.595449e-05	
1.953313e-02	2.492526e-04	
1.874153e-02	1.452834e-04	
2.269044e-02	3.110054e-04	
1.988373e-02	2.491992e-04	
1.785665e-02	2.645350e-04	
2.027105e-02	1.349285e-04	
1.415038e-02	1.630701e-04	
1.268561e-02	8.501788e-05	
1.813153e-02	1.523472e-04	
1.752177e-02	1.046989e-04	
9.226736e-03	1.255089e-04	
1.966488e-02	9.982503e-05	
2.200059e-02	6.915843e-05	
1.772635e-02	2.574481e-05	
1.851695e-02	3.602005e-05	
1.699770e-02	9.028289e-05	
1.693502e-02	5.684504e-05	
2.139558e-02	1.055991e-05	
1.640399e-02	9.452316e-05	
2.121881e-02	6.986122e-05	
2.201068e-02	6.417946e-05	
1.904445e-02	3.838563e-05	
1.971094e-02	3.407244e-05	
2.105106e-02	6.620716e-05	
2.174213e-02	3.781234e-05	
1.161570e-02	3.953566e-05	
1.314486e-02	5.946116e-05	
1.335747e-02	3.439461e-05	
1.831201e-02	7.253093e-05	
1.629266e-02	8.790774e-05	
2.103087e-02	8.804837e-05	
1.598292e-02	5.577250e-05	
1.838367e-02	7.212667e-05	
2.280633e-02	3.882583e-05	
1.284476e-02	5.387907e-05	
2.059218e-02	3.007574e-05	
1.504820e-02	9.446255e-06	
2.006636e-02	3.853287e-05	
1.519718e-02	2.423017e-04	
1.497779e-02	3.629361e-04	
1.442352e-02	3.918643e-04	
1.669650e-02	3.194809e-04	
1.601434e-02	2.335418e-04	
1.324948e-02	2.252548e-04	
1.901622e-02	1.882636e-04	
2.079300e-02	1.618699e-04	
2.034381e-02	1.796501e-04	
1.552872e-02	9.550975e-05	
1.771718e-02	7.920993e-05	
1.778519e-02	9.168313e-05	
2.264393e-02	7.815908e-05	
1.438526e-02	4.280607e-05	
1.023797e-02	4.546710e-05	
2.130582e-02	8.059250e-05	
1.703019e-02	1.547606e-05	
1.700169e-02	2.802177e-05	
2.188866e-02	7.113214e-05	
1.770416e-02	6.688598e-05	
1.782479e-02	7.991209e-05	
1.736225e-02	2.997028e-05	
1.582810e-02	8.787532e-05	
1.566114e-02	8.049094e-05	
1.880234e-02	5.590615e-05	
1.961745e-02	4.355041e-05	
1.548326e-02	4.794767e-05	
1.721842e-02	2.690864e-05	
1.603085e-02	5.099058e-05	
1.905577e-02	7.639926e-05	
1.901565e-02	4.955554e-05	
1.685786e-02	4.534177e-05	
2.030680e-02	8.578324e-05	
1.686978e-02	9.157970e-05	
1.927809e-02	1.057744e-04	
1.816230e-02	1.457154e-04	
1.401209e-02	1.235112e-04	
1.799858e-02	1.779097e-04	
1.568149e-02	1.167185e-04	
1.554053e-02	3.402337e-04	
1.637309e-02	2.604798e-04	
1.585622e-02	3.964042e-04	
2.559451e-02	1.976852e-04	
2.268128e-02	1.759049e-04	
1.991543e-02	8.466110e-05	
1.654418e-02	1.616341e-04	
1.824779e-02	1.200617e-04	
1.861202e-02	3.696174e-05	
2.164816e-02	4.088302e-05	
1.948879e-02	8.876368e-05	
1.268354e-02	6.304636e-05	
2.045262e-02	8.328242e-05	
2.351052e-02	7.969069e-05	
1.874529e-02	2.636749e-05	
1.117203e-02	3.097335e-05	
1.545497e-02	3.216020e-05	
1.403868e-02	3.352340e-05	
1.385227e-02	4.686898e-05	
1.720201e-02	6.305391e-05	
1.953465e-02	3.183766e-05	
1.653423e-02	3.222432e-05	
1.810676e-02	9.856122e-05	
1.893823e-02	1.125141e-05	
1.647653e-02	1.099819e-05	
1.546125e-02	4.706364e-05	
1.971969e-02	4.127027e-05	
1.245699e-02	5.299076e-06	
1.567685e-02	7.172580e-05	
1.707243e-02	3.040883e-05	
2.055042e-02	3.028373e-05	
2.091296e-02	9.370959e-05	
1.910669e-02	1.104412e-04	
2.106989e-02	1.014466e-04	
2.276708e-02	5.377695e-05	
1.676458e-02	1.156741e-04	
1.413314e-02	1.073512e-04	
1.832695e-02	5.799262e-06	
1.658101e-02	5.273932e-04	
1.561636e-02	1.448566e-04	
1.988295e-02	4.778621e-05	
1.428084e-02	2.161566e-04	
1.620876e-02	6.448660e-05	
1.958864e-02	9.423159e-05	
2.070614e-02	9.399851e-05	
2.072240e-02	1.404910e-04	
2.200863e-02	8.762109e-05	
1.914363e-02	9.169717e-05	
2.070248e-02	6.728668e-05	
1.722849e-02	2.462883e-05	
1.971113e-02	8.095576e-05	
1.607347e-02	1.110762e-04	
1.876644e-02	3.680478e-05	
1.665976e-02	9.458954e-05	
2.087976e-02	1.103646e-04	
1.806000e-02	7.716805e-05	
1.741759e-02	7.653178e-05	
1.723268e-02	4.083575e-05	
2.234585e-02	4.768336e-05	
1.692465e-02	7.441749e-05	
1.536771e-02	6.564339e-05	
2.176621e-02	8.689679e-05	
1.662884e-02	6.097406e-05	
1.509407e-02	3.703432e-05	
1.991411e-02	6.725607e-05	
1.425097e-02	2.637553e-05	
2.273697e-02	2.166320e-05	
1.631574e-02	4.430680e-05	
1.507221e-02	3.477353e-05	
2.154167e-02	1.023654e-04	
1.532777e-02	1.296003e-04	
2.397236e-02	9.899355e-05	
1.694989e-02	6.790931e-05	
2.042329e-02	7.752237e-05	
1.711526e-02	1.644210e-04	
1.564078e-02	1.490075e-04	
1.143611e-02	5.173913e-04	
1.811931e-02	5.965548e-05	
1.564405e-02	1.499074e-04	
1.423749e-02	6.110598e-06	
1.597258e-02	2.509122e-05	
1.858549e-02	3.999441e-05	
1.451797e-02	1.048251e-04	
1.976996e-02	1.170092e-04	
2.310276e-02	1.146907e-04	
2.008786e-02	8.211959e-05	
1.614984e-02	5.267723e-05	
1.715218e-02	6.624762e-05	
1.520241e-02	1.148756e-04	
2.038879e-02	6.476329e-05	
2.281659e-02	6.433448e-05	
1.803222e-02	7.085357e-05	
1.479190e-02	1.084493e-04	
2.133948e-02	7.490746e-05	
1.779345e-02	9.425684e-05	
1.800494e-02	1.202350e-04	
1.750755e-02	1.244351e-04	
1.200248e-02	8.411408e-05	
2.084326e-02	9.887855e-05	
1.833847e-02	8.966508e-05	
2.120728e-02	6.977433e-05	
1.931025e-02	8.054884e-05	
1.527958e-02	7.184558e-05	
1.671992e-02	5.033236e-05	
1.287494e-02	6.675865e-05	
1.585541e-02	9.079850e-05	
2.098598e-02	9.480916e-05	
1.624451e-02	1.571299e-04	
2.060510e-02	1.306723e-04	
1.709697e-02	6.942510e-05	
1.367802e-02	6.730926e-05	
1.528201e-02	1.235764e-04	
1.178295e-02	2.799202e-04	
1.944716e-02	2.810252e-04	
2.049365e-02	3.075331e-04	
2.133236e-02	2.180413e-04	
1.538602e-02	4.126018e-05	
1.620620e-02	5.484549e-06	
1.958920e-02	3.705551e-05	
1.268196e-02	3.785274e-05	
1.853903e-02	6.854947e-05	
1.479242e-02	1.062754e-04	
1.544482e-02	6.878593e-05	
1.981200e-02	1.145448e-04	
1.300780e-02	8.841620e-05	
1.860604e-02	8.511430e-05	
2.237002e-02	1.030299e-04	
1.846997e-02	9.161530e-05	
1.833329e-02	7.733982e-05	
1.717583e-02	8.133980e-05	
2.059620e-02	5.269721e-05	
1.813094e-02	8.952214e-05	
1.757767e-02	9.749361e-05	
1.882656e-02	8.391942e-05	
1.951685e-02	9.924277e-05	
1.041762e-02	9.530850e-05	
2.112549e-02	9.536170e-05	
1.561492e-02	6.018168e-05	
1.885326e-02	4.376506e-05	
1.839619e-02	6.312654e-05	
1.941116e-02	5.284598e-05	
1.703708e-02	4.987749e-05	
1.199527e-02	2.594858e-05	
1.655857e-02	5.925357e-05	
1.966147e-02	8.835807e-05	
1.732055e-02	1.276188e-04	
1.163437e-02	1.059344e-04	
1.740663e-02	4.778400e-05	
1.870553e-02	1.286877e-04	
1.654064e-02	9.355205e-05	
2.387378e-02	2.978081e-04	
1.856829e-02	1.085043e-04	
1.573520e-02	1.764263e-04	
2.079862e-02	1.932985e-04	
1.529618e-02	9.265539e-05	
1.896200e-02	8.371389e-05	
1.587951e-02	6.782900e-05	
2.043148e-02	6.216862e-05	
1.812258e-02	1.125555e-04	
1.677451e-02	5.791703e-05	
2.037291e-02	1.142042e-04	
2.039208e-02	1.148936e-04	
1.924831e-02	6.711583e-05	
1.800962e-02	3.214122e-05	
1.717438e-02	5.742366e-05	
1.554891e-02	2.090791e-05	
1.522847e-02	5.403726e-05	
1.886309e-02	4.070622e-05	
1.699900e-02	3.178666e-05	
2.039487e-02	1.157838e-04	
1.600597e-02	8.061736e-05	
1.698475e-02	8.856103e-05	
1.572382e-02	1.042358e-04	
2.243480e-02	1.003695e-04	
2.051164e-02	7.950420e-05	
1.961579e-02	9.022896e-05	
1.654677e-02	5.466852e-05	
1.718251e-02	7.816032e-05	
1.984960e-02	6.513131e-05	
1.699407e-02	8.796783e-05	
1.458823e-02	6.809159e-05	
1.646971e-02	1.391334e-04	
1.416948e-02	1.123316e-04	
1.851997e-02	1.021048e-04	
1.899507e-02	1.389020e-04	
1.863272e-02	1.313812e-04	
1.222450e-02	9.836325e-05	
1.881467e-02	7.258874e-05	
2.186638e-02	2.277942e-04	
1.810897e-02	2.818717e-04	
2.141684e-02	2.062121e-04	
1.543867e-02	3.022796e-04	
1.789934e-02	3.010837e-04	
1.600548e-02	1.042935e-04	
1.786667e-02	1.330225e-04	
1.497981e-02	4.694466e-05	
1.664342e-02	8.677291e-05	
1.772360e-02	7.979495e-05	
2.021570e-02	6.825950e-05	
1.653434e-02	9.354294e-05	
1.896383e-02	8.353037e-05	
1.933217e-02	6.022609e-05	
1.762363e-02	4.123863e-05	
1.767913e-02	7.811019e-05	
1.933551e-02	6.285814e-05	
1.407679e-02	4.658490e-05	
1.940580e-02	3.921510e-05	
1.647130e-02	3.264557e-05	
1.649284e-02	9.522350e-05	
1.467317e-02	9.755421e-05	
1.754986e-02	9.738723e-05	
1.611915e-02	7.502296e-05	
2.399135e-02	1.082262e-04	
1.512759e-02	1.187298e-04	
2.382589e-02	7.544706e-05	
1.643057e-02	2.885578e-05	
1.889603e-02	1.139370e-04	
1.859493e-02	1.048237e-04	
1.443740e-02	1.119154e-04	
1.862468e-02	9.174688e-05	
1.935502e-02	1.270181e-04	
1.538265e-02	1.435873e-04	
2.054867e-02	1.641944e-04	
2.023809e-02	1.536433e-04	
1.859097e-02	1.221353e-04	
1.384816e-02	7.631723e-05	
2.004770e-02	2.577710e-04	
1.899155e-02	2.071146e-04	
1.925838e-02	2.862442e-05	
1.774629e-02	4.211333e-04	
1.464319e-02	1.460451e-04	
1.879808e-02	3.014855e-05	
1.504044e-02	1.055614e-04	
1.579232e-02	2.202103e-05	
1.526409e-02	4.903664e-05	
2.054657e-02	1.616086e-05	
1.849811e-02	3.270891e-05	
1.977589e-02	4.932876e-05	
1.746879e-02	9.766168e-05	
1.655003e-02	5.505923e-05	
1.646809e-02	6.118120e-05	
1.918233e-02	2.901779e-05	
1.662523e-02	6.178854e-05	
1.722784e-02	7.743454e-05	
1.599251e-02	8.038698e-05	
1.816876e-02	7.341523e-05	
1.823253e-02	5.949283e-05	
1.558748e-02	9.967857e-05	
1.891209e-02	1.082753e-04	
1.722895e-02	9.405108e-05	
2.110375e-02	6.720883e-05	
1.595153e-02	1.059725e-04	
1.883003e-02	7.449233e-05	
1.763064e-02	6.561070e-06	
1.436332e-02	7.431855e-05	
1.675964e-02	1.220957e-04	
1.429575e-02	7.875553e-05	
1.761896e-02	1.129442e-04	
2.092879e-02	6.458731e-05	
1.455702e-02	1.029564e-04	
1.947272e-02	1.146981e-04	
1.918408e-02	1.481935e-04	
1.795478e-02	1.270744e-04	
1.675975e-02	1.983536e-04	
1.662120e-02	2.587970e-04	
1.901549e-02	1.195070e-04	
1.679075e-02	1.921668e-04	
1.527956e-02	3.368047e-04	
1.685592e-02	1.319918e-04	
1.548198e-02	1.585526e-04	
1.656618e-02	1.654560e-04	
2.016084e-02	1.022185e-04	
2.163564e-02	3.403737e-05	
1.738005e-02	3.481464e-05	
1.828208e-02	9.984444e-05	
2.073047e-02	7.245256e-05	
1.307961e-02	4.592080e-07	
1.971460e-02	5.248256e-05	
2.188911e-02	5.219463e-05	
1.584634e-02	4.870687e-05	
1.716419e-02	4.257792e-05	
2.081419e-02	5.855523e-05	
1.487769e-02	7.566520e-05	
1.560363e-02	7.422607e-05	
1.880873e-02	4.917453e-05	
2.057075e-02	5.126212e-05	
1.604688e-02	8.847488e-05	
1.598840e-02	6.826082e-05	
1.617043e-02	8.436375e-05	
1.770533e-02	9.645692e-05	
1.426999e-02	7.984260e-05	
1.813533e-02	5.272025e-05	
1.549509e-02	4.100145e-05	
1.878796e-02	1.041956e-04	
1.682897e-02	1.000219e-04	
1.510926e-02	1.035718e-04	
1.902734e-02	1.061135e-04	
1.857968e-02	5.484504e-05	
1.878130e-02	1.121625e-04	
1.636283e-02	8.567606e-05	
1.896852e-02	1.347251e-04	
1.462408e-02	1.555506e-04	
1.456298e-02	2.211084e-04	
1.800254e-02	2.672152e-04	
1.401421e-02	2.713080e-04	
1.613303e-02	5.145346e-04	
1.479056e-02	2.286553e-04	
1.871787e-02	1.752264e-04	
1.519981e-02	1.157681e-04	
1.833077e-02	1.427759e-04	
1.540190e-02	7.314316e-05	
1.795579e-02	6.601389e-05	
1.704769e-02	2.112474e-05	
1.435182e-02	6.243927e-05	
1.737006e-02	1.843655e-05	
1.682913e-02	7.349887e-06	
1.467313e-02	2.816689e-05	
2.050092e-02	7.691955e-05	
9.570408e-03	4.925282e-05	
2.127306e-02	7.929897e-05	
2.003767e-02	9.124213e-05	
1.972012e-02	6.603473e-05	
1.874013e-02	6.632765e-05	
2.018920e-02	7.377717e-05	
1.730977e-02	6.687708e-05	
1.795347e-02	1.096761e-04	
1.963216e-02	5.614738e-05	
1.849777e-02	7.412854e-05	
1.676226e-02	6.973533e-05	
2.151424e-02	9.278743e-05	
1.662399e-02	9.877364e-05	
1.959968e-02	8.794320e-05	
1.690066e-02	1.193941e-04	
2.013691e-02	9.930429e-05	
2.136173e-02	6.490764e-05	
1.298621e-02	1.125289e-04	
1.869856e-02	1.053518e-04	
2.038695e-02	1.121805e-04	
1.670588e-02	9.517877e-05	
2.091460e-02	1.471061e-04	
8.361751e-03	1.468906e-04	
1.616627e-02	2.933903e-04	
1.829054e-02	5.433184e-04	
2.052964e-02	3.374743e-04	
2.490784e-02	2.921040e-04	
1.848987e-02	2.064659e-04	
1.895670e-02	1.870199e-04	
1.315178e-02	1.339967e-04	
2.521609e-02	5.692019e-05	
1.342402e-02	5.596989e-05	
1.240117e-02	4.752889e-05	
1.855152e-02	6.204962e-05	
1.672871e-02	4.059710e-06	
1.740805e-02	8.189931e-06	
1.965880e-02	1.147470e-05	
2.376689e-02	2.227042e-05	
2.018639e-02	6.497457e-05	
1.541924e-02	6.246145e-05	
1.895614e-02	3.603271e-05	
1.853807e-02	5.162369e-05	
1.778374e-02	6.534188e-05	
2.226965e-02	6.018163e-05	
1.721173e-02	5.220299e-05	
2.114296e-02	9.441455e-05	
1.798467e-02	7.680003e-05	
1.631786e-02	6.521777e-05	
1.638714e-02	8.247097e-05	
1.711312e-02	1.058560e-04	
1.948409e-02	7.992155e-05	
1.659549e-02	9.335466e-05	
1.539141e-02	1.082076e-04	
1.877435e-02	1.100015e-04	
1.882781e-02	7.160758e-05	
1.617623e-02	1.514326e-04	
2.109283e-02	1.803694e-04	
1.763232e-02	1.391546e-04	
1.753615e-02	7.671416e-05	
1.750104e-02	1.375369e-04	
2.201425e-02	1.486015e-04	
1.427715e-02	2.146677e-04	
2.334847e-02	2.784026e-04	
2.267084e-02	2.190831e-04	
2.060471e-02	1.344869e-04	
1.963636e-02	7.566709e-05	
1.949205e-02	1.869576e-04	
1.948777e-02	1.598946e-04	
1.803986e-02	3.621994e-05	
1.974788e-02	5.133838e-05	
1.760277e-02	2.864140e-05	
1.788421e-02	5.851898e-05	
1.986049e-02	3.437490e-05	
1.651713e-02	1.977660e-05	
1.238636e-02	6.036270e-05	
1.893097e-02	3.031824e-05	
1.539019e-02	6.057493e-05	
1.386494e-02	9.370350e-05	
1.426082e-02	3.004022e-05	
1.617983e-02	5.026163e-05	
1.703363e-02	5.095929e-05	
2.015477e-02	3.857564e-05	
1.361874e-02	7.043298e-05	
1.909102e-02	5.583691e-05	
1.951209e-02	7.586258e-05	
1.702166e-02	6.022203e-05	
1.399144e-02	7.752597e-05	
1.577313e-02	8.023208e-05	
1.674248e-02	1.319444e-04	
1.926523e-02	1.272097e-04	
1.334049e-02	1.338438e-04	
1.633789e-02	1.285847e-04	
1.252917e-02	1.347953e-04	
1.470494e-02	1.771458e-04	
1.211488e-02	1.882157e-04	
1.908700e-02	1.356585e-04	
2.009941e-02	1.511154e-04	
1.778748e-02	2.423215e-04	
1.746322e-02	1.577241e-04	
1.374750e-02	1.832825e-04	
2.087017e-02	3.137768e-04	
1.732524e-02	3.506614e-05	
2.105924e-02	2.554916e-04	
2.041834e-02	1.703635e-04	
2.259012e-02	2.087102e-04	
1.911282e-02	1.104949e-04	
1.544103e-02	1.063603e-04	
2.074397e-02	1.255037e-05	
1.741568e-02	1.545468e-05	
2.132121e-02	3.375202e-05	
1.888560e-02	2.226874e-05	
1.855440e-02	3.558639e-05	
1.802994e-02	8.335579e-05	
1.891947e-02	3.651351e-05	
1.358452e-02	3.626949e-05	
1.797187e-02	6.440755e-05	
2.090975e-02	4.727797e-05	
1.583731e-02	5.060437e-05	
1.709776e-02	7.312702e-05	
2.105813e-02	5.343733e-05	
1.976595e-02	4.722486e-05	
1.644575e-02	8.777906e-05	
2.020638e-02	1.079896e-04	
1.920971e-02	6.360974e-05	
1.618076e-02	6.593121e-05	
1.912473e-02	4.366713e-05	
2.124827e-02	1.027686e-04	
1.581197e-02	8.593261e-05	
1.595935e-02	1.121976e-04	
1.918919e-02	1.137666e-04	
1.923388e-02	1.335990e-04	
1.780797e-02	1.241943e-04	
1.799598e-02	1.525286e-04	
1.413402e-02	1.274543e-04	
1.574031e-02	1.459819e-04	
1.744412e-02	1.801731e-04	
1.650644e-02	2.522928e-04	
1.872994e-02	1.054669e-04	
1.877549e-02	5.222013e-04	
2.380831e-02	3.102756e-04	
1.768228e-02	2.716270e-04	
1.718090e-02	2.325561e-04	
1.884602e-02	1.347262e-04	
1.749556e-02	8.878642e-05	
1.821239e-02	1.360051e-04	
1.368314e-02	8.057581e-05	
1.461160e-02	5.196181e-05	
1.644588e-02	5.628978e-05	
1.274948e-02	5.213587e-05	
1.592935e-02	2.561461e-05	
1.295914e-02	4.656139e-05	
1.384936e-02	2.711509e-05	
1.284935e-02	5.493479e-05	
1.780264e-02	7.500879e-05	
2.142254e-02	4.005547e-05	
1.897805e-02	4.589720e-05	
2.125877e-02	7.120195e-05	
1.754115e-02	7.033206e-05	
1.703724e-02	4.847537e-05	
1.972462e-02	7.347433e-05	
1.966946e-02	1.104908e-04	
1.645324e-02	5.903587e-05	
1.960657e-02	5.649449e-05	
2.122987e-02	5.940150e-05	
1.776162e-02	1.065894e-04	
1.466106e-02	7.620068e-05	
2.120390e-02	9.206712e-05	
1.559490e-02	1.118155e-04	
1.947675e-02	1.090839e-04	
1.867387e-02	1.465291e-04	
1.163850e-02	1.521867e-04	
1.768415e-02	1.683567e-04	
1.997498e-02	1.271453e-04	
1.671130e-02	1.872569e-04	
1.739207e-02	2.711043e-04	
1.639717e-02	2.407561e-04	
1.476546e-02	2.772256e-04	
1.809426e-02	1.821907e-04	
1.522748e-02	2.473367e-04	
1.656436e-02	2.996268e-04	
2.127784e-02	1.484405e-04	
1.831691e-02	8.107222e-05	
1.574584e-02	1.244413e-04	
1.532608e-02	4.935904e-05	
1.874363e-02	2.411518e-05	
1.820866e-02	9.961582e-06	
1.450304e-02	1.072714e-05	
1.881890e-02	2.014584e-05	
1.972652e-02	1.717260e-05	
1.997046e-02	2.939242e-05	
1.701003e-02	4.362164e-05	
1.827924e-02	3.372277e-05	
1.706045e-02	2.200844e-05	
1.779954e-02	4.513201e-05	
1.666500e-02	2.876247e-05	
2.008942e-02	5.571894e-05	
1.574781e-02	5.324302e-05	
2.034013e-02	7.346339e-05	
1.576452e-02	2.621242e-05	
1.505834e-02	8.871276e-05	
2.079616e-02	8.037525e-05	
1.723504e-02	8.865334e-05	
1.680763e-02	7.888034e-05	
1.438619e-02	1.106740e-04	
1.933831e-02	1.086686e-04	
1.847902e-02	1.176766e-04	
1.397048e-02	8.500388e-05	
1.626264e-02	1.239555e-04	
2.233209e-02	1.371249e-04	
1.492931e-02	1.194010e-04	
2.050016e-02	1.218577e-04	
2.022706e-02	2.345829e-04	
1.813964e-02	2.057864e-04	
1.273483e-02	2.264573e-04	
1.955653e-02	1.876615e-04	
2.300650e-02	7.581610e-05	
2.125400e-02	3.462088e-04	
1.369930e-02	3.346795e-04	
1.920588e-02	1.750834e-04	
1.263159e-02	6.414074e-05	
1.513725e-02	8.799874e-05	
2.232385e-02	2.152709e-05	
1.344742e-02	2.423721e-05	
1.702794e-02	2.659714e-05	
1.396585e-02	2.560108e-06	
2.153820e-02	1.488377e-05	
1.379383e-02	1.477518e-05	
2.186359e-02	5.974352e-05	
1.854757e-02	3.888932e-05	
2.099024e-02	3.542142e-06	
1.754383e-02	2.985391e-05	
2.027113e-02	2.890799e-05	
1.638715e-02	2.240778e-05	
2.022348e-02	4.120812e-05	
1.896871e-02	7.240295e-05	
1.804390e-02	4.600952e-05	
1.893134e-02	5.129734e-05	
1.278251e-02	5.489370e-05	
1.509050e-02	9.677020e-05	
1.897095e-02	8.737920e-05	
2.259683e-02	4.135382e-05	
1.831873e-02	9.930340e-05	
1.397169e-02	1.143787e-04	
1.552975e-02	5.193827e-05	
2.055747e-02	8.577741e-05	
1.933915e-02	1.106079e-04	
1.950878e-02	1.188366e-04	
1.697049e-02	1.093495e-04	
1.814404e-02	1.995008e-04	
2.079925e-02	1.713691e-04	
1.991978e-02	2.025968e-04	
2.089687e-02	1.853089e-04	
1.527352e-02	3.338778e-04	
1.899135e-02	1.501602e-04	
1.605072e-02	1.900948e-04	
1.846953e-02	1.336193e-04	
1.798433e-02	1.221144e-04	
2.047101e-02	1.338239e-04	
2.140509e-02	1.062810e-04	
1.659839e-02	5.822845e-05	
2.098316e-02	1.864344e-05	
1.808712e-02	3.527152e-05	
1.851937e-02	2.129284e-05	
1.424038e-02	7.896710e-06	
1.707480e-02	9.662532e-06	
1.568151e-02	4.477109e-05	
1.940208e-02	1.584461e-05	
1.354164e-02	2.773798e-05	
1.379069e-02	1.920133e-05	
1.445751e-02	4.028458e-05	
1.580352e-02	4.762111e-05	
1.915782e-02	6.287534e-05	
2.502217e-02	5.449443e-05	
1.292659e-02	4.347647e-05	
2.355359e-02	3.173220e-05	
1.620814e-02	9.087400e-05	
2.216489e-02	7.608532e-05	
2.157083e-02	7.261878e-05	
1.899759e-02	4.415466e-05	
2.348549e-02	9.057912e-05	
2.221855e-02	1.415063e-04	
1.463874e-02	1.106102e-04	
1.819542e-02	3.303978e-05	
2.040021e-02	7.543765e-05	
1.521589e-02	1.023706e-04	
1.535424e-02	9.225321e-05	
1.619479e-02	1.805200e-04	
2.051318e-02	1.697801e-04	
1.778182e-02	2.303656e-05	
1.565678e-02	1.324436e-04	
1.555892e-02	2.210096e-04	
1.675498e-02	1.258973e-04	
2.126174e-02	2.045443e-04	
1.837027e-02	2.078323e-04	
2.290324e-02	8.871755e-05	
1.601310e-02	7.973459e-05	
2.138139e-02	1.031751e-04	
1.463874e-02	1.031676e-04	
1.972644e-02	2.748173e-05	
2.091180e-02	1.937549e-05	
2.314470e-02	8.207181e-06	
1.890658e-02	5.018408e-05	
1.989669e-02	1.697746e-05	
1.238472e-02	2.475811e-05	
1.234100e-02	1.943313e-05	
1.775545e-02	1.007046e-05	
1.595186e-02	6.633143e-06	
1.982138e-02	4.347279e-06	
1.354564e-02	5.831092e-06	
1.583382e-02	4.896974e-05	
2.172187e-02	3.123956e-05	
2.103078e-02	5.111859e-05	
2.035790e-02	3.422003e-05	
1.995851e-02	7.973583e-05	
1.453741e-02	7.526055e-05	
1.098255e-02	4.867906e-05	
1.800047e-02	8.130679e-05	
1.669225e-02	8.007418e-05	
1.447759e-02	1.223646e-04	
2.037118e-02	6.439214e-05	
1.312189e-02	5.938678e-05	
2.046569e-02	1.217087e-04	
1.617140e-02	1.682724e-04	
1.808260e-02	1.500465e-04	
1.345480e-02	1.742110e-04	
1.636532e-02	5.083712e-05	
1.581751e-02	2.014935e-04	
1.712762e-02	2.221642e-04	
2.146604e-02	2.861067e-04	
1.567083e-02	1.067654e-04	
1.637776e-02	3.081581e-04	
1.376570e-02	1.109059e-04	
1.478532e-02	1.666817e-04	
2.226888e-02	1.026014e-04	
1.514498e-02	7.964772e-05	
2.001078e-02	7.208140e-06	
1.608341e-02	4.819462e-05	
1.752828e-02	5.163039e-06	
2.197977e-02	1.162905e-05	
1.940371e-02	3.847646e-05	
2.189611e-02	4.117069e-05	
1.643161e-02	1.258575e-05	
1.633726e-02	1.228937e-05	
1.600099e-02	1.644979e-05	
1.955226e-02	2.155001e-05	
1.833970e-02	1.779948e-05	
1.378100e-02	2.570461e-05	
1.872979e-02	2.332354e-05	
1.426128e-02	4.333334e-05	
1.844377e-02	6.379525e-05	
2.339804e-02	9.171044e-05	
1.388086e-02	9.962462e-05	
1.824307e-02	8.529269e-05	
1.842698e-02	7.318417e-05	
1.663672e-02	4.994773e-05	
1.640505e-02	7.706229e-05	
1.414522e-02	8.222744e-05	
1.594528e-02	7.779569e-05	
1.941987e-02	1.840972e-05	
1.697701e-02	5.043645e-05	
1.868845e-02	1.419099e-04	
1.893336e-02	9.419900e-05	
1.780163e-02	9.169704e-05	
1.813636e-02	1.244677e-04	
1.882466e-02	2.548619e-04	
2.024394e-02	2.983164e-04	
1.796632e-02	8.415770e-05	
2.013378e-02	3.288694e-04	
1.592353e-02	3.080519e-04	
1.953098e-02	1.073041e-04	
1.707199e-02	3.050660e-05	
1.768613e-02	7.551451e-05	
1.276518e-02	6.679572e-05	
2.181082e-02	3.246497e-05	
2.087316e-02	6.379801e-06	
1.878692e-02	7.268398e-05	
1.798008e-02	3.415406e-05	
1.900748e-02	2.224382e-05	
2.020022e-02	2.638138e-05	
1.942719e-02	8.424684e-06	
1.537284e-02	9.519622e-06	
1.549933e-02	3.889627e-05	
1.604595e-02	2.477837e-05	
1.794715e-02	4.171152e-05	
1.850154e-02	5.016234e-05	
1.756065e-02	4.344461e-05	
1.464455e-02	4.977664e-05	
1.809854e-02	5.383693e-05	
1.739651e-02	7.347394e-05	
1.359915e-02	6.677937e-05	
1.960708e-02	6.797052e-05	
1.642868e-02	6.450121e-05	
2.042468e-02	6.914720e-05	
1.382013e-02	7.168741e-05	
1.850160e-02	9.923155e-05	
1.656792e-02	8.741274e-05	
1.459832e-02	1.004663e-04	
1.963940e-02	1.011807e-04	
2.004618e-02	8.259964e-05	
1.301022e-02	6.981780e-06	
1.957818e-02	1.075995e-04	
1.746842e-02	1.390264e-04	
1.696572e-02	8.738563e-05	
1.633471e-02	1.123693e-04	
2.270788e-02	2.388016e-05	
1.333070e-02	1.669492e-04	
2.186813e-02	2.721714e-04	
2.058143e-02	1.164210e-04	
1.589306e-02	5.224542e-05	
2.121939e-02	2.144922e-05	
1.442257e-02	3.458261e-05	
2.220488e-02	2.136406e-05	
1.375940e-02	8.163749e-05	
1.020692e-02	2.268375e-05	
2.028587e-02	3.466708e-05	
1.894796e-02	7.182202e-05	
1.652666e-02	5.773676e-06	
2.058527e-02	4.235105e-06	
1.752878e-02	1.132150e-06	
1.066446e-02	8.657389e-06	
2.062500e-02	1.234023e-05	
1.448112e-02	7.913896e-06	
1.974395e-02	3.645305e-05	
1.380377e-02	4.901215e-05	
2.120302e-02	5.171128e-05	
1.293223e-02	9.196318e-05	
1.130875e-02	7.562365e-05	
1.707904e-02	7.670176e-05	
1.855406e-02	9.477928e-05	
1.693063e-02	8.077004e-05	
2.200214e-02	7.567633e-05	
1.699980e-02	9.886444e-06	
1.921415e-02	7.807858e-05	
1.386286e-02	9.417192e-05	
1.857470e-02	1.084404e-04	
1.909362e-02	4.136958e-05	
1.167046e-02	7.494184e-05	
2.104387e-02	2.845240e-05	
1.157634e-02	9.629038e-05	
1.862122e-02	8.666993e-05	
2.216555e-02	2.964705e-05	
1.883455e-02	9.075369e-05	
1.310409e-02	6.289908e-04	
1.867281e-02	2.404675e-04	
1.875473e-02	1.613468e-04	
2.070475e-02	1.709992e-04	
1.479016e-02	2.466141e-05	
2.084064e-02	4.709290e-05	
1.913010e-02	3.403450e-05	
1.765844e-02	1.517232e-05	
1.360674e-02	4.995396e-05	
2.062597e-02	2.124121e-05	
1.814693e-02	4.156744e-06	
2.301709e-02	2.173821e-05	
1.093639e-02	9.152632e-06	
1.962379e-02	1.738258e-06	
1.868461e-02	2.968505e-06	
2.097917e-02	9.628464e-07	
1.610830e-02	4.223263e-06	
1.856496e-02	2.292384e-06	
1.374862e-02	5.110522e-05	
1.602738e-02	2.086686e-05	
2.088090e-02	3.652304e-05	
2.175533e-02	5.506035e-05	
1.811236e-02	5.761981e-05	
1.651935e-02	6.360476e-05	
1.928091e-02	9.102836e-05	
1.865600e-02	8.873507e-05	
1.778148e-02	1.170931e-04	
1.900646e-02	2.697396e-05	
2.273280e-02	6.436024e-05	
1.788039e-02	1.237127e-04	
1.245480e-02	9.252475e-05	
1.589395e-02	7.204160e-05	
1.990582e-02	1.140640e-04	
2.031141e-02	1.510228e-04	
1.764292e-02	2.973563e-05	
2.098612e-02	4.070930e-05	
1.864841e-02	8.378180e-06	
1.908839e-02	2.540501e-04	
1.623064e-02	3.862462e-05	
1.730394e-02	2.084480e-04	
2.083465e-02	3.066773e-05	
1.751354e-02	6.243765e-05	
1.825454e-02	4.304398e-05	
1.544389e-02	2.375751e-05	
2.226360e-02	3.926495e-05	
2.092014e-02	1.702362e-05	
1.862632e-02	1.493158e-05	
1.818651e-02	2.154752e-05	
2.012359e-02	2.430792e-06	
1.905026e-02	3.183317e-05	
1.570090e-02	3.408582e-05	
1.573143e-02	4.338485e-05	
2.013315e-02	5.420730e-05	
2.035242e-02	4.708536e-05	
1.515367e-02	3.876399e-05	
1.421753e-02	1.534418e-05	
1.852764e-02	3.072344e-05	
1.622645e-02	3.103443e-05	
1.829809e-02	4.161085e-06	
1.629810e-02	4.086872e-05	
1.849077e-02	4.303205e-06	
1.636003e-02	1.939871e-05	
1.425340e-02	2.157444e-05	
1.700426e-02	7.285087e-05	
1.825120e-02	6.966917e-06	
1.617088e-02	4.587424e-06	
1.709726e-02	1.016487e-05	
1.987275e-02	9.194364e-05	
1.843162e-02	7.639080e-05	
1.895476e-02	9.042819e-05	
1.504768e-02	1.919423e-06	
1.630262e-02	1.378364e-05	
1.934928e-02	6.819319e-06	
2.117526e-02	1.245912e-04	
2.136628e-02	1.555167e-04	
2.114092e-02	1.080649e-05	
1.831442e-02	1.275333e-04	
