0	0
0.0256410256410256	0
0.0512820512820513	0
0.0769230769230769	0
0.102564102564103	0
0.128205128205128	0
0.153846153846154	0
0.179487179487179	0
0.205128205128205	0
0.230769230769231	0
0.256410256410256	0
0.282051282051282	0
0.307692307692308	0
0.333333333333333	0
0.358974358974359	0
0.384615384615385	0
0.41025641025641	0
0.435897435897436	0
0.461538461538462	0
0.487179487179487	0
0.512820512820513	0
0.538461538461538	0
0.564102564102564	0
0.58974358974359	0
0.615384615384615	0
0.641025641025641	0
0.666666666666667	0
0.692307692307692	0
0.717948717948718	0
0.743589743589744	0
0.769230769230769	0
0.794871794871795	0
0.82051282051282	0
0.846153846153846	0
0.871794871794872	0
0.897435897435897	0
0.923076923076923	0
0.948717948717949	0
0.974358974358974	0
1	0
0	1
0.0256410256410256	1
0.0512820512820513	1
0.0769230769230769	1
0.102564102564103	1
0.128205128205128	1
0.153846153846154	1
0.179487179487179	1
0.205128205128205	1
0.230769230769231	1
0.256410256410256	1
0.282051282051282	1
0.307692307692308	1
0.333333333333333	1
0.358974358974359	1
0.384615384615385	1
0.41025641025641	1
0.435897435897436	1
0.461538461538462	1
0.487179487179487	1
0.512820512820513	1
0.538461538461538	1
0.564102564102564	1
0.58974358974359	1
0.615384615384615	1
0.641025641025641	1
0.666666666666667	1
0.692307692307692	1
0.717948717948718	1
0.743589743589744	1
0.769230769230769	1
0.794871794871795	1
0.82051282051282	1
0.846153846153846	1
0.871794871794872	1
0.897435897435897	1
0.923076923076923	1
0.948717948717949	1
0.974358974358974	1
1	1
0	0.0256410256410256
0	0.0512820512820513
0	0.0769230769230769
0	0.102564102564103
0	0.128205128205128
0	0.153846153846154
0	0.179487179487179
0	0.205128205128205
0	0.230769230769231
0	0.256410256410256
0	0.282051282051282
0	0.307692307692308
0	0.333333333333333
0	0.358974358974359
0	0.384615384615385
0	0.41025641025641
0	0.435897435897436
0	0.461538461538462
0	0.487179487179487
0	0.512820512820513
0	0.538461538461538
0	0.564102564102564
0	0.58974358974359
0	0.615384615384615
0	0.641025641025641
0	0.666666666666667
0	0.692307692307692
0	0.717948717948718
0	0.743589743589744
0	0.769230769230769
0	0.794871794871795
0	0.82051282051282
0	0.846153846153846
0	0.871794871794872
0	0.897435897435897
0	0.923076923076923
0	0.948717948717949
0	0.974358974358974
1	0.0256410256410256
1	0.0512820512820513
1	0.0769230769230769
1	0.102564102564103
1	0.128205128205128
1	0.153846153846154
1	0.179487179487179
1	0.205128205128205
1	0.230769230769231
1	0.256410256410256
1	0.282051282051282
1	0.307692307692308
1	0.333333333333333
1	0.358974358974359
1	0.384615384615385
1	0.41025641025641
1	0.435897435897436
1	0.461538461538462
1	0.487179487179487
1	0.512820512820513
1	0.538461538461538
1	0.564102564102564
1	0.58974358974359
1	0.615384615384615
1	0.641025641025641
1	0.666666666666667
1	0.692307692307692
1	0.717948717948718
1	0.743589743589744
1	0.769230769230769
1	0.794871794871795
1	0.82051282051282
1	0.846153846153846
1	0.871794871794872
1	0.897435897435897
1	0.923076923076923
1	0.948717948717949
1	0.974358974358974
0.0237096499814874	0.0255266234965728
0.0525307457336038	0.0263714298437353
0.0790468657563	0.0250250310083997
0.102037556532173	0.0255092351062227
0.128775192564887	0.0243107590040045
0.155817244688091	0.024413442903783
0.177417552957179	0.0263654003617715
0.204480141060847	0.0265813109875837
0.228316340621456	0.0280080924454207
0.256100993910219	0.0270711617245339
0.28092140479426	0.0240719999164099
0.307413874321275	0.0281178629843742
0.332632138764989	0.0231658795085205
0.358364590502635	0.0236386040700948
0.384757620271643	0.0235869893137185
0.410335448963495	0.023502047832735
0.4374181282185	0.0244009239475363
0.459758589869023	0.0278569872188159
0.486316745755426	0.0272898274280392
0.511998510770503	0.0234621621778481
0.538932046318707	0.0271918672344931
0.564916493234878	0.0238498106044398
0.587318072379575	0.0257332893411868
0.61569779940746	0.0255456519569893
0.63885722218039	0.0268159391812082
0.667446006893569	0.0253128009236645
0.691484224894098	0.0248594837090052
0.719525789186983	0.0260740578825673
0.741317280808595	0.02307722020265
0.768460220670054	0.0246181271990783
0.793532671845172	0.0243235981775045
0.820509107071887	0.0252652400468774
0.846099871641042	0.0257404788357314
0.870830154041167	0.0267458979407982
0.895261541940787	0.0235427010015513
0.92521889554982	0.0270538394712974
0.949931209808116	0.0266044792989123
0.971959151745174	0.0255335982830673
0.0231058806009504	0.0536062086508669
0.0512393075882566	0.0511748241880865
0.0770019118004107	0.0498110439783934
0.104929580781399	0.0538041134477695
0.128941937669241	0.0513846133538202
0.155109750199471	0.05383019689401
0.18070106789579	0.0535604936705378
0.203765773575888	0.0495122294857604
0.22846070681647	0.0514872321392177
0.258452432254565	0.0535132340849835
0.283407753823416	0.0497042837169722
0.310250629554295	0.0497700401839546
0.330787979687136	0.0495221331494493
0.358607676073381	0.0520483593386444
0.384190831657021	0.0504729438556825
0.408421848197326	0.0488461457419938
0.434372880115033	0.049316743079989
0.463067526840323	0.0503318366390919
0.484691047724953	0.0498052234104615
0.511976048776133	0.0536062119177576
0.540942496469751	0.0530541174440467
0.562748518664374	0.0509243165634701
0.591552395724625	0.0503800823334668
0.61687356972873	0.0496282162012287
0.63890664531685	0.051409102676955
0.664165235990228	0.0496816145560802
0.692812781674969	0.0518708146298821
0.720276259298702	0.0536374454545958
0.744990029424652	0.0503853578373877
0.768156031797402	0.0518041298241327
0.793553722782157	0.0533876060711578
0.818463221864251	0.0513237138038625
0.84578831296727	0.0489994744823613
0.874045617342863	0.0503075263423308
0.897284209178159	0.050414307931066
0.922427424371954	0.0533283450683511
0.950324839120032	0.0494066928155902
0.975919047236965	0.052866101076283
0.0263477487217294	0.0761175616864892
0.0488911679773317	0.0747228369220587
0.0792591604468311	0.0788304352117382
0.103822590566694	0.0762672166670779
0.128473358532095	0.0766124150027175
0.156244498026249	0.0777324124512148
0.179470610428907	0.0775797721010315
0.203774093739771	0.0776101002174706
0.231694070079166	0.0745096445903166
0.254981854656521	0.0788175082600148
0.284092909471762	0.0772668947205274
0.305630601666566	0.0791262240010319
0.334023604960807	0.0764439709456428
0.361300741827177	0.0768776520586896
0.382349927879689	0.0775458800141316
0.410276407840543	0.0766070467769053
0.437904520412303	0.0753213365754467
0.459079454951774	0.0780911192124336
0.489193204440082	0.0756016100419944
0.512954863690104	0.0769605889084392
0.538084128345578	0.0794791498880295
0.564521197365158	0.0760667128269486
0.591927105084359	0.0744254667321439
0.617810096775241	0.0764155479157569
0.641681002438352	0.0785136783403738
0.666275301581695	0.0754960045099621
0.690702044368528	0.0753852061036131
0.716061313423968	0.0753250735193023
0.743272790399824	0.0764617043066897
0.767979915966952	0.0784763561611504
0.794789251456366	0.074909115144155
0.818241326808468	0.0749890893221858
0.846269520137006	0.0778219190627038
0.871152143061373	0.0755692471708258
0.899801085310701	0.0760378741858903
0.924521693197239	0.0786735181543928
0.948250138148299	0.077742723233846
0.97336948536246	0.0777437453103831
0.0241885698407328	0.100876082776161
0.0537364086733566	0.103184827410438
0.0779052823464709	0.102100759702262
0.104259279004169	0.101649406053939
0.128288659536119	0.10275831019558
0.151418333690416	0.104953344687878
0.18011903087236	0.104806476761895
0.205793384483619	0.102528192369713
0.230403372739932	0.102749088800163
0.255364996736326	0.102198452239962
0.282764843071472	0.103281158035096
0.3072153117256	0.101438240482332
0.331903178765367	0.102984783117244
0.359320741218831	0.102260358535422
0.38467107160713	0.102368460307805
0.412336753608025	0.100048500888018
0.436531061224055	0.101875924436781
0.460459288505882	0.101726281350075
0.486324301136791	0.101989393797801
0.513195580289999	0.104523939234703
0.535970017854622	0.103994237316936
0.56595381464402	0.102423624789599
0.588014045813971	0.10477646750273
0.615742711062976	0.103718086715982
0.643349844724194	0.10184978670369
0.669062728030195	0.102346619330307
0.692882894489613	0.102646495813331
0.718272184997749	0.102230587545406
0.743694741044526	0.104169108535323
0.770187620506433	0.10235006940833
0.792657778705735	0.103457804738177
0.820968054911586	0.101919872661908
0.844547347659698	0.103131567088019
0.869601194964559	0.10202673231641
0.896672714765008	0.102111693599495
0.920690813704388	0.100739703071873
0.947889482780078	0.104822116953358
0.974028900278307	0.104638763676232
0.024009003559609	0.126571230215571
0.0511925150839433	0.127033152043714
0.0769755211808861	0.129256910266438
0.1035612766001	0.128980345672704
0.129145879014473	0.126640877424603
0.153316202867046	0.130734220480028
0.178816065501208	0.127142300933062
0.20659735028084	0.125668500883248
0.229610850034294	0.127114901556568
0.253914134899984	0.126779607966909
0.279955879506065	0.126167504698164
0.30747207627156	0.127825283150842
0.330811756381082	0.126057415983547
0.358173091417612	0.127802691537882
0.382261669933946	0.127454813255764
0.407963577646145	0.127962099261564
0.435575226987284	0.129209178302536
0.46132240528488	0.125851437433123
0.489407024729895	0.128176127695958
0.513314716504074	0.129729266415098
0.536962909892706	0.126918482659818
0.564534819339051	0.129502959754213
0.5878804110448	0.12774958473046
0.615420844452841	0.129602527521119
0.639567504591884	0.129521406864697
0.667179435196091	0.12633195904643
0.689871012735156	0.128314216005699
0.716801232618745	0.129583294970099
0.743867930463289	0.126661030829514
0.768374141345117	0.127067652446003
0.794855535216192	0.130136555598418
0.819609447747176	0.129127017847056
0.84414630828536	0.130286297683608
0.872645255858449	0.130211088028733
0.896409914613937	0.125781305626762
0.920832908301556	0.128514799454398
0.946301979918833	0.126552884167563
0.974138335751247	0.125823218055699
0.0268898248484549	0.153414586603317
0.0532158019200868	0.15134936226536
0.0761868797369668	0.153391342507911
0.103815225250841	0.154609009107039
0.129537069520199	0.15129491685406
0.154862140566713	0.153455859727752
0.180061143295909	0.153118853689644
0.203095387457359	0.152476871172203
0.229711996491623	0.155528773462839
0.254005591486232	0.152902513307326
0.284257473536728	0.15459760989611
0.307177764103162	0.156326559145234
0.334250393260263	0.154411576307395
0.35765337426221	0.154924505860859
0.382704372809339	0.15476516885146
0.410465774777119	0.153776765013073
0.437635527762006	0.155339626386058
0.463726866336585	0.153831714696899
0.487979467481159	0.154107480392677
0.512422241410715	0.15210744513983
0.538123154631359	0.156396527212329
0.564839738177672	0.155141813776532
0.591413244072954	0.152518656006671
0.613880517910568	0.151699750205638
0.643486593146837	0.153595868511876
0.668316957022418	0.151649470396549
0.690646425513418	0.155824933857964
0.718774053976905	0.156310806148715
0.743556523332155	0.15563635961955
0.768809275813435	0.151577435677888
0.794627624096942	0.155162128887233
0.820026411561567	0.155256402394846
0.844175784104807	0.155589014985399
0.870510458875462	0.154169317780661
0.897329399641983	0.154421642519653
0.922783589371049	0.15156423036005
0.947964881473912	0.154452639135961
0.975089921359749	0.155584054495988
0.027646745339392	0.178664172508629
0.0490337298494584	0.179380720097195
0.0782321233091493	0.181871405486927
0.103318788082756	0.181156524012106
0.129338155850696	0.176954291654837
0.156336627583086	0.181479153123317
0.177915816974576	0.181362537257014
0.205068740368749	0.181274085767811
0.230492107767592	0.177008430963769
0.257337638369581	0.179138980748169
0.280008040604652	0.178578825750419
0.307263081325129	0.178595724918302
0.331778577368078	0.178631099175476
0.357358633714159	0.17940620665527
0.384195374220518	0.180660213631108
0.408249064161809	0.179820264724502
0.438369113385305	0.179654298555929
0.46328700694817	0.180280303140025
0.488087237633689	0.178843122751928
0.514103164678106	0.181988462291827
0.537678283905731	0.180429913142028
0.564350583082883	0.177038314887874
0.587219810135606	0.177139470386307
0.613868476316319	0.176961983177163
0.640359578407669	0.181383462506389
0.668454611394875	0.181075839383642
0.690428747696135	0.177868177161593
0.717470515370827	0.177837444208862
0.744726613637682	0.177682174277194
0.769792034578976	0.179664555620434
0.795737675046418	0.178026128367197
0.822245564907985	0.178179766074275
0.84778127329062	0.179580310570198
0.873750009173473	0.181436296723686
0.895229127232749	0.179773545052176
0.921320417415929	0.178237278229739
0.950711293466781	0.179986293416525
0.97330277055624	0.181178121134423
0.024955830111367	0.206960772188004
0.0514534943599616	0.207197968265899
0.0792058893298613	0.203171108284988
0.100836402254482	0.204260555621172
0.126295686187366	0.204997061915499
0.15344316517706	0.206611319466863
0.181917504306731	0.20423411753934
0.202921798543306	0.20561162271254
0.228240586262833	0.205495565029862
0.256600760920387	0.202938316919043
0.281780178443933	0.204017569077409
0.308639075197054	0.205268034174435
0.335064145848234	0.204253556218158
0.357691197507687	0.202779676544017
0.387136991402928	0.205374455662924
0.411581946070585	0.203910443830344
0.436692659736611	0.205348537745702
0.461073846468255	0.205324250843058
0.489341862919105	0.203030098180388
0.513164290891893	0.203375308939679
0.539529294378486	0.20668857622594
0.562623257388739	0.20373445568148
0.5887266819438	0.204966640138912
0.617083370233531	0.206340925367212
0.639100834039424	0.206525476933372
0.664261053274331	0.203073207220904
0.691305387085895	0.204958831867452
0.719728091960225	0.204489917407885
0.745698738874759	0.2035177236978
0.771092495896967	0.205888826923423
0.796967170560919	0.205823286431979
0.820486149813454	0.206011867929871
0.848087563657864	0.203468668534031
0.873054730864516	0.204578513120312
0.89612106238155	0.204005135489175
0.922181477044224	0.203284939113428
0.948775393513555	0.205271361550623
0.973863957835783	0.204214518205436
0.0253919200859044	0.230029280281434
0.0493211204091641	0.229322823523295
0.0794478572157752	0.229511294677984
0.103484199565874	0.231219260323439
0.130247509378497	0.228477371221186
0.151727377848585	0.233328363027179
0.177077796764072	0.232539042050886
0.204485971176134	0.229517159315524
0.231902200569523	0.231012621559316
0.255799729748865	0.231515200065302
0.28337857434418	0.229356242210759
0.308128454737101	0.229389363157999
0.332872922190123	0.230170479993833
0.359412746874327	0.230854054324776
0.384074608766105	0.228512163671403
0.412223134267424	0.23077628433761
0.435933088112574	0.231095873693194
0.464001946798676	0.228453856395576
0.488874187709616	0.230550241420377
0.514959503039671	0.232720077369586
0.540907610956377	0.228408687179247
0.564589518080444	0.228767465234346
0.590317433293754	0.231031171026096
0.615282138822283	0.232228334480955
0.640966772872592	0.231036891874139
0.666897691483613	0.232690957409108
0.693452537756435	0.229238565066512
0.71961477160859	0.232135972929043
0.743911301774336	0.229241381438
0.768472063238202	0.230813690571101
0.793834351057163	0.228547461452024
0.822800697368164	0.231535345520166
0.844701141320669	0.22995338363953
0.873003313091108	0.228734760024628
0.897242408434462	0.231144615569825
0.921934946682169	0.232442791071575
0.95037235630287	0.230985761156779
0.976660510256324	0.228210297533594
0.0238836322201762	0.258365775670698
0.0517310046167136	0.257565757166458
0.0789880466547938	0.258605322228202
0.100227002382127	0.255522754738056
0.12866576590761	0.255484612012281
0.151996711892224	0.258407191779853
0.179478949328499	0.254863138144812
0.20712597638816	0.257099430504734
0.22928003912284	0.257049159244351
0.254323303924447	0.257904569043714
0.281231716308506	0.256785087865574
0.307083606390918	0.254999326408537
0.334234097506354	0.256093317274811
0.358468952292869	0.257805310963052
0.384226129383525	0.258855920362759
0.40957512136224	0.257268810918674
0.434143691339637	0.256574568790244
0.459418521052499	0.256944563967697
0.489351875906933	0.254608463129311
0.510556653961082	0.257606162081521
0.536633708465186	0.255467463778333
0.561948598060197	0.25511971250162
0.589180402310555	0.255691785134534
0.614567302248032	0.255352042654438
0.641883044219739	0.257457330719059
0.66546305676718	0.2560797816615
0.691181422988321	0.256268228976089
0.719761297004235	0.257401754538244
0.741967034969867	0.255131444686337
0.771083817543657	0.25412213144714
0.794289135776922	0.258503087049
0.819329179060712	0.258867802858918
0.844227239992037	0.256531179471516
0.86979965935987	0.257774931300457
0.897201165354149	0.255433802840125
0.922244674099508	0.2551433731603
0.947581199646463	0.25686225364008
0.972690081827909	0.258270268088042
0.0233811895074649	0.284033444417304
0.0520521663914182	0.281464330521855
0.0783069394420925	0.281132757651719
0.103521668865666	0.283269941781189
0.128475024189935	0.281656140807478
0.151491934876924	0.27953948243745
0.179190308125263	0.282021474495057
0.206351856578458	0.28047303883888
0.232708808067596	0.282956011058932
0.25808072074074	0.281172343020464
0.280629301617667	0.279563276279382
0.306290853204874	0.283728320519228
0.334883001337805	0.283794048691856
0.35846986473918	0.283665521927436
0.383914111693092	0.283476783842805
0.411443710940115	0.28329239758863
0.437561661559559	0.283855521791366
0.463961661392372	0.283180806080651
0.486288608346895	0.2843254380917
0.513997550567032	0.281576638703726
0.540629518224737	0.280174808776382
0.56429958135992	0.283729027100152
0.588552962389351	0.281770018764018
0.616527801530147	0.283677962035226
0.641115221704909	0.280652971450152
0.664202309895619	0.283158762221042
0.691703865745423	0.280669919042394
0.718255700754771	0.282392023491151
0.745803679487643	0.280453512944109
0.768302819766339	0.283033896158275
0.793062844642379	0.279917091866371
0.819398496513756	0.280041588023475
0.845987326870931	0.282710129541877
0.871502341494868	0.282520062995584
0.895714774342341	0.281318258801645
0.925054981573083	0.281079150370175
0.949460727162348	0.283206848430682
0.974092185789622	0.281699670028466
0.0272675890173238	0.305545445706666
0.0507008939491067	0.306542297424154
0.077413028653531	0.30920309457742
0.101192115325724	0.308376626826242
0.128635087712684	0.309170678786395
0.151654379579667	0.308855530581907
0.180603094588868	0.305503377232937
0.205404141598996	0.305423483724982
0.228794666385624	0.30659255935416
0.256682568054819	0.308738007278891
0.283451013311262	0.307068050173577
0.307324130195958	0.308130281092854
0.334472571091625	0.30878104978006
0.35676742296522	0.307626664903751
0.38470673313551	0.309287353973355
0.41125103100295	0.306821843647431
0.437672321039828	0.307860343083921
0.46200761518225	0.309817564121166
0.48855885463247	0.307994945666099
0.512640169524739	0.305953230393444
0.5370637243634	0.309550296701772
0.564573473106322	0.30848772715676
0.59147528828634	0.305809865635697
0.614760590107152	0.307138926662882
0.638895403224496	0.308320999627405
0.667517682233488	0.309472673407978
0.691346326256241	0.309543136736861
0.719002503509619	0.308852287678045
0.741572867165812	0.308799588213864
0.769878087040601	0.307499619075629
0.797121072400581	0.30547197367162
0.822201784633325	0.309019046283403
0.848130491944001	0.309100334729202
0.869623238026622	0.309736719819568
0.896760169004863	0.308007871229108
0.923670705667337	0.30794319325653
0.950335056176535	0.308956349708945
0.975121841054616	0.309074604927727
0.0263226465959485	0.331745704272357
0.0535218165377249	0.332119599543589
0.0787512427395779	0.335390151131485
0.10017869269396	0.332968270730817
0.129311363797044	0.334159078620401
0.153574221531423	0.331476936845703
0.179804077224887	0.331477346426294
0.206617490324627	0.335667676762881
0.233196475404192	0.331717326658527
0.2555182631822	0.333694305435861
0.281248881063713	0.335687921335167
0.30940549923777	0.331318779845707
0.335515739605256	0.333654119545079
0.359583551306754	0.332351908028664
0.386949879743416	0.33585453032168
0.410253464991761	0.33329526055111
0.435930998021027	0.334379068068542
0.461220855849964	0.33405203465629
0.488002597163724	0.333148903622005
0.512491947148412	0.331170258956812
0.537779033228433	0.334421492420208
0.564558121556623	0.334211507061332
0.590560059640419	0.333414597165202
0.616298442023421	0.3322458615293
0.640676203077764	0.331084767276792
0.664690040058093	0.33185504814155
0.693668724434064	0.335074902899543
0.716109018868297	0.33517924102826
0.746075531940395	0.33119589404759
0.767236253748527	0.332957592363516
0.792467921944502	0.335773689181531
0.818391778452805	0.331996671077156
0.848289944176573	0.335577331160375
0.873438239994441	0.332907168564694
0.898824347709141	0.333308723921122
0.92087917621202	0.33493719045767
0.946531900750625	0.332930139408542
0.973414296174181	0.33118382920974
0.0273109254792653	0.360090786885628
0.0508269010677813	0.356979716449446
0.0746886834714142	0.359466843394934
0.103760960473745	0.357952202409747
0.125901337965307	0.358187420603913
0.153134201433275	0.35905540314931
0.180203008655355	0.357200763688167
0.204097796521374	0.359301711764515
0.230353222628417	0.356797942798754
0.257304514232931	0.359426166687629
0.280790409999229	0.360906651413448
0.310079652001159	0.35719924801906
0.335153478052951	0.357097181901589
0.359312753080997	0.361198012041419
0.383938045811038	0.360330578649116
0.408326416873188	0.359058555905216
0.437654300484614	0.361325412661607
0.459114986239937	0.359599037238698
0.488321165415579	0.357343139762221
0.51321181997163	0.356934146897048
0.540593788629064	0.358623002501823
0.56235347536435	0.3615174686765
0.589243960150845	0.35657571940092
0.614815831447739	0.356784259201906
0.643304334914075	0.357899812626458
0.667283178995323	0.357545409627786
0.691325261778117	0.358887468879311
0.71838547822982	0.361120650474558
0.743875234594541	0.360509523717275
0.76676646869901	0.357596827007551
0.794672465550105	0.359520056183702
0.819058402166324	0.359436474529767
0.847356538759874	0.357237875422473
0.871111254710356	0.356772806947105
0.896442992660765	0.35666909953861
0.924493928327748	0.360121703474901
0.949309565184909	0.35846343006913
0.97259999620618	0.360547868565264
0.0280668849268064	0.383912954030616
0.0518618063821673	0.383450058976834
0.0744218948758892	0.385156365732174
0.100827098590668	0.384347286689361
0.129867327095224	0.382177946946962
0.152209444902987	0.383816080085011
0.180026909164027	0.386331799733428
0.203047845632077	0.385353552733625
0.232725185471475	0.385038705251981
0.255755908853624	0.385182838032537
0.281290682288939	0.385933113464298
0.308511412762607	0.384467173277914
0.333026743230998	0.383111576176074
0.361157968923922	0.383558941035245
0.382720686197927	0.384936722990388
0.41019044684215	0.384135095681845
0.435479473383602	0.38273380549684
0.463815697047414	0.384897037055285
0.48540880801937	0.386811707359426
0.51344956745367	0.384795249123241
0.540987738885262	0.38481446627273
0.566058948674623	0.38597467516503
0.591482361157959	0.384795932739352
0.615720010894396	0.386618970847482
0.642550206379969	0.384203993752443
0.666509345913788	0.385320273054387
0.693596733112591	0.386301992952105
0.717754823475106	0.385101710914473
0.741772007672109	0.386893376397738
0.769593620829797	0.385917104004202
0.793921074330882	0.383924806225893
0.820859221762092	0.385668574702063
0.844809518941255	0.387165247086669
0.872378886928025	0.384119666724388
0.897407659769727	0.384764747807668
0.921719947049497	0.386795269987063
0.94879279431992	0.385097942817293
0.974140891523916	0.385738753640051
0.023861141770626	0.408243838710522
0.0527665232250501	0.409826554145337
0.0762617260963921	0.41030838688099
0.103813525349322	0.411845984520334
0.12575429748844	0.412603795143871
0.152870446285228	0.408783897565386
0.179813289447342	0.410134050641069
0.202957730679336	0.412504379996532
0.233198484914468	0.410995150260003
0.256492452695375	0.408602103072396
0.284018857444512	0.410600046094289
0.309262429246687	0.407780419920643
0.331810484473768	0.412614002843384
0.358726339125682	0.408505202210936
0.383167540981101	0.409521440333233
0.411595630270894	0.410681813001172
0.437666289032218	0.411019247955776
0.461263922950713	0.408179106288203
0.485340397399573	0.409538886108498
0.514779798770099	0.407885141296038
0.536503850032405	0.408460048449192
0.563620769439208	0.408644526825392
0.5877965143041	0.408255679820946
0.614090157980995	0.408501198368835
0.640538786648073	0.4089561790078
0.665062633974221	0.408477771852099
0.691437331692099	0.407943710612711
0.718226398203335	0.411222631011175
0.743680031306437	0.40814612447434
0.769268238888332	0.410333547517195
0.795727686383036	0.409230372879116
0.818476260485786	0.407718126707608
0.848097894478974	0.408325709245729
0.870627898817703	0.408462862530592
0.896747708024757	0.4098610594327
0.923108734306795	0.412175331784104
0.947958484880062	0.412132953367595
0.973216863730369	0.407730140224702
0.0269289817636384	0.436347367698609
0.0506991610938496	0.43839601787279
0.0754720896174108	0.438142679175532
0.105126009688809	0.434677892797231
0.12727330095818	0.434788058632939
0.154056268601086	0.433676918141409
0.179367673019613	0.434830077776914
0.204195879902736	0.435442267551855
0.23106034999338	0.437529695934845
0.255463830321416	0.43769297017147
0.283335355296095	0.433486046207945
0.309358411994237	0.434992597955675
0.334984248527498	0.433953285027502
0.361135529795287	0.436495519291192
0.385982469355227	0.43832396411857
0.408802923808805	0.438432596844221
0.436352801054496	0.43589117566954
0.461370717409776	0.436580236858288
0.486403730615993	0.438411687632708
0.515042363373274	0.436105498477518
0.536595497723512	0.437769261439421
0.565602995498192	0.437876514364687
0.590966365300033	0.436660690201858
0.615318064263054	0.437732049964623
0.643224374565857	0.438034177948686
0.665521831365414	0.437108323968725
0.690177057973357	0.43714973684888
0.715619761047012	0.434269374407098
0.742490351804452	0.438246728063412
0.76926872755593	0.435628329377797
0.794532642460718	0.436319250551534
0.82052366168433	0.437726037779714
0.845318254406238	0.434740552164853
0.869294452509129	0.435978917642729
0.894995180401081	0.436085223368457
0.924990116697117	0.438352136721459
0.950998964018711	0.435925882054966
0.974722055627887	0.437513580709159
0.0274120664456492	0.459079240564287
0.0495885582247224	0.461638713248727
0.0786380527684151	0.461296134494192
0.10069414029246	0.460159261130241
0.127746729629477	0.463501175293837
0.15427477822253	0.461038092539962
0.180906509063014	0.46012085110607
0.205525682192974	0.462976525531512
0.231113853913285	0.463604758757426
0.258675125301939	0.46264944040471
0.283545013995233	0.461182262894045
0.310024882973126	0.459373055131129
0.330891894463443	0.459847995735822
0.359241972783851	0.463054558216953
0.385792211888665	0.46328731443365
0.407901159594351	0.459349372956591
0.433929309271561	0.461171543364692
0.461816254323579	0.459908548293061
0.489653519705037	0.460878007083964
0.51243622263556	0.459018187937274
0.538756502690021	0.462739853011545
0.565440444253341	0.462321216511173
0.587884381061347	0.462192038873876
0.61488844108031	0.461634511465373
0.643552328616083	0.461102741148054
0.664760501349158	0.459864766570622
0.689904956268885	0.46257370179668
0.719459327809324	0.460721604477986
0.7442211713805	0.459127714363358
0.767067250909481	0.459685815610268
0.796661645132014	0.45916833348834
0.822059747599809	0.460538229702317
0.845293842175173	0.461837322021146
0.873253040998722	0.463741695527966
0.899314828325031	0.462706161543615
0.92269450550333	0.462798176876659
0.949206186317324	0.463028048544421
0.973191400568499	0.463361059141873
0.0246292162458787	0.487582095810667
0.0491392150407578	0.485304415647686
0.076051637651645	0.488497099146898
0.103643023698953	0.489076705335854
0.128135717632953	0.489368477565842
0.152287592442638	0.487400855035519
0.177569849105905	0.488720658369517
0.205452725586174	0.486000238004495
0.23263948687691	0.485767897642553
0.253874444963293	0.484959280946576
0.281362044559803	0.486598928835747
0.306423314342225	0.48550729787985
0.334843517756225	0.488828516882933
0.359699056685913	0.48797048966994
0.383309856003686	0.485282534867461
0.408547433814647	0.486469759708049
0.434125423015203	0.486155516865612
0.460395254760051	0.484956163001949
0.489322759334381	0.485242298528174
0.514362371373866	0.488309400743282
0.537002820311943	0.487332181949722
0.566320256124811	0.488011760851099
0.591251869427536	0.487150710038528
0.61608813917818	0.488405108896135
0.641529581574101	0.487527059660818
0.664637871204609	0.486392832778561
0.693853920402029	0.488838207116716
0.71843764607781	0.486335603111412
0.742729194823748	0.487339317840885
0.771443868109846	0.489448809771123
0.792561557862928	0.485255390811463
0.821039049745345	0.487098467153241
0.845073696777462	0.487787664490124
0.873555061329157	0.486473291172652
0.898950096861921	0.48530338983687
0.925238993344333	0.488034869116409
0.951006480008264	0.486629868014236
0.971989901067749	0.487827967163403
0.0276922456329629	0.514223169746607
0.0529531142673794	0.512935651235016
0.0748649661657754	0.512656418219662
0.104291204807899	0.513263847023157
0.127948183775735	0.514624373255724
0.154738256539868	0.514805573435609
0.18130520779498	0.510722929202332
0.205693278284473	0.512815426066754
0.232638625946167	0.51516433523365
0.256743172188773	0.511432983262589
0.280097722817943	0.513969080186737
0.310255460616278	0.511928147958219
0.335530367009609	0.514046869435989
0.356672773590228	0.514507443751098
0.386103057288623	0.514252946755779
0.411820736391066	0.5129674572013
0.437232349048131	0.511150250490076
0.461968224095589	0.510459025675453
0.486572759076613	0.51317445722144
0.511712856892208	0.510552786919099
0.538270568723915	0.511607557445503
0.566009929920572	0.511755458679929
0.590605082026613	0.515241132456271
0.61542691334196	0.511941629759521
0.640136833890233	0.512663081071392
0.668552609333414	0.514277371001281
0.690358373961866	0.514773930777337
0.718732176156805	0.511372073992351
0.745610058037561	0.515047749173055
0.768508530280651	0.511941048572386
0.795353236494784	0.512123272989059
0.821320209182897	0.512995917097861
0.845446923723685	0.51103644637435
0.869646526732798	0.51476627130131
0.898593473304398	0.510859168116327
0.925564358545227	0.513564850447982
0.947119546615065	0.512830151934779
0.973127200643933	0.514584313000486
0.0256098943548682	0.538853545976929
0.0535510312955312	0.540845404455047
0.076669775567089	0.539645301476026
0.101094660673573	0.540783988070512
0.129775788822192	0.538588722503286
0.153470621967747	0.538791064872721
0.181230792006216	0.540370905662867
0.202824832897892	0.536008088625635
0.229924166441223	0.540210721884727
0.257138325978672	0.536272340508932
0.279494108805483	0.540653436567084
0.309625103300544	0.537700507755132
0.333845841854119	0.538341423521027
0.359684614523245	0.539456644729177
0.385242800314794	0.537185191181583
0.407968834289265	0.539271365956713
0.433893869137746	0.539466162998221
0.463598152288399	0.537781434165699
0.486995636237468	0.541012662830349
0.513580276997326	0.536771341434899
0.539658595021028	0.540290213390686
0.562895252304778	0.536226431232659
0.588628633483937	0.540494019467155
0.61364326648324	0.540696875820444
0.639627772223855	0.539748978852626
0.669096660285142	0.539391616548717
0.689958330218469	0.537877887992812
0.718800108460162	0.540562610877901
0.74232350094936	0.536463739307531
0.77109111440572	0.540340095913116
0.794898380483262	0.536497033405263
0.822703664175794	0.540477029270156
0.844567763158273	0.539116659486833
0.87164615266597	0.539458095661093
0.896729031037111	0.540415597230788
0.922458022714232	0.537574115157657
0.947783726127685	0.540827420223903
0.97198212213269	0.536232241515836
0.0274269548386567	0.566480680682831
0.0496339673069349	0.562728583928878
0.0750996410738478	0.563405768399475
0.103127892187566	0.564775259771892
0.128717870650665	0.563963752386164
0.155859890638514	0.561984815789306
0.180056539968366	0.563686235730616
0.203602495041997	0.564795847472745
0.229948569652478	0.566238066987564
0.257434024069526	0.565168883735301
0.282544313089716	0.566525202561917
0.309403132305235	0.564688175149431
0.332085187215344	0.563988272172837
0.361221396182989	0.564306135335712
0.383365935188784	0.56609322164491
0.408722712496121	0.565655286717957
0.434715700707978	0.562083441915477
0.460609877588084	0.564163482752466
0.486859590338815	0.565022257153732
0.510916687835044	0.564857821002432
0.540041380698355	0.56450528605031
0.562557623056957	0.565377907233223
0.589945257091298	0.566122439451132
0.616971845434302	0.561582625396449
0.638722765234084	0.566541424726114
0.668318032092826	0.564397227044783
0.691952517213006	0.564633626187636
0.717082028416755	0.564835768598956
0.74248675377344	0.566229111705102
0.770581165527243	0.563210059932012
0.792675647318993	0.566407948553877
0.821803854767721	0.565751331261559
0.848346724097408	0.565045261130981
0.870149853537099	0.56592196699514
0.897045261899452	0.562538944303392
0.92080167329727	0.56550766326841
0.950230177521561	0.566168964098701
0.976231751726794	0.564890256343335
0.0270199662615029	0.591290348679365
0.0501674829065937	0.591634824823098
0.0771401586058902	0.588973976582426
0.101500897679446	0.587854535423324
0.128078448552838	0.591295299441851
0.153835206989516	0.588644922952901
0.181998702176943	0.59210175015946
0.205177931436947	0.587504275512117
0.232066748774844	0.592150042698723
0.254312296886891	0.591556654576439
0.282528673604092	0.589621387808505
0.310086675788049	0.591987174561355
0.332280482418244	0.589902785777288
0.356746005703137	0.591601316916304
0.384318342630689	0.587667774748677
0.41254731474113	0.589604929475679
0.433449326767894	0.588207055890606
0.463923389275842	0.590573249920324
0.484990491582825	0.59006000477719
0.510710601741638	0.591913205987128
0.539203780636866	0.590650456634615
0.562504200773779	0.588665295019557
0.587804153425443	0.589088164447917
0.614698081030047	0.591269451533869
0.641720617668426	0.587269565075258
0.667911106612714	0.591043707098349
0.694323758380613	0.590506546862293
0.71863565303348	0.589092077808615
0.742383624721048	0.590948104685998
0.768928322980412	0.588198743561469
0.796975120833512	0.588542512902525
0.820592179125765	0.591044968559159
0.846243445247571	0.591317192712541
0.872539813387302	0.591683099304971
0.898263638219298	0.589537603652167
0.920692616364223	0.589692068677517
0.948831863867069	0.5917453483971
0.974634352792044	0.58762850379074
0.0245472023563475	0.615060134799793
0.0537063639721736	0.614558251225937
0.0791154674811596	0.614078366155256
0.103463916471817	0.617813659862243
0.129564692714067	0.614463888237794
0.153309450703866	0.615714529993449
0.177027862533753	0.615583941000955
0.202900836709282	0.615288457633407
0.231983346842668	0.615579063074006
0.256614629199458	0.617728869378736
0.280136835225411	0.614698764855792
0.306061327722666	0.61467656154054
0.335092589459544	0.616808513443452
0.360966363072464	0.61471108216292
0.385354240639803	0.617512464679816
0.408735000430264	0.617735825327494
0.434717249945274	0.613115972493741
0.45946914582284	0.613348711252563
0.489013546208185	0.613211940139042
0.510513773635083	0.613892976628262
0.539914884601996	0.615848371306659
0.566190554595873	0.613179324336051
0.590182550956464	0.61306232914705
0.617633204417817	0.614941200569016
0.641553062181983	0.615367106915055
0.668598641556731	0.613908213627562
0.691948611707884	0.615643464797158
0.720129386162842	0.617307873843881
0.745944717339745	0.614954961562798
0.768460939941937	0.616472922816561
0.795841532483309	0.614762379574596
0.822166891161932	0.613255627143552
0.844988991053107	0.615861239509698
0.870491982164013	0.616789289397521
0.898721924608086	0.617796168200238
0.921981280960013	0.616533251462122
0.949862248633965	0.615775580585541
0.974000452203039	0.614403943271876
0.0250225873769636	0.640120396913005
0.0533733416490234	0.638576971974116
0.0744170448196003	0.641525964544231
0.104826118170745	0.641940994787807
0.128270550305184	0.643270822747926
0.155420129655838	0.642055962324502
0.180322933412689	0.640855863195255
0.20270288026527	0.642848340036678
0.229257227146748	0.642881002573555
0.2566937865556	0.640384053648417
0.282209591404616	0.64176326221515
0.306470315985753	0.64051343879742
0.332825138202364	0.639818346853707
0.356780508606738	0.640008996133768
0.386843956215533	0.642930631166145
0.410359373059024	0.641772643385833
0.435093456404449	0.640252296394908
0.462294474407809	0.643565539729992
0.487406798780182	0.642083917484324
0.511169039370722	0.639233405807035
0.53760129446492	0.639211158800854
0.562145040079361	0.639754065841394
0.591288828451776	0.641256952129559
0.614582163161717	0.638862488913686
0.640586167553672	0.638880076566029
0.665914996765939	0.641258901627725
0.693542528515862	0.63935812921168
0.718405146069721	0.640269940204825
0.743991243469692	0.642127233380261
0.771581266552048	0.641074003095777
0.794063912258224	0.63847795137876
0.821696466968191	0.643408926856963
0.845439627166163	0.642556903446243
0.872021543302185	0.640109343387173
0.899062762651063	0.641995970990364
0.922136111582841	0.643499942051913
0.946784974645963	0.640960167761132
0.976513672780704	0.639785220982606
0.0264482105670213	0.664129849480179
0.0531215742336918	0.665611644740786
0.0764642178287017	0.668516384746206
0.100806353856429	0.667766780922931
0.128496925813049	0.666500305108076
0.155764421845911	0.664913503873594
0.179834994662286	0.666631112006932
0.204079869487143	0.66559869874461
0.229106507237296	0.667383700046105
0.256252333474636	0.667470452515539
0.284417355005189	0.666138463550764
0.305288471844403	0.665489936087184
0.334904178550929	0.666041048442851
0.358345572450851	0.666618709381429
0.386518990336163	0.666263884094679
0.40904888463963	0.665589205458737
0.437250840696231	0.666827321985274
0.459552201506815	0.665694906999128
0.485568994508386	0.668676345994907
0.511233078850245	0.664256658027651
0.540935266158011	0.665926620145639
0.561594972725756	0.667945179398966
0.591920749379894	0.664811604899341
0.616754082456022	0.665732023284335
0.642346937910048	0.669150030663822
0.667906875706051	0.667867895547383
0.692221739614582	0.667001341191842
0.716890731395691	0.667646285207845
0.745738644256576	0.666327131396613
0.768028626500032	0.664116481679225
0.793351903840793	0.666855465383663
0.820927437641543	0.667811934934894
0.847546131294754	0.664440432497003
0.873634853267812	0.664818060497434
0.895459417845283	0.668949432717915
0.922195078106308	0.66862411725023
0.950478337540918	0.666136813056488
0.975699053237938	0.666873811890828
0.0235926477928859	0.693846717795022
0.051024269837135	0.692910987515884
0.0794605758686892	0.690815080994911
0.103335704891328	0.692674117422675
0.129586914592543	0.690018262401224
0.151530524859583	0.694383817058479
0.177525528125544	0.6912353329046
0.202993599327439	0.690734766982148
0.231594420512837	0.691662304439891
0.258510567097613	0.694529070535886
0.28451189943042	0.691452916505798
0.307802460084095	0.691429920493259
0.333188118410274	0.689802832797307
0.359881994395653	0.690436867390227
0.383398018174874	0.689906951961515
0.411927270003766	0.693402968972486
0.433597637501183	0.689796517508678
0.459746360663548	0.694114053609222
0.489700611388407	0.690485684146422
0.51355314280533	0.6914165933858
0.538151891757395	0.691474026841372
0.561550120018433	0.692780863424379
0.590826707551607	0.691071920354491
0.61561495442845	0.690488589289841
0.641084249319077	0.690695300967649
0.664323633409918	0.692484471662672
0.690836921405096	0.694216163197541
0.720124146653958	0.69321341431369
0.742010796095437	0.692750500718785
0.769120116717422	0.691935722175651
0.79740536387341	0.693080229655798
0.82250456482487	0.693074180431387
0.848047990272047	0.693976943385096
0.874036037563588	0.693557358542556
0.897027340610009	0.69449645176433
0.923586508762189	0.692157961160906
0.948999954925606	0.691372006997435
0.974079537521685	0.692941105494209
0.0235328939778101	0.716752550718019
0.0521184734348906	0.720321948100955
0.0766097522375641	0.720263027124177
0.10271643062399	0.719306736688383
0.126432267669868	0.718065933843346
0.153913923169914	0.717154191461253
0.18141130988512	0.718702255274711
0.20449011687718	0.716761589655326
0.232490305114329	0.717252293877797
0.254849555059621	0.72019640213508
0.280322355665195	0.719427817850495
0.30826877304964	0.71725451827366
0.335400902921233	0.720283054253053
0.356885474869267	0.7167790293551
0.383076907846684	0.720300584589769
0.411246363626198	0.717620661718478
0.435297850550443	0.718244542046373
0.462742925732222	0.719670769351097
0.48908080484582	0.719100101297701
0.512437907340784	0.716778652730254
0.5375643584634	0.715407331929877
0.566109504129816	0.716638297620293
0.591178665945423	0.71952778768526
0.613126617388073	0.717200950509584
0.642069634831159	0.720322938945285
0.668422366982354	0.716275973210662
0.694644664693853	0.717320946791344
0.71875439553966	0.716861014959394
0.745789293654027	0.716120809930669
0.770760801591397	0.716896492388961
0.795100457862807	0.716292318102962
0.820503202338218	0.719965495616637
0.844330110576324	0.717664135130178
0.873410274689337	0.715839975901556
0.89675965844591	0.716095526365065
0.922364267651496	0.71718937084336
0.946465097386603	0.720018498239562
0.975493939024291	0.71899277746553
0.0271975619493209	0.741704959356554
0.0501525973045989	0.742952393266746
0.0769959547363207	0.743002469507679
0.10422992076914	0.743101034563392
0.126305802692471	0.745556464445546
0.15304612011627	0.744800791578166
0.177641139007821	0.742817261717783
0.205792937713613	0.742984245216373
0.232757575433052	0.74268913174886
0.258524134333864	0.746148291185106
0.281333279510429	0.741961990915739
0.308461597032879	0.741454013241142
0.331260056066642	0.744311599223097
0.360785870447377	0.745376056942173
0.386991878216615	0.742118266187051
0.409278604605039	0.741548897112152
0.437569656779364	0.74555319962339
0.459271117109438	0.745243506833503
0.485376631367657	0.744191635231252
0.515375677460601	0.743438837042042
0.538539561471993	0.74476885708418
0.564307054741063	0.741982106848975
0.590001516823289	0.743117586797968
0.616284744194071	0.745862630615146
0.643057293585178	0.743233793547048
0.666956963181136	0.744334039419643
0.689972743151991	0.744363162481723
0.718307933619271	0.743607876249118
0.744623659403894	0.746088022138112
0.7714097561138	0.745521466565981
0.797238854634268	0.746131099361951
0.819910790926343	0.745439428073022
0.844218901739306	0.745353926917928
0.86991937562024	0.745744053623637
0.895336012945764	0.744628801711468
0.921167710642702	0.743081920899971
0.948018956399928	0.745695565785356
0.974370957878207	0.741315347266083
0.0270520100627239	0.767141444726408
0.0511640313000389	0.770550058151568
0.075905230570077	0.769312830079211
0.104204547667745	0.76953289294199
0.126839762360281	0.768294525701411
0.152103735259289	0.767153356497712
0.180471778501643	0.767097843501235
0.205542087368032	0.769690267743823
0.230762223434169	0.771413153295922
0.258415916418499	0.769551249766694
0.280095005926338	0.771745538068689
0.309431420960163	0.766790958906308
0.334194500881731	0.771207527026955
0.359312214459196	0.767792833997266
0.385533643124429	0.769983671407707
0.408979258082553	0.770258151826302
0.434789343174505	0.77077120573879
0.462681352830058	0.76888072463232
0.487460424462426	0.770318531044709
0.513646095514762	0.770013198961535
0.536371052076987	0.766765583512989
0.563503975075152	0.771248251164596
0.587521777251101	0.767219009706799
0.615169776878322	0.767052354741319
0.642917430392377	0.76719761190861
0.667662281452964	0.770265271749241
0.692974822668742	0.76771582567342
0.72024100868376	0.768731809544404
0.743296828826864	0.770440701667278
0.770163160954997	0.770638539391842
0.792731201855216	0.770055980885513
0.820226187309966	0.769984498992526
0.847302610770129	0.770649580814405
0.870867792364331	0.770281112370757
0.899621447195989	0.771730678589641
0.925242205535629	0.76719861613548
0.94983415766565	0.771452675470665
0.97382453908458	0.767895920583556
0.0256227639597536	0.792889072417596
0.0499202210936237	0.794073254092048
0.0781367956126518	0.797097791280192
0.104234537308423	0.797229975456376
0.127071626719664	0.795905362436514
0.155514177626116	0.79555091255041
0.179644419731416	0.797261735733568
0.206880082851512	0.794280131431715
0.231472854869958	0.79578118668818
0.254425913047101	0.792429114025707
0.280636293930824	0.793158943811889
0.306345665545143	0.797257819945715
0.334848211846956	0.796669430395302
0.359660720593247	0.795787355754373
0.38653837714788	0.793041893179031
0.410480928154167	0.793042139366415
0.434083903078424	0.797175785870098
0.459009131458009	0.793705821082213
0.486264539599659	0.792853001169639
0.513234945457621	0.795545541310769
0.537427565705835	0.794424630063204
0.563361378392564	0.795092923236037
0.590234159493621	0.793708055890022
0.617778949296346	0.795992349445401
0.638581786701967	0.793956304780241
0.668455889495187	0.79628284381602
0.694707818236338	0.795449527292147
0.716022354383464	0.794842329478006
0.742271369402902	0.794253832482926
0.7669706855318	0.795698783725668
0.79647580226778	0.793131520739111
0.81935934425812	0.796071365429907
0.84768907041786	0.796976552966211
0.87140680711265	0.795793503276669
0.897871450241568	0.792369110059461
0.92262611794521	0.797199964954301
0.949565100388063	0.792572717186868
0.973646982492584	0.792546167380431
0.0261693861917339	0.818156420498884
0.050661428762401	0.818287481423915
0.0747216874502188	0.820948454367631
0.104274375998029	0.822944515348186
0.12828313447486	0.822710793995706
0.155064963876013	0.818565181205627
0.178895416768243	0.819001143607918
0.204143271108592	0.818684641482575
0.231011550242277	0.818544079613479
0.255520673581968	0.819236031664864
0.282307969663534	0.820255727209293
0.306705118645979	0.822167753524726
0.332351621345393	0.819339895195006
0.356597600589747	0.819842726620935
0.384076810738886	0.821122288408195
0.408851724330355	0.821885551137825
0.43752663201104	0.819669003017393
0.463150367868679	0.818715172527255
0.485847685513926	0.818270807037817
0.51495791954801	0.822854935455852
0.536553788635988	0.822176800640276
0.563915790174253	0.822989748378092
0.588429780916759	0.823016399128662
0.614782757904354	0.819087876577787
0.638909181611454	0.822750149045652
0.667404711891411	0.821526428684306
0.694445998532252	0.822374354593067
0.719571763281727	0.818226608544414
0.742836886170133	0.818399800023742
0.766836424272603	0.818649483643904
0.792879829341988	0.822369469812283
0.822299166613758	0.818060085920385
0.843703480070164	0.820632800117304
0.873205539192093	0.820614356022985
0.898685171140777	0.820015767178075
0.925185380047128	0.823017288057732
0.946495474395896	0.821756380163415
0.975842186796668	0.821332536580085
0.0272871944562304	0.845158458194369
0.0501867522347436	0.847058048615916
0.0787062802192731	0.844712496913575
0.103575250308316	0.845191481444493
0.127859182225555	0.847237759959697
0.154801495142793	0.845270945475819
0.178086083685846	0.847290465183854
0.205995549364054	0.848070184371729
0.230205808792276	0.846584917039539
0.255848517986741	0.846901282380196
0.281611420183695	0.848083776292473
0.310055414638682	0.847506152573015
0.333142203506455	0.845609934850902
0.359072859906342	0.844410307893943
0.386716478088293	0.84485629827197
0.408351417135284	0.844424284535967
0.436783767320275	0.846937531815405
0.463844561633893	0.844208416894892
0.486209616715161	0.84636768188761
0.515260327277728	0.848073688588429
0.540238546361532	0.846374455081309
0.562138010193349	0.848662016080567
0.58762400740729	0.848230516125659
0.616947945730351	0.845410836610475
0.643074213283331	0.848069212158885
0.669104986369825	0.846154858193628
0.690581700296163	0.848691488673312
0.717451953540552	0.848157537724604
0.743093595426814	0.848656246762886
0.769628978804487	0.845282552021262
0.792584557360837	0.848419827522539
0.821688105492903	0.847383244414113
0.845071564149218	0.844106072917553
0.873453398299118	0.84586504854215
0.895230949147269	0.845989490833833
0.921402374567898	0.848043597636787
0.951150613738423	0.847817279001883
0.976570248786471	0.846025195535282
0.0260166627197653	0.869322704957136
0.0527903811924241	0.869236852118656
0.0760223597804222	0.872060834369927
0.101731645457617	0.874216675530273
0.130475102904778	0.872942736525236
0.154032626304252	0.871248628748044
0.181093290113721	0.87426092754507
0.207234309131797	0.873108889077407
0.229505730626456	0.874114409907159
0.254236045405188	0.871822375229461
0.280928120752608	0.871054986809342
0.309116090032645	0.870808842887258
0.334940008581485	0.87355790684656
0.359637934042138	0.872567167115616
0.386462470338474	0.873215119597962
0.412402889090538	0.870154169166792
0.437077107656427	0.873283851627604
0.461694785236136	0.87217136004815
0.486101788251632	0.873891026560405
0.513635088795764	0.873748645143429
0.538979789304949	0.869484419084354
0.565882933131714	0.873335011334341
0.588600748236928	0.869746661595396
0.617454372063922	0.873022775839075
0.638462338628369	0.87156094107367
0.669160326769016	0.871384167271429
0.692933740365704	0.872887889699974
0.717629247777396	0.870483424870461
0.742296394239992	0.872164809450456
0.769018037010299	0.870700773014386
0.793881915068211	0.873671562346307
0.819983882320732	0.872657417149551
0.846929050296239	0.873632416649679
0.869730248902961	0.871081429443407
0.899017887983218	0.870610423621242
0.923952505296173	0.870263062366057
0.948032145848358	0.871627381785016
0.976733215939715	0.872371003821837
0.0272438080849688	0.89585476302277
0.0535645724914029	0.897457747626977
0.0752199144293584	0.89908824502063
0.10462258179617	0.899473288067066
0.13019398313556	0.896710139522577
0.152697755781395	0.896067860470939
0.181196106455561	0.895796879543988
0.206099126510557	0.897054616154899
0.228988662293438	0.898583221071979
0.257984250041273	0.899371163317637
0.281031648866493	0.898716822933182
0.308213150487014	0.895560125336147
0.334885898107183	0.899754411355319
0.360807347264763	0.898629386131779
0.383337062935464	0.897226732371978
0.410685694736831	0.895853895194484
0.437117121657957	0.898613772437145
0.462701314252138	0.899377691199931
0.486705688350413	0.897179433079964
0.512387665055447	0.897568707073452
0.536776916845595	0.89816480498063
0.563729007946903	0.898238446942586
0.592147152334397	0.896612848247559
0.616729811455475	0.897576907055849
0.642510318984104	0.897523025743766
0.667310555383357	0.895291510901086
0.693683804055302	0.89575086382114
0.719548339951462	0.897601891189214
0.745069319741752	0.897115716189864
0.767123034967137	0.898391816825633
0.79373935824338	0.897472132660353
0.818005486254232	0.8952980856043
0.847280840532715	0.895276354908512
0.870785064354417	0.896513873080635
0.899805344040822	0.898878690748738
0.92534215912448	0.899047598065374
0.949768034448415	0.898331518286302
0.974672578163473	0.899685436752509
0.025402156694485	0.925117722761152
0.0530417036349881	0.925058931227816
0.0750222875652935	0.920713543556755
0.104559192980338	0.924370022792481
0.127607059484901	0.923238083890529
0.151657219452476	0.923677804430451
0.180617567086904	0.925126942882363
0.204642062296236	0.925269407122456
0.229914009249222	0.92268407165546
0.254048983440539	0.925502994120863
0.279675519066842	0.925505722891268
0.308061179430708	0.923918751346407
0.333893467139199	0.925284150062497
0.360991403409943	0.923969607036506
0.382406176784222	0.924379978527965
0.41185080678732	0.922194504885832
0.43664560767053	0.923788844718516
0.462383303405503	0.925215814930583
0.485479002826895	0.922591074474421
0.514783590123465	0.921122880328232
0.539608085283373	0.924106324433725
0.563076812019931	0.921362654692775
0.590453282720755	0.923009875081593
0.617171215071285	0.921006192704212
0.639811787528005	0.920690374346446
0.667032578606236	0.921636050830088
0.6926785786043	0.922249658804793
0.716773974819931	0.925074896656924
0.742473618485091	0.924197678383852
0.769581179693246	0.921680660009314
0.792529035301924	0.925052380803387
0.8184858211898	0.921565386031679
0.847859582837185	0.92404194755043
0.873471236508986	0.924866483824417
0.899768920319541	0.920654367735452
0.924056962632856	0.921688808066834
0.946255364308753	0.922980096743841
0.97576324988991	0.924974004931471
0.0279175627672517	0.950404086553477
0.0493062310755658	0.948539390459672
0.0788777911500283	0.946195478329011
0.10070874930209	0.949570859129298
0.12904641486542	0.947840939699411
0.152782197201403	0.950096558994598
0.181405969468943	0.950810196817596
0.202665635483001	0.949772694644844
0.232488981311361	0.94667912820389
0.258550367481564	0.951215747478499
0.282098324992291	0.947724726092885
0.305467845233724	0.948342985906616
0.331421439735023	0.951028838681267
0.360613679405769	0.947759154109201
0.384609891189947	0.950673430695535
0.411789635420148	0.949579191057611
0.437100999938653	0.948434424783537
0.459724394328384	0.950746938717838
0.489087384402399	0.950733665218916
0.512766363742853	0.950463901811276
0.535941386398232	0.946869557305336
0.563518281894283	0.949130807962546
0.587193086195814	0.949730868549976
0.614306598947481	0.950051106628245
0.639566826264973	0.949238428308982
0.664543001567535	0.950575117807425
0.692049174243214	0.949870056555612
0.719675056055453	0.950533406884339
0.743254205083475	0.948039816742709
0.770747040796575	0.949629678592239
0.795626637342064	0.950430941284947
0.81924005488927	0.949641088745195
0.843987883618561	0.946457205375634
0.870861912877642	0.950916487812327
0.89561847458996	0.950942682429097
0.922330793507149	0.946206419522423
0.948905272294338	0.946500748777665
0.973385920149443	0.951117989206837
0.027720134915701	0.973568246956337
0.0504538313237246	0.9718606151925
0.078049777752391	0.975466192377644
0.100420536158852	0.972892642261166
0.127065802925191	0.97336246672543
0.154043846262687	0.973605941540181
0.17764509304198	0.976850529141165
0.205775863941354	0.976567060957098
0.228777981176352	0.97587664562937
0.25868905041957	0.976805532983488
0.284582598828541	0.975397435896644
0.307483470584508	0.972995143982442
0.33209117001989	0.97318706135555
0.35688380866713	0.972363982709775
0.382393333978507	0.974158395507453
0.407962012187833	0.976547190622169
0.434435355760716	0.975417289005693
0.462571976054258	0.973095233967339
0.488684456611449	0.975177515169866
0.514812760224605	0.974239712685323
0.537195661361798	0.974319121449431
0.564298411264263	0.975241147954324
0.587362381183757	0.974565810671503
0.615351550404585	0.972846542919458
0.638666402391083	0.972806296346569
0.664466115293579	0.972692720090446
0.694338394364418	0.975881895071176
0.719452352319576	0.973299042045995
0.742560339445997	0.974036447303778
0.767666051371967	0.973502576010945
0.797158826706328	0.974094414708967
0.821566692924725	0.976079727361353
0.8441977416658	0.975168782310157
0.873984581926397	0.974620685781942
0.895631678470159	0.972962980049123
0.920558485377125	0.974456244165655
0.9484482845048	0.973250338047422
0.976264275416833	0.975293033295372
