0	0
0.0256410256410256	0
0.0512820512820513	0
0.0769230769230769	0
0.102564102564103	0
0.128205128205128	0
0.153846153846154	0
0.179487179487179	0
0.205128205128205	0
0.230769230769231	0
0.256410256410256	0
0.282051282051282	0
0.307692307692308	0
0.333333333333333	0
0.358974358974359	0
0.384615384615385	0
0.41025641025641	0
0.435897435897436	0
0.461538461538462	0
0.487179487179487	0
0.512820512820513	0
0.538461538461538	0
0.564102564102564	0
0.58974358974359	0
0.615384615384615	0
0.641025641025641	0
0.666666666666667	0
0.692307692307692	0
0.717948717948718	0
0.743589743589744	0
0.769230769230769	0
0.794871794871795	0
0.82051282051282	0
0.846153846153846	0
0.871794871794872	0
0.897435897435897	0
0.923076923076923	0
0.948717948717949	0
0.974358974358974	0
1	0
0	1
0.0256410256410256	1
0.0512820512820513	1
0.0769230769230769	1
0.102564102564103	1
0.128205128205128	1
0.153846153846154	1
0.179487179487179	1
0.205128205128205	1
0.230769230769231	1
0.256410256410256	1
0.282051282051282	1
0.307692307692308	1
0.333333333333333	1
0.358974358974359	1
0.384615384615385	1
0.41025641025641	1
0.435897435897436	1
0.461538461538462	1
0.487179487179487	1
0.512820512820513	1
0.538461538461538	1
0.564102564102564	1
0.58974358974359	1
0.615384615384615	1
0.641025641025641	1
0.666666666666667	1
0.692307692307692	1
0.717948717948718	1
0.743589743589744	1
0.769230769230769	1
0.794871794871795	1
0.82051282051282	1
0.846153846153846	1
0.871794871794872	1
0.897435897435897	1
0.923076923076923	1
0.948717948717949	1
0.974358974358974	1
1	1
0	0.0256410256410256
0	0.0512820512820513
0	0.0769230769230769
0	0.102564102564103
0	0.128205128205128
0	0.153846153846154
0	0.179487179487179
0	0.205128205128205
0	0.230769230769231
0	0.256410256410256
0	0.282051282051282
0	0.307692307692308
0	0.333333333333333
0	0.358974358974359
0	0.384615384615385
0	0.41025641025641
0	0.435897435897436
0	0.461538461538462
0	0.487179487179487
0	0.512820512820513
0	0.538461538461538
0	0.564102564102564
0	0.58974358974359
0	0.615384615384615
0	0.641025641025641
0	0.666666666666667
0	0.692307692307692
0	0.717948717948718
0	0.743589743589744
0	0.769230769230769
0	0.794871794871795
0	0.82051282051282
0	0.846153846153846
0	0.871794871794872
0	0.897435897435897
0	0.923076923076923
0	0.948717948717949
0	0.974358974358974
1	0.0256410256410256
1	0.0512820512820513
1	0.0769230769230769
1	0.102564102564103
1	0.128205128205128
1	0.153846153846154
1	0.179487179487179
1	0.205128205128205
1	0.230769230769231
1	0.256410256410256
1	0.282051282051282
1	0.307692307692308
1	0.333333333333333
1	0.358974358974359
1	0.384615384615385
1	0.41025641025641
1	0.435897435897436
1	0.461538461538462
1	0.487179487179487
1	0.512820512820513
1	0.538461538461538
1	0.564102564102564
1	0.58974358974359
1	0.615384615384615
1	0.641025641025641
1	0.666666666666667
1	0.692307692307692
1	0.717948717948718
1	0.743589743589744
1	0.769230769230769
1	0.794871794871795
1	0.82051282051282
1	0.846153846153846
1	0.871794871794872
1	0.897435897435897
1	0.923076923076923
1	0.948717948717949
1	0.974358974358974
0.0244614266699955	0.0243286539799176
0.0499869605995255	0.0275020715181976
0.0794535986598673	0.0274209130068497
0.105094254606932	0.0274307896550725
0.127762523469035	0.0269309628086047
0.154611124109977	0.024483449593094
0.17892872188474	0.025722556821583
0.202642960972202	0.0232549460241905
0.23099455642535	0.0243008097229765
0.255087581984171	0.0250291840970813
0.280676729896554	0.0269711574646122
0.309261264771602	0.0234506935128531
0.331824004946633	0.024782697203012
0.36099146334161	0.0235391951496844
0.384221271287628	0.0266045077152109
0.409120748217626	0.0254032878521108
0.433924795762663	0.0234534442064105
0.45947298796156	0.0260003949547879
0.485257611494641	0.0246696083040209
0.510289797049194	0.025225222601049
0.538444980279457	0.0256018222597063
0.562493488739719	0.0278307509400695
0.588508696508676	0.0237715334278097
0.614767865730174	0.0253196988637536
0.64064529656373	0.0233816698502604
0.66574621993712	0.0245642143376243
0.692883782882942	0.0233229109574968
0.715663550873678	0.0251814605370424
0.741475762471693	0.0267120423947144
0.771211849510122	0.0239160115387036
0.795995429655189	0.0257279355444954
0.818598419924065	0.0274228327264762
0.846854171401619	0.0280273151710231
0.874259718402336	0.0246210873956894
0.894902514877523	0.026091786701383
0.922775149433232	0.0232368861380596
0.94753572820338	0.0268996369773979
0.974879407683387	0.0234331213474545
0.0267777836551355	0.0500770297652081
0.0518998717119694	0.05033465104797
0.078998252958473	0.0514074853364846
0.102540123288916	0.0492143340978849
0.130363356425624	0.0524753674944801
0.152998622889508	0.0536694804460312
0.179990065106546	0.0496237332653609
0.20650106231751	0.053557773732856
0.228347295509268	0.0492038985255991
0.258451928336438	0.0518969660376999
0.283063066485169	0.0488899231737616
0.308681130110776	0.0526819123256706
0.33257479040816	0.0517832711903031
0.360580359718781	0.0488368302021635
0.382743977021326	0.0498220615536698
0.40899785921985	0.0504680953136899
0.437843642068652	0.050704499179457
0.459388536510495	0.050598750286458
0.489263013225349	0.0520904751059607
0.515220356458161	0.0522546713457529
0.539166144574883	0.0517178807704181
0.565131518460127	0.0529698866789521
0.590184123104435	0.0524383665748689
0.616330028631184	0.0491482379088931
0.638842032195809	0.0492267622797364
0.66480647216001	0.0496013804851032
0.690957716954684	0.0529497499970808
0.71835498098815	0.05049327886344
0.745514253946763	0.0495618848374413
0.767908525652856	0.0527523798698049
0.796394848366676	0.0534934582957672
0.81941441493573	0.05199031413054
0.844909589755237	0.0525473837534537
0.872347107183592	0.0538347840062086
0.896117934365412	0.0519708360671565
0.924298062824937	0.0489633254647694
0.949838708212442	0.0492983310240107
0.974775430623794	0.0515538426431677
0.0260270196819836	0.0785205965670255
0.0525756781001857	0.0758227019492461
0.0757949089844778	0.0792390704214232
0.101461378504784	0.0748620182549396
0.125975089751273	0.0793541635383888
0.154012258519478	0.0764509317820371
0.181216605139381	0.0766652066537851
0.203030302467576	0.0751343092074026
0.23159098477448	0.0754002414399483
0.257436504760954	0.0764968159421243
0.28457051919661	0.0780244842725079
0.310208048580179	0.0786524087890933
0.332924369626828	0.0763701300381739
0.357700073679405	0.0780599490665687
0.386017492681883	0.075053404906848
0.410539165906269	0.0787373937660869
0.433839457911308	0.0769517896416597
0.462104275289188	0.0786214779429768
0.48826411511953	0.0747067086873252
0.514697839857504	0.0782459188572339
0.53741342269233	0.0793068263021901
0.562599780998859	0.07890819311421
0.589795267609252	0.0761920918576333
0.616458948727642	0.0751520604500506
0.639481855133195	0.0747591194662489
0.665871882822842	0.0754663436676751
0.69259720905553	0.0789997494440442
0.716819403189431	0.0782297920791989
0.74200021474145	0.0792386479066057
0.771263488245225	0.0779353407887994
0.794053137482499	0.0785911314103478
0.818818591165315	0.0770896830128222
0.845839612851209	0.0783925074551128
0.873612476678056	0.074434136569212
0.896922105615328	0.0748212436913373
0.921945740942724	0.076498048263877
0.950537276008073	0.0786549372723995
0.973664795097669	0.0781325708547913
0.0279755694425086	0.103280142809787
0.050163287574681	0.104486364511508
0.077126074770233	0.101562882070461
0.101363996017203	0.10434678501824
0.128691431411976	0.104939017730998
0.156356377578153	0.102849855481117
0.178064378035683	0.100438098380301
0.206141385757394	0.101316713750622
0.229090591254313	0.10003883699179
0.254486813656078	0.102272500583433
0.282021067244501	0.102806389772851
0.309305916973184	0.104930147841949
0.331188940832573	0.104615332893589
0.35922667319051	0.10034391530217
0.384226386056745	0.10043290206728
0.41178613240575	0.100448569118838
0.435315069970032	0.102648335910061
0.459186308786456	0.103820325733392
0.489296601367414	0.105100253444024
0.511281829365483	0.100727321235043
0.536432830943845	0.101666305263789
0.5649636288472	0.101821854423693
0.590558759310427	0.103150716103237
0.614639988119496	0.104886623394474
0.64346497366598	0.103153155469632
0.66604706209493	0.10079407792279
0.694095025499459	0.104602458930149
0.719412752132061	0.103184635907788
0.742131060615013	0.101338403298826
0.768281750021463	0.101070026580391
0.797345022340983	0.102716018279938
0.819538352421774	0.10028750684414
0.846896519003706	0.104132134905218
0.872627682358969	0.100642220860237
0.895117779984446	0.103431433868385
0.920659744720942	0.103821200739033
0.950002505379463	0.101335063861698
0.973269714853606	0.103374161148258
0.0264631510793507	0.130060546771042
0.0520199887879211	0.129676471747759
0.0757939302385042	0.130049988059583
0.103955866697019	0.127096583066342
0.128234055220334	0.126233993482489
0.152932112923509	0.127555054618147
0.180724067763376	0.128597272027846
0.20622838213373	0.129207491822081
0.231585842119921	0.125912926886874
0.256739981201418	0.127728472552657
0.283799380092507	0.126690966583098
0.306867995261415	0.13027092577898
0.33571352735778	0.130552052044677
0.359582662245964	0.126887592588158
0.384531929085911	0.128114252663218
0.410126750213755	0.129900299048638
0.437079799209459	0.126822289175085
0.459555917782841	0.127735252119243
0.484824630105776	0.126012418854598
0.511645463892116	0.126640553388997
0.537054947041144	0.128411737645921
0.565681148896195	0.12760487712354
0.590769418206096	0.129337647987366
0.613363198255473	0.129387624883327
0.643443837174688	0.129441351726862
0.668762013441416	0.127980727657882
0.694505567477119	0.129039652378705
0.716993228699875	0.128370404745219
0.744250434150882	0.129986087601552
0.771452190622493	0.1263606063557
0.797150084401482	0.127178338427358
0.818603765681812	0.126685867870902
0.845677287125018	0.129942247473708
0.869397902680559	0.127309394161849
0.899021604178668	0.126135683376538
0.921488957095582	0.128203830381083
0.949118142811402	0.129465876668885
0.972303799791447	0.128711022614835
0.0255183019738674	0.15601276262163
0.0502868105378615	0.156037717590546
0.0763095028824824	0.15547804754504
0.102507687051949	0.153881187624562
0.130631154784363	0.151760100047068
0.15423275516759	0.15557480156368
0.178696395362475	0.156270496413847
0.206007971277731	0.153662851719493
0.230439109949732	0.153006529276778
0.255168709556019	0.152123690167687
0.284579962415682	0.153813720815466
0.307671021713301	0.154033094132771
0.331562294947449	0.151581350412839
0.35743623860724	0.15572537037031
0.384082018132886	0.152816454679998
0.408377250418026	0.153893608383178
0.438225840171146	0.15230429965363
0.46040072618268	0.151793485866314
0.486206323278649	0.154056598345755
0.512774464763627	0.155574157517206
0.536705652744645	0.155256777972906
0.56552133677586	0.15451717932978
0.591233632916234	0.151974298056853
0.616403583095413	0.1548427722202
0.640418641283515	0.155632712528846
0.666546947074987	0.153391675379734
0.694329420013565	0.1524552957738
0.718891372597613	0.153099921214091
0.74193972706033	0.155805071302097
0.767847132183116	0.156177808518077
0.795520515129875	0.152696837062589
0.820215813713623	0.153244584368164
0.847887470794249	0.15589441123022
0.870081109093663	0.156372261188552
0.895087678223362	0.154648043098887
0.92550958505315	0.154879438156798
0.948866710723581	0.155962562999649
0.976118952268599	0.155242819925418
0.0244744015111506	0.178969961053314
0.0537671975528274	0.17942933397354
0.0778709245100991	0.181173650768546
0.103009742656167	0.177552724773749
0.127764306753551	0.176989966251098
0.152108400427617	0.179176158430722
0.180290136924097	0.181730352986757
0.202929290355	0.181370217769306
0.232059186242153	0.178962904484297
0.258861290625591	0.181057708332956
0.28364067547372	0.180557073655318
0.309404899903634	0.180042254837363
0.330825315338725	0.180484867714368
0.357691895181563	0.178058700669913
0.382574031175698	0.179144329346698
0.408754649505874	0.178083920691328
0.434866307591828	0.177023288935919
0.460192009030631	0.178022335224795
0.487422667275669	0.177948669066728
0.511841978266771	0.177833445082582
0.537894543324565	0.176935515610646
0.565630535144971	0.181747813558295
0.590304377188784	0.179547105688708
0.617170163284418	0.176968492124666
0.641063448313521	0.179317447108213
0.668917513850033	0.177098965920088
0.689979416982753	0.178818641124365
0.715546649161665	0.178583784690649
0.745999842861258	0.177649277217478
0.770315526403086	0.181131955197907
0.79689079720604	0.178584518645893
0.821059329309353	0.17778167626239
0.846277367516182	0.177537099128775
0.870559339394553	0.178514090518654
0.895309238003232	0.181232288565686
0.922882397607063	0.179006459363701
0.949018737592893	0.179021761246822
0.974882536589909	0.179830872157982
0.0241996993363922	0.2055174641332
0.0535574575416327	0.202674865673821
0.0790149960532999	0.205774031328932
0.103548361384489	0.203996485171699
0.129969746109242	0.20385718430453
0.154632473555529	0.205528972119559
0.178794216333721	0.204708000096411
0.205309116591618	0.206457779143351
0.228844260847029	0.20575965021792
0.256384486833273	0.20486700235292
0.284437393563293	0.202909829287532
0.307639452310019	0.20541721293444
0.333469266055526	0.203389982161143
0.357874219453247	0.205827299465111
0.386874193855414	0.206443339999289
0.410087506004828	0.203334829646812
0.434166424039453	0.203827711035337
0.461594095355355	0.206667512043376
0.487918724228144	0.204797342792062
0.512568249827192	0.206788197763946
0.536931358773076	0.206865589504405
0.566235005149772	0.203059326185577
0.589569443207531	0.202866091098922
0.616194291410562	0.206213005610674
0.641845273608785	0.207629873355378
0.665929468541033	0.204003010240361
0.692979142210358	0.204402037726894
0.720218400827346	0.202931017344438
0.74408359829208	0.203977436459603
0.766860737462277	0.206203136063393
0.793852595000953	0.206067707738168
0.819032875880777	0.205389352533456
0.845921410472477	0.207645353790741
0.871308814974591	0.202775394157587
0.895308244628698	0.203652670242547
0.923048659855443	0.207218044752737
0.94974771103803	0.206041192574492
0.974335044877376	0.204659704366591
0.0230819855141017	0.230015204473163
0.0531340480163644	0.230712245018508
0.0761157889929372	0.228211309605215
0.104582593889877	0.230971577505734
0.127133088746312	0.232951162291403
0.15577385045993	0.229614642546319
0.181990111764265	0.228925869941212
0.207542734635972	0.22906135931175
0.229621194091565	0.230992798258065
0.256600998970076	0.230243526227528
0.282128109584679	0.22855072969196
0.305660426827848	0.228711822978032
0.332225087350425	0.228596137317398
0.35924723166958	0.228911006522807
0.386091527440594	0.231869986331935
0.409343954188704	0.231645728796817
0.436262877578809	0.231175021441461
0.463001125283811	0.232596472549045
0.486005549733451	0.229864213800506
0.51245159138694	0.23040944594336
0.538069573817793	0.23309709502929
0.564025197731452	0.231434221623271
0.591662042115404	0.231171118048704
0.61460645700904	0.230160748585878
0.642229007926322	0.229218250443693
0.668921869898626	0.231104561006504
0.691308433343715	0.230630901169579
0.715536243375285	0.23268625236261
0.743281922983534	0.228502849415865
0.771562635128314	0.228296389269641
0.795073870774545	0.229799496215439
0.819830381463543	0.231305324695328
0.848482066775387	0.228287504960017
0.873074731293992	0.228424713130611
0.899387751266699	0.232142091929819
0.922516119138377	0.232261048967086
0.946706008439503	0.230196139086663
0.973913306519041	0.229220603346367
0.0266400362450211	0.255750352605356
0.049439328733016	0.257952927138486
0.0788380797710766	0.258714891689263
0.104429153209546	0.257422713773649
0.128475726516702	0.258569209551658
0.155994227755539	0.254845738992873
0.177219024648214	0.255201518475527
0.203694983240953	0.25623903106
0.22835858562483	0.254615192673334
0.257177963061184	0.255500082741726
0.28049347596575	0.256753710177168
0.310074673978593	0.258519659600067
0.333732124737782	0.254666400467191
0.35743229077021	0.254130156984924
0.383232756409421	0.254367012077407
0.408545918676438	0.258496780613506
0.435309543973076	0.258747533520189
0.463308973940262	0.256124524577257
0.48807684924973	0.258505696504316
0.512440594223759	0.25864364666207
0.537555896451409	0.253876118698083
0.564379706933774	0.255426672373933
0.588889839378801	0.254118007162503
0.612937506183662	0.256266966635139
0.640887268052345	0.257940595290055
0.666910283458598	0.254315443895568
0.690182272105496	0.258231594532818
0.715682038680954	0.258345522599741
0.745422404717989	0.255842741863177
0.768385604976842	0.25500817630157
0.796284638850722	0.254702276857448
0.819827567454299	0.258460650819357
0.84808760771781	0.258246860335782
0.873254132168158	0.255738104164892
0.896629184664921	0.255205827595681
0.924276116003342	0.25853909549472
0.946905664968244	0.253975774183401
0.976475813268478	0.255009123043267
0.0281135381930666	0.280521887216504
0.0526922050413456	0.284244196420961
0.0793827733026451	0.283718781530127
0.102063179580672	0.281273604025148
0.127884763227399	0.281593480015219
0.152505541811646	0.283068363655513
0.178299801850335	0.28449951087386
0.206419217758344	0.281639917551738
0.231171600059597	0.283606662222461
0.257358733813629	0.282203909107794
0.284481965556689	0.279979746810152
0.305652358319998	0.284571142539319
0.332560671569589	0.284340056830973
0.35783562790029	0.28149363485727
0.38705726032207	0.283090818549749
0.409925920982355	0.280159776521701
0.436810578028917	0.282010809603864
0.463905579664248	0.280453587419831
0.488483010027428	0.282392387272915
0.513089968399051	0.282953627649758
0.536140605511461	0.282561549363288
0.563748281677622	0.28006906283435
0.591918968620758	0.283986656130863
0.616554843023533	0.279506839329269
0.639870731547833	0.28453369459419
0.665379201710962	0.279866622455317
0.694049865349645	0.282799698110599
0.7163319515859	0.283823290063211
0.741570624374969	0.282245650314033
0.767274854962981	0.28124053750399
0.797359237259638	0.281178545094838
0.819227537529268	0.282868022186583
0.848386310274958	0.280195451738042
0.870284460729528	0.281476933802981
0.897420006064155	0.282268187641004
0.921106227831783	0.28368576610585
0.948602275242537	0.284378242236228
0.976673334938574	0.282989815132926
0.0241728948724445	0.308378449343212
0.0520835065957071	0.310173717287915
0.0759264509668512	0.309326458163075
0.100322936944105	0.307155370745183
0.128044366624725	0.307157260581117
0.156358415998731	0.30879788723273
0.181604370185197	0.309123888496443
0.206387707331842	0.306153248051004
0.230473738999042	0.309637532800122
0.256299540299899	0.308083163116377
0.281378051370396	0.306259157990926
0.308366826820871	0.309533450614001
0.332712902419862	0.305799859614316
0.35653757717706	0.305862431829616
0.38674973518993	0.309845217591137
0.412161207424077	0.30875373831763
0.437997696756152	0.307518929438522
0.46119287882622	0.307496466801535
0.485575006359997	0.30564592483068
0.514903383604429	0.308923370140249
0.537191392357639	0.307939248551442
0.563011502757942	0.306782390205496
0.587551731184313	0.307902239177706
0.615245009706773	0.3068011267039
0.638998969695773	0.309450724228127
0.666352250831827	0.306447362403384
0.692476331170505	0.305932196510632
0.717402434683573	0.309806454114211
0.741982022178146	0.308120588097629
0.766867398000546	0.306760861672231
0.794394622967766	0.308480529883312
0.822245325897645	0.308573661991396
0.844797618770034	0.309421614425848
0.870742034888126	0.309547610777265
0.897030370664422	0.307148410545461
0.925005498100257	0.306687759756528
0.948504772523029	0.307443911806562
0.976836276938922	0.306489664491519
0.0235099868119748	0.331908526257852
0.0519959691404858	0.333714621083984
0.0783880096381447	0.33410771232729
0.102276216118745	0.334345243288915
0.127966615789547	0.33442332455153
0.155590292207557	0.331681823162397
0.181322915189028	0.33436640685629
0.20452713454709	0.332318085516671
0.228408752581732	0.333655508265761
0.25702039016074	0.334044531925355
0.283729927746205	0.335535764827462
0.30579112531715	0.331801910663407
0.334291636200353	0.333779218421002
0.357546816143176	0.332858404174997
0.384080248337579	0.334636559785323
0.408075348421146	0.331567237989524
0.438070128772873	0.332404443280307
0.459368068478403	0.330897723838119
0.485426858626641	0.33197327921915
0.511685502211345	0.330798466894865
0.540498695800555	0.331109562189128
0.563024812023983	0.334774185097326
0.587963170460733	0.331335393713571
0.613731473570077	0.334283941739447
0.641906182578299	0.332971078030674
0.664873473012149	0.334029060991758
0.692939182846541	0.33171189978106
0.718416424848596	0.331989172866871
0.744381824988125	0.334269642204974
0.768091144026419	0.332210747222963
0.792508900470467	0.330791919420247
0.817954100302038	0.333160099656979
0.848576100706136	0.330894261789664
0.870402714792003	0.335292819624364
0.895986254269923	0.332209395150027
0.922363154754083	0.334919149376291
0.946973527490953	0.330970899901146
0.975311726164735	0.334405304898618
0.0271780735632334	0.357228524266633
0.0522750733536151	0.361225043244655
0.0745099346221757	0.35977176750754
0.104101373927538	0.360532540399466
0.127094417413019	0.360842740976049
0.155935595295304	0.357341792881604
0.178886121611126	0.359524683398084
0.204156809080215	0.361497624884449
0.233170713624857	0.360555198007895
0.257148725443213	0.359773829681868
0.280432688187964	0.358879869651814
0.305675341835409	0.357839295924407
0.332085287676034	0.359095432006327
0.357219516772405	0.359612617811164
0.385661424565653	0.358878074349514
0.409060091677984	0.358597492063268
0.436915093356233	0.356603588815993
0.464032153722787	0.358630167696118
0.489018118773537	0.35835728936795
0.51384330089902	0.358258615598034
0.540465966138907	0.35665595981156
0.56441290952853	0.360988133725892
0.587859830032553	0.357145171124755
0.613473905181839	0.358756978804642
0.643561688350336	0.356825805830315
0.666811261323897	0.361271426292515
0.693211825481225	0.359404067071556
0.717552787135267	0.360928863696189
0.745787782831587	0.358863135928747
0.771001474346211	0.358755885682326
0.794691904966764	0.358784288411969
0.820628135478751	0.359735314076283
0.847853731351713	0.358446883897838
0.869754557977468	0.359727422234668
0.898502469205295	0.358423506615373
0.922987061619579	0.358456424819792
0.946344708666645	0.356994640705799
0.974494195072435	0.356612917749483
0.027981865387176	0.384822070233301
0.0517976004039015	0.383525536851901
0.0751910347653609	0.384225382133034
0.10150328172343	0.386442977689437
0.128870034549878	0.385412631251526
0.151767846983659	0.383804503486764
0.179809562563152	0.384793922380443
0.207453465392943	0.384231395285537
0.232239880605906	0.384535875757516
0.256947066986705	0.38338430036726
0.28403461480768	0.38238743727971
0.307157949695074	0.385102893646286
0.331984597528711	0.383860851394658
0.36113412289402	0.383996974974612
0.386622705111132	0.384273194558095
0.411775405016177	0.382205686013261
0.438446003431849	0.385588651380449
0.459125605020723	0.384784870678861
0.486184640645757	0.385516828887793
0.512569085980791	0.386963099171576
0.536347911393693	0.384069436565692
0.564786519627897	0.386253836277766
0.590401671531362	0.384394506004456
0.614455315174592	0.383658185291732
0.642986208431211	0.383046779078472
0.66777880570293	0.383995603584215
0.693294448791619	0.386965118898859
0.715731091870876	0.382340279324131
0.742832517915194	0.382768988604823
0.771286849446468	0.385864186126674
0.79412509383794	0.384566073150549
0.822125183161462	0.38305142168476
0.844670584289279	0.384374099103612
0.871351033618524	0.384581592952885
0.897978595273693	0.385231513952265
0.922378609648305	0.38303612558615
0.9479142021782	0.386613869500048
0.975057555422615	0.384237285215911
0.024581423340119	0.410440877090367
0.0511294887862913	0.410439844984182
0.0759453154259768	0.409497570839314
0.101242150505937	0.407711330168309
0.126391065502176	0.410598255619699
0.153633153168417	0.41009368423534
0.17935197912074	0.409235597515042
0.206181601113452	0.408323649992144
0.231207296839328	0.409351882599667
0.256669802883804	0.412586839583528
0.281844662022148	0.408030341183492
0.305732829091211	0.408887473132822
0.33386795070885	0.408070099628117
0.357350856842161	0.411820364256919
0.386880492538352	0.4110258278583
0.412370291572939	0.411049808323797
0.436661222048856	0.408871229503157
0.459728299559605	0.412319412891195
0.484631210299164	0.41175926740451
0.510941136022876	0.41206138628891
0.537816089253372	0.412361695783755
0.565559307006641	0.412439990167822
0.588795516847911	0.411442441164414
0.61414688468056	0.410231922450025
0.642631489026619	0.408873729836179
0.666637315771053	0.40797117740972
0.690717650998491	0.409616650292631
0.719125724230292	0.411899238921524
0.744223723693169	0.412777918997194
0.770799872213879	0.408347644235846
0.795034883276494	0.410816604511222
0.821119890775909	0.407919066430782
0.844649148803301	0.410085309145206
0.869650161467242	0.409933802121004
0.89736045705755	0.41246623983888
0.921752952819378	0.409038661870445
0.949079463500793	0.41080741390123
0.976868144481403	0.408039553673725
0.0261615562671976	0.435897497618955
0.0526992993042796	0.436743286978259
0.0782314114615603	0.434358030891841
0.100289021878671	0.433444632217828
0.129277632604954	0.435066660966922
0.155200051983997	0.438244502484781
0.179638340000114	0.436572997358428
0.204855689656913	0.437013097681979
0.22837174414328	0.434795997091918
0.255031035265043	0.434091177512849
0.281768810386664	0.436465690982349
0.307539260439503	0.433631925270399
0.335796310064274	0.438073971070505
0.358363492866153	0.435976342954727
0.384707308344805	0.436088423712476
0.407806944577653	0.433653775627411
0.434550523049502	0.43455537675202
0.463695978521972	0.433740937202657
0.487346137946579	0.43338648139863
0.514120875776569	0.43572433521033
0.536356111014228	0.436434417508648
0.565295067001106	0.434866435670489
0.587642066133414	0.437921323734818
0.614869492259139	0.438284878148461
0.640890040463005	0.43510751138104
0.667411300411263	0.438081252159386
0.692534942066911	0.435107776732075
0.716203301106168	0.433930224204543
0.742879233940643	0.435180039750558
0.769981862845271	0.433356159001706
0.793766748641419	0.434567671214044
0.818388557962325	0.437732863062747
0.844107751047556	0.436184078993482
0.873838958209835	0.435735089662427
0.898763098577439	0.435304658091199
0.92562404185316	0.43785355818893
0.948837738894636	0.433991623653213
0.976030460286535	0.435325100874688
0.0234128668365775	0.463013732627582
0.0537791520508603	0.461833669402046
0.078337216300141	0.462271772080476
0.104701713997446	0.462766899598278
0.127215415202801	0.463194866071823
0.15599571962165	0.45937160692157
0.178827539263587	0.463949497540418
0.203612230056986	0.459324559960667
0.228773472119585	0.459163694661805
0.256120832086862	0.461659676905279
0.280862829003275	0.459567885535034
0.305643103521705	0.463073212999312
0.3328589930497	0.461880307696467
0.356438701509821	0.46286843191951
0.384423321183509	0.460130755737029
0.408676823698834	0.463277688446887
0.434043423716992	0.46231394356735
0.462122867027394	0.460855413390499
0.488603640326056	0.462899367041887
0.510720307350766	0.462551505740277
0.539465275401067	0.462229187287582
0.563873991501229	0.462738876803684
0.588519367303162	0.460562524994404
0.615103047969017	0.460321049062733
0.640114945790386	0.459952066063799
0.668034120423518	0.460438125939853
0.69039704733404	0.46201738370842
0.719014548292948	0.46119747604885
0.742277547102115	0.462083664028301
0.768410082159104	0.462820764963394
0.792597149995642	0.459534286021423
0.821856716441203	0.459710131803026
0.845219774275272	0.459240938728787
0.870449763598347	0.459113055335349
0.896136632009763	0.459717737128364
0.925344539251753	0.46342358769731
0.948801826585667	0.460531115908915
0.975719581242281	0.459906886017599
0.0266008740413012	0.48953271917949
0.0491478658237871	0.486356895884664
0.0762966884767672	0.485742125837838
0.100586670902118	0.486718054238861
0.127460068744952	0.485182959218417
0.151750630128154	0.486689302048949
0.178794789478798	0.486628076208522
0.204169642513022	0.485317947561723
0.230926049395855	0.485438253751374
0.257404706964875	0.485199287094453
0.284210679633468	0.487383809608789
0.30760456851242	0.485421472896683
0.333755394113101	0.486255899849838
0.359112224672147	0.488507329980918
0.382874336696783	0.485768040074715
0.409554992641464	0.4856227238469
0.437211697637996	0.489739489244088
0.462043890480196	0.488427809071215
0.489086194895344	0.484850204813988
0.514683950295589	0.485331556296637
0.540070358249346	0.487373268724714
0.565360526951464	0.485730069026813
0.591609052752501	0.488121652151737
0.615230285762105	0.48510129066945
0.6410899859921	0.486484876533576
0.66414495440268	0.48906306258022
0.693256143352862	0.488531552103798
0.720131934027597	0.486564186776166
0.743638637877616	0.486391396898978
0.769587207899657	0.486869172422374
0.795034441783432	0.488806856108697
0.822730464366153	0.489023567322568
0.845017026821033	0.487448198312611
0.869829408375762	0.488420549416715
0.897405863776956	0.489647840709919
0.924980149109998	0.487178208981839
0.947962518788123	0.488496215543406
0.973704935569827	0.489273477502285
0.0238592014553612	0.513205837350926
0.0525707050133397	0.51177955481636
0.0794377647936161	0.514879022282206
0.103985294065156	0.511356284790444
0.126073753131632	0.51515894178423
0.151821455958812	0.515173891269085
0.179036603822963	0.51032062188105
0.206697051494009	0.511431461360413
0.228884905457033	0.512068465931785
0.258195643416989	0.510880231009384
0.28387013152856	0.513507415641327
0.306877179596412	0.513740630899572
0.33523568014256	0.515166967922739
0.358205285820288	0.510366772594267
0.385977697603547	0.514789746508391
0.409442868160265	0.514549717002759
0.433808695369105	0.515103809485487
0.45900360916017	0.513685740019268
0.485306671034827	0.513179816657254
0.512800879988641	0.512014196770082
0.538705209701444	0.511351061150715
0.56252906077796	0.510401078248568
0.587968876253954	0.513485161330588
0.614998809139841	0.513742837629529
0.642278038321976	0.510823568053256
0.665835378106112	0.511973191394732
0.692168437633464	0.51380997216176
0.718720433986791	0.512987195095988
0.744357045960925	0.511400294142824
0.76700050935982	0.514992371304108
0.795680881137553	0.515342248154547
0.821808854769729	0.514053342547774
0.84852224181586	0.510479099877922
0.869587507506136	0.5113227164137
0.896594720922785	0.511130707909162
0.921731612353403	0.51452084111636
0.949471624081386	0.512035387290441
0.973626561388214	0.514914678778635
0.0252423925858244	0.537220560383875
0.0491938684810039	0.540716176611274
0.0776657650247248	0.538636573034522
0.104489935081341	0.536456192213944
0.126348199863365	0.540428379090149
0.151473090046075	0.538585864699268
0.178787862537075	0.53864458166892
0.202841323448455	0.540412926950769
0.228573063644766	0.539415789076738
0.257521474494463	0.538094835132393
0.282736328911013	0.538703929863745
0.30633361206823	0.536767860149966
0.332045844223214	0.538205057717274
0.359536360870522	0.539538389927181
0.384355033509162	0.537193603854104
0.410623816540389	0.539974818637253
0.436449422890179	0.540192955562457
0.46022124527365	0.537776027580469
0.48823339434445	0.537697338371846
0.510762512041277	0.537870513354842
0.537828858966627	0.539688096863187
0.565681523884751	0.535997715713731
0.591207706767383	0.537977065869711
0.615905236568545	0.53846444583173
0.640783203082494	0.539989522755883
0.664521669033366	0.540912173498256
0.693694335269177	0.539536944401761
0.718463471149586	0.540674697435676
0.744894069992131	0.537757906900108
0.766837351827961	0.540013878629585
0.796703896432563	0.540975222965292
0.820245823418069	0.536404824556909
0.846988882648511	0.538237479088673
0.870672505091834	0.54052318200632
0.897816709298385	0.536494216153836
0.92055544460347	0.537064392288648
0.949962336557594	0.539158860560338
0.974628370405884	0.540971949000209
0.0259586193939009	0.564173933976421
0.04948125898723	0.56303616316134
0.0784418641854486	0.563991592505357
0.10311530259736	0.565789198350156
0.127748597506567	0.564238893975156
0.155525057997074	0.561914763937043
0.181435143758696	0.562744100130457
0.206792667282776	0.564336278021845
0.228215352145841	0.565398568857046
0.256810121479635	0.564799637509452
0.282715490626863	0.566560533884172
0.306291413109599	0.566051902104994
0.332594439638641	0.563291590685036
0.35931628807654	0.565914005764087
0.382880027887813	0.565056570004647
0.410750067896033	0.564674538247776
0.433467679201304	0.564276455217239
0.463964672893726	0.563377977450762
0.486516695137646	0.56277831111623
0.514346930030835	0.565694070378745
0.537741144144661	0.564096599694366
0.566021518515382	0.566637757277316
0.589100241373384	0.565820862817423
0.617508894528161	0.562905997438515
0.639936439618301	0.562347354692627
0.668542827342891	0.565186102315816
0.694560588206778	0.562791258046036
0.71720703936897	0.563220576886762
0.74542499059969	0.563419753600295
0.767928277759873	0.566231305105254
0.793703921286935	0.561547106983734
0.820585563313533	0.564746312126365
0.84735693973368	0.562997346094266
0.869313916094931	0.562445860104194
0.89888326646929	0.565604767704926
0.921421697775673	0.561716800103335
0.950989363272712	0.564261613149342
0.972466195607828	0.566352148064705
0.0279840872863191	0.592201001946494
0.0497777565495172	0.590036959669811
0.0749140175844419	0.588694682236644
0.101040284829959	0.588131109765579
0.126141096675935	0.591917106015422
0.155303263613725	0.591246046468555
0.179018456212647	0.590872118659812
0.207576630808483	0.588006710066808
0.228500139146234	0.5904784705351
0.254646015765871	0.587364229004329
0.281810453916518	0.588899925453208
0.308928500736609	0.587985359260619
0.332280540570083	0.589941026526599
0.358933794006893	0.58855884283779
0.384582836786573	0.589120439556185
0.412319205548862	0.588051836431458
0.434034176142708	0.59191270107442
0.461967247158149	0.589804813900841
0.488099724369246	0.588056901894724
0.513041651660355	0.588339030166567
0.539513273846618	0.590851301526572
0.563924962306578	0.59203477241306
0.590945381417926	0.591085138871408
0.61708248922527	0.587314510140244
0.642687863525639	0.590498882297479
0.664492017946115	0.589426124217162
0.691846959646442	0.588162407531926
0.717036993718348	0.587805084093799
0.744986738635089	0.589387522395077
0.769261433313745	0.589290611654626
0.79398839641677	0.589337054045249
0.82156628111716	0.588238863264165
0.845089264122873	0.588912788850445
0.870403256078132	0.588787408155855
0.898179993235333	0.589832758947101
0.924364226067196	0.58815536983469
0.947284316294498	0.588251467224003
0.972019805430061	0.590707220994921
0.0245500480008737	0.617304210955879
0.0510071397393883	0.61472072594919
0.0767704743591421	0.615649955481056
0.104934485724182	0.617261408858898
0.127698275479597	0.617036857721109
0.153430904691017	0.616463265616511
0.180134782617298	0.61359132013144
0.206734410852708	0.615680569701797
0.232493293517712	0.616876601879181
0.254810212556187	0.616815106714224
0.282208722125263	0.613302094977164
0.309656268703194	0.616825750606646
0.333585018764533	0.61674679292266
0.361226079887023	0.616622641894256
0.382483958240908	0.616683321579646
0.410523413415365	0.617461082758644
0.437787378063416	0.617848197144809
0.463632669583577	0.617771159392242
0.488155752748443	0.613079102839893
0.514451956934994	0.613983787224582
0.537421124057716	0.617758145221413
0.563180852235513	0.613371870565793
0.592168207945889	0.613319750589487
0.613894487792227	0.614075560830201
0.640988939848346	0.612983207801683
0.666018674775027	0.612986638921791
0.691227530515593	0.617509893815948
0.717789189467939	0.617145752280021
0.743452722409799	0.61517065143908
0.768171162380287	0.614398339253115
0.79590407806986	0.617116208792257
0.819316945955572	0.613340737042786
0.847316752624597	0.614342561921825
0.869590516543827	0.615606197907343
0.898792642972993	0.617776423409705
0.922946084981437	0.613020636022418
0.946743167141313	0.616435862097809
0.974293648109539	0.617489281362702
0.0231637059305851	0.639670021338628
0.04992321550386	0.639423805537695
0.0747888944613819	0.642009943892329
0.10053557651003	0.641789730290435
0.125761607493988	0.643431008283704
0.154661664260429	0.643335490231049
0.181779857755777	0.64103602335424
0.204027062896163	0.64238593478038
0.231003106039358	0.643172240079257
0.256959383982748	0.642888330009182
0.283630838001345	0.640141652363573
0.30930542371726	0.638504406653789
0.332127014000704	0.640835348814734
0.360106433411401	0.642135520922121
0.384949824986088	0.640987518367562
0.408218284367644	0.640454934713264
0.437304379259286	0.640847791246641
0.46059744670318	0.639216735847961
0.48812474022834	0.642643051653222
0.510414076614232	0.641337753578629
0.53906353883163	0.64107672005665
0.561963709192023	0.641272870593498
0.592275541749549	0.639376116826717
0.614422676812755	0.639802483700205
0.642276213465642	0.640224652690198
0.668879060190279	0.639133883581718
0.690313776405787	0.643524175913896
0.716417681281493	0.639554694985705
0.743095201125923	0.643465009165577
0.769064489515858	0.642030416732838
0.796234426556821	0.642195662966675
0.821542601138728	0.643190863716365
0.848569691856176	0.642818516156245
0.873198522567037	0.643492695332609
0.898396901268054	0.639398319608456
0.921340077240022	0.642435643179393
0.946813111311237	0.64254975286462
0.976315770039877	0.640348096629068
0.0256048987197314	0.665575009776252
0.0532263223877808	0.664392488243373
0.0744317896267953	0.664880576453904
0.10169176508444	0.668666850903145
0.129202638396123	0.665969193903549
0.151566573224535	0.668991884990819
0.180485907188738	0.667189508762658
0.203931538229109	0.664319504010801
0.230396648021391	0.66908535091019
0.25418096998539	0.66756668195331
0.280424556531392	0.667251701740986
0.308193769474779	0.666218091329279
0.332582641573283	0.66733963665208
0.361358285933143	0.667905591468278
0.384985347262813	0.668788332662737
0.408588486062797	0.669158213131806
0.437496802209823	0.66905482795788
0.461924163138082	0.666439232740951
0.489183782379709	0.666519082718214
0.511699274046199	0.668228050880832
0.539713149083173	0.668433679416921
0.565214308223889	0.666155928863796
0.589769110322988	0.666416589892359
0.616591617256707	0.667883337191177
0.638949898484893	0.664707383184519
0.665951446257962	0.665035545074642
0.69031116663499	0.664941144455605
0.716294175302189	0.665090768500323
0.745598262918865	0.664805500795942
0.76781568727473	0.666545192095726
0.79326137501492	0.664535386147602
0.81842422923264	0.666783417657732
0.844186827640672	0.669101986059379
0.874356180643667	0.668766186269111
0.898499615155308	0.665072473386774
0.920973127008593	0.667078694302596
0.948623305993458	0.664646588164558
0.974133267971961	0.666345583618472
0.0275496156274869	0.690725670575232
0.0536411288062691	0.690658901949416
0.076895110713407	0.691666930103562
0.10019268590847	0.694527741537194
0.129538741752858	0.694449082069716
0.152278105932922	0.691707259177147
0.1786412624157	0.689924232473239
0.20592070712493	0.69468186190426
0.230042152237808	0.691546916838457
0.258224948343046	0.691262664869258
0.282043126106613	0.691113114181043
0.308904725906934	0.690691907587699
0.331913817412891	0.690163561148528
0.360958410509299	0.694544437963229
0.383620918550997	0.692651661567831
0.412736170560405	0.692698626177246
0.435073737705977	0.692358573278177
0.460870223233084	0.69288359328655
0.485700875983983	0.691830876163425
0.510853571981371	0.690363821864149
0.536986871846957	0.691456601420384
0.563097230285767	0.691384438217027
0.588798330528271	0.690691045421346
0.614979701132865	0.694040915343388
0.642014914358351	0.691774586444984
0.669179685740006	0.692707154413608
0.692485397131724	0.692608351921912
0.720223513323975	0.689991964502714
0.744131974213112	0.691946501770382
0.77115785101098	0.69388323092985
0.7942010207282	0.690829838506467
0.820349270040003	0.694508341933537
0.846379682653284	0.689940006830633
0.871089116923046	0.692225838525486
0.896215749818535	0.690449310435415
0.924732586342358	0.693918929933042
0.947391930759925	0.6900284082318
0.973074085670209	0.690948226095243
0.0249686635841355	0.719546101559641
0.0528613622783242	0.7183744934986
0.0750631096632002	0.717465243400265
0.101320081704599	0.717932780473975
0.129235148488042	0.716833519590844
0.153096322232467	0.720107440160131
0.178563748212746	0.718484125677834
0.203375499698533	0.718539263342959
0.229894734812767	0.716302610963254
0.258903096355574	0.720000352808849
0.279865011827106	0.717618710985476
0.307433040700045	0.716261069650839
0.335847265381282	0.717032326596582
0.359361365863112	0.716433335383852
0.384816872877272	0.718711099539279
0.409566061302136	0.71966633251555
0.433472718765249	0.716860894068473
0.461999459427516	0.719109729130334
0.485587430778158	0.716250575373073
0.512523614523213	0.715820375098962
0.535960497814713	0.715522966558216
0.563817302074623	0.720402366941812
0.588200895111233	0.71539630867299
0.615096077508021	0.717089207319332
0.640533713912669	0.716372610856314
0.669208853529051	0.720068719915382
0.690191433734323	0.715686291793239
0.719117551131529	0.71573118884679
0.742694503839964	0.720290227837673
0.767584302501554	0.718423223644411
0.795662438623576	0.718309152254352
0.818277840223838	0.71681067978849
0.847296930817443	0.718240138628974
0.873168940212119	0.716500489409252
0.896911730743314	0.71925001791322
0.925311435131714	0.717067925729664
0.948426211520923	0.72049761524846
0.97314686868955	0.717187788385953
0.024223082179764	0.74601550237892
0.0506120887735521	0.741716293309115
0.0761716048983488	0.744160852183876
0.10015171027238	0.745151075225843
0.127117181849925	0.745628018773156
0.156194724020989	0.744940632527262
0.177946923174213	0.743677780897201
0.205229442470334	0.741762511745438
0.231387959112755	0.743227232043665
0.258239618494445	0.745846598607827
0.281007202150305	0.745395606802051
0.309149042172721	0.742625362242768
0.333947780784994	0.743709598338249
0.359183934460876	0.741590624207565
0.384748914966701	0.741141024665766
0.408378208414925	0.741439396582053
0.435483653324201	0.744998367480122
0.459647227711872	0.74162945497008
0.484900299058456	0.741920573189207
0.512668581089599	0.743984493954605
0.540473421364778	0.745133503254989
0.561695140298744	0.745823064174741
0.587960481278248	0.742023822494065
0.614696562197826	0.742664357381276
0.640660180588364	0.744049551115919
0.668379075975373	0.74612606469894
0.693166860115743	0.744175580375552
0.715542466261746	0.744096602264251
0.746043409202317	0.745746737105962
0.769428958767808	0.745353277032082
0.793920046610034	0.7458676852924
0.819660837617936	0.746062354135299
0.845771657184386	0.742662092450002
0.874163714255708	0.74611053476516
0.897756438772017	0.744280996971878
0.924613419501213	0.744043306379718
0.946727964708023	0.745161541100574
0.971980584198207	0.745491173557916
0.0250572796976049	0.768577814826245
0.0506272827782882	0.771365464195736
0.0791581792100031	0.768576998536049
0.100303172239489	0.768748722414721
0.128723018535248	0.771209742689207
0.152774824260315	0.771116523454508
0.178104689356996	0.766874439975483
0.205204109539593	0.770539321178178
0.229655110145086	0.768438657905134
0.257754285025503	0.76985322013159
0.28315403076172	0.768794442929767
0.305848915590277	0.771688070602949
0.334999595663349	0.769651801707543
0.360874537687005	0.770741524182443
0.385137601162006	0.77137392548679
0.408222342786525	0.767917390966977
0.433789475214379	0.770783820507433
0.464028967656714	0.771281608011685
0.48500445329351	0.768473948679285
0.511957543472332	0.76898578358202
0.537530964684855	0.768247315153671
0.566419772848571	0.770067973253434
0.59221282483223	0.768765389454338
0.613075436981322	0.770406628564703
0.63879785633996	0.767944030375867
0.664500665757026	0.769344694405973
0.694342914587128	0.770318057568939
0.718514122833575	0.769992631335203
0.741325035146159	0.771670390517536
0.768776956173773	0.768052105932574
0.796198103934942	0.771405715053281
0.8188867240078	0.769653206693048
0.846057546341212	0.767661441276516
0.871375204809403	0.771043966577298
0.898604577610818	0.767100522035207
0.923032081348895	0.767940017429038
0.949223369282793	0.769468945464138
0.975927555677353	0.767600079776825
0.0262274036421716	0.797409410082947
0.0528005036268111	0.795939955467173
0.0761945053882335	0.793413091734623
0.103755047623398	0.793812233513404
0.125987011806959	0.793725641222705
0.151291550285037	0.79516990432625
0.181748439099245	0.792681461476391
0.20710800753669	0.795484454260401
0.228262947468771	0.793474742952588
0.255664083527534	0.795950281560862
0.281746468682884	0.794573666295402
0.307444984282465	0.79245242724074
0.33436582163519	0.794973875824472
0.360991269177462	0.795600236001119
0.384529866175152	0.792353946447816
0.411455944013668	0.797298809141133
0.438451955163098	0.79660504597706
0.46231574803118	0.797265695038451
0.486434366495709	0.796496251494042
0.513326216301399	0.795998772854326
0.536319627458752	0.792915834022558
0.562811865893904	0.794167830468667
0.590844969029849	0.793003351377628
0.616774912130162	0.793989705193093
0.64212421255954	0.794634287211314
0.665883775401053	0.795928211143348
0.690646865249696	0.795087402899356
0.719077374153563	0.794064090141792
0.743937999931634	0.793137885465974
0.767033154936649	0.797049232133233
0.79578883948642	0.79440647639875
0.820847138894634	0.79330581637752
0.848623357873628	0.794002685798882
0.870193470175812	0.792759643850804
0.899701985627442	0.792727713595782
0.920948873791304	0.792856873844808
0.946567815710675	0.793363988694562
0.975014675978767	0.793394339864942
0.0230827610930936	0.820404415226098
0.0496154232537018	0.822103251136591
0.0744501162456625	0.820117736698106
0.100095880945331	0.821699064578293
0.129880789639797	0.821075268744476
0.15192232758277	0.822156851932316
0.180919762590924	0.819194787469346
0.203072614756449	0.822999760005716
0.233077995284624	0.820565409288268
0.255577201132411	0.822909498030816
0.281061522443132	0.818531023254379
0.306655978231791	0.82162332175414
0.333535665466548	0.818171715349263
0.359155880394572	0.819730145070531
0.382890921470238	0.818709259546573
0.407933824667237	0.82150913058553
0.435978982778294	0.821996613528455
0.463514282746487	0.822445231195747
0.488890092487443	0.821197436660342
0.510423875939451	0.820844732284706
0.540115513290271	0.822614157171387
0.564679408226412	0.819584181419246
0.591839718377423	0.821405097478161
0.617256563291832	0.822513176948891
0.64003386265984	0.82277423862765
0.664180799385999	0.819583881055535
0.690904782602708	0.819024019384782
0.718891426980182	0.821429550993726
0.741286401414674	0.82000716457792
0.768672667143196	0.819174097877911
0.797358902691091	0.820959118564283
0.820636787932683	0.818161874904746
0.846755933739243	0.820935857243207
0.871648804182073	0.823018718763867
0.89621560133506	0.822355307110676
0.92410786278278	0.82194290782586
0.950888423559351	0.820963046894858
0.972902339054911	0.821058583891467
0.0236252816296731	0.847425353513641
0.052353033162873	0.844080745122172
0.0759650699869782	0.847465091949445
0.10484987130661	0.845724343553463
0.12735265295217	0.843640417901233
0.156206363450403	0.845821459615873
0.180240954060953	0.848153709787293
0.203720782154757	0.84814175530556
0.233184517987414	0.844065014468773
0.258594479173198	0.844930850240491
0.280964782443782	0.845487349885342
0.306997851800215	0.848544142030197
0.334920357748179	0.846972714157011
0.358863179283551	0.846364265719182
0.386075967202193	0.846200720643678
0.409893379015386	0.848423555418546
0.436760685252264	0.845706501981783
0.459684461221427	0.848576377088819
0.487097459642992	0.847713061044741
0.513847599163891	0.845528603354101
0.540727642893973	0.846337481306416
0.56646165576353	0.844794692498349
0.592062496164829	0.845394723812625
0.614709960454412	0.845963458101401
0.641929031775545	0.844030085188456
0.669050371394794	0.848577860665339
0.689910828634538	0.845508733858841
0.715917901488234	0.845494157032399
0.742439887232296	0.844311936907202
0.7705857407555	0.846685192100309
0.797423800478934	0.844462726556729
0.820192278208731	0.848171414432721
0.844309641916547	0.84370451424075
0.872130072572713	0.846184871332776
0.899057216538584	0.846196247702851
0.923819626092141	0.846633529690881
0.949849675663614	0.846780431581856
0.973049090881293	0.847597451599241
0.0255978604167475	0.871331339134596
0.0514000947998979	0.871351187104369
0.0793235901384076	0.872322509134786
0.102848917286952	0.870453725469522
0.127661339777432	0.870362459229453
0.154904567184312	0.872954252541113
0.17837473883979	0.872227298701699
0.203184016300894	0.871075145871757
0.230750076758175	0.870861064563167
0.255228210613439	0.869785840649185
0.283238693947404	0.87001732288375
0.309639007744179	0.871941644160024
0.33386736336039	0.86924241200509
0.358867363914641	0.87036633079207
0.387004018226207	0.869848368996945
0.408020824808885	0.871851699417815
0.436440026417353	0.870107712900645
0.459652572416925	0.872582396921107
0.489448241488804	0.870146561285033
0.514302243309116	0.870765742621083
0.539185710388969	0.869941694158589
0.564092217700681	0.86968042084863
0.591129818556141	0.873324700360291
0.61453774786384	0.869574175789469
0.642282271839594	0.874335377403422
0.664985716493578	0.86926664558606
0.692790522507635	0.873408281266707
0.715765902241516	0.873654851029607
0.744482357661297	0.870554795434003
0.768038737269447	0.873188080680627
0.796407066045188	0.873642738945387
0.818705156347938	0.873034460792222
0.848128548500989	0.870198060671283
0.872180659859809	0.871785468133837
0.899265479997703	0.87349009754359
0.925192053103057	0.870539906030213
0.946349621455818	0.869368754876264
0.972901309420352	0.873869136902019
0.0264920236145969	0.895202484591138
0.0487935416218817	0.895137707795832
0.0758453276581147	0.897942255837686
0.100260349202876	0.894999602065042
0.129463973779245	0.897892691486721
0.154064115796804	0.896769729958203
0.179496358048002	0.899119158339782
0.206845179358021	0.897658971359079
0.230437914781533	0.896236220061716
0.258355073643424	0.897073575587194
0.283640053738096	0.897478975758682
0.309416768662929	0.897357275275962
0.334344607540419	0.899806320021924
0.357231750705927	0.898634149868763
0.382098862715182	0.896454523147267
0.409302621024853	0.896929379886298
0.433651941698587	0.895017816754786
0.461988969874172	0.89594689975934
0.485258950976585	0.895317088664835
0.512246728323989	0.89718763929084
0.539333422701346	0.899407699850602
0.562114532694891	0.896748568846216
0.587893672987264	0.899838005399841
0.615001317668403	0.899010272338897
0.639009235661923	0.896095328129591
0.665318994905086	0.896554142184113
0.692501336326289	0.898758592585956
0.718812110211651	0.896510175435089
0.741742874829194	0.89606042210573
0.766808059928735	0.896871173829493
0.794588337195739	0.897512983735645
0.820329648056105	0.898928615331181
0.847777054251943	0.89891091426337
0.870823684519899	0.899746127594323
0.894883386848675	0.895672487689787
0.920759980402715	0.898235412573456
0.946198898882729	0.897278175454177
0.974162714784105	0.897814799532879
0.0274650693015238	0.925262766723301
0.0488159704348315	0.921729216578637
0.075821653823048	0.925040537526979
0.100770670838509	0.923868884238337
0.128898913855849	0.925223216432751
0.154949896012633	0.924894970668388
0.178979113833858	0.924761619205315
0.207286359192795	0.925184792585977
0.229923413662962	0.921335396294923
0.255305866886839	0.923324197569791
0.281634719483824	0.924490096015481
0.308869381140396	0.920948465875737
0.331490310331344	0.924783619107234
0.358429038624686	0.922403857946041
0.385333417744575	0.923155289205198
0.409636608626819	0.923599973834726
0.435360329976153	0.921129536189844
0.460313427016385	0.921359468310308
0.488818937690166	0.923585228483183
0.510744395290315	0.92167689613067
0.537226401898464	0.923902191378241
0.566646308216368	0.925179836035689
0.589398592523459	0.923166793081349
0.613098374039871	0.921403154157216
0.643205980917407	0.921849879013327
0.666776118195826	0.922862290194641
0.693008297642476	0.920991664726636
0.716741894289453	0.922970655202727
0.742161616371273	0.923074052903969
0.769549485384036	0.923685343261353
0.796983097752413	0.920837467490073
0.820215269580807	0.92278980298782
0.846241846416916	0.924179551550412
0.87366857202177	0.921716371352804
0.895014125637402	0.925058271330845
0.921262027771441	0.92450742899844
0.947513146370819	0.924635347973824
0.975223264184879	0.925285205203203
0.0258884803273024	0.94768649373001
0.050010582313637	0.948407347374242
0.079448051912597	0.946328453104393
0.10048764656836	0.94738745645528
0.127969730311023	0.946655478883021
0.155472594563611	0.949200073090096
0.177979567867027	0.94947798646786
0.205633056106754	0.949946499019822
0.230176158543377	0.946532378473841
0.255399424231703	0.94686037570918
0.282556307337392	0.94803648983916
0.309792998373852	0.94746672558766
0.33325253127936	0.949912110863251
0.359450602552596	0.949033707252924
0.384046939399661	0.950512908380202
0.412643488582145	0.948409399985329
0.434237446596138	0.950951430073109
0.463787142308917	0.946312066600221
0.485072988073726	0.950358430594125
0.513140887455962	0.947514930708701
0.537495532998284	0.94684278029341
0.566415701718203	0.949963932014096
0.589313966605071	0.949484264103404
0.615985563514433	0.950181421373005
0.643508120663387	0.948685315279527
0.666789856380909	0.946511261564189
0.692175687099841	0.950682919116402
0.715659440336567	0.949262535934179
0.745338592592983	0.948877262932474
0.768923881712127	0.947019395114707
0.796786585931398	0.951000784355126
0.823056140568428	0.948857496451256
0.844922671849701	0.947238886806119
0.873540483375225	0.951153364945948
0.897636446527257	0.947165328471225
0.921754659021259	0.947670928080351
0.94627841395825	0.950409705161088
0.974217178673723	0.949304079679816
0.0252494641035042	0.975671547599517
0.0530931266009633	0.974301809637102
0.075207573595878	0.97202784833959
0.101392009193241	0.974687178554503
0.127255000047291	0.976145115248115
0.151966977469839	0.97222749771911
0.17963890881704	0.976690494751128
0.204172177559935	0.972609809148925
0.229490598453545	0.972306113536622
0.254767627551534	0.976420616968881
0.281582407311596	0.973600880194788
0.309301099909695	0.975717650794097
0.332083788271384	0.975074151628849
0.358505902706326	0.974453465281205
0.386871227381434	0.97422411525896
0.410046747167449	0.975787056133392
0.43818917065766	0.972871963125875
0.463342979556868	0.974389712305333
0.485924158894658	0.973881766784158
0.51234328021141	0.975293303422756
0.536804058948128	0.974847703726153
0.562605826020825	0.971956706577705
0.591684920826333	0.972678635107492
0.612971208897869	0.971910327361324
0.643194508189685	0.976664211629256
0.66764109501459	0.972806108815636
0.690113350569054	0.974433163772539
0.719701890843262	0.976596508339142
0.741108128414418	0.97690236825866
0.767612018767908	0.973057107239478
0.796697367932506	0.973405688721578
0.821752088111585	0.97394171479096
0.846136009031299	0.975815215939324
0.871408126351442	0.97369632400645
0.897262638033659	0.975738306253396
0.921074717364592	0.974090753389671
0.947284034044886	0.973816833184667
0.973391343828089	0.974675825304599
