0	0
0.0256410256410256	0
0.0512820512820513	0
0.0769230769230769	0
0.102564102564103	0
0.128205128205128	0
0.153846153846154	0
0.179487179487179	0
0.205128205128205	0
0.230769230769231	0
0.256410256410256	0
0.282051282051282	0
0.307692307692308	0
0.333333333333333	0
0.358974358974359	0
0.384615384615385	0
0.41025641025641	0
0.435897435897436	0
0.461538461538462	0
0.487179487179487	0
0.512820512820513	0
0.538461538461538	0
0.564102564102564	0
0.58974358974359	0
0.615384615384615	0
0.641025641025641	0
0.666666666666667	0
0.692307692307692	0
0.717948717948718	0
0.743589743589744	0
0.769230769230769	0
0.794871794871795	0
0.82051282051282	0
0.846153846153846	0
0.871794871794872	0
0.897435897435897	0
0.923076923076923	0
0.948717948717949	0
0.974358974358974	0
1	0
0	1
0.0256410256410256	1
0.0512820512820513	1
0.0769230769230769	1
0.102564102564103	1
0.128205128205128	1
0.153846153846154	1
0.179487179487179	1
0.205128205128205	1
0.230769230769231	1
0.256410256410256	1
0.282051282051282	1
0.307692307692308	1
0.333333333333333	1
0.358974358974359	1
0.384615384615385	1
0.41025641025641	1
0.435897435897436	1
0.461538461538462	1
0.487179487179487	1
0.512820512820513	1
0.538461538461538	1
0.564102564102564	1
0.58974358974359	1
0.615384615384615	1
0.641025641025641	1
0.666666666666667	1
0.692307692307692	1
0.717948717948718	1
0.743589743589744	1
0.769230769230769	1
0.794871794871795	1
0.82051282051282	1
0.846153846153846	1
0.871794871794872	1
0.897435897435897	1
0.923076923076923	1
0.948717948717949	1
0.974358974358974	1
1	1
0	0.0256410256410256
0	0.0512820512820513
0	0.0769230769230769
0	0.102564102564103
0	0.128205128205128
0	0.153846153846154
0	0.179487179487179
0	0.205128205128205
0	0.230769230769231
0	0.256410256410256
0	0.282051282051282
0	0.307692307692308
0	0.333333333333333
0	0.358974358974359
0	0.384615384615385
0	0.41025641025641
0	0.435897435897436
0	0.461538461538462
0	0.487179487179487
0	0.512820512820513
0	0.538461538461538
0	0.564102564102564
0	0.58974358974359
0	0.615384615384615
0	0.641025641025641
0	0.666666666666667
0	0.692307692307692
0	0.717948717948718
0	0.743589743589744
0	0.769230769230769
0	0.794871794871795
0	0.82051282051282
0	0.846153846153846
0	0.871794871794872
0	0.897435897435897
0	0.923076923076923
0	0.948717948717949
0	0.974358974358974
1	0.0256410256410256
1	0.0512820512820513
1	0.0769230769230769
1	0.102564102564103
1	0.128205128205128
1	0.153846153846154
1	0.179487179487179
1	0.205128205128205
1	0.230769230769231
1	0.256410256410256
1	0.282051282051282
1	0.307692307692308
1	0.333333333333333
1	0.358974358974359
1	0.384615384615385
1	0.41025641025641
1	0.435897435897436
1	0.461538461538462
1	0.487179487179487
1	0.512820512820513
1	0.538461538461538
1	0.564102564102564
1	0.58974358974359
1	0.615384615384615
1	0.641025641025641
1	0.666666666666667
1	0.692307692307692
1	0.717948717948718
1	0.743589743589744
1	0.769230769230769
1	0.794871794871795
1	0.82051282051282
1	0.846153846153846
1	0.871794871794872
1	0.897435897435897
1	0.923076923076923
1	0.948717948717949
1	0.974358974358974
0.0230852278476902	0.0234150378819268
0.0521881553774698	0.0260765518362476
0.0762852247736943	0.0256431572212144
0.103670521702226	0.0231087257505978
0.127852992124258	0.0274429511102101
0.152168247464359	0.0246735137647323
0.181055367193791	0.0267349730716317
0.204743376639845	0.0233573884352137
0.228713375965225	0.0260144631778559
0.25887351928362	0.0277084283838556
0.283751256005845	0.0233500714365316
0.309854879856879	0.0235166780928571
0.332374578763908	0.0251702852687288
0.359372066508418	0.0248391408148533
0.38423249298149	0.0237697968981008
0.408255706352635	0.0263525872743145
0.436913533784168	0.0279146305260194
0.463284766905986	0.0257726938975807
0.485251042231145	0.0259719650286892
0.513965203364818	0.0244624212093154
0.53747539525496	0.0275724829726526
0.562134628890299	0.0264277746360889
0.591487808102489	0.0252733588516987
0.614758461135293	0.0233914742309111
0.641732225887572	0.0281007624799654
0.664601558008704	0.0260788959946154
0.691478274882646	0.023218503333794
0.717177231421709	0.0233954015979012
0.742610333092489	0.0236889063794911
0.768554253652496	0.0249091338092251
0.793786715251152	0.0237817042511875
0.819271327981508	0.0238009827806006
0.846324258619098	0.0269167554970852
0.870817150636645	0.0237608795418315
0.897318537584977	0.0279873181230255
0.923132415446106	0.0265691029222613
0.946572704109728	0.0232184652402874
0.974124605399205	0.0270161626104867
0.0235472999912827	0.0499847473818537
0.0528842692383886	0.052232162561361
0.0749721676419039	0.0495049029638367
0.103784329381163	0.050246341955476
0.126704195631077	0.052000635771988
0.156193581408919	0.0489914927584209
0.177585811201022	0.0496280257853353
0.206536753819441	0.0511546536406297
0.230543066392993	0.0500364389269512
0.254875975832081	0.0516279315336192
0.280835825576165	0.0524692180231848
0.308506008983274	0.0520992924430234
0.334506072471888	0.0493808538838016
0.361042999978548	0.0519885993667187
0.386205011740548	0.0529117010753258
0.412132690185376	0.0523837790761815
0.437717531730559	0.0536127897743234
0.459443459376684	0.0512666026378716
0.489460791690169	0.0529374304542191
0.513306051376747	0.051402498766276
0.540593334746864	0.049582806006489
0.566083957898452	0.0538336193835251
0.592116225386179	0.0504287058541501
0.61641886980543	0.0503295167954858
0.642520746394193	0.0535306091978809
0.665471897508894	0.0501839173706438
0.690098328622855	0.051081314735314
0.71772059860802	0.0524176546772639
0.746110601007312	0.0525151218047801
0.76764798880348	0.0493236348499856
0.79550252519371	0.0524108709112004
0.820880735766019	0.0526144330318723
0.84497560071484	0.0500158360460193
0.874291849094596	0.0515644612140979
0.895522959567395	0.0536219984812082
0.923852130526121	0.0536951701767427
0.950116189952687	0.0528549194167753
0.976792841061452	0.0520338613043066
0.0280511717192046	0.0777904181239372
0.0496371646751177	0.0772146340994454
0.0788748446170489	0.0758750942524196
0.101667632908775	0.0760969139835234
0.125998262199432	0.0746272843184533
0.154494231821754	0.0748584861961172
0.181809753277045	0.0780753187014983
0.203816232481424	0.0773249446409852
0.232081397800321	0.0769495442484621
0.258444567777354	0.0749483717945651
0.279694354618926	0.0745207895844905
0.305334305987234	0.0757134909607642
0.334743306237909	0.0749156322546709
0.360220693943543	0.0784089474057814
0.386580713363531	0.0770925813555704
0.410010556455573	0.0746948757130692
0.435688655524373	0.0777500351870353
0.462345679167174	0.0759628139440466
0.486986189403285	0.0768440717968052
0.511058459513263	0.0766114106780855
0.53888841915926	0.077565306595454
0.566247749075026	0.0745625588978369
0.5894053686204	0.0743613707228666
0.614994464993382	0.0767786447186265
0.641763436068774	0.077472577645593
0.666189756115673	0.076367456194222
0.691472632610883	0.0768577607331468
0.715976837426002	0.077944983361935
0.745269462716084	0.0751968448045536
0.768195083981688	0.0758721033121649
0.794942338515434	0.0752030380159298
0.82280416244566	0.0784704225546802
0.846651090919908	0.0746750607464023
0.873750355030213	0.0779657414063743
0.895833801686725	0.0746271456584827
0.92506413850095	0.0790089944712765
0.946368258460422	0.0755678444095937
0.975474236195162	0.0780745833747877
0.0264164355694517	0.100430447088927
0.051183557516395	0.101437377830946
0.079000432672356	0.101393600660128
0.104412316036239	0.103126291440223
0.129141240431224	0.103358956041897
0.155922195940881	0.102665174535284
0.181811980875541	0.100954885889785
0.205476262495014	0.101754474349812
0.229244555679426	0.101678914974211
0.255076446372784	0.101602626813787
0.283180413810859	0.101104413304191
0.30699202746074	0.103118722412685
0.334877260008626	0.102057304074768
0.357421166561253	0.102027999114661
0.386749540763582	0.104509264447783
0.408491334322107	0.102292149329244
0.437893240487057	0.103731326583746
0.45940440165308	0.105088914687467
0.489106224695306	0.101846965769973
0.514175051189111	0.103605822521127
0.540901639076184	0.103650392815363
0.565685518968001	0.101327111332938
0.591595120977993	0.100038927566211
0.617668643974657	0.103684302857492
0.640566384569437	0.101638585659474
0.666397262533169	0.103302743321848
0.692904191965196	0.103205105215858
0.717221504877973	0.100759774315463
0.744886788952674	0.102193760800329
0.770076249554686	0.104668678644327
0.7951824287678	0.104065122262318
0.821430904236219	0.10438822469442
0.846687667946956	0.100583798334644
0.873922766185747	0.103804835782975
0.896942325509083	0.10457545790507
0.924130345524138	0.10255389240951
0.950545170262152	0.101986732201928
0.973602616001181	0.101800839149699
0.0260422757468779	0.126598515269492
0.0538212057745241	0.130159408663481
0.0753039789436558	0.129640800210745
0.1006115054624	0.126516265833345
0.129272490817174	0.126448712501508
0.151522401368004	0.127184654899368
0.178078329530638	0.127144651826238
0.202890524468574	0.130118864650396
0.233131926572884	0.128838453039788
0.258966727210728	0.128538964042
0.280333314038909	0.127754208592672
0.307417879060897	0.126274810307042
0.335159439695598	0.127488678102363
0.36085882223707	0.126976146440963
0.38293604017678	0.127136724117387
0.409486605642184	0.127063427678712
0.43562558396398	0.126909318828123
0.462053208585193	0.126587425920627
0.485952678165166	0.127133270269949
0.512013010837907	0.129328280880589
0.540121915520506	0.127750922439457
0.563250892321743	0.128486137904453
0.587412703241402	0.128526823386166
0.617097770050351	0.130342207432867
0.64270283519288	0.128749800573625
0.666045957618978	0.12849449243775
0.690512309089572	0.128259515631828
0.716695635743762	0.12727006271702
0.745786576854533	0.129164701523278
0.767236619011956	0.125912836509267
0.796487317636764	0.127618830553498
0.818772337432129	0.126995400014501
0.843998571089475	0.128171261082032
0.869896061414922	0.127186244557902
0.896091209899814	0.126558773129927
0.925376004275623	0.128582245999528
0.948462865489652	0.12564717766002
0.973079543948886	0.126581194159743
0.0234246422187856	0.154400916849142
0.0537286778520478	0.151635832876562
0.0743737060825832	0.153356739361684
0.10335214122433	0.154830019143773
0.126388629735425	0.152239414514324
0.15634713873171	0.152999222392068
0.181942040225875	0.15204737617479
0.203361396727333	0.15399370875831
0.232562674638041	0.155684734542419
0.255331381667484	0.151387156996403
0.283574155922578	0.153756676270507
0.309994694841728	0.153701864321336
0.331540409173935	0.152958573463632
0.359630613720446	0.151984795486245
0.386493533633029	0.152847466846795
0.409549338051369	0.152196366826085
0.437935684171919	0.153793256354725
0.463640224481612	0.153669100283391
0.485090973301295	0.151381437016335
0.513897096549597	0.153105000862361
0.535910068956386	0.151834891359267
0.563221916344891	0.155859417121214
0.591615652717039	0.152396908034081
0.616494015211559	0.154780495556604
0.639433099483527	0.154354863468993
0.666471133749326	0.152726115466783
0.689763109173339	0.15463063680994
0.719068313480283	0.15430785005887
0.741798550277257	0.153076188192552
0.770655586792403	0.152255341254521
0.795506585436118	0.152148396848085
0.822866549114763	0.153679879521276
0.845424249953699	0.155322636075061
0.874238918375258	0.151451822633004
0.897481071327109	0.154575037916435
0.92298767560088	0.154555664820702
0.951116692499343	0.156362707144881
0.97543027946732	0.153468633276067
0.0258334881464484	0.17769555791732
0.0519908236259054	0.180457599125885
0.0768665654204175	0.179014974072362
0.100696643687799	0.180282131918598
0.127797912364379	0.178066957693949
0.152569541464669	0.180235186233808
0.177428588395135	0.181079645527044
0.205827966018425	0.180480743822986
0.231716277997696	0.178965909593764
0.254655168741713	0.181244237279029
0.283312799919631	0.181575823900154
0.305803748491196	0.180772355788857
0.331774152795687	0.181227116063009
0.357104076342798	0.181322320894376
0.385135951129368	0.178591238063707
0.409067849858877	0.179345706169661
0.43361987923956	0.181502751604243
0.462252813316411	0.177198905228943
0.486655171831546	0.180915729448943
0.511987584172293	0.180622299516339
0.540240761486649	0.177162295159717
0.566467891060898	0.177524693496777
0.590219978644351	0.177271676659753
0.613612463084469	0.179992463436229
0.642445681191949	0.179324864464316
0.66820994828964	0.180322048201589
0.694447131702041	0.179785285783501
0.719868819829364	0.179272412019368
0.744856591948893	0.177874327760246
0.766735955416373	0.179118479616648
0.792809639401468	0.177878201825985
0.821563173784799	0.182023197791508
0.847897167467114	0.180646718516168
0.873718012572562	0.18099573341695
0.898158788853626	0.179136034993818
0.922190164077266	0.179973136512307
0.951262172077351	0.182025998798911
0.97205492129157	0.177072825956488
0.0255215543384088	0.206552589446526
0.0489822940142293	0.206167152299077
0.0764070161398852	0.205005884358818
0.104880152271657	0.206134670112056
0.125817875494441	0.206366001046796
0.15359064474289	0.204609914629059
0.178045618894772	0.204311965599451
0.205611565059624	0.205370297619012
0.23126011068482	0.205156077703573
0.253969538900563	0.206039443792494
0.27963800163176	0.20767849429592
0.308979080141288	0.207180558387141
0.33574788881687	0.204642701220678
0.359323329026316	0.204130997569673
0.385906113191015	0.20665775661564
0.408816266728675	0.206821069508267
0.436287281425574	0.203779039119201
0.462109450524098	0.204247279014407
0.487198583566216	0.203892210129639
0.511085801891333	0.204244736613791
0.537559948886485	0.204087207606523
0.564508350281362	0.203439053899309
0.592194254040555	0.203701719058346
0.617855157307319	0.206610919069625
0.640889229398947	0.204370490455343
0.665064909988566	0.203506709989988
0.69331766518679	0.202685168742249
0.71576806829616	0.204756156741665
0.745627318564751	0.204806361629872
0.770892081188916	0.205112011520741
0.794078925259079	0.205453384061321
0.821504921829197	0.204102406951327
0.845869793609784	0.203798178150471
0.872042157919486	0.203928273181328
0.898024128675865	0.207479617613915
0.925059571455667	0.205877078138274
0.950168087544962	0.204357513100882
0.972165210139095	0.207627259916841
0.0237041941455395	0.229330042640264
0.0532890766793853	0.232592103495644
0.0769372822701656	0.231134845172205
0.101350130578005	0.229050047939773
0.127548583457077	0.231514767861205
0.154756567552196	0.229864499016085
0.177183412280917	0.230405852703281
0.203621819367289	0.233287100130562
0.228698681825939	0.232184297264897
0.258237242465115	0.230864259836845
0.281080126265555	0.232105652300677
0.309402365161778	0.228487027172215
0.333704214370364	0.229497824444785
0.361013560008934	0.228333419463931
0.386583369348762	0.232571104736328
0.40963359350358	0.230109017736639
0.43463948112263	0.23019664295202
0.463035671363885	0.230820997020597
0.48933214434188	0.229768633967272
0.511572721783731	0.230720223282835
0.540631538175096	0.228611327385958
0.565220900175628	0.232976238621019
0.58986914318815	0.230379216262557
0.613142562045372	0.231868072636518
0.641250804537725	0.228244043633211
0.665519162914009	0.230345233789019
0.691534750121053	0.232124663965409
0.715983841980164	0.229777134934468
0.745047676041218	0.231757538979999
0.771182979616886	0.22855284668435
0.795881886329624	0.232406562875959
0.818992896645597	0.231116326533954
0.846218178877793	0.229098663874189
0.872857071275743	0.233084920781565
0.899420783262789	0.230651382251233
0.922379473482896	0.228289952784081
0.949996620053063	0.230969384924153
0.975592219973673	0.228670915402159
0.0247355586537556	0.255574943321634
0.0509659756864332	0.256558923914495
0.0787525351714632	0.257411842930394
0.103091284113724	0.258860237082745
0.128287528917305	0.25641664649625
0.153248983367172	0.256402211776507
0.182016270275714	0.254184968301444
0.204666418344898	0.258016595000171
0.229076146866601	0.255160266788587
0.258613108571566	0.258680504845125
0.280669185706209	0.256224298796225
0.307546055395661	0.256717121393397
0.332228657503805	0.254326342428611
0.360708186280769	0.255981427983011
0.384790322232634	0.254406107030831
0.412000012377802	0.256655568808337
0.434640317681739	0.256799996349851
0.460958077331788	0.257882743194539
0.485223732201774	0.257556028951282
0.514582906743448	0.254129036508072
0.538441258748369	0.25633354774875
0.566625806901945	0.25789688578053
0.588816825126777	0.254415513473185
0.613117870799175	0.25745064441226
0.639948528045229	0.254946762393466
0.668149468941742	0.257554856649529
0.691236408155396	0.258865594362705
0.719925036370303	0.254273813813337
0.744596864661859	0.255342799901164
0.770954774712126	0.256602756101055
0.793205386837529	0.255283384462548
0.819008618771417	0.257804055589333
0.846750080861907	0.254693356796161
0.871378525823653	0.258766378874216
0.89546539273186	0.258605692039626
0.920941797580556	0.256502478695372
0.946245381117439	0.256820515491086
0.974378093464463	0.25644308283797
0.0246247625951579	0.283925152527887
0.0508567951299751	0.280412444698337
0.0753508385998061	0.281402538373002
0.103689901856613	0.283889592720008
0.129321440792817	0.28456523059618
0.152849032812165	0.281668431630791
0.17698174169736	0.2801896609647
0.205529564990474	0.279859160236157
0.232849454636029	0.282025345445636
0.255326501361524	0.2829009034583
0.28348186506618	0.280189838514003
0.308425535387669	0.280399256561313
0.333950191047252	0.279738974228808
0.360986098349402	0.281954328680968
0.385801041087402	0.281996024117578
0.410169819591666	0.280516296358727
0.435162920706172	0.282090492597568
0.459756251556975	0.28082219920623
0.487706561592754	0.281386528076736
0.515197129377685	0.281066595281086
0.539061181735518	0.281714204163107
0.565386883682719	0.280634026409696
0.590559472410913	0.28358520848267
0.615595942436685	0.27965232999246
0.643465145737459	0.280036570047562
0.667547906227854	0.282278204497208
0.691376107538018	0.28213009711836
0.719690254954299	0.282921501583918
0.742251331941125	0.283819465270226
0.767163056466234	0.283119239860777
0.793310293074022	0.279521394710442
0.822018366274432	0.280832520807992
0.844117078720217	0.280587097155516
0.873152125963996	0.279654134815932
0.896248569419613	0.282405999249482
0.925373229692531	0.282083327093506
0.946963239135811	0.280576776567284
0.973874905358573	0.282797341578388
0.0268917832370007	0.308431004791145
0.0507190590857913	0.307415783459677
0.0790566025147858	0.307350939968563
0.103270333581396	0.30744601052421
0.129265384715515	0.30806018857218
0.155002901316148	0.309965182878138
0.17879913458566	0.307520938759436
0.207606060223739	0.309971121344352
0.230995617409825	0.3080170107149
0.256217676242984	0.305441660935351
0.282632875517165	0.309745859183612
0.30904154700164	0.30677450701191
0.332595108636835	0.307319575562747
0.357366389928252	0.307131206985285
0.384299629744141	0.310028764384781
0.412358165305447	0.309179688179496
0.434965763411805	0.3054402041153
0.461390907213804	0.307822407115897
0.485172584480179	0.30745798903349
0.51246782589673	0.306840993588673
0.539092424445038	0.306413187703672
0.562323092952015	0.3070821732847
0.588357207757882	0.308963281941593
0.616447004661738	0.307241522285791
0.64117709388212	0.306245405388269
0.664800145741307	0.307089551619484
0.691108697089505	0.308293300412101
0.715827450919678	0.310175391206991
0.742848216114896	0.306700313762667
0.767320887374676	0.308297334181021
0.797291120739851	0.309771526104108
0.820063186209414	0.305160158369232
0.848672740172531	0.308161009208909
0.872189767180236	0.308135168640054
0.898298004634451	0.306400015110125
0.923044837876472	0.307102526850723
0.950673021582898	0.307360413700452
0.973996938601958	0.308398123372562
0.0246717071344112	0.335069412078015
0.0525905067161641	0.333526752351113
0.0765417832371189	0.333867964665466
0.104142533304282	0.332102350056155
0.126338813432699	0.33250485980753
0.156211175245968	0.332913171952106
0.179709311906785	0.333756219712938
0.207335811651012	0.330998495355799
0.231057641672246	0.335856526131115
0.25760552610372	0.335036585705391
0.283565634928803	0.335016469911
0.308511311999975	0.33310201080778
0.332131837773155	0.333063639162842
0.359505545547674	0.334144792156305
0.383871148145601	0.331216761521573
0.408593158013431	0.335829024625069
0.435593547878233	0.331043691327074
0.462215824011268	0.333542826636921
0.487812594222453	0.333776901721541
0.51107213272757	0.333270289329307
0.537219886209255	0.335686258615753
0.564562029612004	0.333511494609249
0.590761273729394	0.335395435060628
0.613270532734406	0.331499229904823
0.640139408911056	0.333669065865968
0.665443809682577	0.335757369900923
0.690961534517159	0.332018839141781
0.716494091801144	0.332178127019427
0.743905637447797	0.333327557142891
0.766709574292465	0.332370406895738
0.793514912002417	0.332142763824371
0.81835966832116	0.333813260180048
0.844944667771295	0.333506687638364
0.871918047071853	0.334960806210378
0.899756781486058	0.333979562418225
0.92561268269289	0.332726413890824
0.950440223877611	0.334907784840989
0.97483341063883	0.33557025928726
0.0271580681848727	0.358259641771958
0.0526328205920881	0.361043134392763
0.0744371824199044	0.357779108482154
0.101706711851136	0.356690263667067
0.127964486771412	0.359672141697319
0.154082663060304	0.357395703833043
0.181799118346592	0.357240564763033
0.205168088359807	0.35830220912708
0.232685804750067	0.357511259647891
0.256635888831578	0.36021915073457
0.282177074237858	0.360135108443735
0.306802701543659	0.360808456412957
0.33213343821881	0.359965778099168
0.356590405425466	0.360383213506361
0.383226692042439	0.358794395683982
0.409351283374068	0.357029991316902
0.435290412355842	0.361255555610631
0.462266238367243	0.357599382222991
0.485844674633951	0.358995780492059
0.514478754417744	0.357218293221154
0.537328780000231	0.357248616847074
0.56654566867084	0.360470033074477
0.590394662636268	0.35773764737794
0.614262538103918	0.358668184549089
0.642903300616461	0.357919696487522
0.668562645389211	0.361186279510825
0.692327354487173	0.356612811302232
0.71952958244563	0.358886721687454
0.746057273539048	0.360259690019801
0.770790872158436	0.35907622194956
0.796080278990491	0.361283075060401
0.822066347209493	0.359556954464252
0.846207192708546	0.356616787056018
0.87217830005623	0.359151983684001
0.896651081816004	0.357973913537227
0.921024112333508	0.359964668631228
0.950571066395835	0.358053765528858
0.975270772813181	0.356775460887977
0.0251666658788899	0.386982094617905
0.0512448822720434	0.384813963917359
0.0757593673809128	0.38638052281225
0.10357457005327	0.384903685842428
0.128276322300215	0.383029772563699
0.154696282025007	0.386348685848432
0.177425165268788	0.384429858669394
0.206545579550973	0.382158853858225
0.230695553882565	0.382173211780371
0.256944158933013	0.38648711025855
0.282959929364267	0.385501235403866
0.306008785882313	0.385715800316575
0.332363511680381	0.384312722327584
0.358239512356348	0.383581735780556
0.386489367830635	0.384201025415858
0.41047747963142	0.38296840628385
0.433812765519876	0.382161126509443
0.463477813426437	0.383627375981429
0.488392685632676	0.385401862938716
0.51420921945298	0.384107343330948
0.538248659997843	0.382778194004435
0.563444052510156	0.38536581752384
0.589063091774497	0.383419754216877
0.61565927023673	0.383194396144864
0.638667068678656	0.383577201095938
0.666746877767163	0.386266985042569
0.693024359229404	0.386650502736645
0.720218380560229	0.38707235517836
0.742014703846374	0.385338566605026
0.768188866185648	0.386165739710818
0.796632125751486	0.384793797875389
0.822488919723371	0.385473415369255
0.84470042942195	0.386153836482913
0.870197008085598	0.384058279385233
0.897409421360789	0.385469578090302
0.923896922623619	0.382348122403819
0.948021741121927	0.384907265062378
0.973475441954779	0.386326065320858
0.026217085571414	0.412162439077761
0.0512148143176279	0.41216449049801
0.0793944558786274	0.412379078943963
0.101505956811004	0.412736491540379
0.127875729655024	0.411415656928076
0.156144757362425	0.40839591743738
0.180170013317302	0.409155824855574
0.204201001725984	0.408263808113596
0.231546303871224	0.411359428475901
0.253980140975864	0.410114900785167
0.282439106275968	0.409284286006474
0.306670402630289	0.412652628108889
0.334141530014468	0.408555948434059
0.35804235782621	0.410678913189358
0.384291278389392	0.411903607283953
0.412592557033387	0.409504771147975
0.435886687477308	0.408088519710034
0.46137429103939	0.411949387739742
0.488167100506694	0.412110283113891
0.514652400831527	0.409875634932865
0.540545927004438	0.412374089306617
0.564565723843888	0.41046646086886
0.592173381847545	0.40961632260649
0.616216560765461	0.408453231434624
0.638617765433291	0.411477260073599
0.666507012292129	0.412496182886276
0.694004050105961	0.409222921035449
0.720485806339337	0.410281349735591
0.743143674355642	0.412097664871556
0.770282359516279	0.408706835515384
0.796853159098699	0.41069506696691
0.820189376350471	0.409690189116409
0.84365226622655	0.412136167775884
0.872812841602523	0.410176966437398
0.899743454601654	0.412055281542666
0.921834898102202	0.411964624295719
0.950392542814856	0.408466964147992
0.976404436516336	0.412328285898331
0.0241447693991616	0.434634508301114
0.0500774156496621	0.436686325640941
0.0790786250124684	0.43487536971462
0.103319018662041	0.435647610625669
0.128656885627676	0.4372008107152
0.151295984542136	0.437951559954009
0.181921345807643	0.437087942934455
0.207298545862468	0.436746229498805
0.231397272177233	0.435923824758745
0.258632153967214	0.437904578891709
0.280924116460794	0.437032027789554
0.309792189559515	0.436690928504365
0.334754139998906	0.434277342056532
0.360920921275438	0.434875264453531
0.382825114130004	0.438349782007387
0.409405953351605	0.436051922279007
0.435116318239654	0.435070837511059
0.462884028594881	0.436466257101767
0.486501844199932	0.434984089012903
0.512326657922794	0.436660056009319
0.539367963500572	0.434371897225006
0.562743512860849	0.433621636227162
0.591094149954561	0.433829439282906
0.617749808987749	0.434872135902839
0.643154139953414	0.43480683210225
0.665107444801828	0.438415137980126
0.693855997235213	0.434978004341782
0.719364761353767	0.434524119834581
0.741156651700835	0.436675888210555
0.770911275609301	0.434858195241098
0.797251236403055	0.43722768563496
0.822925458797694	0.436852996222337
0.84410356179862	0.437024514424932
0.870853504311008	0.43396024247722
0.897190974353326	0.43688764921607
0.92427245033026	0.437220764122467
0.950359493653291	0.436947387273205
0.972020034448489	0.434607157623042
0.0260175960031222	0.462478588704106
0.0534298814067053	0.462326282719504
0.0790665647510609	0.459036081677157
0.103408476358202	0.461808736889288
0.129192689099196	0.460642291001714
0.155244338748758	0.461911120621811
0.177577009251097	0.461801489296715
0.205479553900894	0.463162778365872
0.232056999849659	0.463515634258284
0.255666598886683	0.462838527170288
0.281616428571204	0.459458129307939
0.309189469883541	0.459993514360535
0.33564727367195	0.461973789803757
0.360120719319427	0.459781844317384
0.38272576541271	0.463602681617664
0.410486669701051	0.460912467911979
0.437370816559754	0.46356053540408
0.462571763162612	0.460310328197482
0.488538012058682	0.463415635117782
0.510778450311208	0.461678969215742
0.535966419281426	0.463086772934823
0.561545486102042	0.46406222770556
0.590509394912374	0.461894371837316
0.615137796336397	0.459999159686846
0.642271712353134	0.463101248544334
0.668488117496477	0.463255766308298
0.691313834980476	0.463236290325401
0.716045834162464	0.46381442652117
0.742633089934971	0.462093619240972
0.771249771176536	0.459473442212387
0.795708880076155	0.462561935645646
0.822425893960735	0.4609192734091
0.845559150788966	0.459531255614984
0.869497271967381	0.459427802750123
0.899359770971858	0.463873165147271
0.922907972282597	0.461344367204319
0.949033230153757	0.459287174828324
0.976357271844372	0.462404437841474
0.0245391793269277	0.489423180348339
0.0504149677112054	0.488193873546417
0.0757038909061113	0.486550603093665
0.102198799061013	0.488717726895359
0.127273234601173	0.488667550268551
0.155821456189106	0.488369453411754
0.17834890066455	0.486526099208596
0.205660091392646	0.489081432300294
0.230463351824099	0.487294176196132
0.258885534553222	0.488191211418841
0.280636634190579	0.486639793646081
0.307627916452416	0.487225739239366
0.332704645671353	0.485449426913992
0.357160928157085	0.486424525273326
0.382134142676025	0.48575390574223
0.408957903788797	0.485576500998068
0.438224957835183	0.488776063852788
0.46125953725378	0.486210182219709
0.487161505852235	0.485586085573831
0.510276992534677	0.484723504857433
0.540208378175593	0.485513167892519
0.566180320981834	0.486080801542045
0.588344471767048	0.48558285152953
0.615904866472815	0.486479582305889
0.643440344102147	0.488670923487535
0.666294517275425	0.48782171973172
0.691125112034467	0.486950315403005
0.718358745117416	0.48838235859993
0.743195185844467	0.485132952087263
0.770836446340882	0.485429520605466
0.795311745791131	0.48664378070361
0.822443659049019	0.484725626980033
0.846718866867107	0.487906877408012
0.874116066646958	0.485515979156797
0.896148735197659	0.484639291945362
0.925465883910428	0.487430735045093
0.949986111309117	0.487160692748823
0.973396578789368	0.488397242422446
0.0231383895138324	0.511314263848471
0.0531777098508515	0.513009666467932
0.0764108137352825	0.510445442115574
0.10170579454197	0.510747486844956
0.126500636202978	0.514065159722626
0.152228174530659	0.512711074308649
0.178615337709617	0.511390579175973
0.207338816510333	0.512727421716017
0.229391578739871	0.513581844616268
0.256431323627872	0.512686459841237
0.282128357818387	0.512910465460696
0.310235492039917	0.511030977798034
0.332778979716131	0.51365250907348
0.359585679138294	0.512636617566871
0.385671423832416	0.514310326723996
0.410774952409178	0.512476755200167
0.437698137843191	0.511181770374662
0.461334223737134	0.511530369118542
0.489297839950828	0.512043214989113
0.51167302946483	0.51305226341217
0.537032186771197	0.510470972359024
0.563255081162215	0.514380629985051
0.5896398525809	0.514228760581643
0.615235832882363	0.513812196675575
0.638684922434837	0.514246462228695
0.664464770048748	0.510399984232747
0.690621789640791	0.513656799166477
0.717722595930933	0.511973150400062
0.741433614598702	0.511412415821742
0.768586813968688	0.514213003447912
0.794632308014568	0.513068569392767
0.823030358331735	0.514741939825605
0.844735129571729	0.512500711878038
0.873782315913846	0.51355142950997
0.895012196981661	0.512331538738051
0.925029015757028	0.511910195919061
0.949230503219598	0.511829440003473
0.973386945466752	0.511678498228956
0.0255613930115369	0.537410411982392
0.0506800544830317	0.536970743644464
0.0753392529614992	0.538332077896289
0.103001868145477	0.539547192737163
0.127467461762596	0.538296035604162
0.152425020409922	0.540592342279994
0.180854078536544	0.536739826071446
0.20315289528391	0.537093567689549
0.230352579884056	0.537124896402346
0.255697625246762	0.53691357348429
0.283086889398695	0.536760219772465
0.310015826057702	0.540600657881914
0.331682984330486	0.537777867801909
0.359640795047861	0.540137458583461
0.386137562942995	0.539353762733067
0.412730020453946	0.539051290861833
0.434140722430208	0.538879967454216
0.46027226212443	0.53925839736628
0.4860468611606	0.540454754146767
0.511851307297726	0.536617071751252
0.54084658151583	0.536834584883126
0.565631946126186	0.539719100410058
0.589153825069496	0.539531263127952
0.615244189015209	0.538864065318777
0.64112543909711	0.537459091099571
0.667933041429195	0.536033614854253
0.690050991101608	0.538742825032455
0.719954853812605	0.540212432355124
0.745104568843735	0.540408557588672
0.770396786940231	0.540296175896969
0.79419852169474	0.53816791577552
0.821132996015418	0.538741034764652
0.845977287848837	0.540764100934963
0.871806019317569	0.538332750114277
0.898956290040583	0.540007255088882
0.924153343131726	0.538748429308921
0.947804690795049	0.536577946144964
0.976325637867493	0.54088300609791
0.0237665938330199	0.562312917329998
0.0531289407501357	0.565059633944118
0.0776382398212972	0.561726521715514
0.102193773474943	0.565788698597695
0.130373662849101	0.5628731380188
0.155284554705762	0.566274847113345
0.179608623531044	0.562985227587863
0.20334651975331	0.564580849436975
0.230691994328747	0.561910741249832
0.256358350438688	0.561565432648973
0.279638547368604	0.564327176296201
0.308549671007048	0.561901676212727
0.33195040966049	0.561763781059554
0.358397347049271	0.561670321369919
0.384783914545641	0.565992209865854
0.408792468172182	0.566653246489179
0.434854036253667	0.565009838829652
0.462457530491905	0.565342183106279
0.485307773623118	0.565099180842481
0.513210393034135	0.562624584785301
0.537370417528988	0.563230554786607
0.564721067249627	0.56278533565683
0.587866079469177	0.566022957300901
0.617727316975909	0.561738137187054
0.639875093273199	0.562946131194646
0.666670094107413	0.563962646652987
0.691161941672454	0.565420754075866
0.716639052155615	0.562715165341806
0.745718908657255	0.562052288010453
0.770053729531109	0.561700316709729
0.795263274383434	0.563936711212552
0.821488382358903	0.562019705860342
0.844683619395786	0.562721385214338
0.872564969601237	0.564911515851513
0.899065825256637	0.563104342832369
0.921300585694325	0.566337140257423
0.947463726063022	0.561561099676323
0.974518422262336	0.564048930809707
0.024778674550398	0.587980527054377
0.0494936843105782	0.59043475905912
0.0763226026397985	0.58726183957391
0.101876078510404	0.590356724163829
0.128376763718427	0.591175326837263
0.152278379599975	0.589332941177985
0.181096714001892	0.590971089266924
0.207452790770117	0.588555786577664
0.230559559319499	0.592155820890139
0.257143564149162	0.588521841119579
0.284546388748089	0.587610400498828
0.305637125783597	0.588759342122044
0.332303863890663	0.591747242568801
0.359770763332971	0.591112047425597
0.386328171941394	0.590836614651621
0.412295468892892	0.58867989547999
0.435183322970295	0.587264814913661
0.460305918541021	0.592266599236862
0.486164532356284	0.587573524031697
0.511055410310797	0.589214386262367
0.539840708020395	0.588932374351614
0.562695264713997	0.591685002506625
0.587250813356618	0.591154328901471
0.617820216992482	0.588193221859705
0.642330984610159	0.590129955436013
0.667391607700378	0.589788151597268
0.694603304369609	0.590929417472329
0.718210113723811	0.589946096443931
0.745886403068487	0.589236388461631
0.769116224389952	0.588212980419533
0.796596970278117	0.58811306229008
0.821086035313102	0.590322917622894
0.848211303280853	0.589066030922528
0.87199390514339	0.591128315465871
0.898123535358703	0.588309849009893
0.92059810245203	0.591862570907203
0.946817736661654	0.588825066191513
0.975613879719177	0.587431521146572
0.0257185337071699	0.616391039235739
0.0538248872546214	0.613898381659937
0.0789849979797904	0.615371401202802
0.101195124960944	0.615029046518207
0.125854037236376	0.615819167461616
0.151655745232792	0.617766675525645
0.17747182554555	0.615178980135228
0.205305328758859	0.612862936005941
0.232458791947075	0.614512231818242
0.255816908395109	0.614537160061025
0.284368263843625	0.614240773285831
0.307147755853123	0.613165543150452
0.332479390941801	0.615934448677047
0.356760147061939	0.6134969619839
0.384608914584727	0.616779687747545
0.412484208562639	0.615044935994139
0.437825094240393	0.616659402426692
0.462980415900953	0.616443831853461
0.486708337141557	0.613219214250758
0.511769399673571	0.61356690471873
0.540921819214472	0.616241378474749
0.564403027687191	0.615195831023658
0.587863078934745	0.6156110926225
0.614993757396051	0.612843653279834
0.642074202418836	0.617523529782232
0.667401829346302	0.613301997047162
0.69035063688824	0.614926177867449
0.716437400208761	0.614224556924175
0.745800209881776	0.615492145853185
0.770188158863269	0.612913868133834
0.796351503438063	0.613516929760047
0.818939331577206	0.613687638641529
0.846705578250413	0.616812764026085
0.871586048462061	0.61617710678703
0.899991380973283	0.617503308361773
0.921396921083892	0.617145821968642
0.950285276512119	0.613609859461161
0.973056962471384	0.615696436215303
0.0232150409903996	0.639952466090577
0.0530296384911096	0.641013763036022
0.0744044160426492	0.642967963423844
0.100728671021337	0.642901684484518
0.127519008440905	0.641798620514712
0.156161524348758	0.639271967665566
0.177612897156232	0.643120261888806
0.204808175607969	0.639145282825671
0.229905044443449	0.638695153118149
0.256625649422227	0.64107092072166
0.28197994670093	0.640205391776421
0.30572073003899	0.638666579943802
0.335691751850425	0.641151241285311
0.358328498031002	0.641318538561906
0.385256086729802	0.64257699153411
0.411393595165415	0.639419241970973
0.433956394576031	0.640867328352501
0.461752702358055	0.642779475652983
0.487256324225879	0.640558045228232
0.511137657742967	0.641286787444364
0.53840503753989	0.640734671658342
0.565186733408199	0.641825682529781
0.587862221123141	0.638692032904199
0.613012121910961	0.641229926976133
0.639544747770619	0.64123261110178
0.668917708931366	0.638632921167483
0.691840148908568	0.639418419262045
0.716498727450122	0.640186040427736
0.743949717749778	0.63869568049678
0.769431948602185	0.640792048724617
0.797412997980222	0.638832073946143
0.819416727562741	0.638950312195819
0.844052805464287	0.642695069937614
0.871309638158695	0.64191354086501
0.898407753296447	0.638588953246229
0.922988161009977	0.638542145831616
0.947718869950371	0.640667807203827
0.975904871005008	0.639061420990233
0.0250635912524929	0.668172675134065
0.0490382524609904	0.66538661955527
0.076801557700617	0.668286779023674
0.104256121962658	0.664911042407993
0.1269927543575	0.668662437940055
0.153307885683679	0.668535235941097
0.178048812635357	0.665517343621337
0.20260241291668	0.667303441575246
0.229644032637431	0.667333245148577
0.254103397674257	0.665210309124332
0.27976343143205	0.66473744252241
0.310190554839353	0.666264924129676
0.333108974737607	0.664650340937499
0.3591001561406	0.666232511880998
0.386821907433505	0.665879538659123
0.408905095315651	0.665259586895065
0.434294482322824	0.667082579356847
0.461734391648617	0.66771829593311
0.489011611703116	0.668263356775792
0.510600770926119	0.669072928057243
0.537731756905095	0.66649651713435
0.562895811801781	0.667194003399072
0.589549257538429	0.664334633601999
0.614982690206183	0.666053350978262
0.641944622864098	0.666925366640569
0.669217293890538	0.665080809396773
0.693251822913781	0.667869551628555
0.716359256413095	0.665992393220043
0.745087185568758	0.669070700587528
0.769903911993195	0.66649955459337
0.793353003263843	0.66554645724783
0.818780908343182	0.666116717521029
0.845605566880057	0.667357132286863
0.869708876095576	0.668942077646733
0.899965970461862	0.668057525802031
0.921315614623735	0.666323546397153
0.949642823862824	0.669199564302413
0.973830216040403	0.664762199615369
0.026730157193833	0.691513835232717
0.0517850814172463	0.693723184106563
0.0761500214421219	0.69243691571753
0.101025127933783	0.690001929749207
0.128004741593436	0.693308128927196
0.155354934233662	0.694170170583854
0.181516414679221	0.690839868442281
0.203872155796404	0.693160190341814
0.228941639731908	0.692568968294558
0.258612460176413	0.690250671442261
0.284457733329294	0.69250533039734
0.306016100978541	0.690893342383616
0.334782924246794	0.692947968408915
0.357824642858491	0.690171747638437
0.387095653983025	0.690165092561936
0.408548791412625	0.694477216055576
0.435831492646483	0.694007368102701
0.459058680405394	0.694135196394544
0.487921338844571	0.69185334574897
0.511119300764311	0.689914427641618
0.540978562113888	0.694675848848097
0.563680151433968	0.690964257319169
0.592104016361584	0.694153521794898
0.614560375237185	0.691895698825257
0.639640266009856	0.693638371320482
0.664387552093069	0.690368056315029
0.690390611835996	0.691318264284712
0.720281692543507	0.693260789081476
0.744715927804968	0.689929645457229
0.76668282334824	0.693437961015143
0.796314470167799	0.692820234292253
0.821192331369442	0.692150971907768
0.846877421941723	0.692659139049965
0.872866794616737	0.691531700234561
0.896568765936	0.693691231254333
0.925599832013235	0.689863852601156
0.946950185300698	0.694591433467267
0.976662651470006	0.691755610341745
0.0281133630178181	0.716344557012293
0.049111443835776	0.718420263363871
0.0766873885826268	0.715923328776448
0.103563533349795	0.718508628866775
0.127131095033262	0.716240957760949
0.152617120145827	0.716568991397911
0.179226371784921	0.719352889315372
0.202723967538608	0.717814197601341
0.231174108074458	0.716466614579426
0.258239343559343	0.71620096827382
0.281482522669434	0.720205921243569
0.306880391943479	0.716426211011361
0.332669086036822	0.717439901743482
0.361238133105933	0.720451714991651
0.384136848642407	0.717345533845526
0.412303941545766	0.716203261787417
0.433661761123528	0.717558925996367
0.459568845517637	0.716160191608317
0.488423605776341	0.71751548214631
0.510671126308571	0.717429179819649
0.537218624161599	0.717371170818075
0.561698013412743	0.715757392729405
0.591954895023135	0.716694157470904
0.616676053983861	0.719747439545491
0.639218344963041	0.718822666229268
0.667821279190507	0.717067684484916
0.691571020650075	0.71655569236981
0.718856662966214	0.71908613580526
0.744541005666072	0.717754335611571
0.770400185566647	0.715867741640841
0.793827398940007	0.717732829223228
0.821990043544468	0.717597465635379
0.845175075583851	0.716064482221775
0.869518561200488	0.715961399538546
0.898248942125142	0.720493002638553
0.921467012855268	0.716834513770013
0.950495536570558	0.720132653723259
0.97493901205852	0.720436037223539
0.025161682511032	0.741671123082268
0.0494909960289324	0.744196628132244
0.0748564962724184	0.74218064280183
0.102873409901539	0.745689895182225
0.128897542727636	0.745121480731693
0.156405828196582	0.744849748696231
0.177047815635562	0.744082992697633
0.2028265350272	0.746105212729066
0.231653555035764	0.741801331430531
0.256701586338634	0.745722728685321
0.281414640543246	0.742748039347115
0.305302082485963	0.746101644105613
0.335258674888811	0.743103123567223
0.35661192791915	0.745029793477702
0.385100630808414	0.74157976760291
0.410697374055677	0.741657899019005
0.43837053006809	0.745822465624988
0.46408584227202	0.745460629592502
0.485680245160493	0.745566901762656
0.515298533931165	0.74571349269302
0.5370869559794	0.742104418078474
0.563910437879679	0.742806080590124
0.589841935231775	0.74412392737865
0.614295776269406	0.744443672962374
0.64284486670828	0.745660563520688
0.66673272670273	0.744043148127947
0.694417651505169	0.74570359485783
0.720438378149582	0.741372443348016
0.744951121579036	0.744585283995394
0.76672932690639	0.745415844093403
0.795264215799015	0.744368808391557
0.819850709075415	0.741451258073935
0.844081790447273	0.744727266800306
0.872467266559052	0.746144344404676
0.8955174191727	0.744485076915428
0.923089449957402	0.743525392535706
0.951062912587163	0.742767786559645
0.974496093579016	0.743895331391702
0.0257619606757686	0.770261722126176
0.049504122169689	0.770359994119649
0.0790493889769643	0.77097382340026
0.101608851124531	0.770648498386468
0.127311706249121	0.770292978782975
0.155261426718494	0.766945269411019
0.181371158712873	0.767754230780909
0.206854981817598	0.769901391954987
0.228785366322189	0.768112573299523
0.256907219658497	0.768134770781348
0.282339619940605	0.769612684086795
0.308344635779016	0.767565257784541
0.334164990256128	0.76917759396587
0.361396696470106	0.770589566611784
0.382862229953201	0.767436558066831
0.411006660163784	0.771199529575723
0.435526675181465	0.768538832447404
0.46079376285931	0.769544901182378
0.486043774631274	0.768013892617153
0.511983214033	0.767564503669236
0.538733232116818	0.767574455349318
0.563843910653715	0.770898405753041
0.591694667185621	0.766990366485108
0.616572348464594	0.76991777635469
0.64186842907832	0.770279970208848
0.666988392574267	0.766951107526015
0.690958412779	0.770249797061088
0.717687736965554	0.767406833808837
0.741146192146451	0.768363684799124
0.768598047267148	0.771445615154874
0.792385063155673	0.767108241698032
0.818507056165583	0.768997617592364
0.848623851240127	0.768147091433896
0.871852830686862	0.767805817182278
0.898525213331436	0.767732428003282
0.921931845292279	0.766861366561254
0.947752782199202	0.768598628745045
0.973274706879439	0.769458633536513
0.0260683266211095	0.796654310624999
0.0512535363707684	0.793308162699585
0.0772471613152384	0.793969893581611
0.102109769697433	0.797314589298679
0.129832195409291	0.792952942355675
0.15200575027768	0.797392492408296
0.180918285643484	0.794011890194176
0.207683049725399	0.797338166173625
0.232481007881976	0.794630168519497
0.257497641086906	0.797262522075616
0.283160700422601	0.794791624564539
0.30784722687063	0.79500266694805
0.333550934712101	0.795795522418699
0.357647339606624	0.79659435489711
0.383949000039172	0.794237672468567
0.409170806567107	0.79386678318642
0.433890826918052	0.793584700699057
0.45971287827759	0.796684096272705
0.488779742490724	0.795266980632155
0.515215173316766	0.793480901699756
0.539433659668851	0.79607835387706
0.563512746955106	0.797143926166014
0.591736843525293	0.793908245987407
0.614693410526362	0.797098015127169
0.642482189016173	0.793089146069055
0.664952768148804	0.79577461052299
0.690600582585301	0.79552098456031
0.718944375296176	0.793068818845955
0.741710521280689	0.797161002848102
0.769120211895891	0.795732463560071
0.794341461363146	0.79284882628553
0.820573353140246	0.796045112725308
0.845145750088897	0.795730497748648
0.87229980043648	0.792887065056518
0.896663904014359	0.794317411782892
0.922494190603786	0.795637652672184
0.950664842108245	0.793647106486676
0.972217314462561	0.795192785855421
0.0236497549318766	0.822877931688133
0.0491492092685693	0.821314192837172
0.0788814446212952	0.821121938021501
0.100999370833459	0.820987288594026
0.129524551578512	0.818102105463486
0.152917702664685	0.822565617499993
0.177244394168673	0.818520699568922
0.206018258134966	0.822437905732495
0.233025040772717	0.822614949850306
0.258155112996222	0.819194975786693
0.280801974623134	0.820042974313478
0.305981329266778	0.819359019801992
0.330998960349929	0.822971225616173
0.35969943331987	0.82273813652908
0.382833571662159	0.820326459413155
0.408072848122251	0.818822062685392
0.43712292712217	0.821515483619776
0.462764646352309	0.82038639443881
0.489254893247102	0.821620770978123
0.513880512824498	0.822419423064132
0.536477848460486	0.819872187812503
0.564109251192324	0.819262362568786
0.591468215948272	0.820958668955885
0.615522171782112	0.819633608530575
0.642856802967043	0.820474004586514
0.665018705809579	0.820168818389161
0.690116422745479	0.822591658458379
0.720317663415022	0.82005366431293
0.745923964077505	0.820211877645779
0.76750889537108	0.818010431315914
0.792557313750047	0.819917537934347
0.82059156790525	0.821477702734774
0.844848031504158	0.822967121213818
0.87177377886188	0.82246576766961
0.899361616154944	0.819254767181976
0.922032791426123	0.822507600971482
0.9468605366642	0.822558164034573
0.976415482492494	0.81950886199358
0.0250896253955784	0.846254242541765
0.0523741727985197	0.847446773927692
0.0749324166324085	0.847530234928307
0.102003157126299	0.847602011841352
0.127376257857863	0.846632233244508
0.153378404423552	0.84445594944013
0.178783172030634	0.848120820321595
0.206670521763298	0.845042752949032
0.22958400172387	0.846215283688156
0.25605837074856	0.845626115232647
0.283186254569957	0.843626826198474
0.306554042033454	0.847940153610851
0.333196666753962	0.844284728517285
0.357024100417087	0.844039705239288
0.382810514952852	0.847963830579335
0.411916966265402	0.847084123974418
0.43622836293608	0.847237761566581
0.459514466868294	0.84512216939259
0.489500105532537	0.848307944400948
0.512302377305669	0.846949934265542
0.536039977625949	0.847456594774854
0.563364296544111	0.845248446673487
0.591933234808692	0.845262737253719
0.613410838176313	0.848328510234837
0.642074369557732	0.847240742843276
0.664555201318485	0.844122376083307
0.69399143396208	0.845103397357282
0.718537714030174	0.847923564411481
0.743035187741192	0.847209468418345
0.769018599480511	0.848237476967396
0.796637933810496	0.844398256432344
0.821604673537543	0.844740412307545
0.843681075579144	0.843927148813122
0.873699106871322	0.848713528620077
0.896087880040934	0.845358597492063
0.92112455800188	0.845996474971282
0.949188878823659	0.843664587597861
0.97241823030711	0.847978136776726
0.0275888218272802	0.873434536896461
0.0512491662139856	0.874086434009981
0.0747047565700511	0.873108549760514
0.100561622413643	0.869385971877982
0.12784699994872	0.871683374384476
0.153596123098532	0.8733427158129
0.180904865314171	0.871297651647214
0.203232416314785	0.871633590636611
0.228748308523498	0.871818641503245
0.255284964796523	0.873073415001137
0.282999168450068	0.869243748320117
0.306847326732075	0.873568949412476
0.33120063948593	0.87257545309233
0.359745373060378	0.871947536954629
0.383227316066444	0.872123058306175
0.411621835504372	0.870427314528469
0.437575876220751	0.869891314047256
0.461123192414542	0.869999954452537
0.486884508558016	0.871285824604546
0.513546639941374	0.874098290587533
0.536159334912215	0.87419078959045
0.564723178748243	0.873731913587553
0.591401373378626	0.871479450556687
0.614961716309909	0.869665092579741
0.639841437558122	0.872744901970793
0.667006123467371	0.871288608251115
0.691511658902407	0.872810089351786
0.717106389966319	0.873352472296036
0.744355964001237	0.873811470737802
0.766993874439398	0.872244277257571
0.794283896394953	0.87259853617749
0.820738828272667	0.87165475949584
0.847376445064711	0.870427317426882
0.870234280182539	0.8714409537745
0.895796309288694	0.873945451578681
0.921512856589026	0.870725825566517
0.950477194969466	0.869934216476777
0.976260958379659	0.872131324456307
0.0250761950933004	0.896552225751697
0.0508760433829333	0.895611333389159
0.0761677787457495	0.895569297146399
0.102807591022298	0.897091940774759
0.125938211206609	0.899155596365077
0.155184088896208	0.89951724585153
0.180804838599395	0.896801025648496
0.205845910745382	0.89868698485764
0.230833233079559	0.896965868027485
0.254919815472763	0.898511734378444
0.280825976780623	0.894925614891777
0.309709281778128	0.897072182110138
0.332685862325803	0.896386161287022
0.361417642133981	0.896916289004373
0.383354619584116	0.897338939677837
0.412714492316361	0.894900461231959
0.433985120999433	0.897791187599174
0.459653350583243	0.895520870354125
0.488702267697708	0.895809461085721
0.510966014983561	0.895602191100153
0.537321254390771	0.897648090563686
0.564354235029955	0.899726907605773
0.590448549408504	0.899791341962873
0.616665950811854	0.89897842954557
0.642819126032802	0.894944444234241
0.667375371354281	0.898708712854958
0.693509531695694	0.89898889090559
0.716330881074122	0.896537469893101
0.745669127404493	0.896072366856149
0.767031974406028	0.898742924820908
0.792633571643428	0.898817394290761
0.821371239553239	0.899247861583037
0.84520238864059	0.89987291396865
0.870076999862682	0.897641200612753
0.898137797113158	0.89987862497355
0.922155290446742	0.896820415345894
0.948183947498849	0.895234890463351
0.973147597945131	0.898279954206845
0.0235837109191909	0.924668983857569
0.0517863118183775	0.923327588766108
0.077255132094724	0.921018838315183
0.102058229363592	0.924440781861682
0.127118306294575	0.925445965346308
0.15219653507727	0.920559555202751
0.179449672304272	0.924931245282869
0.205798479093418	0.921612252060754
0.228470300233627	0.925396050340772
0.255762643640365	0.921209676438788
0.281922079321565	0.924075562813562
0.305385611595343	0.922621883111719
0.331342977661826	0.924127365534421
0.358441971441882	0.924772176747977
0.383055567217431	0.922589582107827
0.409832926910686	0.92053429613303
0.433574378246038	0.924554423198487
0.461844878900635	0.923700882129492
0.488683270387913	0.925601885421373
0.511310498389003	0.920984763447574
0.538549001991168	0.923404075381215
0.566277624703143	0.92191372083071
0.588562167771415	0.922404878701422
0.617691236106811	0.921529720017175
0.639142442843516	0.922853790878454
0.668746977122031	0.921943208427267
0.691868938858901	0.924714535301589
0.715594871644561	0.925324294476928
0.745146583617033	0.920984923236997
0.767655904960303	0.924528133554742
0.795614297918972	0.924634727511824
0.819898294182046	0.921061740485438
0.848017572270665	0.921832730839962
0.870054255874331	0.924492053176613
0.898808607431446	0.925588928395756
0.924672183311115	0.921463083699672
0.950169221937051	0.925448895911439
0.971947181813244	0.922999384105594
0.0281838385114257	0.94762525180838
0.0522552446664321	0.949990835579595
0.0778542910365285	0.946647520993796
0.101127349897358	0.950891674588056
0.129489014268372	0.949092743910029
0.155384684490857	0.947440345691876
0.179542650765909	0.946431456062762
0.205475598511557	0.948652991887515
0.22987847440226	0.950051247999036
0.256589421463402	0.946428159692313
0.280183918797723	0.949384724343122
0.305416424958996	0.947660777668243
0.33396484326374	0.947956521870275
0.35893608160483	0.948074475982856
0.385169439661323	0.947614699923009
0.409465077946699	0.950377931050101
0.437495306658643	0.946470802797517
0.461723346640809	0.948551796581052
0.487809132918247	0.947562847093439
0.510886327376872	0.950198088640867
0.53898237117714	0.946863130830348
0.566469223118482	0.949875541548942
0.590050245812339	0.950338573487786
0.615242962976911	0.947544304585791
0.639996594245611	0.947476804088579
0.666817819346431	0.947252593053873
0.694595414188547	0.947783223061747
0.715496768798591	0.950085595180104
0.742446042640121	0.950677951114235
0.769139025513991	0.950336836404002
0.793402920894366	0.94844988841294
0.818277762415422	0.949756024768893
0.847381984600946	0.951210026495247
0.871052230096476	0.949505713867467
0.898454561453108	0.94785967547395
0.923783401786592	0.947616422069653
0.949972041110375	0.949193227928322
0.974027037925732	0.949545667979722
0.0256868993159349	0.976058029684109
0.0488301772533191	0.976070447655536
0.0770860611676709	0.973267333863184
0.104424517192194	0.971853794489808
0.128583444996607	0.976381984868577
0.153846598347296	0.973377756495542
0.17744530386025	0.973456030912384
0.204458727938031	0.974859772694415
0.230746544842966	0.97483734176497
0.257456605467478	0.972148319444622
0.281136502262823	0.973975206614416
0.309518562587537	0.973984537130465
0.335554615828758	0.973159824023617
0.359089042646965	0.976588095158343
0.386803942493628	0.974222050039737
0.410919899486516	0.971851090002552
0.436195592486774	0.972414196687058
0.461625691931238	0.97683656105009
0.48916755681545	0.975948050631558
0.513988254110107	0.974500036895767
0.536206662070884	0.976120458256844
0.564052669227547	0.972474735836097
0.588828149977856	0.973884434844667
0.616637005405689	0.974321763143372
0.641543732989633	0.972838672801967
0.668608071125799	0.974975519482343
0.693015721975077	0.976747281065616
0.719734043901071	0.976067894185933
0.741395983393291	0.974608312692199
0.769440667921192	0.972306781584812
0.797264476842449	0.97353062930982
0.818910100122363	0.974497714546808
0.846769316004863	0.973402149455548
0.869324816662625	0.973786573098516
0.898556219952761	0.974949263130402
0.925505415081352	0.973545021464068
0.948666481716605	0.973562486768871
0.973321591918512	0.974407882748031
