2.564103e-02	3.241851e-14	
2.564103e-02	8.915091e-14	
2.455372e-02	1.716405e-13	
2.564103e-02	1.354916e-12	
2.507071e-02	3.754774e-13	
2.564103e-02	2.910783e-12	
2.564103e-02	6.694645e-13	
2.564103e-02	1.069400e-11	
2.544941e-02	1.930234e-12	
2.517337e-02	3.525624e-12	
2.564103e-02	3.082645e-12	
2.564103e-02	1.542833e-11	
2.564103e-02	2.010281e-12	
2.468798e-02	9.721490e-11	
2.477145e-02	4.184542e-12	
2.564103e-02	5.031309e-12	
2.564103e-02	4.205525e-13	
2.538499e-02	3.047473e-11	
2.533783e-02	2.380318e-13	
2.564103e-02	1.079248e-11	
2.439499e-02	7.264189e-13	
2.564103e-02	1.306644e-11	
2.564103e-02	2.076450e-12	
2.564103e-02	1.279543e-11	
2.564103e-02	7.365220e-13	
2.564103e-02	1.627365e-12	
2.564103e-02	1.929568e-13	
2.564103e-02	4.849166e-11	
2.443885e-02	2.026490e-12	
2.564103e-02	6.388889e-12	
2.541554e-02	2.971179e-12	
2.439741e-02	1.955103e-12	
2.564103e-02	1.447731e-13	
2.541990e-02	1.216738e-11	
2.487365e-02	7.676082e-13	
2.482798e-02	2.731149e-13	
2.537856e-02	1.889600e-13	
2.535624e-02	4.874989e-13	
2.493279e-02	2.768896e-13	
2.564103e-02	6.949996e-14	
2.564103e-02	1.465872e-11	
2.564103e-02	5.702151e-13	
2.564103e-02	6.817256e-14	
2.564103e-02	8.834914e-15	
2.514733e-02	3.132176e-14	
2.564103e-02	3.535332e-16	
2.458750e-02	3.592204e-15	
2.564103e-02	6.525136e-16	
2.477235e-02	2.094135e-15	
2.564103e-02	2.533420e-15	
2.460338e-02	3.886982e-16	
2.564103e-02	3.622423e-16	
2.564103e-02	2.559027e-15	
2.564103e-02	2.108856e-15	
2.564103e-02	1.089013e-15	
2.564103e-02	2.255652e-15	
2.544410e-02	2.928509e-16	
2.515728e-02	4.307230e-16	
2.564103e-02	8.503478e-16	
2.564103e-02	9.857022e-16	
2.440726e-02	4.224438e-16	
2.564103e-02	4.251739e-16	
2.542576e-02	2.871487e-15	
2.564103e-02	7.321272e-16	
2.564103e-02	1.503768e-16	
2.547049e-02	6.222934e-16	
2.564103e-02	1.459977e-15	
2.458536e-02	1.194213e-15	
2.564103e-02	1.811211e-15	
2.564103e-02	1.943491e-15	
2.466637e-02	1.900065e-15	
2.564103e-02	1.745113e-15	
2.564103e-02	7.830163e-16	
2.510950e-02	1.496752e-16	
2.564103e-02	1.767666e-16	
2.564103e-02	2.175122e-15	
2.564103e-02	8.549917e-16	
2.564103e-02	4.150813e-13	
2.482732e-02	2.479964e-13	
2.564103e-02	8.636425e-12	
2.559339e-02	1.052491e-13	
2.564103e-02	2.099765e-12	
2.473810e-02	3.479439e-13	
2.471540e-02	6.772360e-15	
2.564103e-02	1.444733e-12	
2.440697e-02	1.220202e-11	
2.539578e-02	8.317791e-13	
2.564103e-02	1.351252e-12	
2.564103e-02	7.505108e-14	
2.514158e-02	5.411893e-12	
2.564103e-02	1.333911e-11	
2.564103e-02	1.109890e-12	
2.534868e-02	2.683409e-12	
2.550970e-02	6.443734e-13	
2.564103e-02	9.859025e-11	
2.564103e-02	4.699796e-12	
2.564103e-02	2.460032e-12	
2.537221e-02	1.612266e-12	
2.564103e-02	1.097522e-11	
2.493308e-02	1.285427e-11	
2.524181e-02	3.477663e-12	
2.564103e-02	3.542285e-10	
2.524420e-02	1.300904e-11	
2.564103e-02	6.086243e-13	
2.564103e-02	2.135336e-11	
2.547687e-02	7.093459e-11	
2.529448e-02	1.647638e-11	
2.540040e-02	1.698597e-11	
2.564103e-02	6.027845e-12	
2.564103e-02	8.841405e-11	
2.502253e-02	5.400569e-12	
2.564103e-02	3.127809e-11	
2.473553e-02	7.592371e-12	
2.564103e-02	1.791678e-12	
2.564103e-02	4.580258e-11	
2.545730e-02	9.636514e-12	
2.564103e-02	1.852363e-11	
2.536754e-02	1.088618e-11	
2.564103e-02	6.639134e-14	
2.552525e-02	6.158407e-13	
2.553199e-02	1.348921e-12	
2.564103e-02	4.662937e-14	
2.515647e-02	4.565126e-12	
2.552510e-02	4.525602e-12	
2.564103e-02	4.187428e-12	
2.535590e-02	1.206235e-11	
2.529987e-02	5.980993e-12	
2.564103e-02	2.607248e-12	
2.564103e-02	1.151301e-13	
2.525786e-02	1.790346e-12	
2.539637e-02	4.302336e-12	
2.506673e-02	8.444578e-12	
2.485170e-02	6.753709e-12	
2.564103e-02	3.389011e-11	
2.564103e-02	1.057820e-12	
2.456255e-02	1.252465e-11	
2.521375e-02	1.897948e-10	
2.564103e-02	5.051737e-12	
2.564103e-02	6.752376e-13	
2.487540e-02	5.314860e-12	
2.564103e-02	3.168354e-12	
2.472157e-02	1.475919e-11	
2.564103e-02	3.780976e-12	
2.475229e-02	1.769007e-11	
2.477043e-02	1.164069e-11	
2.564103e-02	2.402145e-11	
2.493046e-02	1.565392e-11	
2.564103e-02	4.356682e-11	
2.472356e-02	4.567569e-11	
2.511322e-02	1.417644e-12	
2.443354e-02	1.053979e-11	
2.546808e-02	1.024736e-13	
2.564103e-02	2.630562e-12	
2.503924e-02	1.997436e-11	
2.473415e-02	2.310374e-13	
2.442137e-02	8.410161e-12	
2.442721e-02	1.354586e-05	
2.455372e-02	2.192288e-05	
2.391650e-02	1.288465e-05	
2.435297e-02	2.089087e-05	
2.435297e-02	3.356041e-06	
2.514931e-02	6.114119e-06	
2.514931e-02	2.971279e-05	
2.544941e-02	3.990477e-05	
2.517337e-02	5.294971e-05	
2.469917e-02	5.212554e-05	
2.392249e-02	4.568897e-05	
2.420426e-02	5.099391e-05	
2.468798e-02	5.033172e-05	
2.422882e-02	6.078035e-05	
2.422882e-02	4.724070e-05	
2.398726e-02	5.104811e-05	
2.398726e-02	5.443800e-05	
2.530323e-02	5.390667e-05	
2.392620e-02	3.258721e-05	
2.368362e-02	6.125056e-05	
2.368362e-02	6.149092e-06	
2.365430e-02	4.108119e-05	
2.475344e-02	2.732793e-05	
2.475344e-02	2.207275e-05	
2.532277e-02	7.073026e-06	
2.359597e-02	2.919471e-05	
2.359597e-02	4.453463e-06	
2.443885e-02	4.755710e-05	
2.465924e-02	2.703500e-05	
2.478935e-02	3.077663e-05	
2.439741e-02	4.189588e-05	
2.483549e-02	8.529714e-06	
2.473212e-02	2.852501e-05	
2.487365e-02	2.701906e-05	
2.375289e-02	1.688265e-05	
2.375289e-02	1.758351e-05	
2.454211e-02	1.510829e-05	
2.454211e-02	1.333479e-05	
2.442721e-02	3.117426e-05	
2.499929e-02	4.430518e-05	
2.391650e-02	4.068169e-05	
2.484890e-02	3.925076e-05	
2.539404e-02	3.931035e-05	
2.556053e-02	5.484428e-05	
2.508987e-02	7.584136e-05	
2.426591e-02	7.532282e-05	
2.362753e-02	9.065423e-05	
2.483409e-02	8.259050e-05	
2.392249e-02	9.662997e-05	
2.484901e-02	9.855660e-05	
2.471160e-02	7.282591e-05	
2.349490e-02	7.259967e-05	
2.403303e-02	9.952509e-05	
2.403303e-02	8.303136e-05	
2.399488e-02	8.138958e-05	
2.399488e-02	6.653975e-05	
2.392620e-02	8.641590e-05	
2.446881e-02	5.183429e-05	
2.328749e-02	5.148882e-05	
2.328749e-02	7.522753e-05	
2.550114e-02	7.397723e-05	
2.449819e-02	5.237598e-05	
2.548007e-02	5.269183e-05	
2.461870e-02	8.886038e-05	
2.353256e-02	6.464898e-05	
2.431967e-02	5.392586e-05	
2.465924e-02	7.822956e-05	
2.425217e-02	6.562683e-05	
2.425217e-02	7.447611e-05	
2.478845e-02	6.457888e-05	
2.473212e-02	6.919823e-05	
2.410553e-02	4.491808e-05	
2.410553e-02	4.904315e-05	
2.526020e-02	3.955580e-05	
2.492233e-02	3.431985e-05	
2.534823e-02	1.747058e-05	
2.473810e-02	4.158064e-05	
2.469570e-02	5.629128e-05	
2.456357e-02	7.222155e-05	
2.456357e-02	6.760123e-05	
2.385112e-02	4.943561e-05	
2.385493e-02	5.959184e-05	
2.508987e-02	9.117225e-05	
2.426591e-02	1.088658e-04	
2.362753e-02	1.144318e-04	
2.455736e-02	9.989259e-05	
2.455736e-02	1.226476e-04	
2.534219e-02	1.264486e-04	
2.451152e-02	1.054164e-04	
2.349490e-02	1.205402e-04	
2.490273e-02	1.304510e-04	
2.359452e-02	1.144799e-04	
2.357715e-02	1.127467e-04	
2.538495e-02	1.195140e-04	
2.520722e-02	9.462687e-05	
2.446881e-02	1.298930e-04	
2.468344e-02	1.081615e-04	
2.528351e-02	1.225722e-04	
2.387387e-02	9.335850e-05	
2.427059e-02	1.087827e-04	
2.400469e-02	9.188016e-05	
2.518331e-02	1.124937e-04	
2.353256e-02	1.230549e-04	
2.431967e-02	9.770219e-05	
2.525651e-02	8.940605e-05	
2.518189e-02	1.005353e-04	
2.518189e-02	1.103182e-04	
2.414882e-02	7.740464e-05	
2.351982e-02	8.634291e-05	
2.351982e-02	8.083481e-05	
2.554167e-02	8.755149e-05	
2.394359e-02	4.998433e-05	
2.394359e-02	4.906739e-05	
2.505982e-02	3.024895e-05	
2.471540e-02	5.101192e-05	
2.469570e-02	8.984562e-05	
2.456706e-02	8.382080e-05	
2.456706e-02	7.688462e-05	
2.385112e-02	8.712622e-05	
2.385493e-02	9.158624e-05	
2.544004e-02	9.537034e-05	
2.473115e-02	1.158039e-04	
2.473115e-02	1.302623e-04	
2.372644e-02	1.303982e-04	
2.560861e-02	1.255852e-04	
2.546627e-02	1.340546e-04	
2.422675e-02	1.502222e-04	
2.422675e-02	1.431295e-04	
2.565208e-02	1.173742e-04	
2.357179e-02	1.254794e-04	
2.357715e-02	1.324923e-04	
2.476702e-02	1.242409e-04	
2.519988e-02	1.296214e-04	
2.396365e-02	1.338403e-04	
2.357037e-02	1.565281e-04	
2.338781e-02	1.327419e-04	
2.387387e-02	1.496098e-04	
2.417569e-02	1.342654e-04	
2.400469e-02	1.478270e-04	
2.455387e-02	1.371674e-04	
2.610394e-02	1.428256e-04	
2.559678e-02	1.098591e-04	
2.475392e-02	1.052317e-04	
2.475392e-02	1.153960e-04	
2.550087e-02	1.186077e-04	
2.414882e-02	1.196920e-04	
2.590565e-02	1.020423e-04	
2.394775e-02	7.842215e-05	
2.394775e-02	8.611424e-05	
2.551661e-02	8.016629e-05	
2.418070e-02	6.119101e-05	
2.418070e-02	5.044443e-05	
2.452426e-02	8.167920e-05	
2.394139e-02	9.541127e-05	
2.444372e-02	1.071461e-04	
2.350710e-02	1.128292e-04	
2.403511e-02	1.097003e-04	
2.420493e-02	9.424922e-05	
2.544004e-02	1.014306e-04	
2.486593e-02	1.361566e-04	
2.428164e-02	1.285349e-04	
2.372644e-02	1.551964e-04	
2.472633e-02	1.302365e-04	
2.496948e-02	1.297590e-04	
2.496948e-02	1.632891e-04	
2.451515e-02	1.560504e-04	
2.451515e-02	1.209447e-04	
2.357179e-02	1.423755e-04	
2.421009e-02	1.318100e-04	
2.421009e-02	1.309808e-04	
2.498131e-02	1.349619e-04	
2.339260e-02	1.444389e-04	
2.339260e-02	1.427549e-04	
2.338781e-02	1.324270e-04	
2.468082e-02	1.386001e-04	
2.417569e-02	1.650783e-04	
2.435433e-02	1.687276e-04	
2.457941e-02	1.515050e-04	
2.457941e-02	1.491495e-04	
2.565781e-02	1.440116e-04	
2.487159e-02	1.149258e-04	
2.507497e-02	1.187511e-04	
2.414392e-02	1.169352e-04	
2.414392e-02	1.224693e-04	
2.331317e-02	9.973874e-05	
2.331317e-02	1.075811e-04	
2.526176e-02	9.666533e-05	
2.382662e-02	1.085666e-04	
2.419003e-02	8.526844e-05	
2.515647e-02	5.912349e-05	
2.440697e-02	7.332565e-05	
2.394139e-02	1.052900e-04	
2.444372e-02	1.246552e-04	
2.350710e-02	1.427943e-04	
2.403511e-02	1.426072e-04	
2.444373e-02	1.264544e-04	
2.439174e-02	1.199414e-04	
2.526856e-02	1.178603e-04	
2.389255e-02	1.479054e-04	
2.389255e-02	1.378155e-04	
2.338752e-02	1.458223e-04	
2.338752e-02	1.349686e-04	
2.493450e-02	1.611008e-04	
2.500374e-02	1.576360e-04	
2.384432e-02	1.572365e-04	
2.541749e-02	1.483999e-04	
2.461332e-02	1.348546e-04	
2.461332e-02	1.297669e-04	
2.448108e-02	1.504601e-04	
2.448108e-02	1.477732e-04	
2.397716e-02	1.328720e-04	
2.397716e-02	1.433949e-04	
2.468082e-02	1.659737e-04	
2.498398e-02	1.567490e-04	
2.498398e-02	1.735424e-04	
2.508725e-02	1.577405e-04	
2.504758e-02	1.432726e-04	
2.437160e-02	1.490366e-04	
2.437160e-02	1.414789e-04	
2.507497e-02	1.368336e-04	
2.477920e-02	1.173592e-04	
2.477920e-02	1.303291e-04	
2.500320e-02	1.155022e-04	
2.423414e-02	1.085255e-04	
2.423414e-02	1.146422e-04	
2.369145e-02	1.117569e-04	
2.369145e-02	1.325199e-04	
2.429803e-02	8.617677e-05	
2.499226e-02	9.853253e-05	
2.499226e-02	1.254856e-04	
2.511658e-02	1.351133e-04	
2.451221e-02	1.634420e-04	
2.538308e-02	1.518629e-04	
2.352995e-02	1.469179e-04	
2.352995e-02	1.383494e-04	
2.449655e-02	1.346741e-04	
2.522335e-02	1.266876e-04	
2.453068e-02	1.443264e-04	
2.530271e-02	1.574892e-04	
2.428535e-02	1.509874e-04	
2.488396e-02	1.583957e-04	
2.364461e-02	1.569823e-04	
2.364461e-02	1.692209e-04	
2.392970e-02	1.456537e-04	
2.392970e-02	1.529969e-04	
2.479093e-02	1.537922e-04	
2.434707e-02	1.448899e-04	
2.490252e-02	1.529810e-04	
2.477098e-02	1.427548e-04	
2.503870e-02	1.444902e-04	
2.521356e-02	1.584321e-04	
2.529497e-02	1.661465e-04	
2.457806e-02	1.627472e-04	
2.489753e-02	1.565070e-04	
2.451652e-02	1.482620e-04	
2.453190e-02	1.568280e-04	
2.413231e-02	1.345888e-04	
2.458102e-02	1.456484e-04	
2.458102e-02	1.410536e-04	
2.461954e-02	1.100838e-04	
2.461954e-02	1.186519e-04	
2.469716e-02	1.303436e-04	
2.470186e-02	1.239786e-04	
2.451694e-02	1.519218e-04	
2.480145e-02	1.435053e-04	
2.429803e-02	1.351777e-04	
2.532638e-02	1.332066e-04	
2.543960e-02	1.533917e-04	
2.428662e-02	1.510485e-04	
2.428662e-02	1.479153e-04	
2.493862e-02	1.581517e-04	
2.482912e-02	1.451104e-04	
2.449904e-02	1.524382e-04	
2.447946e-02	1.416679e-04	
2.447946e-02	1.344271e-04	
2.453068e-02	1.313989e-04	
2.523515e-02	1.475255e-04	
2.428535e-02	1.631432e-04	
2.454319e-02	1.536904e-04	
2.485704e-02	1.605409e-04	
2.524076e-02	1.645190e-04	
2.401420e-02	1.625666e-04	
2.514715e-02	1.618698e-04	
2.327288e-02	1.498090e-04	
2.434707e-02	1.548057e-04	
2.452580e-02	1.441171e-04	
2.455929e-02	1.431853e-04	
2.499524e-02	1.499239e-04	
2.528585e-02	1.536716e-04	
2.483870e-02	1.538716e-04	
2.457806e-02	1.584866e-04	
2.489753e-02	1.522565e-04	
2.451652e-02	1.693647e-04	
2.424642e-02	1.435956e-04	
2.413231e-02	1.538012e-04	
2.526628e-02	1.382270e-04	
2.529424e-02	1.343938e-04	
2.381298e-02	1.157168e-04	
2.381298e-02	1.379190e-04	
2.466565e-02	1.393880e-04	
2.466565e-02	1.423007e-04	
2.451694e-02	1.493316e-04	
2.491121e-02	1.675769e-04	
2.535590e-02	1.091952e-04	
2.532638e-02	1.164298e-04	
2.572099e-02	1.656748e-04	
2.378142e-02	1.564206e-04	
2.432148e-02	1.725916e-04	
2.432148e-02	1.367537e-04	
2.455090e-02	1.673756e-04	
2.443584e-02	1.410935e-04	
2.522886e-02	1.570168e-04	
2.402096e-02	1.333954e-04	
2.436169e-02	1.411385e-04	
2.436169e-02	1.448336e-04	
2.491125e-02	1.662156e-04	
2.491125e-02	1.525173e-04	
2.414543e-02	1.535867e-04	
2.414543e-02	1.627766e-04	
2.584370e-02	1.669399e-04	
2.514715e-02	1.670229e-04	
2.327288e-02	1.670064e-04	
2.450892e-02	1.508666e-04	
2.522587e-02	1.546246e-04	
2.408302e-02	1.660049e-04	
2.408302e-02	1.510159e-04	
2.547424e-02	1.547495e-04	
2.519010e-02	1.490913e-04	
2.373192e-02	1.434347e-04	
2.373192e-02	1.601090e-04	
2.349725e-02	1.610402e-04	
2.349725e-02	1.632035e-04	
2.457774e-02	1.466675e-04	
2.489722e-02	1.464667e-04	
2.534038e-02	1.576906e-04	
2.465805e-02	1.481586e-04	
2.473547e-02	1.298967e-04	
2.428712e-02	1.491705e-04	
2.428712e-02	1.466519e-04	
2.530070e-02	1.599768e-04	
2.588937e-02	1.512785e-04	
2.529987e-02	1.066680e-04	
2.386638e-02	1.073737e-04	
2.429040e-02	1.394472e-04	
2.378142e-02	1.465047e-04	
2.497741e-02	1.625232e-04	
2.465443e-02	1.687391e-04	
2.423152e-02	1.550408e-04	
2.432056e-02	1.512195e-04	
2.445529e-02	1.389545e-04	
2.402096e-02	1.575298e-04	
2.374971e-02	1.480622e-04	
2.440111e-02	1.555159e-04	
2.440111e-02	1.512818e-04	
2.603446e-02	1.549742e-04	
2.482068e-02	1.469992e-04	
2.477847e-02	1.642096e-04	
2.467411e-02	1.704576e-04	
2.411911e-02	1.654281e-04	
2.411911e-02	1.670536e-04	
2.450892e-02	1.751438e-04	
2.395662e-02	1.615117e-04	
2.494466e-02	1.726778e-04	
2.427624e-02	1.668824e-04	
2.479688e-02	1.528725e-04	
2.479688e-02	1.555986e-04	
2.502531e-02	1.548802e-04	
2.506077e-02	1.545920e-04	
2.507062e-02	1.640033e-04	
2.464595e-02	1.624858e-04	
2.457774e-02	1.661954e-04	
2.530175e-02	1.459702e-04	
2.510092e-02	1.488177e-04	
2.465805e-02	1.543695e-04	
2.444918e-02	1.343959e-04	
2.506040e-02	1.423196e-04	
2.458574e-02	1.323592e-04	
2.458574e-02	1.570111e-04	
2.492514e-02	1.693832e-04	
2.363585e-02	1.498704e-04	
2.386638e-02	1.258623e-04	
2.429040e-02	1.425911e-04	
2.558785e-02	1.467890e-04	
2.497741e-02	1.606664e-04	
2.420059e-02	1.499644e-04	
2.423152e-02	1.570998e-04	
2.508610e-02	1.548924e-04	
2.445529e-02	1.594295e-04	
2.522910e-02	1.572126e-04	
2.374971e-02	1.641162e-04	
2.382063e-02	1.434588e-04	
2.483881e-02	1.531388e-04	
2.390532e-02	1.477562e-04	
2.422777e-02	1.531355e-04	
2.422777e-02	1.537786e-04	
2.467411e-02	1.604135e-04	
2.389730e-02	1.577627e-04	
2.472409e-02	1.721983e-04	
2.426096e-02	1.587065e-04	
2.395662e-02	1.745937e-04	
2.476143e-02	1.732545e-04	
2.388207e-02	1.509281e-04	
2.388207e-02	1.581944e-04	
2.520387e-02	1.611557e-04	
2.379555e-02	1.483720e-04	
2.458955e-02	1.427688e-04	
2.427897e-02	1.527049e-04	
2.427897e-02	1.708919e-04	
2.514104e-02	1.690494e-04	
2.332157e-02	1.598419e-04	
2.522087e-02	1.562686e-04	
2.536534e-02	1.572725e-04	
2.444918e-02	1.543254e-04	
2.437210e-02	1.418927e-04	
2.437210e-02	1.459314e-04	
2.448605e-02	1.419546e-04	
2.429878e-02	1.450273e-04	
2.363585e-02	1.319973e-04	
2.547608e-02	1.565863e-04	
2.559729e-02	1.590114e-04	
2.387599e-02	1.709555e-04	
2.387599e-02	1.388431e-04	
2.420059e-02	1.613628e-04	
2.451942e-02	1.416462e-04	
2.521631e-02	1.597625e-04	
2.364656e-02	1.414719e-04	
2.563847e-02	1.615481e-04	
2.437348e-02	1.670353e-04	
2.437348e-02	1.570397e-04	
2.464221e-02	1.596369e-04	
2.390532e-02	1.664369e-04	
2.371808e-02	1.453250e-04	
2.476314e-02	1.535245e-04	
2.592417e-02	1.472515e-04	
2.389730e-02	1.575149e-04	
2.514682e-02	1.582087e-04	
2.426096e-02	1.662253e-04	
2.563305e-02	1.675985e-04	
2.448906e-02	1.578095e-04	
2.501685e-02	1.561004e-04	
2.500687e-02	1.548012e-04	
2.520387e-02	1.597636e-04	
2.379555e-02	1.611011e-04	
2.458955e-02	1.563518e-04	
2.490306e-02	1.445997e-04	
2.593777e-02	1.548962e-04	
2.538994e-02	1.602810e-04	
2.332157e-02	1.551288e-04	
2.483646e-02	1.489185e-04	
2.536534e-02	1.502104e-04	
2.378701e-02	1.439211e-04	
2.438715e-02	1.456558e-04	
2.544526e-02	1.428732e-04	
2.448605e-02	1.519191e-04	
2.458693e-02	1.704264e-04	
2.478176e-02	1.290138e-04	
2.534868e-02	1.318998e-04	
2.547934e-02	1.378095e-04	
2.511194e-02	1.533760e-04	
2.457909e-02	1.465208e-04	
2.552170e-02	1.405215e-04	
2.529388e-02	1.579349e-04	
2.519848e-02	1.619039e-04	
2.364656e-02	1.633872e-04	
2.399266e-02	1.511298e-04	
2.399266e-02	1.503324e-04	
2.398670e-02	1.610708e-04	
2.464221e-02	1.622454e-04	
2.568341e-02	1.447074e-04	
2.371808e-02	1.580782e-04	
2.545887e-02	1.474625e-04	
2.437317e-02	1.481785e-04	
2.492717e-02	1.583819e-04	
2.454143e-02	1.573539e-04	
2.454143e-02	1.701596e-04	
2.462529e-02	1.551930e-04	
2.448906e-02	1.602363e-04	
2.375263e-02	1.492324e-04	
2.375263e-02	1.562950e-04	
2.571968e-02	1.581099e-04	
2.504551e-02	1.607166e-04	
2.409771e-02	1.576535e-04	
2.490306e-02	1.541656e-04	
2.595293e-02	1.526891e-04	
2.523446e-02	1.514472e-04	
2.523446e-02	1.533282e-04	
2.440858e-02	1.442885e-04	
2.440858e-02	1.306399e-04	
2.378701e-02	1.416277e-04	
2.428909e-02	1.498223e-04	
2.428909e-02	1.716546e-04	
2.607133e-02	1.747258e-04	
2.523893e-02	1.522987e-04	
2.478176e-02	1.491560e-04	
2.397985e-02	1.379426e-04	
2.349415e-02	1.710414e-04	
2.349415e-02	1.383745e-04	
2.409939e-02	1.562088e-04	
2.409939e-02	1.413653e-04	
2.390806e-02	1.518118e-04	
2.390806e-02	1.444915e-04	
2.513074e-02	1.517532e-04	
2.471838e-02	1.449168e-04	
2.414837e-02	1.427136e-04	
2.398670e-02	1.652291e-04	
2.470485e-02	1.578942e-04	
2.431221e-02	1.581729e-04	
2.349660e-02	1.529004e-04	
2.494169e-02	1.541754e-04	
2.437317e-02	1.554793e-04	
2.476996e-02	1.479278e-04	
2.396570e-02	1.548328e-04	
2.526886e-02	1.669659e-04	
2.411794e-02	1.564379e-04	
2.411794e-02	1.600759e-04	
2.489385e-02	1.573499e-04	
2.538006e-02	1.553288e-04	
2.454856e-02	1.460450e-04	
2.454856e-02	1.602713e-04	
2.409771e-02	1.595572e-04	
2.495867e-02	1.490983e-04	
2.575278e-02	1.543491e-04	
2.404542e-02	1.539296e-04	
2.364385e-02	1.562395e-04	
2.511339e-02	1.464928e-04	
2.449707e-02	1.310641e-04	
2.449305e-02	1.433053e-04	
2.429268e-02	1.467476e-04	
2.425991e-02	1.550104e-04	
2.425991e-02	1.688146e-04	
2.402022e-02	1.944928e-04	
2.506673e-02	1.559238e-04	
2.397985e-02	1.695012e-04	
2.526732e-02	1.898678e-04	
2.446470e-02	1.715197e-04	
2.437994e-02	1.327394e-04	
2.473384e-02	1.288069e-04	
2.473384e-02	1.155550e-04	
2.481185e-02	1.406855e-04	
2.468762e-02	1.468826e-04	
2.405485e-02	1.449961e-04	
2.414837e-02	1.566318e-04	
2.420284e-02	1.470328e-04	
2.429102e-02	1.494324e-04	
2.429102e-02	1.506761e-04	
2.349660e-02	1.615816e-04	
2.445632e-02	1.534627e-04	
2.519848e-02	1.514313e-04	
2.545954e-02	1.480305e-04	
2.396570e-02	1.556573e-04	
2.528854e-02	1.546275e-04	
2.469811e-02	1.596150e-04	
2.532460e-02	1.559896e-04	
2.489385e-02	1.629439e-04	
2.446383e-02	1.499046e-04	
2.446383e-02	1.512168e-04	
2.451447e-02	1.398288e-04	
2.422890e-02	1.524017e-04	
2.422890e-02	1.546404e-04	
2.406996e-02	1.486444e-04	
2.404542e-02	1.616430e-04	
2.364385e-02	1.481279e-04	
2.380795e-02	1.378092e-04	
2.380795e-02	1.381716e-04	
2.428080e-02	1.262575e-04	
2.428080e-02	1.546591e-04	
2.407990e-02	1.589358e-04	
2.407990e-02	1.727048e-04	
2.402022e-02	1.639340e-04	
2.485170e-02	1.518885e-04	
2.333621e-02	1.806851e-04	
2.333621e-02	1.404946e-04	
2.470733e-02	1.688386e-04	
2.470733e-02	1.313567e-04	
2.507832e-02	1.322470e-04	
2.415721e-02	1.227145e-04	
2.481185e-02	1.397790e-04	
2.468762e-02	1.520027e-04	
2.405485e-02	1.635011e-04	
2.415772e-02	1.441729e-04	
2.433627e-02	1.456770e-04	
2.518904e-02	1.397635e-04	
2.400257e-02	1.645753e-04	
2.400257e-02	1.570190e-04	
2.445632e-02	1.635408e-04	
2.519848e-02	1.550436e-04	
2.412647e-02	1.450209e-04	
2.530766e-02	1.565456e-04	
2.521518e-02	1.557300e-04	
2.521518e-02	1.583742e-04	
2.471489e-02	1.547126e-04	
2.471489e-02	1.601820e-04	
2.513362e-02	1.475057e-04	
2.500771e-02	1.466033e-04	
2.451447e-02	1.435575e-04	
2.406448e-02	1.513642e-04	
2.445856e-02	1.572832e-04	
2.406996e-02	1.674908e-04	
2.400407e-02	1.466023e-04	
2.422584e-02	1.573442e-04	
2.456742e-02	1.486845e-04	
2.484187e-02	1.381045e-04	
2.475639e-02	1.251810e-04	
2.534168e-02	1.305318e-04	
2.323592e-02	1.323996e-04	
2.323592e-02	1.758385e-04	
2.556508e-02	1.972591e-04	
2.556508e-02	2.068608e-04	
2.555965e-02	1.367424e-04	
2.441514e-02	1.506026e-04	
2.441514e-02	1.372635e-04	
2.567306e-02	1.591360e-04	
2.374283e-02	1.370220e-04	
2.378463e-02	1.462752e-04	
2.404565e-02	1.461297e-04	
2.346043e-02	1.448827e-04	
2.432062e-02	1.545390e-04	
2.415772e-02	1.514903e-04	
2.519027e-02	1.467875e-04	
2.367774e-02	1.422341e-04	
2.500101e-02	1.493244e-04	
2.406362e-02	1.621250e-04	
2.389817e-02	1.533912e-04	
2.389817e-02	1.468667e-04	
2.412647e-02	1.524145e-04	
2.496414e-02	1.429447e-04	
2.496414e-02	1.471114e-04	
2.535121e-02	1.481096e-04	
2.512552e-02	1.426750e-04	
2.505171e-02	1.556082e-04	
2.472762e-02	1.398511e-04	
2.500771e-02	1.554929e-04	
2.473461e-02	1.385042e-04	
2.406448e-02	1.524247e-04	
2.403574e-02	1.622260e-04	
2.403574e-02	1.543354e-04	
2.400407e-02	1.663063e-04	
2.538277e-02	1.490079e-04	
2.432938e-02	1.426651e-04	
2.432938e-02	1.510661e-04	
2.475639e-02	1.465131e-04	
2.407958e-02	1.182497e-04	
2.372985e-02	1.421732e-04	
2.462398e-02	1.314841e-04	
2.462398e-02	1.712614e-04	
2.410113e-02	2.093930e-04	
2.537221e-02	1.107942e-04	
2.522645e-02	1.443469e-04	
2.470192e-02	1.683581e-04	
2.517977e-02	1.449679e-04	
2.374283e-02	1.422549e-04	
2.423743e-02	1.403381e-04	
2.404565e-02	1.329136e-04	
2.346043e-02	1.454847e-04	
2.397731e-02	1.520074e-04	
2.502300e-02	1.433156e-04	
2.511392e-02	1.426171e-04	
2.367774e-02	1.491229e-04	
2.404314e-02	1.374059e-04	
2.584723e-02	1.472528e-04	
2.494257e-02	1.459388e-04	
2.485842e-02	1.467688e-04	
2.473378e-02	1.432261e-04	
2.454881e-02	1.353906e-04	
2.438597e-02	1.377171e-04	
2.438597e-02	1.420594e-04	
2.528484e-02	1.427210e-04	
2.533691e-02	1.463694e-04	
2.472762e-02	1.446222e-04	
2.601665e-02	1.461890e-04	
2.473461e-02	1.442242e-04	
2.526517e-02	1.490207e-04	
2.429516e-02	1.548774e-04	
2.429516e-02	1.564108e-04	
2.460098e-02	1.567404e-04	
2.460098e-02	1.558377e-04	
2.479809e-02	1.444142e-04	
2.460233e-02	1.445032e-04	
2.436778e-02	1.431076e-04	
2.418935e-02	1.368947e-04	
2.557789e-02	1.323278e-04	
2.390854e-02	1.412299e-04	
2.436351e-02	1.187611e-04	
2.410113e-02	1.314224e-04	
2.410996e-02	1.879433e-04	
2.410996e-02	1.304757e-04	
2.516037e-02	1.085992e-04	
2.537624e-02	1.159124e-04	
2.335722e-02	1.308649e-04	
2.509090e-02	1.463503e-04	
2.522672e-02	1.369805e-04	
2.484245e-02	1.391104e-04	
2.484245e-02	1.431890e-04	
2.502300e-02	1.491882e-04	
2.531146e-02	1.445992e-04	
2.493979e-02	1.369010e-04	
2.399085e-02	1.443641e-04	
2.399085e-02	1.325156e-04	
2.463331e-02	1.367983e-04	
2.463331e-02	1.339489e-04	
2.438229e-02	1.392872e-04	
2.438229e-02	1.345819e-04	
2.433603e-02	1.269776e-04	
2.477049e-02	1.366079e-04	
2.364842e-02	1.377960e-04	
2.381764e-02	1.418414e-04	
2.381764e-02	1.520687e-04	
2.499309e-02	1.447987e-04	
2.490675e-02	1.587837e-04	
2.579901e-02	1.473124e-04	
2.608639e-02	1.497751e-04	
2.406435e-02	1.433979e-04	
2.467235e-02	1.533150e-04	
2.517976e-02	1.494187e-04	
2.479583e-02	1.532955e-04	
2.432548e-02	1.479801e-04	
2.441264e-02	1.453472e-04	
2.441264e-02	1.151223e-04	
2.573678e-02	1.357156e-04	
2.339081e-02	1.282813e-04	
2.339081e-02	1.684310e-04	
2.521375e-02	1.565606e-04	
2.493308e-02	1.241331e-04	
2.507732e-02	1.251025e-04	
2.507732e-02	1.150043e-04	
2.547738e-02	1.316001e-04	
2.335722e-02	1.462320e-04	
2.460431e-02	1.453184e-04	
2.435487e-02	1.408347e-04	
2.435487e-02	1.198424e-04	
2.528434e-02	1.290396e-04	
2.401669e-02	1.511876e-04	
2.401669e-02	1.331182e-04	
2.373833e-02	1.441937e-04	
2.373833e-02	1.291435e-04	
2.554548e-02	1.337275e-04	
2.518077e-02	1.247093e-04	
2.532844e-02	1.316416e-04	
2.514368e-02	1.283836e-04	
2.480855e-02	1.300393e-04	
2.433603e-02	1.276123e-04	
2.523291e-02	1.229698e-04	
2.364842e-02	1.350515e-04	
2.401464e-02	1.317768e-04	
2.439404e-02	1.396865e-04	
2.439404e-02	1.412553e-04	
2.406416e-02	1.462426e-04	
2.380436e-02	1.419168e-04	
2.441472e-02	1.436631e-04	
2.406435e-02	1.559063e-04	
2.345534e-02	1.365313e-04	
2.533443e-02	1.220965e-04	
2.479583e-02	1.354970e-04	
2.432548e-02	1.430977e-04	
2.501651e-02	1.546010e-04	
2.376812e-02	1.371397e-04	
2.465669e-02	1.314946e-04	
2.456478e-02	1.596003e-04	
2.456478e-02	1.605528e-04	
2.577955e-02	2.074364e-04	
2.509750e-02	1.471307e-04	
2.497482e-02	1.656006e-04	
2.397402e-02	1.518371e-04	
2.407598e-02	1.285541e-04	
2.436852e-02	1.118722e-04	
2.436852e-02	1.063163e-04	
2.615908e-02	1.314972e-04	
2.523140e-02	1.305343e-04	
2.500416e-02	1.257917e-04	
2.500416e-02	1.259483e-04	
2.426652e-02	1.386676e-04	
2.501927e-02	1.240723e-04	
2.378250e-02	1.297943e-04	
2.443210e-02	1.176271e-04	
2.488148e-02	1.165268e-04	
2.498039e-02	1.210967e-04	
2.419157e-02	1.154763e-04	
2.480855e-02	1.279582e-04	
2.459712e-02	1.133789e-04	
2.463115e-02	1.229342e-04	
2.463115e-02	1.218498e-04	
2.429014e-02	1.308552e-04	
2.429014e-02	1.271360e-04	
2.469393e-02	1.276251e-04	
2.513227e-02	1.393593e-04	
2.380436e-02	1.306617e-04	
2.413392e-02	1.255953e-04	
2.413392e-02	1.270248e-04	
2.345534e-02	1.330505e-04	
2.510909e-02	1.289650e-04	
2.549254e-02	1.270580e-04	
2.532091e-02	1.294236e-04	
2.400929e-02	1.285767e-04	
2.376812e-02	1.438269e-04	
2.435562e-02	1.293446e-04	
2.435562e-02	1.666193e-04	
2.466069e-02	1.571235e-04	
2.473207e-02	2.215064e-04	
2.506319e-02	2.020708e-04	
2.477805e-02	1.272564e-04	
2.397402e-02	1.146069e-04	
2.464709e-02	1.176320e-04	
2.495856e-02	1.141064e-04	
2.440281e-02	1.354803e-04	
2.489307e-02	1.362276e-04	
2.489307e-02	1.269441e-04	
2.480903e-02	1.140573e-04	
2.377140e-02	1.202197e-04	
2.422520e-02	1.242487e-04	
2.432368e-02	1.109275e-04	
2.518498e-02	1.187135e-04	
2.518498e-02	1.083836e-04	
2.330483e-02	1.165325e-04	
2.330483e-02	1.061570e-04	
2.419157e-02	1.160819e-04	
2.519676e-02	1.136720e-04	
2.459712e-02	1.142257e-04	
2.410290e-02	1.092859e-04	
2.410290e-02	1.116078e-04	
2.512340e-02	1.233776e-04	
2.538258e-02	1.130917e-04	
2.469393e-02	1.218877e-04	
2.557998e-02	1.248000e-04	
2.557998e-02	1.263386e-04	
2.414758e-02	1.209220e-04	
2.311418e-02	1.277276e-04	
2.499409e-02	1.302756e-04	
2.419884e-02	1.243222e-04	
2.537463e-02	1.115125e-04	
2.537463e-02	1.219940e-04	
2.461304e-02	1.392517e-04	
2.461304e-02	1.470324e-04	
2.522497e-02	1.569126e-04	
2.465138e-02	1.535553e-04	
2.527001e-02	1.545288e-04	
2.448719e-02	1.333705e-04	
2.466584e-02	1.316881e-04	
2.556272e-02	1.661653e-04	
2.320844e-02	1.396629e-04	
2.498091e-02	1.224909e-04	
2.480922e-02	1.218331e-04	
2.439921e-02	1.262662e-04	
2.439921e-02	1.242517e-04	
2.575111e-02	1.148915e-04	
2.347449e-02	1.126860e-04	
2.347449e-02	1.158744e-04	
2.422520e-02	1.159263e-04	
2.432368e-02	1.104551e-04	
2.357773e-02	1.078068e-04	
2.498758e-02	1.153862e-04	
2.501172e-02	1.152492e-04	
2.410218e-02	1.113741e-04	
2.375072e-02	1.113874e-04	
2.375072e-02	1.162806e-04	
2.529305e-02	1.087771e-04	
2.352052e-02	1.099555e-04	
2.352052e-02	1.192367e-04	
2.371646e-02	1.169568e-04	
2.434063e-02	1.187485e-04	
2.561928e-02	1.115088e-04	
2.586421e-02	1.186494e-04	
2.407858e-02	1.151166e-04	
2.380268e-02	1.148989e-04	
2.311418e-02	1.215798e-04	
2.438824e-02	1.186090e-04	
2.419884e-02	1.302431e-04	
2.484656e-02	1.149387e-04	
2.542259e-02	1.237064e-04	
2.426331e-02	1.324610e-04	
2.426331e-02	1.412627e-04	
2.386322e-02	1.456110e-04	
2.385622e-02	1.240892e-04	
2.448427e-02	1.340665e-04	
2.448719e-02	1.812087e-04	
2.429937e-02	1.712609e-04	
2.429937e-02	1.329026e-04	
2.320844e-02	1.109890e-04	
2.395780e-02	1.223620e-04	
2.395780e-02	1.328549e-04	
2.509437e-02	1.242844e-04	
2.467933e-02	1.334556e-04	
2.526639e-02	1.259340e-04	
2.362422e-02	1.138429e-04	
2.362422e-02	1.096935e-04	
2.534437e-02	9.395349e-05	
2.488455e-02	1.079618e-04	
2.357773e-02	1.063735e-04	
2.323179e-02	9.871134e-05	
2.501172e-02	1.019099e-04	
2.410218e-02	1.106303e-04	
2.392061e-02	1.171503e-04	
2.447144e-02	1.125149e-04	
2.447144e-02	1.167482e-04	
2.464910e-02	1.117280e-04	
2.372210e-02	1.100609e-04	
2.371646e-02	1.150064e-04	
2.434063e-02	1.188649e-04	
2.476607e-02	1.061422e-04	
2.436311e-02	1.085639e-04	
2.415360e-02	1.156746e-04	
2.380268e-02	1.151399e-04	
2.561031e-02	1.143154e-04	
2.513986e-02	1.053618e-04	
2.422340e-02	1.143085e-04	
2.416502e-02	1.264793e-04	
2.377190e-02	1.329220e-04	
2.441083e-02	1.338051e-04	
2.441083e-02	1.304959e-04	
2.386322e-02	1.409436e-04	
2.385622e-02	1.671071e-04	
2.562069e-02	1.605161e-04	
2.472157e-02	1.368267e-04	
2.453079e-02	1.439533e-04	
2.548163e-02	1.810009e-04	
2.422240e-02	1.654923e-04	
2.428332e-02	1.175661e-04	
2.428332e-02	1.206897e-04	
2.564048e-02	1.069110e-04	
2.547432e-02	1.296047e-04	
2.385215e-02	1.260098e-04	
2.506451e-02	1.227455e-04	
2.443116e-02	1.038240e-04	
2.534437e-02	1.036614e-04	
2.490659e-02	1.043261e-04	
2.460683e-02	9.954200e-05	
2.323179e-02	1.042254e-04	
2.553731e-02	9.949737e-05	
2.512560e-02	1.134093e-04	
2.492854e-02	1.125981e-04	
2.461699e-02	1.101249e-04	
2.461699e-02	1.137352e-04	
2.464910e-02	1.129562e-04	
2.372210e-02	1.117238e-04	
2.489572e-02	1.044791e-04	
2.436316e-02	1.137408e-04	
2.417534e-02	1.022089e-04	
2.436311e-02	1.094711e-04	
2.354147e-02	1.146403e-04	
2.354147e-02	1.054875e-04	
2.410105e-02	1.093568e-04	
2.400970e-02	1.062621e-04	
2.406991e-02	1.225743e-04	
2.416502e-02	1.199143e-04	
2.377190e-02	1.281594e-04	
2.500473e-02	1.434845e-04	
2.422660e-02	1.330040e-04	
2.495751e-02	1.046928e-04	
2.495751e-02	1.372476e-04	
2.388257e-02	1.329410e-04	
2.388257e-02	2.243109e-04	
2.539865e-02	1.337275e-04	
2.461111e-02	1.378622e-04	
2.422240e-02	1.313244e-04	
2.429441e-02	1.307836e-04	
2.487091e-02	1.209562e-04	
2.495100e-02	1.084577e-04	
2.519496e-02	8.935971e-05	
2.385215e-02	1.170238e-04	
2.508172e-02	1.194563e-04	
2.443116e-02	1.098357e-04	
2.378128e-02	1.068760e-04	
2.378128e-02	9.863606e-05	
2.352873e-02	9.726517e-05	
2.479335e-02	1.060492e-04	
2.347210e-02	9.966128e-05	
2.462873e-02	1.091767e-04	
2.562725e-02	1.127185e-04	
2.412158e-02	1.076672e-04	
2.412158e-02	1.081972e-04	
2.544933e-02	1.121561e-04	
2.621292e-02	1.041969e-04	
2.391214e-02	9.725270e-05	
2.391214e-02	1.077663e-04	
2.417534e-02	1.135471e-04	
2.591348e-02	1.016420e-04	
2.526124e-02	1.089143e-04	
2.442439e-02	1.081228e-04	
2.410105e-02	1.014979e-04	
2.400970e-02	1.133785e-04	
2.421167e-02	1.152550e-04	
2.479536e-02	1.367874e-04	
2.573970e-02	1.316707e-04	
2.491332e-02	1.272255e-04	
2.422660e-02	1.215816e-04	
2.486172e-02	1.160892e-04	
2.550812e-02	1.413871e-04	
2.569866e-02	1.481147e-04	
2.475229e-02	1.311330e-04	
2.459978e-02	1.182960e-04	
2.461111e-02	1.224275e-04	
2.570722e-02	1.227814e-04	
2.488942e-02	1.039083e-04	
2.471610e-02	1.141650e-04	
2.495100e-02	1.163459e-04	
2.394215e-02	1.033529e-04	
2.394215e-02	9.438571e-05	
2.538004e-02	1.042677e-04	
2.502136e-02	9.948879e-05	
2.437331e-02	1.057298e-04	
2.417621e-02	9.600955e-05	
2.352873e-02	1.000112e-04	
2.479335e-02	9.924974e-05	
2.347210e-02	9.605449e-05	
2.410956e-02	9.654041e-05	
2.410956e-02	9.531829e-05	
2.630004e-02	1.001527e-04	
2.380807e-02	9.472151e-05	
2.380807e-02	1.077148e-04	
2.396035e-02	9.552404e-05	
2.396035e-02	9.688954e-05	
2.363772e-02	1.010412e-04	
2.363772e-02	1.076133e-04	
2.477798e-02	1.029548e-04	
2.540611e-02	1.045702e-04	
2.455720e-02	1.051681e-04	
2.455720e-02	1.036296e-04	
2.533305e-02	1.222738e-04	
2.519829e-02	1.056773e-04	
2.362495e-02	1.063110e-04	
2.362495e-02	1.127961e-04	
2.450831e-02	1.101363e-04	
2.376823e-02	1.001208e-04	
2.376823e-02	1.046353e-04	
2.519575e-02	1.313274e-04	
2.467498e-02	1.473954e-04	
2.477043e-02	1.399469e-04	
2.459978e-02	1.372418e-04	
2.389312e-02	1.371659e-04	
2.558424e-02	1.161178e-04	
2.407825e-02	1.273201e-04	
2.407825e-02	1.155528e-04	
2.508864e-02	8.910164e-05	
2.508651e-02	8.511209e-05	
2.376161e-02	9.435889e-05	
2.376161e-02	8.977629e-05	
2.502136e-02	1.036166e-04	
2.527898e-02	9.950294e-05	
2.355461e-02	1.025143e-04	
2.355461e-02	9.050564e-05	
2.476389e-02	8.330359e-05	
2.476389e-02	8.632002e-05	
2.529082e-02	9.073013e-05	
2.506632e-02	8.981095e-05	
2.484708e-02	8.622083e-05	
2.399264e-02	8.900038e-05	
2.509150e-02	8.754505e-05	
2.371274e-02	8.524137e-05	
2.371274e-02	9.153581e-05	
2.425016e-02	8.185273e-05	
2.459294e-02	1.003946e-04	
2.470088e-02	9.431624e-05	
2.500001e-02	9.918738e-05	
2.517966e-02	1.027309e-04	
2.551925e-02	9.451367e-05	
2.454364e-02	9.737558e-05	
2.454364e-02	9.206053e-05	
2.395401e-02	1.051818e-04	
2.383678e-02	1.028896e-04	
2.450831e-02	9.575823e-05	
2.471998e-02	1.008829e-04	
2.471998e-02	1.047796e-04	
2.354796e-02	9.507277e-05	
2.354796e-02	1.517780e-04	
2.529044e-02	1.667966e-04	
2.428172e-02	1.572550e-04	
2.389312e-02	1.543292e-04	
2.349385e-02	1.193273e-04	
2.386438e-02	1.060584e-04	
2.550479e-02	1.089690e-04	
2.373360e-02	8.941567e-05	
2.373360e-02	8.623223e-05	
2.528574e-02	8.690113e-05	
2.480131e-02	9.356910e-05	
2.508176e-02	9.723842e-05	
2.473931e-02	8.325502e-05	
2.473931e-02	8.134196e-05	
2.581221e-02	8.647241e-05	
2.488433e-02	7.315094e-05	
2.343314e-02	8.548061e-05	
2.343314e-02	8.133955e-05	
2.506632e-02	7.734155e-05	
2.411467e-02	7.678545e-05	
2.411467e-02	7.926873e-05	
2.503722e-02	7.615997e-05	
2.436510e-02	7.887346e-05	
2.436510e-02	8.272814e-05	
2.425016e-02	8.123026e-05	
2.426756e-02	8.414604e-05	
2.470088e-02	9.009937e-05	
2.449905e-02	8.404918e-05	
2.449905e-02	8.638602e-05	
2.509988e-02	8.881648e-05	
2.418268e-02	8.874974e-05	
2.418268e-02	8.485849e-05	
2.436586e-02	9.176147e-05	
2.491320e-02	1.006002e-04	
2.400927e-02	9.135342e-05	
2.395161e-02	9.674898e-05	
2.469629e-02	8.934445e-05	
2.455231e-02	1.046856e-04	
2.360475e-02	1.128923e-04	
2.493046e-02	9.926694e-05	
2.428172e-02	2.106292e-04	
2.476513e-02	1.295028e-04	
2.349385e-02	1.072280e-04	
2.386438e-02	8.336697e-05	
2.515698e-02	7.890133e-05	
2.443651e-02	8.548910e-05	
2.443651e-02	8.719223e-05	
2.467539e-02	7.158294e-05	
2.413415e-02	8.244493e-05	
2.413415e-02	7.729465e-05	
2.500888e-02	7.525730e-05	
2.377352e-02	7.604871e-05	
2.377352e-02	7.570779e-05	
2.488433e-02	6.962097e-05	
2.472200e-02	6.655523e-05	
2.547129e-02	6.984629e-05	
2.519644e-02	6.792623e-05	
2.530838e-02	6.298577e-05	
2.431352e-02	7.579260e-05	
2.431352e-02	7.113079e-05	
2.534964e-02	6.222507e-05	
2.514669e-02	7.330360e-05	
2.481202e-02	7.744802e-05	
2.481202e-02	7.677178e-05	
2.622681e-02	7.036024e-05	
2.417741e-02	6.902236e-05	
2.417741e-02	7.612508e-05	
2.417851e-02	7.631526e-05	
2.417851e-02	8.480308e-05	
2.585058e-02	6.043825e-05	
2.436586e-02	9.156088e-05	
2.381138e-02	8.479534e-05	
2.400927e-02	1.053265e-04	
2.395161e-02	9.853242e-05	
2.487465e-02	9.007977e-05	
2.455231e-02	6.756595e-05	
2.360475e-02	9.101858e-05	
2.375614e-02	1.438857e-04	
2.502253e-02	1.012140e-04	
2.524937e-02	1.257491e-04	
2.375558e-02	1.026015e-04	
2.511780e-02	9.453789e-05	
2.486689e-02	8.610472e-05	
2.366199e-02	6.467431e-05	
2.459122e-02	8.264604e-05	
2.467539e-02	7.270462e-05	
2.486685e-02	7.084646e-05	
2.492851e-02	7.058386e-05	
2.544441e-02	6.848644e-05	
2.397173e-02	6.606599e-05	
2.560160e-02	6.678347e-05	
2.461189e-02	6.299314e-05	
2.461189e-02	5.975164e-05	
2.467536e-02	5.885871e-05	
2.467536e-02	4.965869e-05	
2.456088e-02	5.895077e-05	
2.456088e-02	5.655137e-05	
2.458030e-02	5.852903e-05	
2.363237e-02	6.403042e-05	
2.478801e-02	6.691422e-05	
2.478801e-02	7.692919e-05	
2.535841e-02	6.673327e-05	
2.535841e-02	5.506548e-05	
2.543793e-02	6.005190e-05	
2.583166e-02	6.072141e-05	
2.436120e-02	7.526058e-05	
2.468161e-02	6.828874e-05	
2.374986e-02	6.816415e-05	
2.551242e-02	8.283808e-05	
2.381138e-02	8.843922e-05	
2.447628e-02	7.799854e-05	
2.387862e-02	9.671159e-05	
2.487465e-02	1.126990e-04	
2.503100e-02	9.491015e-05	
2.530985e-02	9.967593e-05	
2.472356e-02	1.205064e-04	
2.391634e-02	1.509271e-04	
2.406016e-02	1.063727e-04	
2.375558e-02	1.021353e-04	
2.449257e-02	9.927080e-05	
2.486689e-02	8.191856e-05	
2.366199e-02	7.087292e-05	
2.507275e-02	5.065731e-05	
2.418877e-02	6.359223e-05	
2.553893e-02	6.653975e-05	
2.584752e-02	5.842408e-05	
2.542226e-02	5.747522e-05	
2.397173e-02	6.115926e-05	
2.575814e-02	5.296372e-05	
2.398787e-02	5.861386e-05	
2.398787e-02	3.863797e-05	
2.504066e-02	4.674140e-05	
2.489654e-02	4.285329e-05	
2.426801e-02	4.959920e-05	
2.426801e-02	5.153612e-05	
2.417561e-02	5.054449e-05	
2.363237e-02	5.923406e-05	
2.438458e-02	5.728509e-05	
2.415178e-02	5.737706e-05	
2.423002e-02	6.209010e-05	
2.476083e-02	5.794534e-05	
2.494587e-02	5.997404e-05	
2.564702e-02	6.129857e-05	
2.543300e-02	5.532744e-05	
2.431823e-02	5.644031e-05	
2.374986e-02	7.026063e-05	
2.452866e-02	6.615511e-05	
2.377018e-02	8.584593e-05	
2.447628e-02	9.450702e-05	
2.387862e-02	1.058809e-04	
2.347328e-02	1.071314e-04	
2.347328e-02	1.110329e-04	
2.537449e-02	1.092085e-04	
2.507410e-02	1.540792e-04	
2.391634e-02	7.710098e-05	
2.487315e-02	1.042606e-04	
2.515135e-02	9.403420e-05	
2.449257e-02	8.479649e-05	
2.505515e-02	8.092063e-05	
2.460806e-02	6.881230e-05	
2.393044e-02	5.709400e-05	
2.418877e-02	7.295545e-05	
2.448182e-02	5.228168e-05	
2.434682e-02	4.451024e-05	
2.434682e-02	3.829671e-05	
2.554322e-02	5.148642e-05	
2.494334e-02	3.683314e-05	
2.493113e-02	4.450478e-05	
2.421987e-02	3.871423e-05	
2.421987e-02	4.172735e-05	
2.399160e-02	3.952830e-05	
2.399160e-02	3.591511e-05	
2.439810e-02	4.401273e-05	
2.417561e-02	4.930644e-05	
2.497770e-02	5.295300e-05	
2.429998e-02	3.699724e-05	
2.415178e-02	4.638804e-05	
2.423002e-02	5.023987e-05	
2.476083e-02	5.122945e-05	
2.493464e-02	5.055036e-05	
2.560719e-02	4.137301e-05	
2.363177e-02	4.667516e-05	
2.435677e-02	5.832653e-05	
2.532467e-02	6.870647e-05	
2.453250e-02	5.608966e-05	
2.377018e-02	7.409752e-05	
2.397036e-02	7.716574e-05	
2.397036e-02	9.577964e-05	
2.344811e-02	1.002422e-04	
2.344811e-02	1.113864e-04	
2.419407e-02	1.047288e-04	
2.443354e-02	1.257911e-04	
2.592387e-02	1.189392e-04	
2.453365e-02	1.006771e-04	
2.453365e-02	1.096443e-04	
2.502857e-02	9.460327e-05	
2.372300e-02	7.906967e-05	
2.372300e-02	5.659729e-05	
2.393044e-02	3.811684e-05	
2.590356e-02	4.102067e-05	
2.448182e-02	4.652349e-05	
2.458232e-02	4.037246e-05	
2.448421e-02	3.243357e-05	
2.448421e-02	2.668332e-05	
2.381441e-02	2.923670e-05	
2.381441e-02	2.525089e-05	
2.344785e-02	3.857932e-05	
2.344785e-02	3.668432e-05	
2.422504e-02	3.845236e-05	
2.502997e-02	2.943939e-05	
2.439810e-02	4.460771e-05	
2.454651e-02	4.690867e-05	
2.454651e-02	3.812416e-05	
2.396614e-02	3.675908e-05	
2.396614e-02	4.307565e-05	
2.550870e-02	4.091384e-05	
2.513099e-02	5.105114e-05	
2.423699e-02	4.453982e-05	
2.423699e-02	3.994599e-05	
2.344178e-02	4.619848e-05	
2.344178e-02	4.857043e-05	
2.423775e-02	6.099038e-05	
2.441283e-02	7.060285e-05	
2.556035e-02	7.245632e-05	
2.472766e-02	7.138888e-05	
2.397681e-02	6.089113e-05	
2.470097e-02	8.223494e-05	
2.461435e-02	6.662349e-05	
2.419407e-02	9.452416e-05	
2.436824e-02	1.470134e-04	
2.461214e-02	1.410172e-04	
2.461214e-02	9.131164e-05	
2.458370e-02	8.292052e-05	
2.453078e-02	5.843695e-05	
2.453078e-02	4.290279e-05	
2.465745e-02	5.153610e-05	
2.473278e-02	6.480523e-05	
2.473278e-02	4.535608e-05	
2.531486e-02	4.898459e-05	
2.407713e-02	3.510122e-05	
2.490492e-02	3.226182e-05	
2.508265e-02	2.269473e-05	
2.388349e-02	2.610155e-05	
2.547980e-02	2.963814e-05	
2.392376e-02	4.253391e-05	
2.392376e-02	3.831944e-05	
2.372750e-02	3.175385e-05	
2.502997e-02	2.895246e-05	
2.573076e-02	3.360935e-05	
2.507312e-02	3.473778e-05	
2.469546e-02	2.777001e-05	
2.452405e-02	3.680088e-05	
2.443433e-02	2.731565e-05	
2.466122e-02	2.872010e-05	
2.369062e-02	4.518518e-05	
2.369062e-02	4.267335e-05	
2.416700e-02	4.530617e-05	
2.423986e-02	4.687699e-05	
2.423986e-02	3.835177e-05	
2.420701e-02	4.259771e-05	
2.420701e-02	6.371611e-05	
2.404715e-02	4.752238e-05	
2.425127e-02	6.958743e-05	
2.397681e-02	3.916017e-05	
2.467836e-02	3.432361e-05	
2.461435e-02	7.311053e-05	
2.492046e-02	1.198647e-04	
2.436824e-02	2.141981e-04	
2.545730e-02	9.902323e-05	
2.420089e-02	1.008562e-04	
2.416018e-02	7.397920e-05	
2.398665e-02	3.847983e-05	
2.398665e-02	2.910334e-05	
2.465745e-02	4.173625e-05	
2.503694e-02	5.731582e-05	
2.478159e-02	4.512195e-05	
2.349273e-02	3.230926e-05	
2.407713e-02	4.355056e-05	
2.446184e-02	3.723765e-05	
2.321942e-02	3.305337e-05	
2.321942e-02	3.108761e-05	
2.399944e-02	1.807178e-05	
2.508406e-02	3.724608e-05	
2.513933e-02	2.866595e-05	
2.356281e-02	3.565671e-05	
2.356281e-02	2.952768e-05	
2.479497e-02	1.767302e-05	
2.493054e-02	2.601570e-05	
2.469546e-02	2.646299e-05	
2.582972e-02	3.064954e-05	
2.443433e-02	2.853033e-05	
2.466122e-02	2.871762e-05	
2.492920e-02	2.757960e-05	
2.417171e-02	2.373435e-05	
2.385075e-02	3.646317e-05	
2.385075e-02	4.830884e-05	
2.432197e-02	3.451786e-05	
2.432197e-02	5.020601e-05	
2.533723e-02	3.442269e-05	
2.404715e-02	4.987413e-05	
2.546757e-02	3.734731e-05	
2.449149e-02	4.615188e-05	
2.428382e-02	2.566935e-05	
2.470423e-02	4.592466e-05	
2.459340e-02	8.957879e-05	
2.503924e-02	1.132365e-04	
2.486002e-02	1.323547e-04	
2.406330e-02	9.190687e-05	
2.406330e-02	4.073332e-05	
2.488576e-02	1.849449e-05	
2.427661e-02	1.796609e-05	
2.515300e-02	2.506765e-05	
2.508835e-02	3.234884e-05	
2.521951e-02	3.505115e-05	
2.349273e-02	3.696926e-05	
2.439786e-02	2.066558e-05	
2.446184e-02	2.346202e-05	
2.407020e-02	3.431744e-05	
2.496463e-02	2.955104e-05	
2.399944e-02	3.261496e-05	
2.385674e-02	1.776128e-05	
2.459396e-02	2.642727e-05	
2.459396e-02	2.095765e-05	
2.490885e-02	2.268269e-05	
2.479497e-02	1.988163e-05	
2.492438e-02	1.831070e-05	
2.492438e-02	2.254881e-05	
2.413194e-02	2.183344e-05	
2.413194e-02	2.555378e-05	
2.479606e-02	2.253649e-05	
2.489719e-02	1.841226e-05	
2.417171e-02	2.076790e-05	
2.485885e-02	2.583368e-05	
2.431479e-02	3.519007e-05	
2.513266e-02	5.159304e-05	
2.455507e-02	3.371876e-05	
2.430106e-02	3.286278e-05	
2.351612e-02	1.967674e-05	
2.490190e-02	3.307621e-05	
2.496737e-02	3.726401e-05	
2.428382e-02	3.490640e-05	
2.470423e-02	1.800027e-05	
2.459340e-02	5.560999e-05	
2.473415e-02	8.880786e-05	
2.486002e-02	1.074284e-04	
2.539730e-02	7.759711e-05	
2.495192e-02	6.066827e-05	
2.495192e-02	1.193488e-05	
2.514661e-02	5.804169e-06	
2.458750e-02	7.408129e-07	
2.508835e-02	1.777661e-05	
2.459833e-02	1.397874e-05	
2.459833e-02	1.995203e-05	
2.460338e-02	2.026189e-05	
2.500429e-02	2.947168e-05	
2.524017e-02	2.428730e-05	
2.461012e-02	2.140175e-05	
2.461012e-02	1.582964e-05	
2.385674e-02	1.504706e-05	
2.397818e-02	1.075310e-05	
2.515728e-02	1.194788e-05	
2.490885e-02	1.865127e-05	
2.553936e-02	1.355607e-05	
2.440726e-02	9.248206e-06	
2.456662e-02	1.940272e-05	
2.517086e-02	1.513474e-05	
2.552549e-02	1.993138e-05	
2.479606e-02	1.998132e-05	
2.466321e-02	9.909512e-06	
2.466321e-02	1.478947e-05	
2.458536e-02	1.252919e-05	
2.431479e-02	2.417902e-05	
2.572985e-02	2.896913e-05	
2.466637e-02	1.497141e-05	
2.430106e-02	1.159367e-05	
2.351612e-02	2.205095e-05	
2.479207e-02	3.782733e-06	
2.479207e-02	1.667053e-05	
2.516541e-02	1.708127e-05	
2.555683e-02	4.305694e-05	
2.572632e-02	4.000038e-05	
2.442137e-02	7.503398e-05	
