1.477243e-02	1.196005e-05	
2.129270e-02	8.604556e-06	
2.016417e-02	4.216826e-05	
1.887681e-02	5.432595e-05	
2.074834e-02	3.443133e-05	
1.876631e-02	2.427158e-05	
1.549335e-02	6.183696e-05	
1.788577e-02	2.569084e-05	
1.772322e-02	9.181891e-05	
1.693611e-02	4.292306e-05	
1.785002e-02	5.919011e-05	
2.012760e-02	1.097227e-04	
1.484806e-02	1.686610e-05	
1.619146e-02	1.175370e-04	
1.746158e-02	8.563409e-05	
1.760001e-02	6.388073e-06	
1.649315e-02	9.203138e-05	
1.670832e-02	3.950405e-05	
1.476417e-02	2.243548e-05	
1.647119e-02	5.937455e-05	
1.563026e-02	1.849223e-05	
1.617885e-02	2.140255e-05	
1.318212e-02	9.690573e-05	
1.892322e-02	4.096007e-05	
2.179570e-02	3.669810e-05	
1.894809e-02	6.696087e-05	
1.824956e-02	1.428626e-04	
1.701391e-02	3.238063e-05	
1.503831e-02	1.594782e-04	
1.668572e-02	1.519987e-04	
1.444190e-02	8.391526e-05	
2.075051e-02	5.265968e-05	
1.506335e-02	8.336103e-05	
1.491312e-02	3.647515e-05	
1.576276e-02	1.134020e-06	
1.420898e-02	1.189387e-05	
2.151502e-02	2.935318e-05	
1.454299e-02	2.467664e-05	
1.906164e-02	4.312589e-05	
1.811857e-02	4.538864e-05	
1.823303e-02	4.404914e-05	
1.846354e-02	4.512791e-05	
1.618515e-02	1.356557e-05	
2.027217e-02	8.338590e-06	
1.658070e-02	2.148745e-05	
1.871015e-02	1.139108e-04	
1.945280e-02	1.098735e-05	
1.887525e-02	2.920522e-05	
1.553400e-02	9.038062e-07	
1.899978e-02	8.054045e-05	
1.629087e-02	1.036011e-04	
1.541999e-02	1.378884e-04	
1.999875e-02	7.354624e-05	
1.732864e-02	4.245908e-05	
1.531347e-02	7.655286e-05	
1.786841e-02	8.739243e-05	
1.967872e-02	9.049127e-05	
2.019607e-02	8.033534e-05	
1.592640e-02	8.863106e-05	
1.963783e-02	9.604694e-05	
1.959205e-02	7.656310e-05	
1.557673e-02	9.994083e-06	
1.590271e-02	5.780356e-05	
1.768369e-02	1.451436e-05	
1.934456e-02	9.651939e-06	
1.937438e-02	3.889175e-05	
1.790284e-02	5.183879e-05	
1.886824e-02	1.230152e-04	
1.831921e-02	6.732867e-05	
2.064392e-02	5.062209e-05	
1.439373e-02	1.175166e-05	
2.110909e-02	1.870413e-05	
1.663593e-02	2.431509e-05	
1.973095e-02	3.606343e-06	
1.894346e-02	8.776806e-05	
1.814893e-02	6.393926e-05	
1.637507e-02	1.448940e-06	
1.362052e-02	1.635110e-05	
1.785654e-02	5.409587e-05	
1.805961e-02	1.023891e-05	
1.912401e-02	1.854116e-05	
1.625442e-02	2.479890e-05	
1.777577e-02	1.001275e-04	
1.621258e-02	5.968185e-05	
1.702925e-02	8.589518e-05	
1.765618e-02	6.466731e-05	
1.886375e-02	9.820145e-05	
1.943355e-02	6.050839e-05	
1.628220e-02	7.723656e-05	
1.857643e-02	1.750285e-05	
1.676649e-02	2.976160e-05	
1.662189e-02	1.272714e-05	
1.131826e-02	8.639544e-05	
1.482719e-02	1.939675e-05	
1.618832e-02	5.091836e-05	
1.768249e-02	9.769611e-05	
1.968193e-02	6.732438e-05	
1.852408e-02	1.028565e-05	
1.781301e-02	3.572072e-05	
1.999718e-02	6.707809e-05	
1.595806e-02	2.522403e-05	
1.498516e-02	4.022548e-05	
1.642498e-02	3.667433e-05	
1.936689e-02	5.714234e-05	
1.661350e-02	1.775010e-05	
1.655983e-02	6.090585e-05	
1.836824e-02	4.345932e-05	
1.953766e-02	2.507851e-05	
1.489445e-02	3.604028e-05	
1.543220e-02	3.886182e-05	
1.410077e-02	2.358915e-05	
1.655263e-02	4.463039e-05	
2.010928e-02	9.468001e-05	
1.891982e-02	5.679584e-05	
2.011223e-02	3.625070e-05	
1.874217e-02	4.701460e-05	
1.899127e-02	6.847224e-05	
1.424025e-02	8.177456e-05	
1.775541e-02	6.571665e-05	
1.485050e-02	2.888197e-06	
1.995782e-02	3.923371e-05	
1.365779e-02	5.635253e-06	
1.733326e-02	2.215239e-05	
1.631625e-02	1.656802e-05	
1.670213e-02	8.236446e-06	
2.214795e-02	3.269502e-05	
1.584876e-02	4.757315e-06	
1.937512e-02	1.698873e-05	
1.286861e-02	9.183025e-05	
1.590110e-02	4.825787e-05	
1.846528e-02	1.365671e-05	
2.090852e-02	4.991684e-05	
1.613581e-02	1.209624e-04	
2.167996e-02	5.101593e-05	
1.773196e-02	4.174154e-05	
1.519207e-02	1.285823e-04	
1.635045e-02	1.029264e-05	
1.875166e-02	9.790003e-06	
1.975529e-02	5.666758e-06	
1.422341e-02	4.163219e-05	
1.853241e-02	7.386955e-06	
1.641210e-02	2.605007e-05	
1.937887e-02	4.687256e-05	
1.545054e-02	3.084992e-05	
1.854573e-02	2.539326e-05	
1.480828e-02	9.002998e-06	
1.606552e-02	4.880020e-05	
1.973135e-02	1.817028e-05	
1.732458e-02	7.553967e-05	
1.507907e-02	2.039863e-05	
1.603193e-02	6.424364e-05	
1.879804e-02	3.958837e-05	
1.620360e-02	7.497737e-05	
1.967969e-02	7.634560e-05	
1.992180e-02	7.199042e-05	
1.741178e-02	4.432778e-05	
1.584605e-02	4.678297e-05	
1.600506e-02	1.418198e-05	
2.016279e-02	1.624395e-06	
1.922610e-02	3.865346e-06	
1.883885e-02	1.894002e-05	
1.715037e-02	2.776191e-05	
1.675346e-02	3.703900e-05	
1.954055e-02	5.150987e-05	
1.648103e-02	5.138302e-05	
1.355197e-02	2.488665e-05	
1.267375e-02	5.094691e-05	
1.615123e-02	6.855407e-06	
1.629787e-02	4.756127e-05	
1.604159e-02	2.020629e-05	
1.890181e-02	7.061134e-05	
1.662409e-02	6.441267e-05	
1.386561e-02	8.260668e-05	
1.844392e-02	7.270053e-05	
1.954312e-02	7.882382e-05	
1.945732e-02	8.352433e-05	
1.865533e-02	4.804947e-05	
1.926641e-02	3.428865e-05	
1.456516e-02	2.145095e-05	
1.452703e-02	1.625539e-05	
1.855830e-02	8.357644e-05	
1.779524e-02	6.088645e-05	
1.789510e-02	7.995493e-05	
1.765765e-02	6.573925e-05	
2.016551e-02	7.034667e-05	
1.612659e-02	7.650595e-05	
2.069699e-02	5.470012e-05	
1.776760e-02	4.533068e-05	
1.754862e-02	3.393395e-05	
1.546922e-02	1.221292e-04	
1.640516e-02	7.106209e-05	
1.385150e-02	1.288421e-04	
1.678803e-02	1.492361e-04	
1.643116e-02	6.962576e-05	
1.824582e-02	6.811687e-05	
1.680078e-02	2.842768e-05	
1.745165e-02	7.076068e-05	
1.636436e-02	3.050043e-05	
1.949793e-02	1.523157e-05	
1.426323e-02	1.535163e-06	
2.043450e-02	1.654451e-05	
2.028010e-02	2.304650e-05	
1.340494e-02	8.333546e-06	
1.224749e-02	6.656916e-05	
1.401934e-02	5.495995e-06	
1.790258e-02	3.693753e-05	
2.161840e-02	2.256275e-05	
1.825667e-02	4.597852e-05	
1.599402e-02	3.454731e-06	
1.597091e-02	5.014555e-05	
1.855849e-02	3.291953e-05	
1.943297e-02	3.951590e-05	
1.731273e-02	4.983265e-05	
2.212940e-02	5.213844e-05	
1.935364e-02	2.100218e-05	
2.049832e-02	6.415682e-05	
1.482320e-02	6.016903e-05	
1.851864e-02	8.805933e-05	
1.787813e-02	6.335494e-05	
1.630136e-02	9.437179e-05	
1.478323e-02	8.605850e-05	
1.757042e-02	1.224490e-04	
2.034556e-02	6.001084e-05	
1.421338e-02	1.015350e-04	
1.489135e-02	1.256490e-04	
1.832826e-02	4.465067e-06	
2.056818e-02	4.123299e-05	
1.722069e-02	8.159378e-05	
1.605334e-02	1.044163e-04	
1.951797e-02	1.178480e-04	
1.663404e-02	1.372865e-04	
1.459944e-02	8.751000e-05	
1.785800e-02	6.741103e-05	
1.915235e-02	6.146800e-05	
1.720657e-02	7.440697e-05	
1.532453e-02	2.990258e-06	
1.938373e-02	1.646395e-05	
1.882574e-02	9.794065e-06	
2.065638e-02	3.379701e-05	
1.906889e-02	5.120128e-05	
2.062348e-02	1.799450e-05	
1.504004e-02	6.763447e-05	
1.929548e-02	4.160429e-05	
1.886166e-02	4.300279e-05	
2.148548e-02	7.418617e-05	
1.897661e-02	3.981998e-05	
1.786165e-02	5.121359e-05	
2.051426e-02	5.486190e-05	
2.128588e-02	5.639164e-05	
1.459282e-02	2.279555e-05	
1.849226e-02	3.034216e-05	
1.514206e-02	2.691963e-05	
1.741388e-02	2.105468e-05	
1.487127e-02	2.559990e-05	
1.835120e-02	6.149637e-05	
1.828667e-02	8.530626e-05	
1.303072e-02	6.927653e-05	
1.637021e-02	8.849108e-05	
1.735762e-02	1.406381e-04	
1.236050e-02	8.982583e-05	
1.877733e-02	8.156007e-05	
2.056371e-02	9.803952e-05	
1.657299e-02	9.623559e-05	
1.817848e-02	1.339191e-04	
1.588202e-02	8.272985e-05	
1.667846e-02	9.754892e-05	
1.714537e-02	5.979174e-05	
1.583308e-02	8.159792e-05	
1.425694e-02	1.205223e-04	
1.791548e-02	5.600579e-05	
1.822083e-02	8.980310e-05	
1.594801e-02	1.061103e-04	
1.840163e-02	9.827157e-05	
1.794976e-02	6.263249e-06	
1.649213e-02	7.331635e-05	
1.691631e-02	8.294739e-05	
1.759380e-02	5.370002e-05	
1.934405e-02	6.800667e-05	
1.424821e-02	5.746485e-05	
1.705959e-02	4.260693e-05	
1.902885e-02	5.161799e-05	
1.739248e-02	2.472088e-05	
1.676013e-02	8.963230e-05	
1.758343e-02	5.397180e-05	
1.992987e-02	7.289504e-05	
1.761777e-02	7.496170e-05	
1.835602e-02	5.042162e-05	
1.836866e-02	8.107519e-05	
1.530036e-02	1.760374e-06	
1.461155e-02	4.758015e-05	
1.505952e-02	5.622370e-05	
1.511676e-02	7.211361e-05	
1.715781e-02	6.378698e-05	
1.928225e-02	5.999802e-05	
1.778366e-02	1.724680e-05	
1.599534e-02	7.902764e-05	
1.661977e-02	4.218510e-05	
1.439677e-02	1.008777e-04	
1.391408e-02	1.152663e-04	
1.919320e-02	1.436749e-04	
2.042922e-02	8.946176e-05	
1.974060e-02	1.619292e-04	
1.979663e-02	1.753491e-04	
1.852567e-02	1.781072e-04	
1.768911e-02	6.804764e-05	
1.542685e-02	1.855588e-04	
1.903658e-02	1.688715e-04	
1.580990e-02	1.110984e-04	
2.235543e-02	8.086557e-05	
1.773699e-02	1.492366e-04	
1.615490e-02	7.927453e-05	
1.833403e-02	1.072049e-05	
1.726920e-02	5.688750e-05	
1.404741e-02	3.922525e-05	
1.299893e-02	2.843653e-05	
2.228762e-02	9.288843e-05	
1.784915e-02	5.787719e-05	
1.533721e-02	5.354288e-05	
1.803509e-02	7.086145e-05	
1.719220e-02	9.531624e-05	
1.683147e-02	4.460532e-05	
1.860968e-02	5.962175e-05	
1.776275e-02	6.570393e-05	
1.764335e-02	4.027275e-05	
1.838401e-02	6.396016e-05	
1.639154e-02	8.156656e-06	
1.420841e-02	3.190151e-05	
1.960843e-02	5.142805e-05	
1.436919e-02	8.751168e-05	
1.879457e-02	1.219233e-04	
1.594968e-02	9.145189e-05	
1.514274e-02	8.501384e-05	
1.939808e-02	9.681686e-05	
1.574493e-02	9.015730e-05	
1.564330e-02	7.708258e-05	
1.768690e-02	6.431386e-05	
1.571994e-02	1.124192e-04	
1.800009e-02	8.480369e-05	
1.734890e-02	9.474755e-05	
1.705979e-02	1.010576e-04	
1.782402e-02	1.967224e-04	
1.545634e-02	2.075615e-04	
1.905950e-02	1.855935e-04	
1.584154e-02	1.531084e-04	
1.887606e-02	1.906393e-04	
1.790092e-02	6.563401e-05	
2.044417e-02	1.078665e-04	
1.410108e-02	1.213811e-04	
1.832488e-02	5.331769e-05	
1.655111e-02	6.301694e-05	
1.659583e-02	6.488294e-05	
1.393635e-02	6.663895e-05	
1.704332e-02	6.977628e-05	
1.639994e-02	5.210704e-05	
1.480112e-02	5.061501e-05	
1.762114e-02	5.937670e-05	
1.503625e-02	7.559455e-05	
1.697282e-02	9.622507e-05	
1.853454e-02	5.079975e-05	
1.631779e-02	6.112211e-05	
1.600476e-02	7.481923e-05	
1.500356e-02	6.879625e-05	
1.404654e-02	2.458644e-05	
1.820863e-02	3.920808e-05	
1.507211e-02	3.074550e-05	
1.923914e-02	5.095930e-05	
1.763830e-02	8.103095e-05	
1.751261e-02	5.392594e-05	
1.891492e-02	9.828571e-05	
1.992087e-02	7.757331e-05	
1.762496e-02	8.367719e-05	
1.637803e-02	1.183763e-04	
1.972417e-02	1.312051e-04	
2.186105e-02	1.101341e-04	
1.591314e-02	1.515843e-04	
1.843337e-02	1.378575e-04	
1.843435e-02	1.485641e-04	
1.796770e-02	1.393147e-04	
1.650162e-02	2.067196e-04	
1.311850e-02	8.914376e-05	
1.600690e-02	2.822645e-05	
1.312217e-02	1.560068e-04	
1.740163e-02	1.259643e-04	
1.788754e-02	1.104165e-04	
1.876308e-02	1.091164e-04	
1.384726e-02	1.743447e-04	
1.895113e-02	9.520908e-05	
1.715473e-02	6.317752e-05	
1.920319e-02	7.089664e-05	
2.074224e-02	8.743086e-05	
1.616469e-02	9.697669e-05	
1.520895e-02	7.444804e-05	
1.668603e-02	2.784360e-05	
1.682292e-02	6.593470e-05	
1.885490e-02	7.174406e-05	
1.909112e-02	1.059677e-04	
1.848003e-02	6.069151e-05	
1.870870e-02	5.763484e-05	
1.999433e-02	1.061273e-04	
1.655494e-02	9.553152e-05	
1.732281e-02	4.058991e-05	
1.528081e-02	2.463052e-05	
1.870424e-02	6.888339e-05	
1.679324e-02	1.090748e-04	
1.735995e-02	7.182804e-05	
1.670371e-02	8.895462e-05	
1.816564e-02	8.732517e-05	
1.866101e-02	1.078056e-04	
1.493614e-02	1.173768e-04	
1.843834e-02	1.049687e-04	
2.043755e-02	1.197177e-04	
1.746824e-02	1.329781e-04	
1.419782e-02	1.782835e-04	
1.717825e-02	1.683798e-04	
2.074720e-02	1.456433e-04	
1.764586e-02	2.108214e-04	
1.994226e-02	2.457840e-04	
1.792997e-02	1.549939e-04	
1.749031e-02	1.450609e-04	
1.747941e-02	1.581029e-04	
1.586761e-02	9.316626e-05	
1.518701e-02	4.756120e-05	
1.728316e-02	1.023846e-04	
1.998958e-02	1.563150e-04	
1.731621e-02	9.143654e-05	
2.128037e-02	6.281363e-05	
1.630805e-02	6.077237e-05	
1.588438e-02	7.928634e-05	
1.899754e-02	9.879920e-05	
1.594208e-02	4.383698e-05	
2.058747e-02	6.420668e-05	
1.568573e-02	6.721642e-05	
1.710053e-02	7.332689e-05	
1.595804e-02	5.701523e-05	
1.902371e-02	5.849837e-05	
1.547791e-02	7.457382e-05	
1.442441e-02	7.678597e-05	
1.649116e-02	1.029576e-04	
1.677320e-02	6.026842e-05	
1.475896e-02	7.002122e-05	
1.764511e-02	5.794806e-05	
1.849307e-02	9.836424e-05	
1.664119e-02	7.872580e-05	
2.197287e-02	7.083593e-05	
1.516468e-02	1.040378e-04	
1.608564e-02	1.134931e-04	
1.672738e-02	1.329685e-04	
1.875154e-02	1.191931e-04	
1.487954e-02	1.269021e-04	
1.545861e-02	8.958301e-05	
1.622364e-02	1.698596e-04	
1.732053e-02	1.260267e-04	
1.664723e-02	1.521691e-04	
1.965987e-02	1.426699e-04	
1.580323e-02	2.277270e-04	
1.689734e-02	2.751322e-04	
1.884995e-02	7.692497e-05	
1.738345e-02	2.074639e-04	
1.577015e-02	1.510605e-04	
1.565377e-02	7.181532e-05	
1.924893e-02	1.186537e-04	
1.688673e-02	9.905498e-05	
2.298880e-02	1.038978e-04	
1.875266e-02	8.917356e-05	
1.557637e-02	6.811119e-05	
1.620186e-02	1.011850e-04	
1.664562e-02	7.596762e-05	
1.915231e-02	7.057501e-05	
2.161396e-02	4.713590e-05	
1.854983e-02	7.585057e-05	
1.453649e-02	9.125028e-05	
1.871434e-02	2.512987e-05	
1.297433e-02	7.844889e-05	
1.760672e-02	8.667538e-05	
1.894633e-02	4.475671e-05	
1.850503e-02	6.964710e-05	
1.740459e-02	6.863011e-05	
1.834548e-02	3.242466e-05	
1.843043e-02	6.274313e-05	
1.895299e-02	4.505591e-05	
1.701136e-02	4.273596e-05	
1.507396e-02	5.737032e-05	
1.604906e-02	9.051205e-05	
1.919633e-02	9.857705e-05	
1.788677e-02	1.129501e-04	
1.751391e-02	1.277357e-04	
2.180995e-02	1.018034e-04	
1.818596e-02	1.510953e-04	
1.606597e-02	1.366749e-04	
1.832237e-02	9.992685e-05	
1.645769e-02	1.568550e-04	
1.987324e-02	1.669639e-04	
1.779470e-02	2.343878e-04	
1.958623e-02	3.255805e-04	
1.965108e-02	3.827514e-06	
1.369041e-02	1.143501e-04	
1.750517e-02	2.335896e-04	
1.981343e-02	1.552125e-04	
1.856823e-02	9.693627e-05	
1.753690e-02	1.059537e-04	
1.825394e-02	5.333549e-05	
1.527411e-02	1.179627e-04	
1.664404e-02	8.508932e-05	
1.869074e-02	1.097445e-04	
1.922902e-02	9.845764e-05	
1.677829e-02	6.152014e-05	
2.082351e-02	8.322857e-05	
1.600802e-02	8.678962e-05	
1.865068e-02	6.399202e-05	
2.059637e-02	4.065716e-05	
1.917728e-02	3.661725e-05	
1.624008e-02	7.490314e-05	
1.963383e-02	3.429621e-05	
1.934043e-02	4.442569e-05	
2.177190e-02	5.548203e-05	
1.991951e-02	4.276635e-05	
1.656985e-02	4.740044e-05	
1.358288e-02	4.126269e-05	
1.719015e-02	7.170943e-05	
1.756574e-02	8.920468e-05	
1.820822e-02	6.738918e-05	
1.533971e-02	1.461840e-04	
1.958655e-02	1.221573e-04	
1.681412e-02	1.122398e-04	
1.656993e-02	1.544917e-04	
1.779290e-02	1.485268e-04	
1.984224e-02	1.591906e-04	
1.796250e-02	8.148492e-05	
1.774285e-02	1.335109e-04	
1.724887e-02	1.736683e-04	
2.073363e-02	2.641839e-04	
2.166464e-02	1.834748e-04	
1.370621e-02	1.786188e-04	
1.809728e-02	1.146575e-04	
2.009722e-02	1.217658e-04	
1.560416e-02	1.089860e-04	
1.508047e-02	7.525938e-05	
1.656855e-02	9.372638e-05	
1.849229e-02	5.342055e-05	
1.956140e-02	3.631404e-05	
1.701264e-02	9.904011e-05	
1.735965e-02	1.264853e-04	
1.799132e-02	5.230954e-05	
2.074033e-02	6.014518e-05	
1.615404e-02	7.605174e-05	
1.654171e-02	6.942555e-05	
1.675363e-02	4.682362e-05	
1.611619e-02	5.002107e-05	
1.416774e-02	6.555258e-05	
1.626371e-02	3.187604e-05	
1.817545e-02	5.711786e-05	
1.853159e-02	6.238730e-05	
1.795209e-02	7.108298e-05	
1.690103e-02	7.599400e-05	
1.571924e-02	6.183603e-05	
1.695102e-02	4.298590e-05	
1.653518e-02	1.046119e-04	
1.633356e-02	7.595483e-05	
1.952180e-02	6.377661e-05	
1.789015e-02	8.764330e-05	
1.547133e-02	1.140460e-04	
1.625935e-02	1.155349e-04	
1.634716e-02	1.363253e-04	
1.438482e-02	1.404195e-04	
1.961616e-02	5.732798e-05	
1.743083e-02	1.352168e-04	
1.672748e-02	9.252519e-05	
1.659495e-02	2.234897e-04	
1.765088e-02	2.181793e-04	
1.776409e-02	2.766415e-04	
1.510035e-02	1.551573e-04	
1.607531e-02	1.636396e-04	
1.949625e-02	1.356209e-04	
1.784588e-02	7.376228e-05	
1.779725e-02	1.085980e-04	
1.950260e-02	8.254762e-05	
1.744320e-02	1.220609e-04	
1.677969e-02	8.267415e-05	
1.831226e-02	7.028811e-05	
1.596701e-02	1.208863e-04	
1.915987e-02	9.809090e-05	
1.739000e-02	8.305531e-05	
1.992309e-02	1.280443e-04	
1.399560e-02	6.839331e-05	
1.640838e-02	5.452868e-05	
1.969641e-02	7.458918e-05	
1.695139e-02	4.295839e-05	
1.951772e-02	5.622968e-05	
1.664599e-02	5.965838e-05	
1.877330e-02	6.982523e-05	
1.991704e-02	8.193070e-05	
1.770158e-02	8.648037e-05	
1.566347e-02	7.086126e-05	
1.820814e-02	6.562506e-05	
1.179654e-02	1.079896e-04	
1.653202e-02	8.423097e-05	
1.894012e-02	7.807178e-05	
1.457306e-02	6.447792e-05	
1.665559e-02	1.146034e-04	
1.368788e-02	1.405485e-04	
1.994858e-02	1.231194e-04	
1.680488e-02	5.060304e-05	
1.969157e-02	5.472991e-05	
1.663403e-02	1.384216e-04	
1.484242e-02	1.522278e-04	
1.635621e-02	1.693482e-04	
1.847231e-02	1.368217e-04	
1.890776e-02	1.330869e-04	
1.804298e-02	2.685545e-04	
1.832247e-02	2.170770e-04	
1.638725e-02	1.709458e-04	
1.871633e-02	2.013694e-04	
1.783363e-02	9.890812e-05	
2.070944e-02	1.156370e-04	
1.567760e-02	7.524135e-05	
2.146112e-02	6.988917e-05	
2.103055e-02	9.681347e-05	
1.874495e-02	9.216545e-05	
1.840491e-02	7.042997e-05	
1.445269e-02	8.527462e-05	
1.514640e-02	1.104995e-04	
1.875122e-02	7.616193e-05	
1.541256e-02	6.249524e-05	
1.694079e-02	5.372800e-05	
1.693447e-02	5.041098e-05	
2.027485e-02	5.835065e-05	
1.613703e-02	6.238297e-05	
1.597639e-02	5.647850e-05	
1.800793e-02	6.097109e-05	
1.682372e-02	8.451260e-05	
1.961636e-02	7.165870e-05	
2.120659e-02	7.302931e-05	
2.013200e-02	9.512939e-05	
1.869293e-02	1.112498e-04	
1.869937e-02	1.058770e-04	
1.840515e-02	1.037815e-04	
1.521926e-02	1.447315e-04	
1.914925e-02	1.563436e-04	
1.753580e-02	1.076506e-04	
1.578707e-02	9.228507e-05	
1.729725e-02	1.135248e-04	
1.792242e-02	1.450360e-04	
1.746261e-02	1.484379e-04	
1.736321e-02	1.780211e-04	
1.562472e-02	1.862575e-04	
1.720925e-02	2.561622e-04	
2.132479e-02	2.082556e-04	
1.735818e-02	3.436103e-04	
1.819018e-02	2.044603e-04	
1.749670e-02	1.482428e-04	
1.754524e-02	1.590164e-04	
1.979197e-02	8.291256e-05	
1.835373e-02	7.968762e-05	
1.732087e-02	6.115194e-05	
1.556487e-02	7.531259e-05	
1.940389e-02	8.324153e-05	
1.795284e-02	5.809431e-05	
1.754410e-02	9.362288e-05	
2.032785e-02	1.077496e-04	
1.692260e-02	5.960994e-05	
1.854432e-02	5.161694e-05	
1.846772e-02	4.757436e-05	
1.499205e-02	5.662363e-05	
1.923052e-02	6.795390e-05	
1.576423e-02	6.816602e-05	
1.406657e-02	4.311073e-05	
1.628730e-02	6.121062e-05	
1.887445e-02	5.408036e-05	
2.038728e-02	4.513814e-05	
2.150524e-02	6.423903e-05	
1.799217e-02	5.680599e-05	
1.733905e-02	8.776767e-05	
1.782021e-02	7.712004e-05	
1.774298e-02	6.497657e-05	
1.645498e-02	1.026613e-04	
1.488017e-02	9.447843e-05	
1.497830e-02	1.084676e-04	
1.904976e-02	1.158047e-04	
1.767479e-02	8.874929e-05	
1.464652e-02	1.583559e-04	
2.059097e-02	1.424001e-04	
1.797404e-02	1.988004e-04	
1.907422e-02	1.883006e-04	
1.723365e-02	2.172413e-04	
1.760910e-02	2.918478e-04	
2.027259e-02	2.554156e-04	
1.795938e-02	1.781139e-04	
1.836752e-02	1.612049e-04	
1.795943e-02	7.740577e-05	
1.569116e-02	1.308455e-04	
1.436611e-02	1.400623e-04	
1.793803e-02	9.590936e-05	
1.767616e-02	6.046603e-05	
1.999736e-02	1.135105e-04	
1.961149e-02	8.639457e-05	
1.640987e-02	1.130492e-04	
1.954937e-02	7.456469e-05	
1.487795e-02	8.228619e-05	
1.492718e-02	6.937004e-05	
1.668309e-02	5.265987e-05	
1.485329e-02	5.269109e-05	
1.738882e-02	7.461176e-05	
1.771979e-02	6.920484e-05	
1.362626e-02	9.040972e-05	
1.636532e-02	5.484664e-05	
1.427870e-02	6.931814e-05	
1.789611e-02	4.800648e-05	
1.879664e-02	5.743150e-05	
1.616153e-02	4.631445e-05	
1.970095e-02	4.839021e-05	
1.745426e-02	7.791202e-05	
2.166608e-02	6.531641e-05	
1.602715e-02	8.863445e-05	
1.367883e-02	7.117329e-05	
1.689211e-02	1.151650e-04	
1.357204e-02	1.237552e-04	
1.815110e-02	6.597882e-05	
1.630813e-02	1.637727e-04	
1.978849e-02	1.794232e-04	
2.174158e-02	1.821296e-04	
1.506482e-02	2.918055e-04	
2.130626e-02	8.230864e-05	
2.013490e-02	2.482627e-04	
1.508308e-02	1.332546e-04	
1.747920e-02	1.402008e-04	
1.408597e-02	1.516647e-04	
1.486549e-02	1.404845e-04	
1.612970e-02	1.072729e-04	
2.047437e-02	1.525221e-04	
1.942046e-02	7.896708e-05	
1.826054e-02	1.057846e-04	
1.950655e-02	7.461150e-05	
2.018207e-02	1.134700e-04	
1.378493e-02	1.077368e-04	
1.731594e-02	7.529286e-05	
1.820185e-02	8.193396e-05	
1.728941e-02	5.548737e-05	
1.585280e-02	7.474878e-05	
1.729735e-02	5.000919e-05	
1.568417e-02	5.421491e-05	
1.841197e-02	7.082592e-05	
1.574156e-02	6.175238e-05	
1.778800e-02	4.463884e-05	
1.666497e-02	3.618312e-05	
1.375150e-02	5.726200e-05	
1.768493e-02	3.488611e-05	
1.831025e-02	2.153915e-05	
1.255143e-02	3.221710e-05	
1.912544e-02	6.818802e-05	
1.838287e-02	5.951277e-05	
1.529361e-02	8.604504e-05	
1.707960e-02	7.247502e-05	
1.385960e-02	1.077723e-04	
1.896046e-02	9.596861e-05	
1.880047e-02	8.100018e-05	
1.732147e-02	1.436995e-04	
1.774509e-02	1.438517e-04	
1.832183e-02	1.564696e-04	
1.702736e-02	1.991318e-04	
2.022785e-02	2.261495e-04	
1.982933e-02	2.308970e-04	
1.644672e-02	1.239471e-04	
1.849955e-02	9.704214e-05	
1.629846e-02	1.317248e-04	
1.718712e-02	1.534606e-04	
1.604709e-02	1.337126e-04	
1.872855e-02	8.536631e-05	
1.818486e-02	1.096011e-04	
1.864040e-02	1.025440e-04	
1.980577e-02	9.495504e-05	
1.718439e-02	8.645534e-05	
2.007278e-02	1.061415e-04	
1.794838e-02	6.403714e-05	
1.638058e-02	6.338406e-05	
1.559243e-02	7.937571e-05	
1.909692e-02	6.487464e-05	
1.794004e-02	7.242472e-05	
1.660470e-02	6.417105e-05	
1.756664e-02	6.998644e-05	
1.652793e-02	2.440809e-05	
1.808834e-02	7.557405e-05	
1.715026e-02	5.867435e-05	
1.768325e-02	4.809383e-05	
1.792115e-02	5.478807e-05	
1.974824e-02	5.189982e-05	
1.459959e-02	6.378258e-05	
1.759127e-02	5.540599e-05	
1.592965e-02	5.999607e-05	
1.476808e-02	1.003551e-04	
1.870113e-02	8.884474e-05	
2.047976e-02	8.343947e-05	
1.739646e-02	6.218715e-05	
2.042544e-02	4.482181e-05	
1.977851e-02	1.421906e-04	
1.380431e-02	1.372352e-04	
1.943284e-02	2.237774e-04	
1.626503e-02	3.585798e-04	
1.427976e-02	2.403928e-04	
1.625004e-02	2.924155e-04	
1.654682e-02	1.048962e-04	
1.872542e-02	1.447317e-04	
1.738629e-02	6.418661e-06	
1.928035e-02	5.761758e-05	
1.767619e-02	9.172358e-05	
1.851604e-02	1.027891e-04	
1.502410e-02	8.105793e-05	
1.680714e-02	8.799300e-05	
1.888444e-02	7.809615e-05	
1.724499e-02	5.350597e-05	
1.647559e-02	1.004926e-04	
1.616236e-02	1.045211e-04	
1.831641e-02	8.555235e-05	
1.882325e-02	8.011288e-05	
1.588809e-02	6.260755e-05	
1.828271e-02	5.414136e-05	
1.938969e-02	8.344128e-05	
1.703803e-02	6.953221e-05	
1.566257e-02	3.997827e-05	
1.629147e-02	6.491499e-05	
1.462916e-02	6.685718e-05	
2.106886e-02	6.436356e-05	
1.698329e-02	5.424669e-05	
1.758176e-02	7.330327e-05	
1.674275e-02	4.380155e-05	
1.651126e-02	7.024173e-05	
1.790718e-02	5.176494e-05	
2.016102e-02	8.881863e-05	
1.477756e-02	7.115387e-05	
1.874695e-02	1.136525e-04	
1.629539e-02	1.021819e-04	
1.845858e-02	1.233543e-04	
1.424465e-02	9.650839e-05	
1.667124e-02	1.249348e-04	
1.618366e-02	1.531334e-04	
1.371615e-02	3.060255e-04	
2.142756e-02	1.260556e-04	
2.080006e-02	2.311150e-04	
2.059467e-02	2.209035e-04	
1.531590e-02	1.579623e-04	
1.754854e-02	5.273185e-05	
2.039756e-02	2.140671e-05	
1.685985e-02	6.996193e-05	
1.611372e-02	5.762398e-05	
1.572567e-02	1.060836e-04	
1.740274e-02	7.586132e-05	
1.897580e-02	8.023660e-05	
1.753237e-02	7.456914e-05	
1.620600e-02	7.401127e-05	
2.058365e-02	1.163446e-04	
1.762238e-02	8.084625e-05	
1.535814e-02	9.818031e-05	
1.651696e-02	9.188841e-05	
1.809682e-02	9.225974e-05	
1.371307e-02	6.951139e-05	
1.611695e-02	6.068404e-05	
1.659208e-02	4.915478e-05	
1.592014e-02	3.305614e-05	
1.835158e-02	6.407910e-05	
1.935288e-02	5.369126e-05	
1.645218e-02	5.175748e-05	
2.259518e-02	3.720403e-05	
1.502273e-02	6.219460e-05	
1.738188e-02	3.689144e-05	
1.498601e-02	6.198407e-05	
1.597371e-02	8.684261e-05	
1.746478e-02	5.593512e-05	
1.850057e-02	1.375583e-04	
1.824543e-02	1.150954e-04	
1.986348e-02	8.221183e-05	
2.031222e-02	1.498876e-04	
1.823150e-02	2.007984e-04	
2.033979e-02	1.137659e-04	
1.671568e-02	2.799286e-04	
1.728520e-02	2.546821e-04	
1.890760e-02	2.974900e-04	
1.520980e-02	2.393389e-04	
1.848325e-02	2.256422e-04	
1.633686e-02	1.356474e-04	
1.670011e-02	4.448573e-05	
1.441050e-02	3.427382e-05	
1.953313e-02	3.854724e-05	
1.952674e-02	5.115596e-05	
1.377319e-02	8.218566e-05	
1.646806e-02	1.073425e-04	
1.944920e-02	8.958872e-05	
1.957506e-02	8.667316e-05	
1.936599e-02	6.698788e-05	
1.750447e-02	7.200239e-05	
2.007440e-02	6.910259e-05	
1.866533e-02	8.919560e-05	
1.874641e-02	5.040167e-05	
1.814287e-02	7.543735e-05	
1.701185e-02	5.344166e-05	
1.367594e-02	2.358084e-05	
1.700001e-02	3.812191e-05	
2.034562e-02	1.757299e-05	
1.514329e-02	4.831594e-05	
1.603328e-02	5.997810e-05	
1.778212e-02	6.956416e-05	
1.904410e-02	5.399660e-05	
1.822030e-02	7.578192e-05	
1.441374e-02	8.448393e-05	
1.525096e-02	9.828913e-05	
1.706944e-02	8.027272e-05	
1.836730e-02	1.273138e-04	
1.620532e-02	1.083173e-04	
2.140130e-02	6.348099e-05	
1.821734e-02	1.463213e-04	
1.808009e-02	2.062724e-04	
1.518709e-02	1.974921e-04	
1.491993e-02	4.070332e-04	
1.779819e-02	3.381354e-04	
1.869792e-02	1.581280e-04	
1.658261e-02	1.944379e-04	
1.683394e-02	1.628192e-04	
1.701890e-02	9.262270e-05	
1.638777e-02	5.504840e-05	
1.917563e-02	8.563044e-05	
1.959280e-02	7.426101e-05	
1.856068e-02	5.206249e-05	
1.844391e-02	5.159151e-05	
1.323266e-02	8.296938e-05	
1.611985e-02	9.279873e-05	
1.418501e-02	8.160201e-05	
1.964859e-02	5.468836e-05	
1.392813e-02	6.227215e-05	
1.857744e-02	8.924699e-05	
1.631612e-02	8.571828e-05	
1.992329e-02	8.760331e-05	
2.146315e-02	6.468948e-05	
1.791375e-02	8.922666e-05	
1.505797e-02	5.225312e-05	
1.823934e-02	4.409043e-05	
2.133341e-02	5.179424e-05	
1.281800e-02	7.047122e-05	
1.565300e-02	6.881011e-05	
1.915823e-02	8.124140e-05	
1.648911e-02	7.473952e-05	
1.472581e-02	9.933043e-05	
1.594985e-02	9.467355e-05	
1.489832e-02	7.065749e-05	
1.501843e-02	6.391017e-05	
1.798826e-02	1.405560e-04	
1.945010e-02	7.371547e-05	
2.076421e-02	3.534731e-05	
1.450636e-02	1.407819e-04	
1.422036e-02	1.711055e-04	
1.675052e-02	1.977790e-04	
1.749498e-02	2.790465e-04	
1.551673e-02	3.057101e-04	
2.056911e-02	2.918559e-04	
1.863421e-02	2.054340e-04	
1.822801e-02	1.917855e-04	
1.799753e-02	5.383058e-06	
1.902741e-02	1.471872e-05	
1.796492e-02	1.156095e-04	
1.728543e-02	5.847779e-05	
1.987870e-02	5.634454e-05	
1.914419e-02	5.664715e-05	
1.662623e-02	9.365167e-05	
1.882582e-02	7.440159e-05	
1.738450e-02	9.507007e-05	
1.468314e-02	8.588297e-05	
1.800832e-02	7.351304e-05	
1.385803e-02	9.380331e-05	
1.450942e-02	7.122372e-05	
1.974831e-02	7.058369e-05	
1.934687e-02	5.527670e-05	
1.606783e-02	4.375643e-05	
1.443939e-02	7.010218e-05	
1.397627e-02	5.423788e-05	
1.489935e-02	4.098889e-05	
1.460609e-02	5.188067e-05	
1.990338e-02	5.367946e-05	
1.946178e-02	4.105252e-05	
1.350003e-02	5.869606e-05	
1.931671e-02	6.119854e-05	
1.616316e-02	5.167315e-05	
2.023315e-02	7.042459e-05	
1.937349e-02	4.004579e-05	
1.277975e-02	5.609845e-05	
1.627376e-02	9.381707e-05	
1.752698e-02	1.040661e-04	
1.270693e-02	1.378664e-04	
1.723214e-02	2.157194e-04	
1.551261e-02	1.439228e-04	
1.952141e-02	3.681505e-04	
1.898424e-02	2.154603e-04	
1.679405e-02	1.769245e-04	
1.448699e-02	2.196224e-04	
1.750018e-02	2.572786e-04	
1.890559e-02	6.832362e-06	
2.049596e-02	6.999018e-05	
1.894569e-02	7.016198e-05	
1.901706e-02	4.273368e-05	
1.559132e-02	2.665620e-05	
1.637184e-02	6.478196e-05	
1.590266e-02	7.122934e-05	
2.069867e-02	7.645475e-05	
1.778045e-02	6.495455e-05	
1.759868e-02	8.881931e-05	
1.257194e-02	7.538937e-05	
1.883843e-02	7.458337e-05	
1.276522e-02	6.372619e-05	
1.899281e-02	7.418254e-05	
1.274923e-02	5.867824e-05	
1.699602e-02	4.458934e-05	
2.135030e-02	3.650760e-05	
1.744277e-02	2.685977e-05	
2.154424e-02	4.836281e-05	
1.426356e-02	3.628228e-05	
1.907726e-02	3.400477e-05	
1.210816e-02	3.489887e-05	
1.498960e-02	4.106695e-05	
1.751051e-02	4.608875e-05	
1.759039e-02	7.562469e-05	
1.578716e-02	4.524954e-05	
1.597501e-02	2.765540e-05	
1.781519e-02	4.339773e-05	
1.498932e-02	4.967037e-05	
1.661383e-02	2.241134e-05	
1.508281e-02	1.235141e-04	
1.878321e-02	1.327502e-04	
1.533143e-02	2.186243e-04	
1.495803e-02	3.069414e-04	
1.515610e-02	4.461679e-04	
2.088499e-02	2.433638e-04	
1.470708e-02	1.198121e-04	
2.164098e-02	1.213965e-04	
1.913846e-02	2.083305e-05	
1.320873e-02	2.099540e-05	
1.445208e-02	8.130736e-05	
1.917180e-02	4.823803e-05	
1.682318e-02	2.712490e-05	
1.682359e-02	4.490393e-05	
1.715601e-02	4.792046e-05	
1.570731e-02	2.757833e-05	
1.763704e-02	8.164003e-05	
1.731604e-02	7.199710e-05	
1.346516e-02	8.416008e-05	
1.930790e-02	8.372774e-05	
1.765633e-02	5.616116e-05	
1.918704e-02	3.626888e-05	
1.635238e-02	2.208046e-05	
1.679549e-02	2.466201e-05	
1.744749e-02	9.051192e-06	
1.611394e-02	4.943380e-05	
1.420143e-02	4.743611e-05	
1.947487e-02	5.348868e-05	
1.816968e-02	6.925379e-05	
1.888112e-02	7.867139e-05	
1.882645e-02	5.700238e-05	
1.579262e-02	6.735691e-05	
1.730916e-02	8.490354e-05	
1.344729e-02	2.594211e-05	
1.943913e-02	1.769060e-05	
1.634976e-02	6.384666e-05	
1.963247e-02	1.219244e-04	
1.734203e-02	7.950868e-05	
1.758917e-02	1.263890e-04	
1.567864e-02	1.292763e-04	
1.731728e-02	9.981516e-05	
1.776036e-02	3.463365e-04	
2.051215e-02	1.246062e-04	
2.023776e-02	3.035541e-04	
1.409786e-02	6.361424e-05	
1.854311e-02	1.156200e-04	
1.520870e-02	3.507955e-05	
1.894969e-02	1.177974e-05	
1.672803e-02	1.080853e-05	
1.758166e-02	6.407311e-06	
1.617061e-02	5.180599e-05	
1.509453e-02	4.654877e-05	
2.055140e-02	8.333871e-05	
1.637392e-02	7.189095e-05	
1.662002e-02	4.367808e-05	
1.574033e-02	8.161263e-05	
1.642954e-02	7.768516e-05	
1.859433e-02	7.331866e-05	
1.493614e-02	7.731016e-05	
1.600170e-02	2.909409e-05	
1.702261e-02	2.174680e-05	
1.842887e-02	6.009178e-05	
1.729410e-02	5.542316e-05	
2.042299e-02	5.253994e-05	
1.978948e-02	3.345694e-05	
1.745503e-02	3.861329e-05	
1.748965e-02	5.569413e-05	
1.902889e-02	7.150208e-05	
1.648551e-02	7.128275e-05	
1.924832e-02	4.941144e-05	
1.753021e-02	5.119914e-05	
2.001691e-02	3.683504e-05	
1.530870e-02	3.137802e-05	
1.988250e-02	8.202821e-05	
2.073962e-02	7.443641e-05	
1.437891e-02	7.514119e-05	
1.780789e-02	1.261155e-04	
1.955159e-02	1.262588e-04	
1.754514e-02	1.969750e-04	
1.934060e-02	3.782558e-04	
1.546487e-02	3.048731e-04	
1.947460e-02	2.597848e-04	
1.722695e-02	1.100722e-05	
2.074648e-02	2.182897e-05	
1.396603e-02	7.535447e-05	
1.958827e-02	3.034286e-05	
1.400283e-02	4.211091e-05	
1.614435e-02	6.099262e-05	
1.608465e-02	9.349773e-05	
1.850460e-02	9.189436e-05	
1.758226e-02	7.420032e-05	
1.879775e-02	3.277842e-05	
1.504326e-02	4.596978e-05	
1.615923e-02	4.805027e-05	
1.925017e-02	5.028940e-05	
1.974446e-02	7.269809e-05	
1.878196e-02	1.810153e-05	
1.813106e-02	4.752939e-05	
1.435341e-02	3.307397e-05	
1.664584e-02	4.626714e-05	
1.481026e-02	5.732896e-05	
2.079263e-02	3.768723e-05	
1.830394e-02	4.505597e-05	
1.492869e-02	2.798956e-05	
1.602076e-02	4.928720e-05	
1.667049e-02	5.800425e-05	
1.513797e-02	1.443563e-05	
1.710668e-02	3.112176e-05	
1.552808e-02	6.517697e-05	
1.449690e-02	8.345699e-05	
1.675017e-02	3.002614e-05	
1.824473e-02	3.088583e-05	
1.599494e-02	5.533199e-05	
2.051919e-02	1.030199e-04	
2.059757e-02	7.949552e-05	
1.455433e-02	9.612239e-05	
2.161553e-02	2.310019e-04	
1.416870e-02	3.679786e-04	
1.770076e-02	2.301536e-04	
1.559924e-02	3.114454e-04	
1.851172e-02	2.981517e-06	
2.148110e-02	3.010393e-05	
1.469980e-02	1.468494e-06	
1.664276e-02	3.667400e-05	
1.278852e-02	6.751286e-05	
1.949969e-02	4.441696e-05	
1.607160e-02	1.975354e-05	
1.299412e-02	5.759687e-05	
1.695642e-02	3.340568e-05	
2.128904e-02	4.250612e-05	
1.724421e-02	1.353801e-05	
2.178509e-02	3.773307e-05	
1.728048e-02	5.394130e-05	
1.447120e-02	3.884680e-05	
1.737978e-02	2.054982e-05	
1.697578e-02	1.219191e-05	
1.590477e-02	3.118549e-05	
1.745745e-02	3.220603e-05	
1.757771e-02	1.972836e-05	
1.370617e-02	4.197220e-05	
1.670298e-02	4.691142e-05	
1.687909e-02	5.001953e-05	
1.730733e-02	4.396516e-05	
1.854092e-02	5.601224e-05	
2.014320e-02	2.079016e-05	
1.763840e-02	4.150169e-06	
1.704621e-02	2.232274e-05	
1.892974e-02	7.673576e-05	
1.789857e-02	6.292090e-05	
1.892574e-02	4.970160e-05	
1.836748e-02	6.069080e-05	
2.107875e-02	8.982185e-05	
1.838871e-02	4.975510e-05	
1.707606e-02	1.882772e-05	
1.706013e-02	2.002339e-04	
1.724788e-02	2.421710e-04	
1.942267e-02	1.909245e-04	
1.782727e-02	1.979177e-04	
1.466639e-02	5.230717e-05	
2.054170e-02	2.378223e-05	
1.731489e-02	7.667237e-05	
1.690955e-02	3.036884e-05	
1.826370e-02	4.849693e-05	
1.932865e-02	3.951792e-05	
1.561550e-02	1.871995e-05	
2.036199e-02	4.652844e-07	
1.480702e-02	3.596332e-05	
1.455999e-02	9.178172e-05	
1.672895e-02	9.779791e-06	
1.963776e-02	5.520286e-06	
1.999207e-02	2.527475e-05	
1.944286e-02	1.268350e-06	
1.601578e-02	7.980884e-07	
1.840776e-02	3.013065e-05	
1.890114e-02	2.959756e-05	
1.462274e-02	5.349927e-05	
1.673635e-02	4.281330e-05	
1.336323e-02	1.660292e-05	
1.926275e-02	5.209904e-05	
1.771425e-02	4.266241e-05	
2.063697e-02	3.053512e-05	
1.741818e-02	7.128631e-06	
1.522695e-02	3.175536e-05	
1.805688e-02	3.478124e-05	
1.627837e-02	2.070467e-05	
1.562692e-02	7.784779e-05	
1.777067e-02	1.477442e-05	
1.329993e-02	6.453752e-05	
1.911922e-02	6.845086e-05	
1.903295e-02	1.574766e-04	
1.888400e-02	1.023515e-04	
1.876705e-02	1.101772e-05	
1.988288e-02	2.331826e-04	
1.389002e-02	2.621617e-04	
2.011796e-02	3.437774e-04	
1.493409e-02	3.321036e-04	
1.969219e-02	1.286537e-04	
2.007426e-02	4.158374e-05	
1.752479e-02	1.386019e-07	
1.633184e-02	4.233076e-06	
1.992036e-02	2.264685e-05	
1.743280e-02	8.539491e-05	
1.823856e-02	2.230697e-05	
2.043078e-02	2.394303e-05	
1.822927e-02	3.088896e-05	
1.613884e-02	2.845536e-05	
1.884439e-02	2.025402e-05	
1.968534e-02	2.533049e-05	
2.043021e-02	4.407661e-05	
1.961065e-02	3.397697e-05	
1.880189e-02	1.342388e-05	
1.752420e-02	4.559158e-05	
2.120748e-02	5.798489e-05	
1.750610e-02	4.167429e-05	
2.034077e-02	8.410857e-05	
1.580482e-02	5.907690e-05	
1.516831e-02	3.698495e-05	
1.762004e-02	7.782705e-05	
1.412795e-02	3.404562e-05	
1.575850e-02	2.763456e-05	
1.839800e-02	3.084341e-05	
1.917032e-02	3.462319e-05	
1.632056e-02	2.267352e-05	
1.764542e-02	3.216873e-05	
1.625341e-02	5.608341e-05	
1.769917e-02	6.314620e-05	
2.048249e-02	7.363788e-05	
1.696887e-02	1.368878e-04	
1.464446e-02	1.114742e-04	
1.679435e-02	6.358832e-05	
1.536738e-02	2.568077e-04	
1.743030e-02	2.812179e-04	
1.742330e-02	1.996645e-04	
1.584788e-02	3.650485e-04	
1.486302e-02	1.091516e-04	
1.738876e-02	1.124169e-04	
1.641092e-02	9.040962e-05	
1.473022e-02	1.010683e-05	
1.758967e-02	1.553961e-05	
1.939133e-02	3.653866e-05	
1.767505e-02	1.150352e-05	
1.544337e-02	4.452091e-05	
1.649604e-02	4.481230e-05	
1.746950e-02	4.711454e-05	
1.835673e-02	3.493953e-05	
1.620207e-02	4.437771e-05	
1.855455e-02	5.022813e-05	
2.212392e-02	4.491565e-05	
1.837903e-02	4.718517e-05	
1.595079e-02	1.985400e-05	
2.207800e-02	2.767477e-05	
1.765926e-02	3.508691e-05	
1.862302e-02	5.158694e-05	
1.723303e-02	4.624611e-05	
1.881480e-02	4.052921e-05	
1.769590e-02	3.181554e-05	
1.933890e-02	4.544152e-05	
2.096185e-02	4.133108e-05	
1.693171e-02	2.214723e-05	
1.622578e-02	3.147465e-05	
1.852661e-02	2.314022e-05	
1.308708e-02	2.105652e-06	
1.396570e-02	4.478206e-05	
1.762783e-02	3.582373e-05	
1.865078e-02	5.351198e-05	
1.648450e-02	1.247375e-04	
1.629618e-02	1.052058e-04	
1.916698e-02	1.044015e-04	
1.658484e-02	1.916429e-04	
1.495415e-02	1.371303e-04	
1.891482e-02	2.779490e-04	
1.336927e-02	1.508905e-04	
1.710818e-02	2.262382e-04	
2.043554e-02	9.188224e-05	
1.714662e-02	1.144213e-04	
1.511301e-02	4.528255e-05	
1.809225e-02	1.153555e-04	
2.179801e-02	9.426187e-05	
1.647922e-02	3.537400e-05	
1.873371e-02	7.459695e-05	
1.909344e-02	7.975832e-05	
1.944439e-02	2.735802e-05	
1.663846e-02	3.653456e-05	
1.621011e-02	4.667953e-05	
2.050788e-02	3.820652e-05	
1.767765e-02	4.247347e-05	
1.782709e-02	2.736445e-05	
1.831446e-02	2.458198e-05	
1.857831e-02	2.240460e-05	
1.732119e-02	3.241926e-05	
1.857401e-02	5.709070e-05	
1.756490e-02	5.488625e-05	
1.898717e-02	1.593623e-05	
1.419071e-02	6.893372e-06	
2.104125e-02	3.218630e-05	
1.717620e-02	4.348768e-05	
1.759443e-02	1.315648e-05	
1.827261e-02	2.982894e-05	
1.674095e-02	6.655464e-06	
1.978456e-02	2.087715e-05	
1.483132e-02	2.914635e-05	
1.481230e-02	2.239039e-05	
1.885730e-02	2.295505e-05	
1.843440e-02	5.188345e-05	
1.877296e-02	6.297582e-05	
1.420585e-02	1.455273e-04	
1.859382e-02	1.757014e-04	
1.609488e-02	1.442250e-04	
1.877539e-02	2.500228e-04	
1.815397e-02	2.535565e-04	
1.515954e-02	1.748121e-04	
2.147934e-02	1.016510e-04	
1.896270e-02	1.031596e-04	
2.049941e-02	1.040578e-04	
1.475910e-02	8.604617e-05	
1.988265e-02	8.441366e-05	
2.012974e-02	3.396464e-05	
1.725649e-02	6.579580e-05	
1.961645e-02	2.655891e-05	
1.817485e-02	2.912527e-05	
1.984445e-02	5.252932e-05	
1.392564e-02	3.780081e-05	
1.694700e-02	2.921356e-05	
1.886070e-02	2.952578e-05	
1.370006e-02	2.221974e-05	
1.711600e-02	5.326498e-05	
2.081293e-02	2.129693e-05	
1.532059e-02	1.450804e-05	
1.770784e-02	3.226038e-05	
1.583501e-02	3.915865e-05	
1.713841e-02	5.602269e-05	
1.986930e-02	2.178743e-06	
1.995817e-02	1.041403e-05	
1.611753e-02	3.297822e-05	
1.726855e-02	1.300452e-05	
1.566352e-02	4.277520e-05	
1.773437e-02	5.052323e-05	
1.741794e-02	7.665591e-05	
1.902997e-02	6.194345e-05	
1.730644e-02	4.124799e-05	
1.734899e-02	1.382271e-05	
1.587407e-02	5.069747e-05	
1.647785e-02	8.570683e-05	
1.609977e-02	1.394804e-05	
1.919103e-02	7.212556e-05	
1.528590e-02	1.533764e-04	
1.806578e-02	3.625857e-04	
1.634789e-02	2.169331e-04	
1.929052e-02	2.862103e-04	
1.758315e-02	1.118136e-04	
1.944045e-02	9.543713e-05	
1.685231e-02	5.310672e-05	
1.716078e-02	1.455642e-05	
1.714915e-02	3.997678e-05	
1.815889e-02	5.999168e-05	
1.768257e-02	7.134144e-05	
1.683305e-02	1.799167e-05	
1.830824e-02	4.074425e-05	
1.689309e-02	2.024666e-05	
1.903340e-02	3.840850e-05	
1.551103e-02	6.901100e-05	
1.850004e-02	3.082511e-05	
1.889504e-02	4.266657e-05	
1.918766e-02	5.069125e-05	
1.725009e-02	2.924517e-05	
1.931179e-02	2.406684e-05	
1.711029e-02	1.336876e-05	
1.835913e-02	1.836143e-05	
1.611822e-02	5.668669e-05	
1.677712e-02	3.873489e-05	
1.868835e-02	3.387971e-05	
1.889010e-02	5.310487e-05	
1.677450e-02	3.956271e-05	
1.821248e-02	4.464693e-05	
1.308351e-02	5.526375e-05	
1.708969e-02	4.236165e-05	
2.050298e-02	8.111422e-05	
1.650619e-02	8.830111e-05	
1.716491e-02	1.161068e-04	
1.609426e-02	1.186966e-04	
1.603701e-02	4.401770e-05	
1.655797e-02	2.186542e-05	
1.749671e-02	1.398881e-04	
1.641016e-02	1.571559e-04	
2.080375e-02	9.119071e-05	
1.769818e-02	9.801796e-05	
1.686040e-02	9.237595e-05	
1.897473e-02	8.713652e-05	
1.659035e-02	6.996027e-05	
1.730505e-02	4.316950e-05	
1.455072e-02	3.951409e-05	
1.689202e-02	2.744455e-07	
1.744509e-02	4.309371e-05	
1.641441e-02	4.078975e-05	
1.825078e-02	2.431195e-05	
1.728224e-02	2.403230e-05	
1.777379e-02	1.893591e-05	
2.061255e-02	8.866698e-06	
1.622469e-02	5.350431e-05	
1.919128e-02	2.281922e-05	
2.156274e-02	2.408195e-05	
1.769663e-02	1.760543e-05	
2.136313e-02	4.702013e-05	
1.635891e-02	4.421953e-06	
1.592140e-02	2.038485e-05	
2.224201e-02	1.111458e-05	
1.676959e-02	2.323855e-05	
1.942291e-02	2.805658e-05	
1.909093e-02	4.428346e-06	
1.525508e-02	9.319687e-06	
2.207224e-02	2.479729e-05	
1.486799e-02	3.548621e-05	
1.811385e-02	4.208616e-05	
1.688665e-02	2.109994e-05	
2.014073e-02	5.222857e-05	
1.974949e-02	5.319477e-05	
1.663435e-02	1.777058e-05	
1.537477e-02	7.936933e-05	
1.490897e-02	5.862159e-05	
1.690237e-02	5.965408e-05	
1.476159e-02	9.009574e-05	
1.973275e-02	1.352900e-05	
1.583825e-02	1.003042e-04	
