2.564103e-02	2.016165e-13	
2.406650e-02	2.455813e-13	
2.564103e-02	4.207745e-14	
2.564103e-02	2.101652e-13	
2.564103e-02	5.778045e-12	
2.564103e-02	2.575273e-12	
2.564103e-02	1.843081e-12	
2.564103e-02	3.719247e-13	
2.564103e-02	1.923794e-12	
2.564103e-02	1.191713e-12	
2.564103e-02	2.990408e-11	
2.564103e-02	2.470024e-12	
2.564103e-02	3.887335e-12	
2.564103e-02	9.346857e-12	
2.564103e-02	2.836176e-12	
2.564103e-02	3.916523e-11	
2.564103e-02	4.605649e-12	
2.528637e-02	4.268697e-12	
2.564103e-02	2.444489e-12	
2.347647e-02	1.091049e-11	
2.357194e-02	7.713608e-12	
2.564103e-02	2.231548e-12	
2.465329e-02	3.092637e-12	
2.342873e-02	4.352518e-12	
2.420518e-02	1.137512e-11	
2.564103e-02	3.810285e-12	
2.403588e-02	8.970713e-12	
2.539068e-02	2.082556e-12	
2.493245e-02	4.465761e-12	
2.395314e-02	5.538903e-13	
2.426292e-02	5.074163e-12	
2.564103e-02	4.460876e-13	
2.564103e-02	2.269740e-12	
2.318568e-02	4.152234e-14	
2.564103e-02	6.481260e-12	
2.564103e-02	2.342571e-14	
2.564103e-02	2.771561e-12	
2.564103e-02	3.241851e-14	
2.564103e-02	1.403322e-13	
2.564103e-02	1.132427e-14	
2.564103e-02	2.839973e-11	
2.521555e-02	2.456794e-12	
2.564103e-02	1.755391e-13	
2.564103e-02	1.994981e-15	
2.397958e-02	2.610146e-15	
2.564103e-02	2.828266e-15	
2.339801e-02	4.939281e-15	
2.564103e-02	1.552982e-14	
2.564103e-02	4.420952e-15	
2.526017e-02	1.688947e-15	
2.564103e-02	6.413521e-15	
2.337765e-02	2.354575e-15	
2.564103e-02	6.141665e-15	
2.564103e-02	2.271075e-15	
2.564103e-02	4.667201e-15	
2.563274e-02	3.007537e-15	
2.502439e-02	4.392763e-16	
2.564103e-02	4.450805e-15	
2.413767e-02	1.700696e-15	
2.564103e-02	1.971404e-15	
2.378523e-02	1.548961e-15	
2.374605e-02	7.086232e-16	
2.538658e-02	7.178717e-16	
2.430761e-02	7.321272e-16	
2.490314e-02	4.511305e-16	
2.564103e-02	1.089013e-15	
2.532962e-02	1.622197e-16	
2.413592e-02	1.535416e-15	
2.564103e-02	1.811211e-16	
2.416589e-02	1.943491e-15	
2.564103e-02	1.055592e-15	
2.365650e-02	1.512431e-15	
2.428412e-02	6.525136e-16	
2.329464e-02	4.490255e-16	
2.352222e-02	1.767666e-16	
2.564103e-02	2.175122e-15	
2.479885e-02	3.277468e-15	
2.497433e-02	8.193216e-14	
2.564103e-02	5.042398e-13	
2.564103e-02	1.013489e-11	
2.350818e-02	1.509903e-14	
2.467009e-02	8.743006e-13	
2.376234e-02	8.237855e-14	
2.443087e-02	5.692113e-13	
2.564103e-02	2.177813e-12	
2.564103e-02	6.257217e-13	
2.447231e-02	1.893874e-11	
2.564103e-02	5.860867e-12	
2.530491e-02	1.483258e-13	
2.564103e-02	4.660494e-12	
2.532244e-02	3.732570e-12	
2.564103e-02	2.755596e-11	
2.564103e-02	7.094880e-12	
2.564103e-02	1.424305e-12	
2.564103e-02	2.177813e-12	
2.527640e-02	3.536416e-11	
2.430278e-02	8.958168e-12	
2.564103e-02	5.271561e-12	
2.564103e-02	1.013003e-10	
2.564103e-02	6.668333e-12	
2.400680e-02	6.853185e-12	
2.500772e-02	4.038148e-11	
2.564103e-02	1.690315e-12	
2.564103e-02	1.217515e-11	
2.564103e-02	9.882983e-11	
2.546067e-02	1.550260e-11	
2.410284e-02	9.346302e-12	
2.356357e-02	8.414380e-12	
2.564103e-02	2.426725e-12	
2.381368e-02	1.505862e-11	
2.325462e-02	1.711375e-11	
2.564103e-02	2.106759e-12	
2.564103e-02	1.176603e-11	
2.564103e-02	3.862777e-11	
2.346451e-02	2.921552e-11	
2.370796e-02	3.049672e-12	
2.414655e-02	3.811607e-11	
2.418272e-02	1.927380e-11	
2.448674e-02	4.729550e-14	
2.359708e-02	5.961898e-14	
2.434987e-02	1.199041e-12	
2.564103e-02	3.903544e-13	
2.564103e-02	1.729061e-12	
2.437820e-02	1.206146e-12	
2.564103e-02	8.556711e-12	
2.535596e-02	1.339262e-12	
2.469111e-02	2.747580e-12	
2.564103e-02	1.136757e-12	
2.338506e-02	4.570788e-12	
2.544866e-02	3.528955e-12	
2.441014e-02	6.504131e-12	
2.564103e-02	9.914070e-12	
2.564103e-02	4.899414e-12	
2.564103e-02	3.576084e-11	
2.564103e-02	1.808442e-12	
2.421742e-02	1.405409e-11	
2.564103e-02	3.889333e-12	
2.426953e-02	1.987521e-12	
2.424834e-02	9.136025e-13	
2.564103e-02	2.482570e-12	
2.453486e-02	2.012446e-11	
2.564103e-02	1.352456e-10	
2.564103e-02	8.295475e-12	
2.564103e-02	1.970335e-11	
2.564103e-02	1.386802e-11	
2.452745e-02	2.134326e-11	
2.564103e-02	3.003942e-11	
2.564103e-02	3.972755e-11	
2.564103e-02	5.037504e-11	
2.564103e-02	2.390532e-11	
2.564103e-02	3.009260e-12	
2.564103e-02	1.548317e-12	
2.564103e-02	1.915690e-12	
2.379334e-02	1.896705e-12	
2.389558e-02	1.370792e-12	
2.527755e-02	6.782575e-12	
2.350818e-02	1.315784e-05	
2.190626e-02	6.022528e-06	
2.190626e-02	4.397613e-07	
2.296238e-02	1.422135e-06	
2.202795e-02	1.132150e-05	
2.202795e-02	2.251947e-05	
2.322286e-02	6.240337e-06	
2.177192e-02	8.321385e-08	
2.299944e-02	2.303612e-05	
2.476681e-02	3.115977e-05	
2.423421e-02	6.794040e-06	
2.498548e-02	2.783031e-05	
2.402125e-02	4.481045e-05	
2.436683e-02	1.405427e-05	
2.312978e-02	6.073449e-06	
2.312978e-02	1.654663e-05	
2.184298e-02	1.762561e-06	
2.184298e-02	8.327545e-05	
2.347647e-02	1.430084e-05	
2.357194e-02	3.488060e-06	
2.569586e-02	6.377371e-05	
2.465329e-02	3.329393e-06	
2.342873e-02	1.562011e-05	
2.420518e-02	1.406951e-06	
2.086562e-02	7.237570e-05	
2.086562e-02	5.978089e-06	
2.521138e-02	1.679477e-05	
2.450342e-02	8.377563e-06	
2.395314e-02	8.865968e-06	
2.426292e-02	1.594282e-06	
2.373984e-02	8.956045e-06	
2.511704e-02	3.820334e-06	
2.318568e-02	2.194090e-05	
2.128004e-02	2.246799e-05	
2.365976e-02	1.987156e-05	
2.365976e-02	1.727781e-05	
2.579872e-02	1.660968e-05	
2.287884e-02	7.081024e-06	
2.416543e-02	2.115465e-05	
2.196535e-02	3.534242e-05	
2.196535e-02	2.264162e-06	
2.296238e-02	2.534977e-05	
2.561405e-02	1.862364e-06	
2.203184e-02	2.588197e-05	
2.203184e-02	3.461623e-05	
2.177192e-02	2.026121e-05	
2.299944e-02	2.089798e-05	
2.325380e-02	3.308123e-05	
2.311114e-02	1.556687e-05	
2.255959e-02	2.999195e-05	
2.255959e-02	2.936614e-05	
2.390720e-02	1.217519e-05	
2.313884e-02	2.964687e-05	
2.396834e-02	1.522782e-05	
2.137888e-02	8.292818e-06	
2.137888e-02	1.739807e-05	
2.403908e-02	1.826301e-05	
2.403908e-02	3.949378e-05	
2.460783e-02	3.370268e-05	
2.181104e-02	7.446232e-05	
2.181104e-02	7.039694e-05	
2.230155e-02	2.726674e-05	
2.365614e-02	3.727960e-05	
2.285931e-02	4.754523e-06	
2.521138e-02	4.201733e-05	
2.455412e-02	1.801078e-05	
2.308974e-02	1.524213e-05	
2.293336e-02	1.842552e-05	
2.373984e-02	2.547365e-05	
2.281411e-02	3.621218e-05	
2.430368e-02	2.164522e-05	
2.128004e-02	3.007001e-05	
2.205139e-02	1.380363e-05	
2.205139e-02	3.641743e-05	
2.247616e-02	1.418803e-05	
2.287884e-02	1.686667e-05	
2.278846e-02	2.250955e-05	
2.559503e-02	3.055244e-05	
2.337777e-02	4.664052e-05	
2.384759e-02	4.205409e-05	
2.503266e-02	3.501405e-05	
2.294646e-02	5.637356e-05	
2.493714e-02	5.285979e-05	
2.498606e-02	4.411312e-05	
2.447639e-02	4.408096e-05	
2.291531e-02	8.305601e-05	
2.291531e-02	7.476736e-05	
2.335061e-02	4.240284e-05	
2.335061e-02	7.103049e-05	
2.390720e-02	6.326888e-05	
2.493385e-02	8.836395e-05	
2.489055e-02	1.236122e-05	
2.324409e-02	2.458400e-05	
2.324409e-02	3.737760e-05	
2.354583e-02	2.034694e-05	
2.361348e-02	4.581170e-05	
2.320737e-02	6.173445e-05	
2.320737e-02	8.469871e-05	
2.263414e-02	3.703451e-05	
2.230155e-02	5.563197e-05	
2.365614e-02	5.097817e-05	
2.285931e-02	3.801130e-05	
2.160645e-02	3.189895e-05	
2.160645e-02	4.371357e-05	
2.545999e-02	1.503843e-05	
2.172427e-02	4.280475e-05	
2.172427e-02	1.511108e-05	
2.281411e-02	5.448163e-05	
2.254048e-02	2.155723e-05	
2.254048e-02	7.968467e-05	
2.558016e-02	4.259486e-05	
2.381198e-02	2.767564e-05	
2.247616e-02	4.974792e-05	
2.377594e-02	1.954753e-05	
2.278846e-02	3.357311e-05	
2.339775e-02	6.171370e-05	
2.438587e-02	7.547580e-05	
2.533311e-02	7.966890e-05	
2.212207e-02	6.966046e-05	
2.294646e-02	8.988080e-05	
2.303860e-02	7.974929e-05	
2.303860e-02	6.243946e-05	
2.101337e-02	8.058306e-05	
2.101337e-02	7.553287e-05	
2.558417e-02	1.088519e-04	
2.534853e-02	9.018376e-05	
2.074205e-02	8.259567e-05	
2.286646e-02	1.293291e-04	
2.286646e-02	1.115896e-04	
2.352535e-02	6.409831e-05	
2.352535e-02	4.571497e-05	
2.475462e-02	6.940289e-05	
2.322238e-02	3.409406e-05	
2.322238e-02	4.936978e-05	
2.456057e-02	7.031465e-05	
2.295568e-02	5.034291e-05	
2.295568e-02	7.564913e-05	
2.291369e-02	5.383106e-05	
2.312822e-02	7.482350e-05	
2.312822e-02	7.332571e-05	
2.521670e-02	4.231014e-05	
2.091882e-02	2.512352e-05	
2.091882e-02	4.302704e-05	
2.106486e-02	8.119211e-05	
2.106486e-02	9.180063e-05	
2.389062e-02	7.050957e-05	
2.300504e-02	8.251172e-05	
2.379099e-02	9.839203e-05	
2.255066e-02	6.216523e-05	
2.483294e-02	6.508654e-05	
2.215445e-02	7.271099e-05	
2.215445e-02	7.063484e-05	
2.291987e-02	6.940995e-05	
2.303508e-02	6.196248e-05	
2.282013e-02	8.891762e-05	
2.230678e-02	4.378753e-05	
2.212207e-02	8.738152e-05	
2.498211e-02	6.974146e-05	
2.313663e-02	8.731915e-05	
2.211996e-02	7.897334e-05	
2.148237e-02	6.395287e-05	
2.394489e-02	9.110608e-05	
2.451686e-02	9.824180e-05	
2.451686e-02	6.622838e-05	
2.074205e-02	1.155316e-04	
2.392042e-02	1.155023e-04	
2.312797e-02	8.759258e-05	
2.292224e-02	9.485609e-05	
2.326218e-02	9.339304e-05	
2.170273e-02	7.503779e-05	
2.173629e-02	7.148635e-05	
2.614278e-02	6.762081e-05	
2.530719e-02	5.284335e-05	
2.305053e-02	7.233779e-05	
2.305053e-02	5.720798e-05	
2.291369e-02	8.016252e-05	
2.284455e-02	1.015635e-04	
2.284455e-02	7.974802e-05	
2.323078e-02	5.918114e-05	
2.323078e-02	8.100988e-05	
2.316650e-02	5.800864e-05	
2.410613e-02	9.277974e-05	
2.161091e-02	9.597923e-05	
2.161091e-02	8.721802e-05	
2.300504e-02	1.080686e-04	
2.433096e-02	7.655499e-05	
2.161010e-02	7.817666e-05	
2.161010e-02	8.341051e-05	
2.251769e-02	1.231968e-04	
2.207886e-02	1.050820e-04	
2.291987e-02	9.965766e-05	
2.123173e-02	1.090963e-04	
2.090639e-02	5.406682e-05	
2.215345e-02	8.982029e-05	
2.215345e-02	9.070215e-05	
2.580084e-02	9.695678e-05	
2.433794e-02	8.109181e-05	
2.429764e-02	9.773793e-05	
2.148237e-02	9.605854e-05	
2.343023e-02	7.625489e-05	
2.363634e-02	6.661503e-05	
2.406371e-02	9.619530e-05	
2.552289e-02	1.040071e-04	
2.325158e-02	1.008687e-04	
2.312797e-02	9.054250e-05	
2.292224e-02	1.045145e-04	
2.392527e-02	9.580792e-05	
2.170273e-02	8.718014e-05	
2.173629e-02	9.352059e-05	
2.182757e-02	7.223019e-05	
2.530719e-02	7.379274e-05	
2.460673e-02	6.341097e-05	
2.438388e-02	8.369372e-05	
2.373250e-02	9.727136e-05	
2.373250e-02	9.288561e-05	
2.370415e-02	6.168797e-05	
2.386056e-02	6.591260e-05	
2.251111e-02	8.050356e-05	
2.251111e-02	8.724128e-05	
2.265629e-02	8.715810e-05	
2.265629e-02	1.110595e-04	
2.416948e-02	1.126471e-04	
2.517355e-02	9.683104e-05	
2.212994e-02	9.845533e-05	
2.212994e-02	1.176852e-04	
2.453495e-02	1.030269e-04	
2.460828e-02	1.354825e-04	
2.207886e-02	8.497588e-05	
2.447231e-02	4.790924e-05	
2.123173e-02	1.183501e-04	
2.090639e-02	8.665790e-05	
2.272579e-02	1.096463e-04	
2.545834e-02	1.255156e-04	
2.307783e-02	1.003336e-04	
2.307783e-02	7.384608e-05	
2.512722e-02	9.590531e-05	
2.490300e-02	8.581880e-05	
2.343023e-02	1.035528e-04	
2.082815e-02	8.630545e-05	
2.082815e-02	9.766244e-05	
2.357673e-02	8.941972e-05	
2.357673e-02	1.122989e-04	
2.271017e-02	1.103887e-04	
2.271017e-02	1.121596e-04	
2.436649e-02	1.125366e-04	
2.436649e-02	9.341782e-05	
2.504095e-02	8.107440e-05	
2.162148e-02	9.200423e-05	
2.162148e-02	7.785329e-05	
2.385326e-02	6.211002e-05	
2.403475e-02	7.263600e-05	
2.403475e-02	8.779006e-05	
2.219261e-02	7.819509e-05	
2.369088e-02	9.059932e-05	
2.374162e-02	7.866354e-05	
2.432125e-02	1.049072e-04	
2.432125e-02	1.030356e-04	
2.366209e-02	1.150411e-04	
2.102971e-02	9.367191e-05	
2.243647e-02	1.327544e-04	
2.517355e-02	1.383120e-04	
2.430660e-02	1.281607e-04	
2.175300e-02	1.379396e-04	
2.175300e-02	1.499075e-04	
2.389987e-02	1.358791e-04	
2.389987e-02	1.263613e-04	
2.245244e-02	1.173956e-04	
2.245244e-02	1.345096e-04	
2.351866e-02	1.167178e-04	
2.272579e-02	1.282212e-04	
2.314327e-02	1.315416e-04	
2.463149e-02	1.086830e-04	
2.214280e-02	1.138453e-04	
2.214280e-02	1.025804e-04	
2.353087e-02	9.795731e-05	
2.353087e-02	9.750177e-05	
2.237744e-02	1.039198e-04	
2.237744e-02	1.151647e-04	
2.351038e-02	8.219682e-05	
2.650714e-02	1.106832e-04	
2.495636e-02	1.173836e-04	
2.426061e-02	1.271197e-04	
2.426061e-02	1.080375e-04	
2.346178e-02	1.035961e-04	
2.346178e-02	9.242521e-05	
2.583395e-02	1.093554e-04	
2.264935e-02	9.278970e-05	
2.197922e-02	6.535325e-05	
2.197922e-02	5.529491e-05	
2.584546e-02	6.205076e-05	
2.219261e-02	6.924336e-05	
2.345110e-02	8.930637e-05	
2.321075e-02	9.973294e-05	
2.321075e-02	1.185716e-04	
2.304906e-02	1.170877e-04	
2.498009e-02	1.252959e-04	
2.102971e-02	1.212437e-04	
2.584665e-02	1.109705e-04	
2.388927e-02	1.169665e-04	
2.386260e-02	1.441173e-04	
2.333249e-02	1.352702e-04	
2.333249e-02	1.418751e-04	
2.087608e-02	1.455346e-04	
2.355689e-02	9.527794e-05	
2.457898e-02	1.185985e-04	
2.351115e-02	1.949671e-04	
2.296828e-02	1.164743e-04	
2.497468e-02	1.090847e-04	
2.314327e-02	1.243416e-04	
2.394271e-02	1.139648e-04	
2.337795e-02	1.249673e-04	
2.177850e-02	1.003068e-04	
2.370592e-02	9.489384e-05	
2.380491e-02	1.029781e-04	
2.320709e-02	1.101923e-04	
2.474598e-02	9.738455e-05	
2.328966e-02	9.734278e-05	
2.163236e-02	8.379936e-05	
2.495636e-02	1.077087e-04	
2.519217e-02	1.050770e-04	
2.258098e-02	1.009387e-04	
2.258098e-02	1.075825e-04	
2.268946e-02	9.659530e-05	
2.318007e-02	1.078860e-04	
2.318007e-02	1.180821e-04	
2.406836e-02	9.654011e-05	
2.406836e-02	7.816475e-05	
2.584546e-02	8.453555e-05	
2.528392e-02	8.654678e-05	
2.528392e-02	1.145251e-04	
2.305747e-02	1.223002e-04	
2.305747e-02	1.023021e-04	
2.304906e-02	1.308970e-04	
2.407314e-02	1.383298e-04	
2.407314e-02	1.298308e-04	
2.312852e-02	1.158824e-04	
2.406060e-02	1.255713e-04	
2.386260e-02	1.403090e-04	
2.541437e-02	1.272873e-04	
2.305866e-02	9.326627e-05	
2.087608e-02	1.599848e-04	
2.268875e-02	8.384099e-05	
2.154932e-02	1.604445e-04	
2.154932e-02	1.672911e-04	
2.296828e-02	1.745892e-04	
2.330412e-02	1.285756e-04	
2.330412e-02	1.257720e-04	
2.505032e-02	9.549409e-05	
2.505032e-02	1.188651e-04	
2.177850e-02	1.212969e-04	
2.408400e-02	1.229806e-04	
2.237016e-02	1.027045e-04	
2.440799e-02	1.079932e-04	
2.339093e-02	9.231570e-05	
2.397040e-02	1.089681e-04	
2.163236e-02	1.080373e-04	
2.515491e-02	8.873865e-05	
2.399174e-02	9.909818e-05	
2.208378e-02	1.033697e-04	
2.430803e-02	1.085192e-04	
2.268946e-02	1.110057e-04	
2.510029e-02	1.094723e-04	
2.467835e-02	9.787657e-05	
2.328319e-02	1.207533e-04	
2.414986e-02	1.079965e-04	
2.391946e-02	1.039786e-04	
2.534612e-02	1.173016e-04	
2.529258e-02	1.238744e-04	
2.529258e-02	1.286037e-04	
2.259075e-02	1.189726e-04	
2.259075e-02	1.249345e-04	
2.301127e-02	1.238521e-04	
2.301127e-02	1.300315e-04	
2.084887e-02	1.315151e-04	
2.084887e-02	1.246291e-04	
2.512049e-02	1.514494e-04	
2.224046e-02	1.293845e-04	
2.305866e-02	1.448194e-04	
2.129558e-02	1.319036e-04	
2.129558e-02	1.714286e-04	
2.182588e-02	1.005609e-04	
2.124658e-02	1.759800e-04	
2.566498e-02	1.674164e-04	
2.286238e-02	1.479600e-04	
2.396713e-02	1.388069e-04	
2.548708e-02	1.113362e-04	
2.277097e-02	1.101070e-04	
2.636716e-02	1.264957e-04	
2.460124e-02	1.242018e-04	
2.187805e-02	1.208134e-04	
2.187805e-02	1.013250e-04	
2.142827e-02	1.251085e-04	
2.142827e-02	1.151599e-04	
2.583627e-02	1.141944e-04	
2.231490e-02	9.048060e-05	
2.259080e-02	9.494936e-05	
2.208378e-02	1.085037e-04	
2.430803e-02	1.106176e-04	
2.419710e-02	1.109533e-04	
2.106824e-02	1.009880e-04	
2.309643e-02	1.107099e-04	
2.328319e-02	1.174525e-04	
2.414986e-02	1.063176e-04	
2.391946e-02	1.122701e-04	
2.267862e-02	1.176058e-04	
2.194295e-02	1.262843e-04	
2.341231e-02	1.295938e-04	
2.229160e-02	1.294446e-04	
2.185971e-02	1.331645e-04	
2.185971e-02	1.258116e-04	
2.390024e-02	1.242157e-04	
2.449764e-02	1.258971e-04	
2.345417e-02	1.247594e-04	
2.257118e-02	1.203329e-04	
2.224046e-02	1.616254e-04	
2.506229e-02	1.384842e-04	
2.197888e-02	1.765490e-04	
2.338506e-02	9.880167e-05	
2.182588e-02	1.238409e-04	
2.124658e-02	1.504014e-04	
2.560939e-02	1.125653e-04	
2.286238e-02	1.642755e-04	
2.406071e-02	1.522958e-04	
2.218760e-02	1.332642e-04	
2.277097e-02	1.143641e-04	
2.286975e-02	9.573392e-05	
2.341266e-02	1.156653e-04	
2.403705e-02	1.352957e-04	
2.366522e-02	1.183635e-04	
2.316700e-02	1.180850e-04	
2.316700e-02	1.253069e-04	
2.462592e-02	9.905596e-05	
2.231490e-02	9.418172e-05	
2.346863e-02	1.021980e-04	
2.399974e-02	1.136911e-04	
2.209067e-02	9.799553e-05	
2.474880e-02	1.136133e-04	
2.106824e-02	1.163259e-04	
2.309643e-02	1.131549e-04	
2.457582e-02	1.030854e-04	
2.365961e-02	1.163566e-04	
2.229391e-02	1.080886e-04	
2.267862e-02	1.262974e-04	
2.194295e-02	1.305685e-04	
2.436806e-02	1.137042e-04	
2.229160e-02	1.305822e-04	
2.375778e-02	1.166130e-04	
2.290672e-02	1.371742e-04	
2.196440e-02	1.318957e-04	
2.551852e-02	1.350574e-04	
2.345417e-02	1.452247e-04	
2.490215e-02	1.349907e-04	
2.321240e-02	1.191205e-04	
2.321105e-02	1.491277e-04	
2.509964e-02	1.533860e-04	
2.509964e-02	1.733695e-04	
2.590931e-02	1.582117e-04	
2.422188e-02	1.895134e-04	
2.439684e-02	1.633744e-04	
2.426454e-02	1.353417e-04	
2.327656e-02	1.423953e-04	
2.218760e-02	1.259814e-04	
2.533309e-02	1.021665e-04	
2.286975e-02	1.044862e-04	
2.341266e-02	1.217211e-04	
2.143568e-02	1.123305e-04	
2.273693e-02	1.203065e-04	
2.541392e-02	1.112822e-04	
2.565055e-02	1.143628e-04	
2.424337e-02	1.129684e-04	
2.170957e-02	1.134926e-04	
2.170957e-02	1.122933e-04	
2.399974e-02	1.130293e-04	
2.121174e-02	1.033641e-04	
2.121174e-02	1.063572e-04	
2.617321e-02	1.197199e-04	
2.619826e-02	1.065085e-04	
2.155979e-02	9.530139e-05	
2.276526e-02	1.131286e-04	
2.229391e-02	1.115321e-04	
2.319808e-02	1.268771e-04	
2.191145e-02	1.025156e-04	
2.251751e-02	1.398829e-04	
2.248805e-02	1.181019e-04	
2.248805e-02	1.289716e-04	
2.556870e-02	1.141310e-04	
2.196440e-02	1.234680e-04	
2.208625e-02	1.257992e-04	
2.191907e-02	1.191740e-04	
2.191907e-02	1.286312e-04	
2.321240e-02	1.684442e-04	
2.321105e-02	1.878684e-04	
2.434518e-02	2.065276e-04	
2.441014e-02	9.774460e-05	
2.614162e-02	2.154547e-04	
2.422188e-02	2.193084e-04	
2.194503e-02	1.423037e-04	
2.194503e-02	1.043435e-04	
2.411321e-02	1.077251e-04	
2.411321e-02	1.252902e-04	
2.213554e-02	1.152073e-04	
2.213554e-02	1.067526e-04	
2.521312e-02	1.063509e-04	
2.143568e-02	1.093914e-04	
2.474259e-02	1.174848e-04	
2.372234e-02	1.118787e-04	
2.195500e-02	1.136808e-04	
2.193734e-02	1.206207e-04	
2.193734e-02	9.882395e-05	
2.467849e-02	1.277155e-04	
2.308716e-02	9.931332e-05	
2.313168e-02	1.154995e-04	
2.231421e-02	1.250828e-04	
2.546165e-02	1.001067e-04	
2.236701e-02	9.559306e-05	
2.155979e-02	1.074790e-04	
2.396279e-02	9.847762e-05	
2.396279e-02	1.024313e-04	
2.530838e-02	9.646012e-05	
2.191145e-02	1.215130e-04	
2.447265e-02	1.222999e-04	
2.312322e-02	1.388206e-04	
2.255821e-02	1.059538e-04	
2.377374e-02	1.215459e-04	
2.377374e-02	1.174831e-04	
2.208625e-02	1.236714e-04	
2.324762e-02	1.278448e-04	
2.352088e-02	1.364611e-04	
2.499344e-02	1.272928e-04	
2.505564e-02	1.326807e-04	
2.287824e-02	1.674750e-04	
2.220058e-02	1.801284e-04	
2.583090e-02	2.089395e-04	
2.563481e-02	2.437389e-04	
2.390953e-02	1.762571e-04	
2.200660e-02	1.484954e-04	
2.200660e-02	1.179450e-04	
2.436280e-02	9.748254e-05	
2.450051e-02	9.264500e-05	
2.211399e-02	1.119862e-04	
2.382907e-02	1.365153e-04	
2.218413e-02	1.240113e-04	
2.360196e-02	1.244108e-04	
2.245488e-02	1.042491e-04	
2.195500e-02	1.077265e-04	
2.501376e-02	8.671511e-05	
2.361003e-02	1.135276e-04	
2.181007e-02	1.106747e-04	
2.267300e-02	1.085734e-04	
2.267300e-02	1.066896e-04	
2.684967e-02	1.034310e-04	
2.361834e-02	9.365165e-05	
2.236701e-02	1.016162e-04	
2.348822e-02	8.869492e-05	
2.506179e-02	8.877211e-05	
2.265683e-02	1.013951e-04	
2.265683e-02	1.030942e-04	
2.577663e-02	1.260175e-04	
2.583071e-02	1.189581e-04	
2.275998e-02	1.124390e-04	
2.255821e-02	1.239807e-04	
2.480993e-02	1.183417e-04	
2.125535e-02	1.110818e-04	
2.353263e-02	1.138933e-04	
2.353263e-02	1.344289e-04	
2.352088e-02	1.443073e-04	
2.402612e-02	1.330698e-04	
2.505564e-02	1.439649e-04	
2.173522e-02	1.780775e-04	
2.173522e-02	1.694546e-04	
2.430201e-02	1.801464e-04	
2.430201e-02	2.079165e-04	
2.390953e-02	1.968469e-04	
2.142050e-02	1.720868e-04	
2.142050e-02	1.420947e-04	
2.436280e-02	1.073021e-04	
2.442443e-02	8.279731e-05	
2.211399e-02	1.157819e-04	
2.411804e-02	9.313684e-05	
2.218413e-02	1.117982e-04	
2.485476e-02	1.062078e-04	
2.356411e-02	1.127469e-04	
2.268544e-02	1.111053e-04	
2.268544e-02	9.644740e-05	
2.484664e-02	1.030456e-04	
2.181007e-02	1.167889e-04	
2.371052e-02	9.686884e-05	
2.270316e-02	1.073228e-04	
2.328909e-02	8.420870e-05	
2.286774e-02	1.006078e-04	
2.286774e-02	1.096779e-04	
2.465821e-02	9.179908e-05	
2.506179e-02	8.836903e-05	
2.414899e-02	1.066094e-04	
2.152722e-02	1.051702e-04	
2.337361e-02	1.159466e-04	
2.563287e-02	1.096834e-04	
2.275998e-02	1.235134e-04	
2.336662e-02	1.173308e-04	
2.265990e-02	1.167724e-04	
2.125535e-02	1.256777e-04	
2.345672e-02	1.158849e-04	
2.567131e-02	1.431773e-04	
2.230171e-02	1.411736e-04	
2.230171e-02	1.574625e-04	
2.528250e-02	1.448753e-04	
2.228325e-02	1.853417e-04	
2.228325e-02	1.296454e-04	
2.430278e-02	1.136401e-04	
2.339976e-02	1.985278e-04	
2.486429e-02	1.571180e-04	
2.416515e-02	1.775107e-04	
2.501610e-02	1.645628e-04	
2.366062e-02	1.059202e-04	
2.442443e-02	9.034524e-05	
2.547876e-02	9.384372e-05	
2.411804e-02	1.050311e-04	
2.475459e-02	8.921574e-05	
2.300133e-02	1.144070e-04	
2.300133e-02	1.077003e-04	
2.352368e-02	1.149725e-04	
2.348349e-02	1.005890e-04	
2.372162e-02	1.067584e-04	
2.240170e-02	1.022572e-04	
2.326319e-02	1.210944e-04	
2.165583e-02	9.264917e-05	
2.379205e-02	9.925817e-05	
2.466747e-02	1.095668e-04	
2.321237e-02	8.152823e-05	
2.321237e-02	9.263344e-05	
2.201702e-02	9.349318e-05	
2.201702e-02	1.051664e-04	
2.152722e-02	1.010747e-04	
2.194241e-02	9.901761e-05	
2.194241e-02	9.643954e-05	
2.541778e-02	1.041397e-04	
2.339198e-02	1.112261e-04	
2.265990e-02	1.218506e-04	
2.378563e-02	1.085755e-04	
2.391454e-02	1.100111e-04	
2.391454e-02	1.390176e-04	
2.294557e-02	1.623270e-04	
2.434753e-02	1.160772e-04	
2.340481e-02	1.365242e-04	
2.238108e-02	1.816237e-04	
2.238108e-02	1.785034e-04	
2.171219e-02	1.828768e-04	
2.255281e-02	1.821496e-04	
2.093441e-02	1.498961e-04	
2.093441e-02	1.305676e-04	
2.579874e-02	1.598495e-04	
2.366062e-02	1.540755e-04	
2.400021e-02	1.358698e-04	
2.166890e-02	1.234427e-04	
2.326484e-02	1.207988e-04	
2.403870e-02	9.258171e-05	
2.403870e-02	8.211352e-05	
2.339538e-02	1.218496e-04	
2.339538e-02	1.038424e-04	
2.326626e-02	1.103207e-04	
2.326626e-02	1.038322e-04	
2.240170e-02	1.056326e-04	
2.433729e-02	1.036828e-04	
2.165583e-02	9.236429e-05	
2.337090e-02	9.063619e-05	
2.538652e-02	9.968138e-05	
2.324087e-02	7.398315e-05	
2.337170e-02	8.857035e-05	
2.230397e-02	9.748375e-05	
2.366997e-02	7.563788e-05	
2.366997e-02	9.687575e-05	
2.246637e-02	9.673390e-05	
2.246637e-02	1.038274e-04	
2.360180e-02	8.570446e-05	
2.297536e-02	1.135810e-04	
2.297536e-02	1.233088e-04	
2.378563e-02	1.216876e-04	
2.360993e-02	1.225452e-04	
2.339583e-02	1.356157e-04	
2.339583e-02	1.450950e-04	
2.499843e-02	1.358140e-04	
2.340481e-02	1.148649e-04	
2.492349e-02	1.571759e-04	
2.421742e-02	8.699382e-05	
2.171219e-02	1.547541e-04	
2.355796e-02	1.804110e-04	
2.381778e-02	1.045702e-04	
2.198767e-02	1.550145e-04	
2.329714e-02	1.364330e-04	
2.542626e-02	1.562804e-04	
2.400021e-02	1.210615e-04	
2.166890e-02	1.151342e-04	
2.183386e-02	1.166649e-04	
2.294151e-02	1.002735e-04	
2.407044e-02	1.086792e-04	
2.183205e-02	9.092400e-05	
2.342369e-02	1.000637e-04	
2.494009e-02	9.621633e-05	
2.397948e-02	1.001794e-04	
2.397948e-02	1.006184e-04	
2.272346e-02	9.172221e-05	
2.503921e-02	1.013109e-04	
2.503921e-02	9.884358e-05	
2.543502e-02	8.468252e-05	
2.262693e-02	8.329875e-05	
2.245950e-02	7.985905e-05	
2.422279e-02	1.029088e-04	
2.422279e-02	8.810607e-05	
2.588137e-02	8.986361e-05	
2.270955e-02	1.007583e-04	
2.270955e-02	8.430219e-05	
2.360180e-02	1.053893e-04	
2.538178e-02	1.150874e-04	
2.579318e-02	1.170393e-04	
2.312193e-02	1.049582e-04	
2.312193e-02	1.132126e-04	
2.406587e-02	1.233841e-04	
2.213468e-02	9.539203e-05	
2.319487e-02	1.261779e-04	
2.284415e-02	1.412449e-04	
2.185982e-02	1.988724e-04	
2.408604e-02	2.246061e-04	
2.422726e-02	1.980472e-04	
2.422726e-02	1.604861e-04	
2.421475e-02	1.434568e-04	
2.198767e-02	1.120426e-04	
2.442182e-02	1.270130e-04	
2.582554e-02	1.540250e-04	
2.376462e-02	1.155153e-04	
2.376462e-02	1.072028e-04	
2.339355e-02	1.055362e-04	
2.294151e-02	1.118808e-04	
2.369492e-02	8.474878e-05	
2.183205e-02	8.730882e-05	
2.417408e-02	8.675143e-05	
2.552551e-02	8.611341e-05	
2.503943e-02	9.590228e-05	
2.503943e-02	8.822905e-05	
2.272346e-02	9.147820e-05	
2.365106e-02	1.071796e-04	
2.365106e-02	9.984615e-05	
2.365468e-02	7.830370e-05	
2.618733e-02	8.799553e-05	
2.245950e-02	9.096855e-05	
2.353330e-02	8.183280e-05	
2.382647e-02	1.021142e-04	
2.419472e-02	1.022644e-04	
2.119323e-02	9.556134e-05	
2.307202e-02	8.524826e-05	
2.409526e-02	1.068275e-04	
2.456728e-02	1.067994e-04	
2.387130e-02	1.023657e-04	
2.310280e-02	1.126376e-04	
2.310280e-02	1.085472e-04	
2.303751e-02	9.956286e-05	
2.213468e-02	1.059883e-04	
2.484649e-02	1.309660e-04	
2.284415e-02	1.167131e-04	
2.185982e-02	1.426256e-04	
2.408604e-02	1.593599e-04	
2.400680e-02	1.052295e-04	
2.288743e-02	1.327548e-04	
2.288743e-02	1.136004e-04	
2.501548e-02	1.507210e-04	
2.417217e-02	1.440439e-04	
2.417217e-02	1.404376e-04	
2.396721e-02	1.458235e-04	
2.380993e-02	1.110826e-04	
2.339355e-02	1.237657e-04	
2.365265e-02	1.003550e-04	
2.263325e-02	9.593488e-05	
2.263325e-02	8.578061e-05	
2.302178e-02	1.033867e-04	
2.302178e-02	9.159052e-05	
2.431593e-02	8.938768e-05	
2.431593e-02	7.986794e-05	
2.291845e-02	9.185923e-05	
2.291845e-02	8.396306e-05	
2.430302e-02	1.011949e-04	
2.384460e-02	7.819946e-05	
2.223632e-02	9.520849e-05	
2.223632e-02	9.237494e-05	
2.448733e-02	9.162692e-05	
2.382647e-02	9.737304e-05	
2.166211e-02	7.532782e-05	
2.117124e-02	9.147777e-05	
2.117124e-02	8.425652e-05	
2.388658e-02	9.123252e-05	
2.388658e-02	1.023507e-04	
2.421078e-02	7.745441e-05	
2.366029e-02	9.850200e-05	
2.230015e-02	7.937807e-05	
2.102613e-02	9.340040e-05	
2.102613e-02	1.059549e-04	
2.282287e-02	1.559520e-04	
2.282287e-02	1.536781e-04	
2.472425e-02	1.981881e-04	
2.424834e-02	1.344614e-04	
2.500772e-02	1.449461e-04	
2.595769e-02	1.500492e-04	
2.210483e-02	1.494546e-04	
2.210483e-02	1.463087e-04	
2.357582e-02	1.603096e-04	
2.399090e-02	1.540240e-04	
2.399090e-02	1.229093e-04	
2.137516e-02	1.180915e-04	
2.137516e-02	1.066895e-04	
2.564480e-02	1.078607e-04	
2.195672e-02	8.490139e-05	
2.332881e-02	1.063185e-04	
2.220161e-02	1.025850e-04	
2.117201e-02	8.817133e-05	
2.405153e-02	9.083335e-05	
2.095968e-02	8.794280e-05	
2.095968e-02	8.621363e-05	
2.432813e-02	9.168849e-05	
2.327414e-02	7.544339e-05	
2.310081e-02	8.566568e-05	
2.371726e-02	8.915127e-05	
2.334413e-02	9.031715e-05	
2.330941e-02	8.312884e-05	
2.392194e-02	7.615908e-05	
2.166211e-02	8.475139e-05	
2.361161e-02	7.334979e-05	
2.361161e-02	9.245041e-05	
2.436879e-02	8.642370e-05	
2.280007e-02	7.402119e-05	
2.315939e-02	7.887389e-05	
2.500106e-02	5.915541e-05	
2.230015e-02	7.410060e-05	
2.334734e-02	1.052114e-04	
2.334734e-02	9.822577e-05	
2.366999e-02	1.668298e-04	
2.373595e-02	1.618912e-04	
2.133724e-02	1.573690e-04	
2.225784e-02	2.663420e-04	
2.375426e-02	2.149095e-04	
2.412254e-02	1.836685e-04	
2.283327e-02	1.240277e-04	
2.283327e-02	1.197365e-04	
2.357582e-02	1.399965e-04	
2.175443e-02	1.154697e-04	
2.322074e-02	1.063910e-04	
2.296775e-02	8.779079e-05	
2.296775e-02	1.007742e-04	
2.248753e-02	9.341076e-05	
2.195672e-02	9.195951e-05	
2.422752e-02	9.344794e-05	
2.169509e-02	6.539184e-05	
2.117201e-02	9.528066e-05	
2.405153e-02	8.000197e-05	
2.382715e-02	7.206333e-05	
2.173611e-02	7.460002e-05	
2.337382e-02	7.108414e-05	
2.333697e-02	6.191625e-05	
2.310081e-02	8.089673e-05	
2.352790e-02	7.682897e-05	
2.334413e-02	8.145434e-05	
2.330941e-02	8.830674e-05	
2.263775e-02	7.294852e-05	
2.376509e-02	7.601713e-05	
2.552322e-02	8.415478e-05	
2.388184e-02	7.636535e-05	
2.410694e-02	6.449669e-05	
2.280007e-02	6.697785e-05	
2.192151e-02	5.802792e-05	
2.192151e-02	6.130060e-05	
2.502014e-02	1.042829e-04	
2.359011e-02	9.404180e-05	
2.336569e-02	9.457995e-05	
2.336467e-02	1.584831e-04	
2.336467e-02	1.600957e-04	
2.133724e-02	2.004461e-04	
2.453486e-02	1.308514e-04	
2.375426e-02	1.872559e-04	
2.398981e-02	1.523385e-04	
2.211759e-02	1.328501e-04	
2.211759e-02	1.070375e-04	
2.525240e-02	1.236822e-04	
2.175443e-02	1.192806e-04	
2.322074e-02	1.153288e-04	
2.222740e-02	8.719640e-05	
2.222740e-02	8.355144e-05	
2.248753e-02	6.617635e-05	
2.430314e-02	8.692001e-05	
2.430314e-02	8.062014e-05	
2.169509e-02	8.921402e-05	
2.294039e-02	7.222059e-05	
2.462873e-02	8.086382e-05	
2.387493e-02	7.341800e-05	
2.468688e-02	6.402869e-05	
2.213173e-02	4.712782e-05	
2.213173e-02	6.758769e-05	
2.634512e-02	8.393173e-05	
2.288994e-02	6.777319e-05	
2.519711e-02	7.873133e-05	
2.314286e-02	7.511183e-05	
2.263775e-02	8.074096e-05	
2.321035e-02	7.413957e-05	
2.308838e-02	7.903968e-05	
2.337999e-02	8.888842e-05	
2.419630e-02	5.848790e-05	
2.308232e-02	6.899000e-05	
2.308232e-02	7.146550e-05	
2.457103e-02	6.248928e-05	
2.543881e-02	1.094545e-04	
2.359011e-02	1.127709e-04	
2.237100e-02	6.426496e-05	
2.104398e-02	1.344488e-04	
2.104398e-02	1.745207e-04	
2.526679e-02	2.064907e-04	
2.327487e-02	2.256111e-04	
2.434471e-02	1.875844e-04	
2.434471e-02	1.645523e-04	
2.295521e-02	9.728481e-05	
2.360274e-02	1.347298e-04	
2.332084e-02	1.358423e-04	
2.571642e-02	1.194965e-04	
2.397575e-02	1.181382e-04	
2.230426e-02	9.997302e-05	
2.382363e-02	7.873688e-05	
2.382363e-02	6.658571e-05	
2.486693e-02	8.172338e-05	
2.268596e-02	9.486175e-05	
2.176047e-02	8.467489e-05	
2.294039e-02	9.371887e-05	
2.388261e-02	7.445173e-05	
2.458022e-02	7.616493e-05	
2.575290e-02	5.784658e-05	
2.365876e-02	5.657418e-05	
2.434522e-02	7.590402e-05	
2.372181e-02	5.647429e-05	
2.288994e-02	6.150798e-05	
2.364389e-02	6.486575e-05	
2.364389e-02	6.507117e-05	
2.643981e-02	6.508960e-05	
2.321035e-02	6.566465e-05	
2.308838e-02	7.996920e-05	
2.427982e-02	8.786604e-05	
2.383054e-02	8.694341e-05	
2.269210e-02	9.703141e-05	
2.346563e-02	8.535793e-05	
2.346563e-02	7.863310e-05	
2.524948e-02	1.080578e-04	
2.156218e-02	1.053185e-04	
2.156218e-02	1.252450e-04	
2.400339e-02	1.167151e-04	
2.400339e-02	1.313143e-04	
2.493779e-02	1.839775e-04	
2.327487e-02	2.099760e-04	
2.205926e-02	1.777853e-04	
2.470398e-02	1.142168e-04	
2.295521e-02	1.293199e-04	
2.340985e-02	1.254530e-04	
2.332084e-02	1.136245e-04	
2.494951e-02	7.034091e-05	
2.397575e-02	8.145728e-05	
2.524099e-02	1.076336e-04	
2.529420e-02	8.638180e-05	
2.484714e-02	7.745605e-05	
2.357321e-02	7.633581e-05	
2.357321e-02	5.608435e-05	
2.176047e-02	8.266147e-05	
2.254732e-02	7.259055e-05	
2.254732e-02	7.513720e-05	
2.443663e-02	6.827636e-05	
2.443663e-02	5.517760e-05	
2.365876e-02	6.735442e-05	
2.455987e-02	5.271607e-05	
2.420386e-02	5.803681e-05	
2.348187e-02	5.216043e-05	
2.348187e-02	5.792887e-05	
2.114814e-02	7.011758e-05	
2.114814e-02	6.358335e-05	
2.612121e-02	7.834002e-05	
2.371550e-02	7.585940e-05	
2.371550e-02	7.147436e-05	
2.378231e-02	8.221791e-05	
2.269210e-02	1.087896e-04	
2.106967e-02	7.827555e-05	
2.491743e-02	9.037751e-05	
2.364363e-02	1.210031e-04	
2.247243e-02	1.269985e-04	
2.387314e-02	1.233703e-04	
2.506535e-02	1.246128e-04	
2.496001e-02	9.416426e-05	
2.241708e-02	1.583013e-04	
2.241708e-02	2.166118e-04	
2.205926e-02	1.713861e-04	
2.485583e-02	1.676321e-04	
2.417004e-02	1.794888e-04	
2.386401e-02	1.084100e-04	
2.386401e-02	9.536907e-05	
2.290364e-02	7.622746e-05	
2.531390e-02	1.076849e-04	
2.525531e-02	1.023738e-04	
2.284432e-02	8.619049e-05	
2.172298e-02	7.170102e-05	
2.470078e-02	6.791267e-05	
2.470078e-02	7.170657e-05	
2.311705e-02	8.163618e-05	
2.324261e-02	7.218769e-05	
2.365932e-02	7.011077e-05	
2.217963e-02	6.146390e-05	
2.199276e-02	5.639492e-05	
2.446409e-02	6.872585e-05	
2.211953e-02	4.951464e-05	
2.389397e-02	6.556892e-05	
2.353046e-02	5.619730e-05	
2.432653e-02	6.788352e-05	
2.162564e-02	7.809606e-05	
2.162564e-02	7.751358e-05	
2.319006e-02	6.882870e-05	
2.319006e-02	7.649063e-05	
2.454035e-02	7.107693e-05	
2.378231e-02	6.580553e-05	
2.262368e-02	7.347790e-05	
2.106967e-02	8.318378e-05	
2.491289e-02	7.885964e-05	
2.364363e-02	1.206099e-04	
2.247243e-02	1.185284e-04	
2.387314e-02	1.058252e-04	
2.331419e-02	1.155482e-04	
2.331419e-02	1.257379e-04	
2.448685e-02	1.796565e-04	
2.311613e-02	2.318164e-04	
2.356357e-02	1.703701e-04	
2.345626e-02	1.733502e-04	
2.408684e-02	1.899453e-04	
2.246467e-02	1.546947e-04	
2.334799e-02	1.140626e-04	
2.290364e-02	9.023166e-05	
2.238163e-02	6.628706e-05	
2.445932e-02	5.654486e-05	
2.313113e-02	6.722531e-05	
2.172298e-02	8.834670e-05	
2.405687e-02	7.490751e-05	
2.185679e-02	8.620429e-05	
2.311705e-02	8.687345e-05	
2.324261e-02	6.408741e-05	
2.339979e-02	6.770854e-05	
2.495336e-02	4.734093e-05	
2.199276e-02	5.397040e-05	
2.388714e-02	5.549285e-05	
2.211953e-02	5.407863e-05	
2.194127e-02	4.546102e-05	
2.324991e-02	6.369607e-05	
2.138794e-02	5.189362e-05	
2.210050e-02	7.828671e-05	
2.619798e-02	7.294616e-05	
2.399707e-02	6.265770e-05	
2.399707e-02	6.542023e-05	
2.448184e-02	6.872386e-05	
2.448184e-02	5.962700e-05	
2.317232e-02	6.692889e-05	
2.317232e-02	8.349431e-05	
2.438302e-02	9.501031e-05	
2.374702e-02	1.044138e-04	
2.374702e-02	1.224697e-04	
2.522062e-02	1.275068e-04	
2.382136e-02	1.437375e-04	
2.396946e-02	1.296045e-04	
2.448685e-02	1.538390e-04	
2.452745e-02	1.075273e-04	
2.503379e-02	2.884987e-04	
2.296923e-02	1.372129e-04	
2.217490e-02	9.299586e-05	
2.246467e-02	1.687193e-04	
2.334799e-02	1.192950e-04	
2.415212e-02	8.060505e-05	
2.238163e-02	8.749912e-05	
2.408295e-02	6.631739e-05	
2.508557e-02	4.502593e-05	
2.512207e-02	8.037688e-05	
2.264403e-02	8.424892e-05	
2.185679e-02	8.760599e-05	
2.365890e-02	7.096543e-05	
2.248783e-02	6.895287e-05	
2.339979e-02	8.138569e-05	
2.254360e-02	5.279550e-05	
2.254360e-02	5.625695e-05	
2.520151e-02	5.244209e-05	
2.520151e-02	5.458663e-05	
2.194127e-02	5.366443e-05	
2.324991e-02	5.777550e-05	
2.138794e-02	6.296613e-05	
2.546221e-02	4.817044e-05	
2.312439e-02	5.726255e-05	
2.312439e-02	6.031034e-05	
2.437529e-02	6.434858e-05	
2.504962e-02	6.936684e-05	
2.483517e-02	6.221556e-05	
2.513262e-02	7.394703e-05	
2.451361e-02	8.220435e-05	
2.285136e-02	1.007481e-04	
2.285136e-02	1.100691e-04	
2.566979e-02	9.720936e-05	
2.568542e-02	1.372196e-04	
2.370001e-02	1.332512e-04	
2.370001e-02	1.490617e-04	
2.280289e-02	1.703476e-04	
2.150413e-02	1.635494e-04	
2.381368e-02	1.657841e-04	
2.296923e-02	1.359976e-04	
2.132693e-02	1.160301e-04	
2.132693e-02	1.534158e-04	
2.285933e-02	1.337550e-04	
2.263690e-02	1.186803e-04	
2.248673e-02	9.601906e-05	
2.408295e-02	8.533486e-05	
2.186681e-02	5.258133e-05	
2.514091e-02	8.160561e-05	
2.423947e-02	8.454084e-05	
2.430271e-02	8.508312e-05	
2.365890e-02	7.905161e-05	
2.173832e-02	7.836958e-05	
2.173832e-02	8.445746e-05	
2.184630e-02	5.724400e-05	
2.294680e-02	6.485176e-05	
2.420396e-02	4.876964e-05	
2.420396e-02	5.893143e-05	
2.562630e-02	5.436283e-05	
2.325826e-02	7.197454e-05	
2.325826e-02	5.753177e-05	
2.362326e-02	4.929418e-05	
2.382175e-02	5.607756e-05	
2.382175e-02	5.681685e-05	
2.319906e-02	5.313737e-05	
2.421768e-02	5.764767e-05	
2.216999e-02	7.120269e-05	
2.423964e-02	8.429555e-05	
2.508282e-02	9.276643e-05	
2.439636e-02	7.893401e-05	
2.274339e-02	9.428962e-05	
2.274339e-02	9.981995e-05	
2.374391e-02	1.092720e-04	
2.344969e-02	1.416865e-04	
2.398332e-02	1.254413e-04	
2.275890e-02	1.122615e-04	
2.150413e-02	1.375591e-04	
2.325462e-02	1.501476e-04	
2.278463e-02	1.567147e-04	
2.210668e-02	1.646153e-04	
2.241403e-02	1.484263e-04	
2.285933e-02	1.341289e-04	
2.395628e-02	8.072981e-05	
2.226324e-02	9.487236e-05	
2.226324e-02	4.867022e-05	
2.180019e-02	7.629979e-05	
2.180019e-02	6.115803e-05	
2.505987e-02	6.646445e-05	
2.354879e-02	7.261429e-05	
2.455796e-02	8.087876e-05	
2.372142e-02	7.671869e-05	
2.372142e-02	5.944843e-05	
2.184630e-02	7.001668e-05	
2.306497e-02	6.178324e-05	
2.302912e-02	5.494992e-05	
2.413468e-02	4.704330e-05	
2.399803e-02	5.377127e-05	
2.399803e-02	5.686968e-05	
2.418327e-02	6.357673e-05	
2.362326e-02	6.118232e-05	
2.363447e-02	5.189635e-05	
2.353792e-02	4.844146e-05	
2.319906e-02	5.517049e-05	
2.421768e-02	4.549828e-05	
2.199815e-02	6.334977e-05	
2.199815e-02	8.424179e-05	
2.445870e-02	7.729785e-05	
2.439636e-02	8.034321e-05	
2.309773e-02	8.080034e-05	
2.376492e-02	7.552722e-05	
2.411035e-02	1.144699e-04	
2.344969e-02	1.337011e-04	
2.399413e-02	9.918593e-05	
2.399413e-02	1.583672e-04	
2.490066e-02	9.923902e-05	
2.433261e-02	2.518305e-04	
2.278463e-02	1.696250e-04	
2.210668e-02	1.254410e-04	
2.241403e-02	1.063649e-04	
2.307129e-02	5.639281e-05	
2.402474e-02	9.962535e-05	
2.367270e-02	7.527056e-05	
2.280504e-02	7.012003e-05	
2.280504e-02	6.164369e-05	
2.374711e-02	5.910586e-05	
2.149377e-02	6.201816e-05	
2.149377e-02	7.041658e-05	
2.392215e-02	7.859273e-05	
2.345997e-02	7.266606e-05	
2.345997e-02	6.945017e-05	
2.531194e-02	5.516655e-05	
2.499312e-02	6.454558e-05	
2.302912e-02	5.006313e-05	
2.281914e-02	4.106993e-05	
2.281914e-02	4.860932e-05	
2.435686e-02	5.062370e-05	
2.474602e-02	6.458803e-05	
2.478452e-02	6.052324e-05	
2.363447e-02	5.701019e-05	
2.348290e-02	5.180337e-05	
2.379092e-02	4.771366e-05	
2.458926e-02	6.103505e-05	
2.357562e-02	5.044562e-05	
2.494074e-02	6.735817e-05	
2.252408e-02	7.130927e-05	
2.217487e-02	7.460241e-05	
2.107187e-02	8.844387e-05	
2.107187e-02	1.179680e-04	
2.280160e-02	7.907082e-05	
2.419761e-02	1.183629e-04	
2.546634e-02	1.445996e-04	
2.343108e-02	1.236756e-04	
2.343108e-02	1.251347e-04	
2.409284e-02	2.862272e-04	
2.409284e-02	1.568888e-04	
2.452879e-02	1.294024e-04	
2.512028e-02	5.565078e-05	
2.307129e-02	5.353451e-05	
2.411132e-02	3.420608e-05	
2.367270e-02	7.702254e-05	
2.234497e-02	6.295819e-05	
2.510476e-02	6.360761e-05	
2.374711e-02	5.593400e-05	
2.160413e-02	5.664737e-05	
2.283527e-02	5.597563e-05	
2.531428e-02	5.828803e-05	
2.401442e-02	7.635024e-05	
2.386446e-02	6.469342e-05	
2.303507e-02	5.986211e-05	
2.375098e-02	4.172445e-05	
2.425506e-02	5.445767e-05	
2.366393e-02	4.038436e-05	
2.281122e-02	4.269273e-05	
2.266299e-02	4.356225e-05	
2.394976e-02	5.734214e-05	
2.479794e-02	5.599689e-05	
2.124096e-02	4.280137e-05	
2.305041e-02	5.922650e-05	
2.395202e-02	5.243941e-05	
2.540409e-02	6.050869e-05	
2.357562e-02	5.492676e-05	
2.511010e-02	6.023702e-05	
2.275110e-02	5.610460e-05	
2.217487e-02	7.411793e-05	
2.401930e-02	9.961060e-05	
2.365484e-02	8.969570e-05	
2.280160e-02	9.120706e-05	
2.466213e-02	2.586042e-05	
2.341765e-02	6.853463e-05	
2.255606e-02	1.508742e-04	
2.363636e-02	1.163414e-04	
2.382554e-02	2.226057e-04	
2.485480e-02	1.299699e-04	
2.447864e-02	1.063206e-04	
2.432722e-02	9.202620e-05	
2.411045e-02	4.352928e-05	
2.324113e-02	3.700992e-05	
2.410059e-02	2.009805e-05	
2.234497e-02	4.528891e-05	
2.340482e-02	4.824085e-05	
2.340482e-02	3.931675e-05	
2.566114e-02	5.372570e-05	
2.283527e-02	6.115352e-05	
2.297933e-02	3.642210e-05	
2.251166e-02	5.457122e-05	
2.251166e-02	5.144610e-05	
2.303507e-02	4.145708e-05	
2.322160e-02	3.081676e-05	
2.322160e-02	3.365830e-05	
2.478193e-02	3.310832e-05	
2.281122e-02	3.913712e-05	
2.266299e-02	4.632620e-05	
2.205874e-02	3.282992e-05	
2.550525e-02	3.078725e-05	
2.124096e-02	5.262182e-05	
2.196321e-02	2.930879e-05	
2.359495e-02	4.058827e-05	
2.359495e-02	6.373820e-05	
2.367079e-02	5.183498e-05	
2.511010e-02	6.749758e-05	
2.487974e-02	6.492000e-05	
2.513140e-02	3.939215e-05	
2.401930e-02	7.533983e-05	
2.551495e-02	4.969021e-05	
2.306598e-02	4.587778e-05	
2.306598e-02	4.460567e-05	
2.532232e-02	1.120081e-04	
2.243089e-02	1.538850e-04	
2.243089e-02	9.785520e-05	
2.346451e-02	1.888924e-04	
2.203276e-02	1.023471e-04	
2.203276e-02	4.836583e-05	
2.536831e-02	2.862134e-05	
2.112762e-02	6.345554e-05	
2.112762e-02	2.681960e-05	
2.410059e-02	1.367665e-05	
2.475526e-02	2.639551e-05	
2.475526e-02	3.807006e-05	
2.355769e-02	4.914887e-05	
2.295767e-02	3.427980e-05	
2.551356e-02	5.222268e-05	
2.386025e-02	5.132684e-05	
2.368022e-02	3.987450e-05	
2.368022e-02	3.422379e-05	
2.464073e-02	2.919764e-05	
2.487811e-02	3.067609e-05	
2.535314e-02	3.474969e-05	
2.481837e-02	3.117973e-05	
2.242325e-02	3.157123e-05	
2.242325e-02	3.850449e-05	
2.205874e-02	3.643761e-05	
2.513515e-02	2.057409e-05	
2.506899e-02	3.253362e-05	
2.196321e-02	3.096444e-05	
2.383709e-02	3.291724e-05	
2.173512e-02	5.446217e-05	
2.173512e-02	5.695952e-05	
2.354484e-02	5.389645e-05	
2.289233e-02	5.880562e-05	
2.289233e-02	5.704937e-05	
2.369786e-02	4.702322e-05	
2.369786e-02	7.242871e-05	
2.383130e-02	7.287424e-05	
2.365169e-02	6.179845e-05	
2.440155e-02	8.404017e-05	
2.098810e-02	1.565865e-04	
2.098810e-02	1.671222e-04	
2.370796e-02	1.964443e-04	
2.402726e-02	4.399346e-05	
2.372280e-02	5.427547e-05	
2.395069e-02	5.286312e-05	
2.395069e-02	1.492160e-05	
2.509406e-02	2.760412e-05	
2.514026e-02	2.113429e-05	
2.554719e-02	1.906853e-05	
2.554719e-02	3.288907e-05	
2.478835e-02	3.632557e-05	
2.295767e-02	4.013516e-05	
2.098586e-02	4.248907e-05	
2.098586e-02	3.740718e-05	
2.433673e-02	3.690048e-05	
2.236418e-02	2.653044e-05	
2.433048e-02	3.362638e-05	
2.433048e-02	3.627256e-05	
2.252025e-02	2.213907e-05	
2.252025e-02	2.871556e-05	
2.422386e-02	2.463919e-05	
2.260286e-02	2.297580e-05	
2.592997e-02	3.012900e-05	
2.324288e-02	1.900869e-05	
2.318068e-02	1.486414e-05	
2.174033e-02	3.154319e-05	
2.174033e-02	4.623996e-05	
2.493720e-02	4.739256e-05	
2.334531e-02	5.158369e-05	
2.354484e-02	3.979626e-05	
2.337611e-02	5.082082e-05	
2.354653e-02	3.760533e-05	
2.337532e-02	5.398979e-05	
2.337541e-02	4.243327e-05	
2.364122e-02	4.246317e-05	
2.365169e-02	5.402777e-05	
2.440155e-02	8.869195e-05	
2.501970e-02	1.570050e-04	
2.181821e-02	6.159278e-05	
2.414655e-02	1.934975e-04	
2.448167e-02	1.163079e-04	
2.372280e-02	6.657144e-05	
2.196622e-02	5.449287e-05	
2.196622e-02	1.866686e-05	
2.501797e-02	9.167856e-06	
2.104881e-02	2.193983e-05	
2.259288e-02	1.631125e-05	
2.412539e-02	1.890750e-05	
2.412671e-02	3.258191e-05	
2.412671e-02	2.627404e-05	
2.175880e-02	3.288165e-05	
2.175880e-02	3.023387e-05	
2.433673e-02	2.690680e-05	
2.236418e-02	2.624062e-05	
2.387042e-02	1.643208e-05	
2.409364e-02	2.300514e-05	
2.380758e-02	2.321203e-05	
2.380758e-02	2.751684e-05	
2.406855e-02	1.686181e-05	
2.260286e-02	2.297849e-05	
2.405469e-02	2.084862e-05	
2.405469e-02	1.971641e-05	
2.318068e-02	1.427716e-05	
2.335358e-02	2.277589e-05	
2.335358e-02	2.684698e-05	
2.549624e-02	1.973130e-05	
2.136610e-02	2.307432e-05	
2.136610e-02	3.182979e-05	
2.337611e-02	5.637676e-05	
2.365140e-02	3.239154e-05	
2.337532e-02	2.629751e-05	
2.337541e-02	3.279971e-05	
2.447070e-02	2.072005e-05	
2.308204e-02	2.366946e-05	
2.308204e-02	6.983586e-05	
2.582879e-02	1.131624e-04	
2.181821e-02	1.008097e-04	
2.418272e-02	1.472938e-04	
2.448167e-02	1.006833e-04	
2.371848e-02	3.202322e-05	
2.371848e-02	1.755654e-05	
2.465764e-02	1.444636e-05	
2.193708e-02	5.809680e-06	
2.104881e-02	1.795823e-05	
2.259288e-02	1.711309e-05	
2.412539e-02	1.423048e-05	
2.546199e-02	1.780296e-05	
2.266873e-02	1.522262e-05	
2.266873e-02	1.671271e-05	
2.441993e-02	2.980829e-05	
2.424171e-02	2.366136e-05	
2.424171e-02	1.380733e-05	
2.430777e-02	1.348190e-05	
2.305225e-02	2.205481e-05	
2.305225e-02	8.685751e-06	
2.431712e-02	2.588760e-05	
2.378523e-02	1.241049e-05	
2.143760e-02	1.731250e-05	
2.143760e-02	2.056582e-05	
2.430761e-02	1.997493e-05	
2.419612e-02	1.553864e-05	
2.413876e-02	2.306483e-05	
2.413876e-02	2.195127e-05	
2.413592e-02	1.770863e-05	
2.362155e-02	1.514671e-05	
2.362155e-02	1.155466e-05	
2.168357e-02	4.163129e-05	
2.168357e-02	3.215954e-05	
2.428412e-02	5.140837e-06	
2.206739e-02	1.101831e-05	
2.206739e-02	1.473336e-05	
2.418725e-02	4.870668e-05	
2.399403e-02	4.477702e-05	
2.463002e-02	3.832947e-05	
2.463002e-02	1.486636e-04	
