1.592507e+01	1.976197e-14	
2.133320e+01	3.631540e-13	
2.480948e+01	1.816103e-12	
2.144445e+01	1.694200e-13	
2.477470e+01	3.222977e-12	
2.815481e+01	2.428302e-11	
2.482524e+01	1.865175e-14	
2.654161e+01	1.989964e-12	
2.316236e+01	1.182632e-11	
2.488612e+01	1.525224e-12	
2.494786e+01	8.197887e-13	
2.327209e+01	1.902922e-13	
2.653978e+01	1.780354e-12	
3.150568e+01	6.890977e-11	
2.651798e+01	1.272960e-11	
2.817639e+01	8.171241e-14	
2.647349e+01	6.175727e-12	
2.811902e+01	3.358314e-12	
2.647791e+01	1.271427e-12	
2.316667e+01	5.005552e-12	
2.817435e+01	3.081979e-12	
2.816786e+01	2.123182e-10	
2.652872e+01	2.586820e-12	
2.487230e+01	2.580824e-12	
3.157145e+01	1.145084e-12	
2.821735e+01	8.857359e-13	
2.656116e+01	1.737499e-12	
2.650539e+01	3.419487e-12	
2.641256e+01	2.106948e-11	
2.971476e+01	7.412737e-12	
2.308437e+01	2.719380e-12	
2.655027e+01	1.057843e-11	
2.662388e+01	6.701306e-12	
2.663265e+01	6.905365e-12	
2.660765e+01	1.145750e-13	
2.662790e+01	4.203082e-12	
2.658354e+01	5.927259e-12	
2.821416e+01	1.034506e-12	
1.967761e+01	2.131628e-12	
1.591624e+01	3.530509e-14	
1.255268e+01	3.095491e-11	
2.132690e+01	5.236789e-13	
2.483286e+01	2.397506e-14	
2.478983e+01	4.049811e-13	
2.818237e+01	1.479083e-14	
2.652487e+01	7.424197e-15	
2.485647e+01	4.041230e-15	
2.820574e+01	6.394633e-15	
2.818433e+01	4.769975e-15	
2.486803e+01	1.477828e-15	
2.654431e+01	1.166095e-15	
2.491252e+01	2.535696e-15	
2.659425e+01	2.729629e-15	
2.986639e+01	3.244393e-16	
2.984339e+01	2.644747e-15	
2.648169e+01	1.503768e-16	
2.318348e+01	7.321272e-16	
2.489323e+01	1.435743e-16	
2.826327e+01	1.417246e-16	
2.826483e+01	7.603989e-15	
2.660048e+01	4.224438e-16	
2.486934e+01	7.086232e-16	
2.484569e+01	8.614461e-16	
2.480554e+01	1.757105e-15	
2.650590e+01	6.015073e-16	
2.480525e+01	3.111467e-15	
2.482210e+01	3.244393e-16	
2.481704e+01	1.023611e-15	
2.644093e+01	5.433634e-16	
2.478177e+01	1.360444e-15	
2.654077e+01	2.533420e-15	
2.492777e+01	1.047068e-15	
2.830611e+01	5.220109e-16	
2.659669e+01	2.993503e-16	
2.658920e+01	3.535332e-16	
2.659458e+01	4.350244e-15	
2.491927e+01	1.139989e-15	
2.485599e+01	7.526084e-14	
1.963720e+01	2.446780e-12	
1.419260e+01	1.597211e-11	
1.798514e+01	9.421353e-13	
2.651706e+01	4.085621e-14	
2.487284e+01	2.493561e-12	
2.655061e+01	9.769963e-14	
2.649929e+01	5.686562e-13	
2.481611e+01	2.483569e-12	
2.650557e+01	8.111289e-13	
2.651170e+01	2.691625e-12	
2.646474e+01	3.892220e-12	
2.477023e+01	1.232570e-12	
2.482026e+01	2.048584e-12	
2.321006e+01	4.032785e-11	
2.492154e+01	2.993383e-12	
2.821511e+01	2.297051e-12	
2.480309e+01	6.703638e-12	
2.808059e+01	1.045630e-11	
2.645285e+01	1.840350e-11	
2.478045e+01	1.300027e-11	
2.819103e+01	5.218248e-11	
2.655378e+01	5.010392e-11	
2.651922e+01	1.074474e-11	
2.654044e+01	3.170242e-11	
2.817577e+01	1.519118e-11	
2.648119e+01	5.461120e-11	
2.816291e+01	1.278033e-11	
2.819327e+01	2.023026e-11	
2.655286e+01	2.361134e-11	
2.485790e+01	5.163647e-13	
2.317405e+01	9.497003e-11	
2.316033e+01	1.485034e-12	
2.316277e+01	2.484435e-11	
2.481220e+01	5.280221e-13	
2.651704e+01	1.253952e-11	
2.485077e+01	2.885969e-11	
2.649368e+01	3.597389e-11	
2.307759e+01	1.744316e-11	
2.642091e+01	1.339839e-11	
1.960533e+01	4.592460e-11	
2.305685e+01	1.508127e-12	
2.486997e+01	1.351808e-12	
2.314994e+01	1.225908e-12	
2.139348e+01	1.640910e-12	
2.475482e+01	2.637668e-12	
2.307644e+01	3.488321e-12	
2.135494e+01	3.903544e-13	
2.306326e+01	4.303224e-13	
2.475053e+01	2.287059e-14	
2.649518e+01	1.815370e-11	
2.312023e+01	1.971756e-12	
2.314614e+01	3.961276e-13	
2.317508e+01	1.005118e-11	
2.482860e+01	1.046163e-12	
2.817085e+01	8.645151e-11	
2.653909e+01	2.013489e-11	
2.830709e+01	1.528555e-12	
2.664657e+01	7.103207e-12	
2.488233e+01	5.279110e-12	
2.477830e+01	7.127121e-11	
2.310556e+01	8.986145e-13	
2.484798e+01	9.817702e-12	
2.322519e+01	2.122968e-12	
2.490492e+01	5.547562e-12	
2.485076e+01	5.547118e-12	
2.484049e+01	4.508971e-11	
2.648814e+01	1.828848e-11	
2.480764e+01	2.711831e-12	
2.655448e+01	2.615375e-11	
2.491643e+01	1.486899e-11	
2.655189e+01	5.020429e-13	
2.655194e+01	1.153699e-11	
2.820204e+01	5.023981e-11	
2.493026e+01	9.961143e-12	
2.658764e+01	4.059442e-11	
2.814232e+01	2.073486e-11	
2.638239e+01	6.071588e-12	
1.953183e+01	2.404987e-11	
2.675507e+01	1.700157e-05	
3.534720e+01	1.091918e-05	
4.051573e+01	5.571090e-05	
3.715259e+01	4.409878e-05	
3.702981e+01	6.411519e-05	
4.064019e+01	1.211890e-04	
3.380639e+01	6.714076e-05	
3.879164e+01	1.115712e-04	
3.536558e+01	7.603004e-05	
3.376997e+01	1.331834e-04	
3.894880e+01	1.717770e-04	
3.557693e+01	1.720566e-04	
4.056859e+01	1.921832e-04	
3.035465e+01	1.727631e-04	
3.710253e+01	1.204987e-04	
3.889218e+01	1.317180e-04	
3.547135e+01	1.714139e-04	
4.053650e+01	1.277505e-04	
3.563896e+01	1.803411e-04	
3.889598e+01	2.216302e-04	
3.539206e+01	1.436600e-04	
3.542191e+01	1.420928e-04	
3.882591e+01	2.818514e-04	
3.369674e+01	1.212985e-04	
3.709976e+01	1.750323e-04	
3.741926e+01	1.381424e-04	
4.068327e+01	1.336338e-04	
3.885294e+01	9.200162e-05	
3.536773e+01	5.316051e-06	
4.055960e+01	1.360419e-04	
4.063083e+01	6.464273e-05	
3.551700e+01	4.931688e-05	
3.721284e+01	5.427729e-05	
3.878450e+01	1.241633e-05	
3.209674e+01	3.189786e-05	
3.726569e+01	4.839370e-05	
3.726824e+01	5.636625e-06	
2.694439e+01	9.035575e-06	
3.538336e+01	6.928168e-06	
4.230867e+01	1.293981e-05	
4.062255e+01	4.243007e-05	
4.409715e+01	1.288425e-05	
4.747039e+01	4.764548e-05	
4.923539e+01	4.418218e-05	
4.412679e+01	1.261266e-04	
4.904934e+01	1.250226e-04	
4.227273e+01	1.316783e-04	
4.570370e+01	1.141107e-04	
4.242325e+01	1.112695e-04	
4.409897e+01	2.255931e-04	
4.912527e+01	1.790100e-04	
4.243098e+01	8.129664e-05	
4.409920e+01	1.145384e-04	
4.409018e+01	5.906826e-05	
4.913486e+01	2.131565e-04	
4.240161e+01	2.076243e-04	
4.075701e+01	1.489448e-04	
4.745321e+01	2.161105e-04	
4.577481e+01	1.448375e-04	
4.410904e+01	2.041526e-05	
4.741416e+01	4.432537e-05	
4.740662e+01	7.643504e-05	
4.420949e+01	5.542909e-05	
4.424409e+01	5.115578e-05	
4.587617e+01	1.579054e-04	
4.238454e+01	7.456701e-05	
4.742607e+01	1.684378e-05	
4.586358e+01	1.067763e-04	
4.259141e+01	6.280437e-05	
4.758024e+01	2.687787e-05	
4.916815e+01	5.712732e-06	
4.411448e+01	1.245931e-05	
4.408900e+01	6.050569e-05	
4.072200e+01	8.999229e-05	
4.409769e+01	3.927634e-05	
3.553325e+01	2.122779e-05	
3.706965e+01	1.264226e-05	
4.408426e+01	1.011339e-04	
4.413116e+01	2.682810e-05	
4.586299e+01	2.623124e-05	
4.763843e+01	7.990127e-05	
4.757177e+01	3.425358e-05	
4.586532e+01	1.573102e-05	
4.577153e+01	4.806167e-05	
4.566919e+01	5.896558e-05	
4.905406e+01	3.879345e-05	
4.408265e+01	1.251774e-04	
4.242927e+01	1.249965e-04	
4.240668e+01	1.871475e-04	
4.911133e+01	1.086099e-04	
4.572201e+01	1.555974e-04	
4.407987e+01	2.464078e-04	
5.080092e+01	2.494487e-04	
4.581685e+01	1.801893e-04	
4.750565e+01	1.824888e-04	
4.913365e+01	1.112354e-04	
4.581843e+01	7.466056e-05	
4.073610e+01	9.155305e-07	
4.575458e+01	3.141905e-05	
4.400427e+01	4.781332e-05	
5.076923e+01	8.311714e-05	
4.590669e+01	7.423089e-05	
4.414444e+01	6.045992e-05	
5.077076e+01	4.317922e-05	
4.402775e+01	5.076957e-05	
4.589691e+01	8.249332e-05	
4.594749e+01	7.431715e-05	
5.088105e+01	7.525927e-05	
4.574768e+01	3.071514e-05	
4.232099e+01	8.341192e-07	
4.737072e+01	1.860207e-05	
4.067279e+01	4.649851e-05	
4.228522e+01	1.842471e-05	
3.537415e+01	5.685978e-06	
3.388014e+01	8.144500e-05	
4.743240e+01	1.234318e-04	
4.749393e+01	3.449864e-05	
4.421360e+01	8.962958e-07	
4.428314e+01	1.332415e-05	
4.422195e+01	2.291312e-05	
4.923892e+01	4.103514e-05	
4.918179e+01	6.430580e-05	
4.747331e+01	9.300881e-05	
4.410523e+01	3.896458e-05	
4.753626e+01	4.971388e-05	
5.086958e+01	5.063597e-05	
5.077311e+01	1.031781e-04	
4.236387e+01	1.739558e-05	
4.906942e+01	3.019514e-05	
4.412091e+01	2.516977e-05	
4.758962e+01	5.278550e-06	
4.586401e+01	1.102462e-06	
4.928752e+01	1.246519e-04	
4.927062e+01	1.763242e-04	
4.580729e+01	2.056228e-07	
4.239576e+01	2.035677e-05	
4.562244e+01	8.082777e-06	
4.566114e+01	1.047851e-05	
4.575220e+01	2.623405e-05	
4.579383e+01	5.102692e-05	
4.920090e+01	1.512973e-05	
5.236494e+01	6.766828e-05	
4.399853e+01	1.207576e-04	
4.581621e+01	5.980982e-05	
4.251757e+01	4.015186e-05	
4.405720e+01	2.504030e-05	
4.737068e+01	4.435139e-05	
5.085810e+01	6.902292e-05	
4.406530e+01	4.174817e-05	
4.737495e+01	4.134808e-05	
4.398063e+01	2.086197e-06	
3.533789e+01	2.185154e-05	
4.059992e+01	5.983832e-05	
4.067167e+01	1.013369e-04	
4.071893e+01	7.599029e-05	
4.917261e+01	6.240231e-05	
4.425117e+01	1.868332e-05	
4.584920e+01	1.521042e-05	
5.253443e+01	2.301182e-05	
5.097596e+01	3.304825e-06	
4.609881e+01	3.247049e-05	
4.606703e+01	4.849971e-05	
4.758445e+01	4.869897e-05	
4.747767e+01	1.098027e-04	
4.076140e+01	7.235517e-05	
4.914770e+01	1.764176e-04	
4.735203e+01	7.686138e-05	
4.581596e+01	1.890738e-05	
4.594218e+01	4.164440e-05	
4.932655e+01	1.502461e-04	
4.771446e+01	1.323571e-04	
4.595520e+01	1.020750e-04	
4.912805e+01	5.139719e-05	
4.740004e+01	9.077747e-05	
4.226447e+01	5.989081e-07	
4.396286e+01	3.991789e-06	
4.409028e+01	1.978848e-05	
3.911291e+01	3.339348e-05	
4.581735e+01	7.967925e-05	
5.082237e+01	2.713351e-05	
4.575735e+01	3.112695e-06	
4.402752e+01	1.096256e-04	
4.905693e+01	4.868690e-05	
4.911508e+01	1.214690e-04	
4.925120e+01	3.172262e-05	
4.431611e+01	5.380461e-05	
4.776164e+01	2.631303e-06	
4.936889e+01	6.245969e-06	
4.247332e+01	4.359815e-05	
3.545906e+01	6.882361e-05	
3.366808e+01	4.437733e-05	
4.410037e+01	1.985142e-04	
5.082624e+01	1.098484e-04	
4.912012e+01	7.236167e-05	
4.413073e+01	1.079459e-04	
4.744420e+01	1.052725e-04	
4.918401e+01	7.103283e-06	
4.760962e+01	2.037459e-05	
4.780503e+01	2.678183e-05	
4.946590e+01	3.751935e-05	
4.928822e+01	6.757012e-05	
4.923463e+01	1.301365e-05	
5.095654e+01	6.564237e-05	
4.249224e+01	1.541800e-04	
4.572157e+01	1.065425e-04	
4.400061e+01	6.938997e-05	
4.908618e+01	7.717483e-05	
4.762661e+01	1.180500e-04	
4.772412e+01	7.556075e-05	
4.935834e+01	6.574968e-05	
5.085540e+01	2.131066e-05	
4.737084e+01	2.049788e-05	
4.069317e+01	8.799305e-06	
4.911651e+01	3.706305e-05	
4.409203e+01	1.535802e-05	
4.746608e+01	2.687692e-05	
4.589763e+01	2.540839e-05	
4.925522e+01	3.731451e-05	
4.587974e+01	3.757703e-05	
5.247490e+01	3.734646e-05	
5.076810e+01	7.139072e-05	
5.086301e+01	2.040240e-05	
5.104562e+01	8.762856e-05	
5.111176e+01	6.701919e-05	
4.950065e+01	8.467708e-05	
4.610461e+01	7.131804e-07	
4.243931e+01	4.821594e-05	
3.371431e+01	4.446924e-05	
4.069077e+01	1.291340e-04	
4.419496e+01	1.614723e-04	
4.077196e+01	1.033100e-04	
4.408971e+01	1.129467e-04	
4.576649e+01	1.317536e-04	
4.740635e+01	6.115360e-05	
4.744569e+01	4.903129e-06	
4.595791e+01	9.531212e-06	
4.265271e+01	1.648963e-05	
4.763090e+01	3.060466e-05	
4.921895e+01	2.894850e-05	
4.929628e+01	1.983504e-05	
5.096711e+01	8.123752e-05	
4.266091e+01	6.846294e-05	
4.242628e+01	3.477650e-05	
5.227676e+01	7.465860e-06	
5.073861e+01	5.279219e-05	
4.756523e+01	6.893995e-05	
4.766683e+01	2.221944e-05	
5.096983e+01	6.508230e-06	
4.912188e+01	3.902363e-05	
4.410004e+01	5.526614e-06	
4.413790e+01	1.808242e-05	
4.749506e+01	1.551076e-05	
4.736467e+01	2.041461e-05	
4.901733e+01	3.273379e-05	
4.750702e+01	1.289227e-06	
4.760771e+01	3.501680e-07	
4.598039e+01	4.326420e-05	
4.926032e+01	1.594870e-05	
5.081288e+01	7.652516e-05	
4.755255e+01	8.195851e-05	
4.935336e+01	1.252780e-04	
4.942490e+01	1.255602e-04	
5.114998e+01	5.304138e-06	
4.935733e+01	5.145392e-05	
4.585092e+01	6.364011e-05	
3.881462e+01	8.942430e-05	
3.730572e+01	7.956428e-05	
4.420382e+01	1.018488e-04	
4.412949e+01	1.321975e-04	
4.749232e+01	7.437266e-05	
4.742422e+01	4.949101e-05	
4.240848e+01	3.321575e-05	
4.241186e+01	2.006522e-05	
4.742907e+01	4.442940e-05	
4.924191e+01	6.696294e-06	
4.925818e+01	3.475003e-05	
4.910194e+01	1.363758e-05	
4.411353e+01	3.046719e-05	
4.594736e+01	4.617662e-05	
4.264344e+01	4.536442e-05	
5.088883e+01	1.468825e-05	
4.566507e+01	2.806753e-05	
4.232933e+01	4.169027e-05	
4.760311e+01	1.598237e-05	
5.098017e+01	1.107328e-05	
5.258022e+01	3.030617e-05	
4.911249e+01	6.415868e-05	
4.911638e+01	2.173779e-05	
4.754120e+01	1.106708e-05	
4.249750e+01	6.930019e-06	
4.913404e+01	2.698146e-05	
4.733458e+01	2.033444e-05	
5.248675e+01	5.342826e-05	
4.928066e+01	5.360400e-05	
4.597291e+01	4.740413e-05	
4.749531e+01	2.993120e-05	
4.576359e+01	6.662909e-05	
4.752073e+01	1.180008e-04	
4.746170e+01	9.988142e-05	
5.437210e+01	8.898126e-05	
5.099968e+01	1.061582e-04	
5.088279e+01	4.043598e-05	
4.742570e+01	6.237080e-05	
3.687648e+01	4.604993e-05	
3.548910e+01	2.597241e-06	
4.414168e+01	1.209545e-04	
5.081522e+01	2.801204e-05	
4.909489e+01	1.512977e-04	
4.919273e+01	1.119321e-04	
5.091504e+01	1.060092e-04	
4.574114e+01	1.052982e-05	
5.078560e+01	3.876497e-05	
4.407261e+01	1.900769e-06	
4.572454e+01	1.619401e-05	
4.574438e+01	5.720512e-06	
4.742091e+01	7.362848e-05	
4.753825e+01	5.818328e-05	
4.420185e+01	3.777618e-05	
4.580286e+01	9.521081e-05	
4.910396e+01	8.052997e-05	
4.912988e+01	6.410661e-05	
4.586527e+01	2.038442e-05	
4.421932e+01	6.988106e-05	
4.757895e+01	2.927914e-05	
5.084684e+01	5.662859e-05	
4.914003e+01	6.115543e-05	
5.252891e+01	2.886101e-05	
4.587869e+01	8.064041e-06	
4.916735e+01	3.435484e-05	
4.408591e+01	2.939670e-05	
4.745093e+01	3.561277e-05	
4.754137e+01	5.289666e-06	
4.753043e+01	2.144520e-05	
4.746268e+01	9.070721e-06	
4.408091e+01	1.146006e-04	
4.736866e+01	6.392667e-05	
4.913457e+01	6.134231e-05	
5.251436e+01	5.123581e-07	
4.253662e+01	4.492002e-05	
4.753435e+01	5.573526e-05	
4.413967e+01	6.161855e-05	
3.718794e+01	1.814531e-04	
3.720802e+01	1.865824e-04	
4.398937e+01	2.027701e-04	
4.740157e+01	2.049742e-04	
4.573486e+01	1.719725e-04	
4.754828e+01	1.162728e-04	
4.592353e+01	1.185739e-04	
4.758768e+01	8.941405e-06	
4.249345e+01	1.340721e-05	
4.570080e+01	2.046124e-05	
4.395192e+01	3.368177e-05	
4.396539e+01	3.673728e-05	
4.735199e+01	1.927613e-05	
4.578903e+01	4.047650e-05	
5.092747e+01	2.088985e-05	
4.925808e+01	3.317112e-05	
4.744854e+01	7.554833e-05	
4.915842e+01	4.323173e-05	
4.917370e+01	6.446102e-05	
5.256368e+01	4.895825e-05	
4.915635e+01	2.475911e-06	
4.412971e+01	1.988566e-05	
4.751833e+01	4.407166e-05	
4.916950e+01	1.707052e-05	
4.584964e+01	2.963538e-05	
4.582988e+01	2.535918e-05	
4.750581e+01	2.992019e-05	
4.413634e+01	1.712704e-05	
4.588540e+01	4.355349e-05	
4.245885e+01	7.299838e-05	
5.078382e+01	1.100835e-04	
4.906065e+01	6.142213e-05	
4.406920e+01	5.609723e-05	
4.745593e+01	7.625234e-05	
4.918041e+01	5.089193e-05	
4.756468e+01	8.184789e-05	
4.580633e+01	7.279066e-05	
4.414197e+01	1.334505e-04	
3.380657e+01	1.331729e-04	
3.883899e+01	2.161528e-04	
4.401118e+01	1.882498e-04	
4.566167e+01	1.247468e-04	
4.418038e+01	1.633374e-04	
4.421938e+01	1.191075e-04	
5.105631e+01	1.068763e-04	
4.598326e+01	4.240065e-05	
4.755974e+01	3.085170e-05	
4.575710e+01	5.372056e-05	
4.396866e+01	6.767408e-06	
4.566158e+01	3.034759e-06	
4.571162e+01	1.072678e-05	
4.415113e+01	2.137432e-05	
4.929173e+01	5.039252e-05	
4.763659e+01	1.179756e-05	
4.763427e+01	5.225916e-05	
4.919802e+01	4.163749e-05	
4.244132e+01	2.748879e-05	
4.579395e+01	5.802647e-05	
4.576384e+01	8.328971e-05	
4.747177e+01	3.423765e-05	
4.244012e+01	9.786251e-05	
4.744688e+01	3.522203e-05	
4.917783e+01	4.113265e-06	
5.085831e+01	4.606235e-05	
5.090754e+01	2.109436e-05	
4.749678e+01	8.973234e-06	
4.586280e+01	2.399371e-05	
4.403553e+01	5.646475e-05	
4.569868e+01	1.986964e-05	
4.575820e+01	3.869126e-05	
4.745735e+01	6.945510e-05	
4.593603e+01	7.788527e-05	
4.927574e+01	4.940907e-05	
4.751534e+01	1.080401e-04	
4.917169e+01	9.343173e-05	
4.239427e+01	1.851831e-04	
3.712606e+01	1.270340e-04	
3.709930e+01	1.117606e-04	
4.582916e+01	1.453683e-04	
4.582746e+01	7.842180e-05	
4.417203e+01	6.933096e-05	
4.769189e+01	1.254065e-04	
4.767761e+01	9.478477e-05	
4.929369e+01	4.169545e-05	
4.752108e+01	1.526174e-05	
4.907544e+01	3.528283e-05	
4.402435e+01	2.775280e-05	
4.573140e+01	2.339554e-05	
4.410004e+01	4.495476e-06	
4.763312e+01	5.905339e-05	
4.605731e+01	4.162401e-05	
4.937178e+01	1.964624e-05	
4.933454e+01	6.745609e-05	
4.586764e+01	4.619429e-05	
4.581675e+01	5.643869e-05	
4.409209e+01	4.894421e-05	
4.400951e+01	4.671830e-05	
4.907313e+01	5.404422e-05	
4.574161e+01	5.604188e-05	
4.744047e+01	4.592197e-05	
4.589306e+01	2.340177e-05	
5.097259e+01	3.924320e-05	
4.928611e+01	1.139878e-05	
4.759815e+01	7.824612e-06	
4.748179e+01	1.018583e-05	
4.238991e+01	1.039660e-05	
4.402583e+01	1.093338e-05	
4.401640e+01	4.267724e-05	
4.751287e+01	1.608799e-05	
5.261375e+01	6.814780e-05	
4.763098e+01	6.955887e-05	
4.920561e+01	7.573753e-05	
4.577906e+01	1.068296e-04	
4.407104e+01	2.064651e-04	
3.883123e+01	1.970813e-04	
3.209846e+01	7.675594e-05	
4.421016e+01	8.418742e-05	
5.093928e+01	1.484314e-04	
4.757128e+01	1.507720e-04	
4.922854e+01	4.278845e-05	
4.927068e+01	7.660493e-05	
4.583519e+01	4.996762e-05	
4.915083e+01	2.039216e-05	
4.578987e+01	1.584090e-05	
4.406465e+01	5.633935e-05	
4.571661e+01	2.632624e-05	
4.410515e+01	3.058442e-05	
5.088992e+01	4.765196e-05	
4.774625e+01	2.754524e-05	
4.594230e+01	4.923360e-05	
4.755525e+01	5.011014e-05	
4.758245e+01	7.971236e-05	
4.742851e+01	4.529610e-05	
4.404844e+01	6.009199e-05	
4.398962e+01	6.720690e-05	
4.398599e+01	6.305087e-05	
4.911036e+01	3.300654e-06	
4.414146e+01	1.554246e-05	
4.921558e+01	5.834580e-05	
4.932182e+01	4.678810e-05	
4.431209e+01	5.943155e-05	
5.089103e+01	2.445012e-05	
4.413121e+01	2.094696e-05	
4.398145e+01	3.712721e-05	
4.399354e+01	1.543460e-05	
4.751604e+01	1.227041e-05	
4.753718e+01	2.551200e-05	
5.093439e+01	8.139587e-05	
4.754032e+01	8.668532e-06	
4.915635e+01	6.509715e-05	
5.080042e+01	1.001977e-04	
4.065600e+01	1.115387e-04	
3.710326e+01	2.687650e-04	
4.245595e+01	1.616213e-04	
4.598486e+01	1.827245e-04	
4.426990e+01	8.596049e-05	
4.256781e+01	4.133157e-05	
4.584717e+01	4.661375e-05	
4.919085e+01	5.119687e-05	
4.744926e+01	2.320529e-05	
4.578353e+01	1.682770e-05	
4.420817e+01	4.069107e-06	
4.919192e+01	1.339899e-05	
4.235189e+01	3.097843e-05	
4.743014e+01	2.205425e-05	
4.916829e+01	3.606092e-05	
5.084755e+01	3.039810e-05	
4.417457e+01	4.498075e-05	
4.756006e+01	4.816461e-05	
5.258251e+01	8.841733e-05	
4.757122e+01	3.710142e-05	
4.591797e+01	4.955458e-06	
4.756014e+01	3.031795e-06	
4.758816e+01	3.174005e-05	
4.409497e+01	2.231416e-05	
4.573939e+01	8.177858e-06	
4.414877e+01	2.728930e-06	
4.920603e+01	4.184483e-06	
4.598891e+01	6.577539e-05	
4.411564e+01	1.244480e-05	
4.577226e+01	7.339374e-06	
4.577711e+01	2.353756e-05	
4.748493e+01	1.679657e-05	
4.578807e+01	4.759582e-05	
4.579521e+01	8.871926e-06	
4.409513e+01	9.608586e-05	
4.754017e+01	4.231712e-05	
4.577112e+01	9.094301e-05	
4.912750e+01	2.054552e-05	
4.569861e+01	1.271901e-05	
3.713484e+01	3.626990e-04	
4.245344e+01	1.919474e-04	
4.084475e+01	2.237013e-04	
4.925640e+01	1.747325e-04	
4.750830e+01	1.560166e-05	
4.581242e+01	2.174662e-06	
4.074436e+01	7.607870e-05	
4.578441e+01	4.834871e-05	
4.244644e+01	1.090973e-05	
4.584244e+01	2.645271e-05	
4.233751e+01	3.014746e-05	
4.907965e+01	1.851418e-05	
4.237937e+01	5.281147e-05	
4.414031e+01	7.971315e-06	
4.414324e+01	6.181683e-06	
4.580943e+01	4.320076e-06	
4.755652e+01	1.397638e-05	
4.764325e+01	4.292612e-06	
4.603676e+01	1.808402e-06	
4.939634e+01	1.882131e-06	
4.928375e+01	3.278361e-05	
4.585103e+01	3.693427e-05	
4.410945e+01	4.976918e-05	
4.408290e+01	5.472636e-05	
4.577379e+01	1.222270e-05	
4.742943e+01	3.720560e-05	
4.585798e+01	1.623948e-05	
4.906813e+01	1.150191e-05	
4.399201e+01	4.756702e-06	
4.581992e+01	1.477916e-05	
4.417723e+01	3.812754e-05	
4.584603e+01	3.046170e-05	
4.920870e+01	5.117644e-06	
4.228903e+01	4.138597e-05	
4.908124e+01	1.259884e-04	
4.582855e+01	7.302190e-05	
4.752898e+01	6.566944e-05	
4.749011e+01	6.130593e-05	
3.363884e+01	4.408299e-05	
4.232645e+01	8.710524e-05	
4.581781e+01	8.969218e-05	
4.580127e+01	1.821626e-04	
5.084285e+01	5.211885e-05	
4.409838e+01	8.917799e-05	
4.583078e+01	3.558572e-05	
4.745324e+01	2.722569e-05	
4.574155e+01	6.616631e-06	
4.570372e+01	2.940979e-05	
5.067777e+01	2.150293e-05	
4.568202e+01	3.788674e-06	
4.238533e+01	4.424633e-05	
4.582114e+01	2.325466e-05	
4.911944e+01	3.397642e-06	
4.574212e+01	4.162701e-05	
4.583968e+01	6.627526e-06	
4.596219e+01	3.656940e-07	
4.767547e+01	2.598490e-05	
4.936732e+01	9.715625e-06	
4.922172e+01	4.530002e-05	
4.754616e+01	1.025708e-05	
4.407027e+01	1.428129e-05	
4.735759e+01	5.214379e-05	
4.903631e+01	1.335150e-05	
4.408718e+01	8.678902e-06	
4.743435e+01	3.474351e-05	
4.235761e+01	3.404138e-05	
4.736107e+01	2.758804e-05	
4.917023e+01	2.064788e-05	
5.102895e+01	3.854307e-05	
4.586392e+01	6.941671e-05	
4.738776e+01	3.247918e-05	
4.734647e+01	3.872163e-05	
4.906403e+01	4.576587e-05	
4.760207e+01	4.676495e-06	
4.601489e+01	7.693844e-05	
4.594147e+01	1.039563e-04	
4.238811e+01	2.759420e-04	
4.060961e+01	7.023598e-05	
4.244860e+01	2.137565e-04	
5.083011e+01	1.560159e-04	
4.749072e+01	9.416288e-05	
4.248920e+01	9.027986e-05	
3.912090e+01	6.765509e-05	
4.576050e+01	9.185387e-06	
4.393667e+01	3.742806e-05	
4.058731e+01	5.445160e-06	
4.561966e+01	9.906274e-06	
4.391070e+01	7.029589e-06	
4.408972e+01	2.691876e-05	
4.753276e+01	6.572838e-06	
4.418749e+01	7.433789e-05	
5.086528e+01	6.673687e-05	
4.577543e+01	6.013463e-05	
4.748396e+01	1.467022e-06	
4.914744e+01	1.301658e-05	
4.905616e+01	4.173799e-05	
5.248885e+01	4.520288e-05	
4.750413e+01	2.798137e-05	
4.579096e+01	4.764292e-05	
4.570539e+01	3.419552e-05	
5.084985e+01	1.062168e-05	
4.419500e+01	8.264722e-06	
4.248444e+01	1.281878e-06	
4.745482e+01	2.325737e-06	
4.742621e+01	4.495549e-05	
4.582255e+01	6.596201e-05	
5.270780e+01	5.860424e-05	
4.936543e+01	1.959515e-05	
4.584456e+01	4.389923e-05	
4.909470e+01	3.416462e-05	
4.405536e+01	6.023502e-05	
4.592387e+01	4.603111e-05	
4.268174e+01	8.025107e-05	
4.938382e+01	4.253327e-05	
3.911822e+01	1.034876e-04	
4.231944e+01	2.076928e-04	
4.251579e+01	1.636779e-04	
4.580578e+01	1.979787e-04	
4.245259e+01	1.099259e-04	
4.578254e+01	1.160576e-05	
4.072015e+01	6.471672e-05	
4.234858e+01	4.429281e-05	
4.735473e+01	5.767978e-06	
4.232664e+01	6.194313e-07	
4.239219e+01	4.032821e-05	
4.737219e+01	2.315429e-05	
4.577844e+01	3.288260e-06	
4.594857e+01	3.422998e-06	
5.103608e+01	5.382616e-07	
4.753861e+01	1.129257e-06	
4.746898e+01	1.131660e-05	
5.068635e+01	4.073728e-05	
4.729980e+01	1.993738e-05	
4.562533e+01	1.552261e-05	
4.908075e+01	1.064060e-05	
4.423358e+01	1.682591e-06	
4.920370e+01	1.132848e-05	
4.249698e+01	5.288382e-06	
4.422478e+01	2.454622e-06	
4.762529e+01	2.593862e-06	
4.253555e+01	1.083844e-05	
4.743574e+01	1.474013e-05	
4.909799e+01	3.860892e-06	
5.096844e+01	3.262889e-05	
4.760038e+01	3.519657e-05	
4.768325e+01	7.832457e-05	
4.258424e+01	3.964524e-05	
4.238451e+01	5.179511e-05	
4.739776e+01	7.883564e-05	
4.745722e+01	1.444639e-04	
4.925019e+01	6.573958e-05	
4.425244e+01	1.438861e-04	
3.550567e+01	2.280916e-04	
3.541344e+01	2.318108e-04	
4.250922e+01	1.636106e-04	
4.413205e+01	1.801242e-04	
4.411901e+01	8.590655e-05	
4.406928e+01	3.322952e-06	
5.069972e+01	5.305868e-05	
4.400173e+01	1.590842e-05	
4.401290e+01	3.285800e-05	
4.579146e+01	8.667356e-06	
4.586333e+01	7.335443e-07	
4.747108e+01	4.684487e-06	
4.761409e+01	4.028588e-05	
4.600412e+01	1.603476e-05	
5.100916e+01	2.411492e-05	
4.420823e+01	2.329764e-05	
4.571489e+01	3.132173e-05	
4.733573e+01	6.029135e-05	
4.555453e+01	4.942411e-06	
4.402975e+01	1.569862e-06	
4.915374e+01	2.423271e-05	
4.596296e+01	2.224478e-05	
4.925957e+01	9.886954e-06	
4.921830e+01	2.433422e-05	
4.419517e+01	2.759728e-05	
4.256828e+01	1.424189e-06	
4.751258e+01	3.494782e-05	
4.910234e+01	1.303135e-05	
4.916752e+01	2.435367e-05	
4.749930e+01	1.533719e-05	
4.593886e+01	4.239595e-05	
4.253138e+01	6.876465e-05	
4.411837e+01	7.505128e-05	
4.407696e+01	7.350300e-05	
4.567438e+01	6.555812e-05	
4.577149e+01	1.726735e-05	
5.080802e+01	5.378680e-05	
4.579591e+01	1.526823e-04	
3.543504e+01	3.067773e-04	
3.884207e+01	2.032216e-04	
4.584485e+01	2.004485e-04	
4.746400e+01	1.907707e-04	
4.734707e+01	1.911709e-04	
4.570125e+01	1.222751e-04	
4.232008e+01	9.315801e-05	
4.573524e+01	3.303936e-05	
4.413103e+01	4.599860e-05	
4.251161e+01	8.381858e-06	
4.253364e+01	9.518194e-06	
4.756248e+01	1.749253e-05	
4.597566e+01	3.736730e-05	
4.587006e+01	5.498061e-05	
4.760364e+01	4.146327e-05	
4.756668e+01	4.470071e-05	
4.758169e+01	3.752430e-05	
4.242484e+01	4.056256e-05	
4.907334e+01	6.744928e-05	
4.574566e+01	9.895745e-06	
4.917454e+01	3.335874e-05	
4.425945e+01	2.883631e-05	
4.760161e+01	1.700037e-05	
4.915807e+01	2.391194e-05	
4.752928e+01	2.427079e-05	
4.752127e+01	1.123694e-05	
4.579523e+01	4.332182e-05	
4.574812e+01	3.167340e-05	
4.922547e+01	5.164418e-05	
4.757547e+01	1.274634e-05	
4.583485e+01	8.670683e-05	
4.909399e+01	8.364986e-05	
4.737581e+01	7.599074e-05	
4.408344e+01	5.820397e-05	
4.423824e+01	7.045096e-06	
4.419072e+01	2.185368e-05	
3.902793e+01	5.238803e-05	
4.234015e+01	2.829125e-05	
3.527667e+01	2.765940e-04	
3.890862e+01	3.521192e-05	
4.917315e+01	1.188349e-04	
4.745250e+01	1.628481e-04	
4.908590e+01	1.711978e-04	
4.402318e+01	1.715654e-04	
4.915165e+01	6.770857e-07	
4.084040e+01	1.749602e-05	
5.258925e+01	1.319718e-05	
4.584211e+01	3.540126e-05	
4.582443e+01	3.857902e-05	
4.579558e+01	2.745581e-05	
4.409075e+01	5.185955e-05	
4.918614e+01	1.089731e-05	
4.076229e+01	1.698495e-05	
4.584621e+01	3.271768e-05	
4.756584e+01	6.444646e-06	
4.413716e+01	1.137417e-05	
4.754016e+01	2.327906e-05	
4.587398e+01	4.776678e-05	
4.916427e+01	2.754108e-05	
4.418790e+01	6.729192e-06	
4.244630e+01	1.708406e-05	
4.577795e+01	3.761663e-06	
4.916947e+01	9.363592e-06	
4.755111e+01	1.729552e-05	
4.747466e+01	2.804855e-05	
4.754372e+01	9.152035e-06	
4.760134e+01	5.255519e-05	
4.424335e+01	3.148930e-05	
4.911876e+01	8.546103e-05	
4.893560e+01	1.271445e-04	
4.730100e+01	2.056849e-05	
4.582864e+01	5.278674e-05	
4.420769e+01	2.953163e-05	
4.425859e+01	3.448332e-05	
4.415068e+01	9.797732e-05	
4.398955e+01	3.860218e-05	
3.369088e+01	3.711685e-04	
3.903344e+01	1.837020e-04	
4.257183e+01	2.642990e-04	
4.763251e+01	9.984819e-05	
4.750042e+01	8.888493e-05	
4.073311e+01	1.400332e-04	
4.415796e+01	3.050531e-05	
4.923914e+01	3.182178e-06	
4.421872e+01	1.005758e-05	
5.086879e+01	3.085860e-05	
4.750019e+01	4.817966e-05	
4.746914e+01	5.639186e-05	
4.569545e+01	5.987453e-05	
4.903177e+01	6.502527e-05	
4.407942e+01	5.196786e-05	
4.913800e+01	4.274502e-05	
4.747733e+01	3.427991e-05	
4.756352e+01	1.795076e-05	
4.760760e+01	2.710711e-05	
4.260841e+01	3.916603e-05	
4.749149e+01	3.309603e-05	
4.746171e+01	9.049376e-06	
4.746609e+01	7.426202e-06	
5.090862e+01	6.221026e-05	
4.765213e+01	3.991996e-05	
5.096246e+01	4.422603e-06	
4.918901e+01	2.071678e-05	
4.412861e+01	9.508383e-06	
4.586934e+01	3.396508e-05	
4.590781e+01	1.667286e-05	
4.746171e+01	6.561059e-05	
4.562212e+01	4.870085e-06	
4.739795e+01	1.619055e-06	
4.750740e+01	3.654085e-05	
4.091439e+01	6.212661e-05	
4.766022e+01	7.564032e-05	
4.581739e+01	1.079872e-04	
4.566861e+01	2.957940e-05	
3.369172e+01	2.499360e-04	
4.243325e+01	2.841904e-04	
4.929356e+01	2.554609e-04	
4.431738e+01	1.390553e-04	
4.926898e+01	7.447341e-05	
5.083541e+01	7.950733e-05	
4.748054e+01	2.919424e-06	
4.751371e+01	3.323047e-05	
4.419048e+01	3.926474e-05	
4.574342e+01	1.994554e-05	
4.574343e+01	3.456925e-06	
4.073043e+01	3.719396e-05	
4.737114e+01	6.464406e-05	
4.403730e+01	2.512277e-05	
4.246992e+01	2.710883e-05	
4.581566e+01	3.989483e-05	
4.919736e+01	4.130356e-05	
5.259413e+01	1.081466e-05	
5.096924e+01	4.175632e-05	
4.256687e+01	4.652461e-05	
4.749842e+01	4.493895e-05	
4.736722e+01	3.943300e-05	
4.570138e+01	3.635776e-05	
4.590647e+01	4.826992e-05	
4.431964e+01	3.759949e-05	
4.768140e+01	1.929820e-05	
4.931814e+01	4.029139e-06	
4.743503e+01	1.569690e-05	
4.909095e+01	7.721942e-05	
4.249069e+01	6.377240e-05	
4.412250e+01	1.102477e-05	
4.751308e+01	2.114252e-05	
4.575735e+01	1.075150e-05	
4.751562e+01	7.222871e-05	
4.761676e+01	1.153253e-04	
4.592667e+01	9.629891e-05	
4.748473e+01	3.587361e-05	
4.234217e+01	2.452703e-05	
3.030465e+01	3.286781e-04	
3.712403e+01	3.826960e-05	
5.098874e+01	2.354088e-04	
4.939230e+01	1.268020e-04	
4.591365e+01	1.087842e-04	
4.925270e+01	8.320265e-05	
4.575238e+01	4.265828e-05	
4.585209e+01	1.962562e-05	
4.584860e+01	4.812640e-05	
4.744248e+01	4.021988e-05	
4.571020e+01	1.384647e-05	
4.570120e+01	1.951092e-05	
4.402711e+01	2.177160e-05	
4.580652e+01	3.101945e-05	
4.576277e+01	5.063526e-05	
4.586712e+01	9.589810e-06	
4.753154e+01	3.128616e-05	
4.753370e+01	7.102757e-05	
4.927716e+01	2.548513e-05	
4.752686e+01	5.321359e-05	
4.397702e+01	4.635218e-05	
4.717808e+01	3.930191e-05	
4.720977e+01	9.758728e-05	
4.579117e+01	2.508485e-05	
4.935440e+01	3.441978e-05	
4.770488e+01	7.744540e-06	
4.758427e+01	8.370272e-07	
4.744828e+01	3.572888e-06	
4.739088e+01	7.340709e-05	
5.084247e+01	1.391937e-05	
4.590620e+01	8.623172e-06	
4.756831e+01	4.145053e-06	
4.414315e+01	1.447435e-05	
4.915146e+01	1.325412e-04	
4.757262e+01	9.721272e-05	
4.423363e+01	8.501768e-05	
4.413197e+01	7.088493e-05	
4.572148e+01	1.528854e-04	
3.374633e+01	2.705774e-04	
4.056268e+01	3.122204e-04	
4.933924e+01	1.710218e-04	
4.937322e+01	2.111294e-04	
4.767164e+01	1.807136e-04	
4.751526e+01	1.200358e-04	
4.750596e+01	3.554112e-05	
4.583838e+01	2.511353e-05	
4.415109e+01	1.279344e-05	
4.410350e+01	2.026759e-05	
4.404199e+01	9.968408e-07	
4.737044e+01	1.479683e-06	
4.905726e+01	9.217324e-06	
4.415286e+01	7.249315e-05	
4.582840e+01	2.976923e-05	
4.585689e+01	2.495971e-06	
4.421799e+01	1.008481e-04	
4.595629e+01	8.341428e-05	
4.590484e+01	2.563611e-05	
4.575451e+01	2.998184e-06	
4.566681e+01	2.455068e-06	
4.388901e+01	4.242693e-05	
4.054586e+01	5.431021e-05	
4.576121e+01	2.343686e-05	
5.100845e+01	2.059927e-05	
4.937190e+01	4.244558e-06	
4.588907e+01	8.981452e-06	
4.752177e+01	1.710663e-05	
4.915728e+01	3.040646e-05	
4.751320e+01	4.304495e-06	
4.427206e+01	4.388580e-05	
4.761467e+01	3.062106e-05	
4.749278e+01	2.966337e-05	
4.573488e+01	9.039852e-05	
4.747995e+01	1.028133e-04	
4.582397e+01	9.473508e-05	
4.242837e+01	1.672146e-04	
4.407531e+01	1.381188e-04	
3.882854e+01	3.127268e-04	
4.240901e+01	5.003622e-04	
4.258311e+01	2.353660e-04	
4.938068e+01	1.668174e-04	
4.937478e+01	1.335877e-04	
4.752900e+01	4.689460e-06	
4.747506e+01	6.570486e-07	
4.751084e+01	7.645039e-05	
5.248927e+01	5.086875e-05	
4.747420e+01	3.634873e-05	
4.583790e+01	7.411529e-05	
5.241787e+01	2.883184e-05	
4.579325e+01	1.913682e-05	
4.913460e+01	6.027184e-06	
4.409402e+01	1.255915e-05	
4.914144e+01	1.226631e-05	
5.087115e+01	5.563188e-05	
4.593111e+01	3.966096e-05	
3.917884e+01	3.430893e-05	
5.085666e+01	1.345458e-05	
4.745110e+01	1.696044e-05	
4.415472e+01	1.129817e-07	
4.578512e+01	3.126164e-06	
4.409855e+01	1.246338e-05	
4.739900e+01	3.983966e-05	
4.416951e+01	9.619050e-06	
4.584824e+01	2.874788e-05	
5.248371e+01	1.028321e-05	
4.582488e+01	3.866234e-05	
4.581374e+01	3.709576e-05	
4.421479e+01	3.267695e-05	
4.926208e+01	4.520220e-05	
4.578091e+01	1.391712e-05	
4.900498e+01	9.266356e-05	
5.067387e+01	1.005393e-04	
4.406379e+01	2.517626e-04	
4.911600e+01	1.353112e-05	
4.576927e+01	5.972644e-05	
3.882970e+01	3.643158e-04	
3.717992e+01	3.391788e-04	
4.925311e+01	2.090712e-04	
4.419128e+01	1.491841e-04	
4.581388e+01	1.766648e-04	
4.413426e+01	2.947933e-05	
4.750107e+01	2.170736e-06	
4.577820e+01	1.275440e-05	
4.574230e+01	4.720304e-05	
4.585096e+01	4.078706e-05	
4.259969e+01	2.556522e-05	
4.423588e+01	4.256259e-05	
4.750360e+01	3.603532e-06	
4.579146e+01	2.721424e-05	
4.244740e+01	3.150513e-05	
4.914775e+01	2.650826e-05	
5.086568e+01	3.425767e-05	
4.418381e+01	5.275365e-05	
4.589201e+01	2.936957e-05	
4.583465e+01	3.185809e-05	
4.249423e+01	3.985007e-05	
4.255415e+01	7.660432e-06	
4.423761e+01	1.540264e-05	
4.915166e+01	3.938623e-05	
5.077409e+01	7.797437e-06	
4.570293e+01	3.144096e-06	
4.408986e+01	3.863053e-05	
4.587351e+01	2.884057e-05	
4.415484e+01	3.417294e-05	
4.409102e+01	3.258165e-05	
5.073796e+01	3.182993e-05	
4.237072e+01	9.217245e-05	
4.579340e+01	4.075668e-05	
4.572480e+01	1.189833e-04	
4.397585e+01	1.093886e-04	
4.743969e+01	1.804839e-04	
4.406854e+01	1.024217e-04	
4.405543e+01	2.032270e-04	
3.714309e+01	3.259980e-04	
3.370321e+01	3.159975e-04	
4.566940e+01	7.364614e-05	
4.402651e+01	1.295622e-05	
4.733765e+01	1.580868e-04	
5.248313e+01	8.973666e-05	
4.245674e+01	3.963661e-05	
4.916801e+01	8.961777e-06	
5.074996e+01	4.736300e-05	
4.414072e+01	3.591263e-05	
4.257786e+01	6.829570e-06	
4.758033e+01	1.575756e-05	
4.926977e+01	7.067613e-05	
4.413776e+01	1.403056e-05	
4.408848e+01	1.366343e-05	
4.073311e+01	4.090011e-05	
4.583014e+01	5.900390e-05	
4.921315e+01	3.489739e-05	
4.752437e+01	4.059549e-05	
4.915503e+01	1.658734e-05	
4.920243e+01	1.967939e-05	
4.924191e+01	9.624253e-06	
4.760404e+01	1.063568e-05	
4.762714e+01	2.996522e-05	
4.575023e+01	1.339799e-05	
4.399007e+01	2.716031e-05	
4.409876e+01	1.464945e-05	
4.587403e+01	2.762758e-05	
4.751321e+01	3.627727e-05	
4.568494e+01	4.824119e-05	
4.397349e+01	1.489137e-05	
5.245743e+01	9.742310e-05	
4.427195e+01	8.949797e-05	
4.749634e+01	1.244142e-04	
4.577411e+01	3.369862e-05	
5.074315e+01	1.133320e-04	
4.571250e+01	1.481909e-04	
4.409728e+01	2.463780e-04	
3.533295e+01	3.950580e-04	
3.539091e+01	2.008619e-04	
4.556040e+01	1.672777e-04	
4.389420e+01	2.379790e-04	
4.572330e+01	2.174811e-04	
4.411997e+01	8.353201e-05	
4.078150e+01	1.152419e-04	
4.244414e+01	1.204969e-05	
4.571651e+01	4.938024e-05	
5.079285e+01	4.073262e-06	
4.742820e+01	7.225801e-07	
4.413504e+01	5.050261e-05	
4.418808e+01	3.852921e-05	
4.570315e+01	8.849816e-06	
4.399512e+01	3.917815e-06	
4.581531e+01	3.344231e-05	
4.586730e+01	4.576287e-05	
4.584789e+01	4.307290e-05	
4.749122e+01	4.022495e-05	
4.072106e+01	6.368090e-05	
4.914299e+01	1.814160e-05	
5.254442e+01	2.413275e-05	
4.926875e+01	1.631969e-05	
4.755371e+01	2.406015e-05	
4.571114e+01	3.354755e-05	
4.899155e+01	1.827038e-05	
4.414363e+01	3.632260e-05	
4.593573e+01	4.974976e-05	
4.593406e+01	5.467666e-05	
4.577216e+01	8.550451e-05	
4.570494e+01	8.803538e-05	
4.424202e+01	1.204977e-04	
4.261501e+01	1.071279e-04	
4.262341e+01	4.244844e-05	
5.091520e+01	1.080670e-04	
4.908088e+01	9.126934e-05	
4.570057e+01	1.014138e-04	
4.575795e+01	3.795824e-04	
4.057939e+01	2.947266e-04	
3.704514e+01	4.370492e-04	
4.063278e+01	2.833405e-04	
4.399514e+01	1.932060e-05	
4.914085e+01	2.223529e-05	
4.917900e+01	1.180793e-04	
5.252677e+01	1.222377e-04	
4.245386e+01	9.952215e-06	
4.412361e+01	9.713860e-06	
4.231547e+01	1.636281e-05	
4.395957e+01	1.923058e-06	
4.743029e+01	2.841668e-05	
4.584022e+01	3.297035e-05	
4.582259e+01	3.615587e-05	
4.908320e+01	1.181358e-05	
4.408914e+01	3.660779e-06	
5.092377e+01	1.716612e-05	
4.922806e+01	1.044014e-06	
5.089077e+01	3.092425e-05	
4.921186e+01	2.770257e-05	
4.401973e+01	1.726595e-06	
4.237537e+01	3.287243e-06	
4.754857e+01	3.905263e-06	
4.420698e+01	3.608333e-06	
4.750523e+01	2.767663e-05	
4.564031e+01	6.237920e-06	
4.583921e+01	5.408708e-05	
4.590687e+01	7.939761e-05	
4.084550e+01	8.425416e-05	
4.574775e+01	8.732838e-05	
5.075375e+01	1.226162e-04	
4.586095e+01	1.522529e-04	
4.593456e+01	6.888495e-05	
4.593592e+01	9.183296e-05	
5.096206e+01	1.516179e-04	
4.242508e+01	4.902095e-05	
4.740286e+01	8.745524e-05	
4.404322e+01	3.347446e-04	
3.210600e+01	3.990516e-04	
3.368701e+01	2.444558e-04	
4.233870e+01	2.029692e-04	
4.584207e+01	8.378244e-06	
4.927428e+01	1.503477e-04	
5.092030e+01	3.841466e-05	
4.923483e+01	8.440684e-05	
5.090603e+01	9.168274e-06	
4.587329e+01	9.427985e-06	
4.237606e+01	7.424060e-05	
5.066577e+01	3.880479e-06	
4.746327e+01	3.279110e-06	
4.417177e+01	3.753098e-05	
4.416527e+01	7.392265e-06	
4.748282e+01	1.295750e-05	
4.413150e+01	3.216052e-05	
4.923482e+01	1.920585e-05	
4.924415e+01	1.415100e-05	
4.586675e+01	5.967149e-05	
4.582845e+01	4.262093e-05	
4.567545e+01	8.702623e-06	
4.563496e+01	6.446399e-06	
4.753832e+01	3.406819e-05	
4.762385e+01	3.261290e-05	
4.759809e+01	4.025832e-05	
5.081178e+01	2.026139e-05	
4.916115e+01	7.047548e-05	
4.590919e+01	7.152485e-05	
4.755459e+01	5.721341e-05	
4.571629e+01	1.029175e-04	
4.738430e+01	4.897859e-05	
4.415820e+01	1.421897e-04	
4.755072e+01	1.223807e-04	
5.082957e+01	3.516093e-05	
4.745723e+01	9.786295e-05	
4.410187e+01	4.482438e-05	
4.736608e+01	2.469488e-05	
4.403718e+01	2.377819e-04	
3.554719e+01	4.561684e-04	
4.050046e+01	2.432395e-04	
4.581969e+01	1.204803e-04	
5.093019e+01	1.565016e-04	
4.430337e+01	1.589609e-04	
4.253279e+01	7.296680e-05	
4.588319e+01	1.204478e-04	
4.926401e+01	3.431229e-05	
4.759407e+01	1.746158e-05	
4.750678e+01	7.894478e-06	
4.910835e+01	3.966951e-05	
3.910311e+01	3.014652e-05	
4.415878e+01	4.781279e-06	
4.414526e+01	4.467440e-06	
4.576809e+01	2.780819e-05	
4.408500e+01	3.602879e-05	
4.413560e+01	2.368878e-05	
4.758025e+01	1.283623e-05	
4.760595e+01	4.709730e-06	
4.576586e+01	5.918901e-07	
4.568855e+01	1.433588e-05	
4.739040e+01	1.324005e-05	
4.422159e+01	1.913130e-05	
4.601545e+01	1.723857e-05	
4.603787e+01	4.480285e-05	
4.926268e+01	3.608077e-05	
4.753268e+01	9.641823e-05	
4.247760e+01	9.325258e-05	
5.085201e+01	1.125866e-04	
4.408827e+01	2.959417e-05	
4.576773e+01	8.072190e-05	
4.754415e+01	4.396506e-05	
4.576371e+01	7.024044e-05	
5.247099e+01	1.588775e-05	
5.076456e+01	1.620880e-04	
4.581914e+01	1.149357e-04	
4.410472e+01	1.099733e-04	
4.569154e+01	3.878893e-04	
3.527943e+01	4.358926e-04	
3.895197e+01	3.887232e-04	
4.754216e+01	2.034115e-04	
5.090728e+01	1.125117e-05	
4.420881e+01	2.481197e-05	
5.086441e+01	1.332048e-04	
5.083387e+01	7.861500e-06	
4.258089e+01	2.100156e-05	
4.759888e+01	4.157690e-06	
4.584848e+01	4.572010e-06	
4.748680e+01	3.317264e-07	
4.921872e+01	2.942827e-05	
4.412706e+01	3.745030e-05	
4.911889e+01	2.232302e-05	
4.567100e+01	1.701654e-05	
4.578696e+01	9.321635e-06	
4.747459e+01	1.182177e-05	
4.581939e+01	6.964726e-06	
4.758995e+01	8.132193e-06	
5.255966e+01	4.283405e-07	
4.737572e+01	1.992773e-05	
4.234531e+01	8.514776e-06	
4.747793e+01	5.318869e-05	
4.586097e+01	1.880038e-05	
4.596105e+01	4.197181e-06	
4.418421e+01	3.066241e-05	
4.746140e+01	2.787240e-05	
4.918973e+01	9.983215e-05	
4.584064e+01	5.738722e-05	
4.754937e+01	6.540374e-05	
4.924583e+01	5.429080e-05	
4.589913e+01	7.514423e-05	
3.917807e+01	2.847413e-05	
4.578987e+01	5.704961e-05	
4.582433e+01	1.552147e-04	
4.755171e+01	1.710457e-04	
4.588921e+01	4.140061e-05	
5.073077e+01	2.928019e-04	
4.046969e+01	8.332779e-04	
3.386253e+01	1.399625e-05	
4.250669e+01	2.267256e-04	
4.753017e+01	1.820516e-05	
5.086777e+01	1.466794e-05	
4.913283e+01	6.534116e-05	
4.740978e+01	1.310121e-05	
4.579162e+01	1.053241e-06	
4.587192e+01	7.366464e-05	
4.748591e+01	6.724740e-05	
4.749183e+01	3.158055e-05	
4.755971e+01	3.208553e-05	
4.579498e+01	4.744755e-05	
4.913667e+01	5.778498e-06	
4.742339e+01	1.215677e-05	
4.236793e+01	2.860304e-05	
4.238579e+01	2.560729e-05	
4.744302e+01	1.427253e-05	
4.250551e+01	9.089545e-06	
4.417515e+01	5.223707e-06	
4.242494e+01	4.802558e-06	
4.404637e+01	1.188174e-05	
4.566569e+01	2.264275e-05	
4.744018e+01	3.509550e-05	
5.083968e+01	4.159157e-05	
4.412581e+01	3.427012e-05	
4.573572e+01	1.843250e-05	
4.745909e+01	4.214023e-05	
4.584708e+01	5.776187e-05	
4.758530e+01	5.819386e-06	
4.925753e+01	5.069953e-05	
4.927177e+01	5.821566e-05	
4.752204e+01	6.252466e-05	
4.583051e+01	2.755893e-05	
4.414429e+01	1.294815e-04	
4.761452e+01	1.636356e-04	
4.260423e+01	7.799274e-05	
4.419100e+01	1.069424e-04	
3.544300e+01	2.707598e-04	
3.726979e+01	3.624040e-05	
4.414334e+01	6.808624e-05	
4.420127e+01	2.826804e-05	
4.576850e+01	9.368818e-05	
4.578373e+01	1.118878e-04	
4.740454e+01	6.709101e-05	
5.084782e+01	6.160052e-05	
4.925097e+01	4.046208e-05	
4.919966e+01	3.338566e-05	
4.918414e+01	1.900215e-05	
4.413626e+01	2.444994e-05	
4.586153e+01	1.476234e-05	
4.592689e+01	9.718183e-06	
4.585313e+01	4.708017e-06	
4.579394e+01	1.459779e-05	
4.399166e+01	1.095841e-05	
4.739553e+01	8.041349e-06	
4.917587e+01	3.368293e-05	
4.583662e+01	4.677014e-05	
4.410932e+01	2.055261e-05	
4.394031e+01	1.325366e-06	
4.732053e+01	3.005181e-05	
4.401613e+01	5.369638e-05	
4.571823e+01	6.627826e-05	
4.571826e+01	4.567873e-05	
5.063269e+01	5.999429e-05	
4.733898e+01	6.382818e-05	
4.587311e+01	6.299539e-05	
4.588235e+01	6.639792e-05	
5.077444e+01	4.534611e-05	
5.246389e+01	8.397152e-05	
4.575336e+01	3.773766e-05	
4.400727e+01	2.933122e-06	
4.909464e+01	4.627528e-05	
4.919284e+01	1.463218e-04	
5.094190e+01	1.681121e-05	
4.590270e+01	8.891106e-05	
3.552965e+01	3.063456e-04	
3.541846e+01	9.543186e-05	
4.579830e+01	1.065424e-04	
4.409588e+01	1.876446e-05	
4.412877e+01	7.005216e-05	
4.917064e+01	1.183868e-05	
4.919124e+01	8.390094e-05	
4.589087e+01	6.589559e-05	
4.930374e+01	4.380246e-06	
4.760203e+01	1.289515e-05	
4.244845e+01	2.694632e-05	
5.249796e+01	2.573634e-05	
4.916464e+01	1.804233e-05	
4.595491e+01	2.022083e-05	
4.428548e+01	1.124845e-05	
4.410641e+01	1.767733e-05	
4.565820e+01	6.577760e-06	
4.733559e+01	2.242756e-05	
4.573410e+01	3.099246e-05	
4.244081e+01	3.485632e-05	
4.571562e+01	3.847696e-05	
4.731106e+01	1.952665e-05	
4.903000e+01	2.371997e-05	
4.578626e+01	4.180399e-05	
4.249168e+01	3.379297e-05	
4.246439e+01	4.508782e-05	
4.903000e+01	2.846949e-05	
4.740407e+01	2.324775e-05	
4.413846e+01	8.325806e-05	
4.749791e+01	1.037993e-04	
5.073812e+01	9.060915e-05	
4.737795e+01	5.698528e-05	
4.231246e+01	7.208419e-05	
4.569199e+01	4.846326e-05	
4.906685e+01	7.403302e-05	
4.920528e+01	2.592470e-05	
4.753623e+01	6.142612e-05	
4.920839e+01	6.705394e-05	
4.231854e+01	4.510841e-04	
3.545514e+01	7.566120e-05	
4.568733e+01	3.173688e-06	
4.240808e+01	6.867401e-05	
4.743845e+01	7.883734e-05	
4.414833e+01	1.103095e-04	
4.418825e+01	5.223865e-05	
4.594833e+01	1.123153e-04	
4.763702e+01	4.119604e-05	
4.594112e+01	4.819099e-05	
4.578734e+01	2.965347e-05	
4.740796e+01	1.352378e-05	
4.582922e+01	4.745848e-05	
4.755405e+01	3.355182e-05	
4.588424e+01	4.054610e-05	
4.241957e+01	4.304247e-05	
4.398244e+01	2.053841e-05	
4.239498e+01	4.062103e-05	
4.579037e+01	5.336928e-05	
4.083108e+01	6.179383e-05	
4.409170e+01	3.480412e-05	
4.068181e+01	6.135070e-05	
4.240736e+01	4.351629e-05	
4.413055e+01	6.761157e-05	
4.083069e+01	6.378760e-05	
4.582767e+01	3.756167e-05	
4.414443e+01	5.709083e-05	
4.742917e+01	4.937937e-05	
4.070376e+01	6.464661e-05	
4.406776e+01	6.575359e-05	
4.907524e+01	6.327645e-05	
4.578519e+01	2.354197e-05	
4.416595e+01	5.745337e-05	
4.407982e+01	7.136072e-05	
4.743676e+01	7.685565e-06	
4.413648e+01	2.092864e-04	
4.415395e+01	1.468947e-04	
4.411290e+01	2.875805e-04	
4.044689e+01	1.882211e-04	
2.513860e+01	1.373029e-04	
3.030360e+01	4.559587e-05	
4.056523e+01	3.311897e-05	
3.199751e+01	1.043719e-04	
3.555283e+01	1.066264e-04	
3.887382e+01	5.299968e-05	
3.904795e+01	6.347809e-05	
4.407423e+01	4.016593e-05	
3.556071e+01	3.582010e-05	
3.886727e+01	1.162219e-05	
3.719182e+01	1.353815e-05	
3.212674e+01	4.078485e-06	
3.892814e+01	2.849250e-05	
3.900366e+01	4.218854e-05	
3.545030e+01	5.310619e-06	
3.718382e+01	1.897314e-06	
3.724700e+01	1.074076e-06	
3.380657e+01	1.160090e-05	
3.908693e+01	5.794259e-05	
3.047685e+01	9.384759e-06	
3.552140e+01	2.868748e-05	
3.551081e+01	1.526234e-05	
4.232667e+01	4.748757e-05	
3.723221e+01	7.108060e-06	
3.900075e+01	1.673120e-05	
4.060760e+01	2.543068e-05	
3.890706e+01	7.015428e-05	
3.546850e+01	4.011859e-05	
4.042079e+01	2.276284e-05	
3.714398e+01	3.275308e-06	
3.385861e+01	1.328900e-05	
3.562711e+01	3.411188e-05	
3.561288e+01	4.421807e-05	
3.880654e+01	7.847186e-06	
4.237217e+01	1.146702e-04	
3.725203e+01	1.162890e-04	
4.064656e+01	2.800943e-04	
3.009106e+01	2.381959e-04	
