39.845546 0.000079 0.000047
39.845546 0.000079 0.000047
39.845546 0.000079 0.000047
39.845546 0.000079 0.000047
39.845546 0.000079 0.000047
39.845546 0.000079 0.000047
39.845546 0.000079 0.000047
39.845546 0.000079 0.000047
39.845546 0.000079 0.000047
39.845546 0.000079 0.000047
39.845546 0.000079 0.000047
39.845546 0.000079 0.000047
39.845546 0.000079 0.000047
39.845546 0.000079 0.000047
39.845546 0.000079 0.000047
39.845546 0.000079 0.000047
39.845546 0.000079 0.000047
39.845546 0.000079 0.000047
39.845546 0.000079 0.000047
39.845546 0.000079 0.000047
39.845546 0.000079 0.000047
39.845546 0.000079 0.000047
39.845546 0.000079 0.000047
39.845546 0.000079 0.000047
39.845546 0.000079 0.000047
39.845546 0.000079 0.000047
39.845546 0.000079 0.000047
39.845546 0.000079 0.000047
39.845546 0.000079 0.000047
39.845546 0.000079 0.000047
39.845546 0.000079 0.000047
39.845546 0.000079 0.000047
39.845546 0.000079 0.000047
39.845546 0.000079 0.000047
39.845546 0.000079 0.000047
39.845546 0.000079 0.000047
39.845546 0.000079 0.000047
39.845546 0.000079 0.000047
39.845546 0.000079 0.000047
39.845546 0.000079 0.000047
39.845546 0.000079 0.000047
39.845546 0.000079 0.000047
39.845546 0.000079 0.000047
39.845546 0.000079 0.000047
39.845546 0.000079 0.000047
39.845546 0.000079 0.000047
39.845546 0.000079 0.000047
39.845546 0.000079 0.000047
39.845546 0.000079 0.000047
39.845546 0.000079 0.000047
