3.277518e-01	1.698641e-14	
4.060061e-01	6.816769e-14	
4.484604e-01	4.855005e-13	
4.523894e-01	5.142553e-13	
4.544787e-01	2.220446e-16	
4.550069e-01	1.636802e-12	
3.923205e-01	1.138312e-12	
4.323406e-01	1.576306e-11	
4.098749e-01	5.060397e-13	
5.211381e-01	3.734790e-13	
4.022251e-01	2.310818e-12	
4.087147e-01	8.385515e-13	
3.726815e-01	8.908430e-13	
3.780378e-01	2.279843e-12	
3.210719e-01	1.157097e-11	
3.722644e-01	2.566836e-13	
4.451240e-01	6.168843e-12	
3.350464e-01	9.070522e-13	
3.319292e-01	9.224621e-12	
4.578676e-01	1.465050e-12	
4.697634e-01	1.235367e-10	
4.652072e-01	4.004019e-12	
3.842551e-01	1.280154e-11	
3.383926e-01	8.366863e-12	
4.175161e-01	1.212053e-11	
3.840989e-01	5.576206e-12	
3.354088e-01	8.318901e-12	
3.898301e-01	1.851297e-12	
3.901067e-01	3.513412e-12	
4.101454e-01	4.105605e-13	
3.840961e-01	4.892531e-12	
3.367906e-01	2.469136e-13	
4.607830e-01	4.242606e-12	
4.605699e-01	1.057820e-12	
3.939943e-01	8.990586e-13	
3.873362e-01	1.008837e-11	
4.677147e-01	1.163181e-12	
3.890302e-01	1.213474e-13	
4.175531e-01	9.656720e-13	
3.304700e-01	2.076117e-14	
3.927704e-01	2.286404e-11	
3.403733e-01	1.720070e-13	
4.509950e-01	2.422523e-13	
3.787469e-01	3.320218e-14	
4.587773e-01	1.261571e-14	
4.635485e-01	8.838330e-15	
3.922365e-01	5.238631e-14	
3.972706e-01	7.830163e-15	
5.024971e-01	6.980451e-15	
3.496126e-01	5.066840e-15	
3.989014e-01	1.166095e-15	
4.724390e-01	3.622423e-16	
4.055278e-01	4.094443e-15	
4.071963e-01	9.733180e-16	
4.051219e-01	0	
4.007228e-01	3.458667e-15	
3.493945e-01	4.392763e-16	
4.632322e-01	2.153615e-15	
4.600211e-01	2.834493e-15	
3.765294e-01	1.267331e-15	
3.818344e-01	1.408146e-15	
4.493639e-01	1.417246e-15	
4.484242e-01	3.589359e-15	
3.703241e-01	7.321272e-16	
3.360635e-01	6.015073e-16	
3.662796e-01	1.244587e-15	
3.739270e-01	1.946636e-15	
3.707943e-01	1.706018e-16	
4.510222e-01	1.811211e-16	
5.247640e-01	1.943491e-16	
4.580912e-01	2.111184e-16	
4.558114e-01	4.653634e-16	
3.833921e-01	0	
3.816366e-01	7.483759e-16	
2.744715e-01	1.414133e-15	
3.823412e-01	4.350244e-16	
4.565533e-01	8.207920e-14	
4.599183e-01	3.992369e-13	
4.083317e-01	1.084862e-12	
3.220137e-01	1.179812e-11	
3.439539e-01	5.329071e-13	
4.117314e-01	2.118306e-13	
3.413680e-01	2.334799e-13	
2.795596e-01	2.262635e-13	
3.433329e-01	2.362999e-12	
3.360649e-01	5.772050e-12	
4.825246e-01	1.789013e-12	
4.637678e-01	2.129630e-12	
4.095846e-01	1.586953e-12	
4.593996e-01	5.901946e-12	
4.805844e-01	5.586975e-12	
4.580794e-01	5.461631e-12	
3.766758e-01	1.299263e-10	
3.330416e-01	5.079492e-12	
3.794396e-01	3.622103e-12	
4.563603e-01	5.212053e-12	
4.555165e-01	5.364931e-12	
4.550589e-01	7.958390e-11	
4.586553e-01	6.841638e-12	
4.652035e-01	1.696976e-12	
4.411150e-01	2.664180e-11	
3.403796e-01	3.407474e-11	
4.062957e-01	7.067680e-12	
3.751505e-01	7.459811e-12	
3.683356e-01	1.407274e-11	
3.739179e-01	9.171108e-12	
3.780219e-01	3.208545e-14	
4.163178e-01	2.610256e-11	
4.593932e-01	4.058220e-11	
4.676775e-01	8.999468e-11	
4.561810e-01	2.033429e-11	
4.540579e-01	7.037693e-11	
3.790019e-01	1.349455e-10	
3.759951e-01	3.432510e-11	
4.477778e-01	4.107603e-12	
3.781201e-01	6.620482e-12	
3.773826e-01	4.390710e-12	
4.038085e-01	2.003131e-11	
3.488418e-01	8.703038e-13	
3.403505e-01	8.952838e-13	
4.654230e-01	2.605027e-12	
3.888665e-01	3.778311e-12	
4.856624e-01	1.675993e-12	
3.355407e-01	3.025802e-12	
3.348573e-01	2.728928e-13	
5.263436e-01	3.902401e-11	
5.236392e-01	2.654321e-12	
3.808906e-01	2.011391e-12	
4.613866e-01	4.873879e-12	
3.684134e-01	4.544032e-12	
4.743921e-01	1.407763e-13	
4.071623e-01	5.243694e-12	
4.801127e-01	2.720046e-13	
4.065081e-01	1.394662e-12	
3.548436e-01	5.052625e-12	
4.022943e-01	1.251521e-11	
3.489211e-01	1.047429e-11	
3.422643e-01	9.718892e-13	
3.883009e-01	9.160250e-11	
3.779835e-01	1.545875e-12	
5.270436e-01	2.344791e-12	
5.240350e-01	2.565725e-12	
4.586012e-01	2.509555e-10	
4.556555e-01	7.567391e-12	
4.543374e-01	1.117484e-11	
4.566171e-01	1.439959e-11	
3.833186e-01	3.368283e-11	
4.553466e-01	4.002798e-12	
4.548378e-01	1.651035e-11	
3.341205e-01	9.600098e-13	
4.578402e-01	2.648215e-11	
3.863980e-01	3.147216e-11	
4.200251e-01	5.847556e-11	
4.548078e-01	1.981371e-11	
4.523516e-01	1.434852e-12	
3.397381e-01	1.616229e-11	
2.883012e-01	1.442242e-05	
2.444774e-01	2.498224e-05	
2.826338e-01	9.930195e-06	
2.913911e-01	3.510423e-05	
4.103862e-01	8.974829e-05	
3.026652e-01	7.152442e-05	
3.040253e-01	5.603487e-05	
1.943259e-01	8.612831e-05	
2.100058e-01	1.336399e-04	
2.045638e-01	8.703891e-05	
2.760655e-01	1.377400e-04	
3.122578e-01	1.274565e-04	
3.779570e-01	1.544264e-04	
2.821209e-01	1.451780e-04	
2.481622e-01	1.618965e-04	
2.806335e-01	6.533831e-05	
3.144136e-01	5.565020e-06	
3.076877e-01	9.524215e-05	
3.662616e-01	1.684267e-04	
3.085655e-01	3.772621e-05	
3.426197e-01	1.153948e-04	
2.843221e-01	1.590860e-04	
2.537033e-01	1.082942e-04	
2.973999e-01	2.601328e-05	
3.727032e-01	1.436062e-04	
2.808017e-01	1.324604e-04	
2.566590e-01	1.188258e-04	
3.118386e-01	3.346425e-05	
2.376935e-01	1.425158e-04	
3.345729e-01	1.597093e-04	
3.119441e-01	7.943168e-05	
2.690458e-01	8.520304e-05	
2.091324e-01	9.940869e-05	
3.352382e-01	4.266497e-05	
3.304138e-01	1.237249e-05	
3.447526e-01	6.349029e-06	
3.139837e-01	1.954599e-05	
3.199782e-01	7.543635e-06	
2.574560e-01	1.016634e-05	
1.375819e-01	5.167318e-05	
2.706366e-02	7.445484e-05	
1.147456e-01	4.432931e-05	
1.551318e-01	6.125561e-05	
1.947954e-01	7.492610e-05	
1.203408e-01	7.440444e-05	
1.644750e-01	1.264733e-04	
1.269010e-01	1.082915e-04	
1.322064e-01	8.944729e-05	
7.867421e-02	1.199000e-04	
8.789517e-02	1.412559e-04	
9.706921e-02	1.343045e-04	
1.897520e-01	1.260156e-04	
4.182349e-02	1.156444e-04	
1.655367e-01	7.057230e-05	
3.931723e-02	5.677088e-05	
1.547772e-01	8.679960e-05	
1.546600e-01	7.121453e-05	
1.111493e-01	4.126473e-05	
1.164415e-01	1.145842e-04	
5.695095e-02	1.512335e-04	
1.505516e-01	4.933811e-05	
1.497895e-01	1.135311e-04	
5.426100e-02	7.558812e-05	
9.644817e-02	1.336691e-04	
1.132734e-01	1.033167e-04	
1.282576e-01	1.210823e-04	
6.233549e-02	1.100365e-04	
3.858496e-02	1.121988e-04	
3.155038e-02	8.300470e-05	
9.577420e-02	9.683645e-05	
8.987911e-02	6.100005e-05	
6.155489e-02	5.204894e-05	
1.295377e-02	1.324772e-07	
1.371257e-01	5.897148e-07	
1.034645e-01	3.653086e-05	
3.398317e-01	3.884330e-05	
3.160794e-01	7.190427e-06	
2.076625e-01	3.110216e-05	
1.541265e-01	4.979271e-05	
1.420098e-01	6.779886e-05	
8.531575e-02	2.601310e-05	
1.145936e-01	6.927222e-05	
1.921846e-02	1.103714e-04	
9.907206e-02	9.292925e-05	
1.585031e-01	9.192485e-05	
1.670037e-01	8.187414e-05	
1.690707e-01	1.443773e-04	
2.162557e-01	1.331400e-04	
7.958091e-02	1.186519e-04	
1.025732e-01	9.372835e-05	
1.067989e-01	8.314969e-05	
9.496919e-02	3.945384e-05	
5.652786e-02	7.812849e-05	
6.028281e-02	8.317609e-05	
7.333568e-02	7.243055e-05	
5.203486e-02	9.567676e-05	
1.071670e-01	1.294749e-04	
1.057315e-01	1.662517e-04	
1.427625e-01	1.565460e-04	
3.691339e-02	5.547476e-05	
1.329067e-01	8.085595e-05	
4.594999e-02	4.749235e-05	
5.579742e-02	8.153194e-05	
6.093479e-02	5.671472e-05	
1.173880e-02	7.186956e-05	
9.283310e-02	5.991278e-05	
6.980460e-02	4.187564e-05	
6.762397e-02	4.219484e-05	
1.161045e-01	1.321219e-05	
2.304526e-01	3.654003e-05	
1.627093e-01	1.793138e-05	
8.729962e-02	1.796530e-05	
1.307173e-01	2.859649e-05	
3.791403e-01	3.725810e-05	
3.328307e-01	1.336770e-05	
8.869788e-02	3.761659e-05	
1.444533e-01	2.019307e-05	
7.334851e-02	9.984934e-06	
1.892587e-01	6.039778e-05	
2.290750e-01	5.100875e-05	
9.487383e-02	6.998497e-05	
7.308246e-02	6.780233e-05	
1.092266e-01	2.711638e-05	
2.437731e-02	1.013235e-04	
9.702958e-02	1.192950e-04	
3.109496e-02	1.097912e-04	
9.951399e-02	1.138171e-04	
4.894441e-02	1.010631e-04	
6.148824e-02	8.640883e-05	
4.993602e-02	9.821086e-05	
7.114337e-02	8.507171e-05	
8.394521e-02	6.145869e-05	
1.728870e-01	7.748737e-05	
1.714726e-01	7.465652e-05	
1.616016e-01	6.957035e-05	
9.505904e-02	1.048411e-04	
8.319313e-02	1.042638e-04	
5.988588e-02	4.985784e-05	
1.864945e-01	8.217328e-05	
1.566827e-01	9.621251e-05	
1.633127e-01	7.371023e-05	
2.000370e-01	8.669743e-05	
1.985970e-01	6.656916e-05	
9.881096e-02	6.660572e-05	
1.389846e-01	1.766014e-06	
1.399072e-01	2.789155e-05	
1.487676e-01	3.949782e-06	
1.724905e-01	3.624751e-05	
1.547988e-01	6.989790e-06	
9.187221e-02	5.677568e-05	
4.265574e-02	2.131794e-05	
3.505886e-01	2.747832e-05	
2.276953e-01	7.879713e-05	
9.941826e-02	5.703561e-05	
9.774302e-02	2.153621e-05	
8.494196e-02	3.038139e-05	
2.069103e-01	3.061902e-05	
6.906850e-02	2.507779e-05	
1.009432e-01	5.705072e-05	
1.565237e-01	7.105257e-05	
1.916139e-02	4.820124e-05	
1.109558e-01	7.445240e-05	
2.136412e-01	6.127033e-05	
8.398040e-02	2.640143e-05	
6.371491e-02	4.504785e-05	
3.239896e-02	2.691555e-05	
8.515446e-02	1.566691e-05	
7.155487e-02	7.185139e-05	
4.865572e-02	6.475463e-05	
5.028384e-02	5.585531e-05	
1.227413e-01	7.354418e-05	
5.032380e-02	8.738775e-05	
6.380715e-02	7.432659e-05	
1.391554e-01	1.039039e-04	
4.652901e-02	1.010289e-04	
1.763012e-01	5.525551e-05	
2.285962e-01	1.019371e-04	
1.136765e-01	1.038659e-04	
1.201906e-01	7.732363e-05	
1.567906e-01	9.393279e-05	
1.870141e-01	7.031343e-05	
7.875797e-02	7.044689e-05	
1.565704e-01	2.854857e-05	
1.780018e-01	2.042008e-05	
1.373139e-01	3.304058e-05	
1.637248e-01	2.035323e-05	
1.210365e-01	1.664150e-05	
8.440458e-02	2.065043e-05	
1.128823e-01	3.607355e-05	
3.413875e-01	4.993798e-05	
3.338088e-01	3.293544e-05	
1.081369e-01	1.511444e-05	
1.625601e-01	4.485959e-05	
1.573413e-01	1.947543e-05	
5.925838e-02	3.169421e-05	
9.192427e-02	3.367626e-05	
1.307499e-01	3.824801e-05	
9.623838e-02	7.853831e-05	
1.513412e-01	7.829644e-05	
7.296315e-02	7.625223e-05	
1.990124e-01	8.586385e-05	
1.308896e-01	7.240815e-05	
1.031465e-01	7.043622e-05	
6.292726e-02	5.424591e-05	
2.157401e-01	9.715794e-05	
9.025858e-02	5.858559e-05	
2.052925e-01	6.447872e-05	
2.022055e-01	5.736791e-05	
1.494303e-01	3.830589e-05	
6.316420e-02	6.943544e-05	
1.015132e-01	6.448915e-05	
1.021561e-01	3.889396e-05	
6.229919e-02	5.818337e-05	
1.127366e-01	3.086266e-05	
1.754134e-01	6.433366e-05	
3.920784e-02	5.677008e-05	
8.029066e-02	1.178219e-05	
7.543501e-02	2.259542e-05	
7.409015e-02	6.350743e-06	
7.006832e-02	1.334647e-05	
1.211126e-01	6.776577e-05	
7.613472e-02	3.369442e-05	
4.069371e-02	3.012723e-06	
1.146668e-01	3.228466e-05	
5.346529e-02	2.806843e-05	
5.786920e-02	4.303327e-05	
6.809348e-02	3.346319e-05	
3.911350e-01	4.575730e-05	
3.090084e-01	1.122758e-04	
6.582294e-02	1.476683e-05	
6.431168e-02	1.718214e-05	
5.898903e-02	5.277573e-06	
7.886846e-02	2.365629e-05	
9.889156e-02	1.718607e-05	
1.394069e-01	2.854462e-05	
7.995050e-02	3.360030e-05	
1.215120e-02	8.573973e-05	
9.343646e-02	7.496180e-05	
1.602032e-01	2.651165e-05	
7.614317e-02	4.236198e-05	
8.361001e-02	3.823475e-05	
9.821292e-02	6.062872e-05	
1.209441e-01	5.103160e-05	
1.708758e-02	6.229510e-05	
7.531085e-02	5.030114e-05	
6.428200e-02	6.903926e-05	
1.879094e-01	6.785051e-05	
1.545512e-01	8.771413e-05	
7.434273e-02	4.630283e-05	
7.935701e-02	3.050433e-05	
1.016644e-01	4.254444e-05	
1.158789e-01	8.096781e-05	
6.547457e-02	4.582457e-05	
7.562900e-02	4.151979e-05	
1.052306e-01	6.017432e-05	
2.251597e-01	4.989816e-05	
1.379431e-01	2.608670e-05	
5.146180e-02	6.931334e-07	
1.689017e-01	2.146056e-05	
1.921096e-01	4.842916e-05	
1.826662e-01	2.229010e-05	
1.013396e-01	2.710847e-05	
5.824190e-02	7.028956e-05	
1.135734e-01	1.382976e-04	
8.687492e-02	5.565454e-05	
2.854945e-01	7.606530e-05	
3.081429e-01	2.390174e-05	
2.666116e-02	1.600160e-05	
1.669994e-01	1.656121e-05	
8.930947e-02	4.879927e-05	
7.141559e-02	1.646796e-05	
2.161100e-01	4.729411e-05	
8.986240e-02	4.232325e-06	
8.876068e-02	3.867085e-05	
2.055648e-01	5.030982e-05	
1.536367e-01	3.714808e-05	
5.377907e-02	5.622748e-05	
1.755060e-01	1.206410e-05	
1.303947e-01	3.216183e-05	
1.052018e-01	3.124901e-05	
1.199838e-01	5.041284e-05	
6.458543e-02	2.542238e-05	
9.739052e-02	4.703970e-05	
9.281187e-02	4.833039e-05	
1.466187e-01	5.231808e-05	
4.250965e-02	7.163863e-05	
1.840677e-01	6.957493e-05	
1.807427e-01	1.721118e-05	
4.985391e-02	6.079467e-05	
8.519351e-02	5.904020e-05	
1.366976e-01	1.913647e-05	
9.504814e-02	3.597522e-05	
6.164380e-02	7.177655e-05	
3.184815e-02	6.205828e-05	
1.184765e-01	5.007116e-05	
2.970974e-02	2.032381e-05	
5.978186e-02	1.757848e-05	
1.346742e-01	5.342981e-06	
1.118390e-01	1.626680e-05	
1.304700e-01	1.566741e-05	
1.287694e-02	9.240803e-05	
1.398097e-01	8.934235e-05	
1.413202e-01	1.021079e-04	
2.617760e-01	9.505081e-05	
3.013362e-01	2.779584e-05	
1.050661e-01	1.979645e-05	
8.552756e-02	8.160146e-05	
1.443284e-01	5.747808e-06	
7.418355e-02	1.022268e-04	
2.433245e-01	3.956755e-05	
9.378255e-02	6.816836e-05	
7.239131e-02	4.582557e-05	
1.992113e-01	1.149998e-05	
7.141325e-02	2.856394e-05	
7.407560e-02	1.638578e-05	
3.101865e-02	4.210496e-06	
1.002487e-01	8.029951e-06	
6.541739e-02	5.367384e-05	
1.956740e-01	2.879168e-05	
1.467742e-01	4.908872e-05	
1.206704e-01	2.023525e-05	
1.228644e-01	4.127440e-05	
6.427129e-02	8.547957e-05	
2.032895e-02	6.184738e-05	
2.315229e-02	4.265797e-05	
1.242502e-01	3.416540e-05	
1.152869e-01	4.050754e-05	
8.926465e-02	3.995723e-05	
5.415888e-02	8.940344e-06	
6.420756e-02	2.143844e-06	
5.024674e-02	2.145092e-05	
4.601648e-02	8.531503e-06	
8.344610e-02	5.383754e-06	
2.135135e-02	3.219478e-05	
2.307822e-01	2.407702e-05	
2.532079e-01	3.135202e-05	
1.159818e-01	3.196698e-05	
5.022994e-02	5.873119e-05	
1.711811e-01	4.696303e-05	
1.687979e-01	1.286928e-04	
7.908590e-02	5.962513e-05	
3.562964e-01	5.469154e-05	
2.652676e-01	1.462062e-04	
4.701169e-02	1.986048e-05	
1.123515e-01	4.590620e-05	
9.323585e-02	1.692128e-05	
1.167711e-01	1.078478e-05	
6.583882e-02	1.877389e-05	
9.034693e-02	4.212490e-06	
9.123897e-02	4.173773e-05	
1.649450e-01	4.202803e-07	
1.950868e-01	6.382800e-06	
4.958453e-02	2.799312e-05	
3.823412e-02	3.142317e-05	
1.057967e-01	3.852358e-05	
8.026451e-02	3.537710e-05	
5.219470e-02	4.216760e-05	
2.958377e-02	2.701875e-05	
5.423312e-02	6.100202e-05	
1.074864e-01	4.663624e-05	
7.647365e-02	7.414742e-05	
2.146548e-01	5.251612e-05	
1.557147e-01	6.773977e-05	
1.701302e-01	5.465278e-05	
1.248552e-01	3.372299e-05	
5.804519e-02	3.520681e-05	
1.140815e-01	3.673222e-05	
9.027882e-02	3.102812e-06	
8.844346e-02	3.838158e-05	
1.489324e-01	1.536312e-05	
1.698488e-01	1.372420e-05	
7.989289e-02	2.309515e-05	
6.456058e-02	6.348170e-05	
9.691396e-02	2.440673e-05	
2.971682e-02	2.995459e-05	
1.311427e-01	5.796471e-05	
1.049463e-01	8.828352e-05	
1.037039e-01	1.513980e-04	
1.467296e-01	1.070415e-04	
2.320282e-01	8.014306e-06	
3.029563e-01	9.344334e-05	
4.358606e-02	3.901221e-05	
1.485244e-01	2.426142e-05	
5.532357e-02	6.613801e-05	
3.968682e-02	2.103020e-05	
9.262627e-02	2.049825e-05	
1.674014e-01	2.035792e-05	
1.310602e-01	5.845109e-07	
6.289056e-02	1.155134e-05	
8.639937e-02	2.016945e-05	
2.251754e-02	4.624706e-06	
9.543125e-02	3.042407e-05	
1.313215e-01	5.195383e-05	
1.103467e-01	4.335890e-06	
8.184648e-02	1.195323e-05	
8.413638e-02	4.299331e-05	
1.856830e-01	5.243221e-05	
6.113214e-02	3.792927e-05	
1.359369e-01	3.011162e-05	
1.175278e-01	3.758047e-05	
9.766780e-02	3.277048e-05	
1.935188e-01	4.719591e-05	
9.752869e-02	5.675534e-05	
7.689822e-02	1.539713e-05	
9.226650e-02	2.526229e-05	
1.287550e-01	5.565208e-05	
7.582995e-02	2.400928e-05	
1.043913e-01	3.601092e-05	
4.233370e-02	1.993882e-05	
1.412903e-01	1.907114e-05	
4.361744e-02	5.046392e-05	
1.009858e-01	7.393759e-05	
1.775832e-01	8.705851e-05	
1.785745e-01	5.116786e-05	
3.218795e-02	9.766822e-05	
1.000744e-01	1.159612e-04	
1.701266e-01	7.701331e-05	
2.429456e-01	2.691106e-06	
3.074060e-01	1.314711e-04	
1.294633e-01	4.805817e-05	
1.980446e-02	6.592407e-05	
3.344778e-02	2.045807e-05	
9.978252e-02	5.099508e-06	
1.203792e-01	2.190616e-05	
1.870454e-01	1.654107e-06	
6.841988e-02	1.104635e-05	
8.327412e-02	3.055215e-06	
2.231931e-02	1.189560e-05	
1.231409e-01	3.661461e-06	
1.227026e-01	1.444486e-05	
2.367105e-02	2.268658e-05	
7.925042e-02	8.932355e-06	
8.697429e-02	4.971180e-06	
4.320255e-02	1.664459e-05	
3.740328e-02	3.365233e-05	
1.247833e-01	5.064637e-05	
1.809486e-01	2.550369e-05	
9.180033e-02	2.067333e-05	
1.119415e-01	1.105801e-05	
5.451612e-02	3.621954e-05	
1.572664e-02	2.553403e-05	
4.735084e-02	1.934575e-05	
1.519567e-01	3.423166e-06	
1.106809e-01	2.500967e-05	
1.321796e-01	1.647502e-05	
8.395823e-02	1.976831e-05	
7.448512e-02	5.716908e-06	
6.735728e-02	3.368897e-05	
1.207998e-01	1.902298e-05	
1.399117e-01	5.410003e-05	
2.274794e-01	6.728443e-05	
9.179820e-02	4.677657e-05	
7.182881e-02	8.793911e-05	
1.104229e-01	1.046537e-04	
9.179209e-02	1.128510e-04	
3.241489e-01	9.205740e-05	
3.148301e-01	1.670869e-04	
8.517270e-02	5.318385e-05	
1.601233e-01	5.816644e-05	
1.716445e-01	1.037696e-04	
1.734435e-01	6.636149e-06	
2.776962e-02	3.459518e-05	
5.602334e-02	1.037990e-05	
1.013548e-01	2.583658e-05	
4.484732e-02	3.236607e-06	
7.495568e-02	1.631276e-05	
9.779979e-02	2.354843e-06	
1.168406e-01	6.094124e-06	
4.487793e-02	4.300391e-06	
4.757633e-02	3.577424e-05	
9.107063e-02	1.678463e-05	
9.517693e-02	2.375148e-05	
7.650561e-02	1.458800e-05	
4.655553e-02	2.790080e-05	
1.032657e-01	9.389746e-06	
1.346307e-01	1.241766e-05	
6.341173e-02	4.453616e-05	
3.863728e-02	2.730264e-05	
7.245626e-02	2.615924e-05	
2.359966e-01	2.707321e-05	
2.025592e-01	2.210114e-05	
1.151405e-01	4.124308e-06	
1.898669e-01	1.181101e-05	
1.466907e-02	2.176027e-05	
1.347765e-01	4.167932e-05	
1.191475e-01	4.899129e-05	
2.472551e-01	5.377351e-05	
1.129194e-01	6.040034e-05	
7.063845e-02	3.614494e-06	
1.277763e-01	5.718115e-05	
2.207905e-01	7.399321e-05	
4.339351e-02	1.115236e-04	
7.510627e-02	1.345483e-04	
3.733854e-01	1.318978e-04	
3.305090e-01	1.872317e-04	
8.303481e-02	9.920694e-05	
8.192129e-02	8.215188e-05	
6.684048e-02	7.171934e-05	
1.015470e-01	1.601747e-05	
9.751488e-02	1.299013e-05	
1.744172e-01	3.012646e-05	
2.086930e-01	2.857466e-06	
2.890539e-02	9.183907e-06	
7.141526e-03	1.960563e-05	
1.207345e-01	3.090463e-05	
1.546949e-01	4.723582e-06	
1.675105e-01	3.397133e-05	
1.327296e-01	2.724382e-05	
1.049056e-01	3.931579e-05	
1.341005e-01	4.004294e-05	
4.947186e-02	2.701762e-05	
3.004784e-02	2.072940e-05	
2.052439e-01	4.400402e-06	
7.879774e-02	3.694941e-05	
1.357689e-01	2.345051e-05	
1.153257e-01	2.494801e-05	
9.663527e-02	1.439009e-05	
8.939858e-02	3.890948e-05	
8.866174e-02	2.218398e-05	
1.596449e-02	9.029780e-06	
7.244731e-02	1.379065e-05	
2.003763e-01	1.079592e-05	
1.093049e-01	2.368635e-05	
5.031820e-02	3.646095e-05	
9.270954e-02	3.123706e-05	
1.111666e-01	4.275637e-05	
8.782968e-02	4.758870e-05	
2.070994e-01	6.811051e-05	
1.497207e-01	1.509457e-04	
1.515964e-01	1.372347e-04	
1.658122e-01	1.362124e-04	
3.830711e-01	1.518765e-04	
3.342711e-01	1.547984e-04	
1.394140e-01	7.681159e-05	
2.082502e-01	6.033303e-05	
8.198943e-02	2.898028e-05	
3.465146e-02	2.881727e-05	
5.538809e-02	4.192934e-05	
3.974682e-02	3.561638e-05	
6.160889e-02	2.957831e-05	
6.829911e-02	2.029251e-05	
1.760577e-01	2.674543e-06	
2.145375e-01	1.847322e-06	
5.887375e-02	1.204092e-07	
1.098653e-01	4.164172e-06	
5.399905e-02	2.334136e-06	
6.741221e-02	3.145741e-05	
1.296415e-02	4.287877e-05	
6.121356e-02	8.323511e-06	
7.531380e-02	4.268214e-06	
1.508395e-01	1.838383e-05	
4.737428e-02	1.317555e-05	
5.977036e-02	1.461637e-05	
6.581483e-02	2.541562e-06	
1.299588e-01	4.518895e-06	
2.532744e-02	1.057136e-05	
2.264202e-01	4.221769e-06	
1.344148e-01	7.625244e-07	
1.141907e-01	2.172306e-06	
1.050769e-01	2.858494e-06	
2.301866e-02	1.488191e-05	
1.104685e-01	3.610439e-06	
3.041777e-02	1.599966e-06	
8.266776e-02	6.313560e-05	
1.628616e-01	7.279940e-05	
1.644879e-01	1.184925e-05	
6.200900e-02	9.797167e-05	
5.044653e-02	1.229796e-04	
5.360955e-02	1.300617e-04	
4.230392e-01	6.761926e-05	
2.725157e-01	7.969711e-05	
1.380054e-01	7.601153e-05	
9.211579e-02	8.206561e-05	
4.461917e-02	7.995763e-05	
4.559959e-02	7.279276e-05	
1.491340e-01	4.563040e-05	
1.095383e-01	1.458825e-05	
1.577854e-01	2.557614e-05	
9.072722e-02	2.248764e-05	
8.809980e-02	3.265891e-06	
1.105355e-01	1.733120e-05	
2.002990e-01	1.199409e-05	
1.381311e-01	1.572179e-06	
1.961994e-01	2.946480e-05	
9.128492e-02	1.197741e-05	
5.454397e-02	3.703577e-05	
7.123455e-02	1.308193e-05	
1.760335e-02	6.224577e-06	
4.129940e-02	2.177946e-05	
1.365874e-01	1.235315e-05	
1.009091e-01	6.781975e-06	
4.868242e-02	7.173628e-06	
8.516589e-02	2.156149e-05	
1.661168e-01	1.084002e-07	
1.132710e-01	2.364579e-05	
1.407925e-01	2.681521e-05	
1.360888e-01	8.471195e-07	
1.943836e-01	5.664541e-06	
1.095839e-01	8.550242e-06	
1.899601e-01	2.704288e-05	
8.313642e-02	2.574542e-05	
7.953409e-02	8.910088e-05	
1.271630e-01	8.910087e-05	
9.040015e-02	8.032348e-05	
1.641163e-01	9.498604e-05	
2.923218e-02	1.315358e-04	
2.517084e-02	1.499850e-04	
2.897795e-01	1.195919e-04	
2.750660e-01	6.733236e-05	
1.162401e-01	5.551210e-05	
1.508812e-01	5.660841e-05	
5.738781e-02	7.137111e-05	
1.760251e-01	3.635845e-05	
8.256214e-02	2.076762e-05	
1.110007e-01	4.021309e-05	
4.803063e-02	8.850150e-06	
8.870897e-02	2.623405e-05	
4.683154e-02	3.441581e-05	
4.471700e-02	4.306264e-06	
6.837235e-02	5.589107e-06	
1.037219e-01	6.794081e-06	
9.209912e-02	2.783455e-05	
1.658897e-01	3.144576e-05	
9.763143e-02	2.617966e-05	
4.845099e-02	1.908636e-05	
9.400559e-03	9.802276e-06	
1.208340e-01	1.772844e-05	
1.814363e-01	1.635115e-05	
1.709023e-01	7.688505e-06	
3.973373e-02	2.010302e-06	
6.269370e-02	1.837271e-05	
7.425980e-02	2.987092e-05	
5.877453e-02	9.487982e-06	
3.511914e-02	3.953498e-06	
1.609114e-02	3.587526e-05	
3.907105e-02	7.773858e-06	
6.631525e-02	1.736171e-06	
2.199618e-01	6.347733e-06	
1.957443e-01	3.390245e-05	
5.702461e-02	3.692915e-05	
2.098464e-01	5.571705e-05	
1.389059e-01	7.655572e-05	
9.299225e-02	1.333746e-04	
3.955499e-02	1.413684e-04	
9.524595e-02	1.034451e-04	
4.314024e-01	1.562047e-04	
2.917360e-01	1.526119e-04	
1.320680e-01	5.438924e-05	
3.738263e-02	7.160974e-05	
8.447755e-02	1.812099e-05	
8.555920e-02	2.806355e-05	
1.246224e-01	4.416492e-05	
9.671690e-02	3.606828e-05	
1.473704e-01	2.508011e-05	
7.554531e-02	7.074502e-06	
1.058754e-01	1.122564e-05	
9.651432e-02	1.124855e-05	
1.988835e-01	3.748586e-08	
9.044165e-02	2.552999e-05	
3.743524e-02	1.428066e-05	
1.280823e-01	3.710337e-06	
1.752138e-01	6.071304e-06	
1.300715e-01	3.332291e-05	
1.092199e-01	1.544327e-05	
5.381451e-02	1.454841e-05	
1.936730e-02	2.811315e-07	
8.536867e-02	1.067636e-05	
1.420723e-01	8.083034e-06	
9.554794e-02	2.855998e-06	
5.946934e-02	3.468963e-06	
1.889580e-01	1.455267e-05	
4.184718e-02	2.185695e-07	
8.588077e-02	2.555852e-06	
1.651848e-01	1.662380e-05	
5.742331e-03	2.551045e-05	
2.447786e-02	4.090424e-05	
1.855473e-01	2.615110e-07	
9.374171e-02	3.698197e-05	
1.322495e-01	1.937321e-05	
5.056009e-02	5.820798e-05	
2.000373e-01	6.291631e-05	
6.193111e-02	1.244220e-04	
1.219494e-01	2.391904e-04	
2.965867e-01	1.161268e-04	
4.047396e-01	1.234214e-04	
1.515485e-01	1.076868e-04	
1.964506e-01	7.051082e-05	
6.362279e-02	3.999968e-05	
8.715219e-02	7.089167e-05	
2.997684e-02	3.358164e-05	
5.813782e-02	4.435439e-06	
8.090517e-02	7.352328e-06	
1.809110e-01	1.095895e-05	
1.718453e-01	1.881359e-05	
8.441956e-02	1.175461e-05	
2.489954e-02	9.867766e-06	
8.371600e-02	2.114460e-06	
2.276253e-02	1.744206e-05	
1.379952e-01	8.066155e-06	
1.207108e-01	5.383923e-06	
1.784036e-01	2.959443e-05	
1.244731e-01	2.894473e-05	
9.177338e-02	1.635319e-05	
9.289020e-02	5.704905e-06	
1.383439e-01	7.148712e-07	
1.423309e-01	4.535004e-06	
8.338924e-02	8.747211e-06	
1.242156e-01	5.049344e-06	
8.685301e-02	1.273003e-05	
5.422193e-02	7.665905e-06	
2.315483e-02	1.215226e-05	
1.438282e-01	9.181662e-06	
1.184535e-01	3.253656e-05	
1.867576e-01	4.062866e-05	
1.443624e-01	5.186546e-06	
1.612366e-01	4.063920e-05	
9.618106e-02	3.649919e-06	
1.244054e-01	1.561277e-05	
1.988888e-01	5.400465e-05	
7.119802e-02	7.827101e-05	
1.442510e-01	1.060436e-04	
2.659015e-01	1.878859e-04	
3.314505e-01	1.200294e-04	
1.456556e-01	2.892020e-06	
1.235713e-01	8.048559e-06	
2.066101e-01	4.567911e-05	
1.393650e-01	2.056106e-05	
7.834580e-02	1.703185e-05	
9.695713e-02	2.337638e-05	
1.343694e-01	3.024968e-05	
1.055004e-01	4.028153e-05	
2.323981e-02	1.288211e-06	
5.039165e-02	1.239052e-06	
5.284830e-02	1.147261e-05	
1.876600e-01	4.195103e-06	
1.071499e-01	1.521952e-06	
3.076228e-02	1.561990e-05	
1.090471e-01	1.823857e-07	
1.262457e-01	3.875104e-06	
1.276987e-01	5.594891e-06	
5.163462e-02	3.228770e-06	
1.207925e-02	1.002001e-05	
6.211099e-02	1.959359e-06	
5.976685e-02	8.608426e-06	
4.192206e-02	1.137496e-05	
1.746657e-01	6.530641e-07	
1.453761e-01	5.457759e-06	
1.464397e-01	7.393025e-06	
1.076967e-01	1.958029e-05	
7.396751e-02	3.209220e-06	
7.721368e-02	1.840005e-05	
1.028004e-01	2.736875e-06	
3.618111e-02	1.878924e-05	
1.883714e-01	3.437994e-05	
8.643546e-02	2.782440e-05	
7.213151e-02	7.384375e-05	
1.177571e-01	5.127765e-05	
5.735497e-02	6.573433e-05	
9.544280e-02	4.439433e-05	
2.980147e-01	9.943630e-05	
2.646783e-01	1.123348e-04	
1.203205e-01	9.382127e-07	
7.163313e-02	5.383819e-05	
9.195535e-02	4.809464e-05	
1.503487e-01	5.617645e-05	
1.280367e-01	1.782389e-05	
1.389630e-01	4.027855e-05	
1.779377e-01	6.872611e-05	
1.233807e-01	6.386135e-05	
2.182642e-01	6.871570e-06	
1.954286e-01	4.701287e-06	
6.322045e-02	9.162403e-06	
2.555226e-01	7.109114e-06	
3.670927e-02	2.753529e-06	
1.267449e-01	3.736703e-06	
1.567059e-01	1.078815e-05	
6.922112e-02	7.198657e-07	
4.465800e-02	7.576444e-07	
9.959902e-02	1.911067e-05	
1.362557e-01	6.817705e-06	
1.745340e-01	3.545881e-06	
1.780805e-01	1.271097e-05	
8.421412e-02	4.895992e-06	
4.738481e-02	2.057423e-05	
3.599595e-02	7.038170e-06	
8.029211e-02	2.021578e-05	
1.138906e-01	1.713762e-05	
5.049167e-02	1.066444e-07	
3.322559e-02	1.939609e-05	
1.603145e-01	8.132564e-06	
6.813311e-02	2.574306e-05	
1.929396e-01	4.379561e-05	
1.624216e-01	2.423882e-05	
1.086410e-01	6.118227e-05	
1.384986e-01	6.022954e-05	
5.656211e-02	1.045408e-04	
2.374538e-01	1.547611e-04	
2.856045e-01	1.426826e-04	
3.051987e-01	2.571185e-04	
1.220329e-01	8.363918e-05	
6.624565e-02	8.981244e-05	
2.399944e-01	1.894458e-05	
9.416926e-02	1.017590e-04	
1.152727e-01	7.442898e-05	
1.253633e-01	1.618393e-05	
8.873588e-02	5.953868e-05	
2.507022e-02	2.312708e-05	
1.580475e-01	2.760458e-05	
7.602463e-02	4.000129e-06	
8.434178e-02	2.348404e-05	
1.947039e-01	1.706948e-05	
8.217250e-02	1.195002e-05	
7.270756e-02	1.503369e-05	
9.259458e-02	6.350364e-06	
6.671657e-02	1.543508e-05	
3.360905e-02	2.505014e-05	
1.137769e-01	1.205329e-05	
1.248239e-01	1.962322e-05	
8.685159e-02	6.515873e-06	
1.590285e-01	1.463114e-05	
1.223864e-01	1.672496e-06	
1.259326e-01	1.500494e-05	
1.179933e-01	2.855626e-06	
1.004658e-01	2.054685e-05	
7.339971e-02	7.771187e-06	
1.016755e-01	2.695449e-05	
9.752600e-02	4.213068e-05	
9.571957e-02	3.684157e-05	
9.881116e-02	1.112954e-05	
8.880256e-02	2.772433e-05	
1.206948e-01	1.390966e-05	
7.067769e-03	4.038985e-05	
1.236256e-01	8.120255e-06	
8.393442e-02	1.217793e-04	
2.222041e-02	9.063564e-05	
2.920260e-01	8.413932e-05	
2.690280e-01	1.991593e-04	
9.022922e-02	5.638351e-05	
8.031062e-02	2.624508e-05	
1.091840e-01	6.948484e-05	
1.439162e-01	3.901054e-05	
1.270910e-01	9.334579e-05	
1.483805e-01	4.542135e-05	
2.245294e-01	7.712388e-05	
1.578349e-01	2.639516e-05	
4.470074e-02	1.052678e-07	
1.001816e-01	1.198913e-05	
8.581942e-02	3.982668e-06	
3.099116e-02	3.451347e-05	
6.408243e-02	2.149622e-06	
1.814224e-02	1.730251e-05	
9.632244e-02	3.895305e-06	
2.330057e-01	4.764482e-06	
9.480621e-02	1.933386e-05	
1.798211e-01	1.913497e-05	
9.719878e-02	8.518796e-06	
2.610601e-02	3.006995e-05	
4.065237e-02	3.219324e-06	
1.338630e-01	6.555929e-06	
1.011566e-01	2.785755e-07	
3.944458e-02	3.053289e-05	
1.538490e-01	5.345735e-06	
8.339113e-02	9.996992e-06	
5.357447e-02	1.295705e-07	
1.145994e-01	2.373907e-05	
6.048028e-02	5.000042e-05	
3.583241e-02	2.916939e-05	
1.318735e-01	4.727809e-05	
4.606563e-02	3.647284e-05	
6.740364e-02	6.490689e-05	
1.129040e-01	5.511474e-05	
8.644035e-02	1.277574e-04	
1.500745e-01	2.104921e-04	
2.943222e-01	2.228179e-04	
2.571763e-01	2.369931e-04	
8.477709e-02	8.820052e-05	
8.574234e-02	1.038084e-04	
3.626620e-02	2.368779e-05	
7.012940e-02	5.195254e-05	
1.023314e-01	5.880614e-05	
1.264523e-01	4.805169e-05	
1.592845e-01	7.241436e-05	
8.727453e-02	2.505761e-05	
9.795636e-02	9.195917e-07	
4.695709e-02	1.839253e-05	
1.189094e-01	2.720329e-06	
1.944452e-01	2.367187e-05	
6.253470e-02	1.707738e-05	
1.278312e-01	1.108649e-05	
1.771167e-02	7.893633e-06	
8.763546e-02	3.234299e-05	
1.435729e-01	1.660475e-05	
6.020639e-02	2.917488e-06	
6.770737e-02	1.935191e-05	
1.699147e-01	2.281817e-05	
1.307353e-01	1.333493e-05	
9.585291e-02	4.260278e-06	
7.688731e-02	1.418152e-05	
1.233412e-01	2.010551e-05	
6.936602e-02	1.055582e-05	
1.344616e-01	3.262527e-05	
7.392151e-02	1.906634e-05	
2.487874e-02	1.128260e-05	
9.750528e-02	2.086146e-05	
6.498099e-02	1.068972e-05	
2.084097e-01	4.138524e-05	
1.047359e-01	4.306754e-05	
8.936985e-02	5.015039e-05	
1.165479e-01	4.036605e-05	
1.538878e-01	1.706348e-04	
9.053466e-02	1.877841e-04	
2.937076e-01	1.617886e-04	
2.896912e-01	2.081788e-04	
4.955325e-02	1.080587e-04	
2.996117e-01	6.737400e-05	
4.244127e-02	7.444486e-05	
1.350060e-01	7.889104e-05	
3.104121e-02	5.754089e-05	
4.601513e-02	7.120884e-05	
6.072094e-02	7.832017e-05	
6.242303e-02	3.676268e-05	
1.288218e-01	1.970707e-05	
1.246655e-01	2.622225e-05	
8.145911e-02	3.808422e-06	
1.103184e-01	6.186096e-06	
5.679694e-02	1.224894e-05	
5.591887e-02	1.928639e-05	
6.945969e-02	1.400559e-06	
1.281387e-01	1.583076e-05	
1.485205e-01	7.303222e-06	
4.172731e-02	1.327743e-05	
1.006444e-01	1.827669e-05	
1.621160e-01	2.013376e-05	
6.076771e-02	5.747015e-06	
2.305254e-01	8.644200e-06	
5.788792e-02	5.122521e-06	
1.174897e-01	1.208581e-05	
1.096139e-01	3.585867e-05	
9.762205e-02	1.948867e-05	
1.351825e-01	2.128113e-05	
3.477375e-02	7.672382e-06	
6.648046e-02	3.541461e-05	
1.837387e-01	2.570787e-05	
5.306784e-02	6.177784e-05	
1.232726e-01	1.097663e-04	
7.418023e-02	9.900511e-05	
1.111182e-01	7.243938e-05	
1.213729e-01	1.150021e-04	
5.855563e-02	2.305571e-04	
2.726300e-01	9.255226e-06	
2.211477e-01	3.048615e-04	
3.336274e-02	1.463148e-04	
1.269117e-01	2.812700e-06	
1.742891e-01	1.312147e-04	
1.775589e-01	3.546863e-05	
2.449259e-01	7.671939e-05	
1.080031e-01	2.375972e-05	
1.279350e-01	3.091114e-05	
1.263814e-01	2.879803e-05	
1.281293e-01	5.657491e-05	
7.733603e-02	4.029688e-05	
8.301524e-02	2.551016e-05	
1.036512e-01	1.915735e-05	
1.855642e-01	9.656134e-06	
6.638986e-02	7.079552e-06	
1.333023e-01	2.297342e-05	
1.248900e-01	1.344207e-05	
7.543197e-02	2.167186e-05	
1.227162e-01	1.657307e-05	
1.892838e-02	2.052982e-05	
1.638790e-01	1.379334e-07	
7.954514e-02	2.081471e-06	
8.691481e-02	1.479727e-05	
6.161445e-02	1.766605e-05	
3.665504e-02	1.744654e-05	
5.292063e-02	8.026198e-06	
1.600006e-01	3.163131e-05	
1.974447e-01	8.714301e-06	
6.882672e-02	3.373953e-05	
1.329842e-01	6.267941e-05	
1.864805e-01	2.094476e-05	
2.233508e-01	6.676868e-05	
1.431369e-02	8.525418e-05	
1.014723e-01	8.622102e-05	
6.504258e-02	7.666284e-05	
1.532304e-01	2.113414e-04	
1.509958e-01	2.138275e-04	
1.825427e-01	2.346304e-04	
3.509837e-01	3.556013e-04	
9.760408e-02	1.913661e-04	
7.284317e-02	8.153895e-05	
7.767258e-02	1.088776e-04	
2.529361e-01	2.728288e-05	
6.646359e-02	1.821383e-06	
8.316316e-02	7.840671e-05	
7.193060e-02	6.078038e-05	
1.018859e-01	5.993665e-05	
1.284947e-01	1.844674e-05	
2.110808e-01	4.371374e-05	
1.475585e-01	2.266481e-05	
1.268529e-01	1.672815e-05	
1.158395e-01	1.420860e-05	
1.605198e-01	2.659201e-05	
7.379708e-02	1.880909e-05	
1.301074e-01	2.552678e-05	
1.652182e-01	3.617604e-05	
2.083649e-01	5.346562e-06	
1.616283e-01	1.153465e-05	
1.319256e-01	1.382777e-05	
1.084389e-01	2.048834e-06	
1.333839e-01	1.773153e-05	
4.063217e-02	2.071343e-05	
7.057849e-02	4.219260e-05	
1.227984e-01	3.352611e-05	
1.673772e-01	2.656119e-05	
3.432435e-02	3.701682e-05	
8.594103e-02	1.733229e-05	
5.884076e-02	3.873478e-05	
1.590405e-01	3.367667e-05	
5.976764e-03	3.147970e-05	
6.560002e-02	6.794607e-05	
1.333313e-01	9.711135e-05	
1.629245e-01	3.099661e-05	
9.444959e-02	5.044774e-05	
6.453612e-02	2.346453e-04	
2.666760e-01	1.744531e-04	
4.168139e-01	4.310809e-04	
1.741546e-01	1.629040e-04	
1.317601e-01	1.078341e-04	
9.400440e-02	1.573028e-04	
1.026371e-01	3.120432e-06	
6.289097e-02	3.220061e-05	
2.504192e-02	2.551332e-05	
4.847993e-02	5.454892e-05	
4.318516e-02	3.335207e-05	
5.458976e-02	8.801244e-06	
1.460766e-01	4.888250e-06	
1.296250e-01	5.046555e-05	
2.481104e-01	1.267558e-05	
1.189445e-01	9.360649e-06	
1.248291e-01	4.498625e-06	
7.834959e-02	6.224245e-06	
4.677278e-02	8.688265e-06	
1.064918e-01	9.458813e-06	
2.858888e-02	2.363628e-06	
1.375488e-01	1.346818e-05	
1.328076e-01	1.604443e-05	
1.805590e-01	1.978996e-05	
1.511377e-01	1.177146e-05	
1.428221e-01	1.030772e-05	
3.755654e-02	2.476578e-05	
1.588248e-01	1.583905e-07	
3.896779e-02	3.184754e-05	
1.537382e-01	4.518032e-05	
9.772675e-02	1.615160e-06	
6.255458e-02	2.162513e-05	
1.133327e-01	3.354091e-05	
1.551903e-01	6.044026e-05	
9.393538e-02	1.250015e-04	
8.480497e-02	8.523913e-05	
2.364213e-02	1.608176e-05	
5.981993e-02	7.457342e-05	
1.183574e-01	2.439990e-04	
2.803548e-01	2.869890e-04	
2.861847e-01	3.175024e-04	
9.169144e-02	1.062909e-04	
6.350725e-02	6.239031e-05	
5.132943e-02	8.094648e-05	
7.644741e-02	4.623232e-05	
4.514835e-02	5.279715e-05	
5.852194e-02	5.200833e-05	
1.199815e-01	2.277356e-05	
1.741094e-01	2.829101e-05	
8.206647e-02	4.254809e-05	
1.712549e-01	2.912326e-05	
9.149164e-02	5.097504e-05	
5.467311e-02	3.168105e-05	
1.184087e-01	8.065684e-06	
2.275306e-01	1.850928e-05	
1.484544e-01	2.914032e-05	
3.823406e-02	1.568394e-05	
4.083528e-02	7.142334e-06	
1.196170e-01	5.782936e-06	
2.083042e-01	6.559641e-06	
1.430789e-01	1.233357e-05	
1.303904e-01	2.169146e-05	
1.518598e-01	1.278052e-05	
2.182585e-01	5.019009e-06	
7.394459e-02	1.256689e-05	
8.513170e-02	1.397943e-05	
6.882886e-02	3.873171e-05	
2.039082e-01	2.941556e-05	
6.952464e-02	1.335437e-05	
4.830223e-02	2.498733e-05	
1.391461e-01	3.238098e-05	
1.554045e-01	1.141453e-05	
1.090277e-01	8.669918e-05	
5.140085e-02	5.257307e-05	
7.684240e-02	6.932271e-05	
1.532333e-01	8.002836e-05	
9.659008e-02	2.070968e-04	
3.174277e-01	8.083877e-05	
2.436257e-01	2.790585e-04	
8.252954e-02	1.361045e-04	
1.056817e-01	1.723491e-04	
5.636299e-02	1.329456e-04	
1.422315e-01	3.132567e-05	
4.769543e-02	6.997055e-05	
3.734218e-02	5.640854e-05	
1.264742e-01	6.553846e-06	
9.796890e-02	2.184216e-05	
4.122536e-02	3.709766e-05	
1.411145e-01	1.223033e-05	
1.243714e-01	4.532005e-05	
1.724303e-01	9.405520e-06	
1.450265e-01	3.430680e-05	
1.388832e-01	2.517918e-05	
4.754925e-02	1.045000e-05	
4.372036e-02	2.387303e-05	
5.808521e-02	3.415469e-05	
4.451289e-02	2.158481e-05	
6.547463e-02	2.785404e-05	
9.854125e-03	3.003624e-05	
2.068354e-01	3.512522e-05	
9.433972e-02	4.378032e-05	
1.478065e-01	3.390821e-05	
1.207437e-02	4.317120e-05	
8.657192e-02	3.795151e-05	
2.015584e-02	2.989532e-05	
4.867478e-02	3.363430e-05	
9.132834e-02	2.793117e-05	
1.387930e-01	2.884348e-05	
1.736901e-01	6.576796e-10	
5.244465e-03	2.110816e-05	
1.856250e-01	3.691958e-06	
1.263650e-01	6.008990e-05	
6.597690e-02	1.962224e-05	
6.005005e-02	7.846637e-05	
8.324172e-02	1.484797e-04	
2.719193e-01	1.190001e-04	
3.183235e-01	3.005601e-04	
1.346441e-01	1.966148e-04	
7.080587e-02	1.610922e-04	
1.439301e-01	1.308402e-04	
1.348506e-01	3.474696e-05	
1.640593e-01	8.722661e-06	
7.126781e-02	3.919530e-05	
1.634008e-01	4.403281e-05	
6.618098e-02	4.121670e-05	
6.405424e-02	7.641431e-06	
9.490897e-02	2.963117e-05	
5.847562e-02	4.304348e-05	
2.388759e-02	3.869789e-05	
1.406370e-01	4.021685e-05	
2.735762e-02	1.999870e-05	
2.711141e-02	2.119880e-05	
1.143326e-01	2.965973e-05	
4.992824e-02	3.545706e-05	
1.640190e-01	4.579258e-05	
1.463718e-01	2.100158e-05	
4.237639e-02	3.573005e-05	
1.383205e-01	2.723160e-05	
1.328249e-01	3.099669e-05	
1.710630e-01	3.501433e-05	
6.077974e-02	3.599677e-05	
1.469662e-01	2.428146e-05	
1.764446e-01	4.077687e-05	
9.226703e-02	3.372389e-05	
4.024436e-02	4.455081e-05	
6.818917e-02	2.993116e-05	
1.322052e-01	3.507769e-05	
4.160983e-02	3.062364e-05	
6.172368e-02	5.232007e-05	
1.096647e-01	3.135434e-05	
1.015964e-01	6.253778e-05	
2.397211e-02	8.001024e-05	
1.202715e-01	1.091413e-04	
2.375853e-01	2.121346e-04	
3.014310e-01	4.052245e-04	
8.172483e-02	2.268169e-04	
8.991190e-02	1.119404e-04	
7.757906e-02	5.641968e-05	
3.621793e-02	4.634646e-05	
1.681914e-01	6.259876e-05	
8.130056e-02	8.355434e-06	
3.310639e-02	1.395003e-05	
1.648146e-01	5.905264e-05	
6.616287e-02	7.504789e-06	
1.501913e-01	1.352155e-05	
1.197544e-01	3.625767e-05	
7.540916e-02	3.992400e-05	
4.305775e-02	3.023952e-05	
1.523233e-01	2.767627e-05	
7.710645e-02	1.625091e-05	
1.695578e-01	4.193838e-05	
8.699290e-02	3.265226e-05	
2.122272e-01	4.037698e-05	
2.893325e-02	1.802040e-05	
1.235002e-01	2.328980e-05	
1.116036e-01	1.104674e-05	
1.093355e-01	2.843986e-05	
4.674370e-02	3.683111e-05	
7.416452e-02	1.487707e-05	
1.350819e-01	2.899594e-05	
2.089586e-02	4.278690e-05	
5.826948e-02	4.510161e-05	
1.327782e-01	2.285984e-05	
4.126104e-02	5.075612e-05	
1.873486e-01	3.088622e-05	
1.032187e-01	3.611235e-05	
1.788330e-01	6.415486e-05	
5.060171e-02	1.097277e-04	
1.235053e-01	2.594055e-05	
7.832816e-02	4.311037e-05	
6.645419e-02	5.342823e-05	
3.504035e-01	4.925600e-05	
3.111894e-01	1.869976e-04	
8.467796e-02	1.858580e-04	
2.128258e-02	1.334373e-04	
7.150876e-02	6.764823e-05	
4.129071e-02	3.677687e-05	
1.529654e-01	3.447120e-05	
7.755332e-02	1.313040e-05	
1.533327e-01	1.243568e-05	
1.212771e-01	3.579613e-05	
3.402297e-02	2.663110e-05	
5.765237e-02	3.111494e-05	
7.846084e-02	3.544669e-05	
1.365448e-01	2.390527e-05	
1.376930e-01	3.584204e-05	
5.993056e-02	4.130255e-05	
1.412129e-02	4.490522e-05	
1.078928e-01	3.045723e-05	
7.670220e-02	5.710796e-05	
1.558530e-01	2.560019e-05	
5.982220e-02	4.259301e-05	
1.644817e-01	3.703865e-05	
6.188369e-02	4.202495e-05	
1.631650e-01	5.002178e-05	
9.241080e-02	2.490545e-05	
2.910671e-02	3.445874e-05	
1.568264e-01	2.782759e-05	
4.423236e-02	2.323093e-05	
1.048858e-01	4.528196e-05	
8.162772e-02	3.109927e-05	
1.080073e-01	2.472416e-05	
7.013032e-02	4.385665e-05	
2.525235e-02	3.153014e-05	
3.969828e-02	3.188574e-05	
6.434936e-02	4.307800e-05	
7.188979e-02	1.124469e-04	
1.235441e-01	2.675241e-05	
1.597586e-02	1.208342e-04	
2.790838e-01	2.563410e-04	
2.573814e-01	3.480921e-04	
5.280698e-02	1.877260e-04	
8.566919e-02	7.722312e-05	
1.035290e-01	2.328379e-05	
1.248139e-01	4.793282e-05	
1.810498e-01	4.079219e-05	
2.338684e-01	1.575322e-05	
4.699247e-02	5.998868e-05	
6.129831e-02	3.970129e-05	
1.143499e-01	3.822803e-05	
8.203398e-02	4.134095e-05	
7.107095e-02	5.620962e-05	
1.334777e-01	2.424576e-05	
1.846869e-01	4.450797e-05	
9.031678e-02	4.873572e-05	
1.801219e-01	4.724133e-05	
1.877433e-01	3.103518e-05	
1.190876e-01	4.055836e-05	
1.158440e-01	4.502373e-05	
1.411587e-01	4.381804e-05	
1.545485e-01	4.528693e-05	
6.514790e-02	5.256729e-05	
7.100868e-02	3.104810e-05	
8.408874e-02	3.672014e-05	
1.826442e-02	3.312047e-05	
8.103430e-02	1.046964e-05	
1.324393e-01	2.515212e-05	
6.064712e-02	2.612162e-05	
8.210394e-02	1.168425e-05	
9.522915e-02	7.044151e-05	
1.724699e-01	6.541251e-05	
6.827593e-03	5.833189e-05	
3.615554e-02	5.621443e-05	
5.852762e-02	3.488539e-05	
1.386659e-01	1.145090e-04	
8.416085e-02	9.380197e-05	
1.031519e-01	1.474833e-04	
2.312996e-01	3.617073e-05	
2.280627e-01	2.539395e-04	
1.047566e-01	2.503155e-04	
6.950185e-02	2.210933e-05	
4.578253e-02	7.487814e-05	
4.030632e-02	7.495604e-05	
9.177715e-02	1.304176e-05	
7.988028e-02	6.929815e-05	
1.629893e-01	4.312459e-05	
7.561424e-02	4.142669e-05	
1.151891e-01	3.608781e-05	
1.748470e-01	2.802182e-05	
8.232650e-02	5.936777e-05	
1.564243e-01	3.178725e-05	
1.116628e-01	3.368745e-05	
1.591513e-01	2.724095e-05	
1.851413e-01	3.290220e-05	
1.063599e-01	2.330181e-05	
1.236217e-01	2.743186e-05	
1.611134e-01	1.514982e-05	
1.170376e-01	4.122104e-05	
1.759050e-01	3.592852e-05	
2.449685e-02	3.099388e-05	
1.801194e-01	2.389295e-05	
1.288747e-01	3.978584e-05	
8.866111e-02	4.792822e-05	
1.352052e-01	6.034689e-05	
3.136271e-02	4.151379e-05	
9.672714e-02	4.571083e-05	
1.334371e-01	2.495122e-05	
7.545179e-02	5.559824e-05	
1.415553e-01	2.926628e-05	
1.234199e-01	5.627680e-05	
1.187872e-01	6.745827e-05	
4.985898e-02	4.745511e-05	
6.776410e-02	7.048420e-05	
4.966213e-02	9.497038e-05	
7.454134e-02	8.596274e-05	
3.661618e-01	2.072706e-04	
2.504568e-01	2.305264e-04	
1.048970e-01	1.899126e-04	
5.875737e-03	1.328175e-04	
1.067153e-01	9.301637e-05	
1.046765e-01	6.730132e-05	
1.261591e-01	2.492171e-05	
4.873328e-02	7.097611e-06	
9.126002e-02	3.278575e-05	
2.449361e-02	6.865319e-05	
8.417131e-03	5.071340e-05	
1.253801e-01	1.669077e-05	
4.601923e-02	5.987467e-05	
1.170167e-01	3.683522e-05	
1.711627e-01	3.509534e-05	
4.880673e-02	2.630863e-05	
1.664673e-01	4.112509e-05	
5.670011e-02	4.123468e-05	
4.646847e-02	2.605080e-05	
8.620778e-02	4.085177e-05	
9.312527e-02	4.671247e-05	
6.462846e-02	4.063969e-05	
3.369421e-02	2.991801e-05	
1.388989e-01	2.236550e-05	
1.057765e-01	6.211855e-06	
1.036239e-01	3.840888e-05	
5.444286e-02	2.581090e-05	
1.060630e-01	2.191566e-05	
9.333196e-02	4.247296e-05	
1.874748e-01	3.422064e-05	
8.419021e-02	6.729903e-05	
6.717465e-02	4.722643e-05	
2.234608e-02	3.328672e-05	
6.821904e-02	6.721949e-05	
1.361708e-01	1.356908e-05	
6.881196e-02	6.286727e-05	
5.735172e-02	8.135794e-06	
1.140403e-01	1.783928e-04	
2.586461e-01	1.340532e-04	
3.269911e-01	2.807672e-04	
3.549889e-02	1.868537e-04	
1.699224e-01	3.928784e-05	
1.569442e-01	3.482528e-05	
9.600957e-02	5.505957e-05	
4.664119e-02	3.942444e-05	
6.501446e-02	3.105786e-05	
1.013626e-01	3.622717e-05	
1.018508e-01	4.787166e-05	
3.309916e-02	4.588708e-05	
1.452697e-01	4.125805e-05	
1.937476e-01	3.867036e-05	
5.957353e-02	5.623649e-05	
2.498103e-01	4.152122e-05	
3.400043e-02	2.815451e-05	
7.440612e-02	4.563550e-05	
1.537922e-01	2.666328e-05	
5.796749e-02	3.552629e-05	
2.538287e-02	4.990517e-05	
1.198572e-01	5.079977e-05	
1.139253e-01	3.500889e-05	
2.307482e-01	3.818061e-05	
8.303836e-02	2.611198e-05	
5.450745e-02	3.289225e-05	
3.199109e-02	4.360351e-05	
1.588843e-01	1.460124e-05	
6.090730e-02	3.011379e-05	
2.664600e-02	5.089392e-05	
1.015030e-01	3.783395e-05	
9.089429e-02	3.820246e-05	
1.071208e-01	4.433840e-05	
9.814512e-02	2.673955e-05	
5.177085e-02	5.824212e-05	
2.548944e-02	5.858318e-05	
6.904910e-02	1.085088e-04	
1.401359e-01	4.389912e-05	
1.273955e-01	7.475950e-05	
1.960960e-01	1.911159e-04	
3.656477e-01	1.964938e-04	
2.756981e-01	7.810949e-05	
2.069647e-01	4.641138e-05	
3.086776e-01	4.714516e-06	
2.778541e-01	5.177484e-05	
2.886004e-01	6.915648e-05	
2.594536e-01	2.433193e-05	
3.148716e-01	2.329754e-05	
3.524545e-01	1.695441e-05	
2.640481e-01	3.486802e-05	
2.796348e-01	2.411273e-05	
2.642286e-01	1.998261e-05	
2.970404e-01	3.050431e-06	
2.624047e-01	7.855382e-06	
2.661489e-01	2.219959e-05	
3.698622e-01	2.054143e-05	
2.309398e-01	1.190557e-05	
3.221762e-01	3.731531e-05	
3.835302e-01	9.446347e-06	
2.448177e-01	4.116299e-05	
3.281497e-01	2.071204e-05	
2.586223e-01	3.291036e-05	
2.802251e-01	3.298041e-05	
3.612447e-01	3.066326e-05	
2.462869e-01	3.643178e-05	
2.787758e-01	1.080695e-05	
3.617764e-01	1.169242e-05	
3.274690e-01	2.569546e-05	
2.474483e-01	1.195449e-06	
2.723759e-01	3.285550e-05	
3.245844e-01	1.277171e-05	
2.191285e-01	3.607128e-06	
3.173550e-01	7.143397e-05	
3.243270e-01	1.834535e-05	
3.122174e-01	3.952489e-05	
3.588326e-01	5.591945e-05	
2.618054e-01	2.052059e-06	
4.505649e-01	7.668911e-05	
