2.564103e-02	2.605693e-13	
2.512289e-02	2.775558e-13	
2.564103e-02	3.010925e-13	
2.564103e-02	9.903189e-14	
2.386172e-02	2.304268e-12	
2.442590e-02	2.354450e-12	
2.564103e-02	2.329248e-13	
2.387077e-02	1.866529e-11	
1.919665e-02	4.961809e-12	
2.538466e-02	7.206458e-13	
2.553022e-02	1.566636e-12	
2.564103e-02	7.331913e-12	
2.564103e-02	1.216804e-12	
2.564103e-02	7.340129e-12	
2.564103e-02	1.278533e-12	
2.527366e-02	2.358558e-12	
2.564103e-02	6.147305e-12	
2.319706e-02	1.537148e-11	
2.307140e-02	2.168488e-12	
1.928766e-02	1.986455e-11	
2.516649e-02	9.570122e-14	
2.564103e-02	1.244316e-11	
2.564103e-02	7.760459e-13	
2.108382e-02	5.672796e-12	
2.564103e-02	1.042415e-10	
2.564103e-02	4.161116e-13	
2.564103e-02	9.219514e-12	
2.564103e-02	5.018208e-13	
2.232299e-02	5.060397e-13	
2.564103e-02	7.692136e-11	
2.564103e-02	2.670530e-12	
2.385458e-02	4.239054e-12	
2.351921e-02	1.695755e-12	
2.564103e-02	3.249068e-12	
2.286148e-02	9.758860e-13	
1.921045e-02	3.104184e-13	
1.864753e-02	8.357759e-13	
2.564103e-02	4.241052e-14	
2.564103e-02	9.725554e-14	
2.564103e-02	4.551914e-14	
2.564103e-02	2.389622e-11	
2.564103e-02	1.147499e-12	
2.233790e-02	1.136209e-13	
2.564103e-02	1.507635e-13	
2.032253e-02	1.131063e-14	
1.973253e-02	8.131264e-15	
2.564103e-02	2.349900e-14	
2.564103e-02	2.610054e-16	
1.848790e-02	3.490225e-16	
2.207126e-02	6.333551e-16	
2.564103e-02	1.360444e-15	
2.521945e-02	3.622423e-16	
2.193048e-02	5.118054e-16	
2.564103e-02	3.244393e-16	
2.564103e-02	7.156374e-15	
2.145467e-02	4.511305e-16	
2.194414e-02	2.928509e-16	
2.564103e-02	7.178717e-16	
2.557945e-02	1.133797e-15	
2.564103e-02	4.365253e-15	
2.361397e-02	4.646882e-15	
1.927293e-02	8.503478e-16	
2.564103e-02	7.178717e-16	
2.254281e-02	1.317829e-15	
2.096785e-02	3.007537e-16	
2.346599e-02	7.778668e-16	
2.209837e-02	1.459977e-15	
2.339191e-02	1.706018e-16	
2.564103e-02	1.630090e-15	
2.564103e-02	4.275680e-15	
2.013549e-02	2.111184e-15	
2.356529e-02	1.512431e-15	
2.564103e-02	9.135191e-16	
2.197430e-02	1.347077e-15	
2.398482e-02	3.535332e-16	
1.938608e-02	2.175122e-15	
2.564103e-02	4.844953e-15	
2.482439e-02	1.834613e-14	
2.564103e-02	2.786278e-13	
2.564103e-02	3.329204e-11	
2.564103e-02	3.098632e-13	
2.564103e-02	2.995382e-13	
1.913576e-02	4.132250e-13	
2.353290e-02	3.773870e-12	
2.279713e-02	1.102118e-12	
2.564103e-02	1.725287e-12	
2.564103e-02	3.373080e-12	
1.958704e-02	1.096190e-11	
2.213668e-02	5.706546e-13	
2.406274e-02	8.710810e-13	
2.448933e-02	2.311484e-13	
2.564103e-02	2.807277e-11	
2.564103e-02	5.522693e-12	
2.433195e-02	1.939937e-11	
1.798461e-02	5.183631e-12	
2.564103e-02	2.713196e-11	
1.920476e-02	2.413181e-12	
2.564103e-02	3.946476e-11	
2.432511e-02	1.511280e-11	
2.564103e-02	1.025200e-10	
2.564103e-02	4.946266e-12	
2.564103e-02	5.160095e-12	
2.564103e-02	1.173572e-11	
2.564103e-02	2.550626e-12	
2.298372e-02	2.705169e-12	
2.564103e-02	2.303713e-12	
1.964700e-02	1.865628e-10	
2.564103e-02	6.089240e-12	
2.217729e-02	9.233281e-12	
2.337346e-02	8.280265e-12	
2.564103e-02	6.451728e-12	
2.378443e-02	5.793555e-11	
2.564103e-02	7.525869e-12	
2.004413e-02	1.374745e-11	
2.248922e-02	7.087952e-11	
2.564103e-02	2.326628e-11	
2.564103e-02	1.790346e-12	
2.564103e-02	6.020739e-12	
2.564103e-02	1.889600e-13	
2.362020e-02	2.737810e-13	
2.564103e-02	6.279421e-13	
2.564103e-02	8.297807e-13	
2.564103e-02	5.726308e-12	
2.564103e-02	1.840750e-13	
2.564103e-02	4.604317e-12	
2.190428e-02	3.207878e-12	
2.458231e-02	1.533973e-11	
2.447507e-02	1.350697e-12	
2.285946e-02	5.257683e-12	
2.564103e-02	3.542722e-12	
2.564103e-02	1.195932e-12	
2.225454e-02	3.531408e-11	
2.480360e-02	5.232259e-12	
2.564103e-02	6.965317e-12	
2.116963e-02	1.059308e-11	
2.549825e-02	7.363665e-12	
2.564103e-02	1.005862e-12	
2.090338e-02	1.421530e-12	
2.273425e-02	2.754019e-11	
2.061644e-02	6.794565e-14	
2.067500e-02	2.583943e-10	
2.564103e-02	6.750156e-12	
2.564103e-02	6.434853e-12	
2.564103e-02	2.048195e-11	
2.480278e-02	6.284240e-11	
2.109523e-02	3.648060e-11	
2.564103e-02	5.923484e-12	
2.107105e-02	1.287659e-11	
2.564103e-02	3.476464e-11	
2.564103e-02	2.055023e-12	
2.372387e-02	2.515765e-12	
2.260398e-02	2.956102e-11	
2.564103e-02	1.288047e-11	
2.564103e-02	1.177503e-12	
1.876230e-02	9.992007e-15	
2.564103e-02	1.004752e-12	
1.721381e-02	1.436397e-05	
1.721381e-02	1.664145e-07	
2.294290e-02	3.184281e-05	
1.605145e-02	2.910393e-06	
1.605145e-02	2.872529e-05	
2.476647e-02	1.942923e-04	
1.820320e-02	1.065804e-05	
1.820320e-02	8.233048e-06	
2.514849e-02	3.543165e-05	
2.497723e-02	9.605194e-06	
2.739423e-02	3.806700e-06	
1.652908e-02	4.537960e-05	
2.368610e-02	8.552132e-06	
1.814934e-02	7.035994e-05	
2.303762e-02	3.762133e-05	
1.871705e-02	2.612265e-04	
1.811498e-02	7.213634e-05	
1.811498e-02	1.063922e-04	
1.928766e-02	1.451181e-04	
2.395488e-02	7.998487e-05	
2.319836e-02	1.048880e-04	
1.354878e-02	1.843893e-04	
2.108382e-02	6.554270e-05	
2.630830e-02	5.933385e-05	
1.916859e-02	1.264274e-04	
1.916859e-02	2.596629e-05	
1.716802e-02	4.013201e-05	
2.037626e-02	8.953255e-05	
1.569359e-02	7.784310e-05	
2.358243e-02	1.127808e-04	
2.200525e-02	6.985750e-05	
1.798822e-02	3.559789e-05	
1.798822e-02	7.371396e-05	
1.938744e-02	4.042335e-05	
1.921045e-02	3.675190e-05	
1.864753e-02	1.361880e-05	
2.157107e-02	9.526641e-06	
2.569963e-02	1.718594e-05	
1.710714e-02	3.140048e-05	
2.320300e-02	4.510006e-05	
2.146147e-02	3.478430e-05	
2.260786e-02	4.006595e-05	
2.192607e-02	2.808113e-05	
1.483190e-02	1.039232e-04	
1.483190e-02	8.078271e-05	
2.739802e-02	1.841353e-05	
2.423237e-02	5.184084e-05	
1.413411e-02	4.241522e-05	
1.413411e-02	3.939384e-05	
1.652908e-02	2.098268e-05	
2.070389e-02	1.041056e-04	
1.893991e-02	1.019337e-04	
1.814934e-02	1.210561e-04	
1.871705e-02	2.020617e-04	
2.146548e-02	1.038607e-04	
2.097834e-02	2.291534e-04	
2.097834e-02	8.744484e-05	
1.366479e-02	7.136018e-05	
1.906869e-02	8.245178e-05	
1.354878e-02	1.207453e-04	
2.232012e-02	6.936309e-05	
2.402680e-02	1.541285e-04	
1.982188e-02	8.353140e-05	
1.982188e-02	8.563625e-05	
1.716802e-02	5.536415e-05	
1.432067e-02	1.465616e-04	
1.432067e-02	6.327609e-05	
2.358243e-02	1.175871e-04	
1.217343e-02	4.459975e-05	
1.217343e-02	3.154930e-05	
2.395661e-02	4.674921e-05	
2.423357e-02	1.999058e-06	
1.484410e-02	3.260714e-05	
1.484410e-02	3.343082e-05	
2.270762e-02	2.035396e-05	
2.362020e-02	2.373199e-06	
1.710714e-02	2.421536e-05	
1.973680e-02	2.702838e-05	
1.325474e-02	1.177608e-05	
1.325474e-02	2.715645e-05	
2.192607e-02	9.325977e-07	
1.428197e-02	8.706500e-05	
1.748545e-02	5.517698e-05	
2.952209e-02	1.150395e-04	
2.611924e-02	1.798403e-05	
2.292690e-02	8.211234e-06	
2.071776e-02	7.071480e-05	
1.731495e-02	2.835611e-05	
1.731495e-02	9.520437e-05	
2.274664e-02	8.981774e-05	
2.231503e-02	4.552255e-05	
2.231503e-02	8.381890e-05	
2.164680e-02	8.127223e-05	
2.164680e-02	1.274646e-04	
2.332163e-02	1.099363e-04	
1.366479e-02	1.094281e-04	
1.705725e-02	9.888431e-05	
1.459063e-02	9.351265e-05	
2.708410e-02	8.548445e-06	
2.282853e-02	9.127995e-05	
1.764411e-02	7.496739e-05	
2.406634e-02	3.085414e-05	
2.011294e-02	5.181975e-05	
2.011294e-02	4.770874e-05	
2.046309e-02	1.073742e-04	
2.046309e-02	6.234851e-05	
1.451187e-02	4.758506e-05	
2.148858e-02	5.605570e-05	
2.148858e-02	1.951218e-05	
2.242620e-02	4.970205e-06	
2.394470e-02	3.711398e-05	
2.362735e-02	3.182614e-05	
1.773078e-02	5.048166e-06	
2.003970e-02	5.385923e-05	
1.858141e-02	5.404177e-05	
1.973680e-02	5.220635e-05	
2.077626e-02	8.789554e-06	
2.056436e-02	5.635420e-06	
2.073877e-02	4.618859e-05	
1.428197e-02	1.068756e-05	
1.882624e-02	4.153634e-05	
1.940652e-02	9.383544e-06	
1.672615e-02	8.715139e-06	
1.815550e-02	8.129513e-06	
2.091782e-02	3.062790e-05	
1.753009e-02	1.951544e-05	
1.615077e-02	6.312672e-06	
2.274664e-02	9.699362e-06	
1.462139e-02	4.875661e-05	
1.462139e-02	7.903195e-06	
2.289905e-02	3.288754e-05	
1.796759e-02	4.347178e-05	
1.796759e-02	3.931535e-05	
2.417308e-02	8.219920e-05	
2.142386e-02	5.891469e-05	
1.459063e-02	3.926261e-06	
1.750508e-02	5.472957e-05	
1.971087e-02	3.358696e-05	
1.764411e-02	8.188119e-07	
2.105577e-02	6.484451e-06	
2.105577e-02	2.064800e-05	
1.816180e-02	7.703402e-06	
1.712605e-02	2.604140e-07	
1.973943e-02	4.021709e-05	
1.451187e-02	3.590951e-05	
2.630756e-02	5.927469e-05	
2.333600e-02	6.140851e-05	
2.242620e-02	4.876638e-06	
2.649902e-02	1.804394e-05	
2.594303e-02	6.680682e-05	
1.389849e-02	6.388276e-06	
1.389849e-02	4.065687e-05	
1.858141e-02	5.606668e-05	
1.776605e-02	6.734979e-05	
1.776605e-02	2.892563e-05	
2.056436e-02	9.807897e-06	
2.073877e-02	3.190918e-05	
2.360022e-02	2.136778e-05	
1.882624e-02	4.111064e-06	
1.594640e-02	1.791564e-05	
1.672615e-02	1.100182e-05	
2.108901e-02	2.509019e-05	
2.103762e-02	2.772470e-05	
2.231666e-02	5.710732e-05	
1.615077e-02	5.232562e-05	
2.249246e-02	6.897040e-05	
2.249246e-02	5.018433e-05	
1.783445e-02	6.884171e-06	
2.022051e-02	3.755675e-05	
2.432340e-02	2.844074e-05	
2.183711e-02	1.710382e-06	
2.417308e-02	1.207063e-05	
1.831493e-02	6.200820e-06	
1.831493e-02	1.093411e-05	
1.750508e-02	6.533779e-06	
2.511599e-02	2.832008e-05	
2.080205e-02	3.397307e-06	
2.080205e-02	2.813342e-05	
1.889568e-02	1.705753e-05	
1.816180e-02	1.857033e-05	
1.712605e-02	3.553278e-06	
1.365070e-02	6.875340e-06	
1.365070e-02	1.143264e-06	
2.630756e-02	3.929999e-05	
2.111010e-02	2.159611e-05	
2.111010e-02	2.055132e-05	
2.011131e-02	2.286786e-05	
1.491458e-02	5.742296e-05	
2.471594e-02	1.000570e-04	
2.229133e-02	2.362583e-06	
2.345591e-02	1.222894e-04	
1.971055e-02	8.062744e-05	
1.971055e-02	4.221292e-05	
2.535628e-02	4.738667e-06	
2.535628e-02	5.098811e-05	
2.338692e-02	1.772281e-07	
2.338692e-02	3.165442e-05	
1.594640e-02	3.223351e-05	
2.330759e-02	1.801347e-05	
2.053637e-02	2.077379e-05	
1.563795e-02	1.095266e-05	
1.474906e-02	2.895948e-05	
2.285722e-02	7.195031e-05	
1.910591e-02	8.964624e-06	
1.722641e-02	2.331704e-05	
1.783445e-02	6.070901e-06	
2.090322e-02	2.075216e-05	
2.090322e-02	4.650465e-05	
1.910509e-02	4.206870e-05	
2.246661e-02	7.158850e-06	
2.246661e-02	5.757566e-05	
1.777136e-02	4.207859e-05	
1.825193e-02	2.271649e-05	
1.457535e-02	5.674537e-05	
1.365479e-02	3.477257e-05	
1.632236e-02	1.604413e-05	
1.632236e-02	8.346803e-06	
2.647811e-02	3.168495e-05	
2.734915e-02	3.415809e-05	
1.359409e-02	1.994878e-05	
1.359409e-02	1.047799e-05	
1.546913e-02	6.477463e-05	
1.546913e-02	9.803004e-05	
2.178162e-02	3.100136e-05	
1.832730e-02	1.377629e-05	
1.491458e-02	6.886109e-05	
1.786879e-02	2.277843e-05	
2.334992e-02	1.054291e-04	
2.193130e-02	1.303579e-04	
2.193130e-02	1.402683e-04	
2.436694e-02	8.971512e-05	
1.770183e-02	1.082650e-04	
1.770183e-02	8.038272e-05	
2.063310e-02	6.691067e-05	
1.639793e-02	2.221456e-05	
2.404483e-02	6.896879e-05	
1.901793e-02	8.683459e-06	
2.053637e-02	1.317156e-05	
1.191910e-02	3.877865e-05	
1.191910e-02	7.481263e-05	
1.812592e-02	1.085048e-04	
1.812592e-02	1.066133e-04	
1.722641e-02	1.306160e-05	
2.435588e-02	3.727551e-05	
2.245731e-02	7.227542e-07	
2.518161e-02	2.658597e-05	
1.910509e-02	5.269310e-05	
1.685107e-02	1.502617e-05	
1.962435e-02	2.742964e-05	
1.777136e-02	4.572829e-05	
1.813846e-02	1.310373e-05	
1.294066e-02	2.651825e-06	
1.365479e-02	4.729139e-05	
2.225821e-02	2.786214e-05	
2.225821e-02	4.048405e-05	
1.587485e-02	1.509905e-05	
2.253550e-02	1.420910e-05	
2.128026e-02	6.241291e-05	
1.896392e-02	8.389044e-07	
1.520227e-02	2.449145e-05	
1.520227e-02	3.531194e-05	
2.149325e-02	5.544388e-05	
2.149325e-02	5.749125e-05	
1.513234e-02	9.304346e-06	
1.513234e-02	2.574535e-05	
2.528949e-02	5.381685e-05	
1.946770e-02	5.863722e-05	
2.256031e-02	1.298951e-04	
2.397453e-02	1.118374e-04	
2.192429e-02	8.477869e-05	
2.192429e-02	6.515808e-05	
2.199801e-02	1.990723e-05	
1.639793e-02	3.497051e-05	
1.385191e-02	9.542096e-06	
1.385191e-02	1.107550e-05	
2.380484e-02	5.606581e-05	
2.277781e-02	3.346260e-05	
1.689918e-02	4.672819e-05	
1.689918e-02	8.248769e-06	
2.048137e-02	2.915148e-05	
1.965759e-02	4.350595e-05	
1.851894e-02	9.784012e-05	
1.851894e-02	8.627469e-05	
2.408258e-02	2.234598e-05	
2.408258e-02	3.251615e-05	
1.685107e-02	5.407762e-05	
1.750266e-02	4.095645e-05	
2.835605e-02	9.248550e-06	
1.813846e-02	3.363442e-06	
1.294066e-02	2.078571e-05	
2.454746e-02	3.217078e-05	
2.123484e-02	6.865668e-05	
1.972274e-02	5.270419e-05	
1.587485e-02	2.428581e-05	
2.274484e-02	1.863926e-05	
2.128026e-02	3.743126e-05	
1.896392e-02	7.493033e-06	
2.168357e-02	3.417271e-05	
1.813623e-02	5.142443e-05	
2.242175e-02	6.977435e-05	
2.114889e-02	9.731220e-05	
1.982931e-02	1.261873e-04	
2.596448e-02	4.666865e-05	
2.190428e-02	3.940208e-05	
1.946770e-02	1.335250e-04	
2.191987e-02	2.312566e-04	
2.104281e-02	9.440698e-05	
2.332030e-02	7.553005e-05	
2.264010e-02	3.445631e-05	
2.199801e-02	2.661592e-05	
1.925816e-02	4.339015e-05	
1.925816e-02	5.674067e-05	
2.079187e-02	9.819101e-05	
1.564464e-02	7.911254e-05	
2.274232e-02	6.563348e-06	
2.142410e-02	2.349656e-05	
2.267957e-02	4.399560e-07	
1.819453e-02	1.987341e-05	
1.819453e-02	2.553739e-05	
2.055931e-02	1.435412e-05	
2.040706e-02	6.809499e-05	
2.036254e-02	4.306489e-05	
1.493413e-02	3.594326e-05	
2.775801e-02	8.291158e-05	
2.322785e-02	8.566588e-05	
2.171905e-02	3.553003e-05	
2.084789e-02	4.797052e-05	
2.084789e-02	6.330792e-05	
1.973405e-02	1.933758e-05	
2.123484e-02	6.042725e-05	
1.467556e-02	5.517229e-05	
1.467556e-02	7.678292e-05	
1.368582e-02	4.972208e-05	
1.846286e-02	5.874851e-05	
1.507330e-02	4.450039e-05	
1.812741e-02	1.026843e-04	
2.114359e-02	4.383389e-05	
2.573790e-02	8.876855e-05	
2.445718e-02	6.888094e-05	
1.607206e-02	7.450327e-05	
1.607206e-02	4.572415e-05	
2.458231e-02	1.012231e-04	
2.234339e-02	1.409640e-04	
2.234339e-02	1.800469e-04	
2.104281e-02	7.261625e-05	
2.090613e-02	7.579576e-05	
2.090613e-02	4.681163e-05	
2.563921e-02	4.455404e-05	
2.337012e-02	1.331733e-05	
2.460635e-02	5.504249e-05	
1.219916e-02	9.893190e-05	
1.219916e-02	6.858662e-05	
1.697337e-02	1.311945e-05	
2.364713e-02	7.528409e-06	
2.277773e-02	1.709976e-05	
2.479354e-02	3.823682e-06	
2.399386e-02	9.399382e-08	
2.055931e-02	3.456420e-06	
2.395013e-02	3.428583e-05	
1.934524e-02	2.134401e-05	
1.493413e-02	6.474837e-05	
1.770332e-02	6.946767e-05	
1.605494e-02	4.152406e-05	
1.605494e-02	3.988069e-05	
1.270031e-02	6.963051e-05	
1.270031e-02	6.139976e-05	
1.973405e-02	1.125127e-05	
1.756066e-02	2.141480e-05	
2.322084e-02	6.014925e-05	
1.782202e-02	4.721364e-05	
1.368582e-02	6.972606e-05	
1.808844e-02	3.734783e-05	
1.507330e-02	2.324454e-05	
1.812741e-02	1.192513e-04	
2.114359e-02	5.450913e-05	
1.550052e-02	7.271131e-05	
1.550052e-02	1.304678e-04	
1.943323e-02	2.700062e-05	
1.943323e-02	1.854905e-05	
2.447507e-02	1.191905e-04	
1.640780e-02	7.244003e-05	
2.432457e-02	9.525540e-05	
1.765503e-02	5.555534e-05	
2.036028e-02	7.237200e-05	
2.088452e-02	8.058738e-05	
2.088452e-02	9.346493e-05	
1.604312e-02	2.026981e-05	
1.604312e-02	4.763240e-06	
2.309640e-02	3.263642e-05	
1.891392e-02	1.717530e-06	
1.697337e-02	1.719366e-05	
2.364713e-02	3.744851e-07	
1.706552e-02	2.734627e-05	
1.706552e-02	3.418010e-05	
2.648799e-02	8.409699e-05	
2.291300e-02	7.096261e-05	
2.137172e-02	3.228832e-06	
2.151423e-02	6.737058e-05	
1.927795e-02	6.889818e-05	
1.770332e-02	9.311233e-05	
1.889838e-02	4.070674e-05	
2.484440e-02	5.596051e-05	
2.224723e-02	4.769249e-05	
2.442292e-02	3.799425e-05	
2.360284e-02	2.682566e-05	
1.756066e-02	2.813029e-05	
2.184766e-02	4.594131e-05	
2.184766e-02	8.158663e-05	
1.340149e-02	6.229062e-05	
1.340149e-02	7.059983e-05	
1.916552e-02	2.374232e-05	
2.099001e-02	8.534282e-05	
2.118912e-02	5.417322e-05	
1.563496e-02	8.213693e-05	
1.442694e-02	3.852365e-05	
1.442694e-02	1.040250e-04	
1.973087e-02	6.501437e-05	
2.285646e-02	9.513116e-05	
1.640780e-02	1.088056e-04	
2.441767e-02	1.190246e-04	
1.765503e-02	5.593595e-05	
2.036028e-02	5.558391e-05	
2.060846e-02	6.832520e-05	
2.060846e-02	7.188975e-05	
1.767550e-02	3.673605e-05	
1.570386e-02	6.182958e-05	
2.191814e-02	7.025451e-05	
1.489534e-02	4.288712e-05	
1.489534e-02	4.319879e-05	
2.814976e-02	2.818961e-06	
1.980005e-02	2.467903e-05	
1.798167e-02	3.411550e-05	
2.216949e-02	3.493046e-05	
2.416608e-02	8.293055e-05	
1.350558e-02	6.042029e-05	
1.350558e-02	5.937163e-05	
2.039541e-02	7.327610e-05	
2.257774e-02	9.216266e-05	
1.889838e-02	7.810682e-05	
1.826512e-02	3.372850e-05	
2.224723e-02	6.395722e-05	
2.425622e-02	4.660579e-05	
1.590726e-02	7.046238e-05	
1.590726e-02	7.883982e-05	
2.294547e-02	5.128936e-05	
2.254567e-02	8.085690e-05	
1.487261e-02	1.094961e-04	
1.487261e-02	1.030041e-04	
1.916552e-02	5.388209e-05	
1.970271e-02	7.786674e-05	
1.970271e-02	1.141220e-04	
1.563496e-02	1.115668e-04	
2.415168e-02	4.347406e-05	
1.973087e-02	5.797754e-05	
1.752150e-02	4.785250e-05	
2.285646e-02	1.965679e-04	
2.089807e-02	2.974954e-04	
2.089807e-02	1.258404e-04	
2.055357e-02	1.356789e-04	
2.055357e-02	1.296628e-04	
2.069060e-02	5.451283e-05	
2.114074e-02	2.257716e-05	
1.598963e-02	3.983863e-05	
1.570386e-02	8.414809e-05	
2.424718e-02	9.940926e-05	
2.291033e-02	2.102145e-05	
2.239023e-02	5.004353e-05	
1.948542e-02	5.942381e-06	
1.948542e-02	4.433083e-05	
2.186648e-02	6.254529e-05	
2.186648e-02	6.997985e-05	
1.520206e-02	3.311999e-05	
1.520206e-02	2.805717e-05	
1.395765e-02	3.799616e-05	
1.395765e-02	4.060780e-05	
2.423057e-02	1.119268e-04	
1.555929e-02	4.810015e-05	
1.555929e-02	6.284897e-05	
1.791205e-02	4.424700e-05	
1.791205e-02	5.564223e-05	
2.215584e-02	7.569746e-05	
2.214026e-02	6.051842e-05	
2.214026e-02	3.529796e-05	
2.114197e-02	7.267423e-05	
1.510867e-02	9.229322e-05	
1.301155e-02	1.055553e-04	
1.301155e-02	8.587569e-05	
2.308782e-02	1.226883e-04	
2.420157e-02	1.014817e-04	
1.230834e-02	1.277757e-04	
1.230834e-02	1.215816e-04	
1.915375e-02	1.731009e-04	
1.752150e-02	9.668544e-05	
2.439511e-02	2.320578e-04	
2.269686e-02	3.262278e-04	
2.134578e-02	9.966075e-05	
2.134578e-02	6.464394e-05	
2.164665e-02	8.748094e-05	
2.069060e-02	5.224875e-05	
2.058741e-02	8.579803e-05	
1.526790e-02	3.669108e-05	
2.123168e-02	1.232566e-04	
1.693754e-02	4.647341e-05	
1.896959e-02	4.277067e-05	
1.896959e-02	2.122555e-05	
1.604063e-02	6.495370e-05	
2.080409e-02	9.198926e-05	
1.916909e-02	4.327458e-05	
1.916909e-02	3.610306e-05	
1.688830e-02	5.333383e-05	
1.688830e-02	5.495859e-05	
1.516802e-02	6.098606e-05	
1.516802e-02	7.431933e-05	
2.668377e-02	6.179594e-06	
1.867573e-02	6.422656e-05	
1.541093e-02	5.257178e-05	
1.909001e-02	6.851774e-05	
2.107788e-02	2.310748e-05	
2.215584e-02	4.841253e-05	
1.187430e-02	5.814134e-05	
1.187430e-02	5.873245e-05	
2.280310e-02	2.621848e-05	
1.510867e-02	9.999410e-05	
1.522327e-02	1.272254e-04	
2.022702e-02	9.440741e-05	
1.960842e-02	5.239701e-05	
1.960842e-02	1.118336e-04	
1.704498e-02	1.680498e-04	
2.632447e-02	8.495028e-05	
1.933401e-02	1.326302e-04	
2.271336e-02	9.039960e-05	
2.225454e-02	1.310897e-04	
1.798461e-02	2.123549e-04	
2.057723e-02	6.772816e-05	
1.499486e-02	1.220447e-04	
2.241156e-02	1.570305e-04	
1.887049e-02	4.757886e-05	
1.887049e-02	5.148582e-05	
1.526790e-02	2.607781e-05	
2.152260e-02	1.206062e-05	
1.693754e-02	4.787216e-05	
1.945844e-02	2.973472e-05	
2.093005e-02	4.081722e-05	
1.580127e-02	7.367628e-05	
1.580127e-02	8.901290e-05	
1.883125e-02	4.852914e-05	
2.493728e-02	4.476756e-05	
1.476898e-02	9.020784e-05	
1.200336e-02	9.557168e-05	
2.145932e-02	1.347533e-04	
1.416918e-02	1.012654e-04	
2.148410e-02	4.343269e-05	
2.148410e-02	4.911402e-05	
1.541093e-02	7.715788e-05	
2.084088e-02	2.804738e-05	
1.890619e-02	3.177063e-05	
1.890619e-02	1.706021e-05	
2.092709e-02	7.108941e-05	
2.185357e-02	2.669260e-05	
1.492434e-02	2.933482e-05	
2.968503e-02	9.274839e-05	
1.522327e-02	1.394391e-04	
1.737100e-02	7.803034e-05	
2.291602e-02	9.059168e-05	
1.531669e-02	1.268536e-04	
1.980015e-02	1.887425e-04	
1.680695e-02	1.366807e-04	
1.680695e-02	1.104960e-04	
2.271336e-02	2.097836e-04	
2.259745e-02	1.643042e-04	
2.075623e-02	3.759618e-04	
2.507139e-02	5.187358e-05	
1.427031e-02	1.270041e-04	
1.427031e-02	1.292091e-04	
1.921442e-02	4.382295e-05	
2.149395e-02	5.576284e-05	
2.590782e-02	1.784930e-05	
1.862989e-02	9.126118e-05	
2.085855e-02	8.977236e-05	
1.928891e-02	3.893260e-05	
2.093005e-02	4.189156e-05	
2.458764e-02	7.884847e-05	
2.522541e-02	5.014762e-05	
1.883125e-02	6.288742e-05	
1.950933e-02	3.451877e-05	
1.657312e-02	2.752148e-05	
1.200336e-02	8.380045e-05	
1.762473e-02	3.604166e-05	
1.416918e-02	1.089998e-04	
1.194504e-02	7.347761e-05	
1.307423e-02	8.205523e-05	
1.664386e-02	8.117661e-05	
1.673844e-02	8.749942e-05	
1.673844e-02	4.584109e-05	
2.200490e-02	3.085169e-05	
2.068630e-02	3.514137e-05	
2.068630e-02	3.683544e-05	
1.492434e-02	3.683775e-05	
1.977939e-02	4.644202e-06	
1.838448e-02	1.213691e-04	
1.730627e-02	7.910469e-05	
1.924633e-02	7.940444e-05	
1.531669e-02	1.328227e-04	
1.857139e-02	1.676347e-04	
1.857139e-02	1.118620e-04	
2.203913e-02	1.606094e-04	
2.326154e-02	1.715958e-04	
2.606587e-02	2.984218e-04	
1.920476e-02	2.031816e-04	
2.593597e-02	8.410876e-05	
1.892857e-02	1.150726e-04	
1.892857e-02	2.088613e-04	
1.691168e-02	9.973373e-05	
1.691168e-02	8.273408e-05	
1.533383e-02	6.386033e-05	
1.533383e-02	5.078640e-05	
2.085855e-02	2.826756e-05	
1.812363e-02	4.206484e-05	
1.812363e-02	4.361887e-05	
2.195644e-02	6.874194e-05	
2.645278e-02	6.488908e-05	
2.282034e-02	3.941482e-05	
1.534690e-02	5.101203e-05	
1.534690e-02	4.258243e-05	
2.947135e-02	2.387366e-05	
1.762473e-02	4.426032e-05	
2.307812e-02	6.453027e-05	
1.194504e-02	8.345569e-05	
1.713581e-02	5.236919e-05	
1.664386e-02	7.219455e-05	
2.206059e-02	2.483432e-05	
2.009034e-02	7.075322e-05	
2.347285e-02	2.190523e-05	
2.004644e-02	4.510416e-05	
2.004644e-02	5.184941e-05	
2.204561e-02	2.113810e-05	
1.977939e-02	1.353479e-05	
1.881902e-02	9.278382e-05	
1.730627e-02	7.994969e-05	
1.899718e-02	8.009983e-05	
2.326648e-02	1.567141e-04	
2.326648e-02	1.528809e-04	
1.880040e-02	8.224406e-05	
2.061436e-02	2.065984e-04	
1.691919e-02	1.449427e-04	
2.116963e-02	1.826742e-04	
1.628315e-02	3.596574e-04	
1.628315e-02	2.114500e-04	
1.989264e-02	5.537747e-05	
2.547169e-02	1.408381e-04	
1.981445e-02	7.859605e-05	
1.907766e-02	6.695387e-05	
1.751500e-02	5.341941e-05	
2.059420e-02	9.345941e-05	
2.372645e-02	4.742349e-05	
2.584246e-02	9.965744e-06	
1.932420e-02	1.030055e-04	
1.519624e-02	4.933704e-05	
1.519624e-02	3.214247e-05	
2.004401e-02	7.922022e-05	
1.686152e-02	8.409452e-05	
1.686152e-02	7.896627e-05	
1.132726e-02	5.537657e-05	
1.334155e-02	4.977090e-05	
2.307812e-02	7.401690e-05	
1.598338e-02	7.240163e-05	
1.713581e-02	8.996134e-05	
1.735287e-02	8.401949e-06	
2.206059e-02	7.495735e-05	
1.558007e-02	6.722482e-05	
1.558007e-02	7.623501e-05	
2.597104e-02	6.588985e-05	
1.794565e-02	1.082431e-04	
1.676154e-02	1.044830e-04	
2.090156e-02	8.859034e-05	
1.881902e-02	8.237593e-05	
1.838306e-02	1.097664e-04	
1.838306e-02	9.619164e-05	
2.598831e-02	1.197998e-04	
2.057590e-02	9.637877e-05	
2.057590e-02	1.265203e-04	
1.317895e-02	1.873016e-04	
1.317895e-02	2.356203e-04	
2.166517e-02	1.988123e-04	
1.946623e-02	1.710085e-04	
2.642687e-02	2.911671e-04	
1.332068e-02	8.664555e-05	
1.332068e-02	5.261175e-05	
1.981445e-02	3.606513e-05	
1.907766e-02	4.645357e-05	
1.751500e-02	7.680709e-05	
1.958190e-02	7.536644e-05	
1.976899e-02	4.708513e-05	
2.401373e-02	1.663450e-05	
1.932420e-02	9.429582e-05	
2.015979e-02	2.453109e-05	
2.015979e-02	1.043897e-05	
2.004401e-02	4.501269e-05	
2.172256e-02	4.406011e-05	
2.007910e-02	4.446141e-05	
1.132726e-02	4.534572e-05	
2.077593e-02	3.807668e-05	
2.077593e-02	3.984062e-05	
1.598338e-02	7.878642e-05	
1.265800e-02	3.354566e-05	
1.735287e-02	3.532251e-05	
2.083700e-02	1.207080e-05	
1.901645e-02	9.325037e-05	
1.715662e-02	5.941540e-05	
1.715662e-02	4.811049e-05	
2.250060e-02	7.910793e-05	
1.676154e-02	1.030077e-04	
2.090156e-02	8.391885e-05	
2.199630e-02	1.145619e-04	
2.199630e-02	1.506100e-04	
2.239169e-02	1.022053e-04	
2.153496e-02	1.357706e-04	
2.153496e-02	1.050951e-04	
2.232471e-02	1.608018e-04	
2.232471e-02	2.799725e-04	
1.509499e-02	1.790255e-04	
1.509499e-02	2.864415e-04	
1.946623e-02	2.269164e-04	
2.234547e-02	2.685612e-04	
1.496435e-02	1.592507e-04	
1.496435e-02	9.503881e-05	
2.723114e-02	5.251635e-05	
2.209843e-02	8.660087e-05	
1.475985e-02	1.000197e-04	
2.149331e-02	9.752713e-05	
1.976899e-02	6.462601e-05	
1.804912e-02	3.652482e-06	
2.118770e-02	1.394189e-05	
2.015793e-02	2.910482e-05	
2.015793e-02	2.290804e-05	
2.378455e-02	3.922841e-05	
2.143439e-02	9.628055e-05	
2.143439e-02	6.551326e-05	
1.445646e-02	5.540051e-05	
1.983996e-02	6.723387e-05	
1.758760e-02	1.111951e-05	
2.727246e-02	1.905807e-05	
1.265800e-02	4.290177e-05	
1.839522e-02	4.348312e-05	
1.935352e-02	3.135521e-05	
1.935352e-02	4.788118e-05	
2.057579e-02	8.406862e-05	
1.899662e-02	3.282967e-05	
2.030973e-02	5.789213e-05	
1.647025e-02	6.741746e-05	
1.647025e-02	1.032011e-04	
2.448532e-02	1.058400e-04	
2.224372e-02	1.061395e-04	
2.008147e-02	7.242728e-05	
1.912266e-02	1.254251e-04	
2.103077e-02	6.922815e-05	
2.290437e-02	1.980971e-04	
2.291732e-02	1.463295e-04	
1.322969e-02	2.444868e-04	
2.090338e-02	1.726654e-04	
1.674924e-02	2.555767e-04	
1.674924e-02	3.727231e-04	
1.842021e-02	1.522948e-04	
2.120522e-02	1.698829e-04	
2.120830e-02	2.891837e-05	
2.214182e-02	7.608173e-05	
1.475985e-02	7.979029e-05	
1.905450e-02	8.730211e-05	
1.905450e-02	5.842137e-05	
1.804912e-02	5.835130e-06	
1.856260e-02	8.186861e-06	
2.039221e-02	2.707158e-05	
1.681774e-02	6.336371e-05	
1.681774e-02	5.426808e-05	
2.230180e-02	4.521802e-05	
2.444431e-02	5.649175e-05	
1.445646e-02	5.259560e-05	
1.618492e-02	4.633517e-05	
1.758760e-02	9.985929e-06	
2.474492e-02	1.803766e-06	
2.485426e-02	1.742413e-05	
1.474751e-02	3.515949e-05	
1.474751e-02	6.304913e-05	
2.248025e-02	3.855572e-05	
1.881628e-02	1.342110e-04	
1.464435e-02	1.115655e-04	
1.755288e-02	8.637765e-05	
2.409665e-02	1.185116e-04	
2.448532e-02	9.804986e-05	
2.624984e-02	8.790266e-05	
1.907810e-02	7.166316e-05	
1.907810e-02	1.085037e-04	
1.401832e-02	1.118559e-04	
1.401832e-02	9.921754e-05	
2.018281e-02	1.257904e-04	
2.018281e-02	1.204572e-04	
1.322969e-02	2.707320e-04	
2.161959e-02	4.005740e-04	
1.526130e-02	2.342915e-04	
1.526130e-02	2.730082e-04	
2.593533e-02	2.900532e-04	
2.120522e-02	2.025401e-04	
1.625050e-02	1.169439e-04	
1.625050e-02	9.488987e-05	
2.609035e-02	9.718660e-05	
2.384544e-02	7.263430e-05	
2.516999e-02	6.552080e-05	
2.244044e-02	7.271869e-05	
1.865533e-02	3.238474e-05	
2.039221e-02	1.057340e-05	
2.126024e-02	4.318845e-05	
2.226000e-02	3.758617e-05	
2.230180e-02	4.750431e-05	
2.284233e-02	6.098403e-05	
2.476871e-02	6.500156e-05	
1.257653e-02	5.560441e-05	
1.257653e-02	5.491119e-05	
1.752843e-02	4.074558e-05	
1.799707e-02	4.772099e-05	
2.182639e-02	6.908756e-05	
2.103030e-02	3.840659e-05	
1.620200e-02	5.156346e-05	
1.652530e-02	1.037437e-04	
1.464435e-02	1.034934e-04	
1.755288e-02	8.161964e-05	
2.409665e-02	1.077069e-04	
2.567964e-02	1.200020e-04	
1.733904e-02	1.112051e-04	
1.733904e-02	1.449978e-04	
1.776799e-02	9.800061e-05	
1.776799e-02	1.562704e-04	
2.800493e-02	5.019475e-05	
1.637428e-02	1.410755e-04	
1.820920e-02	2.414553e-04	
2.418821e-02	2.951755e-04	
2.061644e-02	3.538750e-04	
1.831644e-02	1.571396e-04	
2.277047e-02	2.205869e-04	
2.373518e-02	1.570368e-04	
1.586127e-02	7.248280e-05	
1.875821e-02	1.403098e-04	
1.836213e-02	1.334761e-04	
1.717149e-02	6.823223e-05	
1.717149e-02	5.089608e-05	
1.818951e-02	4.290115e-05	
1.505590e-02	2.515618e-05	
1.505590e-02	4.270383e-05	
1.942265e-02	1.737155e-05	
1.942265e-02	2.654133e-05	
2.226000e-02	6.898338e-05	
2.281793e-02	5.894492e-05	
2.284233e-02	7.701070e-05	
1.700442e-02	4.181780e-05	
1.700442e-02	4.351686e-05	
2.076974e-02	5.986699e-05	
1.752843e-02	4.083405e-05	
1.812912e-02	4.578197e-05	
2.240118e-02	5.139813e-05	
2.106987e-02	4.404335e-05	
1.620200e-02	8.241525e-05	
2.233463e-02	9.970664e-05	
2.139396e-02	9.300061e-05	
1.862625e-02	9.986259e-05	
1.873889e-02	1.350970e-04	
2.078273e-02	1.079431e-04	
1.986916e-02	1.586985e-04	
1.515271e-02	1.481439e-04	
1.687864e-02	1.700216e-04	
1.638109e-02	8.512086e-05	
1.638109e-02	1.283184e-04	
1.637428e-02	1.139650e-04	
1.820920e-02	2.033145e-04	
2.418821e-02	2.814638e-04	
2.067500e-02	2.625385e-04	
1.831644e-02	2.660266e-04	
1.785579e-02	1.222131e-04	
1.785579e-02	4.134692e-05	
1.586127e-02	8.715982e-05	
1.752441e-02	5.968435e-05	
1.752441e-02	7.670606e-05	
1.724907e-02	6.130624e-05	
2.058986e-02	4.011908e-05	
1.818951e-02	1.634601e-06	
1.988806e-02	2.263083e-05	
1.838794e-02	2.348597e-05	
1.971832e-02	4.102722e-05	
1.930023e-02	4.396331e-05	
2.077774e-02	6.366439e-05	
2.281793e-02	6.033514e-05	
2.378302e-02	1.477072e-05	
1.708917e-02	2.925935e-05	
1.839997e-02	5.456076e-05	
1.839997e-02	8.799293e-05	
1.979242e-02	5.043861e-05	
2.597065e-02	3.979890e-05	
2.182272e-02	5.662452e-05	
2.106987e-02	8.676732e-05	
2.140196e-02	7.463288e-05	
2.233463e-02	1.115723e-04	
1.287141e-02	7.529585e-05	
1.862625e-02	7.281021e-05	
1.590944e-02	1.174451e-04	
1.590944e-02	1.001801e-04	
2.199137e-02	1.258810e-04	
1.515271e-02	1.789873e-04	
2.089485e-02	6.652094e-05	
2.325631e-02	1.309056e-04	
2.043526e-02	1.008314e-04	
1.573337e-02	1.514289e-04	
1.996075e-02	2.507326e-04	
1.996075e-02	3.553543e-04	
1.980164e-02	4.956225e-04	
2.290494e-02	1.705916e-04	
1.819658e-02	1.124589e-04	
2.624222e-02	1.440159e-04	
2.570589e-02	9.672748e-05	
1.914042e-02	6.658487e-05	
1.914042e-02	9.906458e-05	
1.990593e-02	1.667870e-05	
1.978798e-02	6.516937e-05	
1.831484e-02	6.385101e-05	
2.313025e-02	2.935707e-05	
1.838794e-02	1.689228e-05	
2.446311e-02	2.633449e-05	
1.930023e-02	2.519156e-05	
2.077774e-02	3.954009e-05	
2.765730e-02	2.681003e-06	
1.534384e-02	2.139498e-05	
1.534384e-02	2.565625e-05	
2.186462e-02	4.520219e-05	
2.248008e-02	5.052756e-05	
1.979242e-02	3.774517e-05	
1.348433e-02	4.833734e-05	
1.348433e-02	5.239925e-05	
2.119759e-02	9.328226e-05	
2.474239e-02	8.806724e-05	
2.202511e-02	7.179359e-05	
1.287141e-02	8.868154e-05	
1.840941e-02	9.254439e-05	
2.662208e-02	8.023287e-05	
2.254194e-02	9.759714e-05	
2.199137e-02	1.441505e-04	
2.048955e-02	9.413975e-05	
2.048955e-02	9.840227e-05	
1.888667e-02	1.097641e-04	
2.043526e-02	1.768634e-04	
1.573337e-02	1.437944e-04	
2.206474e-02	1.564008e-04	
1.437860e-02	3.594168e-04	
1.641303e-02	3.799885e-04	
2.290494e-02	4.354973e-04	
1.819658e-02	1.877849e-04	
1.620782e-02	2.181777e-04	
1.620782e-02	1.080418e-04	
2.024647e-02	2.477989e-05	
2.091470e-02	6.450212e-05	
2.023241e-02	3.641203e-05	
1.978798e-02	6.775717e-05	
1.831484e-02	5.106347e-05	
1.641772e-02	4.994623e-05	
1.321591e-02	2.361045e-05	
1.321591e-02	2.354864e-06	
1.809773e-02	4.033152e-05	
1.809773e-02	2.349327e-05	
1.809804e-02	2.878266e-05	
1.809804e-02	2.075100e-05	
1.913938e-02	7.331399e-05	
1.913938e-02	8.493032e-05	
1.799404e-02	3.508607e-05	
1.517358e-02	6.390458e-05	
1.517358e-02	5.393695e-05	
1.878233e-02	5.658634e-05	
2.103353e-02	9.174322e-05	
2.484913e-02	6.341567e-05	
2.202511e-02	9.459806e-05	
1.435864e-02	1.020045e-04	
1.435864e-02	1.048408e-04	
1.643445e-02	9.665307e-05	
2.192330e-02	1.282570e-04	
2.416861e-02	1.257293e-04	
2.175189e-02	1.287592e-04	
2.154239e-02	9.303847e-05	
1.888667e-02	1.432883e-04	
1.530360e-02	9.291897e-05	
1.530360e-02	9.605872e-05	
2.407917e-02	1.914967e-04	
1.437860e-02	3.665901e-04	
1.917669e-02	3.180539e-04	
1.964700e-02	2.014550e-04	
1.223509e-02	1.909792e-04	
1.987575e-02	1.872074e-04	
2.343068e-02	7.233379e-05	
2.024647e-02	1.120484e-04	
2.416709e-02	6.802537e-05	
2.360163e-02	4.355538e-05	
1.523501e-02	5.428673e-05	
1.523501e-02	4.819516e-05	
1.641772e-02	3.825362e-05	
2.299235e-02	5.634546e-06	
1.774491e-02	4.283404e-05	
1.774491e-02	2.702467e-05	
2.529993e-02	4.843729e-05	
1.851229e-02	3.832929e-05	
2.306202e-02	2.882522e-05	
1.715695e-02	6.049827e-05	
1.715695e-02	5.710881e-05	
1.743745e-02	3.726198e-05	
1.743745e-02	2.027907e-05	
1.667993e-02	5.197089e-05	
1.667993e-02	6.052640e-05	
1.349175e-02	4.285660e-05	
1.349175e-02	3.788114e-05	
1.860521e-02	8.702046e-05	
1.966764e-02	9.138991e-05	
1.791734e-02	6.977735e-05	
1.643445e-02	8.479746e-05	
2.191274e-02	1.144602e-04	
2.416861e-02	1.342486e-04	
1.787373e-02	1.091479e-04	
1.787373e-02	1.181067e-04	
2.042375e-02	9.736086e-05	
1.890402e-02	1.270614e-04	
2.124987e-02	8.389260e-05	
2.553638e-02	1.717512e-04	
2.367724e-02	3.233534e-04	
2.367724e-02	1.913738e-04	
1.933724e-02	1.611892e-04	
1.223509e-02	2.371667e-04	
2.544238e-02	3.906345e-05	
2.329599e-02	1.178374e-04	
2.329599e-02	1.365041e-04	
1.799965e-02	6.260693e-05	
1.799965e-02	3.371467e-05	
1.680475e-02	1.934184e-05	
1.730252e-02	4.224331e-05	
1.730252e-02	4.343555e-05	
1.672728e-02	5.338818e-05	
1.964577e-02	4.108774e-05	
1.190229e-02	3.307739e-05	
1.634960e-02	2.183014e-05	
1.851229e-02	3.586485e-05	
1.802817e-02	2.797629e-05	
2.015921e-02	5.928013e-05	
1.271410e-02	4.239644e-05	
1.195294e-02	7.134779e-05	
1.195294e-02	6.830897e-05	
1.957129e-02	6.980617e-05	
2.137234e-02	9.690063e-05	
1.710482e-02	6.655663e-05	
2.199145e-02	1.908733e-05	
1.860521e-02	5.252375e-05	
1.966764e-02	6.961796e-05	
1.663296e-02	6.965388e-05	
2.138516e-02	1.080539e-04	
2.646372e-02	7.485603e-05	
2.501539e-02	1.200010e-04	
2.038069e-02	1.289317e-04	
2.482820e-02	8.099209e-05	
1.761602e-02	1.412548e-04	
1.761602e-02	1.431327e-04	
2.050967e-02	1.050889e-04	
2.616178e-02	1.247505e-04	
2.339956e-02	2.732103e-04	
1.518805e-02	2.416493e-04	
1.933724e-02	2.790372e-04	
2.341570e-02	3.237698e-04	
2.696495e-02	2.203732e-04	
1.481120e-02	1.387648e-04	
1.481120e-02	1.352305e-04	
1.627353e-02	8.687699e-05	
1.961699e-02	8.332138e-05	
1.923504e-02	6.632922e-05	
1.923504e-02	4.182931e-05	
2.742267e-02	6.309611e-05	
1.672728e-02	3.668744e-05	
1.964577e-02	2.502937e-06	
1.190229e-02	3.876458e-05	
1.337980e-02	3.511926e-05	
2.508090e-02	2.539817e-06	
1.802817e-02	4.577168e-05	
2.180369e-02	3.050118e-05	
1.271410e-02	4.197286e-05	
2.263904e-02	4.309991e-05	
2.089865e-02	6.944242e-05	
1.957129e-02	7.381013e-05	
1.396026e-02	4.305032e-05	
1.710482e-02	7.596333e-05	
2.169179e-02	1.459165e-05	
2.169179e-02	4.463820e-05	
2.830282e-02	6.814730e-05	
1.663296e-02	8.810620e-05	
2.272271e-02	4.500250e-05	
1.845986e-02	5.455124e-05	
1.845986e-02	8.514986e-05	
2.038069e-02	1.462319e-04	
2.017051e-02	1.062748e-04	
1.954411e-02	9.904845e-05	
1.954411e-02	1.585947e-04	
2.050967e-02	1.687066e-04	
2.030014e-02	1.592907e-04	
2.339956e-02	1.239197e-04	
1.518805e-02	2.829758e-04	
2.337346e-02	3.865590e-04	
1.753835e-02	4.020447e-04	
1.753835e-02	2.431232e-04	
2.066501e-02	1.188333e-04	
1.662419e-02	7.586391e-05	
1.627353e-02	1.113752e-04	
1.627525e-02	9.705949e-05	
2.273938e-02	5.147006e-05	
1.982044e-02	7.824265e-05	
2.154483e-02	8.510830e-05	
1.842947e-02	3.859361e-05	
1.842947e-02	5.418154e-05	
2.382748e-02	3.854017e-05	
1.911182e-02	4.251734e-05	
1.911182e-02	1.664176e-05	
2.373216e-02	3.059335e-05	
2.402541e-02	4.270469e-05	
2.402541e-02	4.751809e-05	
1.279180e-02	5.385113e-05	
1.279180e-02	4.942256e-05	
2.504258e-02	4.212801e-05	
1.396026e-02	5.842599e-05	
1.294055e-02	2.150231e-05	
2.181942e-02	5.879777e-05	
2.181942e-02	7.542469e-05	
2.381338e-02	8.550662e-05	
1.761094e-02	7.325564e-05	
2.226421e-02	8.479846e-05	
1.860152e-02	8.060437e-05	
2.197772e-02	3.653104e-05	
2.017051e-02	9.850091e-05	
1.809874e-02	9.250697e-05	
1.343643e-02	1.300403e-04	
2.066316e-02	7.206903e-05	
2.066316e-02	7.638210e-05	
2.030014e-02	8.037425e-05	
2.120952e-02	1.842585e-04	
2.107105e-02	1.329461e-04	
1.525534e-02	2.705878e-04	
2.265823e-02	2.714937e-04	
1.944591e-02	1.723656e-04	
2.439304e-02	9.769075e-05	
1.662419e-02	5.293470e-05	
1.965793e-02	5.232559e-05	
1.918173e-02	2.390814e-05	
1.915853e-02	1.049135e-04	
1.915853e-02	8.057569e-05	
2.154483e-02	6.364026e-05	
2.135704e-02	1.586163e-05	
2.152061e-02	2.330337e-05	
2.319176e-02	7.693908e-06	
1.983377e-02	2.724035e-05	
2.187472e-02	2.677521e-06	
2.210059e-02	3.465677e-05	
2.210059e-02	4.167292e-05	
1.774114e-02	4.567135e-05	
1.774606e-02	4.954560e-05	
1.500751e-02	4.855088e-05	
1.500751e-02	5.991474e-05	
2.525898e-02	4.525693e-05	
1.294055e-02	3.064222e-05	
2.181694e-02	2.248236e-05	
1.838290e-02	4.604744e-05	
1.698626e-02	5.332111e-05	
1.698626e-02	7.235903e-05	
2.335029e-02	9.130687e-05	
2.611698e-02	6.502240e-05	
1.915704e-02	3.988313e-05	
1.915704e-02	3.518321e-05	
2.442942e-02	1.108171e-04	
1.343643e-02	1.154744e-04	
1.894602e-02	3.387682e-05	
1.716994e-02	3.913867e-05	
1.920498e-02	1.476861e-04	
1.920498e-02	1.291565e-04	
2.225904e-02	3.044349e-04	
1.525534e-02	1.066711e-04	
1.172375e-02	1.394945e-04	
1.888069e-02	1.530486e-04	
1.888069e-02	6.387883e-05	
1.800575e-02	4.312297e-05	
1.800575e-02	1.060859e-04	
1.601538e-02	2.828808e-05	
1.601538e-02	5.151188e-05	
1.744440e-02	8.273523e-05	
1.744440e-02	9.562147e-05	
1.396663e-02	3.152555e-05	
2.646411e-02	3.008092e-05	
2.319176e-02	1.138491e-05	
2.395464e-02	2.619501e-05	
1.630846e-02	5.529413e-05	
1.948210e-02	4.002913e-05	
2.187305e-02	5.409335e-05	
1.774114e-02	6.651430e-05	
1.799731e-02	2.587524e-05	
2.211054e-02	6.998947e-05	
2.211054e-02	5.261044e-05	
1.874094e-02	1.712866e-05	
1.874094e-02	3.388551e-05	
2.209270e-02	2.952820e-05	
1.838290e-02	3.812009e-05	
1.814174e-02	5.336948e-05	
2.335029e-02	5.045282e-05	
2.054772e-02	5.785155e-05	
1.640378e-02	3.465534e-05	
1.812696e-02	6.791745e-05	
1.812696e-02	8.334034e-05	
1.693699e-02	7.567936e-05	
1.698987e-02	8.939094e-05	
1.894602e-02	1.921713e-05	
1.716994e-02	1.016470e-04	
1.650212e-02	6.230047e-05	
1.538932e-02	1.380975e-04	
2.394139e-02	4.183137e-04	
1.738390e-02	1.137533e-04	
1.172375e-02	1.769976e-04	
2.287818e-02	1.138545e-04	
2.505018e-02	4.350786e-05	
2.106416e-02	3.774969e-06	
2.349449e-02	1.143391e-04	
1.352297e-02	4.963079e-05	
1.352297e-02	5.111879e-05	
1.592885e-02	7.870789e-05	
1.592885e-02	8.628234e-05	
1.396663e-02	5.370459e-05	
2.474176e-02	1.940208e-05	
1.924764e-02	1.760125e-05	
1.924764e-02	7.896964e-06	
1.630846e-02	5.231498e-05	
1.948210e-02	1.775553e-05	
1.572774e-02	4.998354e-05	
1.572774e-02	5.640508e-05	
1.776913e-02	4.268133e-05	
1.776913e-02	3.357238e-05	
1.991450e-02	3.764789e-05	
1.356307e-02	1.523135e-05	
1.911130e-02	4.371668e-05	
1.491976e-02	2.789933e-05	
2.845471e-02	6.616036e-05	
1.413105e-02	6.232195e-05	
1.576163e-02	7.411457e-05	
2.220165e-02	4.521400e-05	
1.640378e-02	4.095246e-05	
1.660270e-02	4.782092e-05	
2.292025e-02	1.759251e-05	
1.693699e-02	1.340597e-04	
1.698987e-02	7.963700e-05	
1.941889e-02	2.837113e-05	
2.333004e-02	2.676077e-05	
1.650212e-02	1.003930e-04	
1.538932e-02	1.178761e-04	
1.805473e-02	2.085227e-04	
1.738390e-02	5.640539e-05	
1.916485e-02	1.710425e-04	
2.266952e-02	1.886817e-04	
1.862393e-02	7.346563e-05	
1.735698e-02	8.358303e-05	
2.366260e-02	1.142009e-04	
2.305207e-02	2.378833e-05	
1.306644e-02	4.325282e-05	
1.306644e-02	3.947726e-05	
1.761267e-02	7.058677e-05	
1.877683e-02	9.526066e-05	
1.876395e-02	4.963451e-05	
1.876395e-02	3.055530e-05	
1.928544e-02	4.430672e-05	
2.147806e-02	4.286231e-05	
2.192043e-02	3.833105e-05	
1.526501e-02	2.263731e-05	
2.189394e-02	4.530251e-05	
1.588739e-02	3.850152e-05	
1.588739e-02	3.167920e-05	
2.326994e-02	3.542833e-05	
1.356307e-02	2.432088e-05	
1.911130e-02	1.177653e-05	
1.491976e-02	1.212311e-05	
2.783923e-02	1.439759e-05	
1.413105e-02	4.779514e-05	
2.321955e-02	1.892601e-05	
1.547835e-02	1.034795e-05	
1.547835e-02	3.948751e-05	
2.183776e-02	6.153228e-05	
1.695041e-02	4.519303e-05	
2.328786e-02	1.185021e-04	
2.236126e-02	5.945294e-05	
1.772186e-02	5.012085e-05	
1.772186e-02	1.449297e-04	
1.905133e-02	9.634239e-05	
1.905133e-02	1.343467e-04	
1.805473e-02	1.540261e-04	
1.918805e-02	4.313245e-05	
1.682844e-02	1.360927e-04	
1.682844e-02	1.489405e-04	
1.862393e-02	5.054733e-05	
1.735698e-02	7.123063e-05	
2.050627e-02	2.829976e-05	
2.221896e-02	3.226715e-05	
2.087191e-02	4.587143e-06	
2.087191e-02	5.036930e-05	
1.761267e-02	3.662342e-05	
1.976988e-02	6.053861e-05	
1.976988e-02	4.566111e-05	
2.034805e-02	2.877895e-05	
1.928544e-02	2.478760e-05	
2.147806e-02	3.405222e-05	
1.802746e-02	1.636058e-05	
1.526501e-02	2.482358e-05	
2.232047e-02	1.341499e-05	
2.094877e-02	3.003406e-05	
1.887733e-02	2.268139e-05	
2.531889e-02	2.214978e-05	
2.531889e-02	5.876141e-05	
1.713751e-02	5.662102e-05	
1.376436e-02	4.690560e-05	
1.376436e-02	5.884907e-05	
2.137129e-02	6.346237e-05	
2.137129e-02	1.002320e-04	
2.703496e-02	7.316957e-05	
1.696751e-02	5.374714e-05	
1.696751e-02	7.670613e-05	
1.695041e-02	6.324480e-05	
2.053197e-02	1.005189e-04	
2.053197e-02	7.145204e-05	
1.880014e-02	1.131076e-04	
1.637359e-02	1.410621e-04	
1.637359e-02	2.270532e-04	
2.173690e-02	1.339726e-04	
2.035466e-02	2.104458e-04	
1.918805e-02	1.318231e-04	
1.210159e-02	1.000848e-04	
1.210159e-02	1.162297e-04	
2.047520e-02	5.047572e-05	
2.047520e-02	1.089059e-05	
1.286792e-02	7.194413e-05	
1.286792e-02	2.992070e-05	
1.798130e-02	5.521904e-05	
1.798130e-02	4.885648e-05	
1.730491e-02	1.351604e-05	
2.429036e-02	2.971768e-05	
1.944058e-02	3.953610e-05	
1.944058e-02	2.664657e-05	
2.444393e-02	3.867995e-05	
1.810772e-02	1.445950e-05	
1.659243e-02	4.297761e-05	
1.659243e-02	3.264013e-05	
1.817779e-02	2.445323e-05	
1.817779e-02	8.644699e-06	
1.562932e-02	4.024791e-05	
1.562932e-02	2.914779e-05	
1.619284e-02	1.574959e-05	
1.619284e-02	2.738087e-05	
1.635008e-02	2.455754e-05	
2.030374e-02	2.537179e-05	
2.200290e-02	4.746350e-05	
2.138877e-02	7.832702e-05	
1.299993e-02	4.490517e-05	
1.226597e-02	6.861566e-05	
1.705385e-02	8.739605e-05	
2.535942e-02	5.096210e-05	
2.502666e-02	6.701914e-05	
2.189971e-02	1.058700e-04	
1.880014e-02	9.349898e-05	
2.552107e-02	1.855758e-04	
2.557955e-02	1.960960e-05	
1.456548e-02	1.561534e-04	
1.456548e-02	2.233450e-04	
1.336024e-02	5.514624e-05	
1.418703e-02	2.140368e-05	
2.488808e-02	1.986013e-04	
2.463765e-02	4.441815e-05	
2.077817e-02	7.149936e-05	
2.043070e-02	4.391300e-05	
1.653048e-02	5.777421e-05	
1.653048e-02	4.404153e-05	
2.276355e-02	1.098335e-05	
1.730491e-02	4.974957e-06	
2.313422e-02	8.064855e-07	
2.869747e-02	4.206571e-06	
2.116956e-02	4.087122e-05	
2.411294e-02	2.360540e-05	
1.810772e-02	1.963079e-05	
2.701338e-02	2.413338e-05	
1.572375e-02	2.607150e-05	
1.572375e-02	2.834477e-05	
1.722674e-02	4.080887e-05	
2.240597e-02	4.126573e-05	
2.142014e-02	4.519483e-05	
2.142014e-02	5.292591e-05	
1.860360e-02	4.222397e-05	
1.860360e-02	2.468740e-05	
2.030374e-02	4.748868e-05	
2.552645e-02	6.365254e-05	
2.326782e-02	4.287627e-05	
1.299993e-02	3.582268e-05	
1.226597e-02	6.463803e-05	
2.654525e-02	6.861803e-05	
2.069860e-02	4.494169e-05	
2.010548e-02	7.075561e-05	
2.010548e-02	1.229840e-04	
2.497086e-02	1.340229e-04	
2.503250e-02	4.145188e-05	
2.375496e-02	6.797115e-05	
1.999713e-02	1.453983e-04	
1.876230e-02	3.127324e-05	
1.336024e-02	6.193323e-05	
1.792495e-02	1.109794e-04	
2.488808e-02	1.421140e-04	
2.032253e-02	5.742951e-05	
1.973253e-02	2.662097e-05	
2.043070e-02	4.597155e-05	
2.245260e-02	6.884077e-06	
1.848790e-02	4.024365e-06	
2.207126e-02	3.901382e-05	
2.048001e-02	4.232233e-05	
2.048001e-02	1.241197e-05	
2.193048e-02	9.004740e-07	
2.379558e-02	2.669358e-05	
2.411294e-02	5.427701e-05	
1.538797e-02	1.617226e-05	
1.538797e-02	1.440960e-05	
1.975153e-02	2.428905e-05	
1.975153e-02	2.140591e-05	
1.486993e-02	3.104262e-05	
1.486993e-02	2.671178e-05	
1.927293e-02	1.880630e-05	
2.225262e-02	3.986435e-05	
2.225262e-02	2.821374e-05	
1.958318e-02	3.230517e-05	
1.958318e-02	4.588083e-05	
2.209837e-02	1.800310e-05	
1.874205e-02	2.285351e-05	
1.874205e-02	5.629690e-05	
2.425320e-02	1.056074e-04	
2.013549e-02	2.506637e-05	
1.788403e-02	3.293408e-05	
1.788403e-02	6.773064e-05	
1.995433e-02	1.691100e-05	
1.995433e-02	7.735251e-06	
1.938608e-02	3.246112e-05	
2.283757e-02	7.497870e-05	
2.482439e-02	1.515508e-04	
2.494409e-02	3.099406e-04	
