9.118512e+00	2.605693e-13	
9.637617e+00	2.775558e-13	
1.320519e+01	3.010925e-13	
8.408130e+00	9.903189e-14	
1.183587e+01	2.304268e-12	
1.153144e+01	2.354450e-12	
8.737204e+00	2.329248e-13	
1.202311e+01	1.866529e-11	
1.483522e+01	4.961809e-12	
1.289980e+01	7.206458e-13	
6.462242e+00	1.566636e-12	
5.483370e+00	7.331913e-12	
5.048382e+00	1.216804e-12	
5.811585e+00	7.340129e-12	
9.051248e+00	1.278533e-12	
1.032727e+01	2.358558e-12	
1.251614e+01	6.147305e-12	
1.196655e+01	1.537148e-11	
1.278910e+01	2.168488e-12	
1.094143e+01	1.986455e-11	
1.305149e+01	9.570122e-14	
9.884654e+00	1.244316e-11	
1.306068e+01	7.760459e-13	
9.867478e+00	5.672796e-12	
9.374640e+00	1.042415e-10	
1.258764e+01	4.161116e-13	
6.078118e+00	9.219514e-12	
1.004285e+01	5.018208e-13	
6.793931e+00	5.060397e-13	
9.006589e+00	7.692136e-11	
5.678009e+00	2.670530e-12	
1.328357e+01	4.239054e-12	
1.487889e+01	1.695755e-12	
1.023256e+01	3.249068e-12	
1.145300e+01	9.758860e-13	
1.500584e+01	3.104184e-13	
1.474046e+01	8.357759e-13	
1.231936e+01	4.241052e-14	
1.012092e+01	9.725554e-14	
1.358997e+01	4.551914e-14	
9.118512e+00	2.389622e-11	
1.238768e+01	1.147499e-12	
1.110799e+01	1.136209e-13	
1.112303e+01	1.507635e-13	
1.370577e+01	1.131063e-14	
1.165558e+01	8.131264e-15	
1.045970e+01	2.349900e-14	
1.230469e+01	2.610054e-16	
1.040209e+01	3.490225e-16	
1.054734e+01	6.333551e-16	
1.339382e+01	1.360444e-15	
1.327942e+01	3.622423e-16	
1.299247e+01	5.118054e-16	
1.022007e+01	3.244393e-16	
5.309981e+00	7.156374e-15	
1.201923e+01	4.511305e-16	
1.468332e+01	2.928509e-16	
1.324456e+01	7.178717e-16	
6.455832e+00	1.133797e-15	
1.072324e+01	4.365253e-15	
1.248681e+01	4.646882e-15	
6.920340e+00	8.503478e-16	
1.324918e+01	7.178717e-16	
1.401628e+01	1.317829e-15	
1.466002e+01	3.007537e-16	
1.135486e+01	7.778668e-16	
1.042390e+01	1.459977e-15	
1.443381e+01	1.706018e-16	
1.049347e+01	1.630090e-15	
9.629978e+00	4.275680e-15	
9.582409e+00	2.111184e-15	
1.288229e+01	1.512431e-15	
1.058627e+01	9.135191e-16	
1.103241e+01	1.347077e-15	
1.468334e+01	3.535332e-16	
1.441186e+01	2.175122e-15	
1.348352e+01	4.844953e-15	
1.072485e+01	1.834613e-14	
9.312144e+00	2.786278e-13	
9.118512e+00	3.329204e-11	
9.253401e+00	3.098632e-13	
1.168375e+01	2.995382e-13	
1.351522e+01	4.132250e-13	
1.295819e+01	3.773870e-12	
1.419021e+01	1.102118e-12	
9.649484e+00	1.725287e-12	
1.036616e+01	3.373080e-12	
1.209036e+01	1.096190e-11	
1.141591e+01	5.706546e-13	
1.021028e+01	8.710810e-13	
1.482222e+01	2.311484e-13	
1.105453e+01	2.807277e-11	
9.563091e+00	5.522693e-12	
1.397923e+01	1.939937e-11	
1.492624e+01	5.183631e-12	
1.377694e+01	2.713196e-11	
6.920687e+00	2.413181e-12	
1.036331e+01	3.946476e-11	
1.112703e+01	1.511280e-11	
1.348794e+01	1.025200e-10	
6.050250e+00	4.946266e-12	
5.761219e+00	5.160095e-12	
1.069379e+01	1.173572e-11	
1.406192e+01	2.550626e-12	
1.082233e+01	2.705169e-12	
1.196970e+01	2.303713e-12	
6.916379e+00	1.865628e-10	
1.316941e+01	6.089240e-12	
1.316360e+01	9.233281e-12	
9.670733e+00	8.280265e-12	
1.434364e+01	6.451728e-12	
1.133366e+01	5.793555e-11	
1.129561e+01	7.525869e-12	
1.308808e+01	1.374745e-11	
1.252635e+01	7.087952e-11	
1.035969e+01	2.326628e-11	
5.479681e+00	1.790346e-12	
1.217936e+01	6.020739e-12	
1.012034e+01	1.889600e-13	
9.749689e+00	2.737810e-13	
1.061390e+01	6.279421e-13	
1.371783e+01	8.297807e-13	
9.865680e+00	5.726308e-12	
9.422876e+00	1.840750e-13	
1.062664e+01	4.604317e-12	
1.098091e+01	3.207878e-12	
1.308613e+01	1.533973e-11	
1.052264e+01	1.350697e-12	
1.325934e+01	5.257683e-12	
1.271294e+01	3.542722e-12	
9.416044e+00	1.195932e-12	
1.121775e+01	3.531408e-11	
1.067191e+01	5.232259e-12	
9.910602e+00	6.965317e-12	
9.985001e+00	1.059308e-11	
1.274213e+01	7.363665e-12	
1.301536e+01	1.005862e-12	
1.162563e+01	1.421530e-12	
1.234987e+01	2.754019e-11	
1.236535e+01	6.794565e-14	
1.149037e+01	2.583943e-10	
9.252196e+00	6.750156e-12	
1.398303e+01	6.434853e-12	
9.415411e+00	2.048195e-11	
6.552682e+00	6.284240e-11	
1.404664e+01	3.648060e-11	
1.396489e+01	5.923484e-12	
6.870861e+00	1.287659e-11	
1.010813e+01	3.476464e-11	
5.779995e+00	2.055023e-12	
1.351482e+01	2.515765e-12	
1.550596e+01	2.956102e-11	
1.045209e+01	1.288047e-11	
1.013530e+01	1.177503e-12	
6.920072e+00	9.992007e-15	
1.141377e+01	1.004752e-12	
2.514174e+00	1.436397e-05	
5.418555e+00	1.664145e-07	
4.559230e+00	3.184281e-05	
2.639644e+00	2.910393e-06	
7.754191e+00	2.872529e-05	
4.584928e+00	1.942923e-04	
4.512958e+00	1.065804e-05	
3.660444e+00	8.233048e-06	
3.767794e+00	3.543165e-05	
5.208886e+00	9.605194e-06	
6.018114e+00	3.806700e-06	
9.448960e+00	4.537960e-05	
5.875399e+00	8.552132e-06	
3.012287e+00	7.035994e-05	
3.157227e+00	3.762133e-05	
1.343600e+00	2.612265e-04	
1.912423e+00	7.213634e-05	
6.049579e+00	1.063922e-04	
5.037383e+00	1.451181e-04	
2.437832e+00	7.998487e-05	
4.048919e+00	1.048880e-04	
3.027101e+00	1.843893e-04	
2.551348e+00	6.554270e-05	
4.282278e+00	5.933385e-05	
6.992889e+00	1.264274e-04	
6.831758e+00	2.596629e-05	
2.942138e+00	4.013201e-05	
6.061978e+00	8.953255e-05	
7.520067e+00	7.784310e-05	
7.117458e+00	1.127808e-04	
6.020926e+00	6.985750e-05	
6.848041e+00	3.559789e-05	
1.037125e+01	7.371396e-05	
1.265135e+01	4.042335e-05	
6.759784e+00	3.675190e-05	
3.557917e+00	1.361880e-05	
4.651780e+00	9.526641e-06	
1.515471e+00	1.718594e-05	
3.041869e+00	3.140048e-05	
2.224432e+00	4.510006e-05	
1.154136e+00	3.478430e-05	
3.697227e+00	4.006595e-05	
8.271902e+00	2.808113e-05	
6.788332e+00	1.039232e-04	
7.845409e+00	8.078271e-05	
6.747221e+00	1.841353e-05	
3.117305e+00	5.184084e-05	
4.349147e+00	4.241522e-05	
5.957049e+00	3.939384e-05	
8.521937e+00	2.098268e-05	
7.272714e+00	1.041056e-04	
2.429215e+00	1.019337e-04	
1.428411e+00	1.210561e-04	
8.483524e+00	2.020617e-04	
7.074514e+00	1.038607e-04	
4.178543e+00	2.291534e-04	
9.288052e+00	8.744484e-05	
2.342858e+00	7.136018e-05	
2.406448e+00	8.245178e-05	
2.069878e+00	1.207453e-04	
7.080284e+00	6.936309e-05	
4.949327e+00	1.541285e-04	
5.446644e+00	8.353140e-05	
4.398930e+00	8.563625e-05	
1.637390e+00	5.536415e-05	
9.570213e+00	1.465616e-04	
7.108780e+00	6.327609e-05	
5.159838e+00	1.175871e-04	
2.543887e+00	4.459975e-05	
9.592850e+00	3.154930e-05	
6.669778e+00	4.674921e-05	
6.103464e+00	1.999058e-06	
3.184650e+00	3.260714e-05	
2.075368e+00	3.343082e-05	
3.005454e+00	2.035396e-05	
4.193779e+00	2.373199e-06	
1.407834e+00	2.421536e-05	
4.491698e+00	2.702838e-05	
1.187099e+00	1.177608e-05	
3.063739e+00	2.715645e-05	
3.957158e+00	9.325977e-07	
4.299941e+00	8.706500e-05	
7.850781e+00	5.517698e-05	
3.907685e+00	1.150395e-04	
6.296228e+00	1.798403e-05	
7.800386e+00	8.211234e-06	
8.972848e+00	7.071480e-05	
4.590824e+00	2.835611e-05	
1.888171e+00	9.520437e-05	
8.448646e+00	8.981774e-05	
2.358157e+00	4.552255e-05	
6.804692e+00	8.381890e-05	
6.530117e+00	8.127223e-05	
4.013171e+00	1.274646e-04	
5.612494e+00	1.099363e-04	
7.920767e+00	1.094281e-04	
3.698472e+00	9.888431e-05	
3.927001e+00	9.351265e-05	
5.527897e+00	8.548445e-06	
9.099099e+00	9.127995e-05	
1.877639e+00	7.496739e-05	
2.805824e+00	3.085414e-05	
1.923876e+00	5.181975e-05	
3.946339e+00	4.770874e-05	
2.709314e+00	1.073742e-04	
2.862380e+00	6.234851e-05	
6.197355e+00	4.758506e-05	
3.121187e+00	5.605570e-05	
4.574389e+00	1.951218e-05	
3.608370e+00	4.970205e-06	
3.975811e+00	3.711398e-05	
6.852555e+00	3.182614e-05	
9.134590e+00	5.048166e-06	
6.392582e+00	5.385923e-05	
5.882936e+00	5.404177e-05	
5.138783e+00	5.220635e-05	
3.809475e+00	8.789554e-06	
1.439917e+00	5.635420e-06	
2.406287e+00	4.618859e-05	
1.864811e+00	1.068756e-05	
5.002521e+00	4.153634e-05	
6.660717e+00	9.383544e-06	
1.995121e+00	8.715139e-06	
7.793798e+00	8.129513e-06	
6.165812e+00	3.062790e-05	
6.357978e+00	1.951544e-05	
3.239678e+00	6.312672e-06	
7.911244e+00	9.699362e-06	
4.744179e+00	4.875661e-05	
3.279987e+00	7.903195e-06	
3.184440e+00	3.288754e-05	
1.707655e+00	4.347178e-05	
6.827416e+00	3.931535e-05	
2.657091e+00	8.219920e-05	
3.634954e+00	5.891469e-05	
5.214798e+00	3.926261e-06	
4.334399e+00	5.472957e-05	
2.413990e+00	3.358696e-05	
7.717613e-01	8.188119e-07	
7.045040e+00	6.484451e-06	
3.711492e+00	2.064800e-05	
3.041134e+00	7.703402e-06	
7.066019e+00	2.604140e-07	
3.232467e+00	4.021709e-05	
2.240456e+00	3.590951e-05	
7.088347e+00	5.927469e-05	
6.239308e+00	6.140851e-05	
5.486363e+00	4.876638e-06	
1.991575e+00	1.804394e-05	
3.492160e+00	6.680682e-05	
4.906320e+00	6.388276e-06	
6.329655e+00	4.065687e-05	
4.208761e+00	5.606668e-05	
3.372429e+00	6.734979e-05	
2.928474e+00	2.892563e-05	
6.574653e+00	9.807897e-06	
6.101981e+00	3.190918e-05	
7.486542e+00	2.136778e-05	
6.320743e+00	4.111064e-06	
1.312576e+00	1.791564e-05	
5.079217e+00	1.100182e-05	
3.267695e+00	2.509019e-05	
8.584982e+00	2.772470e-05	
4.263797e+00	5.710732e-05	
1.127697e+01	5.232562e-05	
1.549002e+00	6.897040e-05	
8.189430e+00	5.018433e-05	
4.547273e+00	6.884171e-06	
5.195806e+00	3.755675e-05	
4.068460e+00	2.844074e-05	
7.397595e+00	1.710382e-06	
6.291075e+00	1.207063e-05	
3.635529e+00	6.200820e-06	
5.455028e+00	1.093411e-05	
4.760684e+00	6.533779e-06	
4.004529e+00	2.832008e-05	
7.235300e+00	3.397307e-06	
4.712102e+00	2.813342e-05	
5.515758e+00	1.705753e-05	
3.327087e+00	1.857033e-05	
6.727090e+00	3.553278e-06	
2.628932e+00	6.875340e-06	
6.433193e+00	1.143264e-06	
5.257638e+00	3.929999e-05	
3.377809e+00	2.159611e-05	
9.224071e-01	2.055132e-05	
2.921269e+00	2.286786e-05	
4.620307e+00	5.742296e-05	
1.992441e+00	1.000570e-04	
6.041929e+00	2.362583e-06	
3.471011e+00	1.222894e-04	
1.746770e+00	8.062744e-05	
5.055287e+00	4.221292e-05	
4.366926e+00	4.738667e-06	
8.202710e+00	5.098811e-05	
3.234410e+00	1.772281e-07	
5.706786e+00	3.165442e-05	
7.480517e+00	3.223351e-05	
2.769528e+00	1.801347e-05	
6.977441e+00	2.077379e-05	
4.618559e+00	1.095266e-05	
6.796139e+00	2.895948e-05	
7.079096e+00	7.195031e-05	
5.376858e+00	8.964624e-06	
2.925235e+00	2.331704e-05	
1.353687e+00	6.070901e-06	
5.029163e+00	2.075216e-05	
1.901058e+00	4.650465e-05	
2.506113e+00	4.206870e-05	
4.339166e+00	7.158850e-06	
4.480816e+00	5.757566e-05	
8.334137e+00	4.207859e-05	
8.076082e+00	2.271649e-05	
5.810053e+00	5.674537e-05	
2.787951e+00	3.477257e-05	
9.589941e+00	1.604413e-05	
5.371307e+00	8.346803e-06	
8.894716e+00	3.168495e-05	
4.961032e+00	3.415809e-05	
5.745155e+00	1.994878e-05	
5.934244e+00	1.047799e-05	
5.363009e+00	6.477463e-05	
7.757246e+00	9.803004e-05	
8.010537e+00	3.100136e-05	
6.698889e+00	1.377629e-05	
1.548195e+00	6.886109e-05	
4.449109e+00	2.277843e-05	
3.326614e+00	1.054291e-04	
4.046903e+00	1.303579e-04	
5.290482e+00	1.402683e-04	
4.087007e+00	8.971512e-05	
5.067135e+00	1.082650e-04	
7.359085e+00	8.038272e-05	
4.682774e+00	6.691067e-05	
4.772102e+00	2.221456e-05	
5.034987e+00	6.896879e-05	
2.360812e+00	8.683459e-06	
6.350311e+00	1.317156e-05	
1.323240e+01	3.877865e-05	
1.228476e+01	7.481263e-05	
7.000231e+00	1.085048e-04	
5.692164e+00	1.066133e-04	
1.097838e+01	1.306160e-05	
2.388543e+00	3.727551e-05	
2.444500e+00	7.227542e-07	
5.841420e+00	2.658597e-05	
7.111629e+00	5.269310e-05	
2.215138e+00	1.502617e-05	
3.131656e+00	2.742964e-05	
4.280270e+00	4.572829e-05	
2.466450e+00	1.310373e-05	
4.774582e+00	2.651825e-06	
6.045298e+00	4.729139e-05	
8.359327e+00	2.786214e-05	
3.068920e+00	4.048405e-05	
9.042719e+00	1.509905e-05	
7.887316e+00	1.420910e-05	
8.249032e+00	6.241291e-05	
6.587614e+00	8.389044e-07	
6.899151e+00	2.449145e-05	
1.044245e+01	3.531194e-05	
1.137085e+01	5.544388e-05	
1.586985e+00	5.749125e-05	
5.107029e+00	9.304346e-06	
7.153657e+00	2.574535e-05	
3.512265e+00	5.381685e-05	
5.380944e+00	5.863722e-05	
6.036867e+00	1.298951e-04	
4.238126e+00	1.118374e-04	
2.710844e+00	8.477869e-05	
2.685053e+00	6.515808e-05	
1.760452e+00	1.990723e-05	
3.408281e+00	3.497051e-05	
7.172643e+00	9.542096e-06	
7.603921e+00	1.107550e-05	
1.326563e+01	5.606581e-05	
1.217756e+01	3.346260e-05	
7.355449e+00	4.672819e-05	
4.921279e+00	8.248769e-06	
3.660566e+00	2.915148e-05	
9.580171e+00	4.350595e-05	
6.756614e+00	9.784012e-05	
1.136423e+00	8.627469e-05	
5.162594e+00	2.234598e-05	
3.279586e+00	3.251615e-05	
4.979471e+00	5.407762e-05	
6.673119e+00	4.095645e-05	
3.056065e+00	9.248550e-06	
4.359515e+00	3.363442e-06	
6.352575e+00	2.078571e-05	
1.569842e+00	3.217078e-05	
4.407704e+00	6.865668e-05	
1.579429e+00	5.270419e-05	
3.118036e+00	2.428581e-05	
4.182086e+00	1.863926e-05	
7.303803e+00	3.743126e-05	
6.791939e+00	7.493033e-06	
9.081295e+00	3.417271e-05	
9.699728e+00	5.142443e-05	
5.890445e+00	6.977435e-05	
1.762987e+00	9.731220e-05	
9.540376e+00	1.261873e-04	
3.069402e+00	4.666865e-05	
5.488013e+00	3.940208e-05	
6.844978e+00	1.335250e-04	
3.309310e+00	2.312566e-04	
8.521674e-01	9.440698e-05	
4.591200e+00	7.553005e-05	
2.080264e+00	3.445631e-05	
3.908094e+00	2.661592e-05	
2.432058e+00	4.339015e-05	
8.802213e-01	5.674067e-05	
1.407522e+01	9.819101e-05	
1.133627e+01	7.911254e-05	
3.853445e+00	6.563348e-06	
7.037480e+00	2.349656e-05	
2.764648e+00	4.399560e-07	
4.462841e+00	1.987341e-05	
4.495983e+00	2.553739e-05	
3.230507e+00	1.435412e-05	
3.849853e+00	6.809499e-05	
5.529915e+00	4.306489e-05	
5.630205e+00	3.594326e-05	
5.055755e+00	8.291158e-05	
3.561547e+00	8.566588e-05	
4.298957e+00	3.553003e-05	
6.061479e+00	4.797052e-05	
7.348006e+00	6.330792e-05	
7.004524e+00	1.933758e-05	
5.373308e+00	6.042725e-05	
2.507301e+00	5.517229e-05	
2.307886e+00	7.678292e-05	
5.330529e+00	4.972208e-05	
2.970944e+00	5.874851e-05	
1.299959e+01	4.450039e-05	
7.554496e+00	1.026843e-04	
6.618048e+00	4.383389e-05	
8.558791e+00	8.876855e-05	
6.693211e+00	6.888094e-05	
4.858630e-01	7.450327e-05	
6.712949e-01	4.572415e-05	
5.399346e+00	1.012231e-04	
9.271455e+00	1.409640e-04	
5.393183e+00	1.800469e-04	
8.641634e+00	7.261625e-05	
3.823926e+00	7.579576e-05	
1.960101e+00	4.681163e-05	
3.179184e+00	4.455404e-05	
3.791009e+00	1.331733e-05	
3.162328e+00	5.504249e-05	
4.079260e+00	9.893190e-05	
4.413286e-01	6.858662e-05	
3.862663e+00	1.311945e-05	
3.293143e+00	7.528409e-06	
6.365682e+00	1.709976e-05	
7.394001e+00	3.823682e-06	
8.503142e+00	9.399382e-08	
6.582331e+00	3.456420e-06	
6.510800e+00	3.428583e-05	
7.134703e+00	2.134401e-05	
5.225115e+00	6.474837e-05	
6.571088e+00	6.946767e-05	
5.574438e+00	4.152406e-05	
3.852447e+00	3.988069e-05	
6.610279e+00	6.963051e-05	
4.341020e+00	6.139976e-05	
7.250634e+00	1.125127e-05	
6.248648e-01	2.141480e-05	
1.740331e+00	6.014925e-05	
4.259480e+00	4.721364e-05	
5.924146e+00	6.972606e-05	
4.994395e+00	3.734783e-05	
6.417705e+00	2.324454e-05	
8.898475e+00	1.192513e-04	
8.993661e+00	5.450913e-05	
5.009017e+00	7.271131e-05	
2.210250e+00	1.304678e-04	
3.810941e+00	2.700062e-05	
5.692468e+00	1.854905e-05	
3.851293e+00	1.191905e-04	
3.049059e+00	7.244003e-05	
5.098557e+00	9.525540e-05	
4.471590e+00	5.555534e-05	
5.580199e+00	7.237200e-05	
5.749613e+00	8.058738e-05	
3.719760e+00	9.346493e-05	
4.556427e+00	2.026981e-05	
2.776854e+00	4.763240e-06	
6.271902e+00	3.263642e-05	
1.156392e+01	1.717530e-06	
3.592030e+00	1.719366e-05	
3.412954e+00	3.744851e-07	
7.467855e+00	2.734627e-05	
1.013740e+01	3.418010e-05	
3.568604e+00	8.409699e-05	
6.470079e+00	7.096261e-05	
8.199942e+00	3.228832e-06	
7.220088e+00	6.737058e-05	
7.033530e+00	6.889818e-05	
5.932389e+00	9.311233e-05	
3.306878e+00	4.070674e-05	
3.637944e+00	5.596051e-05	
6.530178e+00	4.769249e-05	
5.758354e+00	3.799425e-05	
4.400328e+00	2.682566e-05	
7.505672e+00	2.813029e-05	
2.895083e+00	4.594131e-05	
7.145121e+00	8.158663e-05	
1.197884e+01	6.229062e-05	
1.139641e+01	7.059983e-05	
6.307357e+00	2.374232e-05	
9.831215e+00	8.534282e-05	
1.053916e+01	5.417322e-05	
5.748531e+00	8.213693e-05	
8.600149e+00	3.852365e-05	
6.958962e+00	1.040250e-04	
6.309125e+00	6.501437e-05	
2.868828e+00	9.513116e-05	
1.010902e+01	1.088056e-04	
6.673345e+00	1.190246e-04	
4.878061e+00	5.593595e-05	
6.072752e+00	5.558391e-05	
3.784232e+00	6.832520e-05	
5.801278e+00	7.188975e-05	
8.405015e+00	3.673605e-05	
7.540807e+00	6.182958e-05	
1.470162e+01	7.025451e-05	
1.248462e+01	4.288712e-05	
5.839161e+00	4.319879e-05	
7.234071e+00	2.818961e-06	
8.352740e+00	2.467903e-05	
1.001879e+01	3.411550e-05	
5.761691e+00	3.493046e-05	
6.219509e+00	8.293055e-05	
6.506431e+00	6.042029e-05	
2.803618e+00	5.937163e-05	
4.733270e+00	7.327610e-05	
6.129089e+00	9.216266e-05	
5.203021e+00	7.810682e-05	
6.522286e+00	3.372850e-05	
1.934917e+00	6.395722e-05	
3.204081e+00	4.660579e-05	
3.488761e+00	7.046238e-05	
4.128151e+00	7.883982e-05	
8.222291e+00	5.128936e-05	
4.758153e+00	8.085690e-05	
9.427026e+00	1.094961e-04	
1.157087e+01	1.030041e-04	
1.405294e+01	5.388209e-05	
8.712395e+00	7.786674e-05	
8.815076e+00	1.141220e-04	
4.631845e+00	1.115668e-04	
3.268669e+00	4.347406e-05	
1.166740e+00	5.797754e-05	
2.747757e+00	4.785250e-05	
2.592965e+00	1.965679e-04	
6.440122e+00	2.974954e-04	
5.356253e+00	1.258404e-04	
7.266308e+00	1.356789e-04	
1.015716e+01	1.296628e-04	
3.633959e+00	5.451283e-05	
4.580151e+00	2.257716e-05	
3.915835e+00	3.983863e-05	
8.011815e+00	8.414809e-05	
7.605225e+00	9.940926e-05	
9.679449e+00	2.102145e-05	
8.018677e+00	5.004353e-05	
5.991549e+00	5.942381e-06	
4.286299e+00	4.433083e-05	
9.234439e+00	6.254529e-05	
6.828564e+00	6.997985e-05	
8.013852e+00	3.311999e-05	
2.936355e+00	2.805717e-05	
6.070745e+00	3.799616e-05	
1.297681e+01	4.060780e-05	
1.042805e+01	1.119268e-04	
5.472000e+00	4.810015e-05	
7.199830e+00	6.284897e-05	
7.738532e+00	4.424700e-05	
1.552087e+00	5.564223e-05	
5.577133e+00	7.569746e-05	
6.870815e+00	6.051842e-05	
2.972857e+00	3.529796e-05	
1.220547e+00	7.267423e-05	
6.958578e+00	9.229322e-05	
3.183839e+00	1.055553e-04	
2.867688e+00	8.587569e-05	
8.372567e+00	1.226883e-04	
1.530736e+01	1.014817e-04	
3.338157e+00	1.277757e-04	
7.560485e+00	1.215816e-04	
3.061225e+00	1.731009e-04	
2.476281e+00	9.668544e-05	
5.895473e+00	2.320578e-04	
6.661427e+00	3.262278e-04	
3.331492e+00	9.966075e-05	
1.792139e+00	6.464394e-05	
5.961057e+00	8.748094e-05	
2.286664e+00	5.224875e-05	
4.587541e+00	8.579803e-05	
5.110411e+00	3.669108e-05	
3.967292e+00	1.232566e-04	
3.512473e+00	4.647341e-05	
1.705691e+00	4.277067e-05	
8.693109e-01	2.122555e-05	
1.991520e+00	6.495370e-05	
8.822900e+00	9.198926e-05	
3.446145e+00	4.327458e-05	
1.112440e+01	3.610306e-05	
1.193406e+01	5.333383e-05	
4.604283e+00	5.495859e-05	
5.086078e+00	6.098606e-05	
1.025413e+01	7.431933e-05	
6.689847e-01	6.179594e-06	
5.938806e+00	6.422656e-05	
5.086948e+00	5.257178e-05	
3.800245e+00	6.851774e-05	
2.964310e+00	2.310748e-05	
8.914135e+00	4.841253e-05	
7.766734e+00	5.814134e-05	
6.338532e+00	5.873245e-05	
3.065815e+00	2.621848e-05	
4.919768e+00	9.999410e-05	
2.383451e+00	1.272254e-04	
4.448776e+00	9.440741e-05	
3.923319e+00	5.239701e-05	
4.815039e+00	1.118336e-04	
6.616151e+00	1.680498e-04	
3.017652e+00	8.495028e-05	
2.790907e+00	1.326302e-04	
4.107350e+00	9.039960e-05	
6.173558e+00	1.310897e-04	
8.931236e+00	2.123549e-04	
1.418350e+01	6.772816e-05	
2.401673e+00	1.220447e-04	
6.052190e+00	1.570305e-04	
4.166200e+00	4.757886e-05	
2.987736e+00	5.148582e-05	
6.569823e+00	2.607781e-05	
6.350351e+00	1.206062e-05	
5.754168e+00	4.787216e-05	
4.553992e+00	2.973472e-05	
3.643737e+00	4.081722e-05	
5.320780e+00	7.367628e-05	
5.364932e+00	8.901290e-05	
7.596802e+00	4.852914e-05	
1.008251e+01	4.476756e-05	
5.492611e+00	9.020784e-05	
3.210113e+00	9.557168e-05	
5.899188e+00	1.347533e-04	
4.999836e+00	1.012654e-04	
6.314430e+00	4.343269e-05	
1.658692e+00	4.911402e-05	
1.068175e+01	7.715788e-05	
2.293434e+00	2.804738e-05	
4.471235e+00	3.177063e-05	
6.517701e+00	1.706021e-05	
1.090914e+01	7.108941e-05	
4.206087e+00	2.669260e-05	
4.174380e+00	2.933482e-05	
2.271691e+00	9.274839e-05	
3.971247e+00	1.394391e-04	
2.263512e+00	7.803034e-05	
1.024478e+01	9.059168e-05	
8.708002e+00	1.268536e-04	
7.858545e+00	1.887425e-04	
5.013887e+00	1.366807e-04	
1.142952e+00	1.104960e-04	
4.752223e+00	2.097836e-04	
5.857994e+00	1.643042e-04	
9.825627e+00	3.759618e-04	
7.806902e+00	5.187358e-05	
5.453048e+00	1.270041e-04	
3.699008e+00	1.292091e-04	
5.413546e+00	4.382295e-05	
8.537155e+00	5.576284e-05	
7.175164e+00	1.784930e-05	
7.064967e+00	9.126118e-05	
5.299521e+00	8.977236e-05	
9.001118e+00	3.893260e-05	
6.861180e+00	4.189156e-05	
7.995943e+00	7.884847e-05	
3.063684e+00	5.014762e-05	
4.491242e+00	6.288742e-05	
2.965307e+00	3.451877e-05	
2.265203e+00	2.752148e-05	
3.819589e+00	8.380045e-05	
6.096751e+00	3.604166e-05	
8.418775e+00	1.089998e-04	
8.410391e+00	7.347761e-05	
5.597471e+00	8.205523e-05	
8.947871e+00	8.117661e-05	
1.194147e+01	8.749942e-05	
3.406542e+00	4.584109e-05	
1.118418e+01	3.085169e-05	
9.911913e+00	3.514137e-05	
5.705121e+00	3.683544e-05	
5.173764e+00	3.683775e-05	
9.380476e+00	4.644202e-06	
6.526767e+00	1.213691e-04	
7.260151e+00	7.910469e-05	
1.417344e+00	7.940444e-05	
5.056292e+00	1.328227e-04	
8.228741e+00	1.676347e-04	
5.530502e+00	1.118620e-04	
2.532164e+00	1.606094e-04	
5.455531e+00	1.715958e-04	
2.828888e+00	2.984218e-04	
4.265058e+00	2.031816e-04	
7.706352e+00	8.410876e-05	
6.501459e+00	1.150726e-04	
1.306100e+00	2.088613e-04	
5.574658e+00	9.973373e-05	
6.373559e+00	8.273408e-05	
7.238482e+00	6.386033e-05	
1.699672e+00	5.078640e-05	
1.205453e+01	2.826756e-05	
8.327920e+00	4.206484e-05	
7.801001e+00	4.361887e-05	
5.600345e+00	6.874194e-05	
4.234213e+00	6.488908e-05	
7.318242e+00	3.941482e-05	
2.351915e+00	5.101203e-05	
5.684534e+00	4.258243e-05	
5.420832e+00	2.387366e-05	
3.386590e+00	4.426032e-05	
2.706764e+00	6.453027e-05	
8.234902e+00	8.345569e-05	
1.283126e+01	5.236919e-05	
6.120892e+00	7.219455e-05	
3.827378e+00	2.483432e-05	
3.203116e+00	7.075322e-05	
6.127933e+00	2.190523e-05	
6.017874e+00	4.510416e-05	
6.405047e+00	5.184941e-05	
1.049921e+01	2.113810e-05	
3.828387e+00	1.353479e-05	
8.212504e+00	9.278382e-05	
3.004976e+00	7.994969e-05	
9.447853e+00	8.009983e-05	
3.168926e+00	1.567141e-04	
8.265853e+00	1.528809e-04	
4.217982e+00	8.224406e-05	
6.789778e+00	2.065984e-04	
6.092677e+00	1.449427e-04	
5.331457e+00	1.826742e-04	
4.301172e+00	3.596574e-04	
4.030247e+00	2.114500e-04	
3.488251e+00	5.537747e-05	
8.129587e+00	1.408381e-04	
5.570643e+00	7.859605e-05	
4.229215e+00	6.695387e-05	
1.839490e+00	5.341941e-05	
4.806959e+00	9.345941e-05	
4.150739e+00	4.742349e-05	
7.167952e+00	9.965744e-06	
2.474079e+00	1.030055e-04	
5.242619e+00	4.933704e-05	
9.243148e+00	3.214247e-05	
5.689608e+00	7.922022e-05	
3.090068e+00	8.409452e-05	
3.881458e+00	7.896627e-05	
5.747909e+00	5.537657e-05	
5.971673e+00	4.977090e-05	
3.842944e+00	7.401690e-05	
4.015505e+00	7.240163e-05	
9.427654e+00	8.996134e-05	
1.217454e+01	8.401949e-06	
2.973647e+00	7.495735e-05	
3.953187e+00	6.722482e-05	
5.927280e+00	7.623501e-05	
5.833148e+00	6.588985e-05	
3.994628e+00	1.082431e-04	
1.036415e+01	1.044830e-04	
4.287061e+00	8.859034e-05	
7.474550e+00	8.237593e-05	
7.428802e+00	1.097664e-04	
1.058779e+01	9.619164e-05	
1.124036e+01	1.197998e-04	
1.758460e+00	9.637877e-05	
5.068911e+00	1.265203e-04	
8.219716e+00	1.873016e-04	
3.464518e+00	2.356203e-04	
1.428834e+00	1.988123e-04	
9.695079e-01	1.710085e-04	
7.937835e+00	2.911671e-04	
3.160932e+00	8.664555e-05	
4.458348e+00	5.261175e-05	
4.050434e+00	3.606513e-05	
7.209635e+00	4.645357e-05	
5.451721e+00	7.680709e-05	
5.512524e+00	7.536644e-05	
2.571239e+00	4.708513e-05	
1.734611e+00	1.663450e-05	
2.162686e+00	9.429582e-05	
6.750575e+00	2.453109e-05	
1.039736e+01	1.043897e-05	
2.646761e+00	4.501269e-05	
9.633378e+00	4.406011e-05	
3.534761e+00	4.446141e-05	
4.716207e+00	4.534572e-05	
6.191348e+00	3.807668e-05	
5.667536e+00	3.984062e-05	
5.403469e+00	7.878642e-05	
1.030796e+01	3.354566e-05	
4.478915e+00	3.532251e-05	
1.151313e+00	1.207080e-05	
5.936851e+00	9.325037e-05	
2.542467e+00	5.941540e-05	
2.449056e+00	4.811049e-05	
5.045814e+00	7.910793e-05	
1.867443e+00	1.030077e-04	
8.200432e+00	8.391885e-05	
3.688467e+00	1.145619e-04	
3.930493e+00	1.506100e-04	
3.582000e+00	1.022053e-04	
7.200600e+00	1.357706e-04	
4.765655e+00	1.050951e-04	
6.394205e+00	1.608018e-04	
4.064371e+00	2.799725e-04	
3.380582e+00	1.790255e-04	
7.089108e+00	2.864415e-04	
3.046389e+00	2.269164e-04	
7.283435e+00	2.685612e-04	
4.068131e+00	1.592507e-04	
6.053548e+00	9.503881e-05	
8.047925e+00	5.251635e-05	
5.298770e+00	8.660087e-05	
3.095481e+00	1.000197e-04	
2.843002e+00	9.752713e-05	
1.882881e+00	6.462601e-05	
2.512721e+00	3.652482e-06	
9.165195e+00	1.394189e-05	
8.135842e+00	2.910482e-05	
2.748542e+00	2.290804e-05	
7.505298e+00	3.922841e-05	
5.650381e+00	9.628055e-05	
5.831916e+00	6.551326e-05	
4.308614e+00	5.540051e-05	
6.712249e+00	6.723387e-05	
3.233086e+00	1.111951e-05	
6.023502e+00	1.905807e-05	
2.743565e+00	4.290177e-05	
5.579888e+00	4.348312e-05	
6.227347e+00	3.135521e-05	
6.508580e+00	4.788118e-05	
7.729478e+00	8.406862e-05	
8.802145e+00	3.282967e-05	
6.058337e+00	5.789213e-05	
8.217820e+00	6.741746e-05	
3.131470e+00	1.032011e-04	
4.006448e+00	1.058400e-04	
2.445868e+00	1.061395e-04	
4.283672e+00	7.242728e-05	
5.823864e+00	1.254251e-04	
4.601978e+00	6.922815e-05	
8.799936e+00	1.980971e-04	
8.473765e+00	1.463295e-04	
4.354407e+00	2.444868e-04	
2.746285e+00	1.726654e-04	
4.134080e+00	2.555767e-04	
4.661165e+00	3.727231e-04	
6.748617e+00	1.522948e-04	
4.152724e+00	1.698829e-04	
3.765545e+00	2.891837e-05	
1.271210e+00	7.608173e-05	
4.795094e+00	7.979029e-05	
6.004109e+00	8.730211e-05	
3.334498e+00	5.842137e-05	
5.798215e+00	5.835130e-06	
1.315524e+01	8.186861e-06	
1.023073e+01	2.707158e-05	
6.627488e+00	6.336371e-05	
3.552750e+00	5.426808e-05	
3.886419e+00	4.521802e-05	
1.790291e+00	5.649175e-05	
6.145701e+00	5.259560e-05	
1.278459e+01	4.633517e-05	
4.566135e+00	9.985929e-06	
3.897634e+00	1.803766e-06	
1.063913e+01	1.742413e-05	
5.213544e+00	3.515949e-05	
3.878904e+00	6.304913e-05	
7.375713e+00	3.855572e-05	
1.089485e+01	1.342110e-04	
5.583107e+00	1.115655e-04	
4.956142e+00	8.637765e-05	
4.647620e+00	1.185116e-04	
4.107901e+00	9.804986e-05	
8.625006e-01	8.790266e-05	
4.415556e+00	7.166316e-05	
4.695678e+00	1.085037e-04	
4.745672e+00	1.118559e-04	
9.127063e+00	9.921754e-05	
6.426443e+00	1.257904e-04	
8.981093e+00	1.204572e-04	
6.644037e+00	2.707320e-04	
4.352774e+00	4.005740e-04	
3.920685e+00	2.342915e-04	
1.558172e+00	2.730082e-04	
4.776619e+00	2.900532e-04	
8.637011e+00	2.025401e-04	
4.160846e+00	1.169439e-04	
4.344240e+00	9.488987e-05	
1.053631e+01	9.718660e-05	
2.086220e+00	7.263430e-05	
2.359155e+00	6.552080e-05	
6.851986e+00	7.271869e-05	
6.124570e+00	3.238474e-05	
5.299645e+00	1.057340e-05	
5.378826e+00	4.318845e-05	
5.015176e+00	3.758617e-05	
1.068637e+00	4.750431e-05	
4.305872e+00	6.098403e-05	
6.713060e+00	6.500156e-05	
6.145008e+00	5.560441e-05	
6.807117e+00	5.491119e-05	
3.153154e+00	4.074558e-05	
9.719761e+00	4.772099e-05	
8.012930e+00	6.908756e-05	
8.994721e-01	3.840659e-05	
3.269113e+00	5.156346e-05	
6.004692e+00	1.037437e-04	
5.413757e+00	1.034934e-04	
5.500407e+00	8.161964e-05	
6.232993e+00	1.077069e-04	
3.413339e+00	1.200020e-04	
3.097264e+00	1.112051e-04	
3.083882e+00	1.449978e-04	
6.705210e+00	9.800061e-05	
4.083350e+00	1.562704e-04	
2.939882e+00	5.019475e-05	
6.734730e+00	1.410755e-04	
5.455991e+00	2.414553e-04	
8.281099e+00	2.951755e-04	
5.123312e+00	3.538750e-04	
5.060111e+00	1.571396e-04	
3.631756e+00	2.205869e-04	
6.615347e+00	1.570368e-04	
4.004501e+00	7.248280e-05	
3.587691e+00	1.403098e-04	
3.360345e+00	1.334761e-04	
4.484408e+00	6.823223e-05	
5.844336e+00	5.089608e-05	
2.736464e+00	4.290115e-05	
5.980658e+00	2.515618e-05	
2.625742e+00	4.270383e-05	
3.391852e+00	1.737155e-05	
5.723797e+00	2.654133e-05	
3.852793e+00	6.898338e-05	
4.880285e+00	5.894492e-05	
1.585072e+00	7.701070e-05	
3.879542e+00	4.181780e-05	
3.757534e+00	4.351686e-05	
4.731522e+00	5.986699e-05	
6.046076e+00	4.083405e-05	
7.636654e+00	4.578197e-05	
7.596245e+00	5.139813e-05	
5.620754e+00	4.404335e-05	
5.049537e+00	8.241525e-05	
3.145702e+00	9.970664e-05	
3.280049e+00	9.300061e-05	
3.709924e+00	9.986259e-05	
7.219899e+00	1.350970e-04	
3.760630e+00	1.079431e-04	
7.611713e+00	1.586985e-04	
8.269225e+00	1.481439e-04	
4.845655e+00	1.700216e-04	
6.459592e+00	8.512086e-05	
3.314460e+00	1.283184e-04	
7.245618e+00	1.139650e-04	
4.577420e+00	2.033145e-04	
3.328108e+00	2.814638e-04	
5.589605e+00	2.625385e-04	
5.925574e+00	2.660266e-04	
3.601468e+00	1.222131e-04	
5.964466e+00	4.134692e-05	
3.606701e+00	8.715982e-05	
8.120466e+00	5.968435e-05	
3.924498e+00	7.670606e-05	
9.024186e+00	6.130624e-05	
4.627239e+00	4.011908e-05	
8.427228e+00	1.634601e-06	
6.832435e+00	2.263083e-05	
9.148180e-01	2.348597e-05	
5.738722e+00	4.102722e-05	
2.403112e+00	4.396331e-05	
4.161590e+00	6.366439e-05	
2.750213e+00	6.033514e-05	
7.052734e+00	1.477072e-05	
4.065091e+00	2.925935e-05	
5.888213e+00	5.456076e-05	
5.687642e-01	8.799293e-05	
2.877530e+00	5.043861e-05	
1.046855e+01	3.979890e-05	
2.966097e+00	5.662452e-05	
6.685906e+00	8.676732e-05	
6.966326e+00	7.463288e-05	
7.501974e+00	1.115723e-04	
3.895968e+00	7.529585e-05	
6.091654e+00	7.281021e-05	
7.793611e+00	1.174451e-04	
6.388965e+00	1.001801e-04	
6.918423e+00	1.258810e-04	
4.689362e+00	1.789873e-04	
4.868871e+00	6.652094e-05	
5.010170e+00	1.309056e-04	
4.444340e+00	1.008314e-04	
9.039810e+00	1.514289e-04	
2.743442e+00	2.507326e-04	
5.927221e+00	3.553543e-04	
4.013155e+00	4.956225e-04	
1.448126e+00	1.705916e-04	
2.292493e+00	1.124589e-04	
9.400967e+00	1.440159e-04	
3.604855e+00	9.672748e-05	
7.551588e+00	6.658487e-05	
4.152314e+00	9.906458e-05	
8.128606e+00	1.667870e-05	
4.162879e+00	6.516937e-05	
7.058839e+00	6.385101e-05	
7.993170e-01	2.935707e-05	
5.737429e+00	1.689228e-05	
3.799163e+00	2.633449e-05	
3.212042e+00	2.519156e-05	
7.107525e+00	3.954009e-05	
5.106577e+00	2.681003e-06	
6.681505e-01	2.139498e-05	
1.074631e+00	2.565625e-05	
4.575123e+00	4.520219e-05	
6.224669e+00	5.052756e-05	
3.161394e+00	3.774517e-05	
5.426939e+00	4.833734e-05	
2.784134e+00	5.239925e-05	
3.555833e+00	9.328226e-05	
6.401872e-01	8.806724e-05	
1.719575e+00	7.179359e-05	
6.443169e+00	8.868154e-05	
5.790164e+00	9.254439e-05	
7.957079e+00	8.023287e-05	
5.410517e+00	9.759714e-05	
1.375289e+00	1.441505e-04	
3.006387e+00	9.413975e-05	
6.920752e+00	9.840227e-05	
5.571744e-01	1.097641e-04	
5.535395e-01	1.768634e-04	
1.111691e+00	1.437944e-04	
3.501028e+00	1.564008e-04	
8.903074e+00	3.594168e-04	
8.127325e+00	3.799885e-04	
7.156156e+00	4.354973e-04	
6.887466e+00	1.877849e-04	
5.024691e+00	2.181777e-04	
2.472588e+00	1.080418e-04	
3.501702e+00	2.477989e-05	
1.004330e+01	6.450212e-05	
2.967325e+00	3.641203e-05	
6.186138e+00	6.775717e-05	
1.149037e+00	5.106347e-05	
1.566501e+00	4.994623e-05	
5.626476e+00	2.361045e-05	
1.749272e+00	2.354864e-06	
9.417383e+00	4.033152e-05	
6.616599e+00	2.349327e-05	
5.223870e+00	2.878266e-05	
5.482722e+00	2.075100e-05	
1.406680e+00	7.331399e-05	
8.099240e+00	8.493032e-05	
5.767086e+00	3.508607e-05	
1.840019e+00	6.390458e-05	
9.037062e+00	5.393695e-05	
6.265850e+00	5.658634e-05	
7.607443e+00	9.174322e-05	
3.240391e+00	6.341567e-05	
1.750055e+00	9.459806e-05	
1.028933e+01	1.020045e-04	
8.835804e+00	1.048408e-04	
6.817039e+00	9.665307e-05	
8.222399e+00	1.282570e-04	
4.071829e+00	1.257293e-04	
3.728365e+00	1.287592e-04	
4.508341e+00	9.303847e-05	
2.360287e+00	1.432883e-04	
5.776393e+00	9.291897e-05	
1.925309e+00	9.605872e-05	
3.875945e+00	1.914967e-04	
7.365707e+00	3.665901e-04	
7.415094e+00	3.180539e-04	
5.646237e+00	2.014550e-04	
9.037896e+00	1.909792e-04	
5.457692e+00	1.872074e-04	
5.564069e+00	7.233379e-05	
3.070530e+00	1.120484e-04	
1.294043e+00	6.802537e-05	
5.202940e+00	4.355538e-05	
1.580554e+00	5.428673e-05	
7.202165e+00	4.819516e-05	
4.176703e+00	3.825362e-05	
6.090724e+00	5.634546e-06	
7.466954e+00	4.283404e-05	
8.975320e+00	2.702467e-05	
7.318345e+00	4.843729e-05	
5.324280e+00	3.832929e-05	
4.353808e+00	2.882522e-05	
5.052980e+00	6.049827e-05	
7.928606e+00	5.710881e-05	
4.917094e+00	3.726198e-05	
9.876095e-01	2.027907e-05	
3.923321e+00	5.197089e-05	
6.360213e+00	6.052640e-05	
5.646981e+00	4.285660e-05	
2.185117e+00	3.788114e-05	
3.043845e+00	8.702046e-05	
2.086689e+00	9.138991e-05	
1.169414e+00	6.977735e-05	
5.905761e+00	8.479746e-05	
5.963843e+00	1.144602e-04	
3.728498e+00	1.342486e-04	
3.134910e+00	1.091479e-04	
4.804076e+00	1.181067e-04	
4.166362e+00	9.736086e-05	
6.558070e+00	1.270614e-04	
9.675080e+00	8.389260e-05	
5.306546e+00	1.717512e-04	
3.046172e+00	3.233534e-04	
3.382513e+00	1.913738e-04	
6.814939e-01	1.611892e-04	
5.062713e+00	2.371667e-04	
6.991888e+00	3.906345e-05	
5.017342e+00	1.178374e-04	
6.205582e+00	1.365041e-04	
2.560518e+00	6.260693e-05	
1.145636e+00	3.371467e-05	
6.772696e+00	1.934184e-05	
7.695276e+00	4.224331e-05	
3.330628e+00	4.343555e-05	
4.097141e+00	5.338818e-05	
5.277130e+00	4.108774e-05	
3.121452e+00	3.307739e-05	
1.341602e+01	2.183014e-05	
3.827736e+00	3.586485e-05	
2.773725e+00	2.797629e-05	
3.029489e+00	5.928013e-05	
7.137652e+00	4.239644e-05	
5.735462e+00	7.134779e-05	
4.128791e+00	6.830897e-05	
4.306688e-01	6.980617e-05	
7.552993e+00	9.690063e-05	
9.434939e+00	6.655663e-05	
4.505652e+00	1.908733e-05	
4.497005e+00	5.252375e-05	
9.676685e-01	6.961796e-05	
3.757701e+00	6.965388e-05	
1.129258e-01	1.080539e-04	
6.118452e+00	7.485603e-05	
5.072202e+00	1.200010e-04	
5.692128e+00	1.289317e-04	
5.946939e+00	8.099209e-05	
7.205565e+00	1.412548e-04	
3.264003e+00	1.431327e-04	
4.433142e+00	1.050889e-04	
1.382165e+00	1.247505e-04	
2.906317e+00	2.732103e-04	
3.461225e+00	2.416493e-04	
4.802370e+00	2.790372e-04	
1.232977e+00	3.237698e-04	
7.311527e+00	2.203732e-04	
7.025978e+00	1.387648e-04	
5.299849e+00	1.352305e-04	
6.540013e+00	8.687699e-05	
8.897218e+00	8.332138e-05	
8.436107e+00	6.632922e-05	
6.585006e+00	4.182931e-05	
4.628980e+00	6.309611e-05	
8.247032e+00	3.668744e-05	
6.983288e+00	2.502937e-06	
1.169970e+01	3.876458e-05	
8.317352e+00	3.511926e-05	
5.155026e+00	2.539817e-06	
3.788187e+00	4.577168e-05	
7.251110e+00	3.050118e-05	
6.101366e+00	4.197286e-05	
2.215347e+00	4.309991e-05	
2.615616e+00	6.944242e-05	
1.858241e+00	7.381013e-05	
6.514045e+00	4.305032e-05	
6.625454e+00	7.596333e-05	
5.385799e+00	1.459165e-05	
6.812944e+00	4.463820e-05	
4.968602e+00	6.814730e-05	
5.848123e+00	8.810620e-05	
4.878047e+00	4.500250e-05	
6.340511e+00	5.455124e-05	
7.022698e+00	8.514986e-05	
6.026191e+00	1.462319e-04	
2.780369e+00	1.062748e-04	
6.217862e+00	9.904845e-05	
5.421104e+00	1.585947e-04	
1.917498e+00	1.687066e-04	
3.944663e+00	1.592907e-04	
1.536505e+00	1.239197e-04	
3.948317e+00	2.829758e-04	
3.624063e+00	3.865590e-04	
3.758838e+00	4.020447e-04	
5.437169e+00	2.431232e-04	
3.621937e+00	1.188333e-04	
5.385862e+00	7.586391e-05	
5.126421e+00	1.113752e-04	
7.920203e+00	9.705949e-05	
7.933638e+00	5.147006e-05	
3.460508e+00	7.824265e-05	
8.150528e+00	8.510830e-05	
7.490859e+00	3.859361e-05	
7.897508e+00	5.418154e-05	
6.750656e+00	3.854017e-05	
8.043252e+00	4.251734e-05	
4.328466e+00	1.664176e-05	
6.261715e+00	3.059335e-05	
3.529351e+00	4.270469e-05	
1.275521e+00	4.751809e-05	
1.032212e+00	5.385113e-05	
5.761934e-01	4.942256e-05	
1.832602e+00	4.212801e-05	
6.597663e+00	5.842599e-05	
1.099385e+01	2.150231e-05	
1.153939e+00	5.879777e-05	
4.218434e+00	7.542469e-05	
7.669332e+00	8.550662e-05	
1.049086e+01	7.325564e-05	
3.808448e+00	8.479846e-05	
6.266560e+00	8.060437e-05	
6.423559e+00	3.653104e-05	
4.562808e+00	9.850091e-05	
2.813295e+00	9.250697e-05	
4.724632e+00	1.300403e-04	
2.982345e+00	7.206903e-05	
3.790482e+00	7.638210e-05	
4.852182e+00	8.037425e-05	
4.864546e+00	1.842585e-04	
1.262670e+00	1.329461e-04	
4.876351e+00	2.705878e-04	
2.735229e+00	2.714937e-04	
5.917514e+00	1.723656e-04	
7.731954e-01	9.769075e-05	
2.050158e+00	5.293470e-05	
2.730869e+00	5.232559e-05	
3.263249e+00	2.390814e-05	
1.155833e+00	1.049135e-04	
6.940045e+00	8.057569e-05	
3.281813e+00	6.364026e-05	
3.365785e+00	1.586163e-05	
5.335506e+00	2.330337e-05	
4.892742e+00	7.693908e-06	
4.438479e+00	2.724035e-05	
9.456220e+00	2.677521e-06	
5.592946e+00	3.465677e-05	
3.651107e+00	4.167292e-05	
2.594819e+00	4.567135e-05	
5.483826e+00	4.954560e-05	
5.834548e+00	4.855088e-05	
5.726847e+00	5.991474e-05	
7.533321e+00	4.525693e-05	
1.121490e+01	3.064222e-05	
5.692183e+00	2.248236e-05	
2.465240e+00	4.604744e-05	
4.114299e+00	5.332111e-05	
2.632246e+00	7.235903e-05	
5.220699e+00	9.130687e-05	
4.554871e+00	6.502240e-05	
6.084170e+00	3.988313e-05	
5.241585e+00	3.518321e-05	
9.099739e+00	1.108171e-04	
6.492822e+00	1.154744e-04	
4.999822e+00	3.387682e-05	
8.906146e+00	3.913867e-05	
5.381449e-01	1.476861e-04	
8.985673e+00	1.291565e-04	
5.252882e+00	3.044349e-04	
6.825235e+00	1.066711e-04	
2.996123e+00	1.394945e-04	
3.267707e+00	1.530486e-04	
1.958423e+00	6.387883e-05	
4.062399e+00	4.312297e-05	
4.737521e+00	1.060859e-04	
8.261562e+00	2.828808e-05	
8.434209e+00	5.151188e-05	
5.462366e+00	8.273523e-05	
6.117932e+00	9.562147e-05	
2.919911e+00	3.152555e-05	
2.812315e+00	3.008092e-05	
3.849994e+00	1.138491e-05	
3.183028e+00	2.619501e-05	
5.788365e+00	5.529413e-05	
6.563061e+00	4.002913e-05	
6.047588e+00	5.409335e-05	
1.105448e+00	6.651430e-05	
9.874345e+00	2.587524e-05	
4.900442e-01	6.998947e-05	
6.349829e+00	5.261044e-05	
6.536148e+00	1.712866e-05	
2.437636e+00	3.388551e-05	
3.279119e+00	2.952820e-05	
2.668753e+00	3.812009e-05	
4.373972e+00	5.336948e-05	
8.521634e+00	5.045282e-05	
2.225366e+00	5.785155e-05	
5.620391e+00	3.465534e-05	
4.555221e+00	6.791745e-05	
9.029263e+00	8.334034e-05	
1.212118e+01	7.567936e-05	
6.651387e+00	8.939094e-05	
1.338589e+00	1.921713e-05	
4.382226e+00	1.016470e-04	
4.253765e+00	6.230047e-05	
1.069643e+01	1.380975e-04	
5.425910e+00	4.183137e-04	
3.164158e+00	1.137533e-04	
3.450118e+00	1.769976e-04	
6.768227e+00	1.138545e-04	
3.348792e+00	4.350786e-05	
3.475921e+00	3.774969e-06	
1.076909e+01	1.143391e-04	
1.161246e+01	4.963079e-05	
2.066080e+00	5.111879e-05	
2.882977e+00	7.870789e-05	
7.503754e+00	8.628234e-05	
5.150455e+00	5.370459e-05	
8.997565e-01	1.940208e-05	
6.573873e+00	1.760125e-05	
3.601373e+00	7.896964e-06	
5.974621e+00	5.231498e-05	
5.343556e+00	1.775553e-05	
2.913905e+00	4.998354e-05	
4.051981e+00	5.640508e-05	
4.482037e+00	4.268133e-05	
8.648729e+00	3.357238e-05	
5.450423e+00	3.764789e-05	
1.287883e+00	1.523135e-05	
1.844697e+00	4.371668e-05	
3.967045e+00	2.789933e-05	
1.887379e+00	6.616036e-05	
4.210279e+00	6.232195e-05	
5.769268e+00	7.411457e-05	
6.895712e+00	4.521400e-05	
1.848163e+00	4.095246e-05	
1.487875e+00	4.782092e-05	
7.802408e+00	1.759251e-05	
8.593939e+00	1.340597e-04	
1.039451e+01	7.963700e-05	
1.328548e+00	2.837113e-05	
1.888724e+00	2.676077e-05	
8.043220e+00	1.003930e-04	
4.446075e+00	1.178761e-04	
4.276885e+00	2.085227e-04	
4.491880e+00	5.640539e-05	
3.997009e+00	1.710425e-04	
2.832700e+00	1.886817e-04	
1.736429e+00	7.346563e-05	
4.423484e+00	8.358303e-05	
9.572898e+00	1.142009e-04	
4.438968e+00	2.378833e-05	
3.385839e+00	4.325282e-05	
3.814462e+00	3.947726e-05	
3.244831e+00	7.058677e-05	
6.609033e+00	9.526066e-05	
6.382721e+00	4.963451e-05	
2.827269e+00	3.055530e-05	
6.982893e+00	4.430672e-05	
2.977329e+00	4.286231e-05	
8.367099e+00	3.833105e-05	
1.881537e+00	2.263731e-05	
2.336979e+00	4.530251e-05	
2.988209e+00	3.850152e-05	
4.666147e+00	3.167920e-05	
8.610312e+00	3.542833e-05	
7.647813e+00	2.432088e-05	
7.630725e+00	1.177653e-05	
6.943591e+00	1.212311e-05	
3.600274e+00	1.439759e-05	
1.081723e+01	4.779514e-05	
8.131792e+00	1.892601e-05	
4.238221e+00	1.034795e-05	
4.828076e+00	3.948751e-05	
2.213083e+00	6.153228e-05	
1.078998e+01	4.519303e-05	
9.355741e+00	1.185021e-04	
9.917261e+00	5.945294e-05	
5.505649e+00	5.012085e-05	
2.629493e+00	1.449297e-04	
5.576307e+00	9.634239e-05	
2.443773e+00	1.343467e-04	
4.932278e+00	1.540261e-04	
3.230718e+00	4.313245e-05	
6.768929e+00	1.360927e-04	
8.654718e+00	1.489405e-04	
4.159348e+00	5.054733e-05	
6.561565e+00	7.123063e-05	
5.917808e+00	2.829976e-05	
7.711981e+00	3.226715e-05	
6.586881e+00	4.587143e-06	
4.542064e+00	5.036930e-05	
6.459590e+00	3.662342e-05	
1.815371e+00	6.053861e-05	
6.098134e+00	4.566111e-05	
3.982692e+00	2.877895e-05	
5.115555e+00	2.478760e-05	
6.635426e+00	3.405222e-05	
7.459463e+00	1.636058e-05	
7.498403e+00	2.482358e-05	
5.605110e+00	1.341499e-05	
7.627054e+00	3.003406e-05	
8.922049e+00	2.268139e-05	
9.616322e+00	2.214978e-05	
2.864309e+00	5.876141e-05	
8.672408e+00	5.662102e-05	
6.130865e+00	4.690560e-05	
4.691829e+00	5.884907e-05	
8.537400e+00	6.346237e-05	
1.085287e+01	1.002320e-04	
5.214551e+00	7.316957e-05	
5.800142e+00	5.374714e-05	
9.102801e+00	7.670613e-05	
8.034672e+00	6.324480e-05	
7.760029e+00	1.005189e-04	
1.662500e+00	7.145204e-05	
5.253332e+00	1.131076e-04	
6.082379e+00	1.410621e-04	
1.261212e+00	2.270532e-04	
1.778604e+00	1.339726e-04	
4.438640e+00	2.104458e-04	
9.914827e+00	1.318231e-04	
6.221150e+00	1.000848e-04	
6.017931e+00	1.162297e-04	
3.519117e+00	5.047572e-05	
8.451010e+00	1.089059e-05	
1.074692e+01	7.194413e-05	
4.990234e+00	2.992070e-05	
5.312850e+00	5.521904e-05	
6.643856e+00	4.885648e-05	
4.556431e+00	1.351604e-05	
4.195450e+00	2.971768e-05	
6.178781e+00	3.953610e-05	
2.329759e+00	2.664657e-05	
2.997255e+00	3.867995e-05	
5.251568e+00	1.445950e-05	
2.044894e-01	4.297761e-05	
3.118906e+00	3.264013e-05	
5.024644e+00	2.445323e-05	
7.620078e+00	8.644699e-06	
7.089989e+00	4.024791e-05	
5.107749e+00	2.914779e-05	
9.890687e+00	1.574959e-05	
4.800065e+00	2.738087e-05	
2.473754e+00	2.455754e-05	
3.104791e+00	2.537179e-05	
1.864284e+00	4.746350e-05	
1.214544e+00	7.832702e-05	
3.527454e+00	4.490517e-05	
9.407190e+00	6.861566e-05	
7.316897e+00	8.739605e-05	
2.342159e+00	5.096210e-05	
7.733724e+00	6.701914e-05	
3.191989e+00	1.058700e-04	
6.256405e+00	9.349898e-05	
5.826754e+00	1.855758e-04	
6.081868e+00	1.960960e-05	
5.745830e+00	1.561534e-04	
3.448185e+00	2.233450e-04	
1.231416e+01	5.514624e-05	
6.167233e+00	2.140368e-05	
5.005847e+00	1.986013e-04	
4.505150e+00	4.441815e-05	
6.161987e+00	7.149936e-05	
6.230625e+00	4.391300e-05	
4.116463e+00	5.777421e-05	
3.256227e+00	4.404153e-05	
6.936976e+00	1.098335e-05	
4.849573e+00	4.974957e-06	
7.451503e+00	8.064855e-07	
4.233166e+00	4.206571e-06	
2.574455e+00	4.087122e-05	
3.631450e+00	2.360540e-05	
2.596373e+00	1.963079e-05	
3.277790e+00	2.413338e-05	
2.439677e+00	2.607150e-05	
3.020875e+00	2.834477e-05	
2.463370e+00	4.080887e-05	
7.756951e+00	4.126573e-05	
4.572684e+00	4.519483e-05	
5.531843e+00	5.292591e-05	
1.179460e+00	4.222397e-05	
3.967805e+00	2.468740e-05	
4.562800e+00	4.748868e-05	
4.452941e+00	6.365254e-05	
2.697293e+00	4.287627e-05	
7.302908e+00	3.582268e-05	
1.347880e+01	6.463803e-05	
7.892327e+00	6.861803e-05	
5.078714e+00	4.494169e-05	
3.330057e+00	7.075561e-05	
5.375695e+00	1.229840e-04	
4.648282e+00	1.340229e-04	
7.681588e+00	4.145188e-05	
5.425258e+00	6.797115e-05	
5.035248e+00	1.453983e-04	
3.874164e+00	3.127324e-05	
5.942415e+00	6.193323e-05	
6.356402e+00	1.109794e-04	
5.339314e+00	1.421140e-04	
3.938780e+00	5.742951e-05	
2.910874e+00	2.662097e-05	
1.250227e+00	4.597155e-05	
5.282297e+00	6.884077e-06	
1.421234e+00	4.024365e-06	
3.986583e+00	3.901382e-05	
4.305400e+00	4.232233e-05	
4.744337e+00	1.241197e-05	
4.677347e+00	9.004740e-07	
5.880883e+00	2.669358e-05	
5.214627e+00	5.427701e-05	
6.194531e+00	1.617226e-05	
3.077086e+00	1.440960e-05	
2.629598e+00	2.428905e-05	
1.087299e+01	2.140591e-05	
1.005789e+01	3.104262e-05	
5.082875e+00	2.671178e-05	
3.411625e+00	1.880630e-05	
4.420257e+00	3.986435e-05	
5.310451e+00	2.821374e-05	
5.877305e+00	3.230517e-05	
4.978617e+00	4.588083e-05	
4.926222e+00	1.800310e-05	
2.532563e+00	2.285351e-05	
3.800514e+00	5.629690e-05	
7.481500e+00	1.056074e-04	
5.866592e+00	2.506637e-05	
1.672071e+00	3.293408e-05	
7.652254e+00	6.773064e-05	
8.617570e+00	1.691100e-05	
7.641963e+00	7.735251e-06	
3.964906e+00	3.246112e-05	
4.188616e+00	7.497870e-05	
3.815020e+00	1.515508e-04	
3.566707e+00	3.099406e-04	
