3.100607e-01	1.620926e-14	
3.219378e-01	8.526513e-13	
4.298324e-01	4.296563e-13	
5.307878e-01	2.273293e-12	
5.499990e-01	4.641842e-13	
5.029965e-01	5.611511e-12	
4.945192e-01	3.539391e-13	
5.358846e-01	5.659473e-12	
4.715769e-01	1.625144e-12	
5.931101e-01	1.887601e-12	
3.726477e-01	1.423195e-12	
3.457348e-01	1.431177e-11	
4.548988e-01	5.912826e-12	
4.258233e-01	2.682299e-13	
3.870520e-01	2.980016e-11	
4.428623e-01	8.522072e-13	
5.036754e-01	2.425726e-11	
4.011440e-01	8.009149e-13	
4.276772e-01	4.068190e-11	
4.933714e-01	1.553202e-13	
5.624805e-01	1.203593e-12	
5.164397e-01	5.742296e-12	
5.004378e-01	1.247447e-12	
5.697401e-01	1.290146e-11	
5.560351e-01	6.394885e-14	
3.820835e-01	1.288303e-12	
3.341032e-01	8.148060e-11	
4.477436e-01	3.892997e-12	
3.053274e-01	4.756862e-12	
3.690547e-01	8.381740e-12	
3.622649e-01	3.700373e-12	
3.456683e-01	5.654477e-12	
3.445180e-01	2.468470e-12	
3.364273e-01	1.310063e-13	
3.814897e-01	3.364087e-12	
4.164015e-01	1.160294e-12	
3.696069e-01	2.868816e-13	
4.298746e-01	2.359446e-12	
2.517046e-01	7.197354e-12	
3.813120e-01	3.752554e-14	
3.247541e-01	1.098766e-11	
3.463760e-01	1.449100e-13	
3.982186e-01	3.708838e-13	
3.760501e-01	1.073015e-13	
3.668132e-01	1.740098e-15	
2.650194e-01	4.207045e-14	
3.155914e-01	1.616492e-14	
3.526463e-01	9.135191e-16	
3.435994e-01	2.024331e-14	
4.497230e-01	1.140039e-14	
5.439783e-01	3.303935e-15	
5.571023e-01	3.622423e-16	
4.016354e-01	1.023611e-14	
2.997373e-01	6.002128e-15	
3.340679e-01	4.667201e-16	
3.583716e-01	2.255652e-15	
4.559079e-01	5.857018e-16	
5.093905e-01	2.153615e-15	
3.782466e-01	8.503478e-16	
5.626173e-01	1.971404e-15	
5.319140e-01	8.026432e-15	
3.185399e-01	4.393464e-15	
3.600720e-01	1.148595e-15	
4.992258e-01	3.074934e-15	
4.544759e-01	3.007537e-15	
3.936266e-01	1.711307e-15	
3.828517e-01	4.866590e-16	
3.353847e-01	1.023611e-15	
3.916856e-01	0	
4.540142e-01	1.943491e-16	
4.611395e-01	6.333551e-16	
3.801538e-01	6.980451e-16	
3.904760e-01	1.305027e-16	
3.464118e-01	1.047726e-15	
4.000568e-01	5.302998e-16	
2.849232e-01	3.262683e-15	
4.765411e-01	8.692415e-15	
5.004649e-01	7.248807e-13	
3.735431e-01	3.475485e-14	
3.021221e-01	3.865797e-13	
3.297968e-01	1.655343e-12	
4.015192e-01	2.489120e-12	
3.742037e-01	7.156498e-13	
3.383924e-01	1.076694e-12	
4.294593e-01	1.343370e-13	
2.953259e-01	1.927569e-12	
3.101860e-01	6.719181e-12	
3.254762e-01	1.594946e-12	
3.297767e-01	1.398437e-12	
5.138034e-01	1.730061e-12	
4.963923e-01	3.087464e-11	
3.035075e-01	1.647571e-13	
5.110208e-01	5.700551e-12	
4.324332e-01	3.806511e-12	
4.813097e-01	1.700640e-12	
4.817796e-01	4.675815e-12	
5.363873e-01	4.171519e-11	
4.595833e-01	2.695177e-12	
5.974501e-01	1.505462e-12	
5.566556e-01	1.790166e-10	
3.513681e-01	1.523226e-13	
4.506554e-01	6.557643e-12	
5.949564e-01	8.630296e-11	
5.815892e-01	2.188916e-12	
4.390899e-01	2.216449e-12	
4.294066e-01	4.972445e-11	
3.852581e-01	7.958856e-12	
3.371705e-01	2.119616e-11	
4.058691e-01	1.873912e-11	
4.185104e-01	9.496848e-12	
4.765257e-01	2.701439e-11	
5.499154e-01	1.617184e-11	
5.462160e-01	1.784284e-11	
4.324183e-01	4.223266e-11	
3.592154e-01	2.377498e-11	
4.739276e-01	1.342793e-11	
5.051893e-01	3.899325e-12	
3.604185e-01	1.619793e-11	
3.839812e-01	1.490807e-12	
4.602357e-01	1.549538e-12	
3.921464e-01	8.000267e-13	
4.105503e-01	7.706169e-12	
5.156143e-01	2.067235e-13	
4.680563e-01	1.810663e-12	
5.047961e-01	2.705391e-12	
4.616489e-01	2.003731e-12	
5.912350e-01	3.159362e-12	
3.923712e-01	4.102163e-12	
4.224354e-01	7.338574e-14	
3.636421e-01	2.162626e-11	
3.257099e-01	3.583216e-10	
4.559041e-01	3.494538e-12	
4.626356e-01	1.070255e-13	
4.171824e-01	8.458789e-12	
3.959662e-01	1.565414e-14	
4.121572e-01	2.688183e-12	
5.896284e-01	1.324119e-11	
4.589407e-01	4.670597e-11	
4.546551e-01	5.393019e-12	
4.517246e-01	2.983158e-11	
3.574519e-01	4.813794e-11	
4.752089e-01	3.969491e-12	
4.140865e-01	1.352951e-10	
3.347313e-01	4.154521e-11	
4.158025e-01	8.601697e-11	
4.066601e-01	1.030265e-11	
5.339857e-01	3.224021e-11	
4.090734e-01	3.624123e-11	
4.514593e-01	1.227107e-11	
3.830724e-01	2.172507e-11	
4.264002e-01	1.188427e-11	
4.084923e-01	4.659473e-11	
4.585395e-01	2.486578e-11	
3.155080e-01	3.600098e-11	
3.466983e-01	3.850920e-12	
3.679252e-01	1.246525e-11	
3.358734e-01	5.274657e-05	
2.707005e-01	4.615336e-05	
3.180689e-01	1.910161e-05	
3.750188e-01	1.807566e-05	
2.483511e-01	2.529289e-05	
7.862623e-02	4.730727e-05	
3.974434e-01	7.689464e-05	
1.995404e-01	1.313464e-04	
2.000399e-01	5.947079e-06	
2.963744e-01	4.453660e-05	
1.848340e-01	9.630137e-05	
2.629073e-01	1.385714e-04	
4.092609e-01	5.550165e-05	
4.370223e-01	1.327835e-04	
2.680331e-01	1.918015e-04	
3.314961e-01	5.684204e-05	
3.403920e-01	4.447834e-06	
2.356572e-01	1.125565e-04	
1.869365e-01	1.385832e-04	
1.874109e-01	2.967182e-04	
2.544300e-01	1.475748e-04	
4.153491e-01	3.683573e-05	
2.452459e-01	2.673673e-04	
2.014716e-01	2.799496e-04	
2.043694e-01	3.228311e-04	
2.086220e-01	9.460285e-05	
1.539896e-01	3.070977e-04	
3.317894e-01	1.288245e-04	
3.384475e-01	2.353117e-04	
3.381461e-01	3.118028e-04	
3.043621e-01	1.871697e-04	
2.929786e-01	1.910454e-04	
3.262784e-01	1.337063e-04	
4.510158e-01	8.731571e-05	
2.994183e-01	6.077332e-05	
2.643060e-01	4.203336e-06	
2.697438e-01	2.102292e-05	
3.740112e-01	7.583832e-06	
3.624101e-01	2.302074e-05	
2.488957e-01	8.767345e-05	
1.556654e-01	5.917263e-05	
1.971386e-01	6.581349e-05	
1.058927e-01	6.146059e-05	
1.366756e-01	4.625771e-05	
1.694126e-01	8.816430e-05	
1.037390e-02	4.929440e-05	
2.016940e-01	1.302433e-05	
2.182030e-01	2.579045e-05	
5.236125e-02	7.062037e-06	
1.599495e-01	1.446322e-04	
9.293013e-02	8.922458e-06	
4.170954e-02	9.787758e-05	
1.276871e-01	1.510331e-04	
1.308749e-01	1.706135e-04	
9.915032e-02	9.105611e-05	
1.966219e-02	1.669176e-04	
1.531469e-01	1.139840e-04	
1.294734e-01	3.450230e-04	
3.748981e-02	2.250161e-04	
6.471648e-02	2.911314e-04	
1.744023e-01	2.748782e-04	
1.715032e-01	3.448960e-04	
2.012127e-01	3.592403e-04	
1.094287e-01	3.053100e-04	
7.875992e-02	3.457003e-04	
9.841637e-02	2.149608e-04	
1.432766e-01	1.135393e-04	
2.270441e-02	2.111752e-04	
6.897482e-02	1.974883e-04	
1.214759e-01	3.389395e-05	
1.618024e-01	1.505163e-04	
7.669763e-02	1.336192e-04	
1.794195e-01	1.021446e-04	
4.506726e-02	2.225550e-05	
1.789438e-01	2.347881e-05	
9.997378e-02	2.661756e-05	
1.817551e-01	1.963184e-04	
1.910043e-01	1.345338e-04	
6.882835e-02	1.003719e-04	
1.099912e-01	3.398134e-05	
9.258685e-02	1.412581e-05	
1.216808e-01	5.524356e-05	
8.361968e-02	9.521881e-05	
8.286298e-02	6.358190e-05	
2.860116e-02	1.140116e-04	
7.047226e-02	8.397098e-05	
1.265347e-01	1.229029e-04	
4.625273e-02	2.491958e-07	
2.396176e-01	8.098867e-05	
9.276592e-02	1.166412e-05	
1.952591e-01	3.879568e-05	
8.596869e-02	7.372732e-05	
1.593698e-01	1.552076e-04	
7.491159e-02	1.214349e-04	
1.422935e-02	2.295696e-04	
1.934343e-01	2.387173e-04	
1.480833e-01	1.953494e-04	
4.342232e-02	2.143550e-04	
8.929327e-02	2.583351e-04	
5.962831e-02	2.203161e-04	
2.693252e-01	1.267974e-04	
4.782127e-02	1.687779e-04	
5.584185e-02	6.721265e-05	
1.281483e-01	1.125085e-04	
6.529292e-02	1.443738e-04	
6.603066e-02	1.374516e-04	
1.281363e-01	1.309110e-04	
1.222491e-01	1.251410e-04	
6.342373e-02	1.502984e-04	
9.229091e-02	1.576862e-04	
9.700669e-02	1.188392e-04	
5.196067e-02	1.505310e-05	
1.853748e-01	1.216544e-05	
3.524248e-01	3.101744e-05	
4.339890e-01	1.447771e-04	
1.840496e-01	1.915251e-04	
1.408333e-01	8.853343e-05	
4.909281e-02	1.439873e-04	
5.897932e-02	1.884005e-04	
1.854305e-01	6.789541e-05	
1.438542e-01	8.336682e-05	
8.016202e-02	1.215078e-04	
1.580339e-01	8.675224e-05	
7.330637e-02	2.559578e-06	
9.181989e-02	1.051354e-04	
3.857846e-02	5.564940e-05	
1.398826e-01	1.613463e-04	
1.146033e-01	1.163390e-04	
1.056420e-01	4.956495e-05	
8.412482e-02	2.268037e-04	
3.648150e-02	2.279561e-04	
1.170863e-01	1.800116e-04	
1.920556e-01	1.873391e-04	
2.042863e-01	1.409170e-04	
1.263914e-01	1.278570e-04	
4.164835e-02	7.962656e-05	
1.046531e-01	1.231518e-04	
7.261913e-02	1.382358e-04	
9.623506e-02	9.915799e-05	
7.986835e-02	1.262081e-04	
9.663587e-02	5.761530e-05	
1.285177e-01	5.395857e-05	
6.129004e-02	7.326513e-05	
4.845246e-02	1.667075e-04	
1.153501e-01	1.316957e-04	
1.120529e-01	1.293034e-04	
6.124642e-02	2.159180e-04	
9.234063e-02	1.254616e-04	
1.577204e-01	5.273380e-05	
8.041262e-02	8.483224e-05	
1.902703e-01	3.615778e-05	
3.475818e-01	1.639959e-05	
3.439489e-01	1.550420e-04	
7.032598e-02	2.594870e-04	
1.916388e-01	9.268087e-05	
1.828970e-01	1.067691e-04	
1.177390e-01	1.624496e-05	
1.423815e-01	2.317773e-05	
1.067013e-01	4.208667e-05	
1.120726e-01	2.686309e-05	
1.091257e-01	5.565425e-05	
5.846599e-02	1.059466e-05	
1.195932e-01	1.037834e-05	
1.290094e-01	1.004128e-04	
1.167161e-01	1.323395e-04	
1.875248e-01	1.096229e-04	
1.056113e-01	1.406054e-04	
9.553941e-02	1.510632e-04	
1.130988e-01	1.815791e-04	
1.560940e-01	1.862988e-04	
1.073087e-01	1.486381e-04	
9.522851e-02	1.199573e-04	
2.254105e-01	1.007785e-04	
1.072549e-01	9.223547e-05	
1.012259e-01	9.495968e-05	
1.589603e-02	7.517811e-05	
2.029792e-01	1.172650e-04	
1.204966e-01	1.255349e-04	
1.094406e-01	8.834494e-05	
1.352393e-01	6.690798e-05	
1.019849e-01	4.539880e-05	
8.300084e-02	1.071608e-04	
3.806901e-02	1.079552e-04	
6.010845e-02	7.684265e-05	
1.200144e-01	1.011049e-04	
3.894260e-02	3.908382e-05	
1.445164e-01	3.498699e-05	
1.606925e-01	9.063371e-05	
8.573423e-02	4.599086e-05	
2.064778e-01	8.273886e-06	
3.409980e-01	1.359095e-04	
2.009191e-01	1.125243e-04	
1.846579e-01	1.095632e-05	
2.679719e-01	5.171506e-05	
9.389216e-02	2.317154e-05	
1.015398e-01	4.957461e-05	
1.343862e-01	4.658055e-05	
6.773279e-02	1.440003e-05	
1.071627e-01	5.485358e-06	
1.583169e-01	9.331012e-07	
9.121003e-02	9.806005e-06	
1.462471e-01	2.012461e-05	
9.212543e-02	8.803597e-06	
9.377078e-02	3.752062e-05	
9.247094e-02	7.391865e-05	
1.015017e-01	2.513590e-05	
1.513608e-01	9.010149e-06	
2.053389e-01	5.821040e-05	
1.186773e-01	1.370130e-04	
3.043493e-01	5.478206e-05	
1.695936e-01	7.300176e-05	
8.593914e-02	1.761564e-05	
1.504795e-01	7.184965e-05	
1.206123e-01	7.390433e-05	
2.261561e-01	1.326171e-04	
1.372274e-01	7.890919e-05	
2.028665e-01	8.013912e-05	
1.043428e-01	1.138161e-05	
6.613248e-02	6.189427e-05	
2.018126e-01	1.215895e-04	
6.403914e-02	8.158592e-05	
3.465332e-02	8.087667e-05	
1.064187e-01	1.075858e-04	
1.153678e-01	1.534484e-05	
8.630660e-02	4.304091e-05	
1.158102e-01	8.516904e-05	
9.588517e-02	4.990858e-05	
3.578647e-01	4.356468e-05	
3.838484e-01	7.583060e-05	
1.532868e-01	1.210851e-04	
5.713722e-02	2.675470e-05	
1.641387e-01	5.164845e-05	
1.017806e-01	7.148073e-05	
3.359345e-02	1.072481e-04	
8.938569e-02	2.209322e-05	
1.497848e-01	5.820129e-05	
2.168799e-01	7.136337e-05	
5.865515e-02	6.775772e-05	
2.062192e-01	6.248517e-05	
2.016568e-01	5.389237e-05	
1.750457e-01	5.431472e-05	
3.446332e-02	1.716959e-05	
6.782026e-02	5.009089e-05	
9.282606e-02	1.606282e-05	
9.902249e-02	1.022614e-05	
1.505627e-01	9.642283e-05	
6.483170e-02	1.272073e-04	
8.085393e-02	7.092873e-06	
1.302044e-01	2.903226e-05	
1.500883e-01	6.472776e-05	
1.072552e-01	8.947465e-07	
6.090580e-02	8.094309e-05	
1.404989e-01	6.431457e-05	
1.771972e-01	4.986549e-05	
2.244117e-01	4.694217e-05	
2.377008e-01	8.520150e-05	
6.025695e-02	6.025288e-06	
1.694608e-02	1.633066e-04	
1.159440e-01	1.676482e-04	
2.008206e-01	1.308346e-04	
2.006405e-01	9.994056e-05	
4.843828e-02	8.732963e-05	
6.483787e-02	6.766325e-05	
1.552210e-01	4.348187e-06	
7.549061e-02	4.981711e-05	
4.841305e-01	2.746737e-05	
3.911473e-01	2.527042e-04	
1.798315e-01	1.061856e-04	
3.092007e-02	1.004543e-04	
1.771268e-01	1.325940e-04	
4.129833e-02	8.448464e-05	
1.138821e-01	9.625317e-05	
1.059849e-01	2.992741e-05	
7.418266e-02	6.642067e-05	
7.143696e-03	1.584539e-05	
1.180815e-01	6.305984e-05	
4.922240e-02	4.034696e-05	
6.427328e-02	5.939223e-05	
5.237757e-02	6.883057e-05	
1.410956e-01	2.490800e-05	
6.491286e-02	7.391216e-05	
1.620521e-01	9.911330e-05	
1.306794e-01	4.838236e-05	
1.747553e-01	1.403310e-04	
4.761541e-02	8.232138e-05	
7.361615e-02	3.537922e-05	
6.707599e-02	7.540622e-05	
7.403209e-02	6.337239e-05	
8.961118e-02	5.688623e-05	
1.333007e-01	7.065355e-05	
1.248809e-01	3.905767e-05	
7.544599e-02	3.064644e-05	
9.436605e-02	2.273991e-05	
1.945712e-01	9.997407e-06	
5.114382e-02	1.126524e-04	
1.150325e-01	4.897692e-05	
8.432672e-02	1.411814e-04	
1.330055e-01	8.877831e-05	
1.664930e-01	7.934366e-05	
3.971617e-02	1.050375e-04	
3.323605e-01	2.060212e-05	
1.218786e-01	5.723306e-05	
8.035455e-02	9.859218e-05	
3.221958e-01	1.039345e-05	
2.236184e-01	3.768935e-04	
2.188469e-02	6.151340e-06	
9.486828e-02	9.767195e-05	
2.255606e-02	1.326155e-05	
9.770471e-02	2.684942e-05	
6.844865e-02	5.461908e-06	
1.219926e-01	2.059941e-05	
2.591623e-01	2.023967e-05	
6.856633e-02	2.948496e-05	
2.185931e-01	5.231540e-05	
1.292764e-01	7.380572e-05	
1.600032e-01	4.979686e-05	
1.761256e-02	8.437190e-05	
9.401051e-02	4.172081e-05	
6.693712e-02	6.858903e-05	
1.187878e-01	1.259948e-05	
2.111055e-02	1.017700e-04	
2.418323e-01	7.272219e-05	
1.146728e-01	9.839671e-06	
8.111759e-02	9.864201e-05	
8.772733e-03	4.994344e-05	
5.859726e-02	4.663871e-05	
1.626098e-01	5.744444e-05	
1.096178e-01	7.188934e-05	
1.834320e-01	5.842713e-05	
2.950037e-01	6.196386e-05	
1.498004e-01	3.046593e-05	
5.391072e-02	1.600846e-04	
5.549087e-02	3.093460e-05	
2.057960e-01	7.175337e-05	
1.147413e-01	3.121163e-05	
6.996622e-02	1.762280e-05	
5.928045e-02	7.145663e-05	
7.396752e-02	2.185166e-05	
2.169505e-01	1.801420e-04	
6.305349e-02	1.984681e-04	
1.444966e-01	1.221478e-04	
2.678449e-01	4.958292e-05	
3.241470e-01	4.380546e-04	
6.372538e-02	1.117587e-04	
8.882369e-02	4.026651e-05	
1.427264e-01	4.527294e-05	
1.531344e-01	4.370021e-05	
1.594808e-01	2.276134e-05	
1.303790e-01	3.296328e-05	
1.750888e-01	7.069138e-05	
2.140107e-01	3.330589e-05	
5.944599e-02	1.133664e-04	
1.863823e-01	8.194422e-05	
1.092379e-01	2.439281e-05	
8.537337e-02	3.215658e-05	
1.789536e-02	5.100673e-05	
1.646177e-02	3.062555e-05	
1.452006e-01	1.052673e-05	
7.281034e-02	4.753360e-05	
5.191562e-02	3.247533e-05	
6.544893e-02	6.138994e-06	
1.824058e-01	8.922166e-05	
1.800842e-01	3.998179e-05	
1.431010e-01	1.811610e-05	
2.160352e-01	2.558984e-05	
1.258554e-01	5.882310e-06	
1.073012e-01	2.015861e-05	
1.084134e-01	3.514291e-05	
1.181174e-01	9.775617e-05	
1.159587e-01	1.224168e-04	
3.006894e-02	6.626521e-05	
1.854865e-01	5.480628e-05	
5.671986e-02	3.649779e-05	
2.164984e-01	5.019607e-05	
1.183808e-01	5.508873e-05	
1.181096e-01	3.225314e-05	
1.826215e-01	5.448743e-05	
6.458986e-02	2.595938e-05	
2.374849e-01	5.939751e-05	
2.974576e-01	5.381137e-07	
3.815426e-01	1.793021e-04	
3.738481e-02	1.038906e-04	
1.464234e-01	2.695411e-05	
1.464187e-01	7.033997e-05	
8.795723e-02	1.074920e-05	
9.220805e-02	7.001713e-06	
1.324264e-01	7.782980e-05	
2.904188e-02	7.698459e-05	
8.863973e-02	3.995932e-05	
1.691557e-01	1.359927e-05	
1.843059e-01	4.613302e-05	
2.492760e-02	3.869446e-05	
7.482387e-02	4.191673e-05	
1.477760e-01	6.851469e-05	
1.435010e-01	2.559656e-05	
9.476543e-02	3.236699e-05	
1.319372e-01	2.150688e-05	
9.070844e-02	2.640145e-05	
1.789891e-01	8.211404e-05	
5.107752e-02	6.279695e-06	
8.042955e-02	5.769476e-05	
9.014448e-02	8.204996e-06	
1.585671e-01	7.715392e-06	
9.696361e-02	6.845909e-05	
1.231585e-01	3.759733e-05	
1.109752e-01	1.572862e-05	
1.594052e-01	1.171957e-05	
7.725420e-02	5.276870e-05	
1.769154e-01	2.564365e-05	
5.634688e-02	4.450076e-05	
5.283493e-02	5.460732e-05	
7.743199e-02	7.887733e-05	
4.614973e-02	1.445356e-04	
1.259574e-01	2.040245e-05	
2.342350e-01	6.233782e-05	
8.586448e-02	1.620641e-05	
1.501796e-01	1.302284e-04	
1.595255e-01	1.451699e-04	
3.622852e-01	1.390508e-04	
1.130775e-01	1.436992e-04	
5.175176e-02	6.628076e-05	
8.419440e-02	6.186101e-05	
2.871294e-02	1.943559e-05	
8.658570e-03	1.613076e-05	
4.945573e-02	5.779965e-05	
4.296989e-02	8.472794e-05	
7.547485e-02	6.364124e-05	
1.855819e-01	1.496938e-05	
3.993114e-02	1.013053e-04	
1.539983e-01	4.459722e-05	
3.629842e-02	6.476371e-05	
6.892822e-02	4.364448e-05	
1.434139e-01	6.140199e-06	
1.428479e-01	1.960697e-05	
6.732957e-02	1.854300e-06	
9.440307e-02	1.892180e-06	
2.702448e-01	8.925097e-05	
2.321213e-01	1.717074e-05	
1.960420e-01	8.379333e-05	
7.730798e-02	5.850288e-06	
2.939578e-01	3.178243e-05	
8.130732e-02	2.693798e-05	
4.298874e-02	4.150235e-05	
2.737082e-02	3.552812e-05	
1.502735e-01	6.776524e-05	
6.369698e-02	7.289684e-05	
5.531303e-02	5.205564e-05	
1.450224e-01	1.298144e-05	
4.526158e-02	8.693153e-05	
8.840938e-02	3.196149e-05	
1.988031e-01	5.508089e-05	
1.119292e-01	1.252609e-05	
2.643186e-01	3.655107e-05	
1.866021e-01	6.480978e-05	
1.659566e-01	9.683816e-06	
3.392981e-01	1.608267e-04	
3.478108e-01	2.432574e-04	
1.489316e-01	8.676780e-06	
2.751937e-02	1.661960e-04	
1.163588e-01	1.157364e-04	
5.796320e-02	5.710449e-05	
1.264831e-01	2.143488e-05	
1.608545e-01	5.010930e-05	
6.515418e-02	2.620134e-05	
2.090745e-01	9.227230e-05	
1.367732e-01	8.433594e-06	
1.271043e-01	8.193220e-06	
1.227122e-01	4.710498e-05	
6.438456e-02	4.489278e-05	
1.001985e-01	8.547489e-06	
6.867145e-02	1.757565e-05	
2.179648e-01	6.621993e-05	
2.148964e-01	5.804470e-05	
2.510133e-01	1.847774e-05	
8.310788e-02	9.180004e-05	
2.005064e-01	1.136285e-04	
3.045054e-02	9.029448e-05	
1.304832e-01	1.207672e-04	
5.707741e-02	3.695018e-05	
7.655528e-02	6.511382e-05	
6.509994e-02	6.331863e-05	
8.937675e-02	5.617383e-05	
1.040061e-01	6.938829e-05	
9.048662e-02	4.011837e-05	
1.682956e-01	2.167865e-05	
1.079508e-01	4.915290e-05	
5.469007e-02	9.576415e-05	
1.073144e-01	3.773715e-05	
1.608262e-01	3.483935e-05	
2.001350e-01	6.269388e-05	
1.548451e-01	8.812452e-05	
5.475170e-02	8.909199e-05	
1.191109e-02	9.892500e-05	
3.758684e-01	2.844303e-04	
2.191129e-01	1.829946e-04	
1.221989e-01	7.148223e-05	
3.954443e-02	6.529195e-05	
7.781745e-02	5.852633e-05	
1.750050e-01	5.738425e-05	
8.449141e-02	2.466222e-05	
9.702975e-02	1.964325e-05	
5.469684e-02	4.286728e-05	
1.245225e-01	2.674183e-05	
1.396908e-01	3.870746e-05	
1.513242e-01	2.268327e-05	
1.182275e-01	8.651476e-06	
2.476599e-01	3.003930e-05	
1.620680e-01	1.986936e-05	
5.347261e-02	3.717656e-06	
1.926560e-01	8.945960e-06	
2.306904e-01	1.546872e-05	
2.054230e-02	1.699146e-05	
2.751248e-01	2.269046e-05	
1.428845e-01	4.632068e-05	
1.336703e-01	2.846722e-05	
1.584138e-01	4.483900e-05	
1.473524e-01	7.118689e-05	
2.718714e-01	1.169358e-05	
2.019839e-01	2.365029e-05	
1.188685e-01	5.238927e-06	
1.059307e-01	9.605483e-06	
1.371140e-01	3.987822e-05	
9.022409e-02	7.055622e-05	
8.081250e-02	1.009730e-04	
8.420490e-02	9.080375e-05	
2.448606e-02	4.692531e-05	
5.110330e-02	3.486156e-05	
1.308811e-01	1.432136e-04	
1.928183e-01	3.266012e-05	
1.574074e-01	9.121739e-05	
1.287714e-01	7.985837e-05	
2.998571e-01	4.006483e-04	
2.289075e-01	2.345702e-04	
6.020888e-02	1.882302e-04	
1.854568e-01	3.689857e-05	
5.235123e-02	3.087414e-06	
1.057833e-02	1.191358e-05	
7.359524e-02	2.631336e-05	
5.351167e-02	7.805425e-05	
6.626458e-02	2.648610e-05	
5.536257e-02	8.319647e-05	
1.744628e-01	3.618854e-05	
6.731966e-02	2.524712e-05	
9.699151e-02	1.088332e-05	
1.537162e-01	1.180383e-05	
1.056345e-01	1.451929e-05	
5.908239e-02	2.773941e-05	
1.995532e-01	1.592240e-06	
8.491722e-02	6.472504e-06	
8.180163e-02	1.208453e-05	
1.233389e-01	1.395708e-05	
6.848551e-02	6.677614e-06	
1.659319e-01	3.573390e-05	
7.561674e-02	7.935300e-06	
2.394979e-01	1.172530e-05	
1.229988e-01	2.379662e-05	
8.944898e-02	9.231589e-06	
7.884492e-02	1.203416e-05	
8.566560e-02	2.711583e-05	
3.993188e-02	3.317902e-05	
1.261566e-01	5.659600e-05	
2.456000e-01	1.129191e-04	
1.097258e-01	6.371912e-05	
1.424439e-01	2.386846e-05	
2.704691e-01	9.736272e-05	
1.351621e-01	8.083420e-05	
1.709237e-01	1.139749e-04	
9.357996e-02	1.382072e-04	
8.979830e-03	4.082465e-05	
3.019946e-01	3.629914e-04	
3.876623e-01	3.172594e-06	
1.983683e-01	1.491144e-04	
6.368025e-02	1.204618e-04	
2.857105e-01	8.386800e-05	
1.617998e-01	2.543101e-05	
1.277438e-01	2.397155e-05	
8.407729e-02	2.227209e-05	
6.421930e-02	4.113454e-05	
1.675629e-01	2.556748e-05	
5.905730e-02	4.249962e-06	
2.183191e-02	5.273591e-06	
1.542077e-01	1.251425e-05	
1.927043e-01	4.474916e-06	
8.947278e-02	4.917720e-05	
4.275598e-02	4.258195e-05	
9.681339e-02	4.241660e-06	
6.815844e-02	2.407772e-05	
1.602462e-01	5.924111e-05	
1.570367e-01	5.592474e-05	
1.362635e-01	4.267699e-05	
1.051135e-01	4.727946e-06	
2.033555e-01	6.615441e-06	
1.117698e-01	9.519811e-07	
1.291221e-01	2.823557e-05	
8.035901e-02	1.455695e-05	
2.472150e-01	2.641843e-05	
1.252064e-01	1.753227e-05	
2.086978e-01	8.714526e-06	
2.159920e-01	7.944375e-05	
8.295818e-02	1.519837e-05	
1.089492e-01	3.482119e-06	
6.653133e-02	2.232133e-05	
8.260661e-02	5.373915e-05	
2.429047e-01	7.379930e-05	
7.616961e-02	1.206017e-04	
1.367394e-01	3.435840e-04	
1.021979e-01	1.970514e-04	
3.178259e-01	3.028473e-04	
2.500611e-01	1.126669e-04	
1.818388e-01	1.135558e-04	
1.227238e-01	6.949088e-05	
7.972877e-02	1.065309e-04	
4.443930e-02	1.115071e-04	
1.384284e-01	2.826128e-06	
8.498066e-02	7.043071e-06	
5.093614e-02	3.607988e-06	
7.414978e-02	9.552544e-05	
3.292263e-02	8.725348e-05	
8.536911e-02	7.106037e-05	
1.365314e-01	7.152033e-06	
2.820801e-01	9.585152e-07	
8.817539e-02	9.819779e-06	
2.646961e-01	1.652543e-05	
1.292616e-01	1.512703e-05	
1.787702e-01	2.245514e-05	
1.296207e-01	2.700672e-05	
1.244769e-01	6.346344e-05	
8.104986e-02	3.840597e-05	
9.143963e-02	3.133071e-05	
1.760086e-01	1.132279e-05	
2.350621e-01	4.849679e-05	
1.510942e-01	5.211726e-06	
1.709565e-01	2.005508e-06	
2.442087e-01	2.929081e-05	
2.305175e-01	3.151551e-05	
1.170829e-01	4.851465e-05	
1.442912e-01	1.346359e-05	
9.337972e-02	1.117938e-05	
2.517139e-01	1.482732e-05	
6.164069e-02	2.134553e-05	
8.917464e-02	5.048032e-05	
1.619478e-01	1.227728e-04	
6.732209e-02	3.168899e-04	
1.888171e-01	2.144537e-04	
1.473591e-01	1.416861e-04	
3.132350e-01	3.686974e-04	
3.332246e-01	1.114786e-04	
7.242526e-02	1.677448e-04	
1.700615e-01	1.137203e-04	
1.243483e-01	9.214715e-05	
5.958245e-02	9.835619e-05	
8.817128e-02	4.402722e-05	
1.924884e-01	8.052976e-05	
8.315937e-02	8.544964e-05	
4.491755e-02	1.191734e-04	
9.259618e-02	9.442095e-05	
6.290299e-02	6.290776e-05	
7.559704e-02	1.602701e-05	
1.497819e-01	1.710532e-05	
9.347635e-02	3.471731e-05	
5.576256e-02	1.990745e-05	
8.793811e-02	1.981027e-05	
7.005436e-02	5.705765e-05	
2.199319e-01	3.977534e-05	
8.056599e-02	2.567604e-05	
1.596159e-01	3.911325e-05	
1.269101e-01	3.540477e-05	
2.058327e-01	1.712059e-05	
8.604246e-02	9.505105e-06	
1.788728e-01	1.684532e-05	
1.457325e-01	3.954566e-05	
3.647957e-02	1.493910e-05	
7.530686e-02	1.676087e-05	
3.287704e-02	3.512687e-05	
2.126260e-01	5.079275e-08	
1.062227e-01	3.865969e-06	
1.828683e-01	4.325500e-05	
2.300468e-01	2.277349e-05	
1.188936e-02	1.055494e-04	
2.351856e-01	1.342322e-04	
2.326269e-01	2.300710e-04	
2.049490e-01	2.865667e-04	
1.091962e-01	3.383881e-04	
3.113658e-01	2.860292e-04	
4.133949e-01	9.610080e-05	
1.254785e-01	2.088923e-05	
2.283607e-02	2.379961e-04	
2.247115e-01	4.118576e-06	
4.606823e-02	1.199837e-04	
2.363520e-02	4.804568e-05	
1.765340e-01	5.816703e-05	
4.521958e-02	5.495815e-05	
1.956751e-01	6.074072e-05	
1.392518e-01	5.024527e-05	
2.137849e-01	6.120517e-05	
1.441961e-01	5.340161e-06	
4.175471e-02	5.678791e-06	
1.132159e-01	2.005985e-05	
6.357562e-02	8.646664e-06	
9.208003e-02	3.079461e-06	
9.451238e-02	4.356584e-05	
7.761260e-02	6.809568e-05	
2.596378e-02	5.472916e-06	
9.499441e-02	1.429991e-05	
8.114324e-02	4.524487e-05	
5.471578e-02	2.188980e-05	
5.244983e-02	9.573242e-06	
1.624950e-01	2.486453e-06	
5.618711e-02	6.868536e-05	
5.665776e-02	2.230841e-05	
9.268527e-02	5.746042e-06	
5.700655e-02	4.117005e-05	
1.259364e-01	5.040115e-05	
5.040636e-02	2.647736e-05	
6.160598e-02	2.523879e-05	
1.519415e-01	4.107171e-06	
1.864082e-01	5.344735e-05	
1.127485e-01	4.119560e-06	
8.900321e-02	2.142614e-04	
4.374474e-02	2.596838e-04	
1.469307e-01	2.923347e-04	
3.352104e-01	2.220941e-04	
2.017058e-01	1.268138e-04	
6.754623e-02	8.681278e-05	
7.325683e-02	2.236295e-04	
1.137786e-01	4.313112e-05	
1.154500e-01	2.949050e-05	
1.478882e-01	1.296670e-04	
1.284773e-01	5.437090e-05	
3.853250e-02	3.299883e-05	
1.586524e-01	1.193087e-04	
8.562476e-02	1.058195e-04	
1.801037e-01	6.046684e-05	
1.517733e-01	3.569437e-05	
8.349790e-02	2.053676e-05	
1.379620e-01	1.108649e-05	
7.654568e-02	5.431262e-06	
1.331449e-01	1.397778e-05	
6.752524e-02	4.586151e-05	
2.878739e-02	2.925888e-05	
1.639250e-01	6.381465e-06	
5.183975e-02	3.348923e-05	
1.451792e-01	3.828325e-05	
1.615600e-01	3.575839e-05	
8.669347e-02	4.561450e-06	
1.143203e-01	9.331462e-06	
2.370565e-02	2.781020e-06	
3.021042e-01	1.908876e-05	
1.138326e-01	2.288373e-05	
4.493123e-02	1.102054e-04	
1.361366e-01	4.762582e-06	
1.092148e-01	4.720086e-05	
6.474739e-02	3.445558e-05	
1.317960e-01	9.523536e-06	
1.080701e-01	9.406727e-06	
1.067655e-01	1.611402e-06	
1.357522e-01	1.792327e-05	
4.338763e-02	1.936825e-04	
8.359133e-02	1.018769e-04	
3.421544e-01	2.185273e-04	
3.863432e-01	6.213670e-05	
1.878798e-01	2.083792e-04	
4.077041e-02	1.752617e-04	
6.667007e-02	1.915577e-04	
1.150396e-01	6.658084e-05	
9.545922e-02	5.029032e-05	
1.680610e-01	1.152406e-04	
5.166175e-02	1.435216e-04	
5.607648e-02	1.207357e-04	
1.114073e-01	7.711076e-05	
8.568466e-02	5.793216e-05	
9.617449e-02	4.845859e-05	
1.773812e-01	5.776118e-05	
6.304336e-02	4.026646e-05	
1.669031e-01	4.282118e-06	
1.153371e-01	3.382772e-05	
9.949137e-02	2.048941e-05	
9.382957e-02	1.316725e-05	
1.209995e-01	3.630028e-05	
6.732111e-02	3.503538e-05	
1.835357e-01	1.974940e-05	
1.200181e-01	1.232369e-05	
2.387984e-02	2.386957e-05	
1.874001e-01	1.571696e-05	
2.070977e-01	1.292765e-05	
1.919874e-01	3.920735e-06	
1.032517e-01	8.058146e-06	
1.087330e-01	1.048758e-04	
2.084390e-02	1.689645e-05	
1.440587e-01	9.198596e-06	
1.766213e-01	3.172573e-06	
1.586838e-01	9.920202e-06	
1.145773e-01	2.883137e-05	
6.220660e-02	4.239870e-05	
7.717227e-02	6.590898e-05	
1.134109e-01	3.680119e-05	
2.373859e-01	2.360361e-04	
3.099062e-01	1.459832e-04	
3.186727e-01	6.199180e-05	
2.899405e-01	2.418843e-04	
1.045999e-01	2.786322e-04	
3.779237e-02	2.578140e-04	
1.445489e-01	1.945841e-04	
1.277297e-02	7.982485e-05	
1.946247e-01	6.334972e-05	
7.871912e-02	1.952744e-04	
1.492375e-01	9.419310e-05	
1.926452e-01	7.451162e-05	
4.625030e-02	5.392475e-05	
1.180668e-01	5.957122e-05	
1.084184e-01	3.199238e-06	
1.576778e-01	4.522000e-05	
5.100256e-02	4.344213e-05	
9.907964e-02	6.042642e-05	
7.881091e-02	2.250205e-05	
7.814007e-02	4.345011e-05	
9.456700e-02	3.913825e-05	
2.144957e-01	1.239864e-05	
1.586016e-01	1.889360e-05	
7.039262e-02	2.008590e-05	
3.143353e-01	9.979311e-06	
1.805246e-01	4.413419e-05	
1.579055e-01	1.762334e-05	
1.348963e-01	8.854543e-06	
1.919696e-01	1.967963e-05	
3.959188e-01	4.439164e-05	
1.335729e-01	4.395622e-05	
1.229767e-01	1.142249e-04	
1.437002e-01	2.506762e-05	
1.838636e-01	8.317999e-05	
1.265583e-01	2.493543e-05	
9.081752e-02	1.006292e-04	
4.532173e-02	7.694627e-05	
9.605907e-02	1.726467e-04	
1.240525e-01	6.423269e-05	
1.621524e-01	1.001424e-04	
4.222568e-01	1.276253e-04	
9.950956e-02	2.245679e-04	
1.535775e-01	2.578484e-04	
1.378942e-01	2.126071e-04	
3.854559e-02	2.823942e-04	
1.305870e-01	7.719508e-05	
2.978214e-02	1.399044e-04	
1.274197e-01	1.303099e-04	
1.742708e-01	8.752356e-05	
5.521343e-02	6.333678e-05	
1.074631e-01	8.143679e-05	
1.644330e-01	7.038384e-05	
7.142645e-02	1.981403e-05	
8.712240e-02	3.142577e-05	
1.024184e-01	3.725831e-05	
1.898171e-01	7.038594e-05	
7.723475e-02	5.730274e-05	
2.458808e-01	7.635643e-05	
1.248539e-01	3.933125e-05	
1.408789e-01	2.361685e-05	
1.918724e-01	2.825648e-05	
5.176116e-02	5.003869e-05	
1.168674e-01	1.606354e-06	
7.752032e-02	2.075187e-05	
1.771238e-01	2.678000e-05	
1.366433e-01	1.920578e-05	
5.176655e-02	1.176018e-06	
1.283149e-01	4.303595e-05	
3.315655e-02	7.816799e-05	
6.356520e-02	1.520399e-05	
1.384211e-01	3.669170e-05	
3.812396e-02	6.924428e-05	
8.017396e-02	2.410345e-06	
1.330981e-01	7.960440e-05	
8.829639e-02	7.226010e-05	
2.545178e-01	1.394260e-04	
2.614022e-02	9.940532e-05	
2.346378e-01	2.068265e-04	
3.069065e-01	3.836147e-04	
3.077002e-02	3.512838e-04	
9.231907e-02	3.741577e-04	
2.029264e-01	1.980453e-04	
1.728024e-01	1.657910e-04	
1.903986e-01	1.626395e-04	
1.070872e-01	1.830434e-04	
1.017682e-01	1.064293e-04	
1.564496e-01	2.425438e-05	
1.871706e-01	6.618229e-05	
1.724251e-01	6.276848e-05	
1.442278e-01	7.279293e-05	
1.554979e-01	9.146800e-06	
4.729093e-02	3.775458e-05	
1.113323e-01	4.581717e-05	
2.059249e-01	3.990958e-05	
1.686363e-01	5.908626e-06	
1.001639e-01	3.205608e-05	
9.128608e-02	1.718089e-05	
1.141423e-01	2.134079e-05	
1.029035e-01	4.992432e-05	
5.644526e-02	9.343424e-05	
2.612814e-01	2.388931e-05	
2.350827e-01	3.610986e-05	
2.486677e-02	9.466563e-06	
1.800176e-01	1.243720e-05	
1.076117e-01	2.589454e-05	
1.313409e-01	7.489053e-06	
1.891312e-01	6.041238e-05	
2.036903e-01	6.291664e-05	
2.014891e-01	2.342117e-05	
8.894875e-02	8.065385e-05	
9.233434e-02	8.137220e-05	
1.471373e-01	7.826216e-05	
2.066804e-01	1.072938e-04	
1.251980e-01	1.857260e-05	
6.356379e-02	6.079662e-05	
1.787116e-01	2.715485e-04	
2.522732e-01	6.387330e-04	
6.406933e-02	4.903148e-04	
1.324359e-01	1.180650e-04	
1.184917e-01	1.265840e-04	
9.623530e-02	1.979525e-04	
1.873161e-01	1.467675e-04	
1.183421e-01	1.927667e-04	
8.473090e-02	1.631483e-04	
1.289360e-01	9.201572e-05	
8.220383e-02	7.232550e-05	
9.324896e-02	8.419623e-05	
2.861978e-01	3.108151e-05	
5.382109e-02	5.499013e-05	
8.203329e-02	4.901831e-05	
5.131556e-02	2.061892e-05	
9.234907e-02	1.333342e-05	
8.043171e-02	8.139448e-06	
5.405514e-02	3.263012e-05	
1.061682e-01	4.465543e-05	
9.058327e-02	4.279121e-06	
1.572048e-01	2.784260e-05	
2.655576e-01	1.636293e-05	
1.592474e-01	1.302979e-05	
1.630404e-01	5.898834e-05	
1.922363e-01	2.451455e-05	
1.557121e-01	7.214082e-06	
2.749311e-01	6.546800e-05	
1.264700e-02	7.364512e-05	
1.416891e-01	2.587047e-05	
9.574162e-02	3.987941e-05	
1.415612e-01	2.871167e-05	
1.099548e-01	9.435034e-05	
4.384435e-02	1.039992e-04	
2.370775e-01	8.960364e-05	
6.113550e-02	1.485322e-04	
1.033647e-01	1.312900e-04	
2.472987e-01	1.410532e-04	
2.760787e-01	5.329249e-04	
4.092534e-01	2.628210e-04	
1.609296e-01	4.486646e-04	
1.938879e-01	3.459710e-04	
1.225595e-01	2.127478e-04	
1.809009e-01	1.996366e-04	
1.279440e-01	2.147523e-04	
1.635780e-01	2.133292e-04	
1.289781e-01	1.009279e-04	
1.688480e-01	3.743034e-05	
9.792287e-02	8.478537e-05	
1.361403e-01	8.534512e-05	
7.479579e-02	3.263368e-06	
1.380728e-01	1.117242e-05	
2.465125e-01	2.796127e-05	
1.707064e-01	3.499356e-05	
3.107747e-02	2.847376e-06	
8.363542e-02	1.604031e-05	
5.436677e-02	5.311914e-05	
1.316789e-01	1.907454e-05	
9.577790e-02	2.331691e-05	
1.346000e-01	5.433214e-05	
8.626629e-02	2.436944e-05	
3.323027e-01	2.164174e-05	
5.876391e-02	1.429768e-05	
6.708691e-02	1.937048e-05	
1.591605e-01	1.898096e-05	
1.642766e-01	4.763291e-05	
1.559341e-01	2.275441e-05	
1.060555e-01	3.045464e-05	
1.925714e-01	2.517239e-05	
7.978599e-02	2.313209e-05	
8.514728e-02	4.922173e-05	
1.397235e-01	8.121405e-05	
2.284562e-01	4.410361e-05	
3.069652e-02	1.442439e-04	
7.029718e-02	1.370310e-04	
1.650649e-01	1.512045e-04	
4.072289e-01	8.339174e-05	
2.268727e-01	1.038143e-04	
1.755515e-01	5.460076e-04	
1.930662e-01	4.001950e-04	
1.690865e-01	2.916269e-04	
1.206733e-01	2.294781e-04	
1.675235e-01	1.802134e-04	
5.255113e-02	1.405037e-04	
8.409226e-03	1.143142e-04	
1.123098e-01	7.819261e-05	
1.128578e-01	1.070641e-04	
1.953180e-02	4.771126e-05	
1.482639e-01	1.227347e-06	
7.780893e-02	5.848582e-06	
9.533718e-02	3.660357e-05	
1.069743e-01	1.456508e-05	
1.727734e-01	4.036386e-06	
7.064088e-02	6.713745e-05	
7.747581e-02	5.685802e-05	
1.015439e-01	2.253663e-05	
1.606180e-01	9.209831e-05	
1.230280e-01	6.894736e-05	
2.509479e-01	5.951654e-05	
1.280334e-01	4.800771e-05	
9.311469e-02	5.182248e-06	
1.972503e-01	3.816231e-06	
3.301146e-02	9.994434e-06	
1.368463e-01	1.577121e-05	
1.014080e-01	2.930087e-05	
7.455408e-02	9.819319e-06	
1.226290e-01	1.072957e-05	
3.260862e-01	3.596485e-05	
9.698333e-02	7.803332e-05	
5.980221e-02	6.931058e-05	
2.229060e-01	6.165294e-05	
5.157035e-02	1.640657e-04	
5.980610e-02	2.859121e-05	
2.944846e-01	2.320252e-04	
3.316786e-01	3.586206e-04	
1.626106e-01	4.588731e-04	
7.974784e-02	3.773018e-04	
2.070986e-01	1.464360e-04	
8.999214e-02	1.873628e-04	
3.540262e-02	2.253246e-04	
1.338215e-01	1.498383e-04	
1.014606e-01	2.333083e-04	
2.684816e-02	1.809878e-04	
8.951914e-02	1.597800e-04	
9.301425e-02	1.257289e-04	
8.288023e-03	1.250001e-04	
7.137435e-02	7.693545e-05	
8.340305e-02	6.849352e-05	
9.029456e-02	5.588706e-05	
1.137520e-01	5.290859e-05	
2.560449e-02	1.323913e-05	
9.369468e-02	4.616846e-05	
5.210332e-02	2.640785e-05	
1.764411e-01	3.694176e-06	
1.708696e-01	2.748063e-05	
1.318465e-01	1.935390e-05	
1.838891e-01	3.305057e-07	
3.275247e-01	3.216930e-05	
1.994455e-01	3.258737e-05	
1.780112e-01	5.478548e-06	
9.876955e-02	9.429372e-06	
9.408154e-02	1.491125e-05	
1.772079e-01	4.386170e-05	
1.458062e-01	2.828601e-05	
1.344110e-01	9.852934e-05	
1.161654e-01	8.353625e-05	
8.556703e-02	5.064059e-05	
9.592976e-02	6.010702e-05	
2.348465e-01	1.118839e-06	
1.270317e-01	2.149591e-05	
2.080153e-01	1.521202e-05	
1.586741e-01	5.361541e-06	
2.310866e-01	1.369768e-04	
3.072977e-01	1.630860e-04	
2.145968e-01	4.213076e-04	
1.848159e-01	2.922410e-04	
6.825970e-02	2.197280e-04	
3.484418e-02	1.891631e-04	
8.217949e-02	1.739786e-04	
1.004966e-01	1.214666e-04	
4.270164e-02	1.729817e-04	
8.994892e-02	1.086460e-04	
4.608004e-02	8.285877e-05	
2.551313e-02	7.289379e-05	
7.111547e-02	7.258901e-05	
7.270571e-02	3.256512e-05	
2.719402e-02	4.708559e-05	
7.018756e-02	3.011986e-05	
1.185382e-01	3.757001e-05	
2.090943e-01	2.608982e-05	
8.943257e-02	6.957761e-06	
8.636791e-02	6.508853e-06	
1.432394e-01	3.664581e-05	
8.861793e-02	2.261931e-05	
6.828636e-02	1.483660e-05	
1.575511e-01	5.628267e-05	
1.723416e-01	2.527529e-05	
5.753312e-02	1.636757e-05	
1.233205e-01	9.929336e-06	
9.651506e-02	2.576121e-06	
4.898277e-02	7.387461e-05	
1.113326e-01	5.192664e-05	
8.461619e-02	3.895141e-05	
1.433618e-01	3.638384e-05	
9.437977e-02	1.295293e-05	
8.908617e-02	8.241415e-05	
3.435230e-02	7.256361e-05	
9.571009e-02	1.024881e-05	
4.741097e-02	1.729192e-04	
1.313858e-01	1.011981e-04	
1.839055e-01	2.928551e-04	
2.823725e-01	2.457235e-04	
3.826303e-02	1.346368e-04	
5.644057e-02	3.423340e-04	
1.305786e-01	3.143210e-04	
3.695527e-02	9.761531e-05	
2.129857e-02	1.145882e-04	
7.911717e-02	6.484746e-06	
2.033736e-01	3.492132e-05	
1.004328e-01	1.756656e-04	
6.318038e-02	1.392114e-04	
1.624439e-01	1.408174e-04	
9.571598e-02	9.498219e-05	
1.587936e-01	8.276211e-05	
2.019128e-01	6.383478e-05	
1.680290e-01	4.242325e-06	
9.454517e-02	4.316322e-07	
4.983349e-02	2.580886e-05	
2.391685e-01	4.386034e-05	
2.236894e-01	1.563684e-05	
1.040215e-01	2.745480e-05	
1.062107e-01	2.346685e-05	
1.124065e-01	6.160322e-05	
1.191944e-01	7.489815e-05	
8.005547e-02	4.850340e-05	
4.881665e-02	2.375914e-05	
1.594708e-01	7.881958e-06	
1.415352e-01	3.131986e-05	
6.651623e-02	7.394319e-05	
1.242975e-01	6.514551e-05	
6.364856e-02	4.773075e-05	
5.411081e-02	4.006040e-05	
7.934304e-02	5.846282e-06	
1.650349e-01	6.183692e-05	
7.769087e-02	1.161039e-04	
1.143527e-01	5.816969e-05	
7.925217e-02	1.089221e-04	
8.658310e-02	2.993253e-04	
2.305494e-01	3.002106e-04	
2.715854e-01	1.045074e-04	
4.268753e-02	2.341185e-04	
2.128056e-01	2.201802e-04	
2.768486e-01	2.673869e-04	
6.546865e-02	1.259371e-04	
1.181169e-01	1.422194e-04	
4.285401e-02	7.177614e-05	
8.961331e-02	1.083014e-04	
7.701618e-02	1.583633e-04	
2.687432e-02	1.004203e-04	
1.064154e-01	8.024655e-05	
7.361907e-02	1.000545e-04	
1.558153e-01	9.038772e-05	
1.729213e-01	8.456641e-05	
9.017104e-02	5.004955e-05	
5.577903e-02	2.610624e-05	
2.235750e-02	1.550286e-05	
1.018074e-01	2.623919e-05	
8.971816e-02	5.799957e-05	
1.711047e-01	2.610324e-05	
1.745161e-01	4.605726e-05	
1.515887e-01	4.127611e-05	
1.171130e-01	4.726824e-05	
1.111464e-01	1.473007e-05	
1.866381e-01	2.465491e-05	
1.337065e-01	2.847319e-06	
2.059360e-01	5.754755e-05	
2.063886e-01	3.893508e-05	
1.378098e-01	3.300796e-05	
1.890805e-01	6.968604e-05	
1.074875e-01	1.179843e-05	
7.644234e-02	1.888051e-05	
6.408199e-02	4.037372e-06	
1.285430e-01	9.031417e-05	
1.216689e-01	6.820461e-05	
1.144641e-01	6.766556e-05	
2.782451e-01	1.807831e-04	
2.376819e-01	2.182588e-04	
1.700822e-01	4.525683e-04	
2.399677e-02	3.440013e-04	
7.712610e-02	3.048612e-04	
5.445842e-02	4.329660e-05	
5.377350e-02	2.006861e-04	
4.342903e-02	1.810414e-04	
2.075161e-01	1.118059e-04	
2.130919e-01	1.355290e-04	
7.389755e-02	6.939974e-05	
1.782047e-01	7.948037e-05	
1.299780e-01	6.793935e-05	
2.957499e-02	9.498562e-06	
2.096537e-01	5.694786e-05	
6.522108e-02	1.603525e-05	
9.276403e-02	3.345187e-05	
1.555242e-01	1.993914e-05	
9.616805e-02	6.769378e-08	
2.045281e-01	1.258835e-05	
3.912503e-02	3.382745e-05	
7.034238e-02	2.654617e-05	
1.373795e-01	2.157319e-05	
9.907253e-02	6.259721e-06	
1.095826e-01	1.727279e-05	
4.840085e-02	1.270277e-05	
1.333455e-01	6.611211e-06	
9.415304e-02	1.199830e-05	
7.756170e-02	7.634326e-05	
8.858189e-02	5.191127e-05	
8.568250e-02	4.061118e-05	
9.807020e-02	7.947469e-05	
1.149947e-01	5.982642e-05	
9.503415e-02	1.002299e-04	
1.527185e-01	2.977405e-05	
5.922823e-02	9.561639e-06	
1.750944e-01	1.078568e-04	
9.957613e-02	1.069007e-04	
9.519496e-02	3.824598e-04	
2.510043e-01	4.988849e-04	
2.560675e-01	4.995287e-04	
5.807507e-02	3.623392e-04	
1.334006e-01	5.826117e-04	
8.235311e-02	7.688352e-05	
9.129612e-02	7.029428e-05	
1.059913e-01	7.588583e-05	
2.273778e-01	1.194595e-04	
8.969772e-02	9.894692e-05	
5.830826e-02	1.025685e-04	
1.819349e-01	7.486864e-05	
1.122042e-01	8.508303e-05	
1.388763e-01	4.630522e-05	
1.431815e-01	1.702866e-06	
9.002052e-02	2.778863e-05	
3.058914e-02	3.678256e-05	
9.414949e-02	3.912802e-05	
1.253138e-01	4.753326e-05	
5.553769e-02	5.100691e-05	
3.875190e-02	5.550195e-07	
5.462210e-02	7.898541e-06	
2.065583e-01	1.359230e-05	
2.291629e-01	4.315933e-06	
1.351828e-01	5.331543e-05	
1.111283e-01	4.331411e-05	
5.210497e-02	1.101839e-05	
9.013820e-02	4.085019e-05	
3.884838e-02	6.237587e-05	
8.711695e-02	3.791577e-05	
1.484729e-01	3.791071e-05	
7.934642e-02	1.290223e-05	
1.231249e-01	4.928244e-05	
1.464999e-01	2.002558e-05	
1.270985e-01	6.579704e-06	
8.131329e-02	1.588455e-06	
1.298469e-01	7.376516e-05	
1.482593e-01	1.360901e-04	
5.389788e-02	2.107618e-04	
3.398846e-01	5.163299e-04	
3.784927e-01	1.665599e-04	
1.639292e-01	1.700992e-04	
8.945638e-02	3.382772e-04	
1.678194e-01	1.904193e-04	
1.503725e-01	3.460301e-05	
8.537735e-02	7.468909e-05	
2.256282e-01	1.776957e-04	
2.768705e-02	2.298733e-04	
3.558561e-02	4.572365e-05	
2.930282e-02	2.881569e-05	
7.478565e-02	7.222784e-05	
8.135998e-02	3.832627e-05	
9.131124e-02	7.384723e-06	
1.182629e-01	7.354409e-06	
1.429545e-01	3.492360e-05	
9.891274e-02	7.831265e-06	
1.628660e-01	1.412289e-05	
1.926434e-01	3.389714e-05	
9.344264e-02	2.101999e-06	
3.011445e-01	4.786472e-06	
1.277713e-01	6.871403e-05	
4.980905e-02	6.598077e-05	
4.242955e-02	5.493214e-05	
1.516250e-01	5.624793e-05	
1.262521e-01	1.015876e-05	
1.202673e-01	1.005011e-05	
1.514011e-01	1.201597e-05	
2.176900e-01	3.157176e-05	
2.377583e-01	2.310931e-05	
2.340205e-01	4.239583e-05	
1.739728e-01	2.036948e-05	
9.679204e-02	1.734721e-04	
7.428112e-02	8.393815e-06	
7.008897e-02	5.084070e-06	
1.932124e-01	1.335439e-04	
9.234537e-02	1.401410e-04	
1.001822e-01	4.938445e-06	
1.792100e-01	4.522329e-04	
2.739511e-01	4.780611e-05	
8.708121e-02	3.688127e-04	
1.157495e-01	1.884599e-04	
8.327299e-02	1.490046e-04	
1.678323e-01	2.311485e-04	
1.139318e-01	2.583692e-04	
5.323047e-02	1.351534e-04	
1.518365e-01	1.286656e-04	
8.217591e-02	9.434992e-06	
1.581911e-01	1.716592e-05	
1.809259e-01	2.080290e-05	
9.170665e-02	2.912397e-05	
8.191857e-02	2.726589e-05	
1.648729e-01	4.177910e-05	
1.372155e-01	1.388345e-05	
1.576910e-01	3.048457e-06	
1.581613e-01	2.853651e-05	
7.629828e-02	1.032711e-05	
6.035159e-02	2.853081e-06	
9.975840e-02	1.578132e-05	
1.731623e-01	2.456465e-05	
8.194092e-02	4.845206e-05	
1.083447e-01	2.157192e-05	
1.209505e-01	5.167483e-05	
4.899593e-02	1.114589e-05	
6.049049e-02	2.609051e-05	
1.914125e-01	2.801235e-05	
6.186439e-02	4.228501e-05	
7.086042e-02	1.526643e-05	
1.474956e-01	2.057783e-05	
1.689860e-01	1.949923e-05	
1.945926e-01	9.565767e-05	
1.953707e-01	1.378622e-04	
1.620848e-01	1.049042e-04	
2.494957e-01	1.006080e-04	
1.521741e-01	4.898388e-05	
7.212790e-02	1.030298e-04	
2.171922e-01	5.663239e-04	
2.856650e-01	4.837934e-04	
5.047807e-02	4.626490e-04	
2.848650e-01	1.436956e-04	
1.772574e-01	1.270926e-04	
1.512051e-01	1.092423e-04	
1.088193e-01	1.494391e-04	
1.045035e-01	1.079297e-04	
5.618159e-02	1.567199e-04	
1.519247e-01	3.469311e-05	
1.385013e-01	1.024493e-04	
7.367475e-02	3.407861e-05	
1.664213e-01	1.833982e-05	
4.593709e-02	5.079952e-05	
1.166870e-01	2.429573e-05	
1.082580e-01	2.569321e-05	
7.281804e-02	6.183588e-05	
1.135757e-01	5.783860e-05	
1.924368e-01	1.628635e-05	
8.788187e-02	3.299839e-05	
5.232095e-02	2.500132e-05	
1.618219e-01	4.342047e-05	
1.649516e-01	3.155845e-05	
4.737090e-02	4.867909e-05	
8.223911e-02	2.633503e-05	
1.770647e-01	2.490559e-05	
3.901366e-02	4.008807e-05	
1.699446e-03	3.277490e-05	
9.578692e-02	4.216450e-06	
1.780543e-01	2.776753e-05	
1.487891e-01	2.427940e-05	
1.287109e-01	3.095569e-05	
2.653544e-01	1.104711e-04	
8.788086e-02	9.206038e-05	
8.058696e-02	1.777399e-04	
1.236764e-01	1.260815e-05	
8.102836e-02	8.791629e-05	
1.151425e-01	6.887373e-05	
2.098027e-01	3.428198e-04	
3.378181e-01	8.269735e-05	
1.057973e-01	3.931364e-04	
4.841710e-02	8.131334e-05	
1.448334e-01	2.850490e-05	
1.849500e-01	4.463931e-05	
1.327320e-01	6.491671e-06	
9.958084e-02	9.625818e-05	
7.988743e-02	1.043563e-04	
1.298945e-01	4.468196e-05	
8.106346e-02	8.295488e-05	
1.029468e-01	1.348983e-05	
1.118987e-01	2.287874e-06	
1.578704e-01	5.410754e-05	
1.443630e-01	2.656899e-07	
8.730837e-02	3.053292e-05	
2.458474e-01	3.305128e-05	
1.399077e-01	1.957882e-05	
1.515332e-01	3.356781e-06	
1.427474e-01	8.167441e-07	
1.946558e-01	3.998821e-05	
2.558140e-01	4.304275e-06	
1.579076e-01	4.712728e-05	
1.735867e-01	2.594544e-05	
7.936191e-02	5.454497e-05	
2.195601e-01	3.373196e-05	
6.831089e-02	4.988670e-05	
2.388637e-01	4.805122e-05	
2.132359e-01	4.898563e-06	
1.782891e-01	3.139028e-05	
1.392151e-01	4.263166e-05	
2.026013e-01	8.122512e-05	
2.210534e-01	8.998638e-05	
9.808257e-02	1.575421e-04	
7.364855e-02	1.032366e-04	
1.104724e-01	6.355130e-05	
8.872904e-02	1.335187e-04	
1.110955e-01	1.495700e-04	
3.614349e-01	1.774104e-04	
3.270318e-01	2.454404e-04	
2.712483e-01	2.123871e-04	
3.728473e-01	1.014151e-04	
3.520683e-01	4.684236e-05	
3.158466e-01	9.955771e-05	
2.293336e-01	2.904010e-05	
3.611161e-01	8.663505e-06	
3.594531e-01	4.121009e-05	
1.698621e-01	8.405471e-05	
1.946488e-01	2.504530e-05	
1.851505e-01	6.658108e-06	
3.837062e-01	3.705243e-05	
3.415801e-01	4.086952e-05	
3.038271e-01	3.185011e-05	
2.608074e-01	2.831505e-05	
2.951706e-01	3.085208e-05	
2.119108e-01	3.656290e-05	
2.052339e-01	4.080511e-05	
2.284478e-01	3.596559e-05	
3.740505e-01	3.411261e-05	
4.226817e-01	1.904994e-05	
3.669403e-01	3.136244e-05	
1.587742e-01	5.499080e-05	
1.903218e-01	4.839233e-06	
3.380521e-01	5.192747e-06	
3.207940e-01	5.345989e-05	
3.689003e-01	1.917682e-05	
3.769096e-01	1.525854e-05	
3.382703e-01	4.717036e-05	
2.752722e-01	9.813963e-05	
3.635054e-01	6.626493e-06	
2.564615e-01	7.607537e-06	
3.019346e-01	6.820448e-06	
2.300666e-01	1.839501e-05	
1.480568e-01	7.608575e-06	
3.112169e-01	2.908234e-06	
3.256916e-01	7.847416e-05	
3.406373e-01	2.157865e-04	
