2.607502e-01	2.315925e-13	
3.528471e-01	1.854072e-14	
5.149555e-01	4.428680e-13	
5.618881e-01	5.848655e-13	
5.102555e-01	7.768342e-12	
3.547414e-01	6.482592e-12	
3.421353e-01	5.850875e-13	
4.442351e-01	6.503242e-12	
4.490996e-01	2.987610e-13	
4.273180e-01	4.077627e-12	
5.137270e-01	2.088774e-12	
4.210492e-01	1.398626e-11	
5.170351e-01	6.070477e-12	
4.666725e-01	2.020606e-14	
5.633757e-01	3.513601e-11	
4.584975e-01	7.904788e-14	
4.028770e-01	3.584577e-12	
4.460990e-01	1.735545e-11	
4.150176e-01	4.083400e-13	
5.080643e-01	8.645751e-12	
5.730913e-01	1.009659e-11	
4.752840e-01	3.398637e-11	
3.754861e-01	5.928591e-13	
3.488574e-01	4.126033e-12	
3.652032e-01	7.549517e-14	
3.725332e-01	8.120837e-12	
3.755127e-01	6.882273e-13	
3.699752e-01	4.227507e-12	
4.648507e-01	9.532375e-13	
4.941341e-01	1.055867e-11	
3.849558e-01	3.124168e-13	
3.206463e-01	7.438494e-14	
3.403776e-01	9.348078e-13	
4.445650e-01	1.020295e-13	
3.603964e-01	4.712153e-11	
4.559674e-01	4.647394e-13	
3.936228e-01	1.381562e-12	
3.470021e-01	2.010836e-12	
2.684179e-01	1.192380e-13	
3.907114e-01	6.168399e-13	
3.685917e-01	2.225886e-12	
3.595457e-01	1.722034e-13	
4.892727e-01	1.186244e-13	
5.132038e-01	3.662214e-14	
5.838375e-01	7.460668e-14	
5.162058e-01	1.610344e-13	
4.616115e-01	5.328436e-14	
3.330291e-01	9.265693e-15	
3.420690e-01	8.143859e-15	
4.400901e-01	7.811379e-15	
3.491873e-01	1.166095e-14	
4.783525e-01	9.780542e-15	
4.690943e-01	1.194213e-14	
4.589076e-01	3.893272e-15	
3.870409e-01	1.555734e-16	
5.374636e-01	1.804522e-15	
4.913957e-01	0	
4.500802e-01	4.163656e-15	
4.543275e-01	1.984145e-15	
5.245317e-01	1.267331e-15	
6.144635e-01	1.689775e-15	
3.405098e-01	2.834493e-16	
4.090918e-01	7.178717e-16	
3.973612e-01	1.464254e-16	
4.094974e-01	3.007537e-16	
2.825690e-01	4.667201e-16	
4.110493e-01	3.244393e-16	
3.878580e-01	6.824072e-16	
4.763571e-01	8.693815e-15	
3.856552e-01	1.943491e-16	
5.309988e-01	4.222367e-16	
6.106189e-01	1.745113e-15	
4.921385e-01	7.830163e-16	
4.718697e-01	4.490255e-16	
5.073184e-01	5.302998e-16	
5.321089e-01	1.087561e-15	
5.460955e-01	3.875962e-14	
4.081289e-01	3.387780e-13	
3.444788e-01	5.033955e-12	
3.940195e-01	1.989720e-11	
3.667761e-01	3.014256e-13	
4.452457e-01	1.202372e-12	
4.482209e-01	4.932721e-13	
3.622487e-01	2.786660e-12	
4.448312e-01	1.718181e-12	
5.778230e-01	4.514167e-12	
5.229718e-01	4.831024e-12	
4.987758e-01	4.041212e-13	
4.722228e-01	2.070566e-13	
4.704167e-01	4.187872e-12	
4.081036e-01	6.947776e-13	
4.558622e-01	2.631806e-11	
2.830348e-01	2.071010e-12	
4.929693e-01	3.369061e-11	
5.464383e-01	1.180922e-11	
4.934115e-01	2.561240e-11	
3.448843e-01	8.368195e-12	
3.611871e-01	8.992584e-12	
4.132737e-01	1.980127e-11	
3.896639e-01	1.370903e-11	
4.426798e-01	8.575585e-12	
4.394247e-01	3.534941e-10	
3.276706e-01	8.275491e-12	
4.774609e-01	1.684286e-11	
4.365248e-01	2.418277e-11	
4.422212e-01	1.290890e-11	
4.557939e-01	2.230161e-11	
3.745624e-01	8.342438e-12	
3.937035e-01	2.793143e-11	
2.938583e-01	4.717404e-11	
3.841378e-01	2.323597e-11	
4.082917e-01	4.622747e-12	
3.130190e-01	2.621015e-12	
3.248156e-01	2.192468e-12	
2.746214e-01	6.768364e-11	
3.664615e-01	4.083400e-13	
4.170993e-01	3.050338e-11	
3.990441e-01	7.907452e-12	
3.308333e-01	1.460276e-12	
5.438778e-01	8.144596e-13	
5.864537e-01	5.067058e-13	
4.733425e-01	7.214451e-12	
4.350377e-01	1.425471e-11	
4.290711e-01	7.343015e-13	
4.447144e-01	3.842926e-12	
3.459085e-01	4.917622e-12	
4.267593e-01	6.620260e-12	
3.852194e-01	7.285061e-12	
3.568509e-01	2.681855e-12	
4.710522e-01	2.562350e-11	
5.249144e-01	5.104139e-12	
5.110821e-01	1.021239e-10	
4.427523e-01	3.751444e-13	
4.144543e-01	6.368239e-13	
4.255040e-01	2.636780e-12	
4.272673e-01	2.911671e-12	
3.880106e-01	1.163371e-10	
3.496243e-01	4.229950e-12	
3.666670e-01	1.589395e-12	
3.806603e-01	2.637035e-11	
4.046793e-01	5.733203e-11	
3.894826e-01	5.504819e-12	
4.899659e-01	1.119975e-10	
4.515121e-01	4.638956e-12	
4.403441e-01	3.153320e-10	
4.854059e-01	1.273581e-11	
5.404438e-01	1.077116e-11	
5.043570e-01	3.213496e-11	
2.971923e-01	2.921907e-11	
4.257719e-01	6.090017e-12	
5.363165e-01	5.945022e-12	
4.618408e-01	2.487788e-12	
3.578405e-01	6.047496e-12	
3.735817e-01	1.476019e-11	
4.647243e-01	6.024736e-12	
4.503277e-01	3.929745e-12	
3.795955e-01	3.928594e-05	
2.050122e-01	8.469963e-06	
2.004927e-01	8.047081e-06	
3.004063e-01	4.265346e-05	
3.067264e-01	5.656270e-05	
2.202429e-01	1.175446e-04	
4.023043e-01	5.945171e-05	
1.529781e-01	1.110713e-04	
1.575196e-01	7.135434e-05	
2.871380e-01	1.132041e-04	
3.741770e-01	1.505361e-04	
3.317800e-01	1.680095e-04	
3.357738e-01	1.071892e-04	
3.181952e-01	2.186073e-05	
1.780321e-01	1.721583e-04	
2.767867e-01	2.634392e-07	
2.014844e-01	3.075316e-04	
2.251684e-01	2.739279e-04	
1.807277e-01	1.742269e-04	
1.839163e-01	2.109353e-04	
3.888757e-01	1.334478e-04	
1.663185e-01	3.262921e-04	
2.758086e-01	6.692159e-05	
3.254401e-01	3.440142e-04	
3.469937e-01	2.707065e-04	
4.833802e-01	8.126415e-05	
2.057005e-01	2.225361e-04	
1.140584e-01	1.460687e-04	
1.343412e-01	1.272802e-04	
2.581075e-01	9.121366e-05	
3.255692e-01	1.259365e-04	
4.265922e-01	5.701061e-05	
2.258084e-01	7.622119e-05	
3.123724e-01	1.346531e-05	
1.468314e-01	3.081174e-05	
1.645808e-01	1.750962e-05	
4.553467e-01	9.845984e-06	
2.422908e-01	4.250548e-06	
4.355964e-01	3.534938e-05	
6.913864e-02	8.148419e-05	
1.481133e-01	2.238209e-05	
1.389289e-01	1.533618e-04	
5.495203e-02	1.540411e-04	
2.645769e-01	1.433232e-04	
2.003553e-01	1.807952e-04	
1.395525e-01	1.099755e-04	
1.575954e-01	1.020192e-04	
2.567323e-01	1.170237e-04	
7.857152e-02	3.103127e-04	
1.396785e-01	2.444827e-04	
2.176118e-01	1.596423e-04	
1.888621e-01	1.298612e-04	
1.774047e-01	1.561272e-04	
6.340152e-02	1.594751e-04	
1.341731e-01	3.051698e-04	
1.856256e-01	2.714468e-04	
8.939775e-02	1.553804e-04	
8.811522e-02	1.914181e-04	
6.041911e-02	2.213840e-04	
7.528255e-02	3.236864e-04	
1.471476e-01	1.350481e-04	
1.084181e-01	1.274525e-04	
1.927518e-01	1.220312e-04	
9.365943e-02	2.014675e-04	
2.253731e-01	4.854886e-05	
2.093704e-01	7.582533e-05	
1.031277e-01	1.825851e-04	
1.589488e-01	9.428420e-05	
2.194974e-01	1.019719e-04	
4.496079e-02	4.485487e-05	
6.806514e-02	5.114210e-05	
1.505050e-01	7.030835e-05	
8.544913e-02	1.417664e-04	
2.106471e-01	4.253834e-05	
1.528578e-01	4.845487e-05	
2.540410e-01	2.623012e-05	
2.608383e-01	4.585145e-05	
3.789460e-02	9.371553e-05	
1.820334e-01	1.269492e-04	
1.048563e-01	1.075231e-04	
7.035559e-02	7.280460e-05	
7.959767e-02	1.087500e-04	
1.655383e-01	1.546928e-04	
1.844609e-01	4.094186e-05	
1.100418e-01	7.562240e-05	
1.110246e-01	1.149768e-04	
9.558602e-02	2.761842e-04	
1.053526e-01	2.450328e-04	
4.122170e-02	9.027242e-05	
2.310805e-01	1.587509e-04	
1.026940e-01	1.929123e-04	
1.152506e-01	1.540164e-04	
3.465718e-02	1.302713e-04	
4.411969e-02	1.926994e-04	
6.486754e-02	8.988643e-05	
1.727996e-01	2.378784e-04	
6.108953e-02	2.709778e-04	
5.261347e-02	1.891976e-04	
1.286071e-01	2.151881e-04	
9.165513e-02	2.451628e-05	
1.243880e-01	1.356837e-04	
2.039489e-02	8.268449e-05	
5.658831e-02	8.493961e-06	
1.323171e-01	1.118012e-04	
1.685933e-01	1.625089e-04	
2.084016e-01	1.181647e-05	
1.558634e-01	1.233875e-05	
8.605292e-02	8.357417e-05	
1.553688e-01	3.167162e-05	
1.319853e-01	2.071807e-05	
3.988954e-02	1.037582e-05	
8.340936e-02	5.555173e-06	
6.733606e-02	1.924532e-05	
2.916511e-01	4.661611e-05	
3.196279e-01	5.527176e-05	
1.031968e-01	8.616693e-05	
1.782107e-01	1.397082e-04	
1.431435e-01	8.777473e-05	
1.237383e-01	4.207001e-06	
2.888005e-02	3.239295e-05	
9.686756e-02	3.690171e-05	
3.909214e-02	6.202131e-06	
1.906666e-01	1.364038e-04	
1.275499e-01	2.514280e-04	
9.749122e-02	2.112722e-04	
6.077167e-02	2.213727e-04	
1.592924e-01	1.952745e-04	
2.710828e-01	1.579556e-04	
1.358532e-01	7.869486e-05	
1.648699e-01	1.372323e-04	
1.295954e-01	9.363564e-05	
1.727000e-01	6.447063e-05	
5.494185e-02	9.774881e-06	
1.654049e-01	1.012622e-04	
8.762712e-02	1.111858e-04	
1.181023e-01	8.420593e-05	
1.195621e-02	7.874388e-05	
7.281637e-02	4.425672e-05	
1.227670e-01	8.794469e-05	
1.532948e-01	4.306403e-05	
5.234891e-02	7.769277e-05	
3.674901e-02	8.724747e-05	
9.941642e-02	7.815165e-05	
1.647172e-01	6.220131e-05	
5.122110e-02	1.014092e-04	
1.274269e-01	2.984865e-05	
7.250065e-02	2.044491e-05	
2.276354e-02	7.921034e-05	
1.830008e-02	2.943958e-05	
5.388191e-02	1.934445e-05	
1.071829e-01	4.278938e-06	
2.960406e-01	9.497231e-05	
1.429497e-01	3.114123e-05	
1.029012e-01	7.993120e-05	
1.140663e-01	1.109972e-04	
8.225447e-02	6.502745e-05	
1.540247e-01	7.768539e-05	
1.538103e-01	7.114034e-05	
3.113695e-02	1.043596e-04	
3.643235e-02	1.261205e-04	
1.346882e-01	2.425107e-04	
4.938991e-02	2.398801e-04	
9.416083e-02	1.677633e-04	
6.007776e-02	1.203064e-04	
1.159705e-01	1.139574e-04	
1.379654e-01	2.438950e-06	
1.031132e-01	1.633101e-05	
9.820696e-02	7.354496e-05	
1.176839e-01	1.120122e-04	
3.790916e-02	6.789637e-05	
8.633623e-02	1.002066e-04	
7.876096e-02	9.838024e-05	
6.124830e-02	1.013993e-04	
1.506037e-01	1.365363e-04	
6.823650e-02	5.656403e-05	
1.325032e-01	1.721088e-04	
4.768599e-02	5.759811e-05	
1.028258e-01	7.223250e-05	
1.902006e-01	3.923318e-05	
1.568916e-01	1.302597e-04	
2.146543e-01	1.535174e-04	
8.201149e-02	3.665210e-05	
9.289840e-02	1.689314e-05	
1.087985e-01	1.416745e-05	
7.984805e-02	4.514193e-05	
1.427288e-01	9.309253e-05	
1.430669e-01	1.184071e-05	
1.190008e-01	1.165826e-04	
5.234747e-02	7.482293e-05	
2.960860e-01	5.934701e-05	
5.360790e-02	7.392568e-05	
1.410189e-01	1.604297e-04	
7.958822e-02	7.321813e-05	
2.702555e-01	1.130204e-04	
1.852941e-01	7.213126e-05	
9.370532e-02	2.175513e-05	
1.130035e-01	4.332131e-05	
1.830507e-01	1.829267e-04	
1.066567e-01	2.174318e-04	
1.471683e-01	1.710767e-04	
8.391511e-02	1.144435e-04	
1.641099e-01	7.292719e-05	
5.464106e-02	8.494420e-05	
1.925261e-01	5.130246e-05	
1.431379e-01	1.229017e-05	
8.571940e-02	1.029439e-04	
1.162738e-01	8.247158e-05	
7.950555e-02	1.052781e-04	
9.848650e-02	1.192393e-04	
1.044709e-01	2.387288e-05	
4.500929e-02	6.339437e-05	
2.034966e-01	8.856465e-05	
9.628105e-03	1.550477e-04	
1.491073e-01	1.590998e-04	
1.631114e-01	9.833075e-05	
9.809504e-02	7.472463e-05	
1.832476e-01	1.638296e-04	
2.633663e-02	1.186026e-04	
1.607971e-01	1.354502e-04	
2.044909e-01	7.538043e-05	
2.034714e-01	1.539515e-04	
8.826676e-02	2.080996e-05	
1.284098e-01	8.968717e-05	
1.136292e-01	8.520073e-05	
2.788697e-01	9.444721e-05	
8.891936e-02	1.226684e-04	
1.981100e-01	1.028214e-04	
2.598316e-01	5.410191e-05	
2.018664e-01	1.116555e-04	
2.064774e-02	1.108459e-04	
8.143946e-02	9.969850e-05	
1.663276e-01	8.545705e-06	
3.321894e-02	2.503848e-05	
1.034303e-01	9.220732e-05	
1.769788e-02	4.443067e-05	
7.058649e-02	4.182571e-05	
4.435013e-02	4.996884e-05	
1.941575e-01	2.404392e-05	
2.125925e-01	4.136598e-05	
5.371740e-02	2.176861e-05	
1.324735e-01	7.438445e-05	
1.402533e-01	2.281729e-05	
4.370812e-02	6.494046e-05	
1.187247e-01	9.801153e-05	
4.080273e-02	5.840536e-05	
4.371919e-02	5.629487e-05	
7.322173e-02	1.276670e-04	
1.907961e-01	1.345222e-04	
4.377048e-02	7.783608e-05	
1.563409e-01	8.579823e-05	
2.008715e-01	2.064927e-04	
2.689539e-01	1.992767e-04	
4.806194e-02	2.123672e-05	
6.604955e-02	1.377445e-04	
1.184141e-01	1.697278e-04	
3.910292e-02	1.733005e-04	
5.304821e-02	4.834503e-05	
9.625847e-02	9.665559e-05	
2.741660e-01	1.286656e-04	
1.431751e-01	1.124473e-04	
3.559325e-02	5.197586e-05	
9.724932e-02	3.098488e-05	
1.052796e-01	1.183519e-04	
6.225041e-02	1.974169e-05	
3.147899e-02	9.114845e-05	
3.809517e-01	3.031561e-05	
2.627487e-01	3.227133e-05	
1.580493e-01	1.069840e-04	
5.195066e-02	1.692099e-05	
1.675652e-01	4.611654e-05	
2.043235e-01	4.664315e-05	
1.939405e-01	3.542589e-05	
1.636930e-01	2.728503e-05	
1.423590e-01	7.431014e-06	
9.574353e-02	6.867297e-05	
8.324641e-02	7.780702e-05	
1.105494e-01	4.981600e-05	
1.127510e-01	3.992415e-05	
2.043716e-01	4.300907e-05	
6.273888e-02	1.132905e-05	
1.809747e-01	7.492969e-05	
1.221056e-01	4.930316e-05	
1.469857e-01	4.082028e-05	
2.087665e-01	9.510785e-05	
1.524286e-01	6.343191e-05	
1.245360e-01	1.417797e-04	
2.033812e-01	9.871229e-05	
4.776235e-02	1.615426e-04	
1.834791e-01	1.820871e-04	
1.327564e-01	1.887736e-04	
2.201210e-01	2.093086e-04	
4.629551e-02	1.024703e-04	
1.943794e-02	9.601847e-05	
3.875361e-02	7.988869e-05	
1.196866e-01	6.419091e-05	
1.981518e-01	6.946060e-05	
1.930222e-02	1.121149e-04	
4.925218e-02	4.724933e-05	
1.567642e-01	5.215177e-05	
1.513499e-01	8.634286e-06	
5.883653e-02	8.181167e-05	
1.221857e-01	2.747308e-05	
1.136423e-01	1.024206e-04	
2.262847e-01	1.710909e-04	
2.542712e-01	9.424471e-06	
1.704531e-01	1.191898e-04	
1.762321e-01	9.994135e-05	
4.833265e-02	6.211319e-05	
1.450989e-01	5.666301e-05	
9.736016e-02	2.388303e-06	
1.685884e-01	3.261716e-05	
2.977360e-02	5.507172e-05	
1.221771e-01	4.311953e-05	
6.137725e-02	7.639905e-05	
3.480637e-02	4.568891e-05	
1.021212e-01	7.230914e-05	
1.245588e-01	2.206135e-05	
1.530299e-01	1.303973e-06	
1.655492e-01	1.069534e-05	
9.863937e-02	1.473736e-05	
1.145588e-01	4.141854e-05	
1.858435e-01	5.860283e-05	
1.423508e-01	4.221343e-05	
2.306609e-01	1.909753e-05	
1.253147e-01	1.469757e-04	
1.297519e-01	1.766207e-04	
8.924794e-02	1.440720e-04	
1.419990e-01	1.076889e-04	
1.847526e-01	1.927981e-04	
1.279889e-01	5.343091e-05	
1.538857e-01	3.202755e-05	
9.167669e-02	9.072642e-05	
1.323787e-01	2.171778e-05	
1.558280e-01	1.593789e-05	
1.495187e-01	3.065609e-05	
1.295228e-02	6.074722e-05	
1.593474e-01	2.574593e-05	
4.854721e-02	2.904700e-06	
8.068855e-02	9.905796e-05	
9.524002e-02	2.675014e-05	
2.104907e-01	1.057263e-04	
3.732970e-01	1.585961e-04	
2.201484e-01	4.254165e-05	
2.895597e-01	1.340783e-04	
7.326257e-02	1.088796e-04	
1.613028e-01	1.379425e-05	
1.602975e-01	2.253038e-05	
2.069703e-01	9.748900e-05	
5.268978e-02	1.281273e-04	
1.514505e-01	4.356797e-05	
2.102132e-01	2.549435e-06	
1.781700e-01	5.591501e-06	
5.980970e-02	2.601830e-05	
3.299636e-02	1.168794e-04	
8.076939e-02	4.894620e-05	
1.501413e-01	7.679224e-05	
8.935112e-02	5.468766e-05	
4.964435e-02	5.947402e-06	
8.429092e-02	2.618270e-05	
2.424306e-01	7.304885e-05	
4.754312e-02	5.009018e-05	
1.992931e-01	1.774357e-05	
3.520176e-02	5.971500e-05	
1.909209e-01	7.895359e-05	
1.839127e-01	5.873892e-05	
1.516227e-01	3.077762e-05	
9.447099e-02	1.296358e-04	
2.320316e-02	1.126819e-04	
2.126591e-01	5.938202e-05	
2.220991e-02	7.188560e-05	
1.056639e-01	4.016715e-05	
4.335442e-02	3.331713e-05	
1.120920e-01	2.400124e-05	
1.913430e-01	4.643926e-05	
1.481539e-01	7.490771e-05	
6.650322e-02	3.561327e-06	
2.073750e-01	9.033375e-05	
9.608083e-02	5.369389e-05	
1.786471e-01	2.827512e-04	
4.652565e-01	1.458809e-05	
2.430709e-01	1.683510e-04	
1.049757e-01	2.396378e-04	
1.572968e-01	1.119459e-04	
1.718332e-01	1.450971e-05	
1.272133e-01	7.994789e-05	
3.979911e-02	1.071299e-05	
9.655266e-02	1.022959e-04	
1.652958e-01	8.855446e-05	
8.052182e-02	3.132984e-06	
2.503091e-01	1.535856e-05	
7.110497e-02	1.287966e-05	
1.215329e-01	1.853616e-05	
1.259180e-01	8.750831e-06	
3.207264e-02	3.350119e-05	
1.096470e-01	6.447636e-05	
5.191658e-02	4.765513e-05	
6.812690e-02	6.320704e-05	
4.450947e-02	6.556664e-05	
1.637289e-01	5.923168e-05	
1.686529e-01	4.834811e-05	
1.574951e-01	4.646380e-05	
1.598112e-01	5.307296e-05	
2.242378e-01	9.182962e-05	
9.069865e-02	3.433042e-06	
1.962376e-01	5.512326e-05	
1.089157e-01	9.116451e-05	
2.485542e-01	1.608427e-05	
5.717608e-02	1.011325e-05	
7.642290e-02	1.324352e-07	
1.527011e-02	2.625949e-05	
1.374534e-01	2.773533e-05	
5.222468e-02	2.071415e-06	
1.435255e-01	4.917119e-05	
4.994920e-02	3.182297e-05	
5.554853e-02	1.449159e-05	
1.516424e-01	1.230585e-04	
9.509618e-02	6.318162e-05	
3.136598e-01	5.616008e-05	
2.787557e-01	2.022836e-05	
2.367692e-01	1.576475e-04	
4.959343e-02	1.817806e-04	
8.186517e-02	8.097062e-06	
7.801231e-02	1.121458e-04	
1.828495e-01	1.764746e-05	
1.176833e-01	4.661665e-05	
9.102168e-02	2.568195e-05	
4.902043e-02	2.234078e-05	
8.566138e-02	2.142190e-05	
8.534405e-02	3.823664e-05	
8.369539e-02	5.433486e-05	
2.055132e-01	1.084037e-05	
2.388480e-01	6.832521e-05	
1.180216e-01	5.136262e-05	
9.315393e-02	4.751118e-05	
2.939473e-01	7.633980e-05	
1.728397e-01	6.067159e-05	
1.587429e-01	5.804838e-05	
7.772851e-02	1.147677e-04	
2.144196e-01	6.153062e-05	
1.432336e-01	9.926808e-05	
1.360167e-01	1.090897e-04	
1.033280e-01	4.318846e-05	
1.537917e-01	6.274701e-05	
1.833728e-01	7.126434e-05	
1.698416e-01	1.320138e-06	
7.872280e-02	2.229336e-05	
9.227467e-02	1.874386e-05	
5.538778e-02	7.028321e-06	
5.355216e-02	1.203000e-05	
3.477404e-02	6.940054e-06	
8.708504e-02	3.718878e-05	
6.085593e-02	2.048645e-04	
2.301177e-02	1.780265e-04	
1.183209e-01	8.834353e-05	
1.644711e-01	2.889150e-05	
1.571498e-01	1.288562e-05	
2.629070e-01	3.348878e-04	
9.121915e-02	1.978475e-04	
1.046196e-01	6.172046e-05	
1.225369e-01	7.737069e-05	
4.546155e-02	8.914678e-05	
1.526034e-01	1.219947e-05	
1.541577e-01	3.723397e-05	
8.702612e-02	1.014181e-04	
1.376576e-01	1.287919e-04	
9.872708e-02	8.573268e-06	
1.677502e-01	7.557801e-05	
4.507688e-02	2.710167e-06	
4.572589e-02	8.071342e-06	
1.856391e-01	5.901099e-05	
5.713246e-02	2.474013e-05	
1.581136e-01	8.087717e-05	
7.587559e-02	5.110262e-06	
1.576668e-01	2.717923e-05	
8.100729e-02	6.056458e-06	
2.349993e-01	8.619211e-05	
6.371736e-02	3.972472e-05	
2.081224e-01	9.240634e-05	
1.237800e-01	1.594425e-04	
1.241112e-01	1.618589e-04	
8.059073e-02	6.926686e-05	
1.373769e-01	4.086064e-05	
1.194084e-01	6.674785e-05	
6.817824e-02	1.597792e-05	
2.064250e-01	5.705436e-05	
3.060111e-01	3.836415e-05	
1.432978e-01	4.947138e-05	
1.845648e-01	5.213075e-05	
1.779686e-01	3.309634e-05	
9.687774e-02	1.353820e-04	
1.032768e-01	9.094354e-05	
1.709328e-01	1.329465e-04	
1.364255e-01	1.811506e-04	
2.142508e-01	1.301041e-04	
2.422786e-01	2.140849e-04	
1.019425e-01	8.069855e-05	
1.263470e-01	9.019456e-05	
2.057732e-01	1.207842e-04	
2.046880e-01	6.662371e-06	
7.528472e-02	1.429585e-05	
1.612772e-02	2.837376e-05	
6.662287e-02	8.490708e-05	
5.348612e-02	7.513307e-05	
5.151560e-02	5.645943e-05	
2.893935e-01	7.535673e-05	
1.809132e-01	5.332065e-05	
1.346588e-01	1.893717e-05	
1.524573e-01	1.283648e-05	
2.244586e-01	1.212462e-05	
1.361633e-01	2.110538e-05	
5.831604e-02	2.660748e-05	
1.192210e-01	4.349391e-05	
3.632432e-02	6.712232e-05	
1.537158e-01	7.859371e-05	
1.232768e-01	4.318402e-05	
1.308765e-01	1.375971e-05	
6.682110e-02	1.006477e-05	
2.156276e-01	1.343504e-05	
5.818575e-02	8.537888e-06	
6.841239e-02	3.502069e-05	
1.204422e-01	2.936227e-05	
6.999843e-02	1.967192e-05	
1.201011e-01	1.985786e-05	
1.716666e-01	1.977798e-05	
8.611943e-02	2.088459e-05	
1.477053e-01	7.126778e-05	
1.499626e-01	7.506245e-05	
7.871522e-02	1.303178e-04	
1.366591e-01	1.128803e-04	
1.226120e-01	2.736207e-04	
1.033109e-01	1.394639e-04	
3.361535e-01	9.686763e-05	
2.875822e-01	2.036782e-04	
1.967859e-01	2.477623e-04	
1.678140e-01	2.220721e-04	
9.957713e-02	8.022977e-05	
1.986357e-01	6.869266e-05	
1.738685e-01	4.249786e-05	
8.062106e-02	8.102256e-05	
1.057864e-01	8.017738e-05	
7.807734e-02	5.998883e-05	
2.725026e-01	2.689239e-06	
1.298493e-01	8.428874e-05	
2.691598e-02	5.213996e-05	
7.820943e-02	2.113691e-05	
1.315470e-01	1.129475e-05	
2.252134e-01	2.075870e-05	
1.116125e-01	7.339659e-06	
1.943676e-01	3.787505e-05	
9.557885e-02	7.391167e-05	
1.276263e-01	2.072954e-05	
1.686610e-02	5.591596e-05	
7.002657e-02	8.745878e-05	
1.105088e-01	2.651822e-05	
1.653210e-01	5.036870e-06	
6.739044e-02	4.994225e-05	
6.571633e-02	3.965295e-05	
5.299146e-02	1.117204e-05	
5.899986e-02	3.271560e-05	
7.095152e-02	4.866175e-05	
1.009371e-01	4.349762e-05	
7.228139e-02	2.259955e-05	
2.346973e-01	1.101987e-05	
9.179088e-02	6.386865e-05	
1.364125e-01	8.394348e-05	
7.353258e-02	5.099577e-06	
1.387710e-01	4.481678e-05	
1.008232e-01	2.193671e-04	
5.434766e-02	3.441417e-04	
2.323534e-01	4.321684e-04	
2.330743e-01	1.962870e-04	
1.553490e-01	2.136689e-04	
5.727339e-02	6.357267e-05	
1.307753e-01	1.055877e-04	
1.673421e-01	1.403167e-05	
1.838843e-01	8.084068e-05	
1.609250e-01	9.731755e-05	
1.018778e-01	1.130265e-04	
5.999634e-02	1.188843e-04	
6.069109e-02	1.004731e-04	
1.895948e-01	9.338606e-05	
1.819128e-01	3.327986e-05	
6.698125e-02	2.057141e-05	
2.715157e-01	2.580422e-05	
9.646502e-02	2.431452e-05	
6.379342e-02	1.967620e-05	
1.566551e-01	2.392272e-05	
5.773008e-02	9.189664e-05	
4.397446e-02	4.612819e-05	
1.237444e-01	2.544910e-05	
1.405754e-01	1.648392e-05	
2.222749e-01	3.844952e-05	
9.816810e-02	4.516615e-05	
3.459853e-02	4.136792e-05	
2.119392e-01	7.019756e-05	
7.223470e-02	1.631709e-05	
6.133144e-02	1.314793e-05	
1.256226e-01	1.692305e-05	
1.187924e-01	9.518687e-05	
6.955113e-02	4.571986e-05	
6.566135e-02	2.654294e-05	
2.153827e-02	6.981048e-05	
2.340357e-02	3.168537e-05	
1.825014e-01	4.540211e-05	
1.441414e-01	2.397831e-05	
7.435659e-02	1.509762e-04	
4.899493e-02	1.749338e-04	
3.812509e-01	4.122241e-04	
3.048785e-01	2.726488e-04	
2.026296e-01	1.978778e-04	
2.296388e-01	2.710214e-05	
3.145383e-02	3.002144e-06	
1.516963e-01	6.231073e-06	
1.045292e-01	2.269720e-05	
8.618895e-02	9.824308e-05	
4.425701e-02	1.097984e-04	
1.767808e-01	1.276444e-04	
4.883911e-02	4.961441e-05	
1.960668e-01	1.087983e-04	
3.912641e-02	2.073388e-05	
4.727089e-02	5.510284e-06	
2.268008e-01	5.042447e-06	
1.143580e-01	2.030242e-05	
8.722834e-02	7.787334e-08	
2.500670e-02	2.287954e-05	
2.273350e-01	3.497744e-05	
1.165427e-01	3.609490e-05	
1.764184e-01	3.246338e-05	
1.347947e-01	5.662155e-05	
1.208203e-01	4.894309e-05	
1.073578e-01	6.725126e-05	
1.480470e-02	8.127686e-05	
1.325070e-01	5.382884e-05	
1.784933e-01	3.848746e-05	
1.396026e-01	1.647927e-06	
9.991853e-02	1.822945e-05	
1.033895e-01	1.614985e-05	
9.837119e-02	5.252463e-05	
5.216951e-02	6.572971e-05	
5.125177e-02	1.086581e-04	
1.728561e-01	7.655055e-05	
3.200269e-02	6.607309e-05	
9.415305e-02	2.047812e-04	
1.414702e-01	1.265473e-04	
1.755279e-01	1.791237e-04	
3.387793e-01	2.477872e-04	
2.420770e-01	2.399203e-04	
3.158774e-01	2.806601e-04	
1.089442e-01	2.877554e-05	
3.280219e-02	4.944543e-06	
6.266537e-02	3.786007e-06	
7.556536e-02	3.624010e-05	
1.018977e-01	4.951168e-05	
9.391381e-02	4.550384e-05	
8.177168e-02	1.952223e-05	
6.644531e-02	2.832874e-05	
3.342275e-02	1.173978e-05	
5.203759e-02	7.433193e-06	
7.199481e-02	4.927460e-05	
7.038820e-02	7.284129e-05	
9.553343e-02	1.926684e-05	
1.486551e-01	1.455284e-05	
5.773630e-02	2.933077e-05	
5.700232e-02	4.269401e-05	
1.426922e-01	2.268339e-06	
7.563005e-02	2.187781e-05	
1.429769e-01	4.320919e-05	
9.535531e-02	8.926458e-06	
9.609968e-02	5.914182e-05	
1.312065e-01	7.680395e-05	
1.672666e-01	2.869185e-05	
1.119918e-01	1.706656e-05	
6.574178e-02	4.370281e-05	
1.343759e-01	1.017379e-05	
3.173487e-02	8.452521e-05	
1.902665e-01	3.634731e-05	
8.246647e-02	5.644559e-05	
5.175118e-02	5.499689e-05	
1.656379e-01	7.804556e-05	
7.593813e-02	1.265658e-04	
5.548831e-02	1.553007e-04	
1.668562e-01	1.807342e-04	
8.870643e-02	2.836763e-04	
4.270377e-01	2.066523e-04	
3.414139e-01	1.646597e-04	
1.442078e-01	3.080563e-04	
5.911336e-02	3.031618e-04	
1.700486e-01	9.376034e-05	
8.006466e-02	4.314319e-05	
9.113136e-02	9.272191e-05	
1.292586e-01	1.083380e-04	
2.251992e-01	2.508341e-05	
1.492352e-01	2.654372e-05	
8.896929e-02	3.697564e-05	
6.496948e-02	1.421202e-05	
1.996200e-02	4.923672e-06	
6.411159e-02	3.614914e-05	
8.628052e-02	2.637856e-05	
6.061417e-02	1.081474e-06	
5.562877e-02	6.568646e-06	
8.472046e-02	4.050848e-06	
9.410031e-02	4.006233e-05	
1.451024e-01	4.530431e-06	
3.010953e-01	8.479885e-06	
1.515758e-02	4.966175e-05	
1.302271e-01	3.698576e-05	
2.314186e-01	2.500159e-05	
7.204475e-02	4.581018e-05	
1.145733e-01	3.918029e-05	
8.383680e-02	1.769893e-05	
9.213625e-02	4.847512e-05	
1.349127e-01	2.180595e-06	
7.464356e-02	6.529121e-05	
3.554644e-02	9.860684e-05	
6.491760e-02	6.672583e-05	
6.584606e-03	3.813157e-05	
8.879743e-02	7.739253e-05	
1.918666e-01	6.020836e-05	
1.463741e-02	1.862812e-04	
3.111819e-02	1.928554e-04	
1.667275e-01	3.554668e-04	
2.863148e-01	3.984038e-04	
2.469884e-01	2.442267e-04	
9.614852e-02	1.865054e-04	
9.816724e-02	1.997040e-04	
5.918590e-02	1.153738e-04	
2.383092e-01	9.552520e-05	
1.171475e-01	5.669973e-05	
1.425954e-01	5.754244e-05	
1.234477e-01	5.017436e-06	
4.757094e-02	1.680864e-05	
6.065807e-02	2.469101e-05	
1.270101e-01	5.351358e-05	
3.902168e-02	7.405186e-05	
1.449009e-01	1.521768e-05	
5.616862e-02	3.499959e-05	
8.904744e-02	7.973048e-06	
1.392516e-01	2.714630e-05	
1.353415e-01	2.526250e-06	
2.456266e-01	3.372661e-05	
3.597287e-02	6.130367e-05	
8.983567e-03	6.696675e-05	
1.181576e-01	6.351253e-05	
9.165071e-02	5.875103e-05	
6.545790e-02	1.657702e-05	
1.467179e-01	3.946594e-05	
1.034248e-01	2.375423e-06	
1.146971e-01	6.063338e-06	
1.450740e-01	1.825014e-05	
5.123837e-02	3.217985e-06	
1.588217e-01	1.580097e-05	
3.468364e-02	6.049300e-05	
1.419384e-01	4.073773e-05	
1.371046e-01	2.217435e-05	
1.296807e-01	1.757448e-05	
2.051448e-02	3.005958e-05	
1.937701e-02	1.944495e-04	
4.880355e-02	2.085648e-04	
1.504392e-01	2.060848e-04	
3.218938e-01	3.167634e-04	
1.841733e-01	2.459028e-04	
4.410088e-02	3.094305e-04	
1.637611e-01	1.099313e-05	
1.632862e-01	8.082948e-05	
1.210658e-01	3.035874e-05	
1.267851e-01	1.625030e-05	
7.376146e-02	7.373377e-06	
8.627286e-02	3.900453e-05	
1.913165e-01	5.925947e-05	
7.189824e-02	7.666502e-05	
1.879284e-02	3.210386e-05	
1.933684e-01	1.139375e-04	
5.753738e-02	1.232637e-04	
2.013210e-01	6.007074e-05	
3.943128e-02	3.024999e-05	
2.093327e-01	1.063752e-05	
5.273348e-02	4.410388e-06	
3.627284e-02	9.245917e-05	
1.714346e-02	8.518867e-05	
1.597597e-01	2.841035e-06	
1.644311e-02	8.279841e-05	
7.295513e-02	4.275077e-05	
3.210620e-02	3.568491e-05	
8.160426e-02	9.081364e-05	
8.799215e-02	3.499052e-05	
1.152587e-01	2.274346e-05	
1.896088e-01	2.078005e-05	
3.857381e-02	8.484622e-05	
2.538688e-02	7.809317e-05	
1.390162e-01	7.054180e-05	
6.793415e-02	1.238885e-04	
7.406104e-02	3.483943e-05	
1.768797e-01	1.700399e-05	
2.597378e-01	5.379122e-05	
4.545046e-02	3.060186e-04	
8.333018e-02	1.945430e-04	
1.246997e-01	1.699727e-04	
3.289533e-01	2.247772e-04	
3.117333e-01	1.501724e-04	
1.114017e-01	2.817827e-04	
1.357268e-01	7.360667e-05	
5.845790e-02	2.848663e-05	
2.230044e-01	5.041287e-05	
1.885317e-02	4.147613e-05	
1.197597e-01	1.013373e-04	
1.839622e-01	3.902570e-05	
2.540000e-01	4.566542e-05	
1.268595e-01	9.247040e-05	
3.976182e-02	4.640359e-05	
6.474526e-02	5.472123e-05	
1.241657e-01	1.484188e-04	
1.572801e-01	1.013434e-04	
8.626505e-03	1.100474e-06	
2.083588e-01	4.523027e-05	
1.021565e-01	3.840792e-05	
8.502306e-02	5.826721e-05	
1.325597e-01	4.493394e-05	
7.147333e-02	2.336862e-05	
1.014105e-01	8.721663e-06	
5.049287e-02	2.795663e-05	
1.064556e-01	1.831813e-05	
1.760927e-01	4.673178e-06	
1.274194e-01	1.763593e-05	
3.696726e-02	2.178657e-05	
9.758592e-02	2.935928e-05	
7.645036e-02	3.948178e-05	
7.495110e-02	5.619510e-05	
4.910964e-02	5.135876e-06	
1.646217e-01	4.619211e-05	
1.992576e-01	6.842609e-05	
1.433601e-01	5.402699e-05	
1.340878e-01	8.239196e-06	
1.328953e-01	1.660370e-04	
1.381135e-01	1.578273e-04	
1.134910e-01	2.925843e-04	
2.201545e-01	2.342375e-04	
3.562443e-01	4.089127e-05	
2.563068e-01	3.121764e-04	
1.016501e-01	2.089171e-04	
1.514137e-01	7.515365e-05	
1.956280e-01	7.177833e-05	
1.426953e-01	7.660006e-05	
1.023286e-01	6.334022e-05	
1.257592e-01	8.291845e-05	
6.840278e-02	4.692626e-05	
1.510272e-01	1.041752e-04	
1.870750e-01	1.882818e-05	
1.762178e-01	4.914739e-05	
1.564561e-01	3.889339e-05	
1.061319e-01	2.262306e-05	
2.159969e-01	2.766534e-05	
1.474295e-01	2.937150e-05	
1.640922e-01	6.096692e-05	
4.402077e-02	1.318969e-05	
2.521714e-02	1.733807e-06	
4.130692e-02	3.057511e-05	
5.295659e-02	1.823820e-05	
1.770654e-01	2.317784e-05	
1.671449e-01	2.534507e-05	
5.193609e-02	1.168815e-06	
4.907226e-02	6.057442e-05	
1.293884e-01	4.481471e-05	
1.580145e-01	2.589965e-05	
8.731024e-02	3.338891e-05	
1.313960e-02	2.675263e-05	
9.436560e-02	9.692551e-07	
2.585724e-01	3.817302e-05	
5.952633e-02	4.495693e-05	
5.675872e-02	3.366061e-05	
1.331333e-01	1.047216e-07	
1.117580e-01	1.468565e-04	
7.038891e-02	1.773278e-04	
1.016400e-01	3.020998e-06	
4.016249e-01	2.565622e-04	
2.266744e-01	4.080102e-04	
1.011599e-01	5.778165e-04	
1.024802e-01	1.738891e-04	
1.357142e-01	7.515161e-05	
1.053282e-01	8.111764e-05	
5.558413e-02	1.802846e-05	
7.789481e-02	8.324365e-05	
5.348290e-02	5.943574e-05	
1.265153e-01	8.438026e-05	
1.674141e-02	6.979077e-05	
1.733058e-01	7.733029e-05	
1.738729e-01	5.467746e-05	
1.079138e-01	8.852388e-05	
2.610490e-01	6.771053e-06	
4.758166e-02	2.836142e-05	
1.854433e-01	3.888157e-05	
6.947803e-02	3.234808e-05	
2.157302e-01	2.426389e-05	
3.968391e-02	1.885401e-05	
2.174997e-01	3.806415e-05	
7.694941e-02	7.534208e-05	
2.464754e-01	6.666763e-05	
8.491281e-02	9.194035e-05	
2.381410e-01	9.071265e-05	
6.082180e-03	4.098284e-05	
2.471854e-01	6.144749e-05	
2.976639e-01	6.507885e-05	
7.323911e-02	7.220967e-05	
1.773775e-01	1.478767e-06	
1.682760e-01	1.575038e-05	
7.318967e-02	6.313697e-05	
3.446707e-02	7.114802e-05	
1.418544e-01	6.099493e-05	
1.399024e-01	8.076701e-05	
6.721265e-02	7.928995e-05	
5.735470e-02	3.190430e-04	
1.157284e-01	2.667353e-04	
1.522807e-01	6.097570e-04	
1.395715e-01	3.514181e-04	
1.905784e-01	4.505528e-04	
2.982031e-02	1.525323e-05	
1.670362e-01	1.797745e-04	
1.786101e-01	7.625491e-05	
1.426131e-01	8.930372e-05	
8.713198e-02	9.482416e-05	
1.064185e-01	5.797683e-05	
5.704401e-02	6.401103e-05	
5.623140e-02	1.287515e-04	
1.899027e-01	5.116132e-05	
5.435221e-02	5.070634e-05	
8.647282e-02	1.116872e-04	
2.425543e-02	6.392922e-05	
2.387033e-01	2.161738e-05	
1.269998e-01	2.816204e-05	
2.258232e-01	8.220554e-06	
1.479703e-01	4.038318e-05	
1.253035e-01	5.017275e-06	
1.687013e-01	7.948214e-06	
1.764807e-02	9.395238e-06	
1.303315e-01	3.925964e-05	
2.267431e-01	8.016178e-05	
8.066951e-02	9.234692e-05	
1.925203e-01	7.721517e-05	
1.513292e-01	7.842164e-05	
5.137899e-02	1.110807e-04	
1.504718e-01	1.070034e-04	
1.800269e-01	2.844266e-07	
1.466474e-01	2.322000e-06	
3.915875e-02	2.991411e-05	
2.785597e-02	5.541980e-06	
7.261204e-02	8.290934e-05	
2.830944e-02	3.360392e-05	
6.303577e-02	1.669556e-05	
8.578472e-02	1.549058e-04	
9.116223e-02	1.655922e-04	
5.284162e-02	1.496017e-04	
3.639913e-01	1.613267e-04	
1.820000e-01	2.085817e-04	
5.268262e-02	2.291781e-05	
1.772503e-01	7.015183e-05	
1.548344e-01	5.854170e-05	
6.830806e-02	1.583098e-04	
5.572134e-02	1.457989e-04	
1.135755e-01	3.428097e-05	
6.791058e-02	5.225635e-05	
1.913654e-01	1.347678e-04	
1.401414e-01	1.616337e-05	
1.511126e-01	6.248225e-06	
7.982594e-02	3.148370e-05	
7.235577e-02	2.762686e-05	
1.748126e-01	3.910576e-05	
1.732679e-01	3.148119e-05	
2.735542e-01	2.864587e-05	
2.478688e-01	1.972823e-05	
7.883977e-02	1.158297e-05	
1.010066e-02	3.019582e-05	
8.090602e-02	9.788366e-05	
9.336992e-02	5.900799e-05	
1.958559e-01	4.572623e-05	
2.781203e-02	1.058329e-04	
5.647217e-02	6.245628e-05	
9.609896e-02	6.480007e-05	
1.032646e-01	1.427110e-04	
8.749454e-02	5.846645e-05	
1.941632e-01	4.953424e-05	
8.946018e-02	8.261176e-05	
1.135931e-01	6.202123e-05	
1.512310e-01	2.541476e-06	
9.198226e-02	7.993156e-05	
1.924635e-01	1.055893e-04	
1.104881e-01	6.901334e-05	
2.013400e-01	3.818187e-05	
1.653586e-01	1.853595e-04	
3.605893e-01	5.307578e-04	
3.241707e-01	3.438462e-04	
1.270110e-01	3.284299e-04	
3.823524e-02	4.325668e-05	
1.887668e-01	4.821220e-05	
7.146126e-02	5.031312e-05	
8.905435e-02	5.970088e-05	
1.386150e-02	9.847914e-05	
8.942152e-02	2.178458e-05	
8.978580e-02	6.082439e-05	
1.153705e-01	8.622609e-05	
1.013240e-01	5.568944e-05	
1.054294e-01	1.090680e-04	
1.764358e-01	4.125424e-05	
3.161429e-01	7.141823e-05	
1.318072e-01	7.524540e-05	
2.163773e-01	3.311237e-05	
2.144960e-01	2.068736e-05	
1.235819e-01	6.294950e-05	
5.562775e-02	3.181967e-05	
1.111481e-01	9.405762e-06	
2.091622e-01	2.076972e-05	
9.348769e-02	8.867926e-05	
1.843013e-01	8.888307e-05	
3.034050e-01	7.948924e-05	
2.200894e-01	7.048683e-05	
1.106593e-01	6.372860e-05	
1.177944e-01	1.591500e-05	
1.791984e-01	5.086375e-05	
1.330941e-01	5.036843e-05	
9.337176e-02	1.217916e-05	
1.233540e-01	2.422658e-05	
1.885884e-01	1.919632e-05	
6.263012e-03	4.401366e-05	
2.624605e-01	7.738932e-05	
9.785524e-02	7.392597e-05	
6.100647e-02	3.008768e-04	
1.731963e-01	1.423900e-04	
3.290778e-01	2.354950e-04	
2.413037e-01	2.934754e-04	
8.017531e-02	2.348285e-04	
6.352531e-02	5.900424e-05	
1.199019e-01	1.022884e-04	
6.208868e-02	4.671653e-06	
3.187334e-01	5.428293e-05	
3.098783e-01	6.460638e-05	
3.362904e-02	2.430037e-05	
1.210402e-01	3.653381e-05	
8.723082e-02	9.466749e-05	
2.029678e-01	4.708124e-05	
1.996330e-01	1.122414e-05	
5.084580e-02	2.791021e-05	
1.180780e-01	3.112021e-05	
9.010351e-02	7.394172e-05	
1.354304e-01	2.857905e-05	
4.503742e-02	1.829120e-05	
7.592187e-02	6.549688e-05	
2.204411e-01	4.310294e-06	
2.163690e-01	1.714672e-05	
2.655317e-01	7.621051e-06	
1.935488e-01	7.259415e-05	
2.159612e-01	5.875019e-05	
1.191916e-01	3.534431e-05	
9.404409e-02	4.399377e-05	
1.226628e-02	1.459102e-05	
1.190321e-01	4.328837e-05	
2.070818e-01	5.204073e-05	
6.416464e-02	7.152499e-06	
1.301893e-01	2.608831e-07	
1.582737e-01	3.832083e-05	
1.903027e-01	4.167233e-05	
1.505622e-01	7.757671e-05	
1.947874e-01	3.009088e-06	
1.909879e-01	4.722406e-05	
1.206553e-01	1.471217e-04	
1.653914e-01	1.789991e-04	
2.932891e-01	2.322907e-04	
4.093971e-01	2.859068e-05	
7.287458e-02	1.943803e-04	
1.614631e-01	4.845552e-05	
1.859591e-01	1.596326e-04	
8.719202e-02	2.182008e-04	
1.613036e-01	1.332818e-04	
1.443173e-01	1.211492e-04	
1.771832e-01	1.639010e-05	
1.095858e-01	2.501545e-05	
6.837921e-02	7.149688e-05	
8.443399e-02	4.360869e-05	
1.344383e-01	5.146955e-05	
1.113045e-01	5.002518e-05	
1.209310e-01	7.307675e-05	
1.296537e-01	1.157501e-05	
7.471435e-02	4.110167e-05	
1.348861e-01	4.614032e-05	
7.795523e-02	1.082091e-05	
9.503454e-02	2.079740e-05	
9.070132e-02	1.475419e-05	
6.645310e-02	2.316516e-05	
1.576435e-01	2.155037e-05	
2.579183e-02	5.995899e-05	
4.218532e-02	4.892613e-05	
6.043263e-02	6.247977e-05	
6.220797e-02	6.146138e-05	
1.472635e-01	4.405894e-05	
4.180339e-02	9.889658e-05	
1.647819e-01	6.706267e-05	
1.539730e-01	6.389241e-06	
1.877559e-01	5.224902e-05	
2.962575e-02	6.623590e-05	
1.174033e-01	1.121560e-06	
7.265609e-02	8.707548e-05	
5.015759e-02	6.639942e-05	
8.964703e-02	5.992587e-05	
1.260352e-01	1.402031e-04	
3.785434e-01	3.455404e-04	
2.511260e-01	6.858083e-04	
1.970235e-01	6.621456e-04	
6.171517e-02	1.657199e-04	
6.275625e-02	2.052922e-04	
5.897118e-02	7.287329e-05	
2.432897e-01	7.381004e-05	
1.235096e-01	2.472454e-05	
1.249261e-01	8.146261e-05	
2.472857e-01	8.444215e-05	
6.276222e-02	6.979019e-05	
8.569426e-02	6.804812e-05	
4.279719e-02	6.596103e-05	
9.745696e-02	1.075314e-05	
1.900801e-02	4.843816e-05	
4.765676e-02	3.698536e-05	
2.249161e-01	5.060927e-05	
1.104849e-01	2.461519e-05	
1.583420e-01	3.298924e-05	
1.699466e-01	2.761091e-05	
9.561308e-02	3.710530e-05	
9.981450e-02	1.868346e-05	
1.907740e-01	2.228992e-05	
1.146191e-01	4.744425e-05	
7.268525e-02	7.788300e-05	
8.030387e-02	8.316872e-05	
9.402770e-02	8.261707e-05	
1.656430e-01	5.119834e-05	
9.719960e-02	5.960703e-05	
1.293126e-01	5.444448e-05	
1.590092e-01	2.407476e-05	
7.737881e-02	3.502792e-05	
1.626863e-01	2.502318e-05	
2.251909e-02	3.326310e-05	
2.844056e-01	8.611797e-05	
5.519869e-02	1.328901e-04	
1.045975e-01	1.747248e-04	
1.861721e-01	1.937600e-04	
2.045001e-01	2.831175e-04	
3.523617e-01	5.463323e-04	
1.512453e-01	5.591111e-04	
2.751042e-01	6.201548e-05	
3.015681e-01	9.031457e-05	
2.425903e-01	7.202964e-05	
1.705978e-01	8.065901e-05	
1.434523e-01	3.681047e-05	
1.155449e-01	3.935498e-05	
1.553041e-01	6.931146e-05	
1.241746e-01	2.541997e-05	
2.483049e-02	2.509335e-05	
2.163710e-01	3.794476e-05	
1.197772e-01	5.439304e-06	
1.200431e-01	5.705276e-06	
1.709964e-01	7.787506e-06	
1.408718e-01	1.612554e-05	
1.343271e-01	2.781599e-05	
1.969433e-01	1.273662e-05	
2.216756e-01	7.597489e-07	
8.630664e-02	1.943727e-05	
2.399191e-01	1.701301e-05	
9.852726e-02	2.036791e-05	
1.608846e-01	1.644172e-05	
1.056100e-01	3.931443e-05	
7.693651e-02	4.885878e-05	
4.988748e-02	7.752527e-05	
1.075566e-01	9.398226e-05	
7.181189e-02	7.302660e-05	
1.099165e-01	4.173943e-05	
4.625248e-02	5.002040e-05	
1.023209e-01	2.110341e-06	
6.113721e-02	3.281846e-05	
1.268312e-01	9.389177e-05	
4.609918e-02	1.581940e-05	
1.464660e-01	1.834075e-05	
2.373665e-01	8.161369e-05	
7.011154e-02	3.079352e-04	
2.708976e-01	1.364074e-04	
3.765140e-01	3.597029e-04	
1.884279e-01	3.820749e-04	
1.826434e-01	1.855218e-04	
6.035730e-02	1.000535e-04	
2.081434e-02	1.701661e-04	
1.254420e-01	1.337356e-04	
1.592809e-01	6.771860e-05	
2.217323e-01	6.357966e-05	
6.132418e-02	4.737428e-05	
2.081674e-01	1.686170e-05	
1.815109e-01	1.429388e-05	
2.251936e-01	1.700819e-05	
1.375955e-01	2.727095e-05	
9.550463e-02	5.855245e-06	
1.160159e-01	2.852370e-05	
1.221643e-01	8.043385e-06	
1.157094e-01	9.501409e-06	
1.663579e-01	3.156235e-06	
1.041849e-01	1.604474e-05	
1.530692e-01	7.369186e-06	
1.193291e-01	1.261466e-06	
9.869876e-02	6.920882e-06	
4.908949e-02	1.560093e-07	
3.434644e-02	3.877358e-05	
1.259952e-01	6.208159e-05	
1.125187e-01	5.006713e-05	
2.320293e-01	6.252228e-05	
6.055206e-02	6.257555e-05	
1.185778e-01	3.437173e-05	
1.166809e-01	2.943932e-05	
7.178054e-02	5.069785e-05	
1.870488e-01	1.204637e-04	
2.333406e-01	4.873754e-05	
2.788499e-02	1.537877e-04	
1.065755e-01	7.113885e-05	
1.035112e-01	1.780987e-04	
2.144403e-01	1.030835e-04	
1.529424e-01	1.708183e-04	
2.618792e-01	3.800138e-04	
1.507478e-01	4.512870e-04	
1.567603e-01	1.123965e-04	
2.020943e-03	7.103685e-05	
1.878709e-01	1.141547e-04	
1.275224e-01	9.034617e-05	
1.146844e-01	4.486802e-05	
1.598549e-01	3.770470e-05	
9.725994e-02	3.668361e-05	
8.606507e-02	3.034635e-06	
1.511164e-01	2.193639e-05	
5.642683e-02	6.419520e-06	
2.433057e-01	3.510378e-05	
9.837680e-02	8.225129e-06	
1.953185e-01	9.022579e-06	
1.040778e-01	1.326326e-05	
1.323932e-01	1.382661e-06	
1.342115e-01	8.522624e-06	
1.252218e-01	2.464091e-05	
5.382637e-02	3.989313e-06	
1.666499e-01	5.165257e-05	
8.523349e-02	3.267228e-05	
9.100957e-02	4.211905e-05	
1.338442e-01	4.528792e-05	
9.917037e-02	7.253299e-05	
1.688167e-01	7.676018e-05	
3.013254e-02	9.632799e-05	
7.397100e-02	5.948554e-05	
4.965640e-02	9.153792e-05	
7.866008e-02	2.824325e-05	
7.165880e-02	7.048522e-05	
1.121538e-01	4.171698e-05	
1.190262e-01	2.012902e-05	
1.906410e-01	1.913123e-05	
1.934617e-01	1.019300e-04	
1.309021e-01	2.042840e-04	
1.430063e-01	1.448217e-04	
3.011658e-01	1.533296e-04	
3.222392e-01	4.398906e-04	
5.392296e-02	5.587320e-04	
1.441963e-01	1.302418e-04	
1.256639e-01	5.109966e-05	
2.446105e-01	1.421145e-04	
2.170902e-01	1.294438e-05	
2.752953e-02	2.897720e-05	
1.395958e-01	3.332091e-05	
1.997222e-01	7.084194e-06	
1.256481e-01	2.641156e-05	
1.545468e-01	4.731585e-05	
1.223549e-02	2.192325e-05	
1.410807e-01	3.541209e-05	
7.019052e-02	3.301076e-07	
8.862188e-02	1.306057e-05	
5.539120e-02	9.171210e-06	
8.799118e-02	3.022363e-05	
5.287660e-02	3.813286e-05	
8.586351e-02	2.550380e-05	
7.638321e-02	2.351839e-05	
4.163214e-02	2.290705e-05	
1.860999e-01	6.669532e-06	
8.783480e-02	3.288323e-05	
3.659199e-02	2.457251e-05	
2.108005e-01	8.062322e-05	
1.396262e-01	8.102519e-06	
7.341152e-02	8.232817e-05	
1.802033e-01	9.048900e-05	
1.380305e-01	9.455144e-05	
1.364809e-01	9.689879e-05	
1.443623e-01	4.060056e-05	
9.232285e-02	1.655772e-04	
6.058714e-02	1.828628e-04	
6.634462e-02	3.122880e-05	
1.526936e-01	9.353561e-05	
1.984967e-02	1.684398e-04	
6.410121e-02	4.363663e-04	
1.950750e-01	5.190545e-04	
2.541616e-01	3.252352e-04	
1.812475e-01	1.436644e-04	
1.842723e-01	1.390022e-04	
1.707426e-01	1.258166e-04	
1.167857e-01	3.300523e-05	
1.745467e-01	4.929605e-05	
1.117332e-01	3.667144e-05	
7.735085e-02	2.709272e-05	
1.104404e-01	2.575314e-05	
9.083518e-02	6.742220e-06	
1.321464e-01	2.271730e-06	
1.354470e-01	1.258746e-05	
1.084453e-01	2.512573e-05	
1.485346e-01	9.924470e-06	
1.910924e-01	1.946835e-05	
8.149515e-02	3.540815e-06	
1.866126e-01	6.177727e-06	
7.609848e-02	1.313513e-05	
1.210775e-01	3.366042e-05	
9.346535e-02	4.846585e-05	
2.201979e-01	1.460066e-05	
7.012230e-02	1.299870e-05	
1.290498e-01	3.675405e-05	
8.235790e-02	6.173347e-05	
1.556560e-01	8.145024e-05	
2.117803e-01	7.042438e-05	
1.440339e-01	5.520034e-05	
2.481222e-02	4.641691e-05	
1.916369e-01	8.785549e-05	
1.331150e-01	4.904668e-05	
7.784860e-02	4.253985e-05	
6.199009e-02	8.094388e-05	
1.959268e-02	1.288889e-04	
7.130562e-02	1.141892e-04	
1.903906e-01	2.697437e-05	
6.099045e-02	9.900795e-06	
6.258764e-02	2.166171e-04	
2.495016e-01	4.296205e-04	
1.781091e-01	9.310930e-04	
1.791689e-01	2.224223e-04	
2.574061e-01	1.037950e-04	
1.614325e-01	5.795034e-05	
6.096234e-02	1.330112e-05	
5.415361e-02	3.514595e-05	
4.082024e-02	8.719646e-05	
1.283999e-01	2.260614e-05	
1.467651e-01	6.943181e-06	
3.074957e-02	2.236364e-05	
1.414425e-01	4.092969e-07	
1.080739e-01	2.655816e-05	
1.640269e-01	5.831992e-06	
6.390836e-03	1.609830e-05	
1.705135e-01	4.508447e-05	
1.045842e-01	5.477755e-06	
1.079226e-01	1.396385e-06	
1.821924e-01	2.326146e-08	
7.452301e-02	9.509830e-06	
1.086373e-01	2.191661e-05	
9.961439e-02	8.404361e-06	
1.068095e-01	1.485826e-05	
2.101109e-01	2.766162e-05	
9.193916e-02	6.988644e-05	
1.805128e-02	3.563675e-05	
9.940999e-02	8.908020e-05	
1.314071e-01	9.842112e-05	
3.452963e-02	7.764774e-05	
5.861054e-02	1.750149e-04	
1.354587e-01	1.225326e-04	
7.331174e-02	6.515379e-05	
1.759037e-01	1.332597e-04	
1.528423e-01	6.573210e-05	
6.641251e-02	1.234134e-04	
1.256863e-01	3.074612e-05	
9.723497e-02	9.247724e-06	
1.670223e-01	2.988987e-04	
2.320162e-01	3.631231e-04	
3.012076e-01	2.682459e-04	
1.039603e-01	6.986177e-05	
1.366733e-02	1.501196e-04	
1.575930e-01	4.735822e-05	
7.236884e-02	6.895410e-06	
8.914805e-02	7.288483e-06	
2.402974e-01	1.055086e-04	
1.226274e-01	1.157845e-04	
1.890722e-01	3.462173e-05	
6.524068e-02	7.494134e-05	
1.251505e-01	9.400937e-06	
1.727904e-01	8.512640e-06	
1.757419e-01	1.472777e-05	
3.744296e-02	5.753375e-05	
1.143746e-01	1.688178e-05	
1.255314e-01	1.879076e-05	
1.594323e-01	3.750474e-05	
8.198797e-02	2.410615e-05	
7.625503e-02	7.289381e-06	
8.080272e-02	2.905088e-05	
1.526894e-01	4.577159e-06	
1.137657e-01	4.517245e-05	
3.195745e-02	4.037867e-05	
2.915719e-02	3.417928e-05	
1.202731e-01	3.072325e-05	
5.234976e-02	6.432282e-05	
1.330183e-01	1.143779e-04	
1.427931e-01	5.920053e-05	
8.917766e-02	1.554548e-04	
1.660697e-01	8.475873e-05	
2.607642e-01	7.254768e-07	
7.953036e-02	8.994875e-05	
6.717758e-02	3.884026e-05	
1.217382e-01	3.415674e-05	
9.087547e-02	4.749099e-05	
1.295974e-02	9.658288e-06	
5.888971e-02	2.954083e-04	
3.022227e-01	4.537883e-04	
2.524923e-01	7.560653e-05	
3.734147e-01	6.615635e-06	
4.416994e-01	4.629535e-05	
3.400109e-01	2.174830e-05	
2.571471e-01	1.161192e-04	
2.320232e-01	1.140961e-04	
3.582192e-01	2.264739e-05	
3.809475e-01	1.722767e-05	
9.827799e-02	2.049477e-05	
3.809821e-01	1.842735e-05	
2.911293e-01	5.390045e-05	
1.396994e-01	2.211690e-05	
3.310267e-01	2.321563e-06	
2.926312e-01	3.475403e-05	
3.050853e-01	1.751756e-05	
2.454601e-01	3.073697e-05	
2.399006e-01	5.756799e-06	
3.138402e-01	3.336419e-06	
1.983790e-01	2.771277e-05	
3.175579e-01	5.629373e-06	
5.011278e-01	7.399288e-06	
3.376511e-01	2.796021e-05	
3.107578e-01	8.182040e-05	
3.016288e-01	1.068836e-05	
3.374789e-01	5.468943e-05	
3.110444e-01	6.926086e-05	
3.647261e-01	4.990213e-06	
8.678948e-02	2.207360e-05	
2.885091e-01	3.195797e-06	
1.784534e-01	3.809273e-05	
3.239842e-01	2.558426e-05	
3.758430e-01	1.072717e-06	
2.148663e-01	1.350367e-06	
3.145351e-01	1.070904e-05	
2.716470e-01	9.993696e-06	
1.894173e-01	1.660995e-04	
3.374674e-01	1.098621e-04	
3.142051e-01	3.491610e-04	
