3.567918e-01	1.261213e-13	
3.862609e-01	1.709743e-14	
5.014779e-01	4.863887e-13	
5.201453e-01	2.694511e-13	
5.970153e-01	1.364464e-13	
4.477847e-01	1.424416e-13	
5.177918e-01	1.919465e-12	
4.487442e-01	4.059131e-11	
5.272846e-01	2.977618e-13	
4.948119e-01	4.143685e-12	
3.726702e-01	2.189360e-12	
3.497673e-01	3.246314e-11	
3.921177e-01	1.350031e-13	
4.751651e-01	8.987366e-12	
4.319456e-01	2.364486e-11	
4.467344e-01	3.805845e-13	
4.125261e-01	8.961276e-12	
4.079855e-01	6.109002e-12	
5.299501e-01	6.493917e-12	
4.322145e-01	7.549517e-14	
4.618529e-01	1.035338e-11	
5.304906e-01	1.232725e-11	
3.954282e-01	4.192646e-12	
3.333333e-01	1.455835e-12	
3.924161e-01	2.537970e-12	
4.479487e-01	3.594036e-11	
4.015914e-01	4.551914e-14	
5.134158e-01	7.497225e-12	
4.114439e-01	3.567369e-12	
5.058206e-01	1.369793e-12	
5.048939e-01	6.283862e-14	
3.822765e-01	6.816769e-14	
3.811843e-01	7.571721e-14	
5.589511e-01	1.744160e-13	
5.985778e-01	5.850875e-13	
5.326777e-01	7.022161e-13	
5.511609e-01	1.372236e-12	
5.536680e-01	1.476375e-12	
2.930018e-01	3.794742e-13	
2.444130e-01	1.070477e-12	
3.335413e-01	5.399714e-11	
3.425221e-01	1.472663e-13	
4.250055e-01	3.400289e-13	
4.372091e-01	1.490536e-13	
4.819606e-01	7.264907e-14	
4.286510e-01	9.810547e-14	
5.037176e-01	3.831684e-14	
5.484028e-01	2.975462e-14	
4.274264e-01	8.143859e-16	
5.024584e-01	1.266710e-14	
4.160655e-01	3.886982e-15	
5.583489e-01	6.158119e-15	
4.864011e-01	3.070832e-15	
4.214429e-01	4.542151e-15	
4.822739e-01	3.267040e-15	
4.330479e-01	5.112812e-15	
5.803695e-01	1.464254e-16	
4.314977e-01	3.445784e-15	
4.691446e-01	4.251739e-16	
3.377906e-01	1.267331e-15	
3.557074e-01	2.253034e-15	
3.725325e-01	3.543116e-15	
4.900927e-01	9.188758e-15	
4.080623e-01	4.392763e-16	
4.326022e-01	9.022610e-16	
4.767740e-01	7.778668e-16	
5.424824e-01	1.946636e-15	
4.801078e-01	6.824072e-16	
5.041414e-01	4.528029e-15	
4.995842e-01	1.943491e-16	
5.092439e-01	2.955657e-15	
3.597658e-01	9.423609e-15	
5.685927e-01	2.218546e-15	
5.383159e-01	8.980510e-16	
4.677039e-01	5.302998e-16	
4.311354e-01	6.808132e-14	
4.373799e-01	1.952231e-13	
4.316880e-01	2.191112e-13	
3.621872e-01	3.140699e-12	
3.973110e-01	4.691691e-12	
3.967806e-01	4.662937e-15	
5.472039e-01	8.228973e-13	
5.191878e-01	3.984590e-13	
4.338116e-01	1.126987e-11	
4.441114e-01	3.679057e-12	
4.430620e-01	2.006173e-12	
4.605004e-01	3.108847e-12	
5.558632e-01	1.009182e-11	
5.255907e-01	3.487544e-12	
4.586552e-01	6.508127e-13	
3.079415e-01	1.633005e-11	
3.275275e-01	3.210543e-12	
3.659461e-01	5.966339e-12	
4.429046e-01	2.325584e-12	
5.263946e-01	3.136158e-12	
5.867379e-01	1.483036e-12	
5.382306e-01	4.547185e-11	
4.840288e-01	1.849410e-12	
4.218203e-01	1.682476e-11	
5.653672e-01	7.720047e-12	
6.019785e-01	2.449385e-11	
4.849383e-01	8.702816e-12	
4.255131e-01	1.718181e-12	
4.354313e-01	3.851697e-12	
5.048686e-01	3.401013e-11	
4.631830e-01	1.955203e-11	
4.482976e-01	1.849054e-11	
4.817976e-01	1.936062e-11	
4.149922e-01	1.340328e-11	
4.563901e-01	2.132006e-11	
4.942466e-01	1.858208e-10	
4.925775e-01	4.509171e-11	
4.424484e-01	2.979395e-11	
4.858448e-01	1.071032e-10	
4.706502e-01	8.533396e-12	
4.490736e-01	1.418576e-11	
4.218404e-01	5.677014e-11	
3.488939e-01	9.634959e-12	
4.750291e-01	2.544631e-13	
5.176166e-01	1.012301e-12	
5.346235e-01	1.828537e-12	
5.628639e-01	5.104028e-12	
5.317576e-01	1.612266e-12	
5.279771e-01	8.208989e-13	
4.019828e-01	1.752598e-12	
4.664266e-01	7.687184e-13	
4.536195e-01	3.880507e-11	
5.464891e-01	6.845635e-13	
4.512705e-01	2.835732e-12	
3.914492e-01	1.344924e-12	
2.585889e-01	5.850875e-14	
3.710798e-01	2.380318e-13	
4.011027e-01	1.705074e-10	
5.181118e-01	2.047029e-12	
4.658276e-01	4.708234e-12	
4.938477e-01	1.003120e-11	
4.534475e-01	2.155587e-11	
4.699848e-01	8.713030e-13	
4.643531e-01	4.931167e-12	
4.365479e-01	4.614087e-13	
3.614401e-01	5.724465e-11	
3.338236e-01	9.821899e-11	
3.709202e-01	5.234924e-12	
4.802780e-01	1.190537e-11	
3.699184e-01	1.550109e-10	
4.625887e-01	2.027933e-11	
4.287891e-01	2.330480e-11	
4.617565e-01	1.886147e-11	
4.947699e-01	6.238865e-11	
5.154926e-01	7.213008e-12	
4.586239e-01	3.635681e-11	
5.294216e-01	5.846301e-11	
4.192799e-01	1.264189e-11	
4.067914e-01	3.199663e-13	
4.874722e-01	9.148293e-11	
3.327816e-01	1.443268e-11	
4.452728e-01	2.601490e-05	
2.962426e-01	3.128011e-05	
3.202658e-01	4.129244e-05	
3.914332e-01	8.597193e-05	
3.781452e-01	2.146221e-05	
3.205289e-01	6.767273e-05	
3.199437e-01	9.277801e-05	
3.312158e-01	5.799283e-05	
3.004551e-01	2.955878e-05	
3.724970e-01	1.542539e-04	
4.082989e-01	1.233458e-04	
3.415419e-01	2.689523e-04	
3.631890e-01	2.010180e-04	
2.991319e-01	1.894906e-05	
3.607526e-01	2.118253e-04	
1.910255e-01	1.177385e-04	
2.710447e-01	9.260603e-05	
3.237418e-01	1.998394e-04	
2.410051e-01	1.359194e-04	
4.469872e-01	1.344002e-04	
3.914502e-01	9.218480e-05	
2.748805e-01	2.234167e-04	
2.459814e-01	1.659502e-04	
3.916555e-01	1.404108e-04	
2.622903e-01	8.730501e-05	
1.695496e-01	3.516350e-05	
1.110502e-01	7.700488e-05	
3.027522e-01	2.081488e-05	
9.576199e-02	1.395414e-04	
2.720057e-01	7.413959e-05	
2.513853e-01	1.818732e-05	
2.551049e-01	6.536017e-05	
1.313550e-01	6.994987e-05	
1.115522e-01	1.030145e-04	
4.346021e-01	7.600382e-05	
1.695057e-01	3.972856e-05	
4.765374e-01	1.250180e-05	
4.356905e-01	1.157953e-05	
3.615908e-01	5.455693e-05	
1.849654e-01	3.418995e-05	
3.111324e-02	8.093373e-05	
1.324806e-01	1.121708e-04	
1.375263e-01	1.181225e-05	
1.445659e-01	2.401492e-05	
1.083273e-01	7.364524e-05	
2.299039e-01	5.558612e-05	
3.649425e-02	7.402514e-05	
8.762945e-02	4.516451e-05	
1.947269e-01	2.251777e-04	
3.033197e-02	8.378099e-06	
1.655943e-01	9.466226e-05	
1.341908e-01	7.357269e-06	
7.584439e-02	8.932649e-05	
2.510548e-01	5.429860e-05	
1.849338e-01	2.027362e-04	
8.721086e-02	1.628765e-04	
1.865327e-01	1.004846e-04	
1.584156e-01	1.115053e-05	
2.902098e-02	1.401236e-04	
2.387163e-01	5.493620e-05	
1.359028e-01	5.569690e-05	
1.119494e-01	2.113584e-04	
2.145202e-01	2.535898e-05	
6.192983e-02	3.864420e-06	
7.620756e-02	8.094842e-05	
7.516581e-02	1.518639e-04	
1.076985e-01	1.331134e-04	
2.166116e-01	2.315545e-04	
1.440708e-01	2.123604e-04	
2.602837e-01	1.315604e-04	
7.051846e-02	3.502605e-05	
1.179650e-01	1.023021e-04	
4.265575e-02	6.438395e-05	
9.260762e-02	1.545042e-05	
9.796960e-02	4.431414e-05	
4.307343e-01	9.267621e-06	
3.432834e-01	1.026460e-04	
1.003827e-01	8.976401e-05	
1.120006e-01	5.772611e-05	
2.305909e-01	9.974527e-05	
8.650918e-02	3.853192e-05	
1.115632e-01	3.238927e-06	
1.790812e-01	1.144955e-04	
1.530838e-01	2.890163e-05	
1.814676e-01	4.930388e-05	
1.397728e-01	1.340939e-04	
1.371856e-01	4.509020e-06	
6.832860e-02	1.611239e-05	
8.216185e-02	9.951097e-05	
5.808404e-02	6.197026e-05	
4.482535e-02	1.268095e-05	
1.182567e-01	1.239138e-04	
2.300297e-02	3.233060e-05	
2.256883e-01	3.147008e-05	
1.687843e-01	1.000907e-04	
6.515728e-02	1.097251e-04	
1.379442e-01	4.002966e-05	
1.843323e-01	3.603991e-05	
2.684710e-01	8.006836e-05	
2.115731e-01	3.746124e-05	
7.662464e-02	3.773453e-06	
1.141032e-01	8.719974e-05	
9.490281e-02	6.267863e-05	
9.602181e-02	5.603755e-05	
1.298194e-01	3.580511e-05	
1.267606e-01	3.224072e-05	
9.866279e-02	8.363431e-05	
6.205818e-02	3.488656e-05	
1.054364e-01	5.629912e-05	
1.813435e-01	1.113391e-05	
6.184858e-02	2.995644e-05	
1.560240e-01	3.919511e-05	
1.210888e-01	2.749350e-06	
3.500570e-01	4.064934e-05	
3.523809e-01	1.221827e-04	
1.537117e-01	6.632598e-05	
1.627908e-01	1.053968e-04	
1.178531e-01	9.701309e-05	
5.786168e-02	1.339314e-05	
2.602489e-01	1.464801e-05	
1.710822e-01	1.162201e-04	
1.455427e-01	8.606664e-05	
6.764642e-02	6.527553e-05	
1.304466e-01	1.017617e-04	
1.866597e-01	2.688845e-05	
1.357117e-01	2.573709e-05	
6.845274e-02	1.480114e-05	
1.634345e-01	6.065258e-05	
5.403189e-02	9.778378e-06	
9.347230e-02	2.867373e-05	
1.144290e-01	7.194256e-05	
1.489912e-01	8.686777e-05	
7.514378e-02	7.834190e-05	
8.225504e-02	2.559711e-05	
6.978707e-02	4.633564e-05	
1.239577e-01	8.556447e-06	
2.427615e-01	4.138766e-05	
1.901859e-01	3.618227e-05	
8.370938e-02	2.914384e-06	
1.243618e-01	8.093317e-05	
1.266611e-01	2.050198e-04	
1.244063e-01	2.090665e-04	
1.913879e-01	1.350557e-04	
1.565885e-01	1.356917e-04	
1.255721e-01	1.414213e-04	
1.564575e-01	9.941673e-05	
1.504321e-01	2.008734e-04	
2.367669e-01	1.328947e-04	
1.866146e-01	8.884156e-05	
1.008660e-01	2.189704e-05	
1.393923e-01	7.058121e-06	
4.336415e-01	3.953163e-05	
4.007914e-01	1.177400e-04	
7.061370e-02	1.957843e-04	
5.143851e-02	1.637637e-04	
5.176885e-02	2.590878e-04	
6.866957e-02	2.099671e-04	
6.262108e-02	2.971286e-04	
1.356159e-01	2.382366e-04	
3.071153e-02	2.397462e-04	
1.704050e-02	1.145030e-04	
5.594895e-02	6.236607e-05	
1.288731e-01	6.961076e-05	
7.840670e-02	6.976280e-05	
1.535714e-01	2.764144e-05	
6.737995e-02	3.715522e-05	
3.169746e-02	3.962711e-05	
7.518938e-02	9.093230e-05	
1.134456e-01	8.077719e-05	
1.365227e-01	7.085956e-05	
1.325361e-01	4.163237e-05	
1.037413e-01	2.354180e-05	
1.633597e-01	3.382470e-05	
5.924549e-02	3.075374e-05	
9.189799e-02	6.557198e-05	
7.830529e-02	1.927605e-05	
1.161385e-01	6.406622e-05	
8.155734e-02	1.325698e-04	
1.252027e-01	1.705817e-04	
7.939378e-02	5.984937e-05	
1.409868e-01	1.338176e-04	
6.165423e-02	1.241102e-04	
1.797374e-01	1.617640e-04	
2.090046e-01	5.016923e-05	
7.721237e-02	5.143517e-05	
1.475114e-01	6.560814e-05	
1.446071e-01	7.368711e-05	
1.676685e-01	1.653001e-04	
4.008653e-02	1.655722e-04	
2.447136e-01	2.337009e-04	
3.979985e-01	1.148250e-04	
2.132982e-01	1.112339e-04	
5.877202e-02	3.016677e-04	
6.525084e-02	2.371118e-04	
1.126685e-01	1.713801e-04	
1.541412e-01	2.030360e-04	
5.041798e-02	1.672102e-04	
2.091733e-02	1.895059e-04	
4.741137e-02	1.277069e-04	
9.483851e-02	9.830435e-05	
4.380052e-02	7.341967e-05	
5.431231e-02	8.791486e-05	
8.778763e-02	7.664592e-05	
7.182055e-02	1.019635e-04	
4.686737e-02	1.427400e-04	
3.321636e-02	1.499205e-04	
8.197421e-02	2.562561e-05	
1.087211e-01	9.596179e-06	
1.522547e-01	1.481159e-05	
2.289652e-01	9.077858e-05	
1.258927e-01	1.053279e-04	
1.381790e-01	1.211920e-04	
4.283748e-02	7.205310e-05	
7.689354e-02	2.703265e-06	
1.184538e-01	2.614300e-05	
8.087261e-02	1.592439e-04	
1.577632e-01	1.381384e-04	
5.804229e-02	1.301670e-04	
8.568779e-02	1.382901e-04	
6.121778e-02	1.667500e-04	
2.526765e-01	1.732317e-04	
1.724631e-01	1.295206e-04	
1.488351e-02	2.105797e-05	
6.932332e-02	1.708296e-04	
6.462745e-02	1.992675e-04	
2.063435e-01	1.446324e-04	
2.699725e-02	2.404419e-04	
3.850607e-01	1.783233e-05	
2.532240e-01	9.569856e-05	
2.580647e-01	9.761630e-05	
1.398600e-01	1.314565e-04	
1.143796e-01	2.088806e-04	
1.596518e-01	1.714719e-04	
3.940670e-02	1.599694e-04	
8.511938e-02	1.293693e-04	
1.820499e-01	1.659440e-04	
2.807084e-02	1.209627e-04	
1.613255e-01	1.205150e-04	
6.944986e-02	1.400118e-04	
8.366946e-02	1.278086e-04	
6.022055e-02	1.195164e-04	
1.338039e-01	1.357904e-04	
4.424858e-02	1.944386e-04	
1.477580e-01	1.671926e-04	
8.535654e-02	9.379188e-06	
5.891606e-02	4.535863e-05	
1.324884e-01	3.307175e-05	
3.278461e-02	7.794095e-05	
1.877090e-01	2.449580e-05	
3.090635e-01	3.936510e-08	
1.569366e-01	7.558893e-05	
1.020193e-01	7.113803e-05	
1.392978e-01	7.070865e-05	
1.798212e-01	1.230900e-04	
1.148409e-01	1.023404e-04	
1.119612e-01	7.816529e-05	
2.058482e-01	1.365631e-04	
5.051192e-02	1.922366e-04	
1.982193e-01	9.238954e-05	
1.422467e-01	2.763195e-05	
8.128094e-02	1.677308e-05	
1.502258e-01	1.190724e-04	
2.055586e-01	2.559167e-04	
2.408077e-01	2.523568e-04	
9.669765e-02	1.245855e-04	
3.438700e-01	6.862751e-05	
2.578506e-01	8.650224e-05	
1.706116e-01	1.486431e-04	
1.007964e-01	1.856292e-04	
1.126320e-01	1.814255e-04	
4.214548e-02	3.067062e-04	
8.354223e-02	1.963867e-04	
9.683619e-02	1.595672e-04	
1.804744e-01	1.801316e-04	
1.259674e-02	1.666273e-04	
1.413651e-01	1.772096e-04	
1.362801e-01	1.510702e-04	
6.104933e-02	1.503347e-04	
1.077590e-01	9.835312e-05	
1.735650e-01	1.203330e-04	
3.181865e-02	8.831528e-05	
1.319541e-01	6.883460e-05	
2.245822e-01	3.463686e-05	
1.597293e-01	5.205055e-05	
5.360022e-02	4.067482e-05	
1.330718e-01	8.358893e-05	
6.732120e-02	2.667843e-05	
2.697401e-01	3.379891e-05	
7.188258e-02	1.743424e-05	
2.372504e-01	9.110466e-05	
1.344138e-01	6.275278e-05	
5.384533e-02	6.078165e-05	
1.118620e-01	1.074799e-04	
1.200684e-01	1.277550e-04	
7.651683e-02	1.041094e-04	
1.375794e-01	1.071584e-04	
1.922757e-01	1.309911e-04	
1.141361e-01	1.542277e-04	
1.630187e-01	3.247752e-07	
5.536615e-02	3.979597e-05	
1.066076e-02	5.546071e-05	
2.884537e-02	1.812961e-04	
1.992077e-01	2.317819e-04	
1.367895e-01	2.517828e-04	
2.165784e-01	2.499810e-04	
3.184654e-02	1.575745e-04	
8.779134e-02	2.117116e-04	
1.166755e-01	1.872981e-04	
1.734371e-01	2.848964e-04	
3.126596e-02	1.909294e-04	
4.663972e-02	2.093846e-04	
4.965557e-02	2.343239e-04	
7.028473e-02	1.430237e-04	
7.050796e-02	1.568595e-04	
1.118650e-01	2.090456e-04	
1.280134e-01	1.266576e-04	
1.299798e-01	1.151730e-04	
1.459956e-01	8.116809e-05	
7.679722e-02	2.405500e-05	
1.710679e-01	5.543314e-05	
1.992579e-01	8.257830e-05	
9.019554e-02	6.812531e-05	
8.156407e-02	1.399514e-04	
1.467555e-01	7.999208e-05	
9.383565e-02	1.551205e-04	
7.342588e-02	4.282811e-05	
1.208132e-01	7.431796e-05	
1.723899e-01	5.940755e-05	
1.079434e-01	4.306385e-05	
1.445642e-01	2.520867e-05	
1.933247e-01	1.003726e-04	
3.571705e-01	1.544900e-04	
7.821335e-02	1.085302e-04	
1.233120e-01	1.426786e-04	
9.400063e-02	1.477199e-04	
1.466245e-01	1.853563e-04	
1.665105e-01	2.363400e-04	
1.049166e-01	1.056652e-04	
2.020966e-01	8.966350e-05	
2.616865e-02	2.830822e-04	
1.130137e-02	2.564221e-04	
2.941839e-01	1.416044e-04	
2.120051e-01	3.759612e-04	
9.239739e-02	3.616279e-04	
1.114611e-01	1.844440e-04	
1.053579e-01	8.234025e-05	
9.434993e-02	1.541426e-04	
7.027706e-02	1.170490e-04	
1.135466e-01	1.889650e-04	
2.813942e-02	1.377862e-04	
7.748932e-03	1.122529e-04	
2.171249e-01	1.164416e-04	
6.592331e-02	2.008612e-04	
6.463544e-02	1.565111e-04	
1.157462e-01	1.709842e-04	
1.111644e-01	1.161839e-04	
5.369169e-03	9.451713e-05	
9.751149e-02	9.098225e-05	
1.668168e-01	5.354722e-05	
9.063144e-02	4.268894e-05	
1.518689e-01	1.028350e-04	
2.870659e-01	8.445175e-06	
2.908356e-02	8.992882e-05	
4.546596e-02	1.013203e-04	
1.064959e-01	9.400250e-05	
1.088166e-01	4.967620e-05	
6.783549e-02	2.865944e-05	
1.775613e-01	5.514462e-06	
8.110708e-02	6.168393e-05	
1.106590e-01	1.117281e-04	
1.572715e-01	7.476775e-05	
5.186418e-02	1.443045e-04	
1.255173e-01	1.771925e-04	
1.006008e-01	1.879655e-04	
8.241239e-02	4.726264e-05	
1.497770e-01	1.108001e-04	
2.211731e-01	1.383405e-04	
6.790667e-02	4.485202e-04	
5.888097e-02	2.293236e-04	
2.262523e-01	3.348595e-04	
2.031444e-01	1.804094e-04	
2.333866e-01	2.694814e-04	
5.301269e-02	1.653362e-04	
1.386464e-01	5.689843e-05	
4.149131e-02	1.588762e-04	
1.767587e-01	1.590814e-04	
1.230968e-01	2.033428e-04	
1.240387e-01	1.954839e-04	
3.395564e-02	1.356614e-04	
7.923730e-02	1.355084e-04	
1.633700e-01	1.000540e-04	
9.249563e-02	1.215199e-04	
1.023550e-01	1.010816e-04	
1.123195e-01	1.187875e-04	
1.588161e-01	1.202158e-04	
3.149636e-02	3.957661e-05	
1.533630e-01	5.930484e-05	
3.992781e-02	1.026607e-04	
5.494559e-02	5.524226e-05	
1.388355e-01	3.783929e-05	
1.212234e-01	9.991574e-05	
5.886218e-02	1.267864e-04	
1.191816e-01	1.096107e-04	
8.188819e-02	1.397204e-04	
8.627868e-02	9.395579e-05	
1.467736e-01	1.253273e-04	
1.211807e-01	9.919764e-05	
9.939823e-02	1.068111e-04	
8.760330e-02	4.531750e-05	
1.035990e-01	9.286549e-05	
1.633331e-02	7.914642e-05	
4.871446e-02	9.529426e-05	
8.848282e-02	1.052409e-04	
3.144168e-01	1.155770e-04	
1.485296e-01	2.164615e-05	
2.065908e-02	2.344949e-04	
1.488851e-02	3.752559e-04	
3.030469e-01	1.080844e-04	
2.269490e-01	1.326320e-04	
8.261668e-02	1.985987e-04	
1.899151e-01	1.260815e-04	
2.129936e-01	3.227275e-04	
1.899566e-01	1.986018e-04	
1.578338e-01	2.413929e-04	
1.038993e-01	1.576544e-04	
1.293569e-01	2.052295e-04	
7.402649e-02	9.210073e-05	
4.002717e-02	1.232815e-04	
8.916101e-02	1.076693e-04	
1.193470e-01	1.095277e-04	
2.868376e-01	8.999867e-05	
7.445275e-02	8.828912e-05	
1.186668e-01	7.495119e-05	
2.138006e-01	1.131699e-04	
2.714563e-02	5.693432e-05	
1.267729e-01	6.744103e-05	
8.883696e-02	5.651478e-05	
1.251083e-01	6.306073e-05	
2.439386e-01	9.422118e-05	
1.279131e-02	1.130030e-04	
1.348850e-01	1.011744e-04	
1.277806e-01	1.328521e-04	
2.339293e-01	1.201888e-04	
6.783463e-02	1.459514e-04	
2.081592e-01	1.596671e-04	
8.265882e-02	1.708028e-04	
1.579775e-01	1.859712e-04	
3.475393e-01	1.473766e-04	
2.035312e-01	1.809097e-04	
1.031025e-01	1.312220e-04	
9.352675e-02	1.183320e-04	
8.473127e-02	2.171313e-04	
1.437561e-01	2.663348e-05	
1.435309e-01	6.646512e-05	
2.007983e-01	3.321655e-04	
2.899247e-01	1.172130e-04	
2.792147e-01	2.247051e-04	
1.383927e-01	3.656350e-04	
1.585177e-01	1.411703e-04	
1.147772e-01	1.654897e-04	
6.265049e-02	2.427325e-04	
1.246434e-01	1.810702e-04	
3.539151e-02	1.562400e-04	
8.964947e-02	1.200692e-04	
9.879623e-02	8.393965e-05	
1.600617e-01	1.471916e-04	
8.912172e-02	7.556204e-05	
1.200254e-01	1.491760e-04	
1.258010e-01	1.027959e-04	
1.876018e-01	1.184739e-04	
1.301372e-01	1.383328e-04	
1.647517e-01	9.820946e-05	
2.682800e-02	4.060327e-05	
9.163912e-02	4.626807e-05	
8.960062e-02	6.376105e-05	
1.693524e-01	9.583648e-05	
1.106893e-01	8.215117e-05	
6.795387e-02	8.438225e-05	
8.758075e-02	1.038221e-04	
1.514924e-01	1.312095e-04	
3.809253e-02	1.669189e-04	
1.002523e-01	1.422921e-04	
7.910151e-02	1.021050e-04	
2.094540e-02	1.580471e-04	
4.163798e-02	1.597175e-04	
1.898609e-01	1.284298e-04	
1.645786e-01	1.541986e-04	
2.318737e-01	1.310947e-04	
1.794162e-01	1.595769e-04	
1.049488e-01	1.928710e-04	
2.734325e-02	1.883376e-04	
1.360279e-01	1.221233e-04	
9.286743e-02	4.590330e-04	
2.821494e-01	1.314597e-04	
3.029109e-01	1.471617e-04	
2.598376e-01	2.998653e-04	
2.359226e-01	1.535909e-04	
1.487711e-01	1.615805e-04	
1.183790e-01	1.155527e-04	
6.414427e-02	2.579111e-04	
1.041244e-01	7.778656e-05	
7.565673e-02	1.035089e-04	
1.731989e-02	9.930206e-05	
1.724266e-01	1.208442e-04	
9.379900e-02	8.906752e-05	
4.435283e-02	1.112395e-04	
1.572448e-01	7.335570e-05	
2.537381e-01	9.450833e-05	
2.950613e-02	1.011888e-04	
3.294856e-02	1.667635e-05	
8.346473e-02	6.352890e-05	
1.137659e-01	1.197957e-04	
1.235366e-01	1.898307e-04	
1.237146e-01	1.734580e-04	
3.099776e-01	1.346961e-04	
1.914938e-01	1.250138e-04	
8.962501e-02	1.012149e-04	
2.201820e-01	1.955908e-04	
7.900513e-02	8.461756e-05	
1.966998e-01	7.611729e-05	
1.759593e-01	4.683018e-05	
6.921072e-02	5.294459e-05	
5.352800e-02	9.265289e-05	
8.155933e-02	1.161750e-04	
2.121144e-01	2.322154e-04	
2.933006e-01	2.882588e-04	
1.121365e-01	1.327407e-04	
1.378635e-01	8.075012e-05	
9.970705e-02	1.626467e-04	
5.424213e-02	1.410120e-04	
1.261946e-01	4.598226e-04	
3.247321e-01	2.118216e-04	
2.210949e-01	2.459740e-04	
2.446067e-01	3.127447e-04	
1.628326e-01	1.021279e-04	
1.200407e-01	1.013566e-04	
6.295857e-02	1.600758e-04	
1.269071e-01	2.108171e-04	
1.479654e-01	1.701472e-04	
1.320046e-01	1.661579e-04	
1.525167e-01	9.722072e-05	
1.958583e-01	1.090928e-04	
2.509706e-01	8.517898e-05	
1.902707e-01	5.734183e-05	
1.520233e-01	2.885518e-05	
1.359798e-01	4.548467e-05	
1.892067e-01	4.813259e-05	
1.092096e-02	6.457899e-05	
8.979534e-02	9.866428e-05	
2.223794e-01	1.033322e-04	
6.933132e-02	1.884112e-04	
2.013516e-01	1.704401e-04	
2.318838e-01	1.205710e-04	
1.159624e-01	1.256366e-04	
1.647164e-01	1.202800e-04	
6.233708e-02	1.437962e-04	
5.458257e-02	5.216744e-05	
3.821198e-02	7.263386e-05	
1.407346e-01	7.561219e-05	
6.096385e-02	7.399673e-05	
3.433948e-02	5.615555e-05	
4.191834e-02	9.801826e-05	
4.530944e-02	1.240436e-04	
2.355872e-01	2.178501e-04	
1.104388e-01	2.386423e-04	
8.418850e-02	2.132161e-04	
2.346529e-01	1.310380e-04	
8.552606e-02	2.872124e-04	
4.456330e-02	1.563812e-04	
3.170940e-01	7.687517e-05	
2.269571e-01	2.067612e-04	
3.372575e-02	1.185042e-04	
1.112912e-01	1.197902e-04	
1.529933e-01	9.382275e-05	
2.078224e-01	1.824011e-04	
8.543512e-02	1.668359e-04	
2.065296e-01	1.371872e-04	
2.282311e-01	1.417868e-04	
5.355117e-02	8.457128e-05	
1.065616e-01	7.122645e-05	
3.218840e-02	2.456941e-05	
7.631726e-02	6.582239e-05	
1.628391e-01	4.185973e-05	
2.721662e-02	5.807125e-05	
6.381730e-02	6.590073e-05	
3.245021e-02	6.582298e-05	
1.848468e-01	1.195682e-04	
1.797727e-01	1.112378e-04	
1.175847e-01	9.691635e-05	
1.356046e-01	1.785472e-04	
1.327741e-01	8.561559e-05	
4.139185e-02	1.340982e-04	
2.069634e-01	1.567690e-04	
4.785162e-02	9.111344e-05	
1.218370e-01	6.901627e-05	
2.051058e-01	7.011814e-05	
1.987334e-01	1.017701e-04	
1.457349e-01	1.016728e-04	
1.227215e-01	8.803872e-05	
8.857654e-02	1.385288e-04	
1.903428e-01	1.418434e-04	
1.818889e-01	2.021979e-04	
1.744895e-01	1.940767e-04	
8.726960e-02	1.225447e-04	
6.447996e-02	1.589593e-04	
1.185208e-01	2.062361e-04	
1.033612e-01	8.133541e-05	
2.156290e-01	1.374045e-04	
3.377273e-01	1.062719e-05	
1.350922e-01	2.003440e-04	
2.691261e-01	1.804198e-04	
1.053320e-01	1.558743e-04	
7.600811e-02	2.191886e-04	
1.576436e-02	1.203689e-04	
2.521157e-01	1.114562e-04	
2.879068e-02	1.669571e-04	
7.657513e-02	1.054657e-04	
1.560005e-01	7.436687e-05	
1.471217e-01	9.770433e-05	
1.250231e-01	6.927005e-05	
2.289565e-02	1.301974e-04	
3.140435e-02	1.018155e-04	
1.710232e-01	2.882563e-05	
1.747183e-01	8.548037e-05	
1.164455e-01	1.162719e-04	
1.231265e-01	1.250259e-04	
2.487353e-01	1.911314e-04	
1.094434e-01	9.496294e-05	
7.805636e-02	1.410494e-04	
6.957247e-02	1.009458e-04	
6.292149e-02	1.009145e-04	
1.893423e-01	9.257619e-05	
3.591172e-02	7.446166e-05	
2.120424e-01	9.440818e-05	
1.397062e-01	1.109837e-04	
1.183856e-01	9.021289e-05	
1.486594e-01	1.089354e-04	
1.338305e-01	1.491463e-04	
1.099139e-01	2.148564e-04	
1.192926e-01	1.776287e-04	
1.749097e-01	1.832688e-04	
1.853397e-01	2.311966e-04	
1.237414e-01	1.151193e-04	
1.377210e-01	2.300042e-04	
1.580215e-01	2.773185e-04	
2.014766e-01	1.937887e-04	
4.393887e-01	4.252210e-05	
1.013562e-01	1.632338e-04	
1.126343e-01	1.893071e-04	
9.071825e-02	2.389376e-04	
8.317376e-02	2.092363e-04	
1.548247e-01	1.943435e-04	
1.361765e-01	2.063555e-04	
1.380427e-01	1.668986e-04	
1.357976e-01	1.035166e-04	
9.888218e-02	9.485173e-05	
1.598573e-01	1.242018e-05	
1.998971e-01	2.975889e-05	
7.673048e-02	6.498564e-05	
1.783863e-01	6.567058e-05	
1.288907e-01	2.521156e-05	
1.654519e-01	7.787898e-05	
1.634466e-01	9.812446e-05	
6.540311e-02	1.481142e-04	
1.909703e-01	1.388535e-04	
1.576960e-01	8.432781e-05	
1.137053e-01	8.538860e-05	
1.114166e-01	5.916214e-05	
1.180818e-01	4.434508e-05	
4.307456e-02	5.990932e-05	
1.802776e-01	5.750625e-05	
1.507383e-01	8.429146e-05	
1.837461e-01	5.774737e-05	
2.329322e-01	5.348608e-05	
1.248341e-01	1.103643e-04	
1.885817e-01	1.437730e-04	
1.320305e-01	1.074494e-04	
7.536966e-02	1.549813e-04	
8.661754e-02	1.645135e-04	
3.011989e-02	3.215398e-04	
7.143882e-02	3.712866e-04	
4.007848e-02	2.959748e-04	
1.705915e-01	3.063927e-04	
2.480671e-01	7.717026e-05	
1.600019e-01	1.688615e-04	
2.661314e-01	2.930871e-04	
6.223438e-02	2.439304e-04	
1.482620e-01	1.938173e-04	
1.111706e-01	1.829302e-04	
2.021673e-01	1.438658e-04	
5.454305e-02	1.665077e-04	
1.398754e-01	1.002616e-04	
1.352834e-01	6.677458e-05	
8.127533e-02	8.204854e-05	
7.351245e-02	3.689127e-05	
1.274291e-01	7.573062e-05	
9.611795e-02	9.058387e-05	
1.231096e-01	1.051718e-04	
1.795619e-01	1.012891e-04	
8.147496e-02	1.216195e-04	
1.528508e-01	1.318596e-04	
3.668315e-02	1.352028e-04	
5.477844e-02	8.253482e-05	
2.171740e-01	8.773542e-05	
2.141230e-01	8.084946e-05	
1.752297e-01	1.787766e-05	
9.119757e-02	1.654654e-05	
2.150015e-01	1.325042e-05	
1.421229e-01	2.556974e-05	
2.537341e-01	4.433030e-05	
1.369117e-01	3.398116e-05	
9.909787e-02	4.021131e-05	
2.919022e-02	8.654201e-05	
1.096022e-01	1.002273e-04	
8.141163e-02	9.333469e-05	
1.133749e-01	1.501857e-04	
1.283190e-01	1.682690e-04	
9.807469e-02	3.213334e-04	
1.783234e-01	2.678816e-04	
2.152322e-01	4.215364e-04	
1.416398e-01	6.001296e-04	
3.526167e-01	4.426326e-06	
3.253682e-01	1.155137e-04	
1.229713e-01	1.360488e-04	
2.780636e-02	3.482473e-04	
3.263981e-02	1.492481e-04	
8.265587e-02	1.498700e-04	
1.325315e-01	5.185197e-05	
9.036278e-02	1.069007e-04	
1.927615e-01	5.549928e-05	
9.227306e-02	2.147942e-04	
1.644323e-01	2.302599e-04	
1.182416e-01	1.512901e-04	
1.126937e-01	1.076345e-04	
4.542799e-02	8.263705e-05	
1.310120e-01	8.001400e-05	
1.255889e-01	1.195926e-04	
1.154933e-01	1.065085e-04	
1.494586e-01	1.505444e-04	
1.009598e-01	7.593381e-05	
1.036132e-01	8.453557e-05	
1.863091e-01	8.509348e-05	
1.129892e-01	7.161116e-05	
1.435867e-01	4.710343e-05	
7.081033e-02	2.695800e-06	
4.080910e-02	2.361368e-05	
1.742736e-01	3.461622e-05	
1.113596e-01	6.898048e-05	
1.709504e-01	1.204705e-04	
2.262829e-01	5.622306e-05	
5.320366e-02	7.710315e-05	
6.711298e-02	8.961210e-05	
4.983786e-02	1.433382e-04	
6.757176e-02	1.869931e-04	
2.789273e-02	1.679969e-04	
1.018642e-01	1.428959e-04	
1.258889e-01	2.751697e-04	
1.297846e-01	3.604524e-04	
6.320085e-02	5.622138e-04	
2.788921e-01	6.796420e-04	
4.362200e-01	2.867930e-04	
7.509015e-02	2.998940e-04	
3.776310e-02	3.656933e-04	
2.508432e-01	1.671234e-04	
1.723339e-01	1.296313e-04	
1.007539e-01	5.841165e-05	
1.348965e-01	8.029428e-05	
9.591760e-02	1.599382e-04	
5.548046e-02	1.825966e-04	
1.604444e-01	1.989403e-04	
1.128993e-01	1.500437e-04	
1.126059e-01	1.223794e-04	
1.599675e-01	9.432289e-05	
1.411442e-01	9.588068e-05	
1.589743e-01	7.007578e-05	
1.783536e-01	8.659822e-05	
4.200035e-02	9.541025e-05	
1.774727e-01	8.628219e-05	
7.096305e-02	9.498272e-05	
1.060652e-01	1.122201e-04	
1.426857e-01	7.927461e-05	
1.251306e-01	8.299619e-05	
1.078251e-01	2.382494e-05	
2.402855e-01	4.454536e-05	
1.610753e-01	1.015902e-04	
1.159670e-01	8.812108e-05	
9.180110e-02	1.168742e-04	
4.740053e-02	6.696639e-05	
1.201379e-01	9.037654e-05	
8.658343e-02	1.142380e-04	
1.302481e-01	8.716899e-05	
1.486062e-01	1.848177e-04	
1.869517e-01	1.725899e-04	
6.344743e-02	3.074157e-04	
1.316433e-01	2.268069e-04	
3.412565e-02	2.508526e-04	
3.979190e-02	5.232968e-04	
3.475915e-01	2.652080e-04	
2.796412e-01	3.202428e-04	
9.415657e-02	2.792803e-04	
1.437981e-01	3.045464e-04	
9.778030e-02	2.060077e-04	
1.290855e-01	1.554861e-04	
1.000068e-01	3.307594e-04	
7.819320e-02	1.947662e-04	
5.493522e-02	1.506980e-04	
9.384350e-02	1.481934e-04	
1.247730e-01	1.780794e-04	
9.350959e-02	1.506381e-04	
1.278603e-01	1.583899e-04	
2.383840e-02	1.495000e-04	
1.929015e-02	1.053218e-04	
1.669967e-01	1.004287e-04	
1.837847e-01	1.051191e-04	
9.649584e-02	7.143085e-05	
2.874445e-02	5.169425e-05	
8.216268e-02	6.192146e-05	
3.566201e-02	1.580148e-05	
3.667481e-02	4.604641e-05	
1.296312e-01	2.858735e-05	
5.572519e-02	2.669614e-05	
7.200599e-02	6.023164e-05	
2.156824e-01	7.319323e-05	
1.967822e-01	5.228274e-05	
1.591536e-02	8.085524e-05	
1.297594e-01	5.429827e-05	
9.300802e-02	7.790747e-05	
3.055655e-01	7.926693e-05	
8.004934e-02	8.060450e-05	
1.933955e-01	2.028199e-04	
1.835889e-01	1.201267e-04	
1.017647e-01	2.242914e-04	
1.461042e-01	3.947441e-04	
2.078665e-01	3.416515e-04	
1.557234e-01	4.295567e-04	
3.247319e-01	3.040008e-04	
1.775480e-01	4.383178e-04	
6.559423e-02	4.170369e-04	
8.241721e-02	3.724755e-04	
2.298197e-01	3.357833e-04	
4.472139e-02	3.221480e-04	
9.550562e-02	3.485060e-04	
3.383494e-02	2.018817e-04	
8.212716e-02	1.617639e-04	
1.113006e-01	1.450445e-04	
1.523458e-01	2.045916e-04	
1.318727e-01	1.803753e-04	
9.199153e-02	1.791063e-04	
1.093658e-01	1.364162e-04	
2.053856e-01	7.826394e-05	
8.272405e-02	9.599039e-05	
2.397499e-01	5.082788e-05	
1.212451e-01	8.201517e-05	
9.254284e-02	3.391053e-05	
8.303819e-02	6.739027e-05	
7.744920e-02	3.729342e-05	
5.945524e-02	7.627655e-05	
1.998675e-01	6.717122e-05	
1.227583e-01	5.563179e-05	
1.947060e-01	8.740887e-05	
1.633880e-01	6.384938e-05	
1.435091e-01	1.385072e-04	
1.347113e-01	1.082701e-04	
1.737460e-01	8.452215e-05	
5.782324e-02	1.178421e-04	
1.513772e-02	5.833411e-05	
9.343372e-02	1.061283e-04	
6.356698e-02	1.893807e-04	
1.077789e-01	9.477681e-05	
4.359540e-02	2.450466e-04	
6.353777e-02	2.909347e-04	
1.566315e-01	3.171113e-04	
3.160020e-01	4.398385e-04	
2.935297e-01	4.723781e-04	
2.151712e-01	4.966806e-04	
3.328819e-02	5.195972e-04	
3.130834e-02	4.973953e-04	
1.364676e-01	3.216522e-04	
2.421130e-01	2.716038e-04	
2.089810e-01	2.323530e-04	
8.715410e-02	2.563517e-04	
4.716235e-02	1.955150e-04	
7.006767e-02	1.630202e-04	
1.688506e-01	1.897109e-04	
1.069524e-01	9.398474e-05	
2.433789e-01	1.724938e-04	
8.870650e-02	1.129368e-04	
1.597121e-01	7.417637e-05	
8.674996e-02	5.897375e-05	
1.985053e-01	1.336279e-05	
1.544311e-01	2.939991e-05	
2.055145e-01	5.861218e-05	
1.759909e-01	5.523915e-05	
9.080651e-02	4.284406e-05	
9.265925e-02	8.342283e-05	
1.450351e-01	5.347685e-05	
1.482997e-01	1.433639e-05	
1.506532e-01	5.588770e-05	
7.885872e-02	5.084018e-05	
9.411377e-02	8.791132e-05	
1.480571e-01	6.389380e-05	
1.742747e-01	9.897667e-05	
7.263497e-02	1.215646e-04	
8.649051e-02	1.168166e-04	
7.346867e-02	6.784940e-05	
2.718634e-02	1.498554e-04	
1.650698e-01	2.024331e-04	
2.709644e-02	1.052299e-04	
1.923046e-01	2.489350e-04	
2.854541e-01	1.023887e-04	
2.336202e-02	5.360174e-04	
3.212928e-01	6.134441e-04	
3.017494e-01	1.626202e-04	
1.641977e-01	4.424782e-04	
4.435917e-02	4.402630e-04	
8.287276e-02	5.059017e-04	
1.255115e-01	3.903106e-04	
1.958889e-01	2.988122e-04	
3.656617e-01	2.287851e-04	
1.573868e-01	1.702726e-04	
4.061619e-02	2.357322e-04	
5.546077e-02	1.162814e-04	
6.357655e-02	1.018896e-04	
1.147808e-01	1.477434e-04	
2.263844e-01	1.052783e-04	
1.210199e-01	7.858682e-05	
8.938858e-02	3.635080e-05	
1.405728e-01	4.726849e-05	
7.531047e-02	4.825190e-05	
1.887967e-01	6.441181e-05	
5.261234e-02	6.381911e-05	
1.640351e-01	5.184357e-05	
1.214986e-01	7.498130e-05	
9.418564e-02	7.904820e-05	
1.710926e-01	9.154673e-05	
2.039502e-01	6.191958e-05	
6.425874e-02	9.817142e-05	
6.635098e-02	9.072867e-05	
1.117915e-01	1.177855e-04	
1.122339e-01	9.194424e-05	
9.629795e-02	2.715775e-05	
7.812650e-02	9.974579e-05	
7.958069e-02	1.282533e-04	
6.642962e-02	3.934254e-05	
6.025453e-02	1.155220e-04	
1.000906e-01	1.226447e-04	
8.066831e-02	2.753140e-04	
1.050290e-01	2.795607e-04	
1.324847e-01	3.732257e-04	
2.724461e-01	3.028467e-04	
2.073102e-01	4.942101e-04	
9.381716e-02	3.881578e-04	
5.096099e-02	3.698223e-04	
4.019606e-02	3.169586e-04	
1.251351e-01	4.064020e-04	
1.904710e-01	3.565741e-04	
1.333397e-01	2.367742e-04	
1.689015e-01	1.563755e-04	
7.869915e-02	1.599007e-04	
1.766350e-02	9.180289e-05	
2.094562e-01	1.198453e-04	
2.159665e-01	6.442717e-05	
1.485308e-01	8.218546e-05	
2.070667e-01	1.213027e-04	
7.811546e-02	2.018658e-05	
1.399887e-01	4.477723e-05	
1.007562e-01	4.901699e-05	
1.436524e-01	8.233301e-05	
2.151783e-01	2.931725e-05	
2.553282e-02	5.075651e-05	
1.640473e-01	2.135978e-05	
1.115135e-01	6.599690e-05	
9.598291e-02	9.978855e-05	
8.467971e-02	7.468889e-05	
4.125590e-02	1.141653e-04	
2.108714e-01	1.433059e-04	
1.149033e-02	1.186792e-04	
5.584886e-02	7.607753e-05	
7.111698e-02	6.393816e-05	
1.298061e-01	5.871950e-05	
8.335998e-02	1.219876e-04	
1.011502e-01	2.689099e-05	
3.829592e-02	8.352116e-05	
1.441648e-02	9.313407e-05	
1.350388e-01	1.398594e-04	
1.248847e-01	1.742478e-04	
1.741933e-01	2.500368e-04	
5.006377e-01	3.826830e-04	
3.109266e-01	1.600244e-04	
1.223808e-01	5.874957e-04	
1.887699e-01	4.705224e-04	
1.487442e-01	4.117143e-04	
1.569477e-01	4.204527e-04	
7.425317e-02	3.275502e-04	
1.639139e-01	1.532942e-04	
1.938018e-01	1.481757e-04	
1.865699e-01	1.369120e-04	
1.459940e-01	1.332111e-04	
1.056779e-01	1.260721e-04	
1.424170e-01	7.551972e-05	
1.006855e-01	7.706992e-05	
1.979277e-01	4.944278e-05	
6.384424e-02	9.596678e-05	
5.134459e-02	1.166941e-04	
2.025726e-01	7.813647e-05	
2.202811e-01	7.632372e-05	
2.035022e-01	1.075037e-04	
9.508681e-02	1.045171e-04	
1.241267e-01	9.029506e-05	
1.286037e-01	1.038208e-04	
1.342031e-01	1.044533e-04	
1.546275e-01	6.042343e-05	
1.851727e-01	7.948582e-05	
2.075622e-01	1.031092e-04	
7.010794e-02	1.240692e-04	
1.238142e-01	7.276590e-05	
3.301532e-02	9.280460e-05	
9.377231e-02	1.041599e-04	
8.876627e-02	7.817022e-05	
2.543814e-02	7.321932e-05	
1.668595e-01	1.004168e-04	
2.054422e-01	9.148114e-05	
1.005133e-01	1.887760e-05	
1.168920e-01	1.683675e-04	
7.847242e-02	3.047406e-04	
3.237531e-01	6.136546e-04	
2.614993e-01	4.931843e-04	
2.733615e-01	2.270947e-04	
2.278950e-01	4.166279e-04	
1.712349e-01	3.932751e-04	
4.733068e-02	5.159886e-04	
1.575143e-01	2.204409e-04	
1.480194e-01	2.602759e-04	
1.659927e-01	2.713242e-04	
1.293915e-01	1.553164e-04	
1.344986e-01	1.385529e-04	
1.007137e-01	1.592914e-04	
1.372726e-01	8.041544e-05	
1.645021e-01	7.927937e-05	
5.652897e-02	6.460153e-05	
2.799112e-02	1.265125e-04	
1.090200e-01	1.164717e-04	
1.706552e-01	1.098035e-04	
1.302294e-01	1.029269e-04	
1.346926e-01	9.643063e-05	
4.186713e-03	1.074394e-04	
7.188206e-02	3.306054e-05	
2.555723e-01	2.087656e-05	
6.416766e-02	9.476024e-05	
1.588772e-01	6.530583e-05	
1.415524e-01	6.004767e-05	
9.730247e-02	1.409000e-04	
3.655537e-02	1.136110e-04	
1.594205e-01	6.413111e-05	
6.682665e-02	7.062889e-05	
3.598251e-02	9.160779e-05	
5.511667e-02	1.335603e-04	
1.699571e-01	6.324274e-05	
3.935425e-02	6.708973e-05	
1.020225e-01	1.297421e-04	
1.837036e-01	1.615503e-04	
1.533604e-01	3.272726e-04	
1.334343e-01	3.151317e-04	
2.555159e-01	2.909907e-04	
4.046632e-01	5.045055e-04	
2.628875e-01	5.870694e-04	
1.094510e-01	2.370747e-04	
1.645746e-01	5.174872e-04	
2.238038e-01	4.237372e-04	
1.028421e-01	1.763570e-04	
4.793517e-02	1.839008e-04	
2.015221e-01	8.652076e-05	
1.510070e-01	1.531525e-04	
2.651263e-01	1.201499e-04	
5.972331e-02	1.002968e-04	
7.877186e-02	1.129968e-04	
1.165340e-01	9.781046e-05	
1.378273e-01	1.921903e-05	
1.476483e-01	1.918724e-05	
2.875729e-01	1.192210e-04	
2.593257e-01	6.259221e-05	
5.602200e-02	4.627786e-05	
6.994764e-02	4.455452e-05	
1.831443e-01	1.105812e-04	
1.157411e-01	1.544036e-05	
1.125502e-01	9.767895e-05	
1.773542e-01	1.406096e-04	
6.331994e-02	1.525096e-04	
7.016569e-02	1.430394e-04	
9.591610e-02	1.447857e-04	
1.147243e-01	1.147251e-04	
7.810588e-02	1.401836e-04	
2.008726e-01	1.188670e-04	
1.189424e-01	7.192884e-05	
1.214140e-01	8.171947e-05	
6.775224e-02	4.706391e-05	
9.784836e-02	7.764550e-06	
3.931822e-02	5.820159e-05	
7.951811e-02	1.756180e-04	
8.951437e-02	1.809443e-05	
1.292490e-01	1.853136e-04	
2.586913e-01	1.488390e-04	
2.902717e-01	6.468533e-04	
1.638504e-01	5.553012e-04	
3.823524e-02	3.786147e-04	
1.633862e-01	3.078776e-04	
2.331608e-01	1.869094e-04	
2.060492e-01	1.556930e-04	
2.336415e-01	1.582713e-04	
1.309166e-01	1.446247e-04	
4.941149e-02	1.044907e-04	
1.243825e-01	1.437395e-04	
1.953395e-01	1.025196e-04	
1.526151e-01	8.258114e-05	
2.911653e-02	1.123868e-04	
4.642831e-02	6.539204e-05	
1.124940e-01	5.085088e-05	
1.774495e-01	9.264348e-05	
9.194765e-02	9.436256e-05	
8.916772e-02	1.503172e-04	
9.666200e-02	1.569194e-04	
5.068808e-02	2.192915e-04	
1.248623e-01	1.666843e-04	
1.532517e-01	1.243063e-04	
5.919524e-02	1.200087e-04	
1.578894e-01	1.362958e-04	
1.568014e-01	1.180498e-04	
8.124142e-02	1.284323e-04	
6.508121e-02	9.095631e-05	
7.274049e-02	1.229608e-04	
4.698786e-02	1.058492e-04	
3.147616e-02	8.241504e-05	
4.616036e-02	7.420001e-05	
2.043084e-01	8.162552e-05	
1.722705e-01	1.663525e-05	
1.139527e-01	3.715342e-08	
4.169825e-02	7.329279e-05	
4.883902e-02	3.720162e-06	
1.568294e-01	1.538471e-04	
4.030345e-01	5.133411e-04	
3.096122e-01	6.983210e-04	
8.920802e-02	5.426429e-04	
2.040907e-01	3.787315e-04	
2.614663e-01	3.708064e-04	
2.442794e-01	1.909667e-04	
4.307407e-02	1.048404e-04	
1.869490e-01	1.861838e-04	
6.202957e-02	1.944574e-04	
2.501544e-01	1.373288e-04	
2.092595e-01	1.312243e-04	
1.277236e-01	1.042891e-04	
9.357376e-02	1.265220e-04	
1.227999e-01	8.095028e-05	
1.053049e-01	8.974624e-05	
1.542281e-01	6.089576e-05	
1.652996e-01	9.273358e-05	
1.430734e-01	1.113299e-04	
7.983800e-02	1.447648e-04	
2.244319e-01	9.848103e-05	
1.075814e-01	1.941401e-04	
8.008372e-02	1.618856e-04	
1.487196e-01	1.186794e-04	
1.520988e-01	6.932679e-05	
8.667424e-02	1.689973e-04	
1.302389e-01	1.586181e-04	
2.012926e-01	8.415491e-05	
1.931620e-01	1.579741e-04	
1.989613e-01	7.569839e-05	
1.593974e-01	1.173803e-04	
1.277664e-01	6.956939e-05	
3.527504e-02	4.863895e-06	
1.494368e-01	6.382361e-05	
1.025101e-01	8.857610e-06	
1.459171e-01	3.911079e-05	
7.272630e-02	6.287564e-06	
1.848458e-02	9.585952e-06	
1.157981e-01	6.046963e-05	
2.881279e-01	8.447511e-05	
2.829572e-01	1.651560e-04	
1.470568e-01	4.448615e-04	
2.597029e-01	3.075705e-04	
2.059054e-01	3.058566e-04	
4.043657e-02	2.400792e-04	
1.758738e-01	2.128899e-04	
1.508272e-01	1.736889e-04	
1.831286e-01	1.221712e-04	
1.128380e-01	7.323413e-05	
1.140532e-01	6.081053e-05	
1.211995e-01	6.477716e-05	
1.713144e-01	6.875081e-05	
3.916304e-02	6.296177e-05	
1.624096e-01	1.520744e-05	
4.399418e-03	5.449370e-05	
1.443004e-01	4.881722e-05	
7.744409e-02	1.121654e-04	
2.535266e-01	8.092880e-05	
2.333979e-01	8.301904e-05	
9.298673e-02	1.253521e-04	
2.309296e-01	1.547091e-04	
1.207971e-01	5.570801e-05	
1.910841e-01	7.805648e-05	
1.467319e-01	1.074638e-04	
2.713227e-01	1.235949e-04	
9.704475e-02	9.352758e-05	
8.086596e-02	1.546204e-04	
9.991201e-02	1.577523e-04	
1.198348e-01	9.234270e-05	
1.112910e-01	7.236397e-05	
1.673225e-01	1.934413e-05	
1.137493e-01	2.378727e-05	
7.602909e-02	1.536230e-05	
5.829440e-02	3.690433e-05	
4.310632e-02	2.208585e-05	
9.420254e-02	4.387858e-05	
1.296346e-01	8.631847e-05	
2.395268e-01	1.368731e-04	
3.445725e-01	5.383280e-04	
1.564568e-01	1.701756e-04	
1.032482e-01	2.693017e-04	
2.200165e-02	2.943624e-04	
1.412289e-01	1.630820e-04	
2.477708e-02	1.496644e-04	
9.803177e-02	1.866062e-04	
2.175808e-01	1.204480e-04	
1.368411e-01	1.246330e-04	
8.952486e-02	2.926320e-05	
6.718692e-02	8.848627e-05	
1.420790e-01	5.907942e-05	
4.933103e-02	5.227908e-06	
8.143280e-02	3.349810e-05	
1.148887e-01	6.599342e-05	
1.044088e-01	6.533207e-05	
2.718701e-01	4.478307e-05	
1.623576e-01	7.826791e-05	
6.890854e-02	9.839024e-05	
1.392867e-01	1.320440e-04	
9.090288e-02	9.478545e-05	
2.374644e-01	8.985490e-05	
1.036338e-01	6.108036e-05	
1.007832e-01	6.062455e-05	
5.213573e-02	7.116361e-05	
1.575354e-01	9.560075e-05	
1.546016e-01	9.427976e-05	
1.850707e-01	4.332521e-05	
1.029289e-01	7.021946e-05	
2.698644e-02	8.083524e-05	
3.283869e-02	6.396127e-05	
6.688049e-02	8.509638e-05	
8.246591e-02	8.365572e-05	
4.461019e-02	1.043312e-04	
5.941934e-02	2.097396e-05	
5.570642e-02	1.371903e-04	
2.299456e-02	2.242151e-04	
3.985582e-01	2.579813e-04	
4.214264e-01	5.888084e-04	
1.080244e-01	4.285134e-04	
1.103457e-01	4.007804e-04	
9.782564e-02	2.783395e-04	
7.851138e-02	9.912021e-05	
4.344746e-02	3.451318e-05	
1.241489e-01	2.411578e-06	
7.185665e-02	8.228740e-05	
1.573471e-01	1.277890e-04	
3.835278e-02	9.789288e-06	
9.531406e-02	9.848044e-06	
1.803166e-01	5.789206e-06	
1.640373e-01	3.953907e-05	
6.458606e-02	9.845516e-05	
1.317907e-01	5.385933e-05	
1.367699e-01	4.518934e-05	
1.865916e-01	5.886742e-05	
4.791290e-02	9.711964e-05	
5.409183e-02	1.038939e-04	
7.981107e-02	1.201189e-04	
1.169655e-01	9.517862e-05	
1.586619e-01	9.836025e-05	
9.306352e-02	9.606915e-05	
3.732866e-02	5.852667e-05	
3.605652e-02	8.865655e-05	
8.606306e-02	4.620482e-05	
3.496350e-02	4.562700e-05	
7.733454e-02	1.733367e-05	
2.205295e-01	7.883291e-05	
6.312010e-02	1.114703e-04	
4.130989e-02	4.317378e-05	
1.462525e-01	1.806137e-05	
7.815073e-02	1.135085e-04	
8.042294e-02	4.353651e-05	
1.789124e-01	8.728977e-05	
7.921722e-02	2.613856e-05	
1.272123e-01	1.009299e-04	
2.286648e-01	5.465488e-04	
2.656322e-01	6.078099e-04	
8.621199e-02	2.688618e-04	
1.131719e-01	2.394581e-04	
9.342313e-02	2.749358e-04	
6.439746e-02	1.419416e-04	
1.985526e-01	1.273497e-05	
1.995924e-01	2.021672e-05	
8.679641e-02	1.491800e-05	
2.184322e-01	4.141106e-05	
1.229703e-01	1.123954e-05	
1.363178e-01	4.852311e-05	
1.117251e-01	4.643461e-05	
1.764140e-01	8.519276e-05	
1.306817e-01	9.350381e-05	
8.889234e-02	5.435872e-05	
1.225002e-01	6.178100e-05	
2.011353e-01	8.997279e-06	
1.107251e-01	1.022128e-04	
2.431158e-01	1.155469e-04	
4.776085e-02	9.252867e-05	
7.944807e-02	1.053376e-04	
1.015045e-01	1.094387e-04	
1.911294e-01	1.002738e-04	
1.928795e-01	9.793202e-05	
2.175623e-01	5.062345e-05	
1.230015e-01	7.062763e-05	
9.600192e-02	3.924303e-05	
1.613139e-01	4.034618e-05	
3.580563e-02	5.481589e-05	
4.318589e-02	6.095573e-05	
9.950791e-02	1.304815e-05	
1.269072e-01	5.550439e-05	
2.716306e-01	1.479146e-05	
1.746772e-01	5.854101e-05	
2.002782e-01	7.846063e-05	
8.045781e-02	1.431572e-04	
4.517258e-02	3.511010e-04	
3.084440e-01	5.088511e-04	
3.397255e-01	7.842772e-05	
2.105731e-01	1.690133e-04	
7.128833e-02	9.264880e-05	
4.329239e-02	2.298002e-04	
1.335310e-01	1.247667e-04	
8.051671e-02	7.376326e-05	
9.216335e-02	5.069782e-05	
9.874292e-02	6.199522e-05	
1.298773e-01	7.046832e-05	
1.116077e-01	2.641432e-05	
5.157411e-02	1.857655e-05	
1.658862e-01	3.711941e-05	
1.167101e-01	5.238751e-05	
4.584297e-02	7.085937e-05	
9.769852e-02	4.549330e-06	
5.249388e-02	7.341337e-06	
1.775580e-01	2.151621e-05	
1.084409e-01	7.471234e-05	
2.484855e-01	9.378381e-05	
9.195082e-02	1.942755e-05	
1.736310e-01	5.262739e-06	
9.422872e-02	1.214098e-04	
1.281861e-01	5.258320e-05	
1.767902e-01	5.134103e-05	
1.503367e-01	6.251642e-05	
1.038225e-01	2.005042e-05	
2.154865e-01	2.991852e-05	
1.248548e-01	8.684348e-05	
7.390189e-02	5.287724e-05	
1.847727e-01	7.980905e-05	
5.503120e-02	8.129322e-05	
1.673716e-01	3.791553e-05	
1.701132e-01	3.884873e-05	
8.392898e-02	3.462697e-05	
2.316707e-01	1.196470e-04	
1.085277e-01	5.455685e-05	
1.691552e-01	1.000167e-05	
2.125989e-01	1.622445e-04	
3.075736e-01	2.317475e-04	
1.582360e-01	1.501242e-04	
1.631390e-01	2.697380e-04	
1.540005e-01	2.321447e-04	
1.528670e-01	2.344476e-04	
1.135765e-01	4.439061e-05	
9.519361e-02	5.039102e-05	
7.111289e-02	6.901710e-05	
8.322284e-02	3.726093e-06	
1.880888e-02	3.227124e-05	
1.468962e-02	7.627488e-06	
1.403253e-01	9.422153e-06	
9.759349e-02	5.046899e-06	
1.160977e-01	1.035522e-05	
2.055745e-01	1.467565e-05	
7.499242e-02	3.993279e-06	
5.873330e-02	1.250855e-05	
1.168733e-01	2.138620e-05	
2.384556e-01	1.694632e-06	
2.022307e-01	1.693021e-05	
1.554591e-01	1.032547e-05	
1.249150e-01	1.036995e-04	
1.836881e-01	4.779959e-05	
7.020755e-02	4.434802e-05	
1.200183e-01	5.701356e-05	
2.014980e-01	2.218098e-05	
9.654219e-02	2.663307e-05	
1.022566e-01	7.158872e-05	
8.258391e-02	1.121504e-04	
1.456591e-01	4.298086e-05	
1.899824e-01	6.549708e-05	
8.022779e-02	3.143712e-05	
1.554588e-01	1.011843e-04	
1.321699e-01	2.054936e-05	
8.459173e-02	1.413679e-05	
1.918658e-01	1.314627e-04	
1.769330e-01	7.656264e-05	
2.159281e-01	3.145024e-04	
4.195630e-01	2.439190e-04	
2.907573e-01	1.959749e-04	
2.764059e-01	1.227805e-04	
2.819081e-01	6.493128e-05	
6.090417e-02	1.619713e-04	
1.737737e-01	5.670736e-06	
1.610366e-01	2.776759e-05	
3.083407e-01	3.817072e-05	
2.307570e-01	1.325597e-05	
2.360128e-01	7.827338e-06	
1.438959e-01	1.689682e-06	
4.855697e-01	1.664773e-05	
4.061359e-01	2.595461e-05	
2.683841e-01	1.047249e-05	
4.197238e-01	1.943765e-05	
3.728219e-01	3.577308e-06	
3.699471e-01	5.434171e-05	
3.942268e-01	9.951576e-06	
4.821833e-01	1.520432e-05	
3.048586e-01	2.909720e-05	
3.960745e-01	1.140853e-05	
1.304252e-01	7.480185e-05	
2.873641e-01	2.720419e-05	
3.451064e-01	3.547226e-05	
3.539028e-01	5.165985e-05	
4.644027e-01	2.709462e-05	
3.632217e-01	3.350082e-05	
1.941134e-01	7.070502e-05	
4.178713e-01	1.538472e-05	
2.168639e-01	8.048352e-06	
6.543542e-02	2.491628e-05	
1.723882e-01	7.837081e-05	
3.556845e-01	1.471700e-05	
3.892039e-01	4.519789e-06	
2.064706e-01	2.428808e-05	
2.397090e-01	6.857935e-06	
3.674612e-01	5.080992e-05	
3.326443e-01	4.153487e-04	
