0	0
0.0256410256410256	0
0.0512820512820513	0
0.0769230769230769	0
0.102564102564103	0
0.128205128205128	0
0.153846153846154	0
0.179487179487179	0
0.205128205128205	0
0.230769230769231	0
0.256410256410256	0
0.282051282051282	0
0.307692307692308	0
0.333333333333333	0
0.358974358974359	0
0.384615384615385	0
0.41025641025641	0
0.435897435897436	0
0.461538461538462	0
0.487179487179487	0
0.512820512820513	0
0.538461538461538	0
0.564102564102564	0
0.58974358974359	0
0.615384615384615	0
0.641025641025641	0
0.666666666666667	0
0.692307692307692	0
0.717948717948718	0
0.743589743589744	0
0.769230769230769	0
0.794871794871795	0
0.82051282051282	0
0.846153846153846	0
0.871794871794872	0
0.897435897435897	0
0.923076923076923	0
0.948717948717949	0
0.974358974358974	0
1	0
0	1
0.0256410256410256	1
0.0512820512820513	1
0.0769230769230769	1
0.102564102564103	1
0.128205128205128	1
0.153846153846154	1
0.179487179487179	1
0.205128205128205	1
0.230769230769231	1
0.256410256410256	1
0.282051282051282	1
0.307692307692308	1
0.333333333333333	1
0.358974358974359	1
0.384615384615385	1
0.41025641025641	1
0.435897435897436	1
0.461538461538462	1
0.487179487179487	1
0.512820512820513	1
0.538461538461538	1
0.564102564102564	1
0.58974358974359	1
0.615384615384615	1
0.641025641025641	1
0.666666666666667	1
0.692307692307692	1
0.717948717948718	1
0.743589743589744	1
0.769230769230769	1
0.794871794871795	1
0.82051282051282	1
0.846153846153846	1
0.871794871794872	1
0.897435897435897	1
0.923076923076923	1
0.948717948717949	1
0.974358974358974	1
1	1
0	0.0256410256410256
0	0.0512820512820513
0	0.0769230769230769
0	0.102564102564103
0	0.128205128205128
0	0.153846153846154
0	0.179487179487179
0	0.205128205128205
0	0.230769230769231
0	0.256410256410256
0	0.282051282051282
0	0.307692307692308
0	0.333333333333333
0	0.358974358974359
0	0.384615384615385
0	0.41025641025641
0	0.435897435897436
0	0.461538461538462
0	0.487179487179487
0	0.512820512820513
0	0.538461538461538
0	0.564102564102564
0	0.58974358974359
0	0.615384615384615
0	0.641025641025641
0	0.666666666666667
0	0.692307692307692
0	0.717948717948718
0	0.743589743589744
0	0.769230769230769
0	0.794871794871795
0	0.82051282051282
0	0.846153846153846
0	0.871794871794872
0	0.897435897435897
0	0.923076923076923
0	0.948717948717949
0	0.974358974358974
1	0.0256410256410256
1	0.0512820512820513
1	0.0769230769230769
1	0.102564102564103
1	0.128205128205128
1	0.153846153846154
1	0.179487179487179
1	0.205128205128205
1	0.230769230769231
1	0.256410256410256
1	0.282051282051282
1	0.307692307692308
1	0.333333333333333
1	0.358974358974359
1	0.384615384615385
1	0.41025641025641
1	0.435897435897436
1	0.461538461538462
1	0.487179487179487
1	0.512820512820513
1	0.538461538461538
1	0.564102564102564
1	0.58974358974359
1	0.615384615384615
1	0.641025641025641
1	0.666666666666667
1	0.692307692307692
1	0.717948717948718
1	0.743589743589744
1	0.769230769230769
1	0.794871794871795
1	0.82051282051282
1	0.846153846153846
1	0.871794871794872
1	0.897435897435897
1	0.923076923076923
1	0.948717948717949
1	0.974358974358974
0.0236369424290327	0.0313746002631831
0.0569739292304487	0.028201646015749
0.0754022942373954	0.0193146937051384
0.103345810049853	0.02025416976902
0.129417528563823	0.0243207106631525
0.147689419008639	0.0268761389839347
0.182615570683483	0.024015501612535
0.204292511023245	0.0278020690468771
0.231541993853514	0.0296955173017497
0.251702212926344	0.0303814003516317
0.287368276951177	0.0242655801282018
0.30904426624955	0.019466985925356
0.327590004551141	0.0281185099974199
0.355694331339824	0.0292882812569084
0.383783670509793	0.0269759029440361
0.411927031102555	0.0293005219048848
0.436490697704	0.0237120521925622
0.456634586211186	0.0285137401479875
0.484718505097719	0.0269451563760005
0.514099525873772	0.026041467887176
0.543957283400583	0.0262617266370115
0.566449636658844	0.0207790713718124
0.584476415248958	0.0305134108021987
0.619810940986066	0.0319831945715072
0.644402203864527	0.0274083127140626
0.660830147419141	0.0288025495669867
0.692388304715185	0.0262042180381177
0.718429163526037	0.0200658118588789
0.746008705324746	0.027370504274297
0.764594511139166	0.0292317950855079
0.793116772715295	0.0221300544395456
0.823814750657115	0.0215766807195676
0.847969298098031	0.0275823154871428
0.871113596922084	0.0305124392365135
0.901699847463254	0.0228285777595841
0.916917859839115	0.0257343869224635
0.945431074267806	0.0237880088109759
0.976933234682893	0.0277186316598109
0.0288063939439885	0.0496741116875808
0.0489163124565934	0.0567858638234109
0.07218751124726	0.0456793966833359
0.107053176666539	0.0485282789942482
0.132529401361627	0.0490212509340839
0.157388857811725	0.0567916132125731
0.173123505969064	0.0510823682086929
0.204702336251286	0.0554659241149517
0.225974928704351	0.0489982928721238
0.259438109414936	0.0522789343592856
0.287379611131042	0.0533356636782197
0.302515435078213	0.0546930513476504
0.328265678312906	0.0481706639190486
0.364301408494741	0.0563510618550765
0.386431315577677	0.0472924851759217
0.411488534842764	0.0508262082493552
0.438120515170073	0.0556979035329723
0.46604532259835	0.0503484632489153
0.492122853751087	0.0550378391114654
0.518850102967175	0.0501641583379863
0.532068514790807	0.0504753438616357
0.567126510521771	0.051497431199788
0.59298347602609	0.0551602080504922
0.609623664440488	0.054975179680689
0.638445040972891	0.0532054647312875
0.66376400773176	0.0521195412082376
0.694564083132885	0.0451272701888134
0.717128594626912	0.05744316710402
0.747759939731718	0.0510267726127719
0.77209511897219	0.0500632060779832
0.797998715324524	0.0469769645022367
0.81600709563672	0.0486584618590028
0.845401340783958	0.0509403255647979
0.871536166561851	0.0470851010841761
0.898143188680941	0.0475983592480673
0.922825618506218	0.0548016096018293
0.947673617906961	0.0560228551826063
0.971936514409018	0.0552773062838769
0.025516046328806	0.0781008942824659
0.0517039949071363	0.072230860483832
0.0771186204529109	0.0759550485732206
0.103723031167533	0.0770681808141897
0.123097982799288	0.0800202038360348
0.147471700502974	0.0738298497368283
0.180088947034396	0.075372712857084
0.200551719532855	0.0747340752567191
0.230055396778749	0.0821949134415648
0.253581753983029	0.0723498592402217
0.276405223403951	0.0762061670085464
0.305645216982142	0.0734190797037009
0.339518695651667	0.0771275818467871
0.358345857636723	0.0810099708132164
0.380715034276114	0.0824617390414543
0.408060065401337	0.0716581873198314
0.436764329714339	0.0743577386500414
0.466193290246839	0.076959921585287
0.485903674138733	0.0777231765769272
0.517843427867146	0.0708159401784755
0.536324505260894	0.0807598025189649
0.558111749667026	0.0723229091827027
0.587017350967848	0.0752257717850001
0.614907429318258	0.0728208354199754
0.642449921548335	0.0770495273671846
0.66182287879008	0.0708232664532698
0.694078681951388	0.0807742441197875
0.717005264327548	0.070525200270244
0.746840718988197	0.0772837069260319
0.764362523051891	0.080699719078742
0.794079210267237	0.0715677915469594
0.816560536921202	0.0812740520350095
0.844758147035622	0.080289972060032
0.866636714079019	0.0799180658611595
0.90122594941573	0.0828072999286601
0.918894989001895	0.0740806430197555
0.951341979726904	0.0736232191534369
0.974967431009121	0.0811991234092309
0.0291979051266147	0.105136991775253
0.0450836279879237	0.0988132989143715
0.0772449418467871	0.108109607305307
0.105230144652956	0.108296437942346
0.130486127084702	0.10302630962576
0.151332200103542	0.105578699850883
0.182296327690666	0.102715005029702
0.199665381571453	0.101421442627525
0.231240065841312	0.106618221759744
0.253635152207035	0.100997535659287
0.275986952009211	0.105188858169197
0.305024476501722	0.0972310245136443
0.333064389243103	0.102317769034415
0.361420277521496	0.0995087593242941
0.382013163888151	0.0961941179597675
0.411348915370385	0.107008149513246
0.438582894560111	0.105585945030794
0.464354669298639	0.102946418234478
0.490267024609405	0.105146018499713
0.513613364612708	0.106728225511023
0.534794111409841	0.100304929682025
0.560123776584267	0.103468807778713
0.591251488516073	0.10022789560273
0.615725284896657	0.108535959217098
0.645877375203247	0.0989236528071366
0.670990985694303	0.0990995935846622
0.693402111271115	0.106007730705372
0.715438380966051	0.0981281349640115
0.740626162361071	0.103350059505772
0.768203519730937	0.100922495932438
0.790148738256679	0.100749303524526
0.81969856518177	0.099453170125851
0.846849109743466	0.103588766703566
0.876452600170234	0.0982069304313502
0.893890997068577	0.098873922829873
0.921230832906462	0.105403912005909
0.950043826956783	0.105882739754319
0.976413442061353	0.10234580983919
0.0270001301836523	0.130161375545347
0.0523928673387053	0.12378740172459
0.0802490224596713	0.124641868864164
0.103908056832106	0.126641353304941
0.13429125945246	0.131355816572598
0.15462862733711	0.126390028514627
0.18568917780131	0.129072127791509
0.208683458331172	0.125635148140056
0.230727128658813	0.12182649147332
0.261181510110173	0.126390999434846
0.278185333989536	0.128061197688605
0.311201103684709	0.129951196322103
0.331631708950768	0.128170076867889
0.364937884416685	0.132014489991479
0.379425806540019	0.12213596879973
0.411565557855094	0.134113807476955
0.432336894076512	0.130454759143318
0.459218531421178	0.13135997939092
0.488227696012443	0.13272095212885
0.506543512033012	0.12975798174901
0.536721326531852	0.131912914583773
0.566372387078552	0.124867646715917
0.590298232243985	0.125253947446398
0.614832560946709	0.129387498294756
0.644458989918235	0.125830082742487
0.661152301009623	0.132884817526259
0.691058600828329	0.124542419269588
0.72230181710247	0.127278369755856
0.740311948952498	0.129587070130247
0.76590349802736	0.130818062345534
0.797251156288079	0.131938119010778
0.818421110686583	0.123111067515386
0.851207051007284	0.13056981164924
0.86887003044212	0.127860095716954
0.8917035705164	0.125859645537274
0.923538875413777	0.123637859044653
0.95418621066108	0.133371408340191
0.970120444614515	0.124266672274086
0.023703173475095	0.151186673181426
0.0514083021859384	0.148980009964748
0.0785103108644207	0.159846338100323
0.10178728713523	0.151709602092582
0.125209266145048	0.15568869499315
0.152328584815818	0.155946846252545
0.175888407210249	0.152396756539923
0.199434568041338	0.153933140898077
0.236986664540919	0.149137933560951
0.255579268860663	0.156707273102638
0.278674670877147	0.155184849938101
0.307583144211143	0.158259791324592
0.336871021579204	0.159798350132271
0.362228309289516	0.156280219146209
0.383199718341385	0.149077601898251
0.407155650235063	0.151618698058722
0.440730091299796	0.148567104206866
0.460917181488132	0.154691110310497
0.485007506977596	0.156581853465193
0.513068786012748	0.157614309633581
0.544186582574489	0.150712229465823
0.562378178749808	0.148188395666479
0.586605752613223	0.153466608024383
0.620862265665778	0.149125116716108
0.64296920229215	0.152581971273635
0.66105556733306	0.148231658325397
0.692680035538951	0.149577583985553
0.722150315041827	0.14828927919253
0.738539393588616	0.154916246199191
0.764872879791811	0.149633651396582
0.78856356837761	0.157653699119671
0.817154978881311	0.160021378986435
0.8476040671088	0.150468706399606
0.868226617752099	0.149887313811174
0.893708722940821	0.150997569389806
0.923685272862564	0.155465427034003
0.953512025261122	0.151385456209513
0.976338222549925	0.158419050810379
0.0302448112795549	0.179967574974027
0.055875443972174	0.173135049501914
0.0745915922195448	0.174888901107772
0.0985684706799357	0.175842802709655
0.13315468160206	0.176880228310801
0.158351128784575	0.174615285220276
0.183916739993425	0.173175740253301
0.206725750729331	0.183286827322625
0.227689014080999	0.180604325020433
0.254685312654325	0.175584495567783
0.275825759383857	0.177018516081992
0.30542427792598	0.183290281391216
0.333746194578231	0.181804878620224
0.35932242952561	0.177692666144123
0.385529432557365	0.181445826947241
0.407157845780892	0.183918975477301
0.432665347962549	0.173444071317679
0.456894811800881	0.184452479717131
0.483578148669533	0.179856457010788
0.511545321503776	0.179497494899642
0.544128169951759	0.177397156211255
0.559444260914089	0.184403286347336
0.595462434169033	0.178443486586979
0.612918035606454	0.177463202995971
0.639345378750849	0.18301458666388
0.664740973665171	0.176861150377399
0.698331926202272	0.183318913473565
0.716639826847206	0.180573414011979
0.739183814903056	0.179318591123697
0.763831069638456	0.176470551332018
0.798087399246254	0.174872718975655
0.816857460607408	0.18056920160876
0.8419437232763	0.184690802887225
0.871621272205948	0.176200755918378
0.899451404571232	0.183657855495317
0.927323944384683	0.174111873410553
0.954369058348588	0.182401022400491
0.973010204087445	0.180563067533017
0.0295164136619077	0.201687970563799
0.0558965843297486	0.204617545733992
0.0777516914324683	0.203403316256178
0.1055235405819	0.20431575082917
0.129761170636867	0.206254129041202
0.147609538498326	0.209896668336691
0.17327595188408	0.204195896131036
0.202606548010187	0.207259946831954
0.232866761906279	0.209898442205497
0.259863923930991	0.205407962907195
0.281633605088158	0.210987277239857
0.311676904719012	0.199095498512096
0.330792328628963	0.202079726606715
0.361070054140951	0.207398065165386
0.37988752550646	0.21029987866904
0.405563374247976	0.203008761537463
0.430840931358586	0.203420933336322
0.463150318495633	0.207575256527986
0.48141715702608	0.207921037358707
0.517822460344182	0.199943897469666
0.542185612330978	0.205634632541639
0.567721061399822	0.199309696731245
0.587372848569733	0.205007759553193
0.613563570369268	0.210558301596803
0.638128170162591	0.211340764323614
0.667590081243675	0.20302288064049
0.695479821076381	0.208730661828458
0.718592902022521	0.207864954448433
0.74618598044536	0.210296493723214
0.77208860791792	0.210758010220148
0.796599277266602	0.202239271344372
0.815371415096754	0.200994768573953
0.851927530408666	0.204732008340435
0.867155777675647	0.205437965678086
0.902450703198686	0.20959690960908
0.924361940356191	0.209738939937788
0.945352950413831	0.204892682671112
0.972374644867394	0.205436819538054
0.0213321323669694	0.234059547264114
0.0572863901754092	0.22933018052252
0.0798663266184998	0.228901380327689
0.0987264478102012	0.23659010258798
0.133596093294437	0.225442062094785
0.156961367119704	0.232774442607519
0.185841899180378	0.228377793953552
0.210608743543925	0.225149746765932
0.231606825095109	0.230534494012361
0.253202075015063	0.231866575944928
0.275922512931074	0.232964468640144
0.31157266684697	0.231503321384637
0.329208486428552	0.231840929388612
0.358405468364586	0.235396623344263
0.383124752510989	0.225750846229688
0.412689145076287	0.235261569746774
0.430305768413201	0.227035216232654
0.456860888437496	0.23531859937743
0.492035474324553	0.229508500278584
0.515247239551862	0.236881423545175
0.532071624046719	0.232438324837567
0.570482349158388	0.236687281469369
0.593843253690067	0.236308430884785
0.613274260660419	0.235982079819818
0.635248106091224	0.235658430527051
0.665192024988846	0.228129024079996
0.69524791192255	0.224500886117593
0.714971980846412	0.22472512281364
0.743116865026127	0.232606815483026
0.76327440804249	0.232730126318672
0.791185325459636	0.226855836295767
0.818149988779727	0.225622524645296
0.840280864246177	0.236925015448647
0.876473898421894	0.228746142519969
0.898389918526744	0.228164001739721
0.919127898564366	0.232608227657326
0.944098790340461	0.225948540801395
0.971332035629229	0.229313660379803
0.022890192463839	0.252917638823469
0.0544965604388755	0.255261486363819
0.0807653196945759	0.258842142954275
0.099995101660075	0.254604331073172
0.132306393416924	0.259989833323407
0.158827120880498	0.254747284417693
0.1782475404325	0.260743240128546
0.207048941584858	0.255120020047017
0.232738541739113	0.257881896161423
0.256009763932419	0.256529776848581
0.286542460640909	0.252729580219556
0.304468180592276	0.253149572974573
0.331808750085596	0.25654324813208
0.360928210728547	0.261856994851553
0.388065343786664	0.258255528616941
0.413921763489991	0.254817567673825
0.433020563229594	0.260081347161219
0.459575396105395	0.259319952153309
0.492044831050301	0.257938562051245
0.518762697768315	0.255787265577884
0.54249532345731	0.260518273981569
0.56978621082887	0.253180866558954
0.589591303843451	0.251046374827062
0.621220435571036	0.253089400366524
0.637472363911982	0.252527605768935
0.669572216544379	0.261601560036032
0.69000385103652	0.262056001840523
0.719009353273168	0.261605577366512
0.742798815258154	0.252183308493662
0.770147846815245	0.262595343317421
0.79688250020789	0.257395985861648
0.822501477161366	0.259545007086648
0.848638693846955	0.261355702141016
0.865639586788617	0.251790448386093
0.891493592918209	0.259703013448369
0.926158991222938	0.252915678119832
0.954510871374495	0.252974039371667
0.977631542046705	0.258134217454574
0.0215251389001306	0.280432822526172
0.0495401244923576	0.281349859090054
0.0794075787846372	0.281614756252417
0.100370757551922	0.282126880832738
0.12608826016671	0.276122701879111
0.152125152944265	0.283518447394409
0.174446019625539	0.280013792328604
0.208297791085245	0.286367654304346
0.23041371708381	0.287429443724078
0.255974141243055	0.286168390695647
0.285976221518975	0.279376206842989
0.313665672639696	0.285725877439298
0.336984031134892	0.28147651653884
0.353778536150542	0.275755139015343
0.383222185463323	0.280585210019752
0.410930703859131	0.277778061270745
0.43630846285373	0.284344130552154
0.461627614899549	0.283522929651012
0.490046406976614	0.276596819842836
0.50905131678949	0.281983404130155
0.542821655933921	0.282639640978147
0.564238423770678	0.281209249314217
0.59487787684226	0.283232840094556
0.610634873921815	0.282841534404745
0.643891123990242	0.284063663509835
0.666407165118076	0.28454341292677
0.694788319904858	0.27619613047575
0.717696948392203	0.281132188719263
0.741393467383269	0.277200124264792
0.76550784606969	0.285039910347711
0.795181469515564	0.288237614891331
0.824464421879577	0.288046760646603
0.85008500126578	0.283682901047418
0.8766589654185	0.287316567327352
0.893806829532265	0.283906556994822
0.918086632296582	0.282807139935716
0.952885494430761	0.286516529881046
0.971174122026829	0.284464635430007
0.0267907924211279	0.306354650566813
0.0519585927286622	0.306791525589831
0.0766762261441042	0.307777154957994
0.101046208424856	0.30176026297422
0.124345598960485	0.303950319002571
0.149331431345206	0.302103402733077
0.175058024249322	0.303062776422667
0.200806791443441	0.30372646357803
0.225846565838422	0.309695021559192
0.253776563749493	0.307956699469068
0.283013715094792	0.311766427938007
0.301434929351359	0.306499802286747
0.327870856647162	0.313266325400666
0.353814117266773	0.311404232955475
0.386441052703299	0.304279616773097
0.404551723141008	0.309659610556683
0.430307332258706	0.304910805063443
0.458607021070702	0.307501322100396
0.488608275729085	0.313683536081698
0.51313659071261	0.306199834628126
0.536830495803942	0.309457817795303
0.560256619195351	0.310306927792987
0.59146361850343	0.303586682624399
0.610341005512655	0.304127028865906
0.645610277662396	0.307457793700857
0.669481500352414	0.309476485739402
0.69121029886388	0.30216547712016
0.720462906618824	0.310591261168312
0.745295039405582	0.306404239520951
0.771210496980046	0.305965231845542
0.79220929870088	0.313915112494937
0.826302815140196	0.301439003157248
0.845410707736319	0.306282567887439
0.86722682274689	0.307035214622543
0.897990850693026	0.310446290332513
0.929381466229273	0.31282933949943
0.947671621816075	0.303034592449764
0.974262193950203	0.30777815178862
0.0289589909572554	0.337252341658349
0.0535411025791544	0.332180376670949
0.0729744642734556	0.336748654635587
0.107118729157297	0.329455655627511
0.128858463995076	0.33924574294656
0.148381400709331	0.333681834091988
0.18201500145317	0.335362288479764
0.203518204574882	0.331639610325614
0.228223987589953	0.336396037599789
0.256947980333063	0.33968153087619
0.279405561271601	0.337727573975548
0.302401867579067	0.328659387733034
0.33308010781086	0.329842330923075
0.356487044900428	0.337675116181596
0.379741860516519	0.328990752247715
0.410719774781164	0.327552182324526
0.431347774790352	0.327470645708994
0.464608620243724	0.336461589893827
0.486532201982874	0.3340325416412
0.5190247567889	0.338690748391249
0.535620125102166	0.32795777964052
0.563989016555721	0.335385712125906
0.592043013942248	0.333377829980909
0.621668724656448	0.330444645210631
0.637339960917401	0.334211997747925
0.664473430994335	0.331156832856885
0.697184959952776	0.337899540170608
0.724049217846584	0.336150893498092
0.749094758379794	0.330360246919627
0.766211575333243	0.329748844849849
0.796834241007999	0.333150761711551
0.823844912897715	0.328869902178424
0.841583893262562	0.334598584305008
0.875520078714667	0.331833941977272
0.891989569416895	0.337284061047884
0.922946961523881	0.333955219610664
0.953319723838465	0.330204204614967
0.971608351913024	0.32813481277968
0.0296270068078855	0.355210936916609
0.0477384956543537	0.361203301298118
0.0719033457414223	0.359687121562749
0.0967674510228518	0.362262029085582
0.12464703384585	0.353274623084037
0.148338893608339	0.360015927554057
0.180507326871874	0.35799198114608
0.205622965846925	0.353590956165772
0.233091065274403	0.356918412271906
0.251018933739098	0.362024724372407
0.28228086587599	0.365190042480632
0.310629127984742	0.360261277428725
0.328416111136459	0.356704638911266
0.356855497000172	0.363185988252555
0.381260214935993	0.356261255069967
0.405481171376526	0.355670396424741
0.439361527181229	0.365361541200567
0.46228407320187	0.363906255378704
0.488615014585465	0.353561559677535
0.506547312573722	0.359952997639678
0.541109491436115	0.358965695000418
0.561965992164288	0.360983481673094
0.585812267995673	0.36019243471199
0.6115349779562	0.363248636155563
0.643391272412337	0.356742620978104
0.6725470836061	0.354615293525299
0.697490728606516	0.352919041113737
0.723285495898672	0.362589521963982
0.747262826334264	0.363283169626251
0.764613100723176	0.357463639783424
0.789308719884522	0.354560576877326
0.819059834029087	0.35500121955232
0.84618669718311	0.355018806272672
0.873356037443937	0.361230951446747
0.891195154483535	0.363130648103195
0.923097498336263	0.353200473669812
0.949882483893625	0.353278619207076
0.972924107898284	0.364633657350914
0.019414209644645	0.382799895716898
0.0570594673928363	0.381832508870971
0.0828567141966764	0.388897522760269
0.0963106845882287	0.383161926214008
0.13287225783968	0.389895616652316
0.149386199678839	0.384198452575022
0.181876008792684	0.389208697680921
0.202231849440575	0.381047056758848
0.234715781809595	0.37855349105406
0.260820908879871	0.383530245071011
0.286188392935481	0.384268409793478
0.304315057931909	0.390575379673579
0.338914178096012	0.380031269168047
0.364937267973402	0.378925623179912
0.383228308779117	0.390616369185342
0.411311857796594	0.383995314777162
0.439925237769865	0.389218361853624
0.456608659512125	0.389206167942662
0.490153503989168	0.387171407622085
0.507517779371609	0.389248956343892
0.535946975604357	0.38738616557356
0.570157844722651	0.386274699023502
0.589584829152301	0.384038670196712
0.614295844359315	0.384398380174654
0.642996050191453	0.389821125283257
0.668434743624818	0.383072986281375
0.692903044354888	0.385826173554289
0.714339686348396	0.382224307849627
0.744678067564026	0.386704842233579
0.7667658187655	0.380468380118649
0.794247840220751	0.383359268743188
0.814129971806163	0.381597888972471
0.845558949089994	0.380577189091891
0.867075323057177	0.384439484834272
0.895135014734076	0.385855925840094
0.922972793887737	0.380586680981976
0.9548509084215	0.389893102128451
0.980056215074135	0.384404726789902
0.0299707224095324	0.415150482491568
0.0458309777085749	0.407250887813994
0.0761890315728624	0.410181845301863
0.0980699280367347	0.411349875237167
0.1251888201134	0.415243935786766
0.15890342828228	0.405734750700431
0.182326767894764	0.405301921918417
0.198804538719339	0.407773608254597
0.229605939552921	0.415559986855429
0.256105708000015	0.404703575960397
0.285633436128951	0.412044906392185
0.311554182323899	0.404862432340267
0.339486062373061	0.404289678514298
0.360211666595075	0.405133425544887
0.389570048347293	0.411136616932328
0.406395184147187	0.415043489470689
0.439551875609754	0.404101308120219
0.458988879705326	0.409591275400472
0.484850087032536	0.416368634215788
0.511617497220694	0.411258342160214
0.539827548632118	0.407877963861422
0.559850974463943	0.412094361987327
0.592634760005125	0.41259683965492
0.619374851344281	0.414579644109019
0.637256997218602	0.415070017220895
0.671616389216354	0.407819541906716
0.686216410247353	0.415420380468966
0.723548193996245	0.408802465359565
0.741230127618532	0.410623088145563
0.76307051726431	0.40790846658063
0.797577299244481	0.413829957196704
0.819332777294147	0.406539493578171
0.844362284783985	0.405674252381951
0.871510784709988	0.411926454070088
0.891599023542907	0.408820923036049
0.921203492287565	0.414531284912404
0.952112242824402	0.415825364237309
0.97586584538186	0.415102869665427
0.0276504433409166	0.439442103921492
0.0554528268174194	0.439319410481213
0.0820979230529258	0.440551444207755
0.104520733319071	0.431130377509654
0.128454547698661	0.432990945485438
0.152898320445057	0.431418852894966
0.173182822879884	0.44082603296117
0.209458185187309	0.437325517836624
0.229300558529324	0.433871915374185
0.252620714324935	0.43583547919358
0.282769655540932	0.44159479046126
0.309081611884174	0.431225637226427
0.328352517611144	0.434688671006116
0.362883682440405	0.440339916905054
0.385531528791283	0.439654126143573
0.40693968045244	0.429671278080074
0.435117184240566	0.438772993993963
0.464034967984354	0.43941221461991
0.493498338541852	0.431558142484756
0.513968446447822	0.433204719924158
0.534619086357027	0.429747453009236
0.568406890102665	0.434576407791527
0.59224900290037	0.438241105632112
0.616051936627156	0.437734410022553
0.643975206676857	0.435989338796238
0.672120535012029	0.437259125921819
0.691379635499331	0.440117135223133
0.717382029239681	0.433063796341003
0.743095966175392	0.438668049428816
0.770333551515735	0.432832297881407
0.792138398692161	0.43082132622074
0.825604645541788	0.439871015948053
0.851519436828142	0.431952597244629
0.876423125860405	0.442284983801815
0.900395371388473	0.435784138635729
0.925270870036643	0.430108716704172
0.94888634770773	0.436909872228938
0.978958156816809	0.440627997460853
0.0266930429221764	0.459904189507016
0.0508706272766934	0.457745687633079
0.078148083258523	0.458518138175405
0.107614154367439	0.460812334231027
0.123863343939034	0.456071642966338
0.153579045644658	0.458706724492994
0.18368464027565	0.467164625333952
0.206723303542767	0.466811073735087
0.228419124944814	0.455801993372084
0.252920635699342	0.466200880631518
0.282358921497678	0.465281771957603
0.306789350707321	0.461409265000615
0.33537353256644	0.461211635615911
0.360247781624013	0.46319170633496
0.38091184675044	0.466638885180475
0.411439559031546	0.455140744371797
0.433110211514573	0.460639829484472
0.462637343917462	0.462107589143964
0.48204386150516	0.46673184784871
0.51551711894565	0.462461121389274
0.543376692485021	0.464970517029236
0.561668849828704	0.464159983981616
0.584608785486312	0.458916356252923
0.619128140084127	0.462545729407847
0.644077416972367	0.459259332918921
0.667077340600858	0.46481195051332
0.695912979168881	0.458565380237024
0.717738103748522	0.46603474516112
0.741734036159426	0.456259683128028
0.771575696594306	0.462662828837286
0.800324472314368	0.461852896209175
0.815963164790254	0.457257827309007
0.843053984194508	0.461899646987475
0.870643393856218	0.465059702995398
0.896927085655002	0.455365198413853
0.92781289458145	0.457577776384193
0.948590190148877	0.460043631338648
0.975577921646559	0.458010269815335
0.0315446526896329	0.4882765192772
0.0545843140744806	0.487334281881407
0.0754095502718879	0.488130192024032
0.101752913419616	0.483561444156511
0.123691746217012	0.487941419215041
0.149844622428577	0.491639206727818
0.173316229763583	0.483783507685583
0.207208815254884	0.492544620677495
0.232620813773628	0.489242918040099
0.261278743105762	0.486245663525925
0.282595303409284	0.487388629847708
0.310950651428434	0.48734233708918
0.337470137045367	0.488961056273599
0.356155839911252	0.481377576472694
0.385043290499722	0.481410491581315
0.410734262190848	0.486629680798065
0.438716920042851	0.490726980880216
0.457779736431209	0.484326648940225
0.489976649375991	0.48344947186876
0.510152457593246	0.492081966847349
0.537066119968264	0.487947159412457
0.563410412367364	0.487768937406657
0.590095558603393	0.48937959129656
0.610438181759328	0.48325348895769
0.637810410875158	0.489311990172025
0.667725557224455	0.488566040830145
0.686655689437674	0.483356312136033
0.713292505518481	0.485836097948116
0.749518404994923	0.485450971835164
0.775345252358954	0.490473383479908
0.79950991510205	0.481368691202492
0.826120836414969	0.487634449820262
0.848214590550762	0.483867957992145
0.874258596340763	0.490647152738213
0.903138529602288	0.482850424848683
0.927006642164778	0.486027263548652
0.946695866766653	0.485485349813612
0.97607721318998	0.483081212844057
0.0263635485348904	0.51385262411481
0.0548658332494926	0.513943209478014
0.0813706573726044	0.506581847247213
0.104177284460112	0.510565064949263
0.1312134113923	0.511745155267509
0.150243302632227	0.515914189218909
0.184753571044737	0.509293059989058
0.200829848652938	0.512769687703567
0.237044108723514	0.515426090914534
0.250306103845789	0.516917749459959
0.284071867168895	0.510397968801788
0.313130380244762	0.512408110778863
0.332797503214625	0.512852380227042
0.352602676302545	0.509999111770857
0.379403385164878	0.514321996553124
0.415433631190289	0.516125355759652
0.436087613480968	0.507116839017663
0.457094567635963	0.514473216106594
0.491812891077573	0.512984033957136
0.518381900750136	0.507994798329335
0.542500963615307	0.506817647271748
0.568523381667744	0.5121048772614
0.593992107195791	0.519004378529418
0.621052753417309	0.512190413451016
0.638595902261435	0.51360061460581
0.666721908603963	0.516438459733666
0.686395031808209	0.511953435318537
0.719401879090357	0.506601913225684
0.747166738797134	0.509248448494983
0.770744422834849	0.512827188776793
0.798303677026547	0.511837325495558
0.819974961392884	0.51811762684955
0.852201533844728	0.510510568654653
0.866128043147893	0.513939650583791
0.898658175613413	0.510187321397829
0.92540817843053	0.512667778379569
0.947785907560604	0.510241820524539
0.968953997070651	0.507834678703505
0.030726697244367	0.538553436113769
0.0559455409556316	0.53617771611513
0.0800123585787487	0.539927966419131
0.100023144068888	0.532200123947141
0.131453326433243	0.534106355409954
0.156992850566874	0.543571948462153
0.183437549215099	0.535909853781442
0.20481773323383	0.543348072898048
0.23424577111437	0.543607810344044
0.254626223543656	0.542908658024384
0.286596708674764	0.533988008882524
0.304303601054978	0.536805912915585
0.333158348022669	0.539583433675753
0.357218852838828	0.543574819868705
0.383151993423661	0.536781121013541
0.416170244616308	0.541771814042863
0.431593176628961	0.534395646397182
0.460202950984475	0.542813567852793
0.483068218441689	0.537854361005753
0.50935158398439	0.538122503882987
0.538631557979538	0.535228172411391
0.563154623159568	0.539488741326658
0.583464330554764	0.540212735286524
0.620978768911968	0.543334455357172
0.642847169196815	0.537642909404655
0.661415343939452	0.536295421489863
0.694241281455314	0.53925797980931
0.716009972107607	0.533111627452252
0.747877202645607	0.540002655370676
0.770696155638799	0.538155639060148
0.800111115687154	0.536268837062661
0.825575547359843	0.543701421618018
0.845165431692372	0.540161074831833
0.874367881544874	0.544283074033904
0.896618867320508	0.537167292071099
0.928406000896931	0.544629896328344
0.950291732240359	0.532350787594647
0.972720766974795	0.536083083306275
0.0262685576409932	0.566478791773164
0.0517173322354303	0.565054493634261
0.0726095513529398	0.562223238489646
0.107188600119429	0.568946201310596
0.134247333232684	0.56406645508487
0.148656763986884	0.560735224033175
0.176998580286619	0.567869185321161
0.202607248197204	0.558261362467959
0.229875885209004	0.568297991192278
0.254303696792338	0.566251664920171
0.28636463343018	0.560585006232792
0.302690184580817	0.558710581045315
0.337836681146445	0.559118799527539
0.359580777213413	0.56654584385781
0.379475701000457	0.561405786523826
0.411943819868591	0.559668995363824
0.433764060341023	0.564838061767771
0.457847094139973	0.568876304720254
0.483683801852384	0.562280626965152
0.510994172962016	0.561191924093411
0.537131118986945	0.561197001623024
0.558891959485342	0.566586535995735
0.590769513577039	0.564770631666478
0.611191372715537	0.562275915688762
0.645390816765015	0.560250686235716
0.660997853539134	0.565923289809272
0.698603651221529	0.564108917585818
0.714259305304055	0.560910365062876
0.745636442774296	0.567719744859135
0.772370800915956	0.564056673519384
0.798479727843917	0.56728417480274
0.816057244225542	0.558651635815628
0.845879512819095	0.568232635412645
0.868878984499478	0.562163116340476
0.894260898547222	0.565781606277183
0.924532746637564	0.560937507191694
0.951728154471964	0.566201999468438
0.968005567808915	0.560924880598424
0.0207497444531291	0.589363767310462
0.0536294192930906	0.595656323846405
0.0814087185335101	0.585775954246415
0.0963270540313555	0.586642943182629
0.132037296133081	0.583365648114424
0.15361791400303	0.589314521109301
0.185284905074975	0.590201551012269
0.205500137065357	0.590623085123176
0.230105223484697	0.588200765512709
0.261702660070177	0.594018084307127
0.279556784990194	0.588130739928396
0.311511713035579	0.593446681165834
0.336613041484353	0.584623295487107
0.36188185735502	0.590477692680869
0.378741055510237	0.584406930791568
0.410642472498124	0.584822611849936
0.430275921102712	0.585142794468606
0.467292239189959	0.589113447172286
0.488987248242234	0.584986166189067
0.507182283824646	0.593381867614644
0.534304516744932	0.595832844922474
0.562253076731382	0.596103534019678
0.59445604346562	0.594376841477388
0.619997916475409	0.588549839274881
0.64731067600367	0.593983249590602
0.662517600869702	0.588100642108602
0.694978699468737	0.586174988621326
0.712814876230614	0.589221101365382
0.748427208707976	0.591171349325432
0.77467757132141	0.594330424689657
0.791055056870312	0.595368943773732
0.81445231453048	0.588494738547149
0.85242471116082	0.58872219953264
0.867511154879042	0.595133378573354
0.896171271149518	0.59535628554545
0.928739749772781	0.59155903044679
0.951829251136004	0.592844097419082
0.980127731634727	0.589709430947804
0.0206744601293143	0.609128753212146
0.0473127028290315	0.610071754699804
0.0807462239941625	0.621408018340371
0.0971075527642535	0.616609371415594
0.124581543391565	0.61505541475552
0.153251424452108	0.61018023463792
0.173656137188385	0.61410205422806
0.209788782472133	0.621403660773917
0.228829998203151	0.621562214586633
0.255019472410574	0.610587529303973
0.275707847603353	0.614260564479885
0.31073486475907	0.614665279963761
0.327027273814879	0.620856861689861
0.359428340845174	0.61644722551551
0.385663754732824	0.609202117662249
0.411029468838901	0.618206360949997
0.433595066754435	0.615984808826004
0.465209247697837	0.614844298785716
0.481384745151835	0.616283955064365
0.514382603203296	0.611714852892274
0.540034085317233	0.620563313143472
0.561377567843444	0.616222748621886
0.588896669184661	0.613966959151208
0.61816757125918	0.615170446480345
0.646759056584596	0.610604620901934
0.662689285971618	0.621652774688579
0.692461869162125	0.619190607210731
0.713805753881835	0.61637199415954
0.737497529594013	0.617940950484495
0.775217136460784	0.611791704286793
0.790674873221321	0.613817573346206
0.817816016612305	0.619457213969379
0.84957077148111	0.612152188483513
0.866229326216431	0.615438251118814
0.901891088637875	0.613273114940484
0.920741161676911	0.610173710303058
0.954312010083471	0.619207429795179
0.973908553050207	0.616759791865274
0.025049946541141	0.635794047216849
0.0560945705259782	0.640546988269753
0.0770218786672329	0.638078343801875
0.100159832333635	0.636645234452131
0.124992051272899	0.636152409812732
0.155399867603823	0.636627350395569
0.181834317277902	0.640305756144715
0.205749712223696	0.642080368806375
0.233315942012549	0.647165443940392
0.254394609259365	0.639469809354941
0.28568142786481	0.646121024200587
0.312483544023335	0.644778395984631
0.33209691698675	0.641672521184304
0.365214263158434	0.634908188782969
0.378813679226217	0.643795453455706
0.406893198570356	0.639266234735804
0.438155566549796	0.638163500892151
0.459078919221515	0.645234372252066
0.489852048337932	0.636623579071229
0.512546783872468	0.642752869583678
0.54181064778415	0.636485164194031
0.56514918555816	0.645860929177116
0.589941227935415	0.635263861244817
0.609529648986068	0.643403335343484
0.642471468912635	0.644976770396715
0.66299129845868	0.641133005495766
0.691318049060289	0.64626334115619
0.719137154541098	0.642723494862043
0.741307667909121	0.639393440999926
0.772544492288471	0.647092807779321
0.788627943678622	0.636496488533926
0.826665407717536	0.641241105277587
0.85017622880093	0.637011550259908
0.876676390781301	0.635357100152903
0.899327865481048	0.644183863760549
0.922880899914889	0.634926927577736
0.954924244549849	0.637176191746286
0.973579863407762	0.642181342101354
0.0220222065546805	0.671251400479263
0.0470659816207253	0.666233359334403
0.0814622080928902	0.669148939845583
0.10783267797861	0.672432709380996
0.127824619963137	0.670603759338523
0.157964640812983	0.664632798351146
0.175043966320205	0.672148442236437
0.203245679911716	0.662328624242562
0.23554428952403	0.666831618477376
0.252079893281627	0.662445507774856
0.277302808971903	0.668914812640505
0.305697883419754	0.663077297826331
0.331639744370784	0.672700124635538
0.354576643564576	0.665131137687721
0.389867767714015	0.662464714040306
0.413688481405988	0.672292528451821
0.431813143356358	0.666599198795806
0.457713887250178	0.670806082584133
0.484117172425872	0.664656673255793
0.512123992969717	0.66263872600992
0.543270172736943	0.670624072078656
0.559213896174188	0.665661546707514
0.587143953001248	0.665193932649374
0.620774212443297	0.66106260847318
0.635106118929137	0.667645720336664
0.670011497885187	0.667087682634121
0.688744393287836	0.671704675373859
0.715209784393808	0.663935534623871
0.743315024280218	0.664060789808325
0.763501908758537	0.667929312119174
0.793582438745986	0.6662806891599
0.826341518347969	0.662587572932484
0.843563962228474	0.664037491421429
0.877539788512834	0.666800417687104
0.903259470463156	0.665282350293479
0.925514771361227	0.668264830990977
0.945810733080605	0.662175563495809
0.968761286080522	0.67007981562965
0.0297176877442715	0.686692988150906
0.0455198791327028	0.693275937041499
0.0736722530435911	0.693520766204577
0.107808813587254	0.688376611852093
0.131677168321092	0.687489447064598
0.149393210497335	0.694880339955593
0.179376733046277	0.68771700901093
0.208039934097882	0.688188953968848
0.225342071004928	0.694819924435717
0.257505178202013	0.68685495276422
0.285777461985653	0.686499211161986
0.310831306869869	0.687657696015069
0.335466660088275	0.694109032825687
0.362294643193323	0.687029367374431
0.388639966748162	0.698559280780905
0.411290142617493	0.690744788731806
0.436272685745764	0.686482631348144
0.455828442260894	0.693240131383099
0.485459225689232	0.694765948064211
0.507196405260169	0.69495325152605
0.544639463084775	0.688444483150147
0.567614191725763	0.694407190778881
0.591151404936718	0.69831488950636
0.621386745258106	0.685968692124092
0.646682138466619	0.695299034850577
0.664729086859098	0.690002498402876
0.691493171402238	0.69710407884065
0.71436641715936	0.686490539249231
0.749543059257874	0.687450848495768
0.775028353927387	0.688950886156357
0.788804348075338	0.691375863226633
0.815858966690712	0.693218449772382
0.848375479536173	0.689266003641866
0.866355639811154	0.686298658629883
0.903823570740159	0.687016433223494
0.924643582891618	0.690738510640269
0.946688829687446	0.687603000712337
0.971787088624699	0.695778517785841
0.0295471359315355	0.715567604975903
0.0491041695944234	0.711756362739647
0.076810435340021	0.712682729604254
0.103358601049566	0.713723050547685
0.12320684896098	0.717348076469085
0.14859236574436	0.720434403234264
0.183642392634577	0.722203775264434
0.20626756740405	0.72219686130869
0.226678233983533	0.717492989791339
0.259049647461981	0.723885882964748
0.283514803977316	0.713960213139787
0.30169262723924	0.71707933178082
0.327424050584487	0.71996706244135
0.356010170196118	0.713529694690115
0.385973570500831	0.722790748404931
0.414302134137974	0.714226913410956
0.429949072134387	0.723113750154087
0.462415999430923	0.720861859996641
0.493305281318747	0.712713968170326
0.51838388832227	0.722681298824959
0.536421266041514	0.722297027550363
0.566623210614051	0.723276365050069
0.586599512814059	0.722710792412602
0.615805339310518	0.715299766538389
0.646896493218313	0.722260380183898
0.670078678016931	0.720840562935864
0.687095470766416	0.720728480044538
0.716214492051675	0.713195072651331
0.739232080040105	0.71965951558504
0.769107338720841	0.714860262612597
0.796698958614711	0.716149712211345
0.826096823681854	0.712130601492701
0.84111869027377	0.712273773605942
0.874734420858374	0.717695268956558
0.894273100476031	0.719460112729533
0.926393090276152	0.712530642896889
0.950283521330512	0.712250260458409
0.975677645452533	0.716158227656733
0.031721225546501	0.745011084710944
0.0569354381458804	0.739622310002422
0.0773101541868783	0.747395751499214
0.0970467679922883	0.739797768305462
0.125845341524003	0.7443469851806
0.14969317424951	0.738345795329093
0.174052724521013	0.740299333726679
0.207790511549332	0.744209156576749
0.231476604410275	0.744639529406463
0.254817023698036	0.749138071156631
0.276747915052235	0.748007597527716
0.312902206588644	0.740979639579814
0.334028061877555	0.742476057009904
0.361334259633722	0.741710648385793
0.382107175144253	0.737595156740279
0.412461022771395	0.742254676769257
0.430672786390842	0.744802135325662
0.458870882102797	0.7374085551622
0.486869726745297	0.747977423302796
0.518084871859424	0.745288064339031
0.543558749364334	0.741924619490106
0.558286781668427	0.747439333217725
0.586724003974929	0.738587699062644
0.619564412831155	0.747999155258381
0.640477128092725	0.737857038885086
0.665096755881974	0.745190316082364
0.687538437917752	0.741633341204191
0.718695131155635	0.74061433152162
0.737642151347614	0.73971850995951
0.765815995097183	0.739072702056371
0.792877106297163	0.739308905790828
0.814854504819993	0.748620127078497
0.841334975185818	0.749226832075907
0.874831555131142	0.738175851342898
0.892149738909624	0.747358527093646
0.929144916398987	0.746982487373824
0.954886211566174	0.737231562180835
0.971668380965199	0.748538498323471
0.0301751198788507	0.770685734233826
0.0522429006663171	0.77338404990136
0.0792863929778085	0.764689653586222
0.102918555259241	0.765930330829387
0.126936029803417	0.764336991081838
0.149600931342021	0.770840687367045
0.180318479645984	0.763798213505541
0.202050148650336	0.774738257082607
0.227064663094485	0.763611761473566
0.262621617914714	0.763737795655713
0.282086924515436	0.766866975070753
0.307383159441572	0.763353420805301
0.329756693419111	0.764536599404472
0.363446568560821	0.774566151693609
0.386865018920231	0.767393243129782
0.415227621677604	0.768496673222686
0.441066668029386	0.775042297640668
0.462554992820369	0.770756692884677
0.482915811633536	0.772656919451407
0.514327984021056	0.769895530582202
0.543719773789296	0.770703650796101
0.568572095322384	0.773791797314814
0.586335198337862	0.77305778469437
0.615143027471877	0.771172411221909
0.637973142170313	0.767424822706158
0.66089367213485	0.77087818569433
0.691731728129623	0.772603418717897
0.714994064686218	0.770751215265242
0.748027510903747	0.763252821597038
0.77312955065867	0.765372972968788
0.798204990069248	0.763016158162738
0.826255187352776	0.772108032883888
0.844588620434155	0.76963231812694
0.871338505552691	0.774492143102756
0.894742118542339	0.767068862446679
0.921987369781206	0.774977330931342
0.943216355252784	0.772615147140611
0.970377542931523	0.768034920384096
0.0268272244513077	0.789053342206128
0.0500641678170011	0.791536849996322
0.0798488706561833	0.790840360493682
0.10214823699866	0.79525838049096
0.134400232077023	0.795038575732869
0.160144334422988	0.800337850523184
0.177664470086592	0.798870014979722
0.202941047607098	0.800836922242875
0.232987192228766	0.794784920986123
0.253382681587963	0.801241449945069
0.283408737143682	0.799402953869188
0.307395297964928	0.800377494141393
0.336340051551676	0.798677421998792
0.352748344529643	0.800629687238149
0.388391503229798	0.793754785207357
0.409197745735571	0.795235277775281
0.44083972490333	0.798845775288004
0.464512230626937	0.797362789492644
0.489004942323233	0.791031413984372
0.516198181830224	0.798324386312724
0.535525894347375	0.792183651529603
0.566570963361527	0.801137291564966
0.595781307699023	0.797695068601573
0.614646357699646	0.799436963817057
0.638706350110768	0.794787410568251
0.665348648708165	0.796107349498494
0.690783472386972	0.791971243904965
0.722913281126135	0.800402722123095
0.742548505452539	0.788548389196471
0.769551140212298	0.794000437495845
0.797843183906635	0.800558268416696
0.819670755222781	0.792212993024856
0.843658864738131	0.79338703104707
0.867152815608799	0.797632583891711
0.891361901711712	0.799227383727323
0.922181461145661	0.79005077026837
0.949399061563195	0.793269409674435
0.969116204676869	0.791704844997662
0.0283633857910424	0.820032223544577
0.05598132288433	0.814162775229362
0.0777023415332366	0.823389268702809
0.100832786300228	0.817155776722369
0.122289041720396	0.826542463642648
0.148391280953869	0.82222170490765
0.179151590565307	0.823405163192738
0.207962314118252	0.823253442093909
0.232490738754437	0.814499586002754
0.253990125192687	0.824448627781814
0.282137400555212	0.815774119164671
0.313733324120651	0.815038441754188
0.329319088645391	0.818283435811722
0.35847777722277	0.816989727990179
0.382811440735845	0.816088985225542
0.410668971290607	0.822057668319006
0.440790667226859	0.815180989346941
0.46762636061937	0.826784872226437
0.484293284712279	0.825936942643412
0.512102305536493	0.819667425930563
0.541822728844569	0.820478154686613
0.56181392815023	0.821483651130967
0.594757488808367	0.815668181249448
0.618651042798074	0.822955392659787
0.646359336213803	0.815331008010602
0.664673045131451	0.820551137986759
0.694886246089314	0.824327402880478
0.717503570374119	0.814687157294052
0.748153029241157	0.817044339084502
0.772367765017814	0.818283024500375
0.788600501132183	0.821425526089068
0.818516719450724	0.823682726279381
0.846260380637412	0.824927529725496
0.868028126809164	0.823734544144206
0.903802295278289	0.815807503149134
0.925044347089545	0.825979141817023
0.948082823422047	0.826490600872771
0.971504762828788	0.814915869635727
0.0284060326588283	0.846234434727858
0.0553493216150618	0.845328049796914
0.0816722787231264	0.844830866461698
0.0966431496216664	0.850342463332065
0.129489416474557	0.844740169839152
0.15360513570802	0.842213039163085
0.185671892337935	0.842643852858469
0.208161636332997	0.846301101850254
0.229927447041261	0.840692600157762
0.252230432519186	0.843342540150216
0.287286531083613	0.844309396654512
0.312269713165595	0.849694764792423
0.328536960650968	0.84374610971793
0.358149814054927	0.842163749043583
0.387297781828418	0.845225076082532
0.413462073496038	0.852302075110267
0.439869962016127	0.848449070327317
0.461583934231691	0.852129137350399
0.485530617393685	0.843320839153549
0.512071858942107	0.843412613280295
0.538693468163609	0.842074038152469
0.559140571404866	0.842202767791923
0.587824208818005	0.847357106880144
0.609260508508227	0.847132451937485
0.638520837199854	0.849642456501257
0.665937102870641	0.849298451764732
0.697618358237791	0.840097798284426
0.723584218573007	0.84414177680956
0.747270976834373	0.848857535624086
0.77052968944122	0.846281629133671
0.790072931991051	0.848705017954197
0.826722794567269	0.847900302332127
0.845532480682396	0.852454737649979
0.871782284140559	0.840038426942413
0.902316067638553	0.842038966719143
0.918264365346654	0.850840507878486
0.953781672343418	0.842398005685647
0.971803542582896	0.852050784484734
0.0211868104053475	0.873654970253268
0.0514226721415288	0.873698568860874
0.0803304704335897	0.868787878531292
0.108678628457213	0.87540038268475
0.12648892298888	0.875682499225257
0.156242850780263	0.871271405239733
0.181384849588099	0.87561152221272
0.207413251383615	0.875456328257079
0.234451583193344	0.876225699267711
0.260453754920434	0.874531885908383
0.277850207174007	0.877483177909667
0.305332934411503	0.865953410846906
0.327671696092468	0.874496998954027
0.358581597922662	0.867316047643166
0.39045962938088	0.875014270325897
0.40544193050565	0.868111644596643
0.430591150423382	0.873140549274603
0.459846541997551	0.873798794773667
0.488285447203962	0.873521695388075
0.510651744282854	0.873233138867074
0.537320477328499	0.868361900294812
0.568137024008269	0.872957375179971
0.590008110301487	0.865932598846633
0.617503929864609	0.873704506920911
0.635515917546581	0.871736128215847
0.668737322760874	0.873280086773905
0.692174323468806	0.873415940584441
0.71521638804188	0.872570645897142
0.739901617624426	0.873292591014811
0.767609492722582	0.871396311912848
0.791318371216491	0.87798350418614
0.81995162812047	0.872683289293885
0.848241060039146	0.866561776469994
0.878127856271766	0.876308871791619
0.897347582457981	0.869098190550977
0.917887124075236	0.875022988141048
0.943315864739829	0.874014100318314
0.979268997393292	0.87593184679002
0.030196627273993	0.898215687928709
0.0492617449152697	0.89287016967051
0.0757301779698106	0.894788092159399
0.0981194177294309	0.900208057342229
0.133981807521799	0.897014520097749
0.147833135575539	0.903750519078426
0.175800043437884	0.902128930141969
0.200104316107192	0.899443133505902
0.228757794908754	0.89142256846454
0.258325071538879	0.892750893317177
0.287578724690191	0.899360623937807
0.307352191650615	0.896898674618067
0.337177080417642	0.89964734111685
0.353410792896907	0.899175514230819
0.390613057926458	0.892783449556532
0.408481780578093	0.897748691138008
0.431251155606607	0.903504580704645
0.465921427347708	0.892108690973622
0.489713406221049	0.894870353278297
0.51239988146807	0.898485588624278
0.544469147528706	0.903114297445476
0.558349380291252	0.89181673018075
0.583557003030071	0.892791727821522
0.613654737821043	0.897223988312219
0.635880702743358	0.898036884252105
0.670609855148016	0.903604992639408
0.69189021330957	0.897183471324565
0.71463342112772	0.893653090871361
0.745626233412832	0.894814765783101
0.76786848610763	0.895933400127307
0.799896714830697	0.903323509745055
0.814351414324394	0.900394159024846
0.848978707474568	0.895928185207422
0.868826526940926	0.89417299741503
0.895136438309935	0.901890444102501
0.918282722130598	0.901578318941715
0.947189944339929	0.90217331300669
0.977810117639887	0.892986991488866
0.0242703941060354	0.920333235108021
0.0518037310586714	0.925878254831695
0.0751455520813881	0.916895721810954
0.103789796262413	0.91777680944272
0.123317891142641	0.916889742340373
0.157486191042692	0.920650742742954
0.177598575863	0.925988418591919
0.206583541832704	0.917608397296273
0.233919339694507	0.920918594413281
0.253573700024578	0.921046145315795
0.284374524414625	0.91884617067746
0.310907961546173	0.928649541199663
0.338937234341308	0.923864667133742
0.357017437666997	0.922174872571978
0.388026497553395	0.92752927548097
0.412369528679959	0.919476693808115
0.430375468038397	0.925683328241111
0.46083996760356	0.924810917342914
0.48886469970974	0.92072310052688
0.516337616455963	0.919640549811957
0.533676130918027	0.92267492524294
0.566677838156556	0.924736256378801
0.588688276990374	0.923297621022794
0.616458840928348	0.921915786966086
0.640344241771992	0.929479871979347
0.661136729067686	0.922229296146216
0.691268682836567	0.927215589273583
0.723133683359851	0.925076822927265
0.749769261212553	0.926509867051518
0.774037527104547	0.917190080001431
0.796250437979563	0.921292567799614
0.815044622765843	0.923177501151048
0.844532398710162	0.925231588748391
0.865813425690761	0.926610265934866
0.896812477515979	0.922349575686326
0.929254998085117	0.928084605990637
0.942729014659037	0.916907330799741
0.968930905230697	0.921187673399508
0.0262912774565101	0.947089281339737
0.0528930464995441	0.95036903486569
0.0803840895005375	0.944576575720841
0.103147642504709	0.950858857484996
0.124339309092531	0.947412967320455
0.148485156315116	0.945445408889389
0.178314712885991	0.943982493709528
0.198894255092491	0.951157204338417
0.234824689788098	0.944598402485796
0.255185102757634	0.949826630674853
0.276834386968146	0.944002838045358
0.306616275826712	0.947275775457336
0.337590847814403	0.95198738559156
0.353329808677584	0.9536142206102
0.384472046426584	0.944768250883969
0.405864303117312	0.944048421443119
0.432371645391069	0.951443173574448
0.45777587217877	0.950241104733315
0.489540806109578	0.946185599011306
0.51405319877506	0.951440245280524
0.537901608683474	0.944351756118612
0.559439284448891	0.943086733381957
0.58555521373325	0.951227024130546
0.616431113285879	0.954148271169688
0.642096935156804	0.943017076757224
0.669767570313751	0.954485522898789
0.691936503043939	0.951884612872936
0.722448854969656	0.942436429195917
0.747526485208758	0.952685018971331
0.773095574750102	0.944275812782489
0.790063765482581	0.954063770241968
0.826264182975288	0.949738504474514
0.841420091762411	0.951923906287839
0.869358149976137	0.948048899472627
0.903347828193925	0.943613108315122
0.919778818871052	0.943992379092312
0.948740216048438	0.944354499343655
0.969614247279727	0.952724890570261
0.0290518178991016	0.97935250693348
0.0543339154312496	0.980393882277398
0.072972208391479	0.973449402007034
0.100886132963647	0.978732549745875
0.134122540782411	0.969280731316529
0.149968501234626	0.972510827143981
0.18556429948364	0.970790223550567
0.199949399132819	0.974691710819866
0.225222726584272	0.968768398298057
0.255964685513114	0.973650994086368
0.281083005243353	0.968683350885405
0.305131963691466	0.975910626126896
0.330392354219952	0.968338903807857
0.36446898680037	0.969361263387384
0.388145049820714	0.977321302880088
0.411132972121298	0.979924932243677
0.441934456994322	0.968807912907622
0.465203313093035	0.973003059693412
0.490485743048007	0.979698670384963
0.518383694044584	0.972564358029211
0.544653526363515	0.96999468756689
0.570031054891708	0.976521940802887
0.594352126714689	0.971799579808515
0.616720066753466	0.977265162816327
0.645074825565209	0.97823237040623
0.670363708714338	0.980513365941961
0.696026941881736	0.971813474014293
0.721504904430328	0.973384080669461
0.73991314202251	0.975940886593716
0.775360303102965	0.969754497877655
0.794661742237092	0.970422087412285
0.822006522952563	0.969586772339323
0.849777530153631	0.975174726640645
0.873184500378051	0.972941162423855
0.897199963817941	0.970936400019263
0.9285908882471	0.976191025365216
0.948068124186332	0.979268726231902
0.971750914670305	0.973571964864611
