0	0
0.0256410256410256	0
0.0512820512820513	0
0.0769230769230769	0
0.102564102564103	0
0.128205128205128	0
0.153846153846154	0
0.179487179487179	0
0.205128205128205	0
0.230769230769231	0
0.256410256410256	0
0.282051282051282	0
0.307692307692308	0
0.333333333333333	0
0.358974358974359	0
0.384615384615385	0
0.41025641025641	0
0.435897435897436	0
0.461538461538462	0
0.487179487179487	0
0.512820512820513	0
0.538461538461538	0
0.564102564102564	0
0.58974358974359	0
0.615384615384615	0
0.641025641025641	0
0.666666666666667	0
0.692307692307692	0
0.717948717948718	0
0.743589743589744	0
0.769230769230769	0
0.794871794871795	0
0.82051282051282	0
0.846153846153846	0
0.871794871794872	0
0.897435897435897	0
0.923076923076923	0
0.948717948717949	0
0.974358974358974	0
1	0
0	1
0.0256410256410256	1
0.0512820512820513	1
0.0769230769230769	1
0.102564102564103	1
0.128205128205128	1
0.153846153846154	1
0.179487179487179	1
0.205128205128205	1
0.230769230769231	1
0.256410256410256	1
0.282051282051282	1
0.307692307692308	1
0.333333333333333	1
0.358974358974359	1
0.384615384615385	1
0.41025641025641	1
0.435897435897436	1
0.461538461538462	1
0.487179487179487	1
0.512820512820513	1
0.538461538461538	1
0.564102564102564	1
0.58974358974359	1
0.615384615384615	1
0.641025641025641	1
0.666666666666667	1
0.692307692307692	1
0.717948717948718	1
0.743589743589744	1
0.769230769230769	1
0.794871794871795	1
0.82051282051282	1
0.846153846153846	1
0.871794871794872	1
0.897435897435897	1
0.923076923076923	1
0.948717948717949	1
0.974358974358974	1
1	1
0	0.0256410256410256
0	0.0512820512820513
0	0.0769230769230769
0	0.102564102564103
0	0.128205128205128
0	0.153846153846154
0	0.179487179487179
0	0.205128205128205
0	0.230769230769231
0	0.256410256410256
0	0.282051282051282
0	0.307692307692308
0	0.333333333333333
0	0.358974358974359
0	0.384615384615385
0	0.41025641025641
0	0.435897435897436
0	0.461538461538462
0	0.487179487179487
0	0.512820512820513
0	0.538461538461538
0	0.564102564102564
0	0.58974358974359
0	0.615384615384615
0	0.641025641025641
0	0.666666666666667
0	0.692307692307692
0	0.717948717948718
0	0.743589743589744
0	0.769230769230769
0	0.794871794871795
0	0.82051282051282
0	0.846153846153846
0	0.871794871794872
0	0.897435897435897
0	0.923076923076923
0	0.948717948717949
0	0.974358974358974
1	0.0256410256410256
1	0.0512820512820513
1	0.0769230769230769
1	0.102564102564103
1	0.128205128205128
1	0.153846153846154
1	0.179487179487179
1	0.205128205128205
1	0.230769230769231
1	0.256410256410256
1	0.282051282051282
1	0.307692307692308
1	0.333333333333333
1	0.358974358974359
1	0.384615384615385
1	0.41025641025641
1	0.435897435897436
1	0.461538461538462
1	0.487179487179487
1	0.512820512820513
1	0.538461538461538
1	0.564102564102564
1	0.58974358974359
1	0.615384615384615
1	0.641025641025641
1	0.666666666666667
1	0.692307692307692
1	0.717948717948718
1	0.743589743589744
1	0.769230769230769
1	0.794871794871795
1	0.82051282051282
1	0.846153846153846
1	0.871794871794872
1	0.897435897435897
1	0.923076923076923
1	0.948717948717949
1	0.974358974358974
0.0284821953040606	0.0251094441913725
0.0550186821002245	0.0216983787597113
0.0794953528169911	0.0244672405249523
0.10318868703525	0.0227603309461305
0.132198252929268	0.0286046477000971
0.152626716749208	0.0229882614134794
0.17478158997177	0.0236722466119622
0.20647626587251	0.0231679737214327
0.234013043239341	0.0199307595145228
0.258945890309975	0.024015276423012
0.288012061881085	0.0309458371565802
0.31036435960427	0.0198572232849908
0.338331877248636	0.0207804182099124
0.354861012027359	0.0243235637192053
0.378536711724628	0.0242060552019647
0.409578897035249	0.0246847742180887
0.437458381662704	0.0238789430824715
0.456432103083198	0.0279810231441401
0.485544596962938	0.0303692501584074
0.518195735662166	0.0248295144127316
0.537666341313021	0.0257551768549797
0.558348230463992	0.0231859252050582
0.584194140099053	0.0226169339245843
0.616582886292465	0.0225422719486438
0.642025295202271	0.0308272145881687
0.668238660480279	0.0277992048709202
0.688394072359306	0.0290896799474309
0.716182932045136	0.0280330609539027
0.746537501159944	0.0311483490069656
0.76965996016293	0.0255873975283048
0.791299259539891	0.0262702919459532
0.816995061539319	0.0223262841119372
0.851876604887164	0.0317288834739603
0.871771422731634	0.031638600640775
0.892988516908037	0.020021186569401
0.920459744302671	0.0299139926725543
0.952132467921146	0.0285988838303491
0.977061552653702	0.031635775468018
0.0229728052777238	0.0534364211208593
0.0469993806010248	0.0554986116869682
0.0747036799904452	0.0539612685165024
0.104392082835658	0.0470870184364598
0.132507734340698	0.049118649169243
0.157257243890746	0.0490079694035008
0.183353306453218	0.0491475584396322
0.204528294816057	0.0453935561799047
0.226681939715027	0.0527180972898136
0.255636872831686	0.0553428959346772
0.285190952844189	0.0549151950367039
0.302867107503621	0.048200622659285
0.334889983899024	0.0573058863566688
0.362131817056289	0.052318010115543
0.38223038734209	0.0557010279599449
0.412723327222614	0.0488847209729063
0.439657615644957	0.0465065869289168
0.465382108275863	0.0517751870010425
0.48654176732935	0.0501610161667989
0.508696473006624	0.0470769005439161
0.540742714117793	0.0546797115403029
0.562483568472926	0.0461803465856605
0.585481100607247	0.0473950569368624
0.62002758554905	0.0570175811364446
0.646225171864419	0.0537052702886678
0.663020506999118	0.0562599238257856
0.695237190557751	0.047400593758332
0.72082424928562	0.0569232002120381
0.741644778425753	0.051490730655993
0.770508654660113	0.0534872734230495
0.798625781010898	0.0569799692639219
0.81618835405097	0.0467070633870342
0.848494742283247	0.0527631721809664
0.875570508061456	0.0551152047806008
0.893783951811111	0.0538274582061416
0.927365729971095	0.0548412794707067
0.951142320023148	0.046395397542447
0.973911750740307	0.0569057975864195
0.0244632812203531	0.0796485567108366
0.0480670705569756	0.0831242525109315
0.0792658950881765	0.0780864628643847
0.0982892595620716	0.0731184813811569
0.134476874403678	0.0717985393532445
0.147676305543719	0.0790982833115644
0.180763144805286	0.0775876986110178
0.204133740200482	0.0815193831860483
0.236948857570778	0.0826055483795047
0.260750761984428	0.0750670572051954
0.287564543531123	0.08323157753908
0.309225630450877	0.0803958079199497
0.334689172586323	0.0719765243926716
0.363338333571111	0.0741900410060922
0.378480433490342	0.0723838232717616
0.413631385847691	0.0823038492195047
0.437736730660469	0.073372282103303
0.467113818669252	0.0833099772066712
0.491688747084545	0.0800912399035027
0.516995125900536	0.0739764456545983
0.536357158326916	0.0753637955010188
0.558474423248478	0.0747745384302456
0.592893619842817	0.0708573308644438
0.621642121983518	0.0776045845432098
0.642665257421426	0.0749982480932961
0.66399000313129	0.0830547962603948
0.698563281276911	0.0805953551175591
0.722856735254996	0.0762259837200043
0.748680482234993	0.0770649400674834
0.764974895321135	0.0712115905223936
0.790744867406049	0.0779102388296337
0.814615578729744	0.0785364996354332
0.843654657008112	0.0808095365464197
0.871335718529557	0.0816693861692843
0.891718697888716	0.073372157250063
0.928618739143554	0.0771124124668777
0.950731564014598	0.0719956306954344
0.972782329677933	0.0750351409158466
0.028768331605573	0.100175452853829
0.0549047004273572	0.108348705095972
0.0784776160323731	0.107482882678705
0.103066019315789	0.101838272962119
0.131171910731806	0.0981772322888363
0.148490207339114	0.108289444976498
0.183414954027632	0.100860818137951
0.203178497551501	0.107555236933614
0.231077843314197	0.104953305782509
0.256647001277344	0.0971138915488283
0.282274365568086	0.0985454543254306
0.302271841740184	0.104421940698385
0.339203540932769	0.0999275788869044
0.352738411354713	0.106089126270123
0.38263868896063	0.100477036681451
0.40886925164426	0.10690211592347
0.437552387186331	0.104562386532128
0.456318255100821	0.10397157215155
0.490593264229201	0.106511868276211
0.517083145861783	0.0991259919251705
0.539424948649008	0.107413953912809
0.56081208825612	0.097467465426463
0.594898585260427	0.102518487504353
0.615489811371503	0.103812287753631
0.639572653063606	0.100437250739622
0.666434161438318	0.0964385438602293
0.693182816801144	0.102861267350352
0.712253570690552	0.0963579245734769
0.74675953154607	0.107031746485307
0.76399140517752	0.106025634611244
0.797231477575333	0.096767740223785
0.814154352505389	0.105761540370954
0.852296982020517	0.104759866643711
0.87075025184333	0.104801625398648
0.894733391335068	0.0999414879511899
0.925060501553967	0.0972403725939557
0.948679071992102	0.104172574885401
0.9734515343539	0.106270555494891
0.0308192319435371	0.125998278825181
0.0559377478477496	0.133819111691017
0.0722337705674053	0.124211322298765
0.108973945515035	0.124692427529704
0.133807698991055	0.130611614261196
0.153768180105729	0.132022065015615
0.180991322635199	0.132899465126813
0.199203084561271	0.123630478534396
0.226939746175923	0.126196476046582
0.258232810049135	0.134534329591707
0.280014461930432	0.13069733847701
0.308123387591095	0.133564564250644
0.333158111872856	0.133757518456282
0.357574581888037	0.133773179394846
0.386478036504379	0.127835986831848
0.413260926008323	0.122189526000538
0.437527786161664	0.13068868382132
0.46246838225469	0.134251596701656
0.493091266556819	0.126764545581708
0.513734746919448	0.132740735211005
0.53661002420502	0.124009319522189
0.569692446292951	0.132280731766932
0.587763248381718	0.125476406210119
0.618565211895548	0.134461218413369
0.637087383796151	0.130405094453693
0.666325289858062	0.123495449254335
0.691376938829762	0.122163478231457
0.722487717996335	0.124028665353646
0.749761717173113	0.123701757601679
0.769853287057413	0.130095659807499
0.792049536876127	0.125350966078858
0.820368841820656	0.134294502751437
0.850289743287364	0.122030800740055
0.866053936311176	0.124069655696846
0.901967626267448	0.133154123009367
0.918456047946821	0.125349958139808
0.945696314446335	0.129127273625808
0.973797312576343	0.130101117069106
0.0284550500834252	0.156574267364539
0.048093750706355	0.156975382738199
0.0831664099960581	0.151730220188565
0.106592978352119	0.150073434040905
0.127828676330633	0.154023090908979
0.156348341611496	0.158762995713118
0.175802586303312	0.156584199179749
0.207393114662958	0.160085309671285
0.234698962124759	0.156987849634461
0.256084836316251	0.150895720463306
0.28273342427717	0.157363581679918
0.308478160509052	0.157420999912894
0.333773055391717	0.148075175222949
0.354645107410194	0.155783479152774
0.389307819522473	0.153409838505453
0.413711439735659	0.149545384366966
0.440993129345706	0.150609006294516
0.461963805526802	0.153727505330461
0.488184170258466	0.148550030333142
0.507945336863525	0.15567939314728
0.534959133993755	0.148734013146448
0.558937556093282	0.157887968974425
0.585010337578167	0.159962253434237
0.616506923695636	0.149642285824019
0.641465078459018	0.153127555506344
0.660841819987258	0.155693725964994
0.689395475015324	0.150888451968724
0.71284794214966	0.156545702019999
0.739369060475514	0.148186288529872
0.773135247751447	0.147948862293166
0.796082922597218	0.158702606072751
0.823061392822356	0.158735668409509
0.845895688345182	0.155292165130776
0.8675455624684	0.158564752225165
0.896234293026783	0.150230135922312
0.925160384821101	0.15528541026321
0.949414419548729	0.156586034707166
0.977106280683021	0.159284761395518
0.0257158045058623	0.178637155857581
0.0544347310614277	0.181165052061828
0.0826084266381051	0.183227980201309
0.104408800690335	0.178486448435816
0.122945318812278	0.174615246822501
0.152020066462937	0.185855118868538
0.180489854644535	0.180898527510131
0.207301971267204	0.178485031807166
0.226169856112914	0.179762408512192
0.26259527589325	0.181364245128098
0.285093290604406	0.17505365394736
0.305391961047864	0.178172334801638
0.33370654634732	0.174233695665162
0.360676930637902	0.185668168845043
0.379146915816012	0.176337071750567
0.416392569655436	0.182503698260566
0.430402883750152	0.176194550882951
0.460381717976705	0.183092560174821
0.4923968922134	0.173399584434041
0.516988142520758	0.177790707827183
0.535631544864117	0.184040595581184
0.566688581184176	0.179009931835057
0.594367542762906	0.179111898569345
0.619816246448919	0.174649649593978
0.640539705929644	0.176111241810921
0.662691946365218	0.182163818137351
0.694349020748273	0.182736255397541
0.713542851977967	0.180643138661449
0.745169105655164	0.175793635830062
0.763949970340167	0.173214821701654
0.794989222714459	0.175857789048529
0.815688139491715	0.177526082185124
0.847314357172886	0.183759833381778
0.873009928310054	0.177145845920104
0.903701881468808	0.173363169397476
0.92923050162852	0.176779975683103
0.944760180556175	0.181511265544029
0.975830897642198	0.183526106515193
0.0225297569215887	0.205408768218816
0.0534765720466027	0.200815721480305
0.0761914546280798	0.207938920897125
0.106446694139576	0.202930602317604
0.130905838080694	0.201977025141695
0.148999818945477	0.204709975372466
0.180065314277739	0.205747795123155
0.208614626846353	0.211526243420819
0.234524274918561	0.199658454327191
0.258217352739619	0.209126816771478
0.28292619396455	0.204069600959241
0.303375478824648	0.210061830965573
0.333733491732233	0.209885833010749
0.364495825486803	0.20771585394399
0.380609296817272	0.198908265012707
0.412435823147902	0.202446545457319
0.429532349487938	0.205297339662969
0.459092504747146	0.21052792970722
0.483709880979391	0.199400594887806
0.508900083242555	0.211059512820205
0.536038918520188	0.19929779893435
0.565799227834321	0.20029943294696
0.587896885113951	0.200913216075363
0.610667788965941	0.20775555800686
0.637149500742437	0.201976967946529
0.669047447734478	0.200905753947801
0.695185573291801	0.203363110672126
0.717099969352412	0.205045963028468
0.746763564384101	0.208650115416317
0.772644855684234	0.203621172253058
0.794156761981591	0.201932471299364
0.825106918718641	0.210889158891419
0.846817653041299	0.20014016184759
0.867156767146762	0.206158091802784
0.900418879446553	0.20835492101428
0.928589501818698	0.209787995002876
0.944572997963493	0.21017510246708
0.97615388971563	0.199518729827659
0.0224085182082616	0.23627192096208
0.0562457198544719	0.225578491124463
0.0738794273769494	0.231878206562388
0.097703621611939	0.225490099322651
0.12717853890508	0.232618917523704
0.15328126812041	0.228586080926009
0.184497638825834	0.230272605976668
0.199627015353999	0.230282188916511
0.226809968956407	0.224805900629667
0.250722924658986	0.22880670167628
0.286812045757879	0.231807764589652
0.308331794250161	0.229232297112335
0.32715944731033	0.22524624519177
0.353169816023041	0.231319150401005
0.385812123577395	0.233686787085648
0.407828175273048	0.227064800488364
0.429729724368068	0.236037936053886
0.458698361900634	0.226128712109458
0.49004211532413	0.224493311524944
0.512966015730114	0.230212844457836
0.53929273391225	0.233256362534411
0.560437820890436	0.234816105142226
0.593927374723217	0.230891596167535
0.621573704538395	0.231619362238707
0.639249955878393	0.225537869376659
0.663778381254898	0.235876341333621
0.692059953771165	0.232058378486153
0.720683972335835	0.23453565942811
0.749260500375375	0.231847841329776
0.76952165995466	0.234774463794927
0.791982330557491	0.234984148611387
0.826060598637647	0.23327349975378
0.84142622560079	0.226157001203813
0.877858115474498	0.225895078968223
0.891172832492615	0.236601584189151
0.924909349526225	0.234367904116648
0.950551935965746	0.232079414649079
0.975502345882633	0.236703663700326
0.025740757718891	0.261488149612675
0.0543901258806994	0.258572171224037
0.0731848313681746	0.261675119739992
0.099707408759457	0.261010461255788
0.123536527441599	0.252428708401825
0.159102678100369	0.255764281214915
0.173359448690433	0.257109015025118
0.20271746933844	0.261347416929504
0.231553636144082	0.257577593321302
0.253171987060283	0.251182914786191
0.27781133282071	0.252253120431382
0.304319216933921	0.255566732025546
0.335767814100032	0.2596164814765
0.365143314635332	0.254536768786776
0.388104879186142	0.256469020038159
0.408774783507411	0.256938065503698
0.432278951417342	0.262805787851425
0.459532188373159	0.255358847809288
0.481392221066467	0.261830956694379
0.517060548637473	0.257016138286227
0.538176660853266	0.251600091941429
0.564441642926377	0.259346068564303
0.58556507095422	0.259459027386723
0.621051583559335	0.25745588173427
0.636802916208674	0.261636419813606
0.665277719953514	0.254394901812266
0.695595077498505	0.250531692396556
0.718252080553618	0.25462623457502
0.741865708961056	0.258612430583503
0.768655212173064	0.254266462938339
0.793233958911334	0.254906306735513
0.82473929595033	0.258412584022863
0.850992509820841	0.257266481322869
0.869171539597541	0.260505392305316
0.898124458185528	0.262450887412112
0.91780347590678	0.260242692117567
0.951538260218057	0.257379720882154
0.972207400120225	0.255670901878148
0.0300769920092981	0.279572057394085
0.046848318666737	0.284815723799288
0.0823723514931407	0.277798911684979
0.108959449784119	0.281348886985499
0.123433726698655	0.285867807546968
0.151176089452009	0.287886248952564
0.177407273572817	0.280723013884233
0.204778668036074	0.285292548894957
0.23273765293862	0.278288467718518
0.255967452954759	0.279547748402362
0.287574966132373	0.280653311578561
0.301386951379695	0.284362381459878
0.338713530742239	0.287376634325603
0.355549289069118	0.279780852864145
0.384677933933584	0.282803415392755
0.413853142551727	0.288254946897337
0.441859967715578	0.287285304455536
0.455204741282075	0.285172588592778
0.485275524739367	0.286213898248289
0.51251757398865	0.282032694313559
0.542414522696497	0.284294312535901
0.55862669693041	0.281845220078091
0.585083067839127	0.277510624963164
0.618619321449992	0.277231726555067
0.643159680779416	0.283732125334624
0.660383281734686	0.278008986370259
0.688694044208763	0.280106620855429
0.721591949802628	0.276855148559562
0.741364297288902	0.276599858545916
0.769787724134944	0.28332400545463
0.789277366454304	0.285731425498809
0.818120265622583	0.283959698763777
0.84273973472974	0.285243659758905
0.87609455270332	0.288205594244859
0.901149254365137	0.286289283824207
0.923250044207403	0.283505093247886
0.954916244054014	0.280269987513813
0.980079580231222	0.282799123759337
0.029424827766743	0.304722308272558
0.0472517378672965	0.310083125510051
0.0830150391629842	0.313892200028842
0.105676802366634	0.313146880228404
0.127087862496005	0.311681649218504
0.148241625213799	0.313655588789986
0.177079308388901	0.305445039103885
0.209810608566876	0.312335328153627
0.236817728545871	0.310920653570334
0.255149220417693	0.308902439393365
0.286829800321212	0.308957578226555
0.307563487757698	0.313731305863389
0.338364016659853	0.304818826718368
0.363576009125851	0.302853629761361
0.381899625903855	0.312334331867996
0.413676166384536	0.311458872759829
0.441326497460116	0.309710482546395
0.464800167403564	0.306799145103692
0.481319844409142	0.309893031674639
0.517812264250171	0.30900234987616
0.536952152831466	0.311121709275042
0.570449706008279	0.312489000274979
0.584265417800168	0.307906419129109
0.60935897429437	0.302843442586054
0.641160926175106	0.310579363180946
0.663920163392271	0.303303986432288
0.691725469167555	0.303352192842862
0.720858863822719	0.312734690233035
0.743144427613318	0.306998208646576
0.772881175591085	0.30141621614854
0.797136937549611	0.307033777925464
0.819762928167266	0.312109133226165
0.848448193834501	0.305252955124912
0.866826356142607	0.311812026218539
0.899688816952091	0.304359404975732
0.918816127521315	0.305700255444083
0.947752515361683	0.306817805669716
0.971358922370897	0.306684092855939
0.0218427637182761	0.327996176838294
0.0474466876324266	0.327895641366787
0.083228054256664	0.328759990268963
0.1070011298631	0.3308555034884
0.134403355578899	0.328469147353956
0.156307968895223	0.332473226686626
0.17768337314009	0.335565956819717
0.201846713398023	0.328436315747619
0.228793335416374	0.333783908654601
0.261708594009365	0.338083231029212
0.284320240287063	0.335066910810349
0.306069936869753	0.338849169191227
0.335938791843028	0.33132895690842
0.355276000585872	0.335684585588117
0.387023513858566	0.338771451564192
0.408008016342069	0.337231948846156
0.433056664730229	0.338152521322863
0.458414385122217	0.331082033815904
0.487570980411986	0.331678963965277
0.516505805084698	0.33148315287288
0.535420653335645	0.330106970751122
0.560679294878379	0.334581141592688
0.596072897079325	0.332979345957557
0.617528660837794	0.337048000621543
0.643144052594295	0.327528597987589
0.664797115459833	0.330956946440821
0.698592353689082	0.339464871072396
0.715704653827791	0.33912453912467
0.742284716765205	0.330826905189721
0.775483921616407	0.335421359502661
0.794120793983155	0.333636062345776
0.823108230204632	0.338991388333109
0.849563398279197	0.33026691047252
0.873599619451771	0.333450747346334
0.901868414594201	0.329692845315544
0.923404552220922	0.327089977234108
0.946753876618277	0.329466542543781
0.979245044522211	0.33173501396438
0.0212786230358626	0.354340383744456
0.0550294901400287	0.364317165912976
0.074331593331264	0.362036620673905
0.106595192087892	0.35401876846845
0.13412364172315	0.36062765049643
0.14937713683713	0.359198332767691
0.177930562892815	0.355238788794314
0.211107897150147	0.364041767014056
0.225573259024319	0.355036175041758
0.262621675577574	0.353646261930485
0.279714821034115	0.357859797880365
0.311623401342363	0.355793230375089
0.329428193913084	0.364684453401706
0.361965046809733	0.364929029954041
0.38466594966417	0.357559826393924
0.410845105854678	0.357038956340654
0.438101462054554	0.361693432806212
0.467355795393169	0.362465070758703
0.490052520995017	0.353345953817557
0.519146670979857	0.364773446583051
0.544181638463298	0.360488317973783
0.567367382171761	0.355270087033645
0.587872192120896	0.356934282637862
0.610969433027506	0.362117243752661
0.643152818269164	0.356223514847845
0.667535111204817	0.355256308281004
0.692720367656982	0.361270956977727
0.717337182990548	0.361548810899636
0.745114779186122	0.364582911270846
0.769384481602639	0.363806194195153
0.796941566052682	0.364735026885021
0.825467953767232	0.357377386225487
0.847783846054135	0.356346251928524
0.868983179243786	0.35498228295501
0.893042755513662	0.358748135963902
0.927010071080935	0.352883186194193
0.953139273878056	0.359121350989839
0.969622901821761	0.360491970520389
0.0259794723135681	0.385819269133445
0.0500187687414821	0.379127644996338
0.0832134010186769	0.379499121988787
0.102955641595452	0.385939590759054
0.122377893034598	0.387941429623599
0.152054372716466	0.380981292291638
0.17941845158716	0.388402727137519
0.211428706875179	0.385863545150203
0.224957437606564	0.381380026924371
0.259263164843913	0.379579604653268
0.275745911528908	0.390699442979954
0.309902943444895	0.380667328168396
0.33623510956494	0.388891111473022
0.360811705060018	0.381273990028755
0.381518432440356	0.384991201892992
0.413014243744421	0.388982936289492
0.429952045541334	0.386502024325696
0.460331595337301	0.386353599444189
0.493134316259139	0.387306479215378
0.508121870604439	0.378244958937204
0.537613257250761	0.387058015675068
0.567591711375184	0.379360953771316
0.586246318194238	0.384705894219308
0.609249225902289	0.387962329840699
0.639106294912415	0.387792960293182
0.660982169842533	0.389158437088117
0.696899889826983	0.38279052542967
0.711550697271515	0.383341686025007
0.744501442532517	0.382992278661521
0.774417128725322	0.386283167554753
0.794847770383734	0.383353913915297
0.818921753753136	0.384486867972288
0.847652779060972	0.385861031411852
0.874225939213507	0.37990241918989
0.897692196358126	0.379570503803859
0.921776283992808	0.38665576665208
0.948736118384417	0.380376469785639
0.975385251126149	0.384377028218132
0.0274189827298049	0.406394989964261
0.0540247874315682	0.41247201275872
0.0787871842921781	0.416067237950262
0.0978734018344277	0.404495312539306
0.130571044031898	0.416040452185542
0.148970403651549	0.413890468385649
0.175135016333037	0.408532819950646
0.206365655244056	0.416623109689983
0.232395370554326	0.40494658680957
0.257958374851224	0.409449092897738
0.286729876793555	0.407426928380625
0.313368603707626	0.412619921243171
0.337687393230355	0.404000245798156
0.356370849818373	0.41142685489876
0.384132230371458	0.412825630137398
0.410674550892974	0.410084919859521
0.429987388343214	0.409918046130914
0.465543721124531	0.413203356137155
0.493538041050226	0.40854420961387
0.518595061717321	0.409348668077305
0.535705825310979	0.409641108996328
0.564886220430955	0.414348674320706
0.586372416745479	0.408684930679756
0.611935031611853	0.404441076586957
0.64047158585298	0.416587849714326
0.668517854314695	0.41656369439803
0.686060653992054	0.416631000949392
0.72097200119217	0.41530685844879
0.742920164044232	0.406352192194536
0.765692918546452	0.404876726353853
0.800066374532832	0.408548671057188
0.818518556324054	0.406754049709424
0.844031531503144	0.412879001057593
0.869176819384334	0.414749226942054
0.900457696575603	0.412860137601702
0.928004235613403	0.40778853295503
0.952586889575987	0.409046725772871
0.980707763778323	0.415034921153703
0.0246701601214186	0.434201835881089
0.0512091517787386	0.437302601361326
0.0733017568493228	0.438800978988683
0.107870412120143	0.441513378672838
0.128352942396962	0.431070065261812
0.15220461805245	0.43479679954488
0.177262349099862	0.435127758461628
0.204555940940912	0.42965917746901
0.2349084575761	0.431464486394362
0.256410537636819	0.433001001010088
0.28715202752303	0.432244338151597
0.30820910864794	0.437077753912775
0.331853050425661	0.433847173499472
0.35652805659477	0.434679072590816
0.386105259699991	0.436179655757491
0.405493936774236	0.43831599430219
0.435406365809224	0.43751102160359
0.459300499576081	0.438731937988498
0.483718553744226	0.442281251759882
0.506662313523906	0.436406710753586
0.536980601561631	0.440048489261987
0.566940008632384	0.429637035873569
0.589078020188758	0.438691962630423
0.616998479400078	0.435794401142025
0.640913195578174	0.43992629574706
0.667266665265093	0.430079609301243
0.694268697088501	0.439597164448418
0.716065063889627	0.429764616250439
0.745043322240299	0.440773637256553
0.763465137736951	0.430339509929161
0.79263447325795	0.43155525925408
0.818997555722769	0.433480777510813
0.842914269521015	0.431390020841893
0.868204366564796	0.438123359254906
0.892398695715718	0.431470960936845
0.924445900357335	0.440894514362524
0.954472361862017	0.436450023355275
0.969552383033726	0.440272490857874
0.0263514336214909	0.460911671620098
0.0490671883169841	0.467928098660234
0.0797456714576831	0.457461671397327
0.100170960574725	0.45938352497801
0.127866191026778	0.45689973409998
0.155685849840934	0.466845610446372
0.179814640761558	0.455359037162798
0.204482276139677	0.462234013788363
0.229884085835781	0.462024471684942
0.259888997347048	0.455563645322897
0.284380336847949	0.456439589494884
0.312403939482671	0.460188941483066
0.331969933580629	0.462002330213351
0.363533909341809	0.457493420698043
0.389397409932604	0.463688142987044
0.408851179986656	0.461201846313198
0.431965200604216	0.462235354888966
0.460974706608291	0.461316484170094
0.48783765940251	0.45943152409916
0.518266624423083	0.464702985753483
0.536377669284124	0.464956801575971
0.570412392529189	0.459349253222136
0.583851089991105	0.459063648846077
0.612488554015797	0.46633859404072
0.643882140829064	0.460842199444209
0.671046694057323	0.463045393338418
0.696200006113788	0.455371127949918
0.720044948105323	0.458162226285279
0.740928671491299	0.46331309474321
0.764920640577169	0.46524623255562
0.79144860431722	0.464014772059891
0.818360190512843	0.467622581621362
0.849154264755691	0.459636295382437
0.874528491288918	0.462620310256464
0.894090746233639	0.462849601202412
0.917120857533884	0.455847418505976
0.95395559922816	0.467060567187666
0.969329672045472	0.460817966718326
0.0272260564356286	0.485741633849051
0.054104854740755	0.483237133303162
0.0830144473748085	0.484619174664131
0.101342341167241	0.484774558316791
0.128145287556938	0.488193945149738
0.154482894189431	0.490475738687966
0.18532747624746	0.492787467447451
0.199101678681734	0.48698369404311
0.230092369994151	0.492934761864578
0.258511923796906	0.489774124366716
0.281999413174314	0.484278633093612
0.30720197539265	0.487782586460593
0.335340305667001	0.493585253244212
0.358308602195271	0.484186057345906
0.388360584016841	0.48676209484236
0.40531103908603	0.493255943447194
0.438501775557343	0.493323792074926
0.456187804557157	0.491934763481865
0.483437047737485	0.489596038755648
0.50880576279093	0.491221936707035
0.540998845113156	0.491005945996685
0.570336311525288	0.486690337162567
0.585884643181852	0.488146886688542
0.613354785881362	0.482671440388128
0.638097636535088	0.493198749167781
0.671501320440514	0.488235035288439
0.695112063520826	0.485960292656176
0.713967781060261	0.487126489877523
0.741544833714628	0.489187762971837
0.764787659452047	0.484346645890255
0.800644232166488	0.491272469553809
0.817148963990815	0.484621785566332
0.848791846643656	0.481691194162374
0.877589913818995	0.485302412784226
0.894506527321252	0.482169348498008
0.919317177212818	0.483707474877533
0.951814001061201	0.486108154535089
0.972275721990975	0.485920571290229
0.0245656449108727	0.507582789147571
0.0478044632385358	0.514948585563347
0.0809411767769385	0.507014939297655
0.10547701871701	0.508937688268836
0.13442855556847	0.512687424691599
0.15129830765875	0.509123761618875
0.173554066729654	0.516814976128586
0.201679608045274	0.509531601338912
0.229006313232006	0.508726925900989
0.251622822785882	0.514464148375242
0.284477336576436	0.517325649134425
0.306966725863315	0.514120929260619
0.327100039965744	0.507619598862624
0.360108796374362	0.513151024955503
0.389089403210053	0.511107618986945
0.415620883988489	0.516684227498272
0.430160149647562	0.514647407573782
0.460643670763182	0.513263063118635
0.490446795651211	0.508310492474602
0.511634403609818	0.514887491638365
0.53320106955659	0.516474018352281
0.57050778176307	0.510621534137817
0.590917724872684	0.51622846793774
0.617342274708594	0.517387877755469
0.646929394175027	0.51620525682202
0.6646076950737	0.515845736093464
0.693885608602446	0.513349791389634
0.72378527603677	0.518206618682649
0.746945456669974	0.513031383861345
0.769706571610759	0.507825833659162
0.79815366711446	0.506531503094866
0.81935598595498	0.514733169342584
0.84176912018368	0.516480389853446
0.875877920553818	0.513068157171714
0.897035568904459	0.514864843042677
0.928292104821163	0.510494517985693
0.946071022581859	0.512411882291472
0.977888577378593	0.506881324455146
0.0242775196271082	0.540003812179902
0.0542295545552719	0.535539498420452
0.0734755012320311	0.532816807018618
0.0973544227325329	0.535055596534124
0.131860944939575	0.53622361171014
0.159735869305933	0.540049731873911
0.182599194586239	0.538489675202196
0.209830995902571	0.54206131419852
0.225410061841388	0.535339073790384
0.261473503088542	0.540967257897855
0.275687540422433	0.538224567206988
0.304416053625051	0.53289756330095
0.338803068372	0.538611248032902
0.354083726575031	0.543987323318315
0.385357890062634	0.539206324063815
0.412196825926324	0.536149817573142
0.438249948812782	0.535014751087467
0.467931297114736	0.534832924077383
0.486365182343081	0.540058303083981
0.507563918110161	0.541621191055854
0.544113060238665	0.542621987827858
0.564253864637762	0.54305834716921
0.590337574990462	0.538256285975861
0.614852837945625	0.54467258911488
0.636789408189489	0.538518426840179
0.66635531676365	0.532686833489
0.690698879618507	0.541942897369301
0.7185878231417	0.533967653548718
0.741113081012472	0.544390582364925
0.774508437466779	0.544334823967762
0.796714109910829	0.544802821909948
0.825700688419463	0.544464361723888
0.843338745992519	0.538308484512305
0.875871632840308	0.533089018408782
0.900447514286319	0.535676875352621
0.928072374056853	0.535125239867413
0.945210454685928	0.541732928666903
0.968574150514991	0.533973384290324
0.0316155849354546	0.56513656043867
0.0462270753000575	0.56799958891622
0.0714602007906967	0.561743205910072
0.101912947805785	0.562177226215757
0.126836742046898	0.56327483589434
0.147601656118675	0.564429944957208
0.1846020291645	0.560357920283462
0.203959412132661	0.565286865561777
0.229119492952714	0.562888397290005
0.260630860388088	0.562771455436063
0.283686252321545	0.567177700630237
0.313632239332116	0.564203056721146
0.338213315556596	0.567183290058368
0.355209592807901	0.568663764930992
0.379308150005592	0.566685862144327
0.407605630621035	0.560436356779609
0.431811237417558	0.566528828689378
0.464280058940365	0.56969352982295
0.487866806893009	0.562263378715672
0.509335154478786	0.559121097304732
0.5349758351051	0.56346284573114
0.5587449579212	0.562905847933799
0.594721041329485	0.569914509224041
0.618308799974516	0.559915060526482
0.643090372315208	0.564147145757855
0.662800323254662	0.568414997288093
0.697360888483326	0.564111503468141
0.721932224188628	0.568391439982316
0.738379055425296	0.563721002621851
0.769235178482529	0.559607338313412
0.796819090849187	0.565275143390499
0.818203590264465	0.563067601369758
0.843996713695746	0.558760331862672
0.877660317894018	0.56246806010295
0.90374178134385	0.565950804899828
0.920274246257047	0.570313290162357
0.94240734512554	0.559135365444384
0.974233273401487	0.562599588658783
0.0255736777440033	0.591314773114983
0.0548400378392493	0.585514962038174
0.0748292090846828	0.589977201506286
0.0971559799109846	0.590141057177652
0.132659604805009	0.590681735309954
0.147553564661824	0.595518030849291
0.180623361957871	0.588684756493114
0.210786286710066	0.595317987280232
0.2313143531217	0.590595552486176
0.259066099269747	0.585877675369145
0.282881756382085	0.590542740802172
0.308485309314213	0.594243177074122
0.337084002204621	0.585464765071702
0.355019724034651	0.589452999163791
0.387089129586525	0.591415192786673
0.414097406296365	0.584485650244074
0.434273226311806	0.596102373214622
0.466030628152626	0.58689618187564
0.493550095286913	0.590764063493795
0.506549894271951	0.585488171314126
0.537687789586051	0.589393740930548
0.561305742377994	0.591161083460525
0.589483602440933	0.592470312284836
0.616776284984047	0.595857622798537
0.638690286804691	0.584785296896847
0.667606637936278	0.594757539919745
0.690768077014803	0.589603789807793
0.713040161477212	0.594804622444574
0.742152088924182	0.591958194367443
0.767746881276564	0.584319445784717
0.790289735573088	0.590433495092265
0.816014262913468	0.59533978174458
0.840505920102598	0.586348761518892
0.87699166514798	0.594260099105199
0.899492899272756	0.590366025941493
0.919948703709274	0.592826648413282
0.946591473896094	0.590085229213679
0.97553933239965	0.585798270304587
0.0299573452168898	0.611756270598869
0.0466542951020412	0.615445523161573
0.0813951567745968	0.613457991150026
0.108788845817679	0.620741433001716
0.125940237044325	0.612479965026261
0.158955064894872	0.619988227127358
0.180313753400108	0.615427730963976
0.200250800424839	0.615648462864618
0.229147300621488	0.61935543010355
0.261410944156151	0.613221034312043
0.278642589008423	0.618309392602167
0.31051604026007	0.612760620449376
0.332613926559147	0.61565507358066
0.360860065313318	0.611368391766764
0.380036070530802	0.609905576374087
0.406223128017485	0.620784704181887
0.430242206146485	0.613514903380079
0.458486432132588	0.619051384297793
0.486286943092196	0.615820230614965
0.508083065747773	0.621484835924828
0.532244086715529	0.615905006427393
0.565087223114683	0.620563569209363
0.590590765051664	0.613155432916985
0.611443955476571	0.610364344524465
0.639991222793908	0.610180490395937
0.663550249416537	0.612237058788478
0.690362515081813	0.621058970232829
0.714060122670551	0.619569289796532
0.741025581593552	0.615775422468725
0.774254291521624	0.617133395959733
0.790823770197853	0.612385761695808
0.820358259541974	0.621685536274308
0.840733397110626	0.614756130216293
0.868328638231446	0.609982036163882
0.903336750432927	0.610513980258198
0.923432387297242	0.610192144484303
0.951391818654224	0.617643065849434
0.972905927894889	0.615674662899633
0.0292706618996958	0.647180349739612
0.0511252262538883	0.640381786686018
0.077027495991297	0.643420588941475
0.108404674635716	0.642430639702445
0.12483306801244	0.637366291792731
0.151142122387215	0.640123205837807
0.182895586110735	0.638162312023351
0.207523937912078	0.641436972457697
0.228732970008568	0.646254103027405
0.250101029016877	0.641238520357922
0.28255027543132	0.646728303558509
0.307889159663568	0.639385287848904
0.336251346083857	0.644862405760177
0.359112788169589	0.64079804844502
0.389163181642873	0.637662224759404
0.413558539295749	0.638228763790696
0.435933653316015	0.644158242016227
0.45835816990732	0.637114832601946
0.493312866895191	0.638677595691871
0.515387949015958	0.647317992619135
0.540559249666467	0.636750056065097
0.565102724662652	0.643952254649591
0.586810076605608	0.638932411124752
0.618772919727678	0.635829323695461
0.634738251910967	0.640377438398286
0.672498172225236	0.637718464457507
0.693810898536036	0.637318942091947
0.723782991708579	0.64565841869282
0.742681316419991	0.645940958424443
0.77550484508686	0.635387441127732
0.800761832711006	0.640204720185018
0.821715026306763	0.643316485875831
0.840902959725117	0.647428808661572
0.877975468164034	0.643976198917568
0.903663197174019	0.6394996212312
0.920470289489343	0.646115323377407
0.94352664099811	0.644858900487665
0.976860587142232	0.641598245854181
0.030174487077019	0.664051873408579
0.0526461194314393	0.665119130204381
0.080238513202805	0.663448309989898
0.0962741921165251	0.672967499299933
0.130910648198046	0.665582118696675
0.151166222406656	0.664643514483359
0.183331282927004	0.662167308209736
0.199937914452965	0.672660613904153
0.231238764132194	0.66481653641949
0.258253396924589	0.661874435503163
0.286107271777069	0.663689955241825
0.312227781257496	0.663015273326906
0.333041361490278	0.669040329689071
0.356466953037331	0.668871321049824
0.390308734786918	0.670498340743556
0.41208756420333	0.672327850707842
0.433735725772971	0.670042184867132
0.460519008407501	0.671952607155996
0.4882234845322	0.662875680667686
0.508804142340746	0.672899529277151
0.532710479751826	0.669102964309908
0.570419740392171	0.662266705584277
0.590163472019647	0.667710758928611
0.612285871065849	0.671865638895819
0.646641131140952	0.671560265608523
0.669803223983844	0.668298517930401
0.698612745288246	0.660920204446584
0.714752976374241	0.660308947552961
0.746948635677808	0.660940420712121
0.770795208633357	0.672231736169189
0.794893208653381	0.671452412340377
0.824569388913538	0.667345902575445
0.848302894402277	0.667003389848946
0.866892049236642	0.660651616311094
0.899172464468443	0.667614362284471
0.923125667003382	0.666819165568564
0.944314040761589	0.660307561146187
0.971736395982954	0.660774203345853
0.0237732933862057	0.693764851397619
0.0566441248441196	0.693967062457057
0.0828163354730351	0.693895428576438
0.0973239593893935	0.69570781659638
0.125259675927131	0.695080973735088
0.159815533177616	0.689602828128652
0.182909822321942	0.690224784016509
0.200377718041877	0.695424753213277
0.234836269754898	0.695305470621615
0.257661651993514	0.69312972162798
0.280748279802211	0.692949982137197
0.311102874600069	0.690188643264422
0.339253087070377	0.698390118345588
0.356999971940669	0.694516485931521
0.38893535792071	0.691772349714935
0.408347289817999	0.693970076124696
0.43654212122868	0.698126996803725
0.460358280058343	0.68925403767575
0.492317539686143	0.69825163202311
0.509846908692471	0.698174335765121
0.54113982139986	0.69390050061099
0.557732204675728	0.691547876938552
0.583643720512546	0.69459750515276
0.619768872512725	0.693095613042892
0.634978832696403	0.686329640858675
0.670237740383228	0.692007354169862
0.686533011182719	0.693462261898203
0.718149605473342	0.696512439288677
0.744411196616879	0.689492621944978
0.768448207253911	0.695123391262924
0.797612953283499	0.695111904693259
0.821718884919363	0.696690732923315
0.85092799443748	0.692688784771827
0.869995483556114	0.686189212333109
0.897949608336495	0.697467913494471
0.929023797531562	0.695969404976945
0.94956724511786	0.691011107188045
0.973204394225337	0.692944210853683
0.0288345262035649	0.718369871899602
0.046441800423914	0.715972421827491
0.0762932370063292	0.722999197132176
0.104445089810417	0.713115683080066
0.122333203605052	0.713264723477361
0.148718969989216	0.721864493097729
0.183038136612703	0.71454907485755
0.200160090235584	0.713192045797037
0.226163623282238	0.721979335714095
0.260502337759696	0.718418316668524
0.28590826673781	0.719517834634532
0.30577643394821	0.716862319182846
0.330848964869446	0.713281597742374
0.358667053867078	0.718260950381185
0.379465585287234	0.716417194900021
0.409965978292971	0.719712254431711
0.437428076660442	0.721050442983399
0.456769688083492	0.714572458165458
0.49249327949553	0.713921521657482
0.519060147881456	0.720510524924392
0.540241499868547	0.714219364249449
0.56195175756985	0.714903158194483
0.592816904872308	0.716142411211178
0.618125953746395	0.713001279524242
0.638661832755667	0.715434315009979
0.663393788628436	0.722962762361756
0.697725126632513	0.716643166325586
0.719600319547013	0.720299582543613
0.747908406459802	0.716436341653064
0.770431430451321	0.716594416715372
0.800782707013016	0.717494737796885
0.822255853155085	0.716132715216308
0.850864501965105	0.716797352180088
0.865531246443911	0.720875896890365
0.899273935733374	0.718610842478849
0.922851088176907	0.717611056839256
0.955101719629139	0.718692894382986
0.978330583518696	0.715544269564787
0.0239154832375375	0.739859207429958
0.0449702316516893	0.747448985860191
0.0827987446600407	0.747698927696996
0.102564878489478	0.749749974450771
0.133018176217427	0.749123533454349
0.155101922464251	0.749960024695883
0.180947285982771	0.749511833093187
0.207917844940754	0.742273664942553
0.224871348191479	0.741614417191269
0.253618477439046	0.744068907478992
0.282922318785005	0.74015409862601
0.309801758311244	0.738854228861904
0.337918254363516	0.74624382408002
0.359178974452727	0.743230191880694
0.384070824698317	0.742856662403549
0.409955246547977	0.739915877861608
0.435126137930442	0.73801225668329
0.462525951028497	0.741165985853143
0.484088763733057	0.748982456196321
0.508892967935768	0.740968702763166
0.540313507656329	0.748592757174951
0.568733518266521	0.741126560539748
0.58340276331064	0.738724734663338
0.609779855270365	0.737731812748854
0.642658924242414	0.746921948160778
0.663368357837226	0.748703784217213
0.697995699534077	0.741095862738566
0.718206750282251	0.741985451062229
0.739690782456536	0.747705768116283
0.770378315295421	0.745558902244999
0.797923268922011	0.739880848947358
0.81633905333258	0.737800676167194
0.851866649638431	0.747006337711899
0.877776922909986	0.74200772691505
0.902812374073942	0.743339865548353
0.926346929485893	0.741241586860294
0.949663557223291	0.744729869643618
0.971064500566175	0.74945562444548
0.0301012170137862	0.767588202379688
0.0556889863850058	0.767543528477021
0.073605264571553	0.769260040851038
0.0965751757697985	0.769356712382907
0.134060244475786	0.772963184271348
0.151505329231363	0.763460314862863
0.180516560010339	0.774084732756292
0.211402353757975	0.77505133595092
0.23198576724801	0.775274496370122
0.261584177508457	0.772377352556392
0.28029818121315	0.770385627855685
0.310227086849754	0.770233285529405
0.337416282879816	0.773546129409937
0.362845062343333	0.773018259802079
0.38475610114806	0.769709710175604
0.41455136264689	0.763209183134276
0.433585847888787	0.768739817129663
0.455822845098565	0.770089561894622
0.481763864733367	0.770956054830689
0.516920141663999	0.763073028618436
0.533986960992269	0.768533006494282
0.56062827432732	0.769123726329138
0.593779450142323	0.769375814993606
0.613948970739199	0.764912609223741
0.640172168063842	0.771562267163973
0.671456590440174	0.765328762483437
0.689287674323813	0.763339052408261
0.718601831021828	0.772367722843287
0.744637356082236	0.769647503012446
0.773174984958743	0.766621489092615
0.792351770000968	0.768495357273534
0.814144741115373	0.766513568601554
0.848126878557066	0.77454658268113
0.874194667948037	0.772499421032013
0.894800496060399	0.775518825466488
0.927451502518043	0.768411714811122
0.946966924944323	0.763961868457459
0.972965108986482	0.765456233396376
0.031184927129708	0.789795181636068
0.0480662859416766	0.793656027145546
0.0730582533773782	0.792191324220369
0.106390122770444	0.791113326523382
0.128995382154464	0.796518235188774
0.159322458559296	0.79651358079197
0.17711859802931	0.796316533054676
0.210215449092408	0.799658670244882
0.225644279683049	0.793331759967406
0.253793866882708	0.797045698372079
0.280745915790723	0.796770817440101
0.311518648438468	0.791657572593592
0.329945798549425	0.788738569567573
0.360083966181754	0.796255565538394
0.384945489179532	0.795739331110409
0.416344835139116	0.797746026219682
0.438307507725457	0.796595773290635
0.463180943518381	0.793928457991572
0.487669785211769	0.793725150003143
0.517200878121166	0.789058420103882
0.540770753042159	0.796415007540013
0.568803684490221	0.797573549515674
0.590521203789519	0.800280081337326
0.614855377693815	0.790387801613586
0.638041648545566	0.798011394312696
0.663971620047735	0.791165155904996
0.696546200773458	0.791897219346029
0.72435603893812	0.788756193308606
0.739903013438291	0.789374517539391
0.76932714766485	0.79907350265342
0.79088611382784	0.788488700717501
0.825326440680289	0.791781362642037
0.84870136862773	0.800442084819713
0.87686334221699	0.79101321252075
0.899253518320703	0.789293614896067
0.926013647372089	0.788817384300261
0.943397981124102	0.797370159966354
0.979834618943034	0.799044320034167
0.0299825245759803	0.817664190268607
0.0471088070625483	0.817640263591902
0.0758734036565022	0.818011258924241
0.104351969494578	0.823977620652857
0.126108435490765	0.826439988417813
0.15169140450982	0.815191157436796
0.183720980917177	0.818274847289402
0.204326253264129	0.817454215631816
0.236030621579261	0.823693756392974
0.25325041558319	0.825849669489919
0.286657874413907	0.824039583039024
0.312844927899012	0.814244952812511
0.327721674834648	0.815526151325004
0.353996967233689	0.817506387170514
0.386387533626374	0.820523154585214
0.405264798080726	0.819819658259159
0.436246282435469	0.815286636048564
0.456230513287581	0.815196723110726
0.487432391877232	0.815189885931135
0.508061556923792	0.817304833287801
0.54213760116802	0.814132950975255
0.570377615953082	0.823580763315113
0.594582512339841	0.820492726636688
0.617447761714676	0.818201332343588
0.645499256957154	0.817436977408613
0.662141770950811	0.825435200949853
0.694441727042665	0.816182747291613
0.721590725785481	0.819510790352858
0.745156590168047	0.820429758223033
0.771258629512567	0.822927936426075
0.799933901394758	0.82419045398445
0.816594213776232	0.816950128454823
0.84877064018373	0.821419810599797
0.878125486201359	0.826672478093417
0.897849743743691	0.826724268498359
0.925273157478221	0.819120875090358
0.947704463821026	0.820973000485348
0.977862739356869	0.823840029921425
0.031483015114453	0.846464850480969
0.0548356915681466	0.84947628084491
0.0769623417816539	0.848469708137196
0.099020604227877	0.839979409811828
0.133851718634963	0.85101132642882
0.158064454095948	0.850800247342133
0.185857655938509	0.851807362916914
0.20063214255511	0.849568629115251
0.226713825468074	0.851907841326713
0.260154370142017	0.847145048368152
0.276648912308227	0.846675572141745
0.302517441073594	0.839893462140667
0.327170682244997	0.843819010629172
0.354706302118723	0.844710331930057
0.380052400471699	0.848566424002932
0.410966233072164	0.852223391090295
0.433354933420509	0.852200011594742
0.457551651327612	0.840070601981092
0.482284299277805	0.851255727762056
0.512017437788275	0.843160840853909
0.540812206945307	0.852210702787165
0.562320855718301	0.848477568757205
0.589382440462075	0.843948359598254
0.621307681267488	0.845415681939324
0.641388725170534	0.84552065979085
0.667429627060014	0.842400619153316
0.694480429043991	0.840002694485771
0.721273724425631	0.851578066059475
0.746084492382777	0.851913713421229
0.76675511337287	0.852127317873352
0.791896309726474	0.841401873554653
0.824360998486835	0.84432905870472
0.841802581018492	0.844100212449489
0.868414509457868	0.847053310523223
0.894855925625691	0.849592541432213
0.917922461285812	0.848094167956764
0.947992158507482	0.851095966009129
0.979834140092361	0.844121720816661
0.0221602447767903	0.870609526792438
0.0503590635164037	0.869773204282877
0.0827690117735285	0.866081296087635
0.108356578523787	0.870765468839406
0.128235004706601	0.87667918263996
0.152788341406846	0.868968469699366
0.177902773337362	0.873037683280905
0.199698276175812	0.87510852986413
0.230985496980153	0.87201750257806
0.255255445944514	0.877445680552335
0.288448486949319	0.877780267679005
0.309376122504659	0.873973992039755
0.327612492985776	0.866182927892382
0.356579950560338	0.875400718004934
0.387122205734009	0.874344274679879
0.406769227972919	0.865634875691009
0.441956055168274	0.866627163316436
0.457740476065207	0.873896295889774
0.490373777650477	0.872088148970946
0.507323976597176	0.873402671815138
0.533979322474101	0.873034987406699
0.567347825702121	0.868020690127051
0.590461790448405	0.869921048110556
0.614403799603583	0.870902855809909
0.639191467560133	0.877869842341444
0.662641841747183	0.877163465406791
0.688311958297222	0.871586240283562
0.719497478339568	0.871556048119685
0.741218282447658	0.874413621749415
0.770079158104476	0.865664857669754
0.795710923958624	0.872942457857552
0.821944306348722	0.876766891839392
0.847567651558673	0.867458754255498
0.867261109332436	0.86734874735843
0.89929206298641	0.869656508814887
0.923255473696879	0.867781979340643
0.949480079913233	0.870978093030069
0.979438650669985	0.865606963601128
0.0196927827330188	0.893763765910478
0.0561360105043083	0.895906682975417
0.0809870466988243	0.902910526359174
0.100338431416169	0.895694953650631
0.130094673646918	0.902348803145594
0.153516186822598	0.893221663147175
0.177885458055519	0.900595614035338
0.207796765662934	0.899768703562036
0.225549740102817	0.895923596049941
0.251258119056702	0.895790904424743
0.27888957614103	0.898847453547805
0.302517237585128	0.893712621581008
0.327755561411119	0.897880764966764
0.357029313758234	0.899655164612924
0.386667455232255	0.893954395048862
0.411191149525031	0.897395813915953
0.438455499278739	0.900499768533005
0.458798033671971	0.901484677959167
0.482635377148091	0.897723936245833
0.507955422109331	0.898653279319845
0.544837426333925	0.893533123526005
0.568414158801724	0.896302985860653
0.592375973944996	0.896966360878925
0.613512141853918	0.892339759786645
0.634752570254565	0.899878573469171
0.667804131024723	0.892627490277558
0.695096384910392	0.902369115880927
0.715633220018774	0.898156272436435
0.73936880980014	0.895998114457447
0.766099709538298	0.899391084273138
0.795234409149007	0.903753070024899
0.820622192765098	0.903829097482011
0.847735517311504	0.901663887579126
0.871023757962219	0.891226469957456
0.895177709831115	0.903023444390239
0.923212648524791	0.895706104943126
0.95366255575244	0.895160413965751
0.979651768493073	0.900221369792855
0.0243645574049013	0.924775736537599
0.0470672164161156	0.926679218118374
0.0805594364364407	0.922882401515039
0.108966035235418	0.918657399443444
0.131022455618883	0.917477061143982
0.151577509818302	0.92570985132611
0.181123713670207	0.92846810295787
0.208793278999385	0.924310377358011
0.226921464254753	0.928237635205888
0.25758641409998	0.921124403101744
0.282131607983988	0.918856322336813
0.308529243221684	0.923446694314125
0.331650308023577	0.925990855530829
0.35436111743056	0.922121374814484
0.384068570254952	0.922112705812116
0.40500119373597	0.926056185369216
0.43170201133092	0.924047413514088
0.464311578426868	0.922400666234487
0.481141338760983	0.927504328871534
0.515905782678798	0.924167245884227
0.536367395667648	0.918906768428338
0.56855962760045	0.928046252846652
0.58427578384269	0.921516848596958
0.614030345086794	0.928546979434598
0.639524749939132	0.925247907812904
0.668265427947086	0.920472892058511
0.697070321773278	0.920712215930356
0.7126195715949	0.921657952720468
0.737424217525857	0.927835175597624
0.765631884483332	0.917994464885254
0.797899105806534	0.926602713025692
0.823913063694563	0.927343879120601
0.845138063684912	0.924621932589819
0.865627156548928	0.923365257926749
0.900077635246391	0.920409028879872
0.923011398983517	0.917529681703259
0.952956507677614	0.922466697296545
0.971154110755782	0.918997737740082
0.0312905680603359	0.953616301194904
0.0478103837614526	0.947390673990541
0.0812809930443809	0.945550454942681
0.0983253053370026	0.94306289861321
0.133838951159767	0.953127455451552
0.151612594367445	0.950458008757623
0.175958424225955	0.946779942456406
0.207016625660847	0.948141250728049
0.226388925107909	0.954793933930991
0.256794767392113	0.943983172278945
0.276268766369615	0.950333485581113
0.306980708989375	0.954238835884294
0.334140432452488	0.94806175706513
0.362948931027136	0.952601513593887
0.386387056751958	0.95369705821849
0.406368055833085	0.953711718660647
0.435297691221745	0.952160261364755
0.462114833046245	0.945077295864712
0.48698235422258	0.952377140957375
0.508264187749906	0.952648668072511
0.533079588338002	0.944174789108252
0.567147020117802	0.947365538960608
0.59487398999619	0.944749399754978
0.617422413768845	0.947770637816338
0.637852086929076	0.945339384819303
0.667652945096572	0.948352220345803
0.692273558509643	0.953520178990527
0.716425006124309	0.951380950247679
0.745244891211577	0.948721901412283
0.772129653572441	0.947332113270186
0.792568539330687	0.947012461398963
0.814839194464633	0.946592223979782
0.850236530771196	0.952470111355408
0.87393559620517	0.946838349583524
0.894213841122501	0.94751456984788
0.92813872640467	0.945459209072927
0.942823666308612	0.953539589263956
0.974946479886914	0.94805150243389
0.0265156074897588	0.969588669586337
0.0491075938963539	0.968914519926654
0.0719428633983885	0.971788551440433
0.108326084854341	0.968400844174055
0.12499117817886	0.968207330951729
0.148130541438361	0.972556051494095
0.179764862463927	0.96893038238315
0.2057007654323	0.978912418511196
0.235562075424887	0.968357558541487
0.253325338754107	0.977167131913446
0.286122055709222	0.974162870651633
0.303058066395133	0.976151324094148
0.332377221094366	0.971260766003306
0.354553341474028	0.973721155086277
0.388014113735933	0.968109744874053
0.404515927744129	0.972979875684732
0.432217647589831	0.968832146307239
0.463907124206334	0.979097182786125
0.483973069881759	0.973951838879472
0.513937413441198	0.979104972919501
0.541982063285465	0.974426876263714
0.563406506450222	0.969241671116699
0.590833874522955	0.970055144616629
0.614021415409457	0.97390118920075
0.638078152528429	0.974998254365066
0.668234321526533	0.97266763577611
0.690791215479484	0.968877795648657
0.720234377246278	0.978578620949218
0.744594549645577	0.973944450930673
0.769155841549995	0.974486894964824
0.797710033991988	0.977235822611972
0.814320065906831	0.967970595279654
0.844604858592692	0.979527474950497
0.866258551594046	0.974207872928797
0.903152134051413	0.969506253454351
0.918146767863228	0.976975208286201
0.94362892341313	0.975051878395155
0.973541186878757	0.969189747994831
