0	0
0.0256410256410256	0
0.0512820512820513	0
0.0769230769230769	0
0.102564102564103	0
0.128205128205128	0
0.153846153846154	0
0.179487179487179	0
0.205128205128205	0
0.230769230769231	0
0.256410256410256	0
0.282051282051282	0
0.307692307692308	0
0.333333333333333	0
0.358974358974359	0
0.384615384615385	0
0.41025641025641	0
0.435897435897436	0
0.461538461538462	0
0.487179487179487	0
0.512820512820513	0
0.538461538461538	0
0.564102564102564	0
0.58974358974359	0
0.615384615384615	0
0.641025641025641	0
0.666666666666667	0
0.692307692307692	0
0.717948717948718	0
0.743589743589744	0
0.769230769230769	0
0.794871794871795	0
0.82051282051282	0
0.846153846153846	0
0.871794871794872	0
0.897435897435897	0
0.923076923076923	0
0.948717948717949	0
0.974358974358974	0
1	0
0	1
0.0256410256410256	1
0.0512820512820513	1
0.0769230769230769	1
0.102564102564103	1
0.128205128205128	1
0.153846153846154	1
0.179487179487179	1
0.205128205128205	1
0.230769230769231	1
0.256410256410256	1
0.282051282051282	1
0.307692307692308	1
0.333333333333333	1
0.358974358974359	1
0.384615384615385	1
0.41025641025641	1
0.435897435897436	1
0.461538461538462	1
0.487179487179487	1
0.512820512820513	1
0.538461538461538	1
0.564102564102564	1
0.58974358974359	1
0.615384615384615	1
0.641025641025641	1
0.666666666666667	1
0.692307692307692	1
0.717948717948718	1
0.743589743589744	1
0.769230769230769	1
0.794871794871795	1
0.82051282051282	1
0.846153846153846	1
0.871794871794872	1
0.897435897435897	1
0.923076923076923	1
0.948717948717949	1
0.974358974358974	1
1	1
0	0.0256410256410256
0	0.0512820512820513
0	0.0769230769230769
0	0.102564102564103
0	0.128205128205128
0	0.153846153846154
0	0.179487179487179
0	0.205128205128205
0	0.230769230769231
0	0.256410256410256
0	0.282051282051282
0	0.307692307692308
0	0.333333333333333
0	0.358974358974359
0	0.384615384615385
0	0.41025641025641
0	0.435897435897436
0	0.461538461538462
0	0.487179487179487
0	0.512820512820513
0	0.538461538461538
0	0.564102564102564
0	0.58974358974359
0	0.615384615384615
0	0.641025641025641
0	0.666666666666667
0	0.692307692307692
0	0.717948717948718
0	0.743589743589744
0	0.769230769230769
0	0.794871794871795
0	0.82051282051282
0	0.846153846153846
0	0.871794871794872
0	0.897435897435897
0	0.923076923076923
0	0.948717948717949
0	0.974358974358974
1	0.0256410256410256
1	0.0512820512820513
1	0.0769230769230769
1	0.102564102564103
1	0.128205128205128
1	0.153846153846154
1	0.179487179487179
1	0.205128205128205
1	0.230769230769231
1	0.256410256410256
1	0.282051282051282
1	0.307692307692308
1	0.333333333333333
1	0.358974358974359
1	0.384615384615385
1	0.41025641025641
1	0.435897435897436
1	0.461538461538462
1	0.487179487179487
1	0.512820512820513
1	0.538461538461538
1	0.564102564102564
1	0.58974358974359
1	0.615384615384615
1	0.641025641025641
1	0.666666666666667
1	0.692307692307692
1	0.717948717948718
1	0.743589743589744
1	0.769230769230769
1	0.794871794871795
1	0.82051282051282
1	0.846153846153846
1	0.871794871794872
1	0.897435897435897
1	0.923076923076923
1	0.948717948717949
1	0.974358974358974
0.0259264012568006	0.0265201634036418
0.0560422280773746	0.0316454339740677
0.0775702482565881	0.0285120486347984
0.106569636722774	0.0280869479321616
0.133133925724482	0.0281235633939961
0.14836279313933	0.0310821611122735
0.177429259448511	0.0301854393702837
0.205347592623411	0.0317796284841253
0.224799673909461	0.0311522103861456
0.257426665275148	0.0236285731919569
0.27903240468446	0.0215260283401547
0.302546540019717	0.019407962076292
0.32771560222386	0.0252595206209279
0.36158947518732	0.0249620600886132
0.383738414671744	0.0208737309744392
0.410639972499188	0.0225730831157321
0.440566335114759	0.0220988374403283
0.465178566246408	0.0301426336939617
0.482370410257996	0.0208422236433537
0.510926144688461	0.0286760052469899
0.542432054961346	0.0238822506056272
0.565233093749246	0.0227435439367199
0.586633534507833	0.0287299008298595
0.620534044018596	0.0194233722182952
0.642146188919256	0.022950716495842
0.668091226694994	0.0292782793455797
0.690000863309407	0.0273896548690828
0.718320132388037	0.0318476851888406
0.742804718923603	0.0209246921023342
0.771370583401142	0.0281273733293585
0.789386826834864	0.0292267404415718
0.817916105883692	0.021180440232591
0.846096351282278	0.0242174687793628
0.87724607948292	0.0257366884859011
0.896717734769872	0.029198467568541
0.927921771678107	0.0306282109835275
0.946854242085899	0.0274949457551449
0.976080753775016	0.0274180150793703
0.0227572214664188	0.0576059836871224
0.0558062631347598	0.0481304362012369
0.078941105031136	0.051709431432609
0.100813814982933	0.0575874181820676
0.126555016519468	0.0570106290917723
0.154388603594251	0.0571488707874801
0.175651764619085	0.0537445386751118
0.204468197540123	0.0569457129085233
0.231295575249134	0.0485261519592685
0.252017885926433	0.0529271799295843
0.278375604874004	0.0568112891264854
0.304474211830178	0.0456734255228398
0.330307221726505	0.0566676224921178
0.358962426674216	0.0462389833813181
0.378296010245321	0.0485144786207592
0.414150692810928	0.0543994029033929
0.430744389390644	0.0496802862181026
0.459559105246038	0.0530336215641025
0.488475478276656	0.0497417387866225
0.511345843417423	0.056148740285089
0.540924922723226	0.0514184707104703
0.560433364526735	0.054697715523205
0.583419352432892	0.0455841247459142
0.61967607170056	0.055864373308131
0.644894625353514	0.0502084846300099
0.672194417011576	0.0450495355618912
0.686503514912419	0.0536932781391232
0.723760544159575	0.0552530038159298
0.740741988671813	0.0572204522512163
0.770135470821501	0.0498711611358899
0.796903583072154	0.0462496665016074
0.821289954131904	0.0454094223755798
0.847929088238979	0.0459799731422005
0.874347722278864	0.0463605652719746
0.901085108605523	0.0523750823715983
0.922279588131934	0.0458110645749495
0.943898714213284	0.0553657453273181
0.973070321690727	0.0502845808675637
0.0301500913553281	0.0737389897438317
0.0556269336713683	0.0768104083834464
0.0769179204443281	0.0754851310463302
0.101645194743057	0.0717637520550456
0.124642438348622	0.0770141206496486
0.148413662111429	0.0785675741396483
0.182235375372174	0.0714433642130969
0.198760325721904	0.0754100788649656
0.228423643056184	0.0726290946588721
0.254878702631971	0.0786971989869874
0.279044864458271	0.0785741891767415
0.308285326402885	0.0772877285873499
0.334624136214574	0.0745922647423779
0.356247696499496	0.0751159732121572
0.388882399413656	0.0716764128527441
0.404576507776272	0.0754700486932321
0.433546836409114	0.0779130823433566
0.455417085555711	0.0713758039043835
0.486846547416605	0.0771845752953242
0.518884864504917	0.079887015974949
0.544280838864109	0.0708792316850093
0.5657278478713	0.0765666375523216
0.587221091227342	0.0747119343742474
0.611615733625877	0.082136739305751
0.636304345152272	0.0712396080564247
0.663379724058343	0.0739206680633113
0.687683761639902	0.0746967795107464
0.722476168164522	0.0750182217341516
0.741752664682686	0.073740382647361
0.77070530926362	0.0750578979511329
0.800015656092344	0.0818053572555744
0.817925523428682	0.0729093859313389
0.845750132603356	0.0804254639024889
0.877934972940546	0.0732476580137848
0.901035077396642	0.0757739818983868
0.922971550189697	0.072371285306607
0.949867363641358	0.071227334468447
0.978706766277154	0.0827777335985814
0.022494947217679	0.107460393914688
0.0520114267697742	0.0987252705331693
0.082814601260772	0.106797212357717
0.102125287259441	0.100541265510048
0.124541972508841	0.107205852916272
0.149090440273905	0.106836607470052
0.175500853572594	0.102281134632839
0.199240474979526	0.0966221907211741
0.235002884165131	0.100721272692251
0.261528764285049	0.100312362626787
0.284164994652677	0.102871850826372
0.303118351786988	0.0970185178675262
0.32874684582382	0.106197942240361
0.357055705762548	0.100551847722615
0.383313452214882	0.0966328309500328
0.4148825155678	0.0966262368940348
0.430390470238363	0.107751569564799
0.458564740066629	0.103528931697596
0.484705686582251	0.10721935308605
0.508930743335236	0.105209034155631
0.535409088324854	0.0976161779045418
0.564575385787074	0.0972969998124881
0.590766087495899	0.104304646591168
0.614383472113117	0.0983335729583116
0.646133291746375	0.105206459496612
0.669540764587145	0.10740619192857
0.686051498005446	0.10209154514652
0.723239450822294	0.102758383689481
0.73725401788712	0.10526408846214
0.771428770143857	0.0966137134741424
0.80027520721261	0.10755805436042
0.826033018657638	0.108299078174169
0.845183489289074	0.101390550100836
0.8666758839872	0.101127266904484
0.900053545298006	0.102812771605396
0.92326046381736	0.105721583154314
0.952434218214153	0.106994620843928
0.973047979371522	0.10070683132244
0.0268446054077768	0.123292467298052
0.0572807942529546	0.128532972660905
0.0753167751465159	0.133861539187854
0.102639464359088	0.122957601161442
0.129095437141193	0.132870891524143
0.152986369651723	0.124245980972492
0.173883663469123	0.12186806656916
0.201507522578708	0.12276429150984
0.236584124685164	0.130646071846298
0.258767251668709	0.130931232400813
0.285240266570038	0.133433729500989
0.313979968601598	0.122795522896265
0.337280779921486	0.131492427724161
0.355696397480728	0.122770202714566
0.382459772504763	0.124597730218987
0.414488748815115	0.133256153740128
0.438608610595885	0.127999776318111
0.463504850311448	0.12934860714184
0.488022347204111	0.131723276020629
0.514337329484387	0.130868101625956
0.533452707011988	0.129268171471919
0.566117670333785	0.124105635269427
0.591479271143108	0.130024992689689
0.610761752146558	0.13421909935296
0.643846798200132	0.126210363562191
0.668117782717857	0.131070053311741
0.696439032927335	0.132874628691654
0.719993774270734	0.122560232172573
0.746484186943147	0.132131427834627
0.769693267637669	0.12977468332495
0.790041212201933	0.131115638257346
0.821279632258077	0.122118405830717
0.850676494358516	0.128315008592383
0.868784206773334	0.132616000286345
0.899971179268012	0.123430764343161
0.917549458277874	0.129868889853257
0.949680911928703	0.128807405781109
0.97595269173993	0.127797504576987
0.0283629107206005	0.147796588611039
0.0510182788437437	0.147472473415043
0.0766986086024847	0.153745713630947
0.101324153968664	0.147822853204097
0.123897584103631	0.158640286359096
0.14917984884458	0.149838143005307
0.174354645549565	0.153441751712511
0.205519693913995	0.151277045682805
0.230284549521363	0.153923022052308
0.262693267083765	0.150368501079052
0.281848474870843	0.154128462970291
0.313354257086707	0.157175603921506
0.327368923571123	0.154393109174304
0.360522964201893	0.15646373922667
0.383489369417879	0.153066048523564
0.41487699612844	0.15422749236835
0.434502282139286	0.155056191135309
0.46017147761078	0.148809672406879
0.49137850960254	0.149667386319434
0.518284265675325	0.149352141192167
0.539619969176034	0.156380814080662
0.565158242652364	0.147790259592396
0.588569837530333	0.154253210312705
0.618726599879183	0.148109665895545
0.641602750992186	0.159611960320073
0.671984919253758	0.147626152195492
0.686421645454691	0.159916070374163
0.718718113471044	0.151595500223593
0.748654349032965	0.155797005594352
0.772794863581062	0.156278423508572
0.79385438869918	0.153366924160501
0.818630093028196	0.152294261203662
0.847514334914896	0.159377334111583
0.866616112505665	0.148360843857947
0.900833510874945	0.148033182604788
0.923502626690049	0.148813461218413
0.953489955800471	0.150023364350099
0.971108963545517	0.15554654301056
0.0214179322234118	0.182828134479181
0.0480048233366137	0.174122296662203
0.0807353520739645	0.180889432891296
0.0970332713420429	0.17982285367815
0.130888113684798	0.17489522129619
0.153373437165592	0.177825031569586
0.176000379883077	0.173835303044418
0.200135689660412	0.181475211427616
0.235361359839655	0.184578140371489
0.261695191941524	0.184726221143744
0.277287866201469	0.184529133391652
0.30609279909121	0.184347804269959
0.332708810575234	0.173332677230513
0.353570375875774	0.183623026109023
0.384340383961616	0.184870837370929
0.413396540782825	0.182297779455235
0.430608260213297	0.17943853029476
0.464768452299349	0.177645237696398
0.488368814952988	0.179308648321016
0.518253500074935	0.181342779559582
0.542684250944672	0.181320088673179
0.568082800301936	0.173227835018069
0.588883515748102	0.18077203014985
0.610427408421014	0.174077308441129
0.635286323536208	0.176382810162958
0.672544842772916	0.179947779254614
0.691110913784756	0.181832289217136
0.723110342297465	0.175091422098872
0.738046819353414	0.183772680893955
0.767958286802552	0.184264630742448
0.79804842138157	0.183010878330233
0.825337473021043	0.175552147987449
0.839758325814085	0.178706205947082
0.869977291018054	0.177569646511442
0.90119793855457	0.177763940875688
0.922607169652723	0.174411834025194
0.948188405346109	0.180748409584751
0.97168777289101	0.181953722492214
0.0263045381598375	0.20815488058982
0.0513247100992674	0.203845721031587
0.0805708819207487	0.209164384934136
0.103360314841143	0.208706554187871
0.127105728601084	0.200795976662765
0.156201554947043	0.204752942990403
0.184796498179368	0.205021392698869
0.203776928167827	0.200424206026307
0.2348920773775	0.205453019772926
0.257240225446881	0.208830947085823
0.279513788792749	0.20138616624994
0.301523636235419	0.198956228027843
0.336910861488294	0.204726260298613
0.36308435041346	0.202582862443496
0.380706693965394	0.199949526965927
0.408199849980213	0.203497331342149
0.432633334866675	0.210578889301068
0.466648308829985	0.210017333069593
0.490659258707626	0.204837531554728
0.512988249082963	0.206357893820085
0.540468816254289	0.201680984724613
0.560644050118778	0.20282437840866
0.593803026090076	0.209910621931301
0.616871958984849	0.207930607129099
0.640577980797692	0.208874110399696
0.669617655254679	0.202175533747782
0.697763959435457	0.207920008574064
0.713186060007871	0.211452419959055
0.74709027793903	0.205189597250566
0.768908793872291	0.206402986219115
0.794491107279462	0.201840917822303
0.820384030023592	0.208866571465682
0.849880557266672	0.211502810060866
0.869394270695587	0.205117777644274
0.903286768587016	0.208062646767482
0.928973784122014	0.206733515481132
0.9473853443934	0.211154076560694
0.978619823848928	0.205157956621035
0.0261890354128507	0.231133568008226
0.0472443863065486	0.225975493115301
0.0780043686272593	0.233840621948325
0.107938917662896	0.233893407491262
0.125422349516672	0.225385104601684
0.15731106940019	0.228889778867237
0.183593066302977	0.234597223700769
0.2067227753859	0.229884820505343
0.226698844551231	0.233289858978745
0.252251877565514	0.232586972563848
0.279668710530916	0.236737508914439
0.301952451014254	0.235297211554558
0.33862213900403	0.232857952909482
0.359013031338457	0.22532368316386
0.388890099250631	0.235168484085748
0.409561802605819	0.22858744450877
0.435842004475048	0.228225426289944
0.458281619732713	0.232134998464578
0.491508728025084	0.228370438087467
0.514663480283008	0.229949846756692
0.536711237391969	0.226441677219056
0.558939987371865	0.22945904126292
0.590220124477794	0.227187372066427
0.617023929273955	0.235109857885809
0.636604549289175	0.227213089600744
0.661017052990204	0.232243852627878
0.691013870387417	0.226163718285277
0.719084244169652	0.225966988583213
0.747894625771906	0.227586891849911
0.769921923557784	0.226083826751887
0.798608352053936	0.22443202227747
0.818325956380516	0.231386270553304
0.840541620326295	0.229935404756643
0.873587127979538	0.237158903206644
0.895133728749234	0.235669852063033
0.926816451502901	0.233463058371045
0.946234051384758	0.229381227877203
0.980280589565252	0.229667711075435
0.0306363088456806	0.259375476265182
0.0454616301001378	0.261366473847723
0.0731285439232598	0.262282169895079
0.104739893141124	0.25471925817533
0.127822181921524	0.257709678259567
0.155402201878261	0.259403631126897
0.173169301817152	0.255428231727532
0.210893902105056	0.259906802882483
0.226442452774223	0.261073600574612
0.257336614056815	0.253662279965375
0.280271694568538	0.257835161406135
0.304485542629566	0.258497722221099
0.327632327185004	0.25703048736774
0.365098299586223	0.260206834519391
0.387580653567997	0.255169351017807
0.404404971990512	0.253848914337362
0.433249145154981	0.258599915533155
0.457630627802825	0.260659674343441
0.48130362929214	0.25121538350379
0.512894587209317	0.261573458030583
0.541811681691196	0.255415549173287
0.562045975876199	0.256620592408177
0.594341462052926	0.251174419167586
0.610159907227812	0.253215509179067
0.640828408116977	0.261778753051506
0.665402410589693	0.251514041450064
0.687245242575772	0.258505080865929
0.719585296027279	0.251782628163078
0.739476924287614	0.252275959149258
0.767703817614914	0.255424260672404
0.789603656799914	0.261807783877834
0.822164717913184	0.253932714181282
0.839991163941622	0.25875067062914
0.877342611444166	0.250941881279772
0.901867576900014	0.251751484930896
0.918167760935375	0.261661541123588
0.948816575344962	0.254414225447342
0.980576261638864	0.259959234227899
0.0241027439817098	0.277027461073798
0.0556956973290504	0.281030160941422
0.0799460629272521	0.286773190957831
0.0997900258581556	0.285847024058575
0.133953074857648	0.276991516189894
0.156299543333311	0.282843861768425
0.173969820115554	0.284522908018661
0.207601458880035	0.287510536469021
0.228108113270111	0.281983722378761
0.252504516161571	0.287148396531024
0.285791239354501	0.286731969569467
0.30875078646342	0.286328135071351
0.335184737394844	0.276822616001179
0.353465663861275	0.287042740149699
0.390468768201842	0.286660284457752
0.416288779784778	0.277928523490924
0.436931106662484	0.280820301145559
0.458043591941364	0.282265681389415
0.483924725424605	0.277824081760065
0.509115585570816	0.275647150513099
0.539940118287854	0.281680334671016
0.560489061110053	0.280374619866236
0.586335298116056	0.283010101319014
0.61921605662554	0.276025721155778
0.644291765883688	0.281338183320344
0.668574201045057	0.283294117510019
0.697862331991449	0.281451467343239
0.716197931059561	0.280724712803819
0.738568395489023	0.278571772460219
0.766497065750547	0.284996355183576
0.791928744372924	0.283275323421055
0.822818361959656	0.286697668357124
0.849549269336751	0.278785770726405
0.87505669820654	0.285432364731613
0.902078319491234	0.283491404258202
0.928685450712412	0.28262183425397
0.946334091758451	0.284061989226828
0.975062503345949	0.283172437670559
0.0270570781819946	0.303755867941603
0.0475049930923293	0.303277949742772
0.0793805518081449	0.309895213528123
0.104816342004058	0.313873709247196
0.124225033591515	0.302559797417681
0.151446392809766	0.302741047374293
0.178749867288185	0.311194303087628
0.208951275050404	0.301354682217451
0.236505043224745	0.310034742462696
0.257145671738193	0.307257523088374
0.277939726094987	0.3037679779483
0.301517309898363	0.305404369130001
0.32870024323215	0.307161394384591
0.352599045544103	0.302883155127977
0.379102598789126	0.303305698993686
0.415328505524176	0.314033632253975
0.430861051767549	0.303304877497606
0.458324752979234	0.304409149252253
0.492678383995877	0.307738335668575
0.515739643680064	0.304591715988398
0.541665470240435	0.305948780916375
0.564257762039814	0.314033642194755
0.593835923184775	0.301633619221586
0.61926320073029	0.307713317389269
0.644496077974031	0.308318978591444
0.670048461321344	0.303451621828255
0.689940824031318	0.302451444319115
0.722090252328382	0.311493628473887
0.746346143172929	0.312388445625912
0.763969776159227	0.305814730975432
0.793503150404945	0.312225290708142
0.814222848274135	0.30596812849162
0.84711855418937	0.303416840118994
0.875545987025475	0.306694485626654
0.897302650598725	0.313416800420427
0.919994016365651	0.30188048182115
0.942363611882383	0.305182105078568
0.979069489699822	0.307293934337322
0.0284890083072878	0.337700445417602
0.0522989247996171	0.338676901453243
0.071852288638589	0.328110739829711
0.0984931889519829	0.336108217980936
0.13181417937142	0.330741444374809
0.151189047204025	0.327607865541775
0.177502805501114	0.336782272872286
0.209578366800472	0.327539321439735
0.236476290866957	0.328194783929423
0.260635072297139	0.338539229240703
0.281992785663826	0.338023335775952
0.307987330557913	0.3276091039027
0.332050206203261	0.32707164351937
0.365356196849619	0.330881987172569
0.386241217540451	0.334773894272472
0.407063902527195	0.33667320149334
0.43362484380899	0.339340665684845
0.463455392390974	0.32717554591924
0.490617425096978	0.327765820743249
0.519030276032878	0.338931742985471
0.542371999687344	0.33563277001086
0.559975223756941	0.331129322937334
0.587084865125674	0.331738987451526
0.619262751415184	0.327019921854783
0.641984022541041	0.334064071397207
0.669867346423223	0.337998116250965
0.694550158226996	0.336360021608341
0.716845945881934	0.331403283580676
0.738317191971244	0.335951989932619
0.763241115245588	0.334936897412058
0.799105994734742	0.328299853718478
0.821416354425308	0.328147940929338
0.843701033068441	0.338202953440984
0.871978836613413	0.337077003089075
0.899163464152766	0.328436453136366
0.920074786278208	0.327355207133438
0.948588744933384	0.33453785962096
0.98073893866452	0.338160330333639
0.0245874411268583	0.364426694260835
0.0480818469144484	0.356897783768107
0.080389962430029	0.3535480406535
0.1004169243423	0.355241281660473
0.131092442272908	0.357833540840841
0.153622739257198	0.361476041473531
0.175525199299111	0.354216282622951
0.208640478977112	0.363108658620426
0.229340381041468	0.360602067306382
0.250039184218471	0.354061524082267
0.286808027510163	0.359147972842367
0.304953256637782	0.3589795341237
0.330609596150128	0.357528255607666
0.35786118602582	0.362796260973009
0.382166697535011	0.352963661959812
0.409611508891349	0.353089708600193
0.440660601950831	0.363170578977013
0.467625305675321	0.358828566879897
0.486163924615407	0.36276771285532
0.508417987876881	0.360052609035471
0.534727445445331	0.355030908299527
0.569499867046943	0.36463707126192
0.59140543439094	0.36215417329236
0.615820748541992	0.36187598296859
0.645259542373775	0.354036904945411
0.673034392206007	0.363598764141598
0.687278589713259	0.361112154110246
0.721625788939335	0.356786517930143
0.737606444975581	0.356954463825865
0.773994370406732	0.362013011088335
0.795546928249649	0.363013694302339
0.825694469012887	0.365104736846218
0.850778688190117	0.359304972872845
0.867519026422679	0.357517214120004
0.900635149922694	0.353057325349959
0.917578394934703	0.363516954596451
0.953365037409075	0.363016206998699
0.976113201485837	0.364978714374101
0.0317246946796746	0.387734826787074
0.0561597613365207	0.389458272045348
0.0804222544870881	0.38030710775161
0.102925691060566	0.37828997126983
0.132523588142229	0.383571715543117
0.156258756597272	0.381685454499466
0.180677875900086	0.384318307833642
0.203466693869819	0.385373398015136
0.22639487994638	0.388670545524534
0.254511006727751	0.381171653262004
0.281784244756786	0.387193529431144
0.313446832673724	0.384026928793436
0.334728325885161	0.38524120692232
0.362732262080915	0.378538352916571
0.390764905682192	0.388020463934891
0.408345150075487	0.381673150872349
0.42959195381368	0.390253791237693
0.461711950973108	0.383866192668818
0.482943965535966	0.38831665614628
0.509460926792604	0.380849776581552
0.53599140953709	0.381782406369412
0.564952982797309	0.378689465053022
0.585682858255291	0.390850723050843
0.617651076828488	0.384911503932274
0.638213058217776	0.381993577336719
0.664990938382248	0.389644408389803
0.689769498529684	0.386314250373217
0.714511129757241	0.389587813753658
0.740003157657201	0.387300624326709
0.771001319747008	0.381081893545277
0.795087666737192	0.385257526892193
0.821729570232494	0.381646371348268
0.85243960238373	0.388660664677206
0.868156330642036	0.385641612058061
0.902493955250583	0.386051173371447
0.922702419314562	0.381549527716206
0.954883809702883	0.379635634397647
0.976812782536129	0.385435654588505
0.0234966830361851	0.410858364271828
0.0502091651901729	0.40812622000443
0.073658885474968	0.41418875149196
0.104073382186917	0.403965243940823
0.129099742000068	0.410377061315609
0.148870351615587	0.413642346039186
0.173508391031645	0.410838070806821
0.206956244660196	0.404187419620103
0.237099807476307	0.407420556418365
0.255223186633036	0.408571510022724
0.277353458748817	0.411110625776527
0.302485416545296	0.4091540589837
0.339728629843345	0.407956313018318
0.357042077842967	0.414857282406762
0.380847091104499	0.404539927091056
0.406588331142203	0.407123312278281
0.437196438593286	0.41138220799635
0.464352307146318	0.41306886432775
0.489268356615983	0.412546075977065
0.513521073323722	0.416600143015918
0.540583529754298	0.407517920595237
0.570284390201098	0.410551388354
0.586552622781816	0.404456666853032
0.620779085753257	0.408401695233744
0.635689394695937	0.404018027784827
0.672677958109768	0.413826137094455
0.694182577917377	0.41563444493387
0.718747500677703	0.404298160325737
0.742461291935024	0.411122658015174
0.774627216040833	0.415044391598312
0.798324435631315	0.406613457257951
0.819959705954418	0.405463098468619
0.841314829815557	0.415578334952476
0.865895666298726	0.406041209287753
0.898733885466908	0.411034718043828
0.919524486011945	0.412664649656353
0.948442308958512	0.411274244971229
0.970789446682692	0.413775505305667
0.0205120201001244	0.431487704366721
0.054091374346451	0.440768073419147
0.0779991457285922	0.436152599705307
0.097705494147241	0.441939332693853
0.124449267984869	0.435694376457287
0.15141137410938	0.429558975225938
0.184532348490776	0.434874151513639
0.200601112985966	0.436333865706691
0.225923951434982	0.432316890771235
0.256949034264681	0.44019916388941
0.28247481450403	0.431250376940086
0.304222918187186	0.435020928258729
0.327419454979513	0.436010902077353
0.35729504579373	0.432145871074578
0.387291416374048	0.43860759928736
0.405650794609162	0.440537047155228
0.435227267199707	0.433295768101372
0.459356712303997	0.433774082593539
0.489078747161617	0.441267142648738
0.516255725917548	0.441636305479303
0.536954760329992	0.435899446307618
0.569448301393516	0.441635793731126
0.589757488164782	0.434316867781921
0.617991211342299	0.433117055379924
0.64294933569731	0.434191506042813
0.664903769241393	0.431182177906737
0.693398549929479	0.430203071979368
0.723543832272813	0.442084005965784
0.745616361501782	0.441053378514671
0.765075463302006	0.434375931009741
0.788949260801367	0.431698799643956
0.818418999113663	0.441741934596364
0.845185902601559	0.438154429814811
0.869750170563347	0.436483629662667
0.892648058276858	0.431019363416605
0.92340421578245	0.432627150368326
0.942692231056679	0.441357102838732
0.978606113713435	0.440724614544785
0.019657487253653	0.464501013521402
0.0569029772888379	0.456825725728098
0.0783411495754796	0.464337236836207
0.107806339631976	0.456486660562567
0.130989635684605	0.464296378294896
0.15006121697832	0.465692443050616
0.183481924081666	0.462416317652947
0.20871904049788	0.460553800590214
0.231243504422875	0.46595378954653
0.256658633056787	0.466442032385129
0.2824028932566	0.462411506258027
0.305659376278501	0.458757059278005
0.33950053186178	0.461137745910102
0.356993702544218	0.457490363405958
0.384710283910308	0.464325220436397
0.409197949046327	0.466540143159961
0.437817281397932	0.464365173425697
0.464009450236339	0.45884857021252
0.488602172984859	0.455268184985096
0.508478106652794	0.455352213568175
0.533022554528777	0.459640384240353
0.566589319949819	0.461756748295894
0.595453572355614	0.456803907810897
0.617183282634259	0.460017141880318
0.640280489206027	0.46700796627188
0.666844214536993	0.461262506673797
0.687941301482583	0.460596207817506
0.714284710187919	0.462936784770267
0.749511675109424	0.461688581517897
0.772505207374329	0.463405450494905
0.798064678595142	0.456245027255928
0.817105835769986	0.456918965653472
0.843515243071589	0.456350416868433
0.869744410394084	0.466679631160107
0.897735183430826	0.460819698106088
0.929292270224825	0.456464853183383
0.944823874989382	0.46154756628592
0.968808161221464	0.462228811647704
0.0253048701842341	0.487050174453117
0.0563744789842293	0.484536269916243
0.0727101043956027	0.483264494489922
0.106011371880399	0.491257870212504
0.12953612482816	0.482558625605966
0.156259469620077	0.482754072244741
0.173361130778836	0.488672868483518
0.210228322240248	0.481508714593479
0.227956512264722	0.49052003018835
0.260661752048778	0.492017107147144
0.284224623122407	0.4812680143878
0.3065141528376	0.489141967236718
0.327682200256618	0.483784758769649
0.359945264159265	0.483725379909017
0.386878134055134	0.487922196812886
0.404138556355214	0.485017470271496
0.433108718585272	0.484954158129581
0.466143982374451	0.483275831121078
0.488965333620317	0.482456388277397
0.517853971221118	0.484589686985822
0.533710380124074	0.487756793818111
0.568782400063853	0.485436954435147
0.595144997538558	0.485921844813304
0.619249818502621	0.483288706456772
0.64187311991036	0.48855460756367
0.667037043258493	0.492308351531414
0.694003662831303	0.483922024907559
0.719182901234085	0.483962072418963
0.73879801280384	0.484110641155202
0.769433337388519	0.491159385751189
0.788997358632335	0.482960512907226
0.826151438764038	0.491051893073912
0.851689611251972	0.485661213213642
0.867590208546677	0.483257445935006
0.903391421524914	0.48589135039818
0.920860309444415	0.482180217477329
0.942951761447246	0.48353356251284
0.970280658532975	0.490567109822863
0.0319639709148554	0.512840872043846
0.0532774587872084	0.507928077691589
0.0762883503325875	0.511846775805217
0.106109756660669	0.512207967041614
0.124766745176025	0.507676882062365
0.147834518225197	0.513557436590554
0.182164634040597	0.507402936996496
0.198765962121552	0.513300413041151
0.234545633362218	0.511652609707271
0.255973108047514	0.51234091572866
0.281067827815776	0.511392343360812
0.307054460849972	0.507422680979098
0.338532703684694	0.511366669565947
0.35441750255304	0.515329213770187
0.38440826449443	0.516890497611586
0.413428248878732	0.51337743558539
0.431437739886872	0.51252737497277
0.458153647154871	0.508625450514656
0.491910912864048	0.512861966536571
0.508124922880085	0.517455186228504
0.534370870163509	0.515436269658195
0.56644336455593	0.507425078741715
0.595263599703113	0.512651394977477
0.613802096826627	0.512633110990395
0.641635167025304	0.513661640491518
0.672550493376027	0.515890086206605
0.697296304828585	0.506532049331239
0.713109214027832	0.518009074788275
0.74661179568191	0.511882725547723
0.770442083845832	0.511263041390219
0.796378714667273	0.510004214135974
0.814771569902508	0.516332214994718
0.842125530279552	0.509814141194166
0.877484097372627	0.518128765506154
0.898413280486984	0.51248654663372
0.91860615292858	0.51650608003699
0.950764977793767	0.518972620550106
0.970884450570883	0.516671058990748
0.0206419363724452	0.544467692349663
0.0506523468576404	0.53575774626217
0.0736769438077341	0.538656229159182
0.100616556711215	0.540839359505411
0.128661183226485	0.542084378316186
0.159336249490689	0.532387787936783
0.175694057972525	0.538834234077998
0.206872349330247	0.533908806401539
0.231294046819457	0.532081347465403
0.258371849675747	0.543749627304024
0.27752499164652	0.543926589758817
0.303648065733748	0.538392524837876
0.336771272185224	0.53328372262551
0.352570933319753	0.534089407167849
0.383044143155538	0.539071873444536
0.405471626761298	0.543890115784528
0.438928637016145	0.538676316965379
0.458936791474681	0.536832951026627
0.492927895453386	0.535883408286017
0.516814720461933	0.542709851301746
0.532106122538308	0.544087580902458
0.558601104024401	0.532970028551664
0.588450275611842	0.540955071413463
0.617952904088239	0.534908690452598
0.644829664021124	0.542072703974797
0.67244847478932	0.541057250736407
0.697725093695093	0.542307379912246
0.711551042446834	0.543493027177324
0.749429780961616	0.543687776034801
0.763811717406452	0.536644466002732
0.788647073248201	0.537208801978163
0.824389445717635	0.535785270495842
0.850014601880052	0.541790839171518
0.876190507842242	0.534071093117386
0.896890193750129	0.543175322909374
0.919625875562156	0.535208094533302
0.951268574730943	0.541710085958304
0.978329384865754	0.537488220333333
0.0283412725302405	0.567180398994713
0.0517030537371965	0.568316446582288
0.0787551195324444	0.563285320590125
0.0962472494770668	0.570511078793265
0.125580042926908	0.56033621990975
0.148627295483899	0.560476273424743
0.174207523631365	0.565114529314879
0.199202853560791	0.569750379233031
0.226477368931116	0.559324678906617
0.25232684751098	0.569501386655841
0.285807787201758	0.564938415791872
0.301337965221628	0.563204840812066
0.328872937702113	0.564185874858381
0.35904387124163	0.566909791054764
0.384297210040935	0.569785035661672
0.41640876644593	0.566012520158874
0.441043495372698	0.569597515758559
0.458774918555033	0.568883330614555
0.482767709479746	0.563535620921403
0.514048298562604	0.56409780102519
0.543485173583082	0.558663984725294
0.567174260225353	0.559683203035839
0.588237445817813	0.565005794774668
0.613950787153332	0.570071621335572
0.635638708914314	0.562884883702534
0.670095791397214	0.558252826683593
0.698149337353205	0.558285094194437
0.717642078142111	0.565529498971783
0.741112895597512	0.564080379699997
0.765630490904032	0.56422511950558
0.795033417530659	0.562952961638683
0.818036533703839	0.560011938541336
0.840104054816668	0.566978961630396
0.872379785224108	0.565573026790101
0.901279417182082	0.566431298815291
0.918549166307107	0.567968421053507
0.95310940846798	0.561711008696695
0.973715968828357	0.57034912655615
0.0253554436620275	0.586759384263694
0.0549284205606719	0.588005943801479
0.0714972842561146	0.589850340538707
0.100090860250164	0.594815733013933
0.129690105683632	0.59242908681127
0.156111647509593	0.589958795509215
0.180523744175647	0.590122655383036
0.202067740372289	0.589082351512879
0.231985650647506	0.585761396224887
0.26232572690641	0.593151729863323
0.279180901689862	0.585163812686917
0.306926708832225	0.586393684807321
0.332979653771515	0.591870907451146
0.361389282258924	0.583988600785324
0.390837262133392	0.593339892559515
0.411277505734542	0.592675251334154
0.434152093909834	0.588004131024813
0.467024119428998	0.591652116859292
0.486855168079568	0.595335389295478
0.50830600943678	0.594684117466562
0.544418457676815	0.589023621429881
0.562670206113643	0.588915254377304
0.585801874829857	0.593651922023058
0.621201250555232	0.583677626432121
0.63964822700021	0.592727309736096
0.664146948856543	0.584653245354393
0.689416722232438	0.587720366756559
0.722786938629606	0.593586019633444
0.739178079545004	0.591990893370029
0.762860380356266	0.594474197183715
0.788753091956845	0.583770406048977
0.815799670922114	0.592638747404354
0.84416791756675	0.59516694509627
0.866910023095098	0.58485493328218
0.898294349355051	0.592641153111248
0.926300178288654	0.584513168133076
0.947731611123896	0.590350650904099
0.979630828282877	0.589589723728941
0.0208876857084794	0.60975972059659
0.0459038814250972	0.617906204907433
0.0806077841976346	0.6095371291631
0.099389969130908	0.62140084302245
0.123086750925955	0.617441785006907
0.157539711487011	0.619319733528982
0.180442705833264	0.619808993297671
0.210134005656141	0.616607177753201
0.226592442184763	0.612058371210449
0.254214946795154	0.618291442130306
0.280153400704703	0.610175334090576
0.309033500695096	0.619956426040364
0.33426380789929	0.614636447189238
0.357014106742315	0.61081583289932
0.382915188931703	0.614335871684754
0.414812788641818	0.611690934858459
0.439911084638798	0.614523127559896
0.460161636517365	0.616012088020531
0.490084663898803	0.61662244244679
0.507642687198222	0.614059317305177
0.538124499202224	0.612785825596129
0.559300788949078	0.614370378335744
0.588537737276625	0.618499528073047
0.617911853288776	0.611659660243799
0.646928743430495	0.614440009581381
0.670561594159948	0.609850724512173
0.689654868143038	0.615406365975431
0.72042316865108	0.613084670248146
0.745603626166824	0.618438554610954
0.764260465148757	0.618952839942788
0.78997867270604	0.618715608313946
0.814292967561543	0.61786862568327
0.848954303153307	0.620126536826931
0.868381001040207	0.621742956692232
0.892301828044342	0.615255754284586
0.923711128377018	0.614362160255934
0.943541118746644	0.613004845766065
0.973789567330729	0.618872539528004
0.0200640850082977	0.640391766755459
0.053640161597399	0.6351705873225
0.0756591767398763	0.639543866739609
0.101638900046378	0.63747233896559
0.126853502972577	0.646007242762076
0.152448988862883	0.636694414092035
0.181116034888384	0.635769367068623
0.205713267710188	0.635581645823815
0.233589536397436	0.642675565375429
0.2560056869342	0.643736294375006
0.283684054985059	0.637575264741919
0.302553730421573	0.634975315739347
0.327510475004644	0.640964091360706
0.353474307896684	0.6440523651775
0.389873666695037	0.640693225694107
0.415674816142082	0.640360773477936
0.434934754725096	0.639459699753679
0.463898453747649	0.644377326290138
0.48278041968156	0.636200414150603
0.507625873174054	0.644539346616249
0.539298132262458	0.643786026972858
0.564149514168088	0.637398065051059
0.588577557637275	0.642806545270378
0.618350763825161	0.63835227434815
0.642116989540364	0.646881570182832
0.668699613515712	0.643831169965012
0.690591197371026	0.643811149980584
0.712342493363261	0.641629194883225
0.749005867864178	0.640923108411614
0.763757152041588	0.644549035692207
0.795916906473484	0.637553536979561
0.817841374903003	0.63570615950243
0.847576793143233	0.635880350382059
0.87414300973213	0.641365291791678
0.902319378647693	0.645840175028577
0.920476742118808	0.634964428011304
0.948160445721862	0.647263646780036
0.969478795417672	0.645965926522758
0.0298757095469095	0.661585205078131
0.0452353618391595	0.670672562891279
0.0738441469032365	0.668063297473307
0.0992133940382624	0.672441450343354
0.133066712472957	0.671318364686468
0.157771539853639	0.662901959905497
0.177164145898115	0.666004362506119
0.19936379013111	0.665765782435067
0.224909728953689	0.666602752461559
0.251710742128121	0.666163772503297
0.285374813506654	0.663806396233336
0.31008490884	0.664053300790542
0.33224803679372	0.6665273459743
0.361012476963166	0.669042049313293
0.390410053301764	0.666508568635428
0.411179843907495	0.672165820559668
0.429901459999377	0.662036428955428
0.461696745904872	0.661965084172081
0.49000988169786	0.670026044636869
0.511131426706309	0.667189887008431
0.544101178956087	0.660390588910133
0.559767364577594	0.667540366911127
0.590710684185945	0.664625022471239
0.620220960185875	0.667601819100763
0.644652893939562	0.672789441006652
0.66964927452137	0.661046733265752
0.687346978179148	0.670729545292531
0.714189371745539	0.670392146110979
0.738953103995889	0.668139258848839
0.772761729447869	0.66074606344103
0.792653828532451	0.662167347064488
0.821228687687559	0.667776964614034
0.845455088888364	0.666311348320293
0.871481181399016	0.671966794433009
0.901188940510802	0.666762421221479
0.923530321139021	0.667817084674014
0.948044616228454	0.67217930884777
0.972958092707474	0.669838589914204
0.0197896710001909	0.68868697937229
0.0547895225558267	0.697375239888925
0.0767078871024391	0.697932040062969
0.102477099304587	0.690862058983334
0.122194727886709	0.68744582142644
0.151544033068177	0.690637090146808
0.183198261303787	0.698677334066756
0.203068442289315	0.690988069744175
0.229305836696	0.692261571065645
0.25204180416954	0.691615368892383
0.287900332450867	0.692815070939653
0.306827953088195	0.685921527610424
0.332494639202014	0.697813481530607
0.363171074729983	0.698207033567056
0.378342434062997	0.688699085705183
0.409921229396493	0.694669124381865
0.441673362168304	0.69014904106692
0.462170019635414	0.69839844924283
0.485045407846919	0.692191419535829
0.510020899750585	0.697666464599435
0.542376891035892	0.691133359842101
0.563546772700202	0.689364085992935
0.584441178575913	0.694407376507881
0.617656537707717	0.691007270916672
0.642937210424639	0.686725812613109
0.670589678749955	0.697452593755522
0.693843058722533	0.688013862855236
0.719852541285413	0.691263430107681
0.745072216924471	0.688200316157621
0.770489582959967	0.69089820545936
0.794448987553248	0.689959534462045
0.816420987476292	0.696211706402375
0.845740230313661	0.688766941257097
0.86935710319998	0.693680136348737
0.895271884194251	0.695174968240682
0.919443222935397	0.698337425726532
0.945917435960342	0.697287762209477
0.977659356778617	0.691697854671977
0.0233942120137714	0.716205674609986
0.0476504635147321	0.722200511700048
0.0742278145385976	0.722665259915487
0.101228233908275	0.713578842914644
0.124928425214273	0.723829673992085
0.152635626680731	0.721654783377677
0.177271996231513	0.721651537243038
0.198883084354894	0.711603170870702
0.230376294024183	0.722322892171094
0.256047226858644	0.718581198583866
0.275738911707292	0.720854035366933
0.303100463043209	0.715354055622453
0.330923272289002	0.714598154233846
0.361648273462922	0.71656860422198
0.380204699334007	0.722709228951293
0.407342531734626	0.714016335901153
0.441978846046112	0.717020174386029
0.463251287298557	0.72194745173411
0.489015962645228	0.722704584500609
0.508844877848178	0.721266259844487
0.539885306777442	0.721556804685019
0.567266139819562	0.717225444271264
0.594875464444772	0.714159475289668
0.611243477774503	0.72426773114151
0.637232122257417	0.718812049805526
0.671646327946897	0.715589689498393
0.693007260510379	0.720905011273196
0.71730965743065	0.715832455018392
0.748510911915336	0.711733066469624
0.770385066929618	0.713129370741384
0.792113170454168	0.714193628489314
0.824916560105959	0.71739245913968
0.842622785995219	0.71814547197997
0.866695970456854	0.712529302481516
0.892520049404791	0.720104646495371
0.91850409373885	0.719308327060192
0.945480603243566	0.718717021170167
0.973997727163875	0.713632712605514
0.023374047225627	0.74359149784382
0.0572595150272398	0.742963338771386
0.0825926236964335	0.745028202438449
0.102599150177759	0.738496015570297
0.132594100560172	0.74417547438479
0.157054792656487	0.737328975968917
0.180603280636051	0.738498928206574
0.199710361303383	0.747544858582204
0.226371410055124	0.743455548646116
0.258100441436124	0.749574456745083
0.276652888420303	0.741394262961088
0.302779757035089	0.745967580275924
0.328948619875331	0.747897372198699
0.361588673334142	0.741084906560128
0.386529831839452	0.748994583912284
0.409729763806258	0.741620540204814
0.437980291898856	0.743755186843173
0.458345683457892	0.741973424821468
0.48600632618931	0.749999942058142
0.515857032959604	0.739412049046761
0.532293745575891	0.746173220971827
0.564240594431835	0.749230110860648
0.588083591206975	0.746579286065597
0.620917873398402	0.743846981967623
0.63720300271663	0.741936090424336
0.666610049184345	0.739129340889062
0.688230933652797	0.747804890331397
0.713210607252074	0.740320486422843
0.748306324842716	0.743915406720779
0.77524995546597	0.738552822659432
0.796462595398801	0.747990802765224
0.814742290594907	0.749932654948222
0.849830906988706	0.747515070791578
0.867576980488568	0.74883404686485
0.898395705912323	0.747972056174208
0.920518405887936	0.74879006934369
0.950639914215425	0.744383782194879
0.97231629079482	0.74542101149553
0.025852213492746	0.775117836250561
0.04663054185079	0.773482136526972
0.0754714902684943	0.771531960513476
0.10317395699126	0.764128812664987
0.127032625796392	0.772624928688441
0.1545363926997	0.772691952515639
0.176518171439704	0.767204239986993
0.202588977494621	0.763983265005532
0.232899871971912	0.775257685735264
0.252341352841527	0.774658665617241
0.285860691007689	0.772401641180615
0.305002625632898	0.771947046408527
0.339614414477403	0.763659415998596
0.353454550240848	0.772033377070589
0.384664542616224	0.766399618954294
0.409449921378284	0.769691689240927
0.442068529127189	0.769738188721668
0.456647944486218	0.76584032632393
0.491192199958841	0.763225001821086
0.510309129024732	0.771647435187349
0.534010790767842	0.763722620295356
0.570358056311571	0.767650290916908
0.586101990425254	0.772066661653864
0.620407320982516	0.775228608224848
0.639822231687287	0.769183312416688
0.662368369390923	0.770412603119053
0.689346559656284	0.768228825034773
0.71834466176166	0.765373122020216
0.741938781038209	0.766242260244918
0.771460601988698	0.762925428295063
0.79905744256929	0.775391472688909
0.819120364966426	0.76420517276389
0.849699942840006	0.766903244452212
0.867334472566981	0.764082676152615
0.902338549468844	0.771741837676654
0.925962460823349	0.775619124943187
0.954801386859633	0.771537129059378
0.969722001905453	0.77063243734022
0.0215793071568095	0.799528797067715
0.0539855149380259	0.794636037697447
0.0789227408394192	0.794662722324122
0.105002452381567	0.796691565683907
0.129348045446833	0.795557849540977
0.157730059111632	0.800758996086055
0.175898474099621	0.789668263250964
0.19920722742143	0.790149631207436
0.236325388272989	0.793194099751416
0.258976285295776	0.799809987611401
0.283675205519379	0.800549412607688
0.305429085338514	0.790407226727507
0.337523710238214	0.798209967033906
0.363251063311212	0.797224476222459
0.379199999454332	0.79221588020168
0.404143349550243	0.788818911998725
0.434237328790218	0.798985853078324
0.464603368698526	0.790589744111936
0.490008114285024	0.788604265254035
0.513365429821183	0.793763450197197
0.544240053602304	0.789541114331006
0.569414562074411	0.791631994637336
0.592874560846644	0.790207131758951
0.613854510095482	0.795417736988748
0.647414193637282	0.801168279512555
0.672438234064808	0.791923476505294
0.690795024487581	0.801162547833241
0.72395859209513	0.790662623590073
0.738667484973806	0.79901282768666
0.771952068906238	0.798583568727331
0.799782964643453	0.791535818533205
0.822134876123389	0.795549550935634
0.847740616404399	0.792939512094426
0.869271004191174	0.791341880550007
0.89581738533924	0.794489771940201
0.927724859275246	0.800007893898856
0.947805910770512	0.80095913912395
0.968371912409442	0.799534840955362
0.0310731667873356	0.820958405500037
0.0536018371677124	0.81648350625453
0.0739813513137395	0.824968667784323
0.099945142311119	0.816526617058033
0.122763148522699	0.815425079932735
0.148641781800834	0.818814637000321
0.175697305550211	0.824942218089984
0.204881542390408	0.824599346326252
0.225426600143375	0.816538919675654
0.255224827360972	0.821516166911823
0.284273000072937	0.815480295267937
0.313569070824681	0.816440809136231
0.328978938044013	0.823521562443872
0.358804691723209	0.825545850969546
0.384555755253004	0.815939027093454
0.407473131095868	0.825882223789769
0.441000756508649	0.817292196169066
0.45797370279423	0.8172163929291
0.487978590200492	0.82127744876711
0.518442547113972	0.818638340628174
0.543956105326468	0.818612028094228
0.560390370989697	0.823506799233999
0.593814763014431	0.814771147084856
0.614169874567852	0.814344447005797
0.644411401381609	0.821712841749629
0.664800161264844	0.814324481086811
0.693198928186684	0.816606367072944
0.721170567085445	0.82458448772423
0.743498602495467	0.817213705529072
0.775380246204657	0.816891550632375
0.794785719481753	0.825115387187679
0.82512546704367	0.824349725522377
0.850506116207575	0.823809989637972
0.871379738620863	0.820121540589407
0.891452275034909	0.815369873185419
0.924533019322617	0.815843594215906
0.954059980630311	0.818833053697521
0.974241670586793	0.81503281103875
0.0246704478648547	0.8460394714971
0.0542095816314011	0.841180942091574
0.08160107302196	0.845713637158466
0.107946316950471	0.842293004893455
0.13268859482916	0.846739058452353
0.154140835562886	0.850024093404279
0.184150590043887	0.847384864144648
0.200162903170598	0.841898067663587
0.228012679093827	0.852490214954869
0.255237230607339	0.847386921301412
0.282620386616094	0.845856977977913
0.312804239068196	0.849881074766294
0.331991655800643	0.843990412336115
0.355063941727413	0.842338198281083
0.386306370495962	0.847387290950396
0.404372982340414	0.841477545343316
0.442039943385105	0.84759334123513
0.462083942383129	0.845452009216539
0.489552165314013	0.846816991812421
0.516020839107104	0.839958954033418
0.540429840534826	0.850579849634325
0.567159449358845	0.849417947208631
0.588245269658963	0.850123078332236
0.610641049260719	0.841524766010725
0.642347863446997	0.848194193875451
0.664664226645546	0.845574389407498
0.68665560541218	0.851290388230349
0.713959183506071	0.843478702247348
0.749304180191086	0.851846059141224
0.773422522946892	0.841209862130046
0.796963239047224	0.844121278143649
0.818502300304217	0.846599040440801
0.851303447605864	0.851895645391584
0.875329082635602	0.84664404670691
0.903675533979689	0.847115984161585
0.919037463056235	0.845041941527906
0.943293105694569	0.848767958708057
0.975761107558431	0.844808397979525
0.0300732798901357	0.874467969981499
0.0475987113877345	0.866090393513691
0.0777916073122545	0.877312698979121
0.0967563003516597	0.876866725131276
0.132729596992633	0.871376082028761
0.150977367865075	0.868269380926357
0.184081734338849	0.865468437705074
0.202086702335344	0.866224497231388
0.227470232360582	0.871228143317859
0.253925474669477	0.87602681675984
0.288396930188361	0.877078026967101
0.304411613089902	0.867939307435482
0.33654827093639	0.874217753029229
0.357353127801384	0.87120565287557
0.384649095378234	0.873754354698221
0.407690385694198	0.867223437532886
0.430669847836887	0.874379405029396
0.462569603441423	0.866770780173935
0.481988405313528	0.872012341005954
0.514191701445608	0.871722263148598
0.538963478767037	0.86904404990346
0.562350592318885	0.870316204346054
0.589037535615735	0.874941305898232
0.616156897599921	0.871343808092243
0.644426785056016	0.868840417291351
0.665628196270195	0.867138990310287
0.689487113124074	0.875160101725693
0.720073261988912	0.869225512015651
0.741792851967262	0.867316325995888
0.77019759332291	0.872046207155485
0.796172836303532	0.873228675968006
0.8200244274757	0.86752830494487
0.842062833480108	0.87043910800234
0.87768833727177	0.867175544051702
0.897442866899497	0.874360143342633
0.922758036796501	0.876499623509876
0.946140126827634	0.877213910247808
0.971350280226539	0.873215399008997
0.0197377879020559	0.903796418344903
0.054323138453023	0.891227248777699
0.0832767048925434	0.891650330021324
0.0988800888195279	0.900377833633486
0.132439986160295	0.902363372698216
0.157612278728003	0.897023584388634
0.178947348068274	0.903678781172518
0.207819210690348	0.901227668459374
0.23493898283777	0.891667568086217
0.251844646168458	0.899834395624389
0.277713231953823	0.90348593273412
0.301967645638835	0.90025299231385
0.3355095091844	0.89473029672861
0.361606401028577	0.898407831552669
0.387985399187743	0.89488389892786
0.40493967282555	0.891474688089526
0.433708539098927	0.895697229508074
0.460578787209061	0.898834592755231
0.4907586165953	0.899962039889321
0.506724205671435	0.891165149065519
0.533390256567287	0.893152620617019
0.569472150160429	0.900959601869854
0.584116423832276	0.896666646505213
0.616572656046663	0.891159948335901
0.637297545243778	0.89324802088337
0.668360629899312	0.900123587739395
0.691729451426107	0.895086363838739
0.718893757750268	0.891906390099757
0.741909836907569	0.898377867254382
0.766307783068897	0.900220612141007
0.800533446196175	0.895305423545105
0.822384257578281	0.903248192690172
0.844144109970765	0.901399187025541
0.876091502133348	0.902374019693972
0.903400111856034	0.901744624317901
0.918271569725933	0.8971628764188
0.950075771964809	0.898836034385205
0.968390113170525	0.896172724390328
0.0230916323975306	0.928506163676553
0.0479986472128668	0.922102845234071
0.0827793746798032	0.929104535152492
0.102777414847908	0.920666917935782
0.127547361653712	0.917500629706131
0.160247912712675	0.919446026958036
0.175952261718094	0.916793518393715
0.209797292195597	0.925765249234511
0.23060478376412	0.922427168807619
0.250615647165604	0.917876172027617
0.277083307980458	0.922067027142218
0.302485516856513	0.918937115726871
0.336161143203234	0.922818913335444
0.35542438698468	0.927072265655961
0.387991955003941	0.918447522838628
0.408106764795712	0.928578563019342
0.4340858339716	0.924107721144223
0.463582767448835	0.921412262948501
0.491958701943356	0.925179041747144
0.507116366691018	0.927293552686859
0.542956415454801	0.929339995238432
0.563422088073673	0.918319030543683
0.587629777136514	0.918340980052522
0.61765647786607	0.918746437182817
0.635465429080851	0.92213459519082
0.668956733979725	0.922419763261294
0.687366919373973	0.924681148903631
0.715412626853628	0.920339579120367
0.741893784407668	0.922717645115757
0.768471159095968	0.91943396265963
0.789466372074636	0.929356848200216
0.82313685481366	0.924860420592462
0.850924957575839	0.919120071999513
0.872336729464066	0.929460756857406
0.902703213031794	0.924790991643059
0.928324733502962	0.923471581236161
0.953943407722442	0.923990163693736
0.971123085707443	0.918982071356851
0.0277752102603738	0.945004264329627
0.0466511835530912	0.945269593205372
0.0807229275948181	0.94694765829531
0.101693911612308	0.95181664697542
0.134412367365743	0.946460490290214
0.155042054039459	0.945819782960934
0.185580732744023	0.947377697426434
0.203154832812831	0.950322570614554
0.227669657447378	0.944529188367129
0.250389339787388	0.953422514972476
0.280984092237434	0.95252711727681
0.310216807111557	0.944792611052522
0.331712857716717	0.945540768018008
0.353997512504551	0.954575381671173
0.387603479568078	0.948405390870499
0.414885235115019	0.945456188731267
0.432594845767745	0.945959698210452
0.463551927462245	0.951441869484735
0.483615631677186	0.949535500870672
0.507651418984398	0.952901936020551
0.539384069582245	0.949627401444248
0.568993750451382	0.953616407144166
0.594135190638354	0.94307411464934
0.618813591018716	0.953695305821727
0.647343617900904	0.946600972646044
0.660783358318783	0.945710858033486
0.693654897517661	0.944146741987114
0.713886643812211	0.946208325388
0.744070964517437	0.942832102895169
0.772174015421029	0.943859029285892
0.793006025294303	0.950076915129528
0.81777154887211	0.953801067125807
0.843525097400531	0.947732619975022
0.877693196409985	0.951017871283864
0.893453676233627	0.945274177740962
0.920861189175984	0.94598416533147
0.953485303175223	0.953080039325921
0.968652414581299	0.952207435727965
0.025970425362529	0.979851902269066
0.0544120880810515	0.97023636537589
0.0775848039530626	0.97283867645724
0.0969675665363825	0.971277066494602
0.127553257494833	0.975330660033227
0.158545416186541	0.96992421797699
0.177204952930793	0.97248905068342
0.204070949820149	0.972243364803213
0.226417821497116	0.969989363677257
0.254879759078896	0.972322507865185
0.287618018930125	0.977998617378591
0.302491093928166	0.977724656871895
0.336756985793374	0.976587955608263
0.364144820497171	0.967972451727443
0.381403413051434	0.968089426286188
0.412954333355197	0.976997504075034
0.440487681876941	0.97441805457263
0.455162641498152	0.977139471791615
0.489794251331295	0.972819239783152
0.510872212136909	0.9801650762467
0.536649731506998	0.971255042381094
0.568652651927713	0.968737873700794
0.583924128894232	0.970833590578843
0.615351192106491	0.977724274265239
0.636695055783145	0.97233144870289
0.666782597738421	0.972710066122145
0.688200922758796	0.979393824358204
0.721564471048887	0.971606630323402
0.748420912550994	0.979160269465626
0.774273084744502	0.971228576254349
0.789763645631163	0.980325346598922
0.823219652127132	0.977755736244952
0.850265542299345	0.976871076891843
0.877371842930509	0.970700559963364
0.900802218275488	0.980674665782242
0.924744030634641	0.974970092724579
0.954608849456103	0.97262074921426
0.968456954927314	0.971594275993806
