0	0
0.0256410256410256	0
0.0512820512820513	0
0.0769230769230769	0
0.102564102564103	0
0.128205128205128	0
0.153846153846154	0
0.179487179487179	0
0.205128205128205	0
0.230769230769231	0
0.256410256410256	0
0.282051282051282	0
0.307692307692308	0
0.333333333333333	0
0.358974358974359	0
0.384615384615385	0
0.41025641025641	0
0.435897435897436	0
0.461538461538462	0
0.487179487179487	0
0.512820512820513	0
0.538461538461538	0
0.564102564102564	0
0.58974358974359	0
0.615384615384615	0
0.641025641025641	0
0.666666666666667	0
0.692307692307692	0
0.717948717948718	0
0.743589743589744	0
0.769230769230769	0
0.794871794871795	0
0.82051282051282	0
0.846153846153846	0
0.871794871794872	0
0.897435897435897	0
0.923076923076923	0
0.948717948717949	0
0.974358974358974	0
1	0
0	1
0.0256410256410256	1
0.0512820512820513	1
0.0769230769230769	1
0.102564102564103	1
0.128205128205128	1
0.153846153846154	1
0.179487179487179	1
0.205128205128205	1
0.230769230769231	1
0.256410256410256	1
0.282051282051282	1
0.307692307692308	1
0.333333333333333	1
0.358974358974359	1
0.384615384615385	1
0.41025641025641	1
0.435897435897436	1
0.461538461538462	1
0.487179487179487	1
0.512820512820513	1
0.538461538461538	1
0.564102564102564	1
0.58974358974359	1
0.615384615384615	1
0.641025641025641	1
0.666666666666667	1
0.692307692307692	1
0.717948717948718	1
0.743589743589744	1
0.769230769230769	1
0.794871794871795	1
0.82051282051282	1
0.846153846153846	1
0.871794871794872	1
0.897435897435897	1
0.923076923076923	1
0.948717948717949	1
0.974358974358974	1
1	1
0	0.0256410256410256
0	0.0512820512820513
0	0.0769230769230769
0	0.102564102564103
0	0.128205128205128
0	0.153846153846154
0	0.179487179487179
0	0.205128205128205
0	0.230769230769231
0	0.256410256410256
0	0.282051282051282
0	0.307692307692308
0	0.333333333333333
0	0.358974358974359
0	0.384615384615385
0	0.41025641025641
0	0.435897435897436
0	0.461538461538462
0	0.487179487179487
0	0.512820512820513
0	0.538461538461538
0	0.564102564102564
0	0.58974358974359
0	0.615384615384615
0	0.641025641025641
0	0.666666666666667
0	0.692307692307692
0	0.717948717948718
0	0.743589743589744
0	0.769230769230769
0	0.794871794871795
0	0.82051282051282
0	0.846153846153846
0	0.871794871794872
0	0.897435897435897
0	0.923076923076923
0	0.948717948717949
0	0.974358974358974
1	0.0256410256410256
1	0.0512820512820513
1	0.0769230769230769
1	0.102564102564103
1	0.128205128205128
1	0.153846153846154
1	0.179487179487179
1	0.205128205128205
1	0.230769230769231
1	0.256410256410256
1	0.282051282051282
1	0.307692307692308
1	0.333333333333333
1	0.358974358974359
1	0.384615384615385
1	0.41025641025641
1	0.435897435897436
1	0.461538461538462
1	0.487179487179487
1	0.512820512820513
1	0.538461538461538
1	0.564102564102564
1	0.58974358974359
1	0.615384615384615
1	0.641025641025641
1	0.666666666666667
1	0.692307692307692
1	0.717948717948718
1	0.743589743589744
1	0.769230769230769
1	0.794871794871795
1	0.82051282051282
1	0.846153846153846
1	0.871794871794872
1	0.897435897435897
1	0.923076923076923
1	0.948717948717949
1	0.974358974358974
0.0237829789730784	0.028778086339078
0.0506625127860681	0.0236983804142041
0.0777895941241039	0.0308424255910242
0.0994861547085274	0.0268149723868404
0.129313268961225	0.0240299489793085
0.15523915983711	0.0241628851890011
0.179496077456301	0.0311702014682015
0.202524276201481	0.0278076237943173
0.226267809055012	0.0245389997875695
0.2573674816976	0.0296734503641581
0.276221960364231	0.0305167966919517
0.309922382923489	0.0252219703509016
0.33122751652244	0.0261718040919169
0.358721180376586	0.0222729115147778
0.382495278608657	0.0236076098269577
0.413006216724512	0.021604483210085
0.431719457978285	0.0204330548722275
0.464884431230046	0.0237547372407513
0.490297697024275	0.0197246300665645
0.511695507630374	0.0294670242583894
0.535780474270652	0.02978046633012
0.568272570480494	0.0247588752771228
0.593037403120167	0.0238190170943433
0.61214555107403	0.0313486456752847
0.645404052193269	0.027186336893871
0.670733437219508	0.0221862476535424
0.691183169847124	0.023622905343985
0.72336735620644	0.0205092998191169
0.742954626521693	0.0258144402505826
0.770887766260065	0.0315794168342236
0.798438525086652	0.0314323783994877
0.821499444229532	0.0284150615638596
0.849504568461682	0.0243513382696616
0.868634715143323	0.0278727269201391
0.891935085753595	0.0254381614675591
0.927755888572497	0.023529394150757
0.948246613200082	0.0229012740296715
0.972551569123923	0.0278111442210543
0.023696868158589	0.0451086390555538
0.0546614848699743	0.0534017468946331
0.08137248039342	0.0565185156300535
0.105734831108351	0.0483563429476734
0.13447499341019	0.0546614408882419
0.149908837163563	0.0480972604579058
0.18094345656137	0.0474388225672519
0.203381977363884	0.045306360584452
0.226368214033979	0.0488988124110409
0.262092448605958	0.0452353639691012
0.28269909210141	0.0471971334970635
0.313040340185457	0.0574123036572916
0.329153846723085	0.0458992189592716
0.365196759793369	0.0533914107287612
0.389970842974237	0.0551011127131817
0.410100288272591	0.0493202339126706
0.432562536042089	0.0522310349269516
0.459548359549946	0.0520456166189122
0.488743937472624	0.0519792317638332
0.513098766416738	0.0570559789422631
0.54168006335285	0.0517260914823811
0.562318367577615	0.0513773585994931
0.594226191754041	0.0512867153737658
0.611369661288069	0.048465901813764
0.643382878067684	0.0525629849485723
0.667794481090622	0.0501136711066154
0.69204038469134	0.053421210250146
0.723898316164962	0.056163177055007
0.745313102497686	0.0531683350615289
0.770701925252977	0.0560039088834256
0.790467738154097	0.0542562105954611
0.82511470157757	0.0566505613805167
0.844189156347432	0.0532235696842932
0.871342851063669	0.050056966787015
0.89304064795558	0.0569410704058527
0.926640286648665	0.0544508145890261
0.947887934915673	0.0506006951193763
0.970679408786146	0.052739059009889
0.0253239930721438	0.0735219363722596
0.0532830931727594	0.075913917708023
0.0710000209663908	0.0774011469777015
0.107127089066096	0.0707413451427
0.123695625358951	0.0826608753220449
0.153921712182499	0.082041386305584
0.178016563912464	0.0832677854071607
0.203878539767798	0.0801551394828712
0.227472735362724	0.0812793456982818
0.251594406401398	0.0783753171517985
0.28714122369326	0.0790652950737536
0.305346800395096	0.0772309298608958
0.338715550605391	0.082922557396645
0.353735648345266	0.0736716851989136
0.380136339023453	0.0761856493183014
0.406849881056899	0.0813044846299699
0.439026739141434	0.0724996574100589
0.46564894354343	0.0743788513881044
0.492102061387108	0.0726271792986771
0.517745165759272	0.0809137129463049
0.544380645994977	0.0804280481415589
0.561201051777719	0.0805621472833658
0.595544233601731	0.0819789473213105
0.609554897464281	0.0771007315566569
0.636421787784003	0.0831994896209384
0.661339869518364	0.0786375962549972
0.690725730716426	0.0713255867784463
0.72096765027188	0.0771541881484051
0.747759311373758	0.077995257905595
0.767811382104575	0.0726833110504078
0.792412720801596	0.0799560257866764
0.821092815018174	0.0819678965477505
0.842408186488585	0.0801051363569453
0.868202496295901	0.0809394985151442
0.900273583526561	0.0818553590952567
0.921250811968228	0.0743253225364338
0.953442344028632	0.0736247931746004
0.968895791512728	0.0825718878810746
0.0278304099566203	0.105062880311808
0.0475397433800817	0.104116198995725
0.0829214328432609	0.102874786556792
0.102535345789031	0.0982738106995249
0.122455836409803	0.0962422415456426
0.152224857518049	0.100503224823785
0.183912900697812	0.0976895582111429
0.201631204561247	0.103283529308845
0.235504519980513	0.101726044710556
0.257683317056073	0.0973061244036451
0.281723598484513	0.10588885656005
0.312775448235691	0.0980366189751607
0.338274736267679	0.100150268519893
0.359976635300273	0.0979668845269549
0.378668269579976	0.105890055064407
0.411520239416128	0.100343906591055
0.440781160330489	0.102319185251634
0.463064077888559	0.100719950744039
0.492679153738701	0.096333897453522
0.518742459870886	0.103474637329006
0.537330549680341	0.10855767590571
0.563731368972147	0.0998112188629882
0.59601232895552	0.0966016475326741
0.614967731724558	0.0969248696990047
0.639072854350476	0.102392176584728
0.671881732778266	0.107616481275017
0.689868772456019	0.10500400219115
0.714260882708848	0.104189881055343
0.746018309028377	0.103345763574467
0.774574840184241	0.104144341154869
0.799438125222102	0.10178997344375
0.821855692363234	0.101929812436476
0.850055014571866	0.0985037996285017
0.865645453812233	0.108504393736043
0.903275197788591	0.103841855627151
0.922140293352019	0.101117959125974
0.954091987709999	0.106383215171472
0.978528964760609	0.101368326476705
0.0251916794947135	0.128483237520936
0.0559067712596012	0.127803322866273
0.0742815546326004	0.127945379738602
0.106563304903902	0.125728336809916
0.134599180274333	0.122265820085983
0.151226013496588	0.13404071529287
0.174602271103144	0.133819684418507
0.205686885618019	0.124763813321252
0.235464411713037	0.12386342893125
0.251873287812311	0.122924657054228
0.278425861695463	0.127427730614394
0.312184046727517	0.127563112088872
0.330903889416752	0.124380559982254
0.354482781763658	0.13324351634051
0.383474281996661	0.124590624153355
0.405310750159362	0.122292075130512
0.435987500657155	0.128987222082032
0.456892850467722	0.125854540983697
0.487623884035195	0.129395099084618
0.511153627239094	0.133564995882931
0.532635641435045	0.125189086571437
0.560597388280559	0.131605359280916
0.585861840287004	0.125006865451405
0.621089006177	0.1322248941684
0.642394284170923	0.131657367069163
0.660984708286586	0.131597986484439
0.69127951722798	0.133998498380774
0.715482781488026	0.125041003529179
0.741814325806945	0.129785154487641
0.765259623539395	0.12985680193554
0.792775945959917	0.134362692607378
0.816034789450317	0.134371734326613
0.845438698350131	0.134308916682902
0.876132106219446	0.129420988687954
0.894274901121639	0.13099339724512
0.927696427425625	0.131242900995533
0.950690979391515	0.134222486339131
0.979797272948785	0.124414797122212
0.0241736529111148	0.152813880487755
0.0527206697481924	0.150854456983519
0.0714000775145218	0.147767203590045
0.0990511195661751	0.153118211675996
0.123871363979441	0.154622555212855
0.154876151491754	0.157793874920993
0.182729615545001	0.154559261592295
0.208924114563801	0.154552054330962
0.235026138764151	0.154040593404165
0.255777334670078	0.14910903050926
0.278658529603627	0.158688422678298
0.307583729333478	0.153742498990071
0.334715112311311	0.147814557441229
0.354020186792852	0.158180384600736
0.383003912691654	0.149291150912028
0.415897826596247	0.156002408415481
0.440146253800042	0.15012073584605
0.465091974283839	0.147545789368689
0.486205164387242	0.154021266051255
0.516421859277961	0.150260584532329
0.536102923344871	0.152384373921746
0.560909365142507	0.150984008607337
0.586709149835601	0.153583914563585
0.614095911932986	0.157251210407057
0.641231869869974	0.151960784771525
0.664362186052746	0.151730959269945
0.69098211006009	0.155881004699125
0.715538003494643	0.154188796475628
0.742502714984341	0.153359612987474
0.774074302742674	0.150356847076413
0.797960414930046	0.153828336775424
0.826509068056815	0.153837537219102
0.841901827401713	0.157387128629535
0.871702056146778	0.151636660830106
0.891431331636009	0.147514540622464
0.922283407136043	0.148331473328441
0.949062311055647	0.157034690598799
0.976748558322848	0.152046715416166
0.0233978637209375	0.183125803276734
0.0454099407707945	0.176175338832698
0.0759221631533119	0.182827715482818
0.100823542048766	0.177392796124926
0.126359311067108	0.176262904412965
0.153383363202427	0.178921639809387
0.18234447160282	0.177832646634721
0.201780745373922	0.175045610950278
0.225715658412393	0.182182070616758
0.25594130702961	0.1772052574659
0.277302989887008	0.174823759107095
0.309405799173292	0.18338969582002
0.331433776431505	0.183532057516867
0.360320443844605	0.176593313824816
0.386597999439728	0.178652536317148
0.408884470039996	0.174871617040475
0.432064409967032	0.17834560362153
0.455170059046577	0.182798157920711
0.490631749937913	0.177567116508612
0.517944908839472	0.181424346446782
0.537637844017164	0.174845796073313
0.560088942500707	0.178982813802279
0.585078743034755	0.183057239519596
0.618102322958655	0.184370763643322
0.637492545660244	0.18539456295743
0.663329016571959	0.173986838810914
0.698609101085428	0.183567656118626
0.715164400774983	0.178497599064792
0.746368435976342	0.180891681873816
0.773033139205614	0.174679070159642
0.795710729934476	0.17485136203994
0.823029487548046	0.174676705229998
0.84604964897254	0.175070152434832
0.865522849131978	0.174156116645159
0.90034662561556	0.185224028396685
0.919892362001411	0.178503461217733
0.948589407859419	0.178418817193818
0.98044380426524	0.179959440711433
0.0240680807528702	0.20412738918474
0.0494274095190126	0.202364310573664
0.073281229021083	0.199536233036076
0.0983290533067263	0.210590871115177
0.126401204428036	0.199939956503241
0.147957600772108	0.204568116934203
0.178591773766971	0.202992744372055
0.208456317027137	0.211295972972371
0.229628079684393	0.199590397366885
0.254602091569397	0.209317770466286
0.281311935126563	0.211326765704675
0.310528760375509	0.203640617924886
0.332554110546518	0.199356867526849
0.35643703674132	0.209072388742127
0.378293671747034	0.201482920797973
0.408281305921204	0.204146785439172
0.44162460870665	0.202293669046017
0.467925576333645	0.211084721363434
0.485150940739708	0.206924467064199
0.511578084633039	0.198763311809525
0.534150857589323	0.208879838523616
0.564588469694961	0.199528484401491
0.586540219996507	0.205734190043969
0.61264933791811	0.204803999651481
0.636331592377296	0.210234132035715
0.670284204583918	0.204247667072507
0.687672348425707	0.210780958358614
0.72103000880076	0.199794398142384
0.747718703792642	0.206518229429613
0.763953599215406	0.203907887709632
0.800684548532226	0.204981832785976
0.825094350451039	0.201253738574735
0.844706007346276	0.201259385682635
0.874276856520962	0.198765183231581
0.901578375070837	0.199298610717037
0.921999508320862	0.202581125960587
0.946563720024522	0.204642811586094
0.97255599535096	0.211405359145482
0.0273835274419523	0.235999256536514
0.0502325782378935	0.22685727037083
0.0756817949474455	0.230226946725981
0.100924696155545	0.237043556607153
0.132954938058064	0.236348858578747
0.14757862259584	0.228251589233818
0.173952006473375	0.224456981787625
0.208054991715238	0.231916720993235
0.226958763265692	0.227771191427968
0.255013103004716	0.224485668034465
0.287424849266017	0.225708191363642
0.309150572558496	0.234873830739713
0.332982965698968	0.226815446006905
0.355773190398133	0.232090912781911
0.379621926285938	0.235529394496284
0.413095966068894	0.226511666614133
0.438431505603529	0.228269682914137
0.459077133167621	0.227646807308507
0.492094774602158	0.226280222253524
0.508015092467031	0.225180721721704
0.533776765851842	0.237097998207318
0.565017269602625	0.226203373371729
0.593115195883881	0.235818658667677
0.616124778073562	0.23371606892889
0.642060012011474	0.235467567746269
0.672995394175862	0.22972346548586
0.68884046309604	0.228894517459578
0.720846186782453	0.229719158662964
0.739142577601285	0.232204285512897
0.771739593558258	0.224596770720553
0.796374332559145	0.230488475072741
0.822417153809428	0.233285997873151
0.843173601038214	0.224874656610686
0.876011172387017	0.22738620651081
0.902713906815801	0.229405801380129
0.920921665502633	0.225801205084451
0.945439860844632	0.228576706894061
0.976021785792696	0.228326370429657
0.0316838970227293	0.250383826526482
0.0495876792811377	0.260538153266639
0.082622538828905	0.260424054478937
0.105542425711495	0.260355456628099
0.13404786031287	0.25096519097561
0.15556465039439	0.252261295943699
0.180277258727294	0.253324318301179
0.21123750113811	0.255128510304655
0.228192645345893	0.253574149276831
0.258958874961015	0.250636260808014
0.281608124834164	0.256660845306827
0.305036997888573	0.260791286534322
0.329593998822902	0.261613668437605
0.364114971807905	0.262075313938186
0.389635070418227	0.262269013976674
0.409494703732022	0.256526922954986
0.438993816074898	0.262519926970232
0.455363474695338	0.251273014241934
0.485843199587899	0.255092637605379
0.515434622619567	0.25110833425945
0.54372078585941	0.251395857682804
0.566601463740714	0.258799197913128
0.595079165968461	0.259856657092236
0.616627982998705	0.260739765748046
0.643006663346977	0.256926777751587
0.664434323089711	0.258191024705162
0.694767146477185	0.261273455115896
0.721733213302265	0.260491859478406
0.737206638821657	0.259102524351983
0.766591983922135	0.262556671325128
0.799223113609039	0.258601190403723
0.817049670135292	0.250234486655685
0.850005825024661	0.254594525333367
0.866942713445244	0.251778186882324
0.897573301329109	0.257899613038023
0.918275754790313	0.261635969254102
0.944323727390385	0.2617944981331
0.977934084650405	0.257626558238844
0.0278277118289867	0.286588143517481
0.0574605245375999	0.27816331754965
0.0827534179530565	0.280985132297035
0.10712618330189	0.284597360782601
0.133585157895947	0.278950513615762
0.15198680674056	0.285166409592967
0.174592466629776	0.279334974628601
0.202225211234566	0.275895572815985
0.234786849655142	0.284318827849272
0.261662371672024	0.282069901380636
0.281270477841999	0.277226631824074
0.302095426819996	0.280769099752282
0.332365269872894	0.27575038972657
0.361250737180402	0.28793503131281
0.380966279528484	0.276033188081719
0.414304703438953	0.280949150149287
0.42954892675909	0.283671484871082
0.457933373034006	0.287521984062089
0.492547299693367	0.280114518404977
0.506602245145262	0.285341003138701
0.532612204651329	0.282764085082491
0.566875095514781	0.282771893374147
0.594182600788	0.287689233406678
0.615139805299278	0.280732005692481
0.64496297244236	0.277528779503789
0.670356486614412	0.279182776759826
0.696525768260605	0.282739014531779
0.717774520961681	0.284377408383994
0.748119894864831	0.280777355980701
0.773536579499143	0.28407925771934
0.800781930337436	0.285935382376265
0.824409106107971	0.275806625848677
0.843767443791176	0.284183052397592
0.877181944826715	0.277836266419983
0.901728006440125	0.279117074137979
0.928484800672666	0.285421634011585
0.951068055114302	0.280545300175028
0.968450234514436	0.283433257115516
0.0273629712312677	0.308864426457947
0.0467169105674646	0.302365101203112
0.0760973296657034	0.301571831052372
0.101719976955055	0.30519759486039
0.125029173278648	0.302998549148879
0.159912433818104	0.308270991633838
0.17687167962501	0.307528088333863
0.200643216232832	0.305187830539495
0.229335508763483	0.308389213602642
0.255861459399135	0.309741930196007
0.281986879966177	0.305662752083704
0.304559873107993	0.307312313142837
0.338538547837753	0.30259066224258
0.356767981099045	0.301676821071092
0.379247293852697	0.308340526717453
0.4159420059043	0.312669916020371
0.436539591667907	0.313285555231383
0.464623494846261	0.307808780755654
0.483002593674406	0.30235128683813
0.517227207444928	0.302661565451337
0.53215887444845	0.302820970150428
0.558395627804385	0.305901899138524
0.590856515339106	0.303762984051777
0.616411591337022	0.304891889210839
0.634950753679048	0.303720608655876
0.668294628249886	0.309889646361592
0.692500860383432	0.313565831589272
0.723907590023183	0.304053788775506
0.74413880423438	0.310248716822744
0.770640452419191	0.304408502465892
0.79318750163134	0.303297647424582
0.817673859331445	0.307841108412397
0.845875168309219	0.303725129510568
0.872506179387123	0.309922528586945
0.901889581177642	0.302072622994593
0.917231569642669	0.30400887783954
0.952861670970032	0.310011938489277
0.970561086644262	0.307432380729248
0.0278938948515379	0.333290514768226
0.0471544121151954	0.331166051697951
0.0801224152228402	0.330585637024972
0.10089907582087	0.327450262529359
0.133168720486613	0.334433836474043
0.157191496683297	0.337839371276627
0.178873806088461	0.335591684234609
0.201649012159066	0.339399265434206
0.236313148102064	0.339275107246496
0.257365708147009	0.33358350089075
0.285468602054576	0.327601197500611
0.312595220257697	0.327619905305223
0.336339601422279	0.338673308731721
0.356174632796824	0.330693728786204
0.384806579236046	0.329001056241947
0.409504087878422	0.330663893966792
0.43067155330147	0.338174884849818
0.459643474207854	0.333401826358107
0.490453839533871	0.338521064279079
0.513837570855667	0.327286818387502
0.543041473763029	0.339374000554199
0.562916332902452	0.332673218035047
0.585979279684979	0.333477264487058
0.610029255673734	0.329795945726537
0.640733980151723	0.333186862732024
0.662388464104289	0.328640427396743
0.6962705153017	0.332234388530335
0.717632994330153	0.332780018716523
0.737893396961616	0.336193538082697
0.773082835019793	0.333349453977242
0.789736431538944	0.330396354480173
0.826511959852114	0.331189304319004
0.849447576428519	0.338788447857659
0.872923887178003	0.3363906650874
0.903622267122614	0.338352372151826
0.916843433562896	0.336557261880773
0.950867592266721	0.332744203376093
0.972080617589149	0.327848328654836
0.0224468390332503	0.352948857407762
0.054719402843564	0.353938464414854
0.0776455738636225	0.354093971670209
0.0983503668307357	0.364228092835334
0.134610386076921	0.360173163001514
0.148667837871993	0.353283957003525
0.181744360975844	0.359506459904078
0.200411266152305	0.353201808959622
0.225847564229312	0.358165139357449
0.25689618946296	0.359334849794384
0.283129120180542	0.358649626724868
0.310536479581843	0.360219466828925
0.332925525300416	0.365304712843043
0.355737791023022	0.36486243506513
0.385258171561322	0.360872753164665
0.408703361059598	0.359496503838429
0.440200757644376	0.356462560012611
0.462939760969063	0.355397477863964
0.490482994582081	0.362271909472666
0.506891217462663	0.359099393938976
0.533218433197018	0.360106549410567
0.5660083781673	0.358510651617332
0.59044863623699	0.362139921554005
0.612013104392706	0.357439210214079
0.6461317910344	0.354010271851502
0.66317733558511	0.353101105232394
0.698245635662712	0.364328049161302
0.723730531570215	0.35301655034486
0.749297339873632	0.363343053515162
0.775117707777265	0.353548670166528
0.800988621205658	0.361079462125069
0.821018108142113	0.354518533110468
0.849008160087354	0.355696321453648
0.874707611257092	0.363448505126598
0.897797978380869	0.360624664681137
0.922355634687852	0.359232753074942
0.95448505693866	0.365012574879241
0.967986330465081	0.364873503138561
0.0223201231293533	0.384763409203583
0.0542332094266706	0.389949494460324
0.0789112255830122	0.384467363249865
0.0993954668256733	0.384511145007785
0.123080318547352	0.379985451065202
0.158876034100487	0.378987130411981
0.183282645358398	0.388499722265405
0.210993967743045	0.383161502377481
0.226655948603403	0.379173193936356
0.260282908565192	0.388677919955226
0.285009889687477	0.38938848111584
0.307167083422532	0.380388168183146
0.339563372764805	0.386564784306093
0.35423149368757	0.389121587131394
0.391023893482014	0.386077475998993
0.40838554265775	0.387383525139128
0.435548818842601	0.378342284219801
0.460911631758833	0.389770231657453
0.486390894451736	0.379698491017704
0.514460445388975	0.388078038051513
0.53639378335619	0.381858458818502
0.562741683387328	0.390319648160386
0.587986188285593	0.381785402451171
0.620116144822117	0.388302119495721
0.645375486311431	0.382528846120352
0.665815057425075	0.386651523211162
0.69700284445724	0.379147381294035
0.71473798828963	0.387127067740479
0.749623063487339	0.388984314031619
0.773482437687338	0.388243873093833
0.788683459178005	0.389439202405873
0.819983215963846	0.381308880470476
0.850048815731891	0.380512253191348
0.865495414337592	0.382633152921944
0.895942628986495	0.378602180791481
0.925164221948095	0.386057878445389
0.948228106609518	0.379827178911921
0.968842353445949	0.378788120170338
0.0278206025220788	0.406844671479492
0.0573492827328605	0.414717633661226
0.079584160703468	0.409880670282639
0.102164667415002	0.406004170983719
0.126928338284233	0.416185155553754
0.15769055178283	0.412075065989294
0.175986069938095	0.409589571003189
0.202490885925526	0.407809918758495
0.228365416325263	0.412062091373141
0.257639376634926	0.409906884355042
0.281694551850411	0.411786800978803
0.304450798544419	0.411761131372295
0.326996924374455	0.413744669496879
0.358423985306744	0.404263854130486
0.380232628232304	0.404189963717996
0.408045264769416	0.406711651686797
0.440327774471572	0.411249063458687
0.463228139422938	0.415622262810428
0.49247620054835	0.408313073726139
0.507918148351696	0.411366752518857
0.539556707307327	0.404466683746405
0.568931511094074	0.41567495622394
0.584863379797622	0.407656335653481
0.615262314725051	0.408855377956948
0.646084877431594	0.406555294089028
0.670666383244663	0.406199754066614
0.697731349570242	0.407319248637515
0.722021556451025	0.406135698412338
0.739217013855149	0.409469730113765
0.763688050878783	0.413890458408021
0.790570445643687	0.416103935543104
0.821639512694179	0.411344147096997
0.84459872407521	0.410129365601565
0.873354629737475	0.408024882759386
0.900168927847903	0.414689719810303
0.919699914533693	0.410648560874059
0.953244787663083	0.405550249238435
0.968292400366757	0.405236518689639
0.0279411354286991	0.43583508997879
0.0487174440629145	0.436719581948718
0.0805250467031743	0.439698461114943
0.0985032214167508	0.442269248663207
0.121846035780787	0.438320008825651
0.14783274719591	0.434988030330602
0.173401554884642	0.431597222643851
0.199689509987896	0.436515322047114
0.236441153799262	0.441336148647439
0.25771595453426	0.437964312723062
0.276390912893446	0.435731913807632
0.313764565952465	0.433770073151593
0.332612997140831	0.438102152856983
0.35765262533595	0.431684887527708
0.381628885914463	0.433661801152027
0.408779034774513	0.432266921962084
0.441699850763101	0.43475882463351
0.464520437774357	0.435939683495954
0.489130139914135	0.435098697421004
0.507355651483393	0.441950196032809
0.541800576826814	0.438651170337542
0.55815471518732	0.437660305543595
0.590933292108568	0.440934782417387
0.619229704885094	0.440260209036509
0.640555450062699	0.439219402265125
0.669355042805419	0.435926147343861
0.688356798984557	0.440756853169788
0.72089546134835	0.430858406800965
0.738604265322975	0.434324527874174
0.77075438449452	0.441052892062631
0.790220047283881	0.43188284915546
0.815342760135815	0.442240226884637
0.846244730231452	0.440548476248514
0.871427600253409	0.440558995592437
0.894978308733195	0.441133660369614
0.924682149796054	0.438633271247605
0.948476594615814	0.435097132147972
0.969232594225631	0.432894967925251
0.0251901392708029	0.461743959004858
0.050505918794065	0.465501735040391
0.0816363836997674	0.465767050748028
0.103593907832126	0.46432481077504
0.12758556579977	0.45836073862368
0.158126839834597	0.460246939250888
0.17349925500183	0.459928149549795
0.211351791020729	0.461622215140108
0.233127612507026	0.459735641697207
0.250074688564818	0.464268918116008
0.278409263174619	0.459604887917907
0.305385381159726	0.463696212859129
0.337959131220682	0.45975154007126
0.358819823309448	0.456538650619283
0.389876220704309	0.4673395349086
0.406883813521915	0.46093094254307
0.438286445659098	0.459820117275533
0.463748901770928	0.461846688221493
0.491355950607151	0.456660295483023
0.507259936966887	0.464566325455776
0.539046794814265	0.465342587475276
0.567339641373672	0.466869517309701
0.589288383200282	0.466041333857432
0.619647869448554	0.457544958251897
0.643624329619435	0.455196343227858
0.66300762234506	0.460116536695695
0.694710832166777	0.462907200572258
0.713401787083894	0.45549858622992
0.74490457499754	0.459399791831184
0.765418554872453	0.457571002039329
0.797572980674959	0.459858237056288
0.817986561750138	0.460691259945913
0.850943030661869	0.464898726249601
0.866541178797457	0.459224201109488
0.892877864245619	0.46209658897545
0.92629914976489	0.45962662361145
0.945399381910326	0.460946931092986
0.978757526101732	0.467362455405246
0.0289808199234113	0.487706467908392
0.0494158782310907	0.482735022508162
0.0705921331222969	0.481143240410883
0.103282850151893	0.492612963467029
0.127601905693752	0.483885453897871
0.158203272139479	0.481746453249106
0.182192351867728	0.485377742792633
0.207338747468161	0.488838055986728
0.225220426449893	0.485065516716041
0.25354218441447	0.492264110901239
0.283261034369122	0.493586373090324
0.30217636714384	0.485976303296746
0.329366128798526	0.483321015004538
0.362597097725742	0.481731702857138
0.385918604119985	0.492339267801139
0.406562917936103	0.485761311871654
0.441500826573351	0.485011421623114
0.455793590200462	0.493007696016496
0.487858982429112	0.491952576078548
0.506983980152099	0.490815194229762
0.532559964815508	0.480814848980325
0.562448593128166	0.482564867072119
0.592950445916181	0.490253162161147
0.614738105431847	0.493276560848669
0.646699460648084	0.486689110375789
0.668722437701995	0.486194166559404
0.693274309341168	0.489447828968279
0.717749589688221	0.48108950301607
0.747561567154933	0.490440007041516
0.77562012673268	0.49035647159275
0.792479480357174	0.493463433552464
0.820676250072021	0.488056065416566
0.84203492360764	0.489098417422228
0.875496238088994	0.491887365120856
0.90311236368456	0.483542293176369
0.926577229635915	0.489885368673368
0.94829829123708	0.484185898364753
0.973700682483883	0.491554341508216
0.0273785660900827	0.518190380814096
0.0505761469839707	0.515374362858398
0.072841961080777	0.512831075629185
0.106927530709794	0.511584729479996
0.130444329984085	0.508405672577516
0.155710294370754	0.515203689229071
0.176843975026331	0.508250538462962
0.2032438563446	0.515320343726777
0.233625836122377	0.508738827375108
0.256795165769874	0.506479595399241
0.288409145765927	0.509010415558646
0.305583917247983	0.516385106686796
0.337737901311564	0.511741825451221
0.356402205699109	0.507437210412423
0.383699576458595	0.515497453288848
0.40906818421218	0.510611448185715
0.437661367677187	0.517602845057971
0.459702103634122	0.51838348433702
0.492991776361907	0.508216185868876
0.511052449973316	0.507753993274694
0.533703055767911	0.511876248584788
0.568177141446132	0.518341233585308
0.595249711199829	0.511088782830125
0.617124088858567	0.518255046797653
0.641431940350506	0.512155235378239
0.663249396588314	0.506825826813523
0.692789778143028	0.507101123582979
0.713790696268524	0.509725981211211
0.73741006038222	0.514969430614939
0.766112007911942	0.511056671028677
0.798357182602479	0.513436235168788
0.823645406374263	0.518438807968438
0.846039395710189	0.51564477956721
0.86932024233532	0.506456729957621
0.897407224771013	0.51017765788904
0.922140895759022	0.517365541562813
0.953340617549634	0.509636178673164
0.977357308696331	0.511031461825704
0.0200354100070904	0.535474146836699
0.0541514658269776	0.541301907717635
0.0765119665849405	0.536071206503484
0.100294549907583	0.540981458713985
0.127482392466327	0.536255191012394
0.155946703813385	0.543056830709871
0.181491476432459	0.540515433397795
0.204774908596627	0.538862256121348
0.224359679677091	0.542659826893458
0.254104100366799	0.538031851285041
0.284224797326044	0.540843111591804
0.312581891524896	0.53995030971798
0.332137438257874	0.543531270473815
0.357582875373033	0.532225755436107
0.388678040944498	0.536843546128766
0.405177949830823	0.537902737937377
0.431780457490035	0.536715190373314
0.456375011905903	0.532214757942467
0.489424573064839	0.542847720822772
0.508449118511144	0.539122854109005
0.535053237288374	0.536343651149912
0.561204689597608	0.532384856515536
0.590377086697132	0.544138368986773
0.612334031994299	0.532458896405091
0.644997194650507	0.532433482631224
0.663697708794898	0.536262070084526
0.687096871201664	0.543260027333359
0.717371840534969	0.535194250202864
0.744712830855791	0.540166956071158
0.764557808370474	0.534734872232775
0.798596218272395	0.537200767976648
0.825863265907872	0.53290107872172
0.845484255310086	0.539682499794504
0.870793682676029	0.539905024304656
0.894372063404931	0.542707749196213
0.917953063584242	0.535341247820801
0.948171125952302	0.541811864579704
0.976422110962451	0.538312502113482
0.0307423955515065	0.559295245721769
0.0488760715768878	0.560448228726368
0.0773147127058748	0.560161320483624
0.10881157702547	0.560098643678437
0.123483751183367	0.563800122609269
0.155423585707986	0.566229846307784
0.184700309075944	0.569757767018573
0.203001396052501	0.559532085334171
0.224628916478734	0.561032541440228
0.256176581232596	0.560038956413645
0.283877468550633	0.55836378513353
0.30590103313522	0.56410374084379
0.330469562587268	0.565709308002724
0.362410544528061	0.560862311978593
0.389306435943675	0.563111881588731
0.407675299696154	0.559910559528616
0.435554167022092	0.558949898493381
0.463929282805549	0.560730968864473
0.485049814926681	0.570090843135697
0.509127525001683	0.565638552346412
0.539411371143389	0.560813218050199
0.568045788652916	0.569545534389864
0.591870674666092	0.563453081289283
0.618592969651113	0.568467245936174
0.638649954419335	0.567048430426529
0.661104247273812	0.562467088489169
0.693176363866203	0.560947895468434
0.723051383016676	0.57007614386954
0.739683636794648	0.563983432101461
0.775041013672591	0.566569501724184
0.796411495976322	0.561151942867699
0.818231087104136	0.566296379480832
0.841642883631203	0.568625072823622
0.868165652838437	0.558295103974135
0.896966898863629	0.5588937385559
0.919670912481804	0.569269782267275
0.942619932895792	0.569806464716931
0.96862014185562	0.560954717360407
0.0267731955673406	0.596050551770033
0.0494440318285954	0.58400676358555
0.0708824209444048	0.583803609496434
0.101906390440753	0.592521634460402
0.122972575922428	0.5898883456015
0.159107038622699	0.586452294616476
0.178083480462048	0.58967923016695
0.205834891648523	0.590311722353307
0.225065454315493	0.587081823944584
0.254200570559782	0.594616641989882
0.282609473659667	0.591778042442229
0.311722824913943	0.58615138774166
0.338968210894891	0.595533733653537
0.363871754199369	0.590796259137035
0.386833301570696	0.587788532116164
0.407066518821537	0.590502905624691
0.432263269107401	0.586812871385487
0.46179728343328	0.584856964868073
0.493537330418857	0.586866134007359
0.515492172239359	0.590717305905516
0.540311383864956	0.58765310102335
0.560864124362979	0.587837097541558
0.588950298531443	0.592887471414081
0.609103629761835	0.586541671315765
0.635442331448791	0.58844783528596
0.664076359149916	0.592245641557158
0.696045455984984	0.59198880526995
0.716596822596768	0.587505805612392
0.741652475457528	0.588575208593695
0.766141943534358	0.588887809314393
0.79906539162718	0.584502755566927
0.817812056833451	0.586464593773602
0.848054739080464	0.587927576314563
0.868373518546471	0.589578929169167
0.901439174772857	0.594785861365143
0.925065982940713	0.588700570944413
0.949848817450419	0.592005161811261
0.971308497421146	0.595191504175292
0.020256868354311	0.609291029826343
0.0570560372250606	0.619297578136104
0.0769696876417366	0.610113191469658
0.105704403405312	0.614801583943465
0.123952902376812	0.610581116190809
0.159453196603609	0.621467840804599
0.18572695329181	0.615090958337705
0.210545375107146	0.618476426594137
0.224787534273862	0.611937865798617
0.25083793703189	0.620610522126222
0.27653490743817	0.621062101466391
0.305565729690793	0.615441835694834
0.33183603766749	0.616258533798773
0.358706789233874	0.610703403006454
0.380577236629519	0.611475914030727
0.406280557111991	0.620038951514643
0.437261055991711	0.616653200500275
0.460349307166238	0.614930646019696
0.48499674005171	0.621706653479622
0.510571102852762	0.620555183025633
0.535212199296793	0.621727844255358
0.570203306273134	0.615658317110786
0.584265055298887	0.613168949518214
0.619278892277325	0.617486222356737
0.643448032465662	0.617880499566243
0.671550784942049	0.613929186162135
0.690275909094812	0.620418937378394
0.718384387944206	0.620779927000224
0.743683896755472	0.616862393943453
0.774448077560284	0.615284088989672
0.797476036651065	0.61865978980477
0.826045436502248	0.612577833750261
0.843834310096339	0.613019931421757
0.872956340286288	0.617996373323071
0.903585217646005	0.609493674592862
0.927188243199776	0.620661877186729
0.947804691512559	0.619000001765704
0.978528315273524	0.613802753795788
0.0313386090653608	0.636115297790339
0.0520527765524376	0.644963458635981
0.073410858315318	0.642634567163385
0.103533579502504	0.63522802794668
0.123267734886928	0.643991281812765
0.151939466869299	0.645469208468504
0.182844908314101	0.63543283150654
0.204185266281776	0.647018994606612
0.231698184279003	0.642294977566315
0.253722568249355	0.641989409315694
0.279831364104964	0.644852411863861
0.301313883840138	0.638891663158129
0.336900246080492	0.635896854285416
0.362671065016637	0.638602342671152
0.386821992568397	0.636176525759869
0.414586533775988	0.63843410503704
0.441495266433732	0.6457026377212
0.45845578560305	0.646329162372315
0.482668357212574	0.637699228956043
0.515741926354201	0.637658833497651
0.536244513938911	0.645846340898867
0.570278896201601	0.639141132962383
0.595483519184538	0.63926225395993
0.619993906686028	0.641376394020901
0.638563504991928	0.644910394132747
0.666954000631732	0.645132837692606
0.686111960851635	0.64138031259875
0.7181211530126	0.646092388044078
0.742607162486021	0.643553226490259
0.769411939176221	0.641098565605276
0.789787168524688	0.634990665231448
0.825114380282419	0.638270041976593
0.841549451060069	0.641214479294508
0.871303600187584	0.638968368467705
0.901926365709461	0.637214421470918
0.918313471812634	0.645174924222481
0.954853487946114	0.645553834299012
0.975325751065047	0.640110276868908
0.0311934455565955	0.667053983035513
0.0559226388307949	0.663356943380573
0.0745726846166306	0.670781587248055
0.108116910598883	0.667666219339252
0.133276091101562	0.668180413453962
0.156083128802571	0.666306555460881
0.177622250731075	0.669753598167771
0.205248984184188	0.666844061231805
0.226365836658244	0.662419519972243
0.251183090623035	0.669962714797163
0.278621330314387	0.672392341553952
0.310548708095332	0.663524708957792
0.327979341281377	0.67049781306153
0.354094740902065	0.664305794359007
0.386513548662077	0.664046316658235
0.413632302885334	0.66998528186396
0.436034536044477	0.663854677424715
0.465940134265908	0.661119275447257
0.48414896922392	0.663535205602379
0.509062195544324	0.670371343095461
0.538402902292232	0.671764659422788
0.565642989108812	0.66633075546889
0.587896435841413	0.66977754155195
0.612620621737713	0.66176591630906
0.642940377452972	0.669533445164478
0.669911703071158	0.671768446166686
0.690339935413376	0.66928166092619
0.716492403141651	0.667278345904543
0.744817181402207	0.667009905236608
0.770000358451277	0.666913563814356
0.79620035142722	0.669538947455617
0.824999645226117	0.663329612081834
0.847047474268055	0.673034391584336
0.875776806492127	0.66359103932588
0.89761641965254	0.671472454137518
0.922143746998736	0.663767011354083
0.943244467999952	0.664372422074425
0.976683322929561	0.669327724109906
0.0227448373296775	0.687774221635568
0.056559159449817	0.698158162706934
0.0708188323644875	0.691697256869968
0.105385105354453	0.686218315383391
0.131048215921619	0.686796231190143
0.153959735310357	0.68912085056909
0.17809594774683	0.695560401749562
0.201580073966334	0.693281774502035
0.227368343308979	0.695251641576299
0.256278749015727	0.69770406085035
0.287413088199319	0.696220205215623
0.313645928687818	0.686932435956674
0.334274725690135	0.698654896943984
0.359376363363073	0.693380949007659
0.381752690602121	0.696285439289265
0.415792783968783	0.689314032779951
0.433497815374429	0.690996110891307
0.456439963658759	0.687700289850914
0.48283226003441	0.689230747435399
0.516575563228483	0.69367008020665
0.54485440502011	0.694185396160274
0.564023698500214	0.691904066989039
0.586182789426331	0.693608980969023
0.621200287851726	0.695091747685716
0.638260496836905	0.690668750392028
0.667376387749912	0.691953120480175
0.696028225767784	0.690577427146416
0.71708678894817	0.689866230152038
0.747873847807132	0.687623302920435
0.772303802349449	0.689730741887107
0.795215937027598	0.689581937579314
0.824361618897857	0.692315600243919
0.850133036847983	0.697988084136029
0.866384530440886	0.69347709643705
0.897992463035633	0.692966352615704
0.927568097909581	0.687687861825877
0.94736516391988	0.691929077104392
0.969326639369161	0.691009686317566
0.0308004467973185	0.711763468631416
0.0461484738206656	0.723117624958873
0.0789314748661503	0.712130180575363
0.106314627758977	0.72155339135549
0.1333525524487	0.716249463821024
0.152282674341623	0.714608769863528
0.18081051025741	0.719832712179295
0.210771036653442	0.720178873920195
0.225706992630887	0.712626347968677
0.262802454213622	0.720921560755356
0.28137771043796	0.717114059659532
0.301730717092646	0.722101669760392
0.330487340014615	0.719235836770215
0.353984297150602	0.71507756079617
0.385224473649267	0.719085082152766
0.407177653117399	0.717469587912271
0.433579935170192	0.724086965025836
0.461525516413783	0.72292884398036
0.482689567908261	0.715476220091679
0.5139867395693	0.723304474775903
0.534575919831793	0.723593384351331
0.567708691177774	0.714346505776027
0.587667050845371	0.71251665194782
0.619988074874045	0.71884510756103
0.644702974500174	0.713328633507371
0.670487972522243	0.713202008841077
0.695983098071161	0.715355076720745
0.713870601811148	0.722252801575075
0.747115538202802	0.723557226349516
0.774443227166744	0.722057445898602
0.793963410815087	0.720640646497689
0.824094037281119	0.712358012560595
0.841296934281902	0.718030689841005
0.873228541774511	0.722276306470557
0.899745950040223	0.711931062834948
0.924134453278176	0.720946021735214
0.953206868428769	0.713766766591844
0.972794048609141	0.712559695937914
0.0243048510735425	0.748771044052963
0.0459102170003768	0.738779012961552
0.0732196867730277	0.745126351895633
0.103802683751986	0.747871461162155
0.127316608184373	0.745071253410414
0.156193373873145	0.738224823707852
0.176979588977336	0.746088469580614
0.20159652121511	0.74635106935239
0.224714656931818	0.748491379444669
0.259287143827492	0.74948418179375
0.279534125491748	0.743412587401492
0.304011447728766	0.742446463548249
0.334774374161246	0.747711227818753
0.362697307115884	0.745458179072893
0.387072611046063	0.74290271903928
0.416143680094594	0.74299759049373
0.438157379144544	0.739383661846319
0.467438117483902	0.743782765580953
0.485589839445192	0.740894907083102
0.513104990027031	0.738194557916284
0.535778122440152	0.745531414791102
0.558724336216261	0.746495076361778
0.589989664590935	0.748694122388362
0.618708766538031	0.742507892929599
0.640144381596184	0.742839231175798
0.660996676350673	0.748932030846328
0.692968742718814	0.74982543885909
0.719583358129193	0.746411391860164
0.749747095679888	0.742208255694277
0.768816381512091	0.741277999669102
0.788969579364805	0.741222935318473
0.822272381826639	0.739916007351648
0.840756053318577	0.744327457275387
0.867792011583836	0.74108983979586
0.902275205628903	0.742246877409797
0.919450491640695	0.743071821458879
0.95145735360556	0.745614509190076
0.972706970247415	0.742391432773256
0.030581887263271	0.768482787013165
0.0540822710921399	0.768538049911605
0.081100303039908	0.767761372798609
0.104032569810069	0.773486701804578
0.133602271027526	0.775244098849755
0.159024061269801	0.773260886394702
0.184408142064863	0.769589012013116
0.204215605007088	0.769575944737535
0.233503928625752	0.770237303661133
0.253461741456099	0.769059260903327
0.27747520757735	0.773439692535563
0.310342565816596	0.766093359333679
0.336400487184532	0.762857364962193
0.357247997701675	0.769277936413387
0.386690445365164	0.763001088853687
0.410383693667762	0.763402076703059
0.435464254644144	0.768672876617452
0.463947790633589	0.772797364397018
0.481231669126581	0.766171979895941
0.510375963690716	0.769233707025942
0.534540855476351	0.764116156694331
0.566504475427194	0.765641701547117
0.58767814672713	0.766802894185245
0.616880937639889	0.765215686175937
0.642461978953215	0.767673201276921
0.669586532641813	0.764231646960229
0.696571183861656	0.768559810492844
0.720386151510925	0.767720276177683
0.742565468307375	0.77114400569353
0.770884409122559	0.764272198384595
0.790615614026414	0.767661819290586
0.814381693029324	0.764446619190902
0.850535716284797	0.774957732152942
0.869150573657385	0.774546194935511
0.893069162118357	0.764119132636776
0.916885761858672	0.767477910307895
0.943747396305142	0.771508656780594
0.973307569047503	0.77098289894227
0.0240296706821564	0.791255755417026
0.0495357309235208	0.794164405332053
0.0803586351791257	0.789497463539192
0.101009663286604	0.793234175717537
0.125701821805294	0.791524964971659
0.149163668869571	0.798919866647039
0.181233050438224	0.793702065607812
0.200379266093688	0.791075676006371
0.227018950771625	0.792633796992765
0.257564805682309	0.792698803534161
0.280238510138208	0.794222893785188
0.305322729721014	0.798788406995048
0.334540557039061	0.798032659984716
0.352645351794909	0.792020154378561
0.389523481892306	0.794618498957239
0.407900028102725	0.789591352798035
0.43368780681372	0.789318463024163
0.465308759522531	0.796052129232986
0.484842490595059	0.791253634711959
0.510697947691114	0.791945770213229
0.537093935842431	0.788511044167894
0.561666867001547	0.800574581023211
0.586993137741391	0.792874965847323
0.620269215847676	0.794462420816158
0.645320013542871	0.790085297064176
0.661813811968136	0.796556025784475
0.696677951601629	0.79367879048911
0.72305314578874	0.793921789790412
0.747037653163587	0.800349476395517
0.769771277165442	0.790157222969023
0.79060387589026	0.796170098107276
0.820858939597525	0.798074654236335
0.847743649965278	0.794346892448484
0.87804186150026	0.795842366596638
0.892725254961791	0.798546212119233
0.921809190092979	0.791053184090446
0.947489831849805	0.796898223087069
0.974456336745501	0.792170315535729
0.0196278871628311	0.822600359946103
0.0555528910757302	0.826220809817988
0.0801866302054095	0.820093890100732
0.108197537433754	0.82579197959972
0.122695936503586	0.821027595281091
0.149855197878727	0.826543356237324
0.183824809376072	0.819075953567983
0.206423134524059	0.817119510538372
0.235670335838998	0.822448078780243
0.257327300067184	0.823457487012311
0.277299211501393	0.822229579177179
0.303583639683179	0.824806848621456
0.334050887731814	0.825453833875639
0.358124191784602	0.824607941618031
0.382157014822037	0.821645377458013
0.411194220935322	0.823399632812949
0.435006674815029	0.815205590024485
0.464139966851943	0.816524568871817
0.48794215925725	0.82127596664514
0.509295200478235	0.820889988406982
0.533384281496872	0.815966506826822
0.56539347997563	0.820445387016931
0.588269478289098	0.821027976085871
0.620771850848519	0.824677959611322
0.643662033150627	0.822018185846644
0.670365895084521	0.82650970972475
0.690771226072105	0.816267574524607
0.717021355317593	0.826304239198188
0.743896661691501	0.819908409177416
0.774050995176884	0.81652074569293
0.794628729747886	0.823472462806467
0.817793367611534	0.816928980244364
0.848318773935546	0.826050155416458
0.875588906544995	0.81865345872271
0.901218493594542	0.814293512894873
0.923666281744611	0.826644199189513
0.944191936210479	0.817760492499191
0.973917157205336	0.816385323163946
0.0252939058630784	0.8514374922542
0.0460240232745356	0.846830177212686
0.0728254001261265	0.844486071590379
0.10216590536997	0.842782224095072
0.126170963971731	0.846327463538613
0.153765256878055	0.846864945060924
0.1810944498707	0.849433110799064
0.210454743244521	0.841803809445139
0.235323044538005	0.843909917632133
0.253928102539836	0.846527954282727
0.287729334533335	0.845739490479752
0.310926700468887	0.847012732864307
0.330996953339043	0.850050769950071
0.364454899518614	0.852314248505731
0.390287577490021	0.846591106141228
0.404433706880331	0.851142254528718
0.437660219200404	0.844181415294191
0.460252506676327	0.841990665410722
0.481708603675813	0.844265379992772
0.507159157831961	0.850236444717282
0.532122388699237	0.844623572438484
0.560261272131733	0.85051912710983
0.589779041113887	0.845484987616874
0.620996265097193	0.845611043244416
0.642305957110726	0.847562356809916
0.668309854506894	0.840735979826701
0.693843678072165	0.850935446506627
0.724034907861489	0.84371319186186
0.745309917322116	0.850017950930439
0.770896607307814	0.841582610377655
0.789187721173025	0.849033917158637
0.815732230058488	0.849074247693742
0.84543270176891	0.845363267430966
0.871805413053295	0.851935828416131
0.896375699210731	0.844113300930473
0.917191100029817	0.84747388692885
0.950688232753075	0.847375750244125
0.980212642245882	0.848342182941068
0.0300984860840074	0.873690959771618
0.0575138916767018	0.873741239272484
0.0727542111396219	0.871472991454716
0.0994681341245147	0.877682528951447
0.129242559841963	0.875806628163197
0.155612558371432	0.876705805832092
0.179350465916174	0.867958297335752
0.201134701644535	0.875580172720206
0.236058367975157	0.876565933665281
0.260358013412277	0.872001248492371
0.278516752766794	0.871809596439242
0.310105636573961	0.869654447165001
0.338612603807775	0.875276396034336
0.352851561920411	0.870694976268069
0.386992198744509	0.873008285355932
0.405607891529779	0.87711551043719
0.440432253178861	0.876463969026184
0.465482424968945	0.870905473997376
0.491787217037169	0.868224093099481
0.512093834622855	0.869547329918326
0.53359029419083	0.87430976475455
0.560118110115009	0.870808174249147
0.586708673060718	0.875582471814233
0.620938556827657	0.874359959230015
0.640347037828385	0.866742934221274
0.665585209636652	0.871527625910922
0.691782602647982	0.87556870636314
0.711713493393405	0.875115193819028
0.739566587666801	0.872322994532781
0.772460588347211	0.87501355409477
0.796889848777309	0.86752701815092
0.825141897193817	0.872494165103962
0.843033076801128	0.868285730606842
0.877157202633164	0.877498135781201
0.895468924629807	0.866902668384972
0.927718077416034	0.873768313238182
0.946968966663138	0.872172030940644
0.978004218886543	0.873061259223872
0.0286425675968247	0.892724439814173
0.0573856325457131	0.891846793203402
0.0759470331224121	0.896351154265033
0.105871215230484	0.895250223648789
0.125682927516615	0.897651854045538
0.153661265248921	0.898093513135876
0.185491856292407	0.893245357568979
0.209368343058323	0.902895417838851
0.224588673961922	0.900505435749174
0.257461557426398	0.896849753883131
0.281844613724365	0.901267110203038
0.313053825927874	0.899483533470683
0.327611171530167	0.899386821559375
0.364823607744004	0.89334664599812
0.381222976957665	0.891397836302141
0.4103433430528	0.894772920669668
0.44151539995356	0.893376200181445
0.464139598673793	0.89519904461721
0.483550712607283	0.900053552322759
0.507890675702205	0.898888908407976
0.5447407461854	0.898703262409986
0.570216701001524	0.892992779266435
0.59218040976317	0.899355420882178
0.620055620853727	0.891903328758252
0.636391598480854	0.898195146224204
0.668094491293243	0.90110499501679
0.695832833407417	0.893114706138823
0.721525851821225	0.898815655447391
0.747381624539718	0.903837683907904
0.774627119197652	0.900478176418461
0.791593850800745	0.892136288559247
0.822121164803098	0.893116090788973
0.845009150593295	0.892568070345475
0.875611855961316	0.891423069541453
0.893269338639134	0.893244297049907
0.926494678470272	0.898776432411363
0.943072780587644	0.893564027375524
0.976092259241093	0.903119531402177
0.019991065827817	0.92913995696621
0.0480136964268162	0.917991349334073
0.0776402882066354	0.920088356637971
0.103589214807284	0.917038478261667
0.127333426826648	0.924603578745723
0.150745203099725	0.92339136716326
0.17536631827427	0.9192024612704
0.19920764459346	0.92737243108736
0.23703097371051	0.919238927346051
0.256982701890388	0.926737357587108
0.281970986973966	0.923178158937117
0.30308400741019	0.919794187568706
0.332753869873578	0.92198777484729
0.35636548736455	0.920968095796138
0.38641891881496	0.925996055311991
0.404818273122774	0.917865111430267
0.431843374444221	0.916842512786186
0.466800335877588	0.924337656649357
0.485467251566421	0.925604367226202
0.507316795117581	0.920724711196268
0.538749959309045	0.921892311799686
0.558313735218017	0.92359187740309
0.584351636817585	0.91839841125071
0.616146605909213	0.921890881711401
0.644102012908298	0.928500089163642
0.667028197958219	0.919253243565475
0.694245836330597	0.917300029342541
0.721320780033335	0.922578819500464
0.7486039694203	0.927731388896835
0.771313257644681	0.918070488653202
0.793035746734054	0.919244674592932
0.815836095122649	0.917079459439783
0.842618727246258	0.918203549419907
0.875919696033916	0.919569522241798
0.89572046192105	0.920852480001704
0.9203125115004	0.918498367177384
0.947519852921951	0.922714046712191
0.976017744789654	0.929391085944795
0.027787689764756	0.953179882146544
0.052419565811935	0.945174544461565
0.0804028257102736	0.946136082317676
0.0963416142484674	0.944413688831932
0.125094205268487	0.943963243088043
0.157231457604146	0.948988389171686
0.185543454257168	0.946373073067927
0.208335080411072	0.950785258501236
0.234708513378497	0.953686172784371
0.255994436830274	0.954530932254522
0.277327703345673	0.947573575175944
0.303406341577878	0.949373919037641
0.338977452746773	0.95117993598878
0.365358064564264	0.945479902231707
0.388940292686582	0.942592297813544
0.416452650614821	0.944138022605577
0.43621183504817	0.953983383423457
0.464506478692892	0.942526409116494
0.490207395317704	0.954065327822301
0.510218914378402	0.949555286057616
0.542130988266029	0.951733134796269
0.561848370271331	0.949697871234621
0.58656554900966	0.952325185842289
0.614179826039277	0.944151792769935
0.635633328534562	0.950427937009335
0.668869027681266	0.947369921702721
0.693772824445376	0.946610948757872
0.716794364916358	0.952911312168147
0.743140101548234	0.950952702217802
0.763424333894864	0.946221023569404
0.797434693015666	0.942911557798949
0.826080367003875	0.944179247577863
0.852380025359304	0.953063703611855
0.87397421355035	0.947614057747713
0.897893595317799	0.946543853551652
0.929019462173311	0.942787480532411
0.952387613162673	0.953615998521791
0.976751513178353	0.944022952577047
0.0243872619145578	0.972013175695319
0.0576184230537844	0.980403758673217
0.0789508621028003	0.98071924094291
0.0988380753936157	0.974559705942306
0.123800163088644	0.96840722438923
0.155922547061181	0.970981361531525
0.176462622640185	0.977748786027693
0.20991381044223	0.977112514122086
0.23547057119102	0.968218359506741
0.261878671464517	0.970481738981683
0.284547400502647	0.968798513981344
0.304529473607311	0.969146617042038
0.328511051132431	0.971408697575798
0.365284405655011	0.976298217627175
0.382254004247262	0.970785226535338
0.409713255964198	0.980468096692705
0.441084293311374	0.975169904038593
0.45735244663491	0.968052744084758
0.487797534281137	0.978721969463149
0.51418633028401	0.973574684349426
0.540352712901632	0.980014211054089
0.560317466912672	0.973724275146643
0.589155160190274	0.979715625140964
0.608997100007417	0.973257327361464
0.637877468296786	0.978495272988357
0.665209643813579	0.969203629066639
0.695322659180579	0.969676691969786
0.724259462555225	0.972334690535343
0.738648532243978	0.972961245142551
0.769461577253675	0.968117950326222
0.792832187954355	0.980107668860084
0.815826464019111	0.975167268490515
0.845043665693645	0.977178974863154
0.867901526870819	0.976068601131637
0.901831266376944	0.977689144428138
0.925654960454995	0.97921944968232
0.946556702781014	0.976556570085924
0.978860298083611	0.971319639169724
