2.043674e-03	1.776831e-06	
1.325962e-03	1.423354e-05	
2.210240e-03	5.188413e-05	
5.053087e-03	1.005587e-04	
1.791714e-03	4.476861e-05	
2.030541e-03	8.395856e-05	
4.903484e-03	9.289897e-05	
2.797029e-03	8.794216e-05	
3.570035e-03	1.702764e-04	
3.372261e-03	4.626573e-05	
2.698978e-03	6.188647e-05	
2.911395e-03	1.228282e-04	
9.275123e-04	8.352529e-05	
4.132176e-03	4.243756e-05	
1.793564e-03	1.153031e-05	
3.420866e-03	6.814648e-05	
2.864615e-03	7.648764e-06	
7.274018e-04	4.269225e-05	
1.511741e-03	3.469537e-05	
2.473885e-03	5.858212e-05	
3.195505e-03	2.065457e-05	
7.057538e-03	1.201551e-04	
3.344049e-03	1.520886e-04	
3.362594e-03	1.649851e-04	
2.403317e-03	2.264207e-04	
2.246388e-03	9.317772e-05	
3.233650e-03	1.247000e-04	
8.715507e-04	4.551253e-05	
3.976867e-03	1.043616e-04	
1.905153e-03	5.739067e-05	
5.421774e-03	1.029140e-04	
2.004692e-03	2.000358e-05	
1.980531e-03	7.109289e-05	
2.092918e-03	9.668833e-05	
5.897094e-03	8.487970e-06	
1.588172e-03	2.348909e-05	
2.672411e-03	1.616704e-05	
3.435781e-03	2.073763e-05	
4.238193e-03	1.505092e-05	
4.719363e-03	2.091947e-05	
3.933929e-04	1.248806e-05	
2.202183e-03	4.040621e-05	
4.019396e-03	5.032178e-05	
3.994619e-03	1.859638e-05	
2.851080e-03	8.947674e-06	
3.470872e-03	2.193857e-05	
1.005440e-03	3.645686e-05	
2.716715e-03	4.685638e-05	
8.408438e-04	3.376479e-05	
2.670929e-03	8.871294e-05	
3.183893e-03	9.931084e-05	
3.282803e-03	1.468795e-05	
1.124943e-03	4.571892e-05	
1.104653e-03	3.544005e-06	
4.300391e-03	1.255393e-05	
5.010513e-03	4.660033e-05	
1.175743e-03	2.501753e-06	
5.379787e-03	1.255044e-05	
6.804434e-03	6.830428e-05	
3.686187e-03	3.844567e-05	
1.832422e-03	7.133231e-05	
4.020084e-03	7.546840e-05	
3.117866e-03	8.278987e-05	
1.111034e-03	1.771543e-04	
4.149144e-03	1.480986e-04	
1.496541e-03	1.537211e-04	
1.676599e-03	1.026947e-04	
3.601084e-03	1.512078e-05	
3.391720e-03	2.968480e-05	
6.592725e-03	7.239975e-06	
2.002655e-03	5.854097e-05	
1.913717e-03	8.400811e-05	
4.304467e-03	3.254195e-05	
5.150351e-03	4.338778e-05	
2.760077e-03	3.850458e-05	
2.346526e-03	7.169473e-06	
5.164828e-03	6.144067e-05	
1.049352e-03	2.825297e-05	
9.425061e-04	3.065099e-05	
2.616068e-03	2.503080e-05	
5.389376e-03	3.881011e-05	
4.551044e-03	3.423299e-05	
2.471837e-03	5.124919e-05	
2.834806e-03	3.011399e-05	
3.943717e-03	7.716293e-05	
1.686775e-03	2.780361e-06	
4.285983e-03	6.093595e-05	
3.701088e-03	4.748121e-06	
2.328483e-03	4.620543e-05	
4.109880e-03	7.319627e-06	
6.432971e-03	5.286304e-05	
1.024337e-03	8.782447e-05	
2.687262e-03	6.285629e-05	
2.440237e-03	1.682381e-05	
7.224208e-03	9.580710e-06	
2.935579e-03	1.100603e-04	
3.245999e-03	3.317048e-05	
1.494215e-03	6.457995e-05	
2.634817e-03	5.143654e-05	
5.562347e-03	2.396439e-05	
3.350446e-03	6.216180e-05	
1.676178e-03	4.386641e-06	
5.007768e-03	6.053779e-05	
2.782465e-03	2.191064e-05	
8.881613e-04	6.291325e-05	
1.475604e-03	9.573935e-07	
5.109896e-03	3.999922e-05	
5.603434e-03	2.118803e-05	
7.661847e-03	9.613859e-05	
3.342461e-03	8.308654e-05	
1.621833e-03	7.725531e-05	
4.256111e-03	6.579631e-06	
9.178142e-05	5.763217e-05	
5.030483e-03	1.357109e-05	
5.591895e-03	1.090758e-04	
2.471833e-03	9.497394e-05	
2.738959e-03	3.791142e-05	
2.500193e-03	6.146320e-05	
1.647472e-03	5.793822e-05	
1.135215e-03	9.869099e-06	
5.088180e-03	2.186738e-05	
3.755564e-03	1.178623e-05	
1.770379e-03	4.157249e-05	
1.962912e-03	1.528465e-05	
4.851737e-03	4.512405e-06	
1.983781e-03	1.386506e-06	
3.502121e-03	5.391865e-05	
4.006603e-03	4.961818e-06	
5.368190e-03	1.334809e-05	
5.199598e-03	3.270677e-06	
1.871565e-03	2.005578e-05	
1.493223e-03	2.095442e-05	
6.540093e-03	1.334336e-05	
6.679214e-04	2.040158e-05	
2.122009e-03	4.106105e-05	
1.662814e-03	2.093685e-05	
2.985562e-03	6.280891e-06	
1.326649e-03	5.749049e-05	
2.994846e-03	3.773378e-05	
5.168187e-03	3.397643e-05	
7.759081e-04	1.182250e-06	
2.292946e-03	3.342987e-05	
5.717079e-03	4.403622e-05	
2.156361e-03	6.144168e-05	
1.388577e-03	4.625050e-05	
4.659022e-03	1.511018e-06	
3.746555e-03	2.875498e-06	
2.403751e-03	5.555222e-05	
6.422581e-03	7.538309e-05	
1.147850e-03	3.820778e-05	
2.449126e-03	2.618419e-05	
2.860794e-03	3.621146e-05	
3.089687e-03	7.239225e-05	
4.883539e-03	1.358710e-04	
2.217673e-03	1.792518e-05	
1.328441e-03	3.412751e-05	
2.242662e-03	6.587987e-05	
2.858887e-04	3.785260e-05	
2.948994e-03	6.681907e-05	
7.243997e-03	5.002298e-05	
5.221917e-03	9.073972e-05	
1.050243e-03	2.478614e-05	
2.746175e-03	8.647247e-06	
2.415063e-03	6.805661e-05	
5.381395e-04	7.400571e-06	
3.331376e-03	1.810993e-05	
4.983452e-03	1.896669e-05	
3.096756e-03	3.759303e-05	
2.087148e-03	1.484322e-05	
4.360534e-03	4.178493e-05	
2.602088e-03	8.222405e-06	
5.604594e-03	1.642513e-05	
1.124673e-03	3.533060e-06	
1.914225e-03	1.611575e-05	
3.759279e-03	3.071770e-07	
4.112403e-03	5.657185e-05	
5.056566e-03	1.572820e-05	
4.944145e-03	3.764824e-05	
4.675966e-03	3.345771e-05	
1.555671e-03	3.800603e-05	
8.291167e-04	5.844266e-05	
5.198246e-03	1.406121e-05	
2.022822e-03	1.319444e-06	
5.510564e-03	2.783203e-05	
2.462965e-03	5.722778e-05	
7.787814e-04	5.747315e-05	
4.558565e-04	1.149375e-04	
5.929302e-03	3.654823e-05	
2.571800e-03	6.267992e-05	
1.320247e-03	2.902175e-05	
5.201063e-03	1.049602e-04	
5.442892e-03	7.074462e-05	
7.600762e-03	4.766659e-05	
2.034641e-03	6.215755e-05	
2.196088e-03	4.844133e-05	
1.957187e-03	8.197128e-05	
1.860480e-03	6.217885e-05	
5.081845e-04	8.378880e-05	
4.062758e-03	5.131848e-05	
5.330642e-03	4.309722e-05	
4.200988e-03	1.659892e-05	
1.250190e-03	2.376981e-06	
3.125569e-03	1.699245e-05	
2.165253e-03	5.290028e-05	
2.589710e-03	6.436980e-05	
4.356691e-03	4.811461e-07	
1.023184e-03	8.440043e-06	
1.650838e-03	1.509481e-05	
2.904937e-03	1.244623e-05	
1.381235e-03	2.838469e-06	
2.142391e-03	2.683708e-05	
1.277700e-03	2.786800e-05	
1.569777e-03	1.280023e-05	
3.184198e-03	2.117861e-05	
5.019983e-03	9.620965e-06	
5.913786e-03	1.180164e-05	
3.484966e-03	9.911571e-06	
1.453815e-03	3.391849e-05	
1.885276e-03	1.238734e-05	
5.224496e-03	5.551248e-05	
2.986627e-03	1.389874e-05	
2.743885e-03	9.682299e-06	
3.764597e-03	4.299371e-05	
1.707071e-03	8.279898e-05	
7.298331e-03	1.120236e-04	
3.255168e-03	1.201823e-05	
1.823803e-03	2.428335e-05	
2.828380e-03	1.563600e-05	
3.390724e-03	1.259498e-04	
4.477299e-03	1.333339e-04	
6.869720e-03	1.949794e-05	
4.587194e-03	6.718111e-05	
5.943924e-03	9.846468e-05	
1.423957e-03	5.924579e-05	
5.737505e-03	7.787215e-05	
6.398098e-03	4.349297e-05	
6.482930e-03	8.739516e-05	
2.899751e-03	8.730323e-05	
4.868781e-03	7.031189e-05	
2.839936e-03	7.388720e-05	
1.289408e-03	4.074664e-05	
2.622864e-03	4.812199e-05	
2.192191e-03	1.461441e-05	
4.210088e-03	1.309551e-05	
4.076293e-03	2.021947e-05	
5.167229e-03	2.313453e-05	
1.794244e-03	1.785902e-05	
5.610258e-03	2.648388e-05	
4.532635e-03	4.530506e-05	
1.050477e-03	1.500535e-05	
7.253719e-04	2.700644e-05	
1.347091e-03	1.044023e-05	
2.164130e-03	3.226817e-05	
3.445468e-03	1.429357e-05	
6.477539e-03	7.655927e-06	
1.623933e-03	3.980763e-05	
6.458703e-03	4.161413e-05	
1.125166e-03	1.244534e-05	
1.251903e-03	1.985743e-06	
2.889433e-03	2.696275e-05	
3.990322e-03	2.091546e-05	
5.632594e-03	3.499954e-05	
3.549601e-03	1.750265e-05	
4.529312e-03	1.329351e-05	
1.256909e-03	3.054252e-05	
1.067211e-04	2.727711e-06	
4.319208e-03	9.827239e-05	
2.942498e-03	1.463998e-04	
3.124683e-03	8.848462e-06	
2.426526e-03	7.410541e-05	
4.317464e-03	8.815371e-05	
1.688066e-03	8.899766e-05	
7.530320e-03	5.274371e-05	
2.122794e-03	5.768435e-05	
3.003429e-03	7.313728e-05	
3.707950e-03	4.791519e-05	
2.145748e-03	6.161649e-05	
1.606604e-03	1.379743e-05	
7.789370e-03	3.142510e-05	
2.623245e-03	3.939038e-05	
6.056940e-03	5.206527e-05	
4.066092e-03	6.049866e-05	
4.251155e-03	1.076242e-05	
2.621005e-03	2.645588e-06	
4.239791e-03	1.511823e-05	
6.201200e-03	1.303478e-05	
1.872487e-03	1.743844e-05	
6.865102e-03	2.511328e-05	
8.720044e-04	1.123419e-05	
2.683912e-03	1.477025e-05	
2.672672e-03	5.232149e-06	
6.199917e-03	2.737149e-05	
1.656408e-03	8.790160e-06	
3.735920e-03	2.268245e-06	
4.415468e-03	5.654158e-05	
1.461234e-03	6.305683e-05	
5.713169e-03	6.107710e-05	
6.321436e-03	5.474362e-05	
1.793533e-03	3.309930e-05	
3.982294e-03	1.144927e-05	
3.406894e-03	2.133864e-05	
4.575323e-03	1.066333e-04	
3.849093e-03	1.213391e-04	
2.487398e-03	3.799046e-05	
3.371896e-03	1.087757e-04	
2.558602e-03	1.562162e-04	
3.168397e-03	7.204509e-05	
3.601418e-03	9.564342e-05	
2.639825e-03	5.651963e-05	
2.924596e-03	9.488435e-05	
9.817898e-04	5.928105e-05	
4.015936e-03	4.996101e-05	
2.400161e-03	7.362612e-05	
2.908967e-03	3.859327e-05	
7.131738e-03	2.860986e-05	
6.740207e-03	4.596559e-05	
2.917262e-03	4.801996e-05	
3.343562e-03	4.384141e-05	
2.306381e-03	3.847799e-05	
2.474865e-03	2.842996e-05	
7.389798e-04	2.273312e-06	
5.017786e-03	7.959693e-07	
1.447638e-03	2.700883e-05	
2.593381e-03	2.196300e-05	
5.768976e-03	3.876053e-05	
4.287426e-03	2.017393e-05	
2.814952e-03	1.865929e-06	
5.395072e-04	1.488040e-05	
4.802652e-03	2.566004e-05	
3.690892e-03	2.922662e-05	
2.741231e-03	6.099419e-06	
2.501243e-03	3.806740e-06	
9.834434e-04	2.776390e-05	
3.262745e-03	1.636856e-05	
2.932393e-03	2.121427e-05	
5.594083e-03	1.606948e-05	
1.546262e-03	1.973076e-05	
2.546010e-03	4.453292e-05	
2.413778e-03	3.529802e-05	
3.692058e-03	6.568884e-05	
1.836566e-03	1.000925e-04	
9.109904e-04	1.639939e-04	
4.146685e-03	1.708025e-04	
2.068285e-03	1.489763e-04	
3.983990e-03	5.633972e-05	
3.826125e-03	8.921227e-05	
2.008567e-03	9.703148e-05	
3.845339e-03	6.175399e-05	
6.301026e-03	3.265868e-05	
4.305297e-03	5.274015e-05	
9.545726e-04	1.212026e-04	
2.376786e-03	5.319340e-05	
2.432955e-03	3.032579e-05	
5.738767e-04	4.470396e-05	
9.473768e-04	4.103508e-05	
5.377664e-03	2.642079e-05	
3.921918e-03	2.051619e-05	
1.048869e-03	1.560481e-05	
3.771208e-03	1.851667e-05	
5.067991e-03	6.710387e-06	
4.165417e-03	1.117012e-05	
1.982369e-03	1.758659e-05	
4.125700e-03	2.067020e-05	
4.569994e-03	6.585819e-07	
1.225955e-03	1.950986e-05	
2.726163e-03	2.198788e-05	
4.405857e-03	4.762208e-05	
3.609634e-03	4.242525e-05	
2.508124e-03	4.484533e-05	
1.833318e-03	4.889833e-06	
2.543903e-03	4.558573e-05	
2.563404e-03	4.049109e-05	
2.478078e-03	1.923137e-05	
2.581462e-03	1.052610e-05	
1.366267e-03	3.457343e-05	
4.664702e-03	9.946216e-07	
2.505537e-03	3.813885e-05	
2.479249e-03	2.598143e-05	
3.232966e-03	9.515603e-05	
2.942348e-03	5.577225e-05	
4.146776e-03	1.776583e-04	
1.573041e-03	1.104113e-04	
1.695993e-03	1.078003e-04	
3.733903e-03	7.568804e-05	
2.824773e-03	1.200723e-04	
6.253486e-04	1.199425e-04	
6.577728e-03	2.715431e-05	
2.599405e-03	6.904470e-05	
5.670571e-04	1.001785e-04	
5.147381e-03	8.102332e-05	
1.196428e-03	4.353340e-05	
8.474958e-03	3.011550e-05	
4.273307e-03	3.737385e-05	
4.244980e-03	2.973905e-05	
4.996475e-03	2.154579e-05	
3.531236e-03	5.774734e-06	
2.568004e-03	1.568272e-05	
3.382763e-03	1.619418e-05	
1.888694e-03	3.559511e-05	
9.645537e-03	3.820325e-06	
1.430291e-03	4.447591e-06	
3.649307e-03	3.835145e-05	
2.240610e-03	1.983080e-05	
1.349870e-03	2.206231e-05	
2.801884e-03	2.698384e-05	
4.146045e-03	3.926500e-06	
2.563831e-03	1.151687e-05	
3.872100e-03	2.100198e-06	
3.789419e-03	3.145802e-05	
4.219917e-03	7.081476e-05	
8.509825e-03	5.189944e-05	
2.644144e-03	2.607569e-05	
4.194265e-03	4.149399e-05	
5.548201e-03	1.320348e-06	
3.591416e-03	1.358980e-06	
6.067267e-03	7.998903e-05	
7.106245e-03	9.971094e-05	
1.797039e-03	5.201650e-05	
2.763724e-03	1.267324e-04	
2.193107e-03	1.805651e-04	
5.068029e-03	1.042489e-04	
1.539230e-03	7.681728e-05	
2.937492e-03	8.530552e-05	
2.178519e-03	1.009529e-04	
5.113363e-03	3.953528e-05	
2.890025e-03	4.282067e-05	
2.612231e-03	1.584986e-05	
7.130571e-03	7.992692e-05	
4.286360e-03	3.714705e-05	
3.998533e-03	1.637756e-05	
1.860118e-03	4.293210e-05	
1.556113e-03	4.400732e-06	
1.855354e-03	3.436597e-05	
5.530876e-03	6.457593e-06	
2.370502e-03	2.035273e-05	
4.400846e-03	2.543783e-05	
6.543580e-03	1.500017e-05	
5.352299e-03	7.317470e-06	
3.528500e-03	2.605824e-06	
4.272500e-03	7.994867e-06	
6.557423e-04	1.850224e-06	
2.554839e-04	1.670973e-05	
4.531388e-03	2.065050e-05	
6.839526e-04	5.755428e-06	
2.036494e-03	7.794349e-06	
8.239112e-04	2.122596e-06	
1.824459e-03	8.881742e-06	
7.118889e-03	1.335035e-05	
3.294461e-03	4.574130e-06	
3.715673e-03	3.246123e-05	
1.647150e-03	2.947519e-05	
2.370285e-03	7.858611e-05	
2.117679e-03	2.341240e-05	
2.670923e-03	3.427592e-05	
4.190606e-03	1.138781e-04	
3.248458e-03	7.366327e-05	
2.504255e-03	2.656522e-04	
4.144699e-03	1.632824e-04	
2.081832e-03	1.571390e-04	
4.128987e-03	6.019314e-05	
1.376214e-03	4.162364e-05	
9.550000e-04	8.478437e-05	
2.663598e-03	4.274563e-05	
3.228704e-03	3.489970e-05	
1.537440e-03	2.481800e-05	
3.831906e-03	2.231173e-05	
1.616935e-03	5.723763e-05	
4.037281e-03	2.487373e-05	
4.936096e-03	4.075964e-06	
9.046670e-04	2.712595e-05	
3.745518e-03	4.783798e-05	
2.643331e-03	9.148002e-06	
5.894353e-03	2.498238e-05	
4.428485e-03	9.058861e-06	
1.398287e-03	1.396835e-05	
5.434009e-03	2.622388e-06	
1.743372e-03	8.542995e-06	
3.982184e-03	2.121291e-05	
2.230997e-03	1.913759e-05	
3.225293e-03	8.167422e-06	
3.119611e-03	7.742249e-06	
1.695480e-03	1.439622e-05	
3.249307e-03	1.151199e-05	
1.196879e-03	2.784198e-05	
3.455837e-03	2.673011e-05	
3.520629e-03	3.840618e-05	
4.205974e-03	3.306500e-05	
3.253396e-03	4.769261e-05	
9.818072e-04	4.611972e-05	
4.332644e-03	1.974363e-05	
2.926291e-03	3.075980e-05	
4.816741e-03	8.390702e-05	
5.256296e-03	7.544580e-05	
3.612498e-04	2.667799e-05	
2.087728e-03	1.341958e-04	
3.270176e-03	2.331230e-04	
3.027389e-03	7.835548e-05	
1.089978e-03	9.532688e-05	
3.521931e-03	1.082574e-04	
4.099449e-03	7.660586e-05	
2.894881e-03	3.254632e-05	
2.508398e-03	2.348518e-05	
3.034421e-03	2.262631e-05	
2.124108e-03	1.682677e-05	
2.914599e-03	1.185526e-05	
2.026785e-03	2.713785e-05	
6.801291e-04	2.758102e-06	
4.744490e-03	2.946608e-05	
3.040985e-03	8.904537e-06	
3.305449e-03	2.916316e-05	
4.688505e-03	8.064633e-07	
2.329932e-03	2.082519e-05	
6.311989e-03	2.256963e-06	
2.122743e-03	1.287036e-05	
1.504334e-03	1.608170e-05	
1.635700e-04	3.606182e-05	
2.628084e-03	4.172775e-05	
3.511847e-03	3.011365e-05	
1.290219e-03	3.822435e-05	
2.028285e-03	2.911359e-05	
1.278524e-03	2.422634e-05	
5.530281e-04	4.234296e-05	
1.031020e-03	5.013401e-05	
6.004492e-03	5.227450e-05	
2.136466e-03	1.340450e-05	
3.487764e-03	1.051159e-05	
9.577204e-03	3.401083e-05	
1.868963e-03	2.052876e-05	
1.889953e-03	4.217014e-05	
4.528265e-03	7.651851e-05	
6.241820e-03	1.083301e-04	
1.815611e-03	1.028571e-04	
2.368995e-03	2.697268e-04	
2.056222e-03	1.687476e-04	
1.449346e-03	1.557102e-05	
5.279348e-03	6.884558e-05	
1.786395e-03	8.451992e-05	
4.541547e-03	4.435889e-05	
3.097290e-03	3.769988e-05	
5.846507e-03	8.410714e-06	
9.928591e-04	3.236805e-05	
1.362885e-03	2.777924e-05	
3.586599e-03	1.369733e-05	
2.485776e-03	1.320589e-05	
1.059015e-03	2.490057e-05	
5.389739e-03	2.530605e-05	
1.928752e-03	3.454326e-06	
2.234682e-03	7.016354e-06	
4.807562e-03	7.713474e-06	
4.179915e-03	2.202046e-05	
1.482618e-03	6.984527e-06	
2.074069e-03	6.072740e-06	
3.982711e-03	5.690967e-06	
4.325972e-03	1.369109e-05	
3.914009e-03	2.735279e-05	
2.398703e-03	2.375211e-05	
2.321042e-03	3.611355e-05	
2.558408e-03	4.962929e-06	
1.591182e-03	3.584625e-05	
4.883807e-03	2.199929e-05	
1.016164e-03	3.004459e-05	
1.812538e-03	2.030633e-05	
4.437827e-03	1.845946e-06	
5.644264e-03	4.843581e-06	
5.072283e-03	3.746940e-05	
3.813109e-03	7.138451e-05	
2.813147e-03	3.303703e-05	
2.160697e-03	7.851419e-05	
1.959238e-03	1.658615e-04	
1.092004e-03	1.421248e-04	
4.085274e-03	1.128219e-04	
2.020614e-03	2.108515e-04	
8.427433e-03	2.472544e-05	
2.846852e-03	1.968012e-05	
2.859219e-03	4.481622e-05	
3.964663e-03	3.425456e-05	
3.628863e-03	2.222056e-05	
2.712450e-03	4.911570e-05	
3.383697e-03	2.762834e-05	
5.265152e-03	2.191537e-05	
3.807332e-03	4.000187e-06	
3.199706e-03	3.062894e-05	
1.428014e-03	2.085578e-05	
3.736734e-04	3.976906e-05	
2.926460e-03	9.807563e-06	
1.881761e-03	7.169056e-06	
1.504901e-03	3.249495e-05	
1.750228e-03	1.512686e-05	
4.383223e-03	1.935908e-05	
2.129855e-03	4.012329e-05	
4.188594e-03	3.519240e-06	
2.239986e-03	1.764031e-06	
1.036182e-03	1.797913e-05	
5.017265e-03	2.906026e-06	
3.882278e-03	8.073539e-06	
2.220302e-03	1.857137e-05	
1.496528e-03	2.263988e-05	
2.196623e-03	5.965342e-06	
4.012227e-03	2.284879e-05	
5.967780e-03	3.162572e-05	
2.678184e-03	2.357605e-06	
5.630762e-03	9.074549e-06	
1.952545e-03	4.389995e-05	
4.384548e-03	5.937631e-07	
1.980520e-03	5.220962e-05	
2.373715e-03	4.201636e-05	
2.313157e-03	1.378239e-04	
5.182818e-03	7.310913e-05	
4.637630e-03	2.900271e-04	
7.455752e-03	2.463233e-04	
4.187536e-03	5.974614e-05	
4.587704e-03	1.230089e-04	
3.716581e-03	4.091982e-05	
5.345215e-03	1.217983e-05	
2.418464e-03	3.387034e-05	
1.396753e-03	8.915807e-06	
1.814961e-03	1.547518e-05	
2.618688e-03	2.851850e-05	
2.132745e-03	9.734823e-06	
5.996004e-03	4.425179e-05	
3.781204e-03	2.015212e-05	
4.138966e-03	1.676083e-05	
6.002346e-03	3.400735e-05	
5.823978e-04	2.038227e-05	
4.890046e-03	1.205002e-05	
4.763372e-03	8.665505e-06	
1.662743e-03	1.814275e-05	
5.938537e-03	1.599594e-05	
1.384473e-03	1.856842e-05	
3.087062e-03	1.051133e-05	
1.911133e-03	1.604855e-05	
3.439722e-03	5.703377e-06	
2.456254e-03	1.685416e-05	
2.823833e-03	3.049516e-05	
3.647133e-03	5.758634e-06	
4.829088e-03	2.189883e-06	
2.157634e-03	8.380280e-06	
4.122334e-03	2.557828e-05	
3.067472e-03	1.224923e-05	
1.086764e-03	1.657563e-05	
4.044666e-03	3.839525e-06	
6.190741e-03	1.418492e-05	
2.456610e-04	2.130583e-05	
4.140931e-04	1.123326e-04	
3.228383e-03	1.728662e-04	
1.530226e-03	2.043385e-04	
2.114007e-03	3.482346e-04	
4.405691e-03	2.404767e-04	
2.176536e-03	6.419345e-05	
2.829924e-03	9.226156e-05	
1.985354e-03	1.897684e-05	
3.625979e-03	2.426880e-05	
3.049527e-03	1.522099e-05	
1.811393e-03	2.503823e-05	
5.411786e-03	5.476734e-06	
4.132493e-03	9.431696e-06	
4.865623e-03	4.236138e-05	
3.834375e-03	2.323907e-05	
3.167679e-03	1.303360e-05	
6.284867e-03	1.090085e-05	
7.219936e-03	1.472758e-05	
4.254122e-03	3.831021e-05	
2.820008e-03	1.516757e-05	
1.941213e-03	3.785660e-06	
3.762890e-03	2.247808e-05	
4.309877e-03	6.389379e-06	
4.868149e-03	7.772069e-06	
6.550231e-03	5.105740e-06	
5.881019e-03	1.714454e-05	
4.004936e-03	7.011149e-06	
4.260789e-03	2.456663e-05	
5.775551e-03	1.853868e-05	
4.796639e-04	2.457834e-05	
4.503926e-03	9.557704e-06	
2.444476e-03	3.087291e-05	
1.914711e-03	3.918372e-05	
2.008630e-03	3.058335e-05	
1.845549e-03	6.500143e-06	
3.404385e-03	7.657743e-06	
7.119859e-04	8.324080e-06	
4.874207e-03	7.268199e-06	
1.084636e-03	3.831607e-05	
4.983193e-03	1.872228e-04	
2.538921e-03	1.557120e-04	
5.626539e-04	4.530394e-05	
3.628237e-03	2.057181e-04	
1.346265e-03	1.580711e-04	
1.613986e-03	1.142643e-04	
2.004924e-04	4.232352e-05	
3.346519e-03	3.065134e-05	
4.578508e-03	8.117574e-05	
4.715893e-03	4.268116e-05	
2.659769e-03	2.503146e-05	
3.647547e-03	2.985327e-05	
5.574289e-03	7.001952e-06	
1.045675e-04	6.756499e-06	
3.382138e-03	7.311161e-06	
1.983234e-03	4.045633e-06	
3.078076e-03	2.959037e-05	
3.950834e-03	1.555892e-05	
2.658444e-03	2.948302e-05	
4.280566e-03	2.022376e-05	
5.215173e-04	4.891014e-06	
3.372695e-03	1.281269e-05	
1.988661e-03	2.168160e-05	
2.381867e-03	3.097156e-05	
2.275458e-03	7.843838e-06	
4.523090e-03	2.301945e-07	
1.338896e-03	3.291083e-05	
2.759020e-03	4.210862e-06	
2.381749e-03	2.467094e-05	
4.192542e-03	3.370360e-06	
1.490414e-03	2.767595e-05	
4.944837e-03	7.272253e-06	
2.383686e-03	2.675574e-05	
2.982123e-03	4.098777e-06	
4.899743e-03	6.209550e-06	
1.095942e-03	6.319121e-05	
3.389263e-03	4.450975e-05	
4.715854e-03	1.300183e-04	
1.404720e-03	6.434740e-05	
1.180479e-03	1.081808e-04	
3.623739e-03	2.292533e-05	
2.199616e-03	8.550172e-05	
3.213120e-03	1.221222e-04	
2.816494e-03	1.698413e-04	
2.417222e-03	4.636358e-05	
4.670872e-03	3.749714e-05	
7.057503e-03	7.096156e-05	
2.069660e-03	3.002665e-05	
3.756007e-03	1.025090e-05	
1.766675e-03	3.989699e-06	
5.724348e-04	3.783930e-06	
3.659494e-03	8.224302e-06	
1.346429e-03	1.350560e-05	
1.817127e-03	6.329537e-06	
2.660125e-03	1.193690e-05	
2.580250e-03	3.037171e-06	
5.750339e-03	2.984326e-05	
2.795310e-04	3.517520e-05	
2.617269e-03	4.919167e-05	
2.487960e-03	1.877037e-05	
4.810550e-03	3.894532e-05	
4.344461e-03	4.681349e-05	
5.261609e-03	5.485397e-05	
3.157986e-03	5.399237e-05	
2.902932e-03	2.490983e-05	
3.976431e-03	6.824236e-06	
2.677071e-04	1.560181e-05	
3.276795e-03	2.998114e-05	
2.525654e-03	8.087786e-06	
1.149495e-03	2.584453e-06	
1.684231e-03	2.375637e-05	
2.725086e-03	3.933295e-05	
4.233581e-03	2.284119e-05	
4.463968e-03	6.688994e-06	
2.527380e-03	7.708139e-05	
1.503812e-03	9.942088e-05	
1.234956e-03	1.906022e-04	
2.106427e-03	9.568967e-05	
3.880966e-03	1.018695e-04	
5.761922e-03	1.174850e-04	
3.803367e-03	1.336945e-04	
5.360113e-03	9.967164e-05	
2.477529e-03	2.041409e-05	
3.183068e-03	3.794070e-05	
2.693114e-03	5.094054e-05	
2.587017e-03	5.614013e-05	
3.521630e-03	1.250991e-05	
3.667837e-03	9.511589e-06	
3.536252e-03	3.628924e-05	
1.785419e-03	2.416179e-05	
2.488150e-03	2.750051e-06	
2.840857e-03	8.869192e-06	
2.056757e-03	5.716978e-06	
1.125884e-03	1.887244e-05	
3.438085e-03	3.020270e-05	
5.188434e-03	5.411878e-05	
4.422770e-03	4.258821e-05	
2.437151e-03	2.887566e-05	
2.185493e-03	2.253379e-05	
4.766870e-03	2.703822e-06	
1.415792e-03	8.059819e-06	
2.144274e-03	1.325919e-05	
2.789760e-03	3.738320e-05	
1.812035e-03	2.453034e-05	
1.324885e-03	3.915882e-05	
1.384139e-03	5.564698e-05	
4.548838e-03	1.860647e-05	
1.440869e-03	2.593370e-05	
4.223386e-03	2.728985e-05	
5.949953e-03	1.220642e-05	
2.060004e-03	3.506530e-05	
3.660608e-04	9.913766e-06	
6.472518e-03	8.929171e-05	
1.998748e-03	1.152424e-05	
3.567965e-03	1.288766e-04	
2.350963e-04	3.531151e-04	
1.283523e-03	1.562515e-04	
3.293059e-03	2.299138e-04	
1.788994e-03	1.640464e-04	
3.640203e-04	6.776112e-05	
6.817443e-03	2.632046e-05	
3.673906e-03	4.545697e-05	
6.703227e-04	7.357623e-05	
4.412401e-03	8.604718e-05	
7.099110e-04	4.595426e-05	
1.555331e-03	4.668824e-05	
3.594396e-03	3.034790e-05	
5.122882e-03	1.469666e-05	
3.586352e-03	1.451846e-05	
2.540851e-03	4.504349e-06	
2.097069e-03	5.071556e-06	
2.935067e-03	1.065835e-05	
2.402194e-03	4.412714e-06	
3.185907e-03	1.588367e-05	
2.621794e-03	1.055714e-05	
4.953543e-03	2.530426e-05	
1.112209e-03	1.899067e-05	
2.381501e-03	1.577652e-05	
3.773687e-03	5.451338e-06	
2.391454e-03	9.709492e-06	
1.612905e-03	6.577049e-08	
2.939989e-03	4.535161e-06	
2.479700e-03	4.678100e-05	
2.999371e-03	4.973986e-05	
1.695512e-03	6.358025e-06	
1.264962e-03	2.156727e-05	
2.824934e-03	1.535374e-05	
4.370380e-03	3.737464e-05	
2.559660e-03	7.432999e-06	
5.348705e-03	1.591836e-06	
1.940929e-03	6.990590e-05	
1.950676e-03	1.164980e-05	
6.123581e-04	3.618039e-05	
1.953523e-03	2.752012e-04	
5.429646e-03	1.629667e-04	
3.504659e-03	2.404161e-04	
3.414303e-03	9.922385e-05	
1.057378e-03	7.315824e-05	
4.158991e-04	1.729344e-05	
2.574218e-03	5.377599e-05	
1.502875e-03	2.792551e-05	
5.744403e-03	5.850619e-05	
4.967417e-03	2.780587e-05	
2.174603e-03	2.579361e-05	
3.140507e-03	1.423234e-05	
5.982440e-03	2.927047e-05	
1.916868e-03	6.627209e-06	
2.891729e-03	9.111210e-06	
7.079790e-03	7.815915e-06	
2.351078e-03	1.466690e-05	
4.412525e-03	4.038526e-06	
2.103861e-03	2.117089e-05	
9.323552e-04	2.357196e-05	
2.031608e-03	3.703117e-05	
5.459818e-03	4.068543e-05	
8.071312e-04	2.438802e-05	
1.405261e-03	4.110625e-05	
1.482765e-03	2.328085e-06	
1.989884e-03	2.534571e-05	
1.882171e-03	3.946091e-06	
4.093971e-03	1.396105e-05	
1.617349e-03	2.921537e-05	
1.632501e-03	4.214118e-05	
3.459153e-03	9.913625e-06	
4.238184e-03	1.023859e-05	
3.447634e-03	5.665080e-06	
1.533365e-03	3.894763e-05	
3.749269e-03	2.358238e-05	
4.093263e-03	5.471630e-05	
1.654356e-03	1.937501e-06	
2.387657e-03	5.061519e-06	
4.080414e-03	2.893285e-04	
2.351377e-03	5.124678e-05	
1.119538e-03	1.144796e-04	
1.124866e-03	2.120224e-05	
2.711867e-03	6.156515e-05	
3.518603e-03	6.748322e-05	
4.895587e-03	4.994168e-05	
2.521391e-03	7.518327e-06	
1.075840e-03	9.451462e-07	
2.736534e-03	3.003228e-05	
1.270739e-03	5.078758e-05	
5.699395e-03	3.038629e-05	
3.841603e-03	1.209991e-05	
2.991806e-03	2.096603e-05	
1.666299e-03	5.414816e-06	
3.731076e-03	2.383427e-06	
1.090166e-03	2.825624e-05	
3.377862e-03	2.234350e-05	
5.596095e-03	4.208118e-06	
2.630815e-03	2.390720e-05	
3.711706e-03	1.844092e-05	
2.104362e-03	2.473599e-05	
3.019085e-03	2.141704e-05	
3.638023e-03	1.207298e-05	
4.076693e-03	1.182512e-05	
3.702089e-04	2.141736e-05	
5.875313e-04	1.162975e-05	
9.773362e-04	1.389167e-05	
9.713139e-04	7.810996e-06	
6.126237e-03	2.130995e-07	
3.381757e-03	6.860367e-06	
3.893055e-03	2.673319e-05	
2.422983e-03	2.033109e-07	
4.144555e-03	5.057473e-05	
2.798102e-03	4.592123e-05	
2.003741e-03	4.178149e-05	
4.451889e-03	1.817086e-05	
5.247659e-03	7.873870e-05	
2.840991e-03	1.629265e-04	
5.344354e-03	1.511205e-04	
1.788001e-03	2.080511e-04	
3.145134e-03	1.723573e-04	
3.282226e-03	3.849577e-05	
3.152013e-03	1.193383e-04	
4.559249e-03	9.051444e-05	
5.692199e-03	3.450075e-05	
2.653146e-03	5.007294e-05	
1.028929e-03	2.375880e-05	
1.253482e-03	4.688173e-05	
1.949610e-03	3.863000e-05	
3.676395e-03	9.403198e-06	
1.524890e-03	2.563502e-05	
5.936818e-03	5.856369e-06	
1.859765e-03	2.040437e-05	
3.994980e-03	1.567674e-06	
4.395737e-03	1.783400e-05	
6.768494e-04	1.023665e-05	
2.615541e-03	4.770643e-06	
3.739630e-03	2.775398e-05	
8.162923e-04	2.145369e-05	
1.578413e-03	3.298421e-05	
4.530725e-03	7.509536e-06	
5.396439e-03	1.368408e-05	
7.216286e-05	3.713322e-06	
2.968590e-03	2.074867e-05	
1.561645e-03	5.436773e-06	
2.117984e-03	2.006519e-05	
6.205605e-03	5.868776e-06	
1.291136e-03	7.980840e-06	
2.195430e-03	1.933626e-05	
5.535039e-03	1.259955e-05	
2.037013e-03	1.242771e-05	
1.622621e-03	2.869404e-05	
4.349717e-03	6.314377e-06	
5.671110e-03	4.737928e-06	
2.918365e-03	3.009979e-06	
4.495380e-03	3.187964e-04	
2.432092e-03	8.938913e-05	
2.704972e-03	1.147807e-04	
2.140895e-03	1.031140e-04	
4.415861e-03	7.860142e-05	
5.411891e-03	1.333807e-04	
2.068735e-03	3.707126e-05	
4.632396e-03	3.580030e-05	
2.785229e-03	2.872315e-05	
1.604620e-03	3.970325e-07	
1.805683e-03	3.499260e-05	
5.090714e-03	2.282416e-05	
2.354468e-03	1.880330e-05	
7.145411e-03	9.436529e-06	
1.992713e-03	8.351314e-06	
2.338836e-03	2.687268e-05	
4.475793e-03	1.445390e-05	
7.114147e-04	1.647308e-05	
2.397055e-03	2.010550e-05	
2.636849e-03	3.543437e-05	
6.878572e-03	3.190124e-05	
4.589501e-04	3.789533e-05	
3.645713e-03	3.774994e-05	
1.544609e-03	3.104489e-05	
4.218072e-03	7.666821e-06	
2.845328e-03	1.226606e-05	
5.260539e-03	1.863660e-05	
1.270860e-03	7.200081e-06	
5.381221e-04	3.212373e-05	
3.068540e-03	4.706163e-06	
3.529987e-03	6.415187e-06	
2.744712e-03	2.340793e-06	
3.618175e-03	1.452213e-05	
1.638134e-03	1.542086e-05	
5.027418e-03	3.286180e-05	
2.165537e-03	2.357865e-05	
3.123276e-03	1.739946e-05	
5.243649e-03	4.707375e-06	
2.625253e-03	3.386846e-04	
4.522581e-03	1.719823e-04	
2.133867e-03	2.871954e-04	
4.065510e-03	1.403775e-04	
3.320036e-03	6.788257e-05	
1.056326e-03	1.370620e-04	
7.333322e-03	3.933430e-05	
3.894120e-03	3.072869e-05	
1.262492e-03	5.153556e-05	
2.598538e-03	2.933411e-05	
2.059509e-03	5.554652e-06	
3.685042e-03	5.142820e-06	
4.087321e-03	8.815521e-06	
2.347222e-03	2.578405e-06	
1.554517e-03	1.182976e-05	
1.565016e-03	2.844771e-05	
4.031255e-03	2.733957e-05	
4.715867e-03	1.784370e-05	
2.976034e-03	8.376336e-06	
5.094613e-03	1.462893e-06	
5.970940e-03	4.601121e-06	
1.551958e-04	3.319166e-05	
2.764535e-03	7.548160e-06	
2.575955e-03	1.180021e-05	
4.748939e-03	1.482617e-05	
1.846426e-03	1.014815e-05	
1.501481e-03	3.311445e-05	
7.354620e-03	9.533353e-06	
4.700839e-03	1.923342e-05	
2.175529e-03	2.571401e-05	
3.554757e-03	2.879603e-05	
3.334740e-03	5.497493e-05	
3.716658e-03	2.630859e-05	
3.654622e-03	1.683333e-05	
3.443262e-03	7.804528e-05	
1.016752e-03	1.034983e-05	
3.762708e-03	3.306759e-05	
3.634906e-03	8.045661e-06	
6.201251e-04	3.816771e-04	
6.365624e-03	2.526657e-04	
4.076167e-03	1.668725e-04	
2.889498e-03	9.294490e-05	
5.880824e-03	9.178446e-05	
5.677882e-03	8.769463e-05	
5.524360e-03	3.067742e-05	
2.564460e-03	5.890912e-05	
2.761171e-03	3.948137e-05	
1.956192e-03	3.501557e-05	
1.855831e-03	2.251836e-05	
4.158857e-03	2.303884e-05	
7.922059e-04	2.244852e-06	
5.462260e-03	9.641268e-06	
3.788728e-03	3.532575e-06	
4.157306e-04	8.836392e-06	
1.627298e-03	1.745295e-05	
3.590763e-03	1.753221e-05	
1.512711e-03	5.016361e-06	
6.548489e-03	5.382403e-06	
3.346295e-03	1.729663e-05	
3.536496e-03	1.242558e-05	
2.682971e-03	1.880274e-05	
2.740730e-03	4.462780e-06	
2.516599e-03	4.392046e-06	
4.130556e-03	1.265853e-05	
5.751350e-03	1.103198e-05	
4.925670e-03	1.642649e-05	
5.200460e-04	2.481061e-05	
1.980973e-03	1.622972e-05	
1.165850e-03	5.693970e-06	
1.665939e-03	2.644610e-05	
3.027567e-03	4.318710e-05	
2.187245e-03	2.174895e-05	
2.943255e-03	6.313787e-05	
1.071612e-03	5.040048e-05	
3.672992e-03	2.886887e-05	
2.198418e-03	1.436402e-05	
6.591191e-04	1.407147e-04	
2.161328e-03	2.641716e-04	
3.559666e-03	6.826355e-05	
1.594970e-04	6.910532e-05	
2.952404e-03	3.861131e-05	
7.956816e-04	1.361339e-04	
2.064452e-03	2.310115e-05	
1.250713e-03	4.816930e-05	
2.282418e-03	3.746034e-05	
4.029998e-03	4.791207e-05	
7.314024e-03	2.883132e-05	
3.087128e-03	3.285641e-05	
2.819297e-03	1.140931e-05	
6.811639e-03	2.088519e-05	
4.559017e-03	1.265071e-05	
3.991854e-03	3.317911e-06	
5.535735e-03	5.728838e-06	
3.689594e-03	3.864786e-06	
3.711484e-03	4.528519e-06	
2.170649e-03	1.687121e-06	
2.736500e-03	1.846086e-05	
4.795596e-04	1.009304e-05	
2.452132e-03	2.224450e-06	
4.236222e-03	1.589820e-05	
4.710744e-03	2.546226e-05	
6.505202e-04	8.858295e-06	
7.736966e-03	1.964693e-05	
4.384879e-03	1.029248e-05	
3.255709e-03	4.659717e-05	
2.082189e-03	3.850582e-05	
2.805572e-03	1.344410e-05	
3.435412e-03	1.194349e-05	
2.769431e-03	3.760181e-05	
2.959037e-03	2.417703e-05	
2.353891e-03	5.025989e-05	
3.960099e-03	2.662563e-05	
1.045918e-03	9.800644e-06	
4.806705e-03	1.943617e-05	
1.740507e-03	1.690235e-04	
1.789515e-03	5.569109e-05	
7.506370e-03	2.345151e-04	
5.507808e-03	1.987146e-04	
3.988765e-03	1.808146e-04	
6.585168e-03	8.856671e-05	
1.654835e-04	4.225586e-05	
4.153505e-03	5.420602e-05	
4.910376e-03	7.503395e-05	
1.210264e-03	1.599386e-05	
4.378610e-03	5.505168e-05	
4.638487e-04	1.133502e-05	
1.021640e-03	4.081239e-06	
1.961877e-03	1.436345e-06	
2.035479e-03	2.325237e-05	
4.088057e-03	3.110717e-05	
5.494312e-03	4.037541e-05	
7.579702e-04	4.116620e-05	
5.897202e-03	1.110735e-06	
7.349511e-04	1.178548e-05	
2.289744e-03	1.276751e-05	
3.264178e-03	1.536159e-05	
6.912905e-04	8.330023e-06	
6.012868e-04	1.779470e-05	
2.401280e-03	1.607557e-05	
5.239045e-03	2.468228e-05	
1.597629e-03	1.967073e-05	
4.408256e-03	1.817338e-05	
4.098595e-03	3.098417e-05	
2.264337e-03	5.214669e-05	
9.091200e-03	1.560396e-05	
2.389032e-03	5.904394e-06	
4.307194e-03	6.443963e-06	
4.588036e-03	3.243640e-06	
4.716044e-03	8.250436e-06	
4.091177e-03	3.208361e-06	
2.832820e-04	2.308273e-05	
3.791417e-03	1.203755e-04	
2.879128e-03	7.064277e-05	
2.862150e-03	3.716240e-04	
2.475360e-03	9.808590e-05	
1.103074e-03	2.017776e-04	
5.764200e-03	6.366559e-05	
3.453943e-03	8.680032e-05	
3.264916e-03	7.283598e-06	
3.219115e-03	3.894898e-06	
3.636785e-03	2.041217e-05	
5.565008e-03	4.765447e-05	
2.911068e-03	2.845746e-05	
2.102545e-03	1.391636e-05	
3.806815e-03	4.769480e-06	
4.766127e-03	6.050147e-06	
1.852786e-03	2.379289e-05	
3.081539e-03	2.064229e-05	
3.909106e-03	4.742856e-05	
4.258720e-03	2.944722e-05	
3.754697e-04	1.187631e-05	
2.155094e-03	3.474124e-06	
2.655224e-03	1.912778e-05	
3.632947e-03	1.086719e-05	
1.486671e-03	1.758614e-05	
4.091241e-03	7.582215e-06	
3.265635e-03	1.080132e-05	
4.468549e-03	4.651845e-05	
3.180378e-03	2.930773e-06	
4.728894e-03	1.574027e-05	
3.638416e-03	2.155146e-05	
3.351028e-03	2.611880e-05	
5.634654e-03	5.842198e-05	
6.932359e-03	4.106866e-05	
1.114747e-03	2.432532e-05	
5.871198e-03	2.350443e-05	
1.092606e-03	7.239759e-05	
3.554845e-03	2.897147e-05	
2.195599e-03	5.949500e-05	
2.087243e-03	1.247414e-04	
2.988971e-03	2.244408e-04	
2.452519e-03	2.480530e-04	
3.517642e-03	1.683518e-04	
3.476068e-03	4.979854e-05	
6.667521e-04	8.850245e-07	
2.949134e-03	2.389761e-05	
5.249453e-03	2.540835e-05	
4.081118e-03	3.535424e-05	
5.097386e-03	2.922163e-05	
3.488392e-03	2.522985e-05	
5.400075e-03	3.870574e-05	
1.480145e-04	2.279021e-05	
2.269097e-03	1.131138e-05	
3.666643e-03	4.733565e-06	
1.413859e-03	2.278374e-05	
7.047281e-03	1.232411e-05	
2.893297e-03	2.064075e-05	
4.348047e-03	7.221034e-06	
4.499631e-03	6.886589e-06	
1.420219e-03	1.687679e-05	
8.838024e-04	5.943453e-07	
9.502434e-04	3.346061e-05	
3.985274e-03	2.158810e-05	
4.968118e-03	1.547378e-05	
4.895387e-03	2.367093e-05	
6.254461e-03	3.822761e-05	
3.886755e-03	3.099285e-05	
4.693274e-03	2.790149e-07	
2.954316e-03	4.280241e-06	
9.885633e-04	2.442512e-05	
1.823921e-03	2.731536e-05	
5.951569e-03	1.493546e-05	
4.130416e-03	9.659580e-06	
2.594312e-03	2.932456e-06	
2.972182e-03	6.988643e-05	
3.776469e-03	2.995985e-05	
3.039716e-03	2.467779e-05	
3.507445e-03	2.889449e-04	
1.998666e-03	3.030068e-04	
1.373584e-03	5.208502e-04	
2.590598e-03	3.429456e-04	
2.006844e-03	1.007221e-04	
2.942690e-03	6.798958e-05	
4.842498e-03	3.075201e-05	
5.343788e-04	2.016173e-05	
5.175230e-03	3.345315e-06	
1.806331e-03	6.318599e-05	
6.733454e-04	2.059399e-05	
5.673142e-03	3.099166e-05	
5.516559e-03	3.889739e-05	
5.340231e-03	4.011224e-05	
2.005446e-03	2.176039e-06	
2.080625e-03	6.539125e-06	
8.868721e-03	5.297943e-06	
2.219564e-03	2.825629e-05	
6.230161e-03	1.378420e-05	
1.956598e-03	2.558948e-05	
4.394245e-03	2.980381e-05	
1.618961e-03	7.820800e-06	
2.667380e-03	6.358575e-06	
5.479608e-04	3.531663e-06	
2.387639e-03	6.675700e-06	
3.980854e-03	3.092656e-05	
8.431009e-04	7.658481e-06	
2.685739e-03	1.945077e-05	
3.194161e-03	6.988542e-06	
2.160672e-03	2.637607e-05	
3.554065e-03	2.549088e-06	
4.219447e-03	2.425567e-05	
3.596641e-03	3.114011e-05	
5.313747e-03	4.050925e-05	
1.130684e-03	2.356957e-05	
3.658473e-03	1.190556e-05	
1.612499e-03	2.092771e-05	
4.369922e-03	1.291111e-06	
8.488129e-03	3.024585e-04	
1.397884e-03	3.958496e-04	
2.428484e-03	1.705420e-04	
5.007567e-03	6.109634e-04	
6.361054e-03	1.733756e-04	
2.981770e-03	9.040758e-05	
1.879345e-03	2.167280e-05	
5.401791e-03	4.311653e-05	
5.386684e-03	2.929041e-05	
3.997338e-03	2.657572e-05	
1.496676e-03	2.819260e-05	
5.414694e-03	3.852229e-05	
5.422910e-03	5.267065e-05	
2.686711e-03	2.369614e-05	
2.545955e-03	1.754436e-05	
4.661168e-03	3.500018e-05	
3.034412e-03	1.756638e-05	
5.428327e-03	2.748440e-05	
7.325642e-04	2.666813e-05	
5.372509e-03	2.773859e-05	
2.300633e-03	1.841346e-05	
2.801956e-03	1.388125e-05	
2.953215e-03	1.006313e-05	
3.810679e-03	2.686705e-05	
2.631244e-03	2.474367e-05	
2.002086e-03	2.491684e-05	
5.500611e-03	2.335619e-05	
4.573464e-03	6.598146e-06	
1.909914e-03	1.795255e-05	
4.538138e-03	6.286587e-05	
8.503174e-04	2.761454e-05	
2.721901e-03	1.116654e-05	
5.363639e-03	3.087017e-05	
1.884403e-03	5.764158e-05	
4.204276e-04	6.227502e-05	
3.028731e-03	3.663159e-05	
4.321272e-03	1.292433e-04	
2.166646e-03	3.201029e-05	
1.899168e-03	2.617889e-04	
4.782148e-03	2.542512e-04	
4.825080e-03	4.984278e-04	
2.871681e-03	3.895320e-04	
3.589883e-03	2.691110e-05	
2.925197e-03	8.831235e-05	
6.657496e-03	8.175672e-05	
2.716146e-03	1.208035e-05	
1.429505e-03	4.577575e-05	
2.364093e-03	5.195928e-05	
2.936207e-03	1.311374e-05	
2.942785e-03	5.136440e-05	
5.350661e-03	2.009220e-05	
8.463341e-03	2.209815e-06	
5.577549e-03	4.179006e-05	
2.584891e-03	4.557359e-05	
2.580204e-03	3.721322e-05	
4.055252e-03	1.803793e-05	
2.482043e-03	1.398813e-05	
1.155859e-03	2.702177e-05	
1.000414e-03	1.070953e-05	
3.253589e-03	2.944102e-06	
7.306304e-03	1.004354e-06	
5.014866e-03	1.001454e-05	
4.699624e-03	2.123383e-05	
4.135497e-03	6.667968e-06	
2.407505e-03	1.737801e-05	
3.839183e-03	1.374719e-05	
2.106403e-03	8.135522e-06	
1.444196e-03	2.944402e-05	
4.449603e-03	4.402155e-05	
4.083372e-03	2.487788e-05	
1.723245e-03	2.574649e-05	
6.231396e-03	7.174140e-05	
5.073181e-03	6.344359e-06	
5.908057e-03	2.994696e-05	
2.073172e-03	9.387460e-05	
5.795727e-03	1.581837e-04	
1.545364e-03	1.490414e-04	
3.273386e-03	1.235717e-04	
2.403968e-03	3.656765e-04	
5.772283e-03	2.579529e-04	
2.597813e-03	4.188663e-05	
2.658513e-03	1.118031e-04	
1.677774e-03	8.572325e-05	
6.151560e-03	4.299351e-05	
3.059637e-03	8.188936e-05	
1.753238e-03	4.442339e-05	
3.318892e-03	1.606767e-05	
3.487952e-03	5.308559e-05	
1.334249e-03	1.608867e-06	
2.973398e-03	2.994554e-05	
2.160320e-03	3.273181e-05	
1.556748e-03	6.960630e-05	
1.303554e-03	4.490110e-05	
2.629142e-03	3.570192e-05	
5.973819e-03	2.449501e-05	
5.714453e-03	1.811678e-05	
1.682943e-03	1.897415e-06	
6.226093e-04	1.322813e-05	
4.505185e-03	1.938404e-05	
3.048048e-03	1.357641e-05	
3.220654e-03	3.500033e-05	
9.830601e-04	3.510615e-05	
2.757236e-03	4.535174e-05	
4.882719e-03	4.380080e-05	
5.994537e-03	2.595326e-05	
2.580291e-03	4.195346e-05	
2.435825e-03	5.193210e-05	
3.140714e-03	4.253666e-05	
1.417123e-03	3.127305e-05	
5.337199e-03	1.500164e-05	
1.674642e-03	3.152908e-05	
4.480014e-03	2.755039e-05	
1.270713e-03	8.931760e-05	
2.335406e-03	1.181751e-06	
4.703417e-03	2.326247e-04	
2.894374e-03	2.478638e-04	
3.859663e-03	1.783755e-04	
3.691311e-03	1.268702e-04	
4.012122e-03	6.246416e-05	
4.636241e-03	4.917711e-05	
1.309341e-03	8.809999e-06	
2.215082e-03	6.868319e-05	
2.837116e-03	5.523036e-05	
2.988501e-03	4.835159e-05	
4.096555e-03	6.456434e-05	
9.707123e-04	4.124977e-05	
2.540709e-03	8.753660e-06	
1.093300e-03	2.759865e-05	
1.792288e-03	3.664054e-05	
2.672519e-03	1.032627e-05	
2.764636e-03	2.997909e-05	
5.581283e-03	3.100748e-05	
1.853932e-03	5.185902e-05	
1.850112e-03	3.690311e-05	
2.935781e-03	4.792870e-05	
4.514123e-03	2.873071e-05	
3.534895e-03	3.521155e-05	
4.680648e-03	1.363328e-05	
3.325887e-03	2.728870e-05	
6.810118e-04	5.243426e-05	
9.435734e-04	8.215592e-06	
6.899935e-05	2.643516e-05	
2.140970e-03	2.435851e-05	
2.860570e-03	3.823315e-05	
3.595023e-03	7.200236e-05	
8.509033e-04	4.341613e-05	
2.233378e-03	5.145640e-05	
1.429476e-03	3.727585e-05	
5.100621e-03	1.657971e-05	
1.339604e-03	3.587001e-05	
2.356125e-03	2.256930e-05	
2.143465e-03	1.190123e-04	
2.868803e-03	1.461131e-04	
5.829189e-03	2.640964e-04	
1.853391e-03	1.353282e-04	
1.924272e-04	8.110568e-05	
3.498653e-04	3.593689e-05	
3.650637e-03	3.478517e-05	
4.217764e-03	2.563337e-06	
3.462204e-03	1.348756e-05	
2.392607e-03	4.508405e-05	
3.758770e-03	1.113527e-05	
1.296893e-03	6.412721e-05	
2.395425e-03	2.940643e-05	
1.180903e-03	3.809326e-07	
9.864613e-04	2.702625e-05	
3.516858e-03	3.235087e-05	
8.366704e-04	1.635494e-05	
6.403399e-03	8.738626e-06	
1.490462e-03	6.551986e-05	
4.113974e-03	3.496268e-05	
3.881124e-03	2.891146e-05	
1.466472e-04	3.414095e-05	
1.806109e-03	1.149799e-05	
2.487520e-03	2.881140e-06	
5.397801e-03	5.894944e-06	
4.569410e-03	1.765854e-05	
1.786614e-03	1.911165e-05	
4.736670e-03	1.563966e-05	
1.172513e-03	1.110652e-05	
4.568132e-03	1.933471e-05	
5.068611e-03	2.403569e-05	
4.302562e-03	2.512332e-06	
4.799574e-03	4.870963e-05	
3.257756e-03	1.052965e-05	
4.091936e-03	6.906187e-06	
1.641796e-03	4.365615e-06	
1.037824e-03	3.334023e-05	
3.136536e-03	8.317967e-07	
3.233551e-03	1.158800e-04	
1.371081e-03	1.446485e-04	
4.103234e-03	6.401272e-05	
