2.834310e-03	1.385406e-05	
5.934582e-03	4.313782e-06	
5.769229e-03	1.414942e-05	
4.130883e-03	4.916523e-05	
3.997513e-03	7.646636e-06	
1.275431e-03	4.810980e-05	
2.225121e-03	1.597550e-06	
4.094709e-03	1.058119e-04	
1.954300e-03	5.554014e-05	
2.384246e-03	9.155904e-05	
1.368531e-03	1.035827e-04	
3.108132e-03	1.264979e-04	
3.863776e-03	9.170377e-06	
4.231566e-03	5.385932e-05	
3.600872e-03	2.155570e-05	
1.693602e-03	1.968969e-05	
4.598837e-03	2.719053e-05	
3.073361e-03	1.767212e-05	
3.480167e-03	5.479519e-05	
4.990389e-03	2.553106e-05	
6.396126e-03	7.621578e-05	
4.804446e-03	9.824709e-05	
6.064276e-03	7.025896e-05	
3.618366e-03	1.490523e-04	
4.521374e-03	6.839919e-05	
4.230971e-03	4.777221e-05	
3.061659e-03	6.687891e-05	
1.823118e-03	1.312975e-04	
3.369259e-03	4.907349e-05	
3.749132e-03	8.601050e-05	
3.501833e-03	3.100310e-05	
6.628149e-03	8.583660e-05	
5.615412e-03	1.005157e-05	
6.108024e-03	4.090754e-05	
7.414090e-03	4.703259e-05	
4.117087e-03	4.188659e-05	
5.634975e-04	3.369779e-05	
2.522181e-04	4.784534e-06	
3.826563e-03	3.804511e-06	
2.572419e-03	8.709299e-06	
1.391047e-03	1.355212e-05	
3.065711e-03	4.659407e-05	
1.740546e-03	6.517687e-05	
5.734362e-03	6.974074e-05	
2.768503e-03	2.375319e-05	
8.069833e-04	4.357769e-05	
6.658119e-03	5.440113e-06	
5.501354e-03	3.250482e-05	
3.195908e-03	3.854584e-05	
7.834898e-03	4.419034e-05	
5.243547e-03	1.045057e-04	
6.122741e-03	7.269252e-05	
2.295457e-03	3.164864e-06	
3.013420e-03	9.905881e-06	
4.433516e-03	8.078896e-05	
1.636835e-03	5.637552e-05	
6.613046e-03	5.722079e-05	
9.272361e-04	3.804683e-05	
3.096990e-03	7.118913e-05	
2.899668e-03	1.419116e-04	
3.727561e-03	6.744957e-05	
4.509636e-03	1.655932e-04	
5.505513e-03	6.642542e-05	
4.293342e-03	2.453379e-05	
7.629658e-03	2.102711e-05	
4.128883e-03	1.211379e-05	
5.522946e-03	4.747273e-05	
1.443046e-03	7.699942e-07	
3.276160e-03	1.698544e-05	
7.044543e-03	6.202900e-05	
2.252677e-03	9.712293e-05	
3.735188e-03	2.348339e-05	
2.840988e-03	1.108790e-04	
2.659400e-03	5.092273e-05	
5.944857e-03	7.819381e-06	
2.291491e-03	1.629166e-06	
5.337748e-03	2.644848e-05	
6.712411e-04	4.553379e-06	
3.860650e-03	3.717436e-05	
5.664885e-03	1.661567e-05	
2.271958e-03	2.333864e-05	
2.384645e-03	4.049016e-05	
1.783409e-03	1.913514e-05	
5.988146e-03	1.323041e-04	
3.090117e-03	1.557685e-04	
4.900101e-03	5.053402e-05	
2.757615e-03	2.298801e-05	
6.793568e-03	3.783577e-05	
4.937856e-03	7.183628e-05	
8.521464e-03	7.814164e-05	
3.331877e-03	3.382701e-05	
4.489765e-03	7.625648e-06	
3.941272e-03	8.042634e-06	
2.384679e-03	1.520799e-05	
5.454957e-03	2.413112e-05	
3.706643e-03	2.429265e-05	
7.196172e-03	6.167657e-05	
1.935401e-03	1.365760e-05	
9.405450e-03	2.167684e-05	
5.866050e-03	5.434916e-05	
3.460145e-04	2.894699e-05	
6.135536e-03	1.375027e-04	
6.077420e-03	1.222525e-04	
3.797097e-03	1.416101e-06	
1.634862e-03	4.720099e-06	
2.000019e-03	5.993556e-05	
2.448878e-03	7.895053e-05	
3.374046e-03	8.502274e-05	
5.342658e-03	9.910352e-06	
8.121714e-03	2.760127e-07	
2.940925e-03	2.096002e-05	
4.347052e-03	8.827769e-06	
2.267868e-03	6.489208e-05	
2.690106e-03	4.120374e-05	
5.526899e-03	4.258107e-05	
6.509835e-03	2.916595e-05	
6.914152e-03	7.151750e-05	
2.539238e-03	9.195350e-05	
1.488746e-03	1.293935e-04	
4.638431e-03	7.955310e-05	
1.153558e-03	7.584698e-06	
6.425195e-03	3.602154e-05	
5.715641e-03	1.052700e-04	
1.481241e-03	3.675426e-05	
1.532228e-03	1.794266e-05	
5.502628e-03	8.588296e-05	
6.410108e-03	3.644315e-05	
3.054160e-03	9.141453e-05	
5.851405e-03	5.960630e-05	
7.403617e-03	6.328676e-05	
4.147525e-03	3.561668e-05	
5.793867e-03	6.285490e-05	
6.506678e-03	1.488325e-05	
4.195646e-03	2.872201e-05	
2.198533e-03	3.463413e-05	
4.034556e-03	4.038229e-05	
4.000824e-03	2.266707e-05	
4.933346e-03	1.625480e-05	
4.081226e-03	5.315947e-05	
3.816610e-03	1.033650e-04	
4.570856e-03	6.587991e-05	
2.225322e-03	7.282390e-06	
2.050734e-03	1.433683e-05	
5.242579e-03	6.499744e-06	
7.483487e-03	5.705858e-05	
1.057304e-02	2.630540e-05	
5.094873e-03	1.404677e-05	
6.605274e-03	4.033687e-05	
4.184018e-03	4.045531e-05	
6.116027e-04	2.181967e-05	
2.293236e-03	8.340679e-05	
1.618039e-03	1.008662e-04	
1.695993e-03	1.172354e-04	
3.697731e-03	1.177858e-04	
4.813505e-03	4.384911e-05	
3.406908e-03	6.466833e-05	
3.767254e-03	1.026444e-06	
5.452040e-03	7.841269e-05	
3.999036e-03	8.106849e-06	
3.245646e-03	3.923267e-05	
5.685083e-03	4.901043e-05	
5.468976e-03	7.636445e-05	
4.290682e-03	1.157386e-04	
1.728620e-03	4.905902e-05	
6.910265e-03	6.874721e-05	
5.754981e-03	3.596554e-05	
2.297047e-03	6.807551e-05	
6.645484e-03	1.467036e-04	
7.220135e-03	6.372207e-05	
7.569515e-03	7.267730e-05	
7.411996e-04	1.255872e-04	
2.313386e-03	5.250237e-05	
2.582568e-03	3.849321e-05	
7.770633e-03	1.165462e-04	
2.587674e-03	1.137895e-04	
2.019340e-03	9.757139e-05	
3.714133e-03	2.104389e-05	
3.349713e-03	3.688298e-05	
1.632760e-03	8.276735e-06	
2.404821e-03	5.387030e-07	
4.847781e-03	9.017718e-05	
2.387277e-04	3.417038e-05	
5.295843e-03	4.716381e-05	
3.871447e-03	1.695454e-05	
4.293610e-03	2.895384e-05	
4.113508e-03	9.985895e-06	
3.345183e-03	5.849042e-05	
2.216763e-03	7.411930e-05	
3.765913e-03	1.230582e-04	
3.182099e-03	9.548565e-05	
5.061053e-03	1.031547e-04	
5.606734e-03	1.316925e-04	
4.676986e-03	7.936808e-05	
6.829320e-03	2.468225e-05	
3.617102e-03	1.495657e-05	
6.170498e-03	2.345083e-05	
5.037708e-03	6.169240e-05	
3.635173e-03	6.844839e-05	
6.461929e-03	7.736881e-05	
8.080854e-03	1.276530e-04	
6.793008e-03	9.380101e-05	
6.843851e-03	9.852602e-05	
8.819317e-03	1.125752e-04	
8.618609e-03	4.797539e-05	
4.363685e-03	1.297108e-04	
5.682906e-03	1.545209e-04	
6.173256e-03	8.253215e-05	
4.932137e-03	8.883435e-05	
1.299051e-03	8.263310e-05	
3.194053e-03	7.230861e-05	
6.143578e-03	7.778043e-05	
1.470791e-03	2.131204e-04	
4.944512e-03	1.502949e-04	
2.808006e-03	7.565177e-05	
3.494261e-03	5.790609e-05	
5.496672e-03	8.350655e-05	
5.677644e-03	3.992477e-06	
4.520297e-04	1.864431e-05	
2.053756e-03	6.801849e-05	
3.314189e-03	6.669474e-05	
6.750317e-03	3.361233e-05	
5.036950e-03	6.606242e-05	
8.149667e-04	5.488659e-05	
4.587329e-03	9.595774e-05	
3.015210e-03	1.058203e-04	
2.442594e-03	1.058883e-04	
2.160743e-03	1.832477e-04	
2.008655e-03	1.250587e-04	
2.775711e-03	2.088300e-04	
2.770639e-03	8.978031e-05	
1.116727e-03	1.063468e-04	
2.475955e-03	4.243023e-05	
5.251556e-03	1.106737e-05	
6.153541e-03	6.758672e-06	
4.420253e-03	4.711887e-05	
1.073313e-03	8.494501e-05	
3.592134e-04	7.358085e-05	
2.820026e-03	4.169981e-05	
2.802721e-03	9.636144e-05	
3.515569e-03	8.781268e-05	
4.579825e-03	8.294366e-05	
4.047792e-03	3.213600e-05	
5.217327e-03	3.591657e-05	
5.307951e-03	8.499945e-05	
4.984358e-03	1.069000e-04	
3.936151e-03	7.130887e-05	
3.305379e-03	1.032214e-04	
2.029661e-03	5.396939e-05	
2.556873e-03	5.412546e-05	
3.945782e-03	1.080660e-04	
4.341879e-03	1.195670e-04	
3.350781e-03	1.066251e-04	
4.720135e-03	7.005020e-05	
5.714360e-03	2.513574e-05	
6.913277e-03	4.895218e-05	
4.808755e-03	2.566966e-06	
3.892258e-03	2.767719e-05	
2.623695e-03	3.869890e-05	
7.596088e-03	2.945184e-05	
6.386122e-03	6.241269e-06	
3.308112e-03	8.832929e-05	
4.097908e-03	1.184922e-04	
3.714667e-03	4.057441e-05	
3.002721e-03	6.625992e-05	
6.812103e-03	2.345709e-04	
1.580939e-03	2.198409e-04	
3.926180e-03	1.125874e-04	
3.938217e-03	8.349210e-05	
3.337210e-03	6.652708e-05	
2.052503e-03	2.682847e-05	
5.482680e-03	3.839944e-05	
7.016492e-03	3.397112e-05	
6.059224e-03	4.312454e-05	
1.273039e-03	7.790059e-05	
9.766113e-03	9.243564e-05	
3.636926e-03	1.479338e-04	
8.697516e-04	9.248036e-05	
3.750928e-03	7.794519e-05	
4.676342e-03	9.244751e-05	
8.527563e-03	4.582399e-05	
7.776958e-03	2.222962e-06	
9.165149e-03	8.263998e-05	
2.365866e-03	6.754419e-05	
4.726664e-03	7.588720e-05	
5.183271e-03	1.230225e-05	
3.833491e-03	7.122804e-05	
3.176378e-03	9.008390e-05	
4.109766e-03	1.016876e-04	
1.605778e-03	1.198292e-04	
3.762113e-03	1.416776e-04	
4.302936e-03	1.331348e-04	
4.685439e-03	5.348464e-05	
3.041727e-03	6.876826e-05	
8.991179e-04	3.566284e-05	
3.236597e-03	4.670321e-05	
1.766564e-03	7.297796e-05	
4.190308e-03	3.608655e-06	
4.496556e-03	2.422084e-05	
4.333272e-03	1.032379e-04	
4.125491e-03	1.124811e-04	
3.074849e-03	1.343220e-04	
4.922889e-03	1.861918e-04	
5.838944e-03	2.838281e-04	
8.520941e-03	2.448478e-04	
2.020927e-03	1.218915e-04	
4.646171e-03	8.297010e-05	
5.582197e-03	7.561187e-05	
9.264136e-04	1.810925e-05	
3.691717e-03	7.557244e-05	
1.695673e-03	3.105262e-05	
4.310772e-03	1.683215e-05	
9.935005e-03	5.902135e-05	
5.905365e-03	8.414774e-05	
1.899865e-03	6.548290e-05	
1.027958e-03	9.333246e-05	
3.187905e-03	7.531601e-05	
6.223331e-03	9.416395e-05	
4.786964e-03	8.143650e-05	
3.554705e-03	9.557296e-05	
6.089019e-03	4.228599e-05	
1.698501e-03	9.747054e-05	
3.255043e-03	8.382269e-05	
3.984716e-03	7.657955e-05	
3.757794e-03	9.594727e-05	
2.949742e-03	1.248390e-04	
2.361826e-03	1.047543e-04	
4.243479e-03	9.312718e-05	
5.036247e-03	1.247785e-04	
6.563443e-03	6.448522e-05	
5.523671e-03	3.144197e-05	
3.098859e-03	2.707664e-05	
5.657087e-03	6.994853e-05	
1.214902e-03	9.452618e-05	
5.589923e-03	8.254231e-05	
1.647237e-03	8.050259e-05	
5.845712e-03	9.013549e-05	
3.417553e-03	1.506642e-04	
3.637654e-03	1.758368e-04	
2.452112e-03	1.229857e-04	
1.179939e-03	1.661639e-04	
6.034109e-03	4.199923e-04	
3.185025e-03	1.793108e-04	
1.603157e-03	2.530887e-05	
6.288021e-03	2.293955e-04	
4.449752e-03	1.847914e-04	
6.227483e-03	4.841555e-05	
3.022200e-03	5.634355e-05	
3.479936e-03	4.333648e-05	
5.092938e-03	1.395667e-04	
6.484320e-03	7.772058e-05	
4.295623e-03	6.175661e-05	
5.069060e-03	2.790405e-05	
9.302649e-03	2.335308e-05	
8.021491e-03	6.472565e-05	
6.269180e-03	6.985436e-05	
4.835127e-03	8.763648e-05	
6.823737e-03	6.301291e-05	
1.394412e-03	5.995898e-06	
8.375841e-04	8.255625e-05	
2.720352e-03	9.548477e-05	
4.635609e-03	1.090978e-04	
5.565934e-03	7.994546e-05	
4.141351e-03	6.873561e-05	
7.640157e-03	1.166477e-04	
2.945519e-03	8.828628e-05	
1.758346e-03	1.269703e-04	
5.268809e-03	1.009345e-04	
3.649535e-03	8.543781e-05	
3.383967e-03	5.962020e-05	
5.881493e-03	4.780711e-05	
7.536606e-03	9.873521e-05	
9.576312e-04	6.957113e-05	
3.864740e-03	1.087341e-04	
1.721091e-03	1.005546e-04	
2.615619e-03	1.406805e-04	
8.450154e-03	2.204711e-04	
2.788288e-03	1.224872e-04	
5.679391e-03	9.601896e-05	
6.621627e-03	3.842028e-04	
5.108340e-04	3.313533e-04	
3.905456e-03	9.765581e-05	
4.228797e-03	1.951628e-04	
4.837567e-03	1.171616e-04	
1.816979e-03	9.190396e-05	
3.697813e-03	7.874854e-05	
3.530489e-03	1.331662e-04	
9.031552e-04	1.353299e-04	
4.519113e-03	9.868071e-05	
6.523511e-03	1.049330e-04	
5.805470e-03	1.215343e-04	
7.693725e-03	1.090198e-04	
6.587974e-03	1.090070e-04	
6.255519e-03	8.355191e-05	
1.553423e-03	8.858354e-05	
2.574251e-03	9.972746e-05	
6.225464e-03	3.797351e-05	
2.302922e-03	3.536373e-05	
3.209714e-03	7.796560e-05	
2.711260e-03	9.599312e-05	
3.341021e-03	9.665364e-05	
4.655425e-03	5.703717e-05	
4.815275e-03	3.791487e-05	
7.859464e-03	9.138368e-05	
3.326606e-03	6.269473e-05	
6.035008e-03	3.605996e-05	
2.821249e-03	1.034733e-04	
2.888651e-03	8.567202e-05	
4.464631e-03	6.990511e-05	
3.463281e-03	1.109048e-04	
1.646144e-03	1.278717e-04	
6.276071e-03	1.201446e-04	
1.169555e-03	1.446694e-04	
5.296970e-03	8.739402e-05	
4.699588e-03	2.061480e-04	
3.884813e-03	2.502357e-04	
9.420704e-03	2.462227e-04	
4.580089e-03	3.667313e-04	
5.405721e-03	1.381800e-04	
4.355917e-03	1.881822e-04	
5.965430e-03	2.634515e-04	
3.318703e-03	1.021477e-04	
1.482254e-03	8.715456e-05	
1.463622e-03	8.749302e-05	
2.595584e-03	3.909150e-05	
3.502038e-03	1.289714e-04	
4.727279e-03	8.464001e-05	
5.309336e-03	7.407700e-05	
4.606157e-03	6.329588e-05	
3.523737e-03	1.030068e-04	
2.043630e-03	9.144621e-05	
3.962038e-03	9.649998e-05	
4.176777e-03	1.111482e-04	
8.312589e-03	1.178293e-04	
3.731594e-03	1.207271e-04	
4.391001e-03	8.040687e-05	
2.056053e-03	1.101556e-04	
3.415329e-03	1.102435e-04	
5.457686e-03	8.378714e-05	
4.954637e-03	8.320938e-05	
5.069512e-03	9.431532e-05	
9.724831e-03	9.842607e-05	
5.453683e-03	1.215547e-04	
7.733313e-03	1.204124e-04	
4.669277e-03	1.010214e-04	
3.909414e-03	1.122249e-04	
5.920668e-03	7.701540e-05	
3.867012e-03	9.455676e-05	
2.519017e-03	1.210750e-04	
3.463955e-03	1.552616e-04	
3.630637e-03	1.527023e-04	
1.636410e-03	1.239810e-04	
5.483153e-03	1.873912e-04	
3.124767e-03	2.372315e-04	
6.592098e-03	2.493771e-04	
1.499615e-03	2.730179e-04	
3.300085e-03	2.254337e-04	
1.474676e-03	1.407000e-04	
1.755778e-03	1.149436e-04	
1.231138e-03	1.154346e-04	
3.894779e-03	1.138280e-04	
2.465499e-03	8.212345e-05	
8.105627e-03	6.517288e-05	
6.131647e-03	5.326068e-05	
1.016664e-03	1.036028e-04	
1.466768e-03	9.505010e-05	
1.344433e-03	5.445999e-05	
3.663423e-03	5.646108e-05	
3.520562e-03	7.054405e-05	
5.242274e-03	9.402281e-05	
3.235156e-03	9.641129e-05	
4.357426e-03	9.883517e-05	
3.925535e-03	1.108474e-04	
4.461880e-03	7.470066e-05	
5.871224e-03	6.628296e-05	
1.215334e-03	9.322202e-05	
3.172914e-03	9.392703e-05	
1.826206e-03	8.286830e-05	
4.727547e-03	4.456340e-05	
3.420377e-03	9.420176e-05	
1.083891e-03	9.787654e-05	
5.600042e-03	1.227796e-04	
1.324536e-03	6.908716e-05	
8.248582e-03	1.023452e-04	
3.958321e-03	7.971272e-05	
5.460002e-03	9.558954e-05	
2.576751e-03	1.282430e-04	
4.751905e-03	7.244730e-05	
3.397284e-03	1.679450e-04	
5.210504e-03	1.596110e-04	
2.890576e-03	2.574267e-04	
6.133289e-03	2.615525e-04	
2.285139e-03	1.524546e-04	
1.993889e-03	3.102740e-04	
1.325396e-03	2.618404e-04	
4.123788e-03	8.506906e-05	
7.083394e-03	6.681885e-07	
4.399411e-03	5.951001e-05	
6.524622e-03	1.437437e-05	
2.499230e-03	1.270222e-04	
5.413909e-03	6.027447e-05	
4.891642e-03	6.743267e-05	
3.607902e-03	6.168928e-05	
2.573873e-03	7.762840e-05	
9.552381e-03	9.033657e-05	
1.032239e-03	6.335447e-05	
3.974693e-03	6.564004e-05	
5.177905e-03	6.019707e-05	
3.698412e-03	4.607551e-05	
3.355781e-03	8.255008e-05	
1.684885e-03	5.434811e-05	
3.587417e-03	4.749502e-05	
5.985418e-03	7.440078e-05	
1.530596e-03	8.669224e-05	
3.857313e-03	9.197488e-05	
7.676196e-03	6.181854e-05	
3.222805e-03	6.349178e-05	
4.053387e-03	5.358592e-05	
4.522596e-03	7.358420e-05	
3.763390e-03	9.872988e-05	
7.126859e-03	9.176396e-05	
6.191171e-03	1.601967e-04	
9.291072e-04	1.392754e-04	
4.455443e-03	1.303844e-04	
2.924477e-03	1.042718e-04	
7.139750e-03	7.187649e-05	
2.215270e-03	1.002468e-04	
3.256385e-03	1.578304e-04	
1.381270e-03	1.000003e-04	
1.385253e-03	2.445405e-04	
4.670299e-03	2.746683e-04	
4.878089e-03	3.386254e-04	
3.386151e-03	3.418537e-04	
2.765611e-03	9.153374e-06	
4.501783e-03	2.950601e-05	
1.763676e-03	3.629620e-05	
5.873095e-03	8.226316e-05	
4.223252e-03	3.792683e-05	
3.566273e-03	1.235099e-04	
4.137451e-03	7.511693e-05	
2.530137e-03	1.169738e-04	
2.066529e-03	8.000889e-05	
3.771401e-03	8.390284e-05	
4.205559e-03	6.386676e-05	
4.208328e-03	7.269546e-05	
1.632183e-03	9.465086e-05	
4.306230e-03	5.123766e-05	
4.871641e-03	5.451923e-05	
5.220062e-03	8.310123e-05	
1.740246e-03	9.437172e-05	
6.168017e-03	5.712818e-05	
5.285917e-03	5.527498e-05	
6.889223e-03	6.002817e-05	
6.037281e-03	7.421155e-05	
4.826407e-03	4.227283e-05	
1.820681e-03	7.011967e-05	
4.392572e-03	3.948254e-05	
5.449606e-03	7.732071e-05	
5.860599e-03	8.268492e-05	
4.152429e-03	1.035485e-04	
1.539809e-03	1.151019e-04	
3.845803e-03	1.459779e-04	
1.783793e-03	1.542653e-04	
6.472702e-03	1.209946e-04	
5.594819e-03	8.933563e-05	
4.146587e-03	8.590371e-05	
3.077051e-03	8.427917e-05	
6.222450e-03	2.114003e-04	
3.722858e-03	2.137910e-04	
4.756459e-03	2.984252e-04	
2.221957e-03	4.600053e-05	
2.371667e-03	1.469763e-04	
4.146752e-03	6.619367e-05	
2.350781e-03	1.081467e-04	
4.400184e-03	5.352787e-05	
1.546458e-03	5.948285e-05	
3.533170e-03	5.602908e-05	
3.601250e-03	6.592678e-05	
3.398492e-03	1.049479e-04	
4.687823e-04	1.212004e-04	
3.739637e-03	8.972940e-05	
5.908100e-03	9.186112e-05	
2.639417e-03	1.074875e-04	
4.641946e-04	9.508892e-05	
3.064295e-03	8.080396e-05	
7.016978e-03	8.128695e-05	
7.666657e-04	5.400088e-05	
4.344877e-03	8.684679e-05	
2.838247e-03	9.624012e-05	
5.393603e-03	6.511981e-05	
1.451032e-03	1.213825e-04	
1.815625e-03	9.801435e-05	
3.243991e-03	1.144848e-04	
8.637927e-03	8.242146e-05	
7.623347e-03	6.129708e-05	
1.524345e-03	7.112147e-05	
1.431466e-03	8.372841e-05	
5.601159e-03	8.126213e-05	
5.223800e-03	1.033596e-04	
5.467860e-03	7.053972e-05	
2.340043e-03	1.021728e-04	
3.983614e-04	1.174668e-04	
7.947227e-04	1.356911e-04	
5.460769e-03	1.341860e-04	
5.902767e-03	1.341119e-04	
5.645237e-03	9.100985e-05	
4.051805e-03	1.648667e-04	
1.203795e-03	2.559625e-04	
2.755221e-03	3.122680e-04	
7.263959e-04	6.317843e-05	
6.358566e-03	8.279311e-05	
1.468504e-03	9.752170e-05	
3.907812e-03	5.101577e-05	
3.690394e-03	1.873687e-05	
3.679668e-03	4.526553e-05	
4.287843e-03	6.561693e-05	
2.269352e-03	8.174252e-05	
5.954467e-03	7.978369e-05	
2.068451e-03	8.442066e-05	
4.703452e-03	7.536113e-05	
2.297775e-03	8.686820e-05	
3.497224e-03	7.261598e-05	
2.869657e-03	6.425577e-05	
1.073972e-02	6.387085e-05	
2.686666e-03	5.099254e-05	
1.413906e-03	4.659564e-05	
6.839660e-03	8.375740e-05	
1.759330e-03	5.498756e-05	
3.528364e-03	3.873723e-05	
3.929006e-03	9.703243e-05	
2.310855e-03	6.831064e-05	
4.886441e-03	9.957348e-05	
5.892877e-03	5.883025e-05	
1.984814e-03	9.540619e-05	
3.132377e-03	9.021831e-05	
1.804354e-03	8.447887e-05	
5.037935e-03	7.847113e-05	
4.615423e-03	6.001904e-05	
5.859957e-03	5.689181e-05	
3.309426e-03	5.162507e-05	
4.890618e-03	8.996779e-05	
2.242251e-03	1.181470e-04	
6.766676e-03	1.121721e-06	
5.179357e-03	1.275827e-04	
6.518178e-03	1.602444e-04	
3.222944e-04	3.017703e-04	
5.128260e-03	2.802772e-04	
7.488950e-03	1.238369e-04	
4.575871e-03	8.817282e-05	
2.593360e-03	7.730882e-05	
1.276689e-03	1.611578e-04	
3.629031e-03	8.587617e-06	
5.094226e-03	1.190190e-05	
2.820773e-03	9.324278e-05	
1.656960e-03	5.200097e-05	
3.463888e-03	1.539098e-05	
5.119421e-03	7.733527e-05	
6.928864e-03	7.289100e-05	
4.864410e-03	7.269248e-05	
3.693524e-03	7.469226e-05	
1.013573e-03	8.488790e-05	
6.275030e-03	1.316123e-05	
3.548698e-03	3.357135e-05	
5.417792e-03	5.481172e-05	
5.487967e-03	5.040808e-05	
6.325938e-03	6.021708e-05	
5.236663e-03	4.821196e-05	
3.543746e-03	5.906837e-05	
1.778990e-03	8.036146e-05	
4.476734e-03	4.910122e-05	
1.019855e-03	7.237521e-05	
1.536788e-03	6.308168e-05	
9.198046e-04	7.315211e-05	
6.718618e-03	8.423803e-05	
4.562664e-03	9.151720e-05	
7.658012e-03	4.223971e-05	
6.589554e-03	7.171916e-05	
3.268714e-03	8.295821e-05	
3.580344e-03	1.080821e-04	
7.248637e-03	9.551793e-05	
7.348271e-03	6.642481e-05	
8.210364e-03	5.056389e-05	
1.913275e-03	2.015970e-04	
7.551765e-03	2.067750e-04	
4.478311e-03	3.843107e-05	
4.272142e-03	3.769445e-05	
5.775992e-03	1.539632e-04	
2.811619e-03	9.698041e-05	
3.840224e-03	1.147134e-04	
2.787612e-03	2.900308e-05	
6.114586e-03	2.136560e-06	
5.325148e-03	1.585952e-05	
4.228180e-03	1.047158e-04	
6.461433e-03	9.706849e-05	
8.408163e-03	9.845918e-05	
7.735012e-04	9.826721e-05	
2.532862e-03	6.580647e-05	
7.140120e-03	5.387877e-05	
4.158312e-03	6.517631e-05	
6.963986e-03	3.996079e-05	
5.033946e-03	4.446399e-05	
8.282511e-03	4.928177e-05	
8.056837e-03	4.268572e-05	
4.529836e-03	6.196370e-05	
1.297114e-03	6.235300e-05	
6.644488e-03	5.578123e-05	
3.169068e-03	7.979726e-05	
1.744103e-03	7.444342e-05	
8.617969e-03	6.375871e-05	
5.779908e-03	7.006666e-05	
5.760081e-03	1.043911e-04	
2.445232e-03	1.077342e-04	
4.302522e-03	6.960564e-05	
7.423978e-03	3.442354e-05	
2.428135e-03	7.155885e-05	
3.504303e-03	7.407554e-05	
1.686466e-03	1.114056e-04	
4.192329e-04	9.996633e-05	
2.016402e-03	1.140204e-04	
3.869036e-03	1.838827e-04	
7.783302e-03	9.260066e-05	
4.839764e-03	1.370590e-04	
6.006794e-03	5.537516e-05	
6.086707e-03	1.534089e-04	
1.691477e-03	2.081145e-04	
6.569663e-03	9.925923e-05	
3.527804e-03	1.061645e-04	
1.820132e-03	4.009924e-05	
9.138146e-04	7.200502e-05	
7.649451e-03	7.083615e-05	
4.712937e-03	1.017615e-04	
1.149669e-03	1.163277e-04	
4.263619e-03	4.404482e-05	
4.360647e-03	3.032999e-05	
5.649675e-03	9.002263e-05	
5.240141e-03	8.571867e-05	
4.268499e-03	6.853840e-05	
1.556345e-03	6.869584e-05	
8.847494e-03	6.837640e-05	
4.665491e-03	6.177096e-06	
4.043009e-03	2.581687e-05	
4.911267e-03	3.807481e-05	
2.964629e-03	4.343935e-05	
7.323376e-03	2.573692e-05	
4.987507e-03	4.345101e-05	
7.405356e-03	7.709597e-05	
6.082315e-03	2.769927e-05	
1.631824e-03	6.183970e-05	
3.540635e-03	9.644613e-05	
1.854381e-03	6.065799e-05	
2.620347e-03	6.498455e-05	
5.516516e-03	7.410967e-05	
8.529188e-03	7.228852e-05	
5.056855e-03	3.519594e-05	
2.415280e-03	3.047544e-05	
3.485177e-03	1.086486e-04	
6.021138e-03	1.423098e-04	
3.410804e-03	2.029302e-04	
4.453083e-03	1.721462e-04	
2.222026e-03	1.044288e-04	
2.975131e-03	3.559369e-04	
3.009251e-03	5.477416e-05	
5.028163e-03	2.422372e-04	
4.066828e-03	9.384411e-05	
4.663081e-03	1.386835e-04	
3.525845e-03	5.895444e-05	
4.210413e-03	6.635198e-05	
9.181144e-03	6.105066e-05	
5.156159e-03	1.031147e-04	
1.962895e-03	5.272542e-05	
4.390729e-03	1.086268e-05	
1.391189e-03	4.497304e-05	
1.541093e-03	9.145018e-06	
6.117632e-03	6.999588e-05	
4.358985e-03	6.624267e-05	
8.169158e-04	5.672795e-05	
7.352300e-03	1.606742e-05	
8.499573e-03	2.868958e-05	
6.100260e-03	2.812544e-05	
3.626146e-03	2.127195e-05	
3.576635e-03	3.550710e-05	
5.494104e-03	3.942629e-05	
5.705777e-03	5.998134e-05	
1.801519e-03	4.210083e-05	
2.608404e-03	5.939627e-05	
6.264195e-04	8.393594e-05	
5.695949e-03	8.239322e-05	
1.689550e-03	1.069145e-04	
5.403741e-03	7.148739e-05	
2.665628e-03	6.532660e-05	
1.250757e-03	1.096773e-04	
3.451129e-03	7.062561e-05	
3.675750e-04	1.318514e-04	
1.506476e-03	1.352066e-04	
9.388929e-04	1.326191e-04	
4.003969e-03	2.552773e-04	
5.960685e-03	1.725721e-04	
5.840959e-03	2.208314e-04	
4.755787e-03	3.179642e-04	
3.275231e-03	1.877101e-04	
7.734505e-03	1.495557e-04	
4.321961e-03	9.747869e-05	
5.169864e-03	1.546051e-04	
2.132499e-03	1.843507e-04	
5.421240e-03	1.398489e-04	
1.343196e-03	1.144040e-04	
4.487889e-03	1.312829e-04	
2.912596e-03	4.663075e-05	
5.986437e-03	7.525206e-05	
8.265662e-03	7.337971e-05	
1.438721e-03	4.951186e-05	
5.097726e-03	6.119076e-05	
3.740969e-03	8.312349e-05	
7.083983e-03	3.929305e-05	
3.698764e-03	1.417949e-05	
4.085646e-03	9.427636e-06	
7.136332e-04	6.671802e-05	
4.680217e-03	1.010308e-05	
1.596491e-03	4.771737e-05	
2.223188e-03	2.712053e-05	
1.646118e-03	4.734203e-05	
1.025423e-03	5.488059e-05	
1.995051e-03	6.563218e-05	
2.271596e-03	3.086206e-05	
6.115800e-03	5.827242e-05	
4.393427e-03	9.325609e-05	
5.244762e-03	1.266257e-04	
3.243120e-03	4.903500e-05	
7.958342e-04	6.110514e-05	
5.167751e-03	1.047348e-04	
4.241596e-03	1.585421e-04	
2.687914e-04	1.831236e-04	
5.566166e-03	2.413297e-04	
2.793842e-03	1.282209e-04	
3.871810e-03	1.888029e-04	
2.315923e-03	2.039003e-04	
4.170734e-03	5.550890e-04	
1.522051e-03	2.375720e-04	
3.173822e-03	3.000371e-04	
1.082590e-03	1.667978e-04	
8.203187e-03	1.791937e-04	
3.636146e-03	1.698207e-04	
5.067959e-03	1.258787e-04	
2.304416e-04	1.333714e-04	
5.927516e-03	8.986673e-05	
4.029359e-03	1.116792e-04	
2.579667e-03	9.659829e-05	
3.355938e-03	1.124714e-04	
7.745794e-03	9.503161e-05	
4.368314e-03	7.592528e-05	
1.378233e-03	9.246210e-05	
7.485765e-03	2.687103e-05	
2.117622e-03	2.659882e-05	
1.852896e-03	3.015097e-05	
1.304352e-03	2.713934e-05	
7.720360e-04	1.600482e-05	
3.468586e-03	2.599678e-05	
1.393393e-03	3.421821e-05	
6.608734e-03	2.617191e-05	
1.187234e-02	1.742883e-05	
5.325866e-03	3.919202e-05	
4.935047e-03	2.352444e-05	
2.769116e-03	1.952496e-05	
4.512411e-03	9.415071e-05	
1.153912e-03	6.101692e-05	
2.618444e-03	6.907356e-05	
6.519770e-03	7.123584e-05	
7.336735e-03	9.232846e-05	
3.602836e-03	9.096023e-05	
4.971514e-03	2.169339e-04	
5.887787e-03	4.085850e-05	
3.999892e-03	6.472463e-05	
3.358266e-03	8.612575e-05	
5.214823e-03	2.540193e-04	
1.150927e-03	3.131937e-04	
4.232094e-03	1.074949e-04	
2.212627e-03	2.959823e-04	
2.560176e-03	1.175101e-04	
5.904558e-03	1.625210e-04	
6.371294e-03	1.494372e-04	
7.736307e-04	6.723740e-05	
9.141787e-03	9.270535e-05	
2.651449e-03	1.104151e-04	
4.987040e-03	9.321671e-05	
4.286466e-03	8.778448e-05	
7.099309e-04	9.437421e-05	
2.173226e-03	4.426233e-05	
3.624759e-03	1.046150e-04	
5.274894e-03	4.122437e-05	
5.206680e-03	2.792858e-05	
4.106141e-03	7.514503e-06	
3.726308e-03	3.942131e-06	
4.854631e-03	5.970364e-06	
2.546181e-03	3.269072e-05	
2.931124e-03	3.273486e-05	
2.741122e-03	4.289582e-05	
4.936326e-03	2.958939e-05	
2.657333e-03	8.983384e-05	
6.943021e-03	4.931478e-05	
1.750915e-03	7.769600e-05	
3.788098e-03	6.244510e-05	
2.472061e-03	5.341754e-05	
7.351895e-03	5.898028e-05	
3.018897e-03	5.923655e-05	
2.809598e-03	6.514124e-05	
5.325384e-03	1.618826e-04	
8.247623e-03	1.025944e-04	
5.170551e-03	2.451103e-05	
4.617268e-03	7.792823e-05	
4.690558e-03	6.909588e-05	
4.247164e-03	1.598400e-04	
3.167594e-03	9.943306e-05	
2.276812e-03	3.454417e-04	
7.195828e-03	3.122460e-04	
4.569090e-03	2.474293e-04	
3.431964e-03	2.304625e-04	
8.086464e-03	1.642901e-04	
9.750536e-03	9.399268e-05	
5.230835e-03	9.531401e-05	
7.755671e-03	1.073502e-04	
7.157950e-03	1.617660e-04	
1.658945e-03	1.031038e-04	
2.116990e-03	1.175508e-04	
3.957951e-03	7.023682e-05	
6.032234e-03	6.275031e-05	
5.879421e-03	5.157012e-05	
7.004258e-03	6.002848e-05	
5.525743e-03	1.806982e-05	
4.718794e-03	6.279315e-06	
3.316764e-03	1.125258e-05	
4.675775e-03	2.434450e-05	
1.903385e-03	1.390443e-05	
5.186187e-03	5.599006e-05	
6.835511e-04	1.515482e-05	
1.600294e-03	3.147469e-05	
2.603157e-03	3.999941e-05	
5.994079e-03	5.469862e-05	
5.656683e-03	3.882639e-05	
5.750627e-03	7.219507e-05	
2.965407e-03	6.353272e-05	
6.773415e-03	5.648028e-05	
8.792632e-03	5.000685e-05	
7.100099e-03	6.562480e-05	
9.025208e-04	9.398203e-05	
8.601884e-03	7.350507e-05	
4.809804e-03	4.586741e-05	
6.492714e-03	1.154167e-04	
5.493485e-03	9.109929e-05	
2.442908e-03	2.003035e-05	
3.056777e-03	2.317766e-04	
8.356653e-03	1.472753e-04	
7.552871e-03	3.024713e-04	
2.629569e-03	2.632237e-04	
4.070830e-03	1.358693e-04	
3.429260e-03	2.642610e-05	
7.398723e-03	8.191230e-05	
8.329012e-04	1.899708e-04	
1.065017e-03	1.245427e-04	
6.660854e-03	1.136583e-04	
6.033164e-03	1.234966e-04	
4.831649e-03	1.161153e-04	
4.149792e-03	4.669201e-05	
3.855969e-03	1.712061e-05	
3.600486e-03	9.583120e-05	
2.044105e-03	9.389116e-05	
8.393005e-03	7.667707e-05	
7.795375e-03	6.987016e-05	
3.737067e-03	2.491453e-05	
1.753656e-03	2.124718e-05	
6.036837e-03	4.450358e-05	
8.692364e-04	1.141566e-05	
7.473164e-04	7.579098e-06	
2.425681e-03	9.013445e-06	
4.577045e-03	7.273937e-06	
7.359616e-03	1.216615e-05	
3.990911e-03	4.438179e-06	
7.152924e-03	3.216367e-05	
2.594204e-03	4.205002e-05	
1.676309e-03	6.216177e-05	
2.202614e-03	1.247076e-04	
1.942611e-03	9.040809e-05	
1.479449e-03	7.473388e-05	
6.801775e-03	6.789817e-05	
3.535189e-03	8.915602e-05	
1.502877e-03	2.033971e-04	
2.547257e-03	2.366094e-05	
3.774870e-03	2.870220e-05	
4.452010e-03	3.518573e-04	
4.577337e-03	2.699852e-04	
9.284530e-03	2.246717e-04	
3.149183e-03	1.726988e-04	
2.451417e-03	2.014190e-04	
4.907238e-03	1.772626e-04	
8.123987e-03	1.115269e-04	
3.244753e-03	8.990583e-05	
3.901208e-03	8.787025e-05	
2.998279e-03	8.946030e-05	
2.317017e-03	1.063002e-04	
1.276945e-03	1.193714e-04	
5.346635e-03	2.018111e-05	
5.007973e-03	5.200683e-05	
6.557563e-03	8.855547e-05	
6.887624e-03	1.994969e-05	
4.132395e-03	5.658325e-05	
5.609310e-03	5.832299e-05	
2.922479e-03	3.542224e-05	
4.959300e-03	1.112917e-05	
2.570251e-03	1.484840e-05	
1.627640e-03	1.106476e-05	
4.078391e-03	4.348792e-05	
7.558776e-03	5.375575e-05	
4.297901e-03	4.892470e-05	
6.181327e-03	5.165893e-05	
1.338196e-03	3.216409e-05	
1.524108e-03	4.793905e-05	
3.483223e-03	3.699083e-05	
4.091932e-03	6.419429e-05	
2.883927e-03	1.063525e-04	
3.910088e-03	3.132435e-05	
3.411735e-03	8.700796e-05	
5.124201e-03	8.384611e-05	
3.659285e-03	1.270621e-06	
7.048469e-03	1.049171e-04	
3.712917e-03	1.528649e-04	
2.923642e-03	1.055198e-04	
5.540244e-03	4.104625e-04	
4.924403e-03	4.353956e-04	
2.359754e-03	2.832360e-04	
5.762852e-03	1.940434e-04	
4.568446e-03	1.337152e-04	
5.526416e-03	1.670716e-04	
1.441824e-03	7.406887e-05	
4.235424e-03	3.842090e-05	
3.679501e-03	4.384203e-05	
4.687899e-03	5.010546e-05	
4.700892e-03	1.486408e-04	
4.403330e-03	5.974328e-05	
4.976370e-03	7.297062e-05	
3.200690e-03	8.477630e-05	
4.961896e-03	7.099283e-05	
7.397042e-03	2.689097e-06	
5.281073e-03	2.523209e-05	
2.518323e-03	2.420244e-05	
2.419577e-03	3.564731e-05	
2.773106e-03	3.772316e-05	
4.009103e-03	1.213617e-05	
4.638039e-03	2.566901e-05	
1.229704e-03	4.156408e-05	
6.965594e-03	5.466081e-05	
3.556290e-03	1.098862e-05	
3.665182e-03	5.152553e-05	
2.649175e-03	3.822257e-05	
2.872066e-03	4.790571e-05	
3.529641e-03	4.422839e-05	
3.653504e-03	5.628954e-05	
1.179557e-04	3.116534e-05	
6.860496e-03	4.271582e-05	
1.222890e-03	4.486915e-05	
4.961377e-03	7.728948e-05	
1.720385e-03	1.576894e-05	
3.898371e-03	5.768703e-05	
3.546675e-03	9.548930e-05	
3.801412e-03	5.587464e-05	
5.550815e-03	4.088344e-04	
1.841944e-03	1.470274e-04	
2.490633e-03	3.102709e-04	
5.744207e-03	4.574477e-04	
2.359379e-03	1.502386e-04	
6.080557e-03	6.745387e-05	
4.596134e-03	2.874696e-05	
6.397545e-03	3.786765e-05	
5.122135e-03	1.344020e-04	
2.237847e-03	1.320010e-04	
6.837883e-03	1.151685e-04	
1.061646e-03	5.298044e-05	
3.435724e-03	7.497479e-05	
5.607089e-03	1.111365e-04	
1.940032e-03	4.259465e-05	
3.991916e-03	3.715477e-05	
3.712396e-03	9.556602e-05	
2.580631e-03	7.370385e-05	
7.425225e-03	4.086506e-05	
4.761673e-03	3.885679e-05	
5.792296e-03	1.690035e-05	
4.223836e-03	3.904381e-05	
3.604770e-03	1.122627e-05	
5.092217e-03	4.635606e-05	
2.762519e-03	3.193230e-05	
3.431710e-03	1.778640e-05	
8.402309e-03	4.144396e-05	
1.818293e-03	1.738081e-05	
5.280965e-03	3.994915e-05	
3.278448e-03	4.553857e-05	
2.166527e-03	7.080464e-05	
6.380756e-03	9.685103e-05	
6.604071e-03	7.605453e-05	
9.278737e-03	1.967865e-06	
3.798173e-03	3.776599e-06	
2.164621e-03	2.985113e-05	
6.686466e-03	9.118825e-05	
4.323555e-03	6.776423e-05	
6.820076e-03	2.489889e-04	
1.511027e-03	2.453243e-04	
7.206431e-03	3.494414e-04	
4.884462e-03	4.210197e-04	
7.708769e-03	1.838479e-04	
7.929390e-03	1.702936e-04	
7.456387e-03	5.901380e-05	
1.332387e-03	2.230116e-05	
4.746603e-03	6.387458e-05	
2.015818e-03	1.294656e-04	
5.715152e-03	9.792211e-05	
3.342179e-04	8.136169e-05	
2.484035e-03	9.535441e-05	
8.175557e-03	1.070283e-04	
7.489540e-03	6.840313e-05	
4.603710e-03	5.503496e-05	
4.935489e-03	4.966375e-05	
6.639257e-03	5.485139e-05	
5.755309e-03	5.707628e-05	
4.898991e-03	4.166123e-05	
6.201145e-03	2.940182e-05	
2.110182e-03	5.659673e-05	
4.085935e-03	3.071878e-06	
2.830117e-03	3.355821e-05	
2.839927e-03	4.516423e-05	
3.190857e-03	6.949407e-05	
4.221034e-03	3.958572e-05	
4.026784e-03	3.991353e-05	
2.832371e-03	4.676123e-05	
7.616391e-03	2.961047e-05	
4.622066e-03	2.464938e-05	
4.408923e-03	1.069142e-04	
6.070933e-03	6.270946e-05	
1.875751e-03	6.467302e-05	
1.856464e-03	3.143305e-05	
9.399684e-04	4.462817e-05	
5.745158e-03	8.091023e-05	
7.406968e-03	1.025957e-04	
8.337647e-03	3.028777e-04	
2.938482e-03	2.448234e-04	
7.994167e-04	3.214384e-04	
3.853342e-03	4.392912e-04	
4.304503e-03	1.145888e-04	
1.754471e-03	2.094338e-04	
1.162635e-03	8.002669e-05	
5.082390e-03	9.741777e-05	
2.639863e-03	1.281501e-04	
8.866010e-04	6.388629e-05	
5.065023e-03	4.962185e-05	
1.730985e-03	1.006818e-04	
2.651192e-03	6.991752e-05	
2.887130e-03	8.246278e-05	
3.169382e-03	1.493807e-05	
3.306583e-03	6.185335e-05	
4.868754e-03	5.497109e-05	
7.131759e-03	4.001664e-05	
6.680924e-03	4.717503e-05	
4.492244e-03	4.509865e-05	
2.654068e-03	3.435482e-05	
6.682988e-03	7.629245e-06	
5.386999e-03	1.224960e-05	
6.957645e-04	2.779676e-05	
5.018076e-03	2.170078e-05	
4.509936e-03	9.732612e-06	
7.602452e-03	1.293491e-05	
6.103824e-03	3.992877e-08	
6.507566e-03	4.277312e-05	
4.797239e-03	3.844368e-05	
3.026572e-03	1.893108e-05	
4.873457e-03	2.123815e-05	
3.317770e-03	5.631853e-05	
4.797495e-03	3.822677e-05	
1.830420e-03	4.283261e-05	
5.857448e-03	1.915665e-05	
1.294806e-03	9.136726e-05	
6.019887e-03	6.843686e-05	
7.110058e-03	2.362364e-04	
4.161500e-03	2.965861e-04	
3.036861e-03	3.978735e-04	
5.992577e-03	4.310722e-04	
6.198367e-03	1.823216e-04	
3.430525e-03	1.808076e-04	
2.393757e-03	7.333705e-05	
3.928238e-03	5.743060e-05	
8.350035e-03	1.074894e-04	
2.241252e-03	6.941614e-05	
2.812969e-03	3.365196e-05	
6.146164e-03	2.588701e-05	
5.884529e-03	6.020012e-05	
4.492522e-03	6.633839e-05	
4.797270e-03	7.649587e-06	
2.194148e-03	1.058786e-05	
6.188365e-03	5.544548e-05	
2.001265e-03	1.915655e-05	
5.125249e-03	2.219823e-05	
4.246677e-03	1.005502e-05	
2.963579e-03	1.661587e-05	
3.437835e-03	2.461380e-05	
1.938007e-03	2.769943e-05	
1.662513e-03	9.270811e-06	
3.729628e-03	1.450911e-05	
2.798000e-03	2.529674e-05	
6.812949e-03	4.511389e-05	
3.379419e-03	6.973810e-05	
3.160231e-03	1.950530e-05	
4.889127e-03	3.604817e-05	
3.617887e-03	3.507635e-05	
5.481951e-03	8.971783e-07	
5.627852e-03	7.188288e-05	
3.094961e-03	5.891540e-05	
3.799513e-03	4.061254e-05	
4.405140e-03	4.174419e-05	
7.822298e-04	4.135823e-05	
4.121445e-03	8.412365e-05	
4.483418e-03	2.941314e-04	
4.744732e-03	2.885958e-04	
2.933723e-03	4.884129e-04	
5.511010e-03	3.621955e-04	
2.807190e-03	2.693579e-04	
2.486717e-03	1.903996e-04	
4.424781e-03	8.585322e-05	
6.273898e-04	1.027353e-04	
3.979743e-03	9.994325e-05	
2.924974e-03	2.193852e-05	
2.226299e-03	4.993259e-05	
2.016882e-03	2.403894e-05	
1.766244e-03	2.323639e-05	
4.106787e-03	5.299784e-05	
6.336008e-03	3.757746e-05	
4.155842e-03	3.693730e-05	
5.855817e-03	2.482633e-05	
5.805924e-03	7.011837e-05	
6.499242e-03	4.489704e-05	
2.667383e-03	6.130483e-05	
9.958549e-03	5.332288e-05	
8.312552e-03	6.507363e-05	
5.080671e-03	2.661881e-05	
6.921513e-03	3.452134e-05	
5.563283e-03	2.308777e-05	
7.303472e-03	1.913628e-05	
3.432710e-03	9.025480e-05	
1.997871e-03	5.690460e-05	
7.924719e-03	1.294966e-05	
1.716467e-03	6.068098e-05	
8.159437e-03	4.085286e-05	
1.052487e-03	3.413999e-06	
6.426778e-03	5.687167e-05	
2.435237e-03	4.703713e-05	
3.893192e-03	7.033001e-05	
8.044315e-03	1.495803e-05	
9.909185e-04	4.629833e-05	
2.770966e-03	6.872979e-05	
1.948298e-03	2.700260e-04	
1.907470e-03	2.098456e-04	
5.873082e-03	2.545593e-04	
7.586147e-03	1.511894e-04	
3.377699e-03	2.230193e-04	
2.298762e-03	1.123120e-04	
4.526793e-03	1.008208e-04	
9.406439e-04	1.334714e-04	
2.445446e-03	1.013929e-04	
1.622479e-03	4.814660e-05	
5.828082e-03	1.980495e-05	
4.924168e-04	3.918549e-05	
3.749549e-03	1.766001e-05	
1.586480e-03	1.369678e-05	
2.872314e-03	2.967335e-05	
2.065979e-03	3.327346e-05	
2.718668e-03	4.386096e-06	
6.586371e-03	1.397089e-05	
5.134188e-03	3.384966e-05	
3.291585e-03	6.805946e-05	
1.045838e-03	4.307772e-05	
1.495090e-03	1.825191e-05	
1.958303e-03	1.921229e-05	
6.112724e-03	4.081445e-07	
5.862413e-03	3.302271e-05	
4.361050e-03	1.885620e-05	
7.769515e-03	1.722339e-05	
6.258626e-03	3.638218e-05	
1.570351e-03	1.508376e-05	
5.083023e-03	1.921465e-05	
3.661602e-03	2.922117e-05	
1.264657e-03	2.006837e-05	
7.518118e-04	9.325383e-05	
5.687380e-03	6.589202e-05	
5.492532e-03	2.787648e-06	
1.518345e-03	2.866289e-07	
4.015231e-03	5.731322e-05	
5.745974e-03	1.637389e-04	
3.659262e-03	1.035998e-04	
7.450788e-03	1.911067e-05	
3.209753e-03	3.812367e-04	
5.337902e-03	1.854656e-04	
2.495731e-03	1.661384e-05	
5.322210e-03	1.095826e-04	
4.230813e-03	8.811934e-05	
2.345908e-03	8.449162e-05	
4.515613e-03	5.313682e-05	
3.498411e-03	6.563529e-05	
3.500362e-03	4.359908e-05	
1.777431e-03	7.791080e-05	
1.250520e-03	7.658246e-06	
2.073146e-03	1.845943e-05	
5.794014e-03	3.388301e-06	
2.425339e-03	4.570547e-07	
8.190761e-03	3.378841e-05	
3.303350e-03	2.704055e-06	
5.364677e-03	4.695627e-05	
4.788527e-03	2.865398e-05	
2.333022e-03	3.316983e-05	
5.717166e-03	4.067406e-05	
5.389048e-03	1.693328e-05	
1.579285e-03	1.548820e-05	
3.160148e-03	2.341849e-05	
8.186385e-03	4.656604e-05	
1.587042e-03	3.077380e-05	
1.816319e-03	2.746688e-05	
3.290068e-03	4.729444e-05	
2.365740e-03	1.467133e-05	
6.073994e-03	2.885596e-05	
4.215669e-03	1.699885e-08	
1.258947e-03	8.478185e-05	
1.543056e-03	6.190682e-05	
1.035842e-03	5.317623e-05	
1.035001e-03	5.792194e-05	
3.275347e-03	6.796511e-05	
5.220203e-03	1.139355e-04	
1.267059e-03	2.262634e-04	
5.389492e-03	4.017738e-05	
2.002860e-03	3.679521e-04	
7.084245e-03	4.012106e-05	
7.713988e-03	9.173096e-05	
4.606526e-03	1.724543e-06	
5.087196e-03	1.517817e-04	
7.969154e-03	8.478367e-05	
3.215654e-03	4.299700e-05	
5.133625e-03	4.761448e-05	
1.300604e-03	1.741182e-05	
5.560666e-03	4.535701e-05	
4.731243e-03	3.148325e-05	
3.933659e-03	3.769531e-05	
5.257405e-03	4.022983e-05	
3.717011e-03	5.753689e-05	
5.978148e-03	1.969662e-05	
2.317195e-03	7.347583e-05	
1.625980e-03	5.365000e-05	
2.138040e-03	3.749848e-05	
3.869168e-03	1.694252e-05	
8.505610e-03	4.090882e-05	
4.976348e-03	3.500380e-05	
3.036095e-03	2.077538e-05	
2.254567e-03	1.860240e-05	
3.655138e-03	1.765163e-05	
3.484096e-03	7.452771e-06	
2.247005e-03	1.384591e-05	
4.239636e-03	2.400412e-05	
3.754511e-03	1.012739e-05	
1.045059e-03	3.133409e-05	
5.031494e-03	1.513657e-05	
3.939284e-03	6.978301e-05	
4.959325e-03	2.994544e-05	
1.847492e-03	2.236265e-05	
2.925048e-03	5.861687e-05	
3.206734e-03	3.056984e-05	
2.551863e-03	2.070026e-04	
8.341875e-04	1.906764e-04	
2.556991e-03	2.584367e-04	
3.040927e-03	2.545707e-05	
3.644856e-03	2.331174e-04	
4.441212e-03	3.097133e-05	
1.488521e-03	3.087303e-05	
7.567103e-03	9.073768e-05	
3.122002e-03	1.048822e-04	
3.074648e-03	5.133331e-06	
1.481256e-03	3.955288e-05	
6.760669e-03	3.983526e-05	
1.961701e-03	4.570998e-06	
5.616204e-03	3.057871e-05	
3.711202e-03	3.988171e-05	
3.561421e-03	6.094716e-05	
3.885475e-03	2.880232e-05	
2.262288e-03	1.936260e-05	
5.776669e-03	1.166441e-06	
4.264282e-03	3.794041e-05	
3.461718e-03	3.495966e-05	
1.985649e-03	2.698789e-05	
3.920917e-03	2.750961e-06	
4.966078e-03	1.584487e-05	
7.125879e-03	1.639937e-05	
4.008203e-03	2.001530e-05	
3.442449e-03	1.837210e-05	
3.181785e-03	3.831766e-06	
4.298702e-03	3.082421e-05	
3.613067e-03	2.045939e-06	
1.982646e-03	2.652468e-05	
6.895072e-03	2.393221e-05	
4.941182e-03	1.378330e-05	
3.673929e-03	3.070832e-05	
1.059578e-03	4.904031e-05	
4.997807e-03	4.299615e-05	
2.799999e-03	5.899228e-05	
3.670045e-03	1.029579e-05	
8.182512e-03	1.039770e-04	
4.261213e-03	1.394820e-04	
1.934082e-03	1.859848e-06	
3.827816e-03	1.234981e-04	
2.551263e-03	5.927816e-05	
4.146669e-03	1.479576e-05	
1.492876e-03	7.981463e-05	
6.318292e-03	2.438977e-05	
8.009343e-03	2.879568e-05	
2.705510e-03	4.284534e-05	
3.080880e-03	3.434014e-05	
5.502345e-03	3.494669e-06	
2.540121e-03	4.232024e-05	
3.279760e-03	5.353481e-05	
5.563688e-03	6.083678e-05	
3.706344e-03	4.407156e-06	
4.548296e-03	2.666996e-05	
1.799798e-03	2.154270e-06	
1.331280e-03	5.260336e-06	
5.064311e-03	1.028125e-05	
2.096388e-03	2.935094e-05	
4.643242e-03	1.125231e-05	
5.710378e-03	1.954877e-05	
3.471834e-03	3.392322e-05	
1.938451e-03	3.192893e-05	
5.271241e-03	1.093661e-05	
1.966127e-03	3.390545e-05	
5.423136e-03	4.187665e-05	
3.170673e-03	2.358122e-05	
3.658177e-03	3.269335e-05	
4.035941e-03	5.950561e-05	
2.759509e-03	5.039950e-06	
1.109014e-03	1.716436e-05	
2.633083e-03	2.292025e-05	
6.683582e-03	2.391429e-05	
3.874792e-03	2.048451e-05	
4.457785e-03	3.071546e-05	
7.131487e-03	5.534239e-05	
5.493381e-03	1.382777e-04	
3.329417e-03	1.217445e-04	
8.564327e-04	1.738943e-06	
