3.240958e-01	2.742251e-14	
3.414886e-01	3.927969e-13	
3.820371e-01	4.238832e-13	
3.822996e-01	4.599654e-13	
3.836121e-01	9.425793e-12	
3.856003e-01	2.413625e-13	
3.852393e-01	2.148504e-12	
3.832013e-01	1.014522e-12	
3.835486e-01	3.345324e-12	
3.827011e-01	1.306288e-12	
3.817009e-01	8.035139e-11	
3.804690e-01	3.945733e-13	
4.558827e-01	1.270717e-11	
3.786451e-01	3.509193e-12	
3.797641e-01	6.761036e-12	
3.827678e-01	2.618794e-12	
3.864535e-01	1.612954e-11	
3.883613e-01	8.980594e-13	
3.892479e-01	5.604628e-12	
3.894333e-01	3.589351e-12	
3.887771e-01	3.316514e-11	
3.859282e-01	2.843503e-12	
3.851412e-01	7.748446e-11	
4.623800e-01	6.661338e-13	
3.839624e-01	1.726064e-12	
4.565161e-01	2.900791e-12	
3.822713e-01	2.151834e-12	
4.592331e-01	4.419687e-12	
3.824047e-01	1.636913e-11	
3.846274e-01	6.305179e-12	
3.865424e-01	2.169820e-12	
3.864949e-01	1.079581e-12	
3.858170e-01	1.443867e-11	
3.859027e-01	2.171152e-12	
3.839893e-01	6.340373e-12	
3.852242e-01	3.036460e-13	
3.853471e-01	6.095124e-13	
3.854515e-01	1.512124e-13	
3.434481e-01	1.010303e-13	
3.265681e-01	5.151435e-14	
3.256399e-01	2.226441e-12	
3.443375e-01	2.112780e-12	
3.841158e-01	3.356508e-14	
4.605413e-01	9.276660e-14	
3.854117e-01	6.307854e-14	
3.883138e-01	2.863619e-14	
3.845607e-01	9.728886e-15	
3.867562e-01	9.657202e-15	
3.846070e-01	2.559499e-15	
3.845016e-01	3.800130e-15	
4.591737e-01	2.915237e-15	
3.853427e-01	2.535696e-15	
3.812819e-01	1.023611e-15	
3.835646e-01	8.110983e-16	
4.614727e-01	7.778668e-16	
3.851576e-01	1.503768e-15	
3.855719e-01	1.171404e-15	
3.861252e-01	7.178717e-16	
3.855914e-01	2.267594e-15	
3.849369e-01	9.857022e-16	
3.855701e-01	0	
3.855989e-01	3.968290e-15	
3.862204e-01	2.010041e-15	
3.856569e-01	1.171404e-15	
3.831022e-01	6.015073e-16	
4.574169e-01	6.222934e-16	
3.793639e-01	0	
3.800574e-01	8.530090e-16	
4.548545e-01	7.244846e-16	
3.813115e-01	1.360444e-15	
3.828743e-01	6.333551e-16	
3.860935e-01	1.047068e-15	
4.615534e-01	7.830163e-16	
3.885844e-01	8.980510e-16	
4.635229e-01	5.302998e-16	
3.868270e-01	4.567756e-15	
3.838065e-01	6.982432e-15	
3.845418e-01	1.040309e-13	
3.420062e-01	6.801739e-13	
3.235862e-01	4.726441e-12	
3.439289e-01	6.665779e-13	
3.859411e-01	1.581402e-12	
4.634541e-01	1.981526e-12	
4.655981e-01	1.216804e-12	
3.895894e-01	7.002177e-13	
3.882800e-01	1.196154e-12	
3.867409e-01	3.731238e-12	
3.855399e-01	1.925682e-12	
3.843592e-01	1.623812e-12	
3.847269e-01	1.870948e-12	
3.844215e-01	8.519185e-12	
3.861349e-01	4.180989e-12	
3.876050e-01	2.551515e-12	
3.890555e-01	1.182610e-12	
3.861090e-01	3.677281e-12	
3.883887e-01	7.232326e-11	
3.876610e-01	7.331913e-12	
3.867494e-01	5.373924e-12	
3.858157e-01	4.561862e-11	
3.882405e-01	8.647749e-12	
3.849239e-01	1.134792e-11	
4.588762e-01	5.605161e-11	
3.808848e-01	2.952794e-11	
3.823632e-01	6.400991e-12	
3.829980e-01	3.801959e-12	
3.843311e-01	3.997980e-11	
3.855006e-01	1.850897e-11	
4.618023e-01	1.254996e-11	
3.856109e-01	2.532130e-10	
3.822424e-01	7.701617e-12	
4.575476e-01	1.340794e-11	
3.817506e-01	2.352907e-11	
3.827510e-01	1.995493e-11	
4.583125e-01	5.420331e-12	
3.833165e-01	5.551226e-11	
3.857033e-01	2.023037e-11	
3.859435e-01	1.948441e-12	
3.444489e-01	4.676259e-13	
3.461780e-01	1.254552e-13	
3.829921e-01	1.534550e-12	
4.598496e-01	2.102762e-13	
3.835521e-01	1.428857e-12	
3.835824e-01	3.254064e-12	
3.823494e-01	1.566658e-11	
3.844076e-01	1.232059e-11	
3.832665e-01	4.433343e-12	
3.823528e-01	1.053979e-11	
3.829147e-01	2.653433e-13	
3.830949e-01	6.796785e-13	
3.850974e-01	2.817191e-12	
4.610910e-01	1.422096e-11	
4.603471e-01	6.889600e-12	
3.855065e-01	3.092127e-11	
3.850744e-01	1.128020e-11	
4.593196e-01	1.186828e-12	
3.852275e-01	2.014389e-12	
3.872665e-01	1.220202e-11	
3.874509e-01	2.496092e-11	
4.642064e-01	1.325141e-10	
3.876403e-01	2.490386e-11	
3.863940e-01	3.092859e-12	
4.609303e-01	9.985346e-13	
4.608592e-01	2.780554e-11	
4.602001e-01	1.444178e-12	
3.838803e-01	3.341061e-11	
3.829792e-01	6.809930e-11	
3.827824e-01	2.010347e-11	
4.587154e-01	2.564460e-11	
3.829453e-01	1.108313e-11	
3.830166e-01	9.524936e-12	
4.585681e-01	5.581757e-12	
3.841579e-01	2.185652e-11	
3.815107e-01	2.416445e-11	
4.566116e-01	2.305089e-11	
3.819295e-01	2.906786e-12	
3.421572e-01	9.838574e-12	
3.515370e-01	3.381616e-06	
2.739977e-01	1.331101e-05	
2.626200e-01	1.188677e-05	
3.391301e-01	4.500959e-06	
2.430719e-01	5.338181e-06	
2.795224e-01	2.013426e-05	
2.411279e-01	1.783798e-05	
2.651870e-01	3.590896e-05	
2.619326e-01	3.276623e-05	
3.065052e-01	1.733948e-06	
2.347738e-01	1.946815e-05	
2.745703e-01	3.672033e-05	
2.746286e-01	2.642215e-05	
2.694807e-01	3.251879e-05	
2.636542e-01	3.196045e-05	
2.608797e-01	3.689362e-05	
2.401927e-01	1.466958e-05	
3.161416e-01	3.466019e-06	
2.685642e-01	4.344998e-05	
2.698918e-01	4.152812e-05	
2.395930e-01	2.317894e-05	
3.153512e-01	4.160398e-06	
2.741625e-01	5.030526e-05	
3.254808e-01	1.181627e-05	
2.484613e-01	2.371937e-05	
2.700048e-01	3.991638e-05	
2.703663e-01	4.208371e-05	
2.399799e-01	1.637900e-05	
2.744628e-01	2.291641e-05	
3.249424e-01	1.573939e-05	
2.736470e-01	1.446240e-05	
2.830065e-01	1.672818e-05	
3.499453e-01	7.505785e-07	
3.337157e-01	2.615713e-06	
3.327684e-01	6.779376e-06	
2.715979e-01	1.132834e-05	
2.589677e-01	7.917887e-06	
3.442478e-01	1.025683e-05	
3.130810e-01	2.516689e-05	
7.336321e-02	3.531265e-05	
5.122447e-02	4.051782e-05	
6.945079e-02	2.854643e-05	
6.779681e-02	3.840440e-05	
8.594687e-02	1.511187e-05	
2.813714e-02	4.976755e-05	
6.375935e-02	5.658375e-05	
1.709565e-02	4.526990e-05	
1.433769e-02	3.994847e-05	
5.190239e-02	5.904838e-05	
2.003760e-02	5.443857e-05	
2.576458e-02	6.925687e-05	
2.887415e-02	7.212732e-05	
1.120359e-02	8.070422e-05	
2.720424e-02	6.328197e-05	
5.791714e-02	5.183321e-05	
1.810676e-02	6.819746e-05	
2.876357e-02	6.845398e-05	
5.895749e-02	7.354321e-05	
7.786199e-03	6.613047e-05	
6.592150e-02	4.540067e-05	
5.540123e-02	7.632536e-05	
1.414841e-02	7.444263e-05	
4.402389e-02	6.576842e-05	
1.643770e-02	8.281881e-05	
8.145677e-02	7.531962e-05	
2.839717e-02	6.226213e-05	
5.241282e-02	2.367006e-05	
5.169796e-02	5.324043e-05	
5.260008e-02	4.821859e-05	
2.359273e-02	5.693561e-05	
1.403907e-02	4.956773e-05	
6.950871e-02	4.970276e-05	
7.103869e-02	2.856436e-05	
2.043014e-02	4.029775e-05	
5.508568e-02	2.167544e-05	
2.742549e-01	1.502753e-05	
3.124866e-01	4.075545e-05	
6.659584e-02	4.419224e-05	
8.163496e-02	4.280842e-05	
4.969445e-02	6.202472e-05	
1.125642e-02	6.884449e-05	
6.122986e-02	4.805737e-05	
2.357210e-02	7.248262e-05	
5.030924e-02	7.911087e-05	
2.697102e-02	8.619461e-05	
8.902655e-02	6.859169e-05	
6.698854e-02	8.655858e-05	
5.846899e-02	1.065757e-04	
8.216233e-02	7.507591e-05	
1.705623e-02	9.527784e-05	
5.244453e-02	8.391465e-05	
5.650450e-02	8.828407e-05	
7.578393e-02	7.938569e-05	
2.042527e-02	8.860134e-05	
5.902653e-02	6.464687e-05	
6.428280e-02	9.123291e-05	
1.215340e-02	9.040686e-05	
5.712323e-02	8.703417e-05	
5.699047e-02	1.194250e-04	
6.151221e-02	7.400476e-05	
8.748930e-02	1.113649e-04	
4.700143e-02	9.509053e-05	
6.952589e-02	1.180106e-04	
5.235305e-02	8.869498e-05	
7.280691e-02	6.810562e-05	
9.616775e-02	5.936032e-05	
2.303680e-02	7.803272e-05	
9.119029e-03	7.380658e-05	
6.056934e-02	7.296103e-05	
9.704215e-02	5.856435e-05	
6.766786e-02	6.239065e-05	
6.478746e-02	4.742820e-05	
5.077965e-02	6.207090e-05	
3.263352e-01	4.980207e-05	
2.497929e-01	4.880299e-05	
5.230790e-02	5.261663e-05	
5.083962e-02	6.572058e-05	
6.403923e-02	1.051463e-04	
1.579083e-02	8.736082e-05	
2.361599e-02	8.610416e-05	
8.307151e-02	6.660812e-05	
3.010306e-02	8.785792e-05	
2.767513e-02	9.703776e-05	
6.363742e-02	1.090119e-04	
5.268798e-02	8.655703e-05	
4.390031e-02	1.107974e-04	
2.381997e-02	1.155326e-04	
4.602785e-02	9.302522e-05	
7.181098e-02	9.416126e-05	
2.822526e-02	1.123424e-04	
2.477061e-02	1.089935e-04	
9.701421e-02	1.077022e-04	
2.702231e-02	9.308010e-05	
7.440479e-02	9.696996e-05	
7.073275e-02	8.622686e-05	
6.682117e-02	1.201697e-04	
6.390563e-02	1.079624e-04	
5.811574e-02	1.241956e-04	
7.405129e-02	9.394936e-05	
2.085556e-02	1.106931e-04	
1.767619e-02	1.074646e-04	
7.045105e-02	8.874416e-05	
2.535900e-02	9.642717e-05	
1.549094e-02	1.013381e-04	
7.364552e-02	9.001344e-05	
2.253978e-03	8.314439e-05	
4.902394e-02	8.357847e-05	
4.865412e-02	8.435397e-05	
5.682018e-02	8.211602e-05	
5.647191e-03	7.270552e-05	
2.196927e-02	5.898436e-05	
2.801141e-01	4.611893e-05	
3.168431e-01	7.896553e-05	
1.950868e-02	8.546795e-05	
2.320095e-02	1.052359e-04	
5.769048e-02	9.241414e-05	
8.509675e-02	1.139613e-04	
6.549498e-02	1.338529e-04	
4.961301e-02	1.067370e-04	
7.032348e-02	1.048285e-04	
2.968313e-02	1.235281e-04	
7.972327e-02	1.312609e-04	
1.168475e-02	1.278688e-04	
4.813543e-02	1.271439e-04	
6.387733e-02	1.298351e-04	
8.153989e-02	1.229634e-04	
5.517034e-02	1.227732e-04	
6.506041e-02	1.148804e-04	
6.258204e-02	1.321600e-04	
8.269438e-02	1.040034e-04	
8.289649e-02	1.071806e-04	
1.012145e-01	1.095022e-04	
5.425268e-02	1.119666e-04	
6.325333e-02	1.324686e-04	
6.084340e-02	1.254287e-04	
9.773364e-02	1.156179e-04	
3.656956e-02	1.205563e-04	
3.402001e-02	1.252348e-04	
5.236023e-03	1.145209e-04	
2.413095e-02	1.058436e-04	
4.504600e-02	1.216186e-04	
2.814013e-02	1.109926e-04	
1.114847e-02	1.013172e-04	
5.477114e-02	8.591788e-05	
7.965601e-02	8.647847e-05	
5.348011e-02	8.780878e-05	
4.891958e-02	9.915356e-05	
2.051955e-02	8.847081e-05	
8.326553e-02	1.029678e-04	
2.703953e-01	6.552246e-05	
2.865227e-01	6.508807e-05	
8.008548e-02	1.159522e-04	
5.763476e-02	1.193069e-04	
2.798735e-02	1.209326e-04	
7.242727e-02	1.190101e-04	
5.821166e-02	1.374797e-04	
2.102924e-02	1.279069e-04	
1.676002e-02	1.303674e-04	
5.341161e-02	1.307445e-04	
9.184803e-02	1.441752e-04	
1.921751e-02	1.272236e-04	
7.212425e-02	1.330902e-04	
7.368582e-02	1.385099e-04	
7.766275e-02	1.234616e-04	
8.806715e-03	1.383788e-04	
1.470666e-02	1.372927e-04	
5.218428e-02	1.207714e-04	
2.708296e-02	1.273226e-04	
6.876214e-02	1.378173e-04	
6.057667e-02	1.217822e-04	
1.046413e-02	1.339759e-04	
7.774885e-02	1.161496e-04	
7.455270e-02	1.331022e-04	
9.602969e-02	1.318329e-04	
5.694098e-02	1.290113e-04	
8.015798e-02	1.151386e-04	
6.199342e-02	1.213267e-04	
7.489514e-02	1.120081e-04	
6.795244e-02	1.355438e-04	
3.932500e-02	1.291486e-04	
6.811736e-02	1.054329e-04	
5.897006e-02	1.009814e-04	
7.091030e-02	9.446904e-05	
5.811106e-02	1.180784e-04	
6.993791e-02	1.039866e-04	
5.659802e-02	1.011928e-04	
1.684825e-02	9.544499e-05	
3.249047e-01	9.741222e-05	
2.534266e-01	8.440629e-05	
6.281521e-02	1.253858e-04	
7.700657e-02	1.277220e-04	
1.171926e-02	1.372769e-04	
2.953516e-02	1.346471e-04	
5.457609e-02	1.268631e-04	
4.799773e-02	1.409240e-04	
2.439715e-02	1.379057e-04	
9.938971e-02	1.279456e-04	
6.365994e-02	1.227192e-04	
4.205981e-02	1.469990e-04	
5.466193e-02	1.323613e-04	
3.941339e-02	1.364417e-04	
5.934332e-02	1.508955e-04	
5.496744e-02	1.465709e-04	
2.694434e-02	1.421910e-04	
6.564211e-02	1.282896e-04	
1.700287e-02	1.397383e-04	
6.469545e-02	1.409148e-04	
5.582174e-02	1.282016e-04	
5.820331e-02	1.500737e-04	
8.307263e-02	1.232983e-04	
1.529135e-02	1.313664e-04	
1.635317e-02	1.377291e-04	
6.067025e-02	1.388517e-04	
2.616609e-02	1.208358e-04	
5.001966e-02	1.152121e-04	
7.717679e-02	1.314508e-04	
6.504327e-02	1.063150e-04	
8.113522e-02	1.424988e-04	
7.884765e-02	1.300597e-04	
5.634795e-02	1.352585e-04	
9.214410e-02	1.215499e-04	
2.148196e-02	1.208392e-04	
5.261998e-02	1.108727e-04	
4.295536e-02	1.145031e-04	
3.796971e-02	1.029129e-04	
2.619022e-01	7.901518e-05	
3.131137e-01	1.204538e-04	
5.831118e-02	1.026500e-04	
2.380454e-02	1.124436e-04	
5.091149e-02	1.248951e-04	
8.619136e-02	1.511053e-04	
2.923565e-02	1.381722e-04	
5.766241e-02	1.407591e-04	
7.807545e-02	1.433553e-04	
9.409513e-02	1.357697e-04	
8.947296e-03	1.368818e-04	
6.682541e-02	1.476251e-04	
8.060286e-02	1.321262e-04	
2.877789e-02	1.361381e-04	
5.599723e-02	1.434393e-04	
2.241321e-02	1.481019e-04	
1.874667e-02	1.347522e-04	
5.303736e-02	1.402401e-04	
7.413900e-02	1.382730e-04	
4.603820e-02	1.422273e-04	
7.191204e-02	1.434311e-04	
1.829866e-02	1.301432e-04	
5.949582e-02	1.353048e-04	
1.843689e-02	1.314555e-04	
8.487153e-02	1.425450e-04	
7.920059e-02	1.197789e-04	
6.439750e-02	1.223576e-04	
4.412061e-02	1.255845e-04	
8.807365e-02	1.142912e-04	
5.755607e-02	1.286702e-04	
7.784747e-02	1.211330e-04	
6.821830e-02	1.341755e-04	
7.201279e-02	1.396158e-04	
6.227297e-02	1.460712e-04	
1.660944e-02	1.269330e-04	
7.470545e-02	1.025740e-04	
5.464605e-02	1.033067e-04	
2.430309e-02	1.412191e-04	
3.371755e-01	1.022103e-04	
2.716267e-01	9.327371e-05	
2.379456e-02	1.249053e-04	
2.827182e-02	1.265115e-04	
7.711016e-02	1.374160e-04	
3.585020e-02	1.463929e-04	
8.246607e-02	1.553285e-04	
1.455091e-02	1.549811e-04	
5.317929e-02	1.427900e-04	
4.746215e-02	1.420181e-04	
2.802105e-02	1.483447e-04	
1.932914e-02	1.341848e-04	
2.087506e-02	1.396488e-04	
9.464754e-03	1.385810e-04	
5.557376e-02	1.513344e-04	
1.090526e-01	1.348959e-04	
1.509258e-02	1.384458e-04	
7.841694e-02	1.510575e-04	
7.351936e-02	1.297852e-04	
7.211127e-02	1.358755e-04	
5.773031e-02	1.447009e-04	
2.033842e-02	1.404604e-04	
6.427256e-02	1.476053e-04	
3.034741e-02	1.419233e-04	
9.182799e-03	1.297799e-04	
7.382117e-02	1.193652e-04	
2.512314e-02	1.288352e-04	
5.315916e-02	1.125656e-04	
2.237282e-02	1.263210e-04	
5.369566e-02	1.228783e-04	
6.777478e-02	1.149734e-04	
6.052535e-02	1.362507e-04	
9.916409e-02	1.416063e-04	
1.059905e-01	1.068168e-04	
2.622611e-02	1.173746e-04	
1.008857e-01	1.173033e-04	
4.760711e-02	1.375381e-04	
3.146562e-02	1.423748e-04	
3.147095e-01	1.343388e-04	
2.650488e-01	1.151809e-04	
7.767229e-02	1.502954e-04	
5.710564e-02	1.395835e-04	
1.621588e-02	1.493100e-04	
8.037337e-02	1.368184e-04	
5.792526e-02	1.545404e-04	
1.606006e-02	1.493624e-04	
5.801483e-02	1.520254e-04	
5.697940e-02	1.525982e-04	
8.840293e-02	1.545212e-04	
5.893300e-02	1.373858e-04	
2.949778e-02	1.446286e-04	
7.332959e-02	1.445959e-04	
6.366678e-02	1.407035e-04	
2.343839e-02	1.409674e-04	
1.981444e-02	1.445338e-04	
3.386952e-02	1.395856e-04	
5.132037e-02	1.363987e-04	
1.786054e-02	1.432912e-04	
4.785343e-02	1.440771e-04	
6.717020e-02	1.382910e-04	
6.089112e-02	1.534723e-04	
4.744151e-02	1.452128e-04	
7.886761e-02	1.311600e-04	
6.129199e-02	1.327164e-04	
6.134464e-02	1.303250e-04	
7.976132e-02	1.334200e-04	
4.721001e-02	1.328498e-04	
2.897556e-02	1.373427e-04	
2.843863e-02	1.338828e-04	
5.881836e-02	1.364519e-04	
8.540674e-02	1.181637e-04	
7.974208e-02	1.145930e-04	
2.294584e-02	1.280634e-04	
6.042373e-02	1.558915e-04	
9.820094e-02	1.417961e-04	
3.128892e-02	1.467644e-04	
2.347791e-01	1.272489e-04	
2.786543e-01	1.067576e-04	
6.748554e-02	1.314630e-04	
4.596108e-02	1.479967e-04	
1.392517e-02	1.537042e-04	
2.182621e-02	1.458214e-04	
4.466130e-02	1.287635e-04	
3.087604e-02	1.504744e-04	
6.237662e-02	1.457417e-04	
1.019047e-01	1.703466e-04	
8.016353e-02	1.380194e-04	
3.836882e-02	1.477363e-04	
8.870054e-02	1.464535e-04	
5.635918e-02	1.388033e-04	
5.689811e-02	1.495090e-04	
8.275569e-02	1.400006e-04	
5.289114e-02	1.416448e-04	
7.896514e-02	1.333107e-04	
2.867410e-02	1.475151e-04	
7.637021e-02	1.383688e-04	
5.174443e-02	1.482230e-04	
5.459039e-02	1.442394e-04	
2.518560e-02	1.489446e-04	
9.548653e-02	1.304990e-04	
5.304913e-02	1.431497e-04	
5.653826e-02	1.491688e-04	
6.969350e-02	1.302284e-04	
1.749457e-02	1.406861e-04	
6.900068e-02	1.509223e-04	
6.815979e-02	1.392066e-04	
1.940493e-02	1.341314e-04	
7.306264e-02	1.265619e-04	
4.887904e-02	1.382528e-04	
8.240045e-02	1.142639e-04	
5.096812e-02	1.465631e-04	
5.935407e-02	1.468371e-04	
8.172888e-02	1.662824e-04	
5.641226e-03	1.521866e-04	
2.726179e-01	9.809270e-05	
3.149210e-01	1.734540e-04	
6.103200e-02	1.240298e-04	
1.810851e-02	1.325535e-04	
6.936873e-02	1.367131e-04	
1.928491e-02	1.421527e-04	
5.740455e-02	1.610818e-04	
3.030933e-02	1.428362e-04	
8.914879e-02	1.687885e-04	
2.037356e-02	1.596320e-04	
5.711952e-02	1.415427e-04	
8.791779e-02	1.349682e-04	
1.033364e-02	1.490179e-04	
5.988757e-02	1.487124e-04	
1.800711e-02	1.445978e-04	
8.540230e-02	1.514741e-04	
8.007020e-02	1.290560e-04	
5.392115e-02	1.425680e-04	
7.739431e-02	1.540277e-04	
6.262580e-02	1.548085e-04	
7.906516e-02	1.444550e-04	
2.808364e-02	1.534100e-04	
4.913028e-02	1.376369e-04	
8.771007e-02	1.420388e-04	
5.316802e-02	1.404255e-04	
5.682729e-02	1.574554e-04	
2.018629e-02	1.495064e-04	
9.017762e-02	1.494163e-04	
4.567985e-02	1.509722e-04	
1.414766e-02	1.439326e-04	
6.595962e-02	1.396168e-04	
4.825568e-02	1.226434e-04	
6.439538e-02	1.248983e-04	
5.477109e-02	1.448483e-04	
5.787104e-02	1.206994e-04	
4.079290e-02	1.508024e-04	
1.843056e-02	1.489049e-04	
7.869106e-02	1.561848e-04	
2.808201e-01	1.084244e-04	
2.938895e-01	9.871905e-05	
4.616736e-02	1.343187e-04	
7.114350e-03	1.354179e-04	
5.473672e-02	1.381684e-04	
6.304896e-02	1.519722e-04	
2.652548e-02	1.346968e-04	
1.884123e-02	1.430025e-04	
2.289866e-02	1.517821e-04	
1.977631e-02	1.527482e-04	
8.065418e-02	1.385569e-04	
7.093921e-02	1.498651e-04	
2.629599e-02	1.439309e-04	
7.052463e-02	1.428646e-04	
7.282483e-02	1.514153e-04	
6.115821e-02	1.444452e-04	
6.780140e-02	1.378163e-04	
8.024440e-02	1.379541e-04	
4.582613e-02	1.588815e-04	
7.492091e-02	1.489272e-04	
5.131537e-02	1.559965e-04	
5.877237e-02	1.515843e-04	
9.625055e-03	1.469011e-04	
6.588376e-02	1.445837e-04	
8.755254e-02	1.540455e-04	
8.162257e-02	1.573887e-04	
8.982704e-02	1.623216e-04	
4.570860e-02	1.379107e-04	
7.569512e-03	1.413919e-04	
5.039540e-02	1.479168e-04	
5.024764e-02	1.370033e-04	
5.610975e-02	1.213820e-04	
6.366607e-02	1.343297e-04	
6.353084e-02	1.368323e-04	
2.854457e-02	1.397400e-04	
8.055439e-02	1.480026e-04	
7.107297e-02	1.390055e-04	
4.935527e-02	1.227401e-04	
2.421469e-01	1.272750e-04	
2.589793e-01	1.432582e-04	
7.344959e-02	1.581897e-04	
1.294930e-02	1.430296e-04	
2.664059e-02	1.341898e-04	
6.226142e-02	1.251634e-04	
8.814486e-02	1.304308e-04	
2.770082e-02	1.291992e-04	
4.591445e-02	1.526251e-04	
4.999849e-02	1.386879e-04	
6.395087e-02	1.451388e-04	
2.473555e-02	1.454934e-04	
5.499410e-02	1.329674e-04	
1.124104e-02	1.387579e-04	
7.428900e-02	1.484283e-04	
6.217028e-02	1.498431e-04	
6.145073e-02	1.432712e-04	
9.006142e-02	1.522650e-04	
2.618358e-02	1.459792e-04	
8.402954e-02	1.622719e-04	
5.692056e-02	1.489032e-04	
2.453636e-02	1.509349e-04	
1.395835e-02	1.515487e-04	
8.859300e-02	1.530605e-04	
6.593371e-02	1.444262e-04	
2.152264e-02	1.494556e-04	
7.087281e-02	1.502804e-04	
4.385336e-02	1.445764e-04	
8.157164e-02	1.301032e-04	
4.612032e-02	1.324978e-04	
5.302110e-02	1.294467e-04	
4.392692e-02	1.415098e-04	
1.393276e-02	1.407850e-04	
5.333808e-02	1.431086e-04	
7.174635e-02	1.173292e-04	
9.853224e-02	1.179002e-04	
6.167266e-02	1.428386e-04	
7.843352e-02	1.527476e-04	
3.045449e-01	1.796112e-04	
3.087743e-01	1.891220e-04	
8.869750e-02	1.800636e-04	
6.006936e-02	1.608090e-04	
7.470309e-02	1.176404e-04	
8.090604e-02	1.147555e-04	
7.255777e-02	1.158241e-04	
7.563925e-02	1.307612e-04	
3.827707e-02	1.413972e-04	
8.589676e-02	1.382061e-04	
8.712048e-02	1.434483e-04	
1.072891e-01	1.523696e-04	
6.706950e-02	1.292461e-04	
6.283247e-02	1.331223e-04	
4.278469e-02	1.435521e-04	
4.504547e-02	1.379164e-04	
7.594865e-02	1.577041e-04	
3.288437e-02	1.486963e-04	
5.365424e-02	1.444137e-04	
5.298319e-02	1.407443e-04	
5.796773e-02	1.496965e-04	
6.028833e-02	1.398651e-04	
4.728184e-02	1.457840e-04	
5.589042e-02	1.431726e-04	
5.626586e-02	1.434914e-04	
2.956497e-02	1.401243e-04	
6.858163e-02	1.339465e-04	
6.961423e-02	1.309520e-04	
9.861011e-03	1.340326e-04	
1.740763e-02	1.335007e-04	
2.906795e-02	1.288655e-04	
7.711561e-02	1.308968e-04	
7.988183e-02	1.378658e-04	
5.620255e-02	1.332389e-04	
4.416812e-02	1.578983e-04	
6.306818e-02	1.433610e-04	
1.941430e-02	1.568101e-04	
3.038270e-02	1.541736e-04	
2.889142e-01	9.966359e-05	
2.538571e-01	1.481154e-04	
8.642788e-02	1.697361e-04	
5.305601e-02	1.387663e-04	
5.555367e-02	1.398171e-04	
7.913957e-02	1.193214e-04	
5.845633e-02	1.207037e-04	
1.779918e-02	1.326821e-04	
9.954406e-02	1.389421e-04	
4.632547e-02	1.309803e-04	
6.434399e-02	1.487437e-04	
5.163331e-02	1.412300e-04	
3.251590e-02	1.398846e-04	
1.899429e-02	1.373976e-04	
6.782450e-02	1.412826e-04	
7.408842e-02	1.451280e-04	
6.996182e-02	1.455055e-04	
8.493096e-02	1.440748e-04	
6.456423e-02	1.331266e-04	
5.930182e-03	1.304427e-04	
1.321480e-02	1.315138e-04	
1.592318e-02	1.354034e-04	
2.111359e-02	1.350608e-04	
8.419686e-02	1.277477e-04	
1.163894e-02	1.392393e-04	
5.403956e-02	1.342474e-04	
5.511026e-02	1.417513e-04	
6.110804e-02	1.435322e-04	
5.270712e-02	1.282307e-04	
6.183715e-02	1.308775e-04	
7.005257e-02	1.247419e-04	
4.584994e-02	1.352720e-04	
5.060521e-02	1.461016e-04	
6.088759e-02	1.424087e-04	
2.292945e-02	1.343473e-04	
2.334138e-02	1.481135e-04	
1.927652e-02	1.634084e-04	
2.932881e-02	1.214674e-04	
2.647851e-01	1.274029e-04	
2.779810e-01	1.264486e-04	
6.391970e-02	1.547204e-04	
5.414743e-02	1.373675e-04	
2.337105e-02	1.460036e-04	
8.170373e-02	1.336937e-04	
7.061121e-02	1.349106e-04	
4.656253e-02	1.271692e-04	
6.403717e-02	1.462972e-04	
4.919069e-02	1.274199e-04	
7.367308e-03	1.331960e-04	
5.909576e-02	1.348631e-04	
6.152115e-02	1.378402e-04	
1.231368e-02	1.332076e-04	
1.575853e-02	1.323818e-04	
2.516554e-02	1.373128e-04	
2.658235e-02	1.391629e-04	
1.053631e-02	1.350649e-04	
6.163161e-02	1.201168e-04	
3.213735e-02	1.294656e-04	
1.889672e-02	1.264940e-04	
8.576778e-02	1.202023e-04	
8.241077e-02	1.198949e-04	
8.912706e-03	1.317274e-04	
5.239915e-02	1.340345e-04	
7.313202e-02	1.394625e-04	
5.643661e-02	1.282179e-04	
1.885348e-02	1.364407e-04	
5.835353e-02	1.415951e-04	
1.116784e-02	1.290810e-04	
9.407438e-02	1.320133e-04	
5.915450e-02	1.237735e-04	
5.042684e-02	1.316472e-04	
5.301445e-02	1.386715e-04	
8.478874e-02	1.387947e-04	
9.446362e-02	1.488617e-04	
5.622343e-02	1.393755e-04	
9.374803e-02	1.789089e-04	
2.602833e-01	1.203862e-04	
3.202007e-01	1.968074e-04	
5.647770e-02	1.720679e-04	
5.285824e-02	1.609892e-04	
5.305495e-02	1.303200e-04	
8.204219e-02	1.501462e-04	
9.323105e-02	1.182536e-04	
7.340481e-02	1.420932e-04	
8.989941e-02	1.197529e-04	
6.766768e-02	1.300555e-04	
4.836319e-02	1.225600e-04	
3.441348e-02	1.302428e-04	
6.921728e-02	1.337881e-04	
8.460700e-02	1.387408e-04	
6.839427e-02	1.238212e-04	
6.422659e-02	1.393203e-04	
4.158526e-02	1.322799e-04	
6.496402e-02	1.302272e-04	
8.253770e-02	1.204871e-04	
2.898492e-02	1.264719e-04	
2.293631e-02	1.254595e-04	
8.388051e-02	1.159778e-04	
7.385159e-02	1.174896e-04	
5.977071e-02	1.256154e-04	
2.402293e-02	1.314009e-04	
1.664627e-02	1.286736e-04	
8.835508e-02	1.328590e-04	
6.396795e-02	1.365436e-04	
5.702695e-02	1.253572e-04	
1.167097e-02	1.304624e-04	
2.453049e-02	1.299423e-04	
5.627338e-02	1.322347e-04	
5.674717e-02	1.236330e-04	
4.866978e-02	1.391533e-04	
2.858461e-02	1.446709e-04	
4.355481e-02	1.446787e-04	
1.443617e-02	1.550591e-04	
3.397464e-02	1.472417e-04	
2.425865e-01	1.378338e-04	
3.182923e-01	2.080352e-04	
5.888988e-02	1.455648e-04	
7.289616e-02	1.600928e-04	
4.768838e-02	1.348035e-04	
5.480352e-02	1.306407e-04	
9.687764e-02	1.208196e-04	
2.123136e-02	1.260422e-04	
5.406980e-02	1.363562e-04	
8.418973e-02	1.391524e-04	
4.827426e-02	1.378968e-04	
5.130074e-02	1.321770e-04	
5.272352e-02	1.219122e-04	
9.998467e-02	1.149162e-04	
6.763901e-02	1.178247e-04	
2.432937e-02	1.213995e-04	
5.778933e-02	1.259830e-04	
5.407298e-02	1.208689e-04	
3.210898e-02	1.243634e-04	
8.086375e-02	1.130251e-04	
5.089271e-02	1.209263e-04	
6.218704e-02	1.168468e-04	
1.495837e-02	1.203986e-04	
6.447760e-02	1.305442e-04	
3.008675e-02	1.239790e-04	
6.085888e-02	1.303179e-04	
2.818502e-02	1.245059e-04	
7.565724e-02	1.171267e-04	
5.661237e-02	1.332924e-04	
4.837762e-02	1.195490e-04	
6.428832e-02	1.221101e-04	
1.971249e-02	1.231240e-04	
7.335566e-02	1.298949e-04	
5.791430e-02	1.456202e-04	
5.699909e-02	1.133091e-04	
8.522482e-02	1.027512e-04	
2.641095e-02	1.459215e-04	
5.728982e-02	1.575826e-04	
3.096287e-01	1.551969e-04	
2.732068e-01	1.444370e-04	
5.397766e-02	1.775868e-04	
6.178410e-02	1.401936e-04	
7.768364e-02	1.350625e-04	
9.015964e-02	1.263138e-04	
8.033663e-02	1.395847e-04	
1.867592e-02	1.354332e-04	
5.965618e-02	1.246587e-04	
8.492092e-02	1.283358e-04	
2.746227e-02	1.259990e-04	
6.373998e-02	1.119146e-04	
1.514547e-02	1.205834e-04	
1.340139e-02	1.175148e-04	
7.292293e-02	1.136454e-04	
3.041499e-02	1.225391e-04	
8.789264e-02	1.113046e-04	
6.636384e-02	1.153274e-04	
5.772666e-02	1.230363e-04	
5.393351e-02	1.162646e-04	
1.342851e-02	1.103300e-04	
5.142422e-02	1.235444e-04	
5.039985e-02	1.251974e-04	
6.264673e-02	1.116142e-04	
6.308236e-02	1.158731e-04	
3.175095e-02	1.251757e-04	
1.072263e-01	1.238393e-04	
6.538323e-02	1.151993e-04	
5.232730e-02	1.185529e-04	
6.626718e-02	1.320927e-04	
2.907581e-02	1.152039e-04	
7.289216e-02	1.265621e-04	
7.250135e-02	1.117659e-04	
3.619421e-02	1.157004e-04	
4.603298e-02	1.063576e-04	
2.193326e-02	1.101896e-04	
6.932881e-02	1.361735e-04	
7.160836e-02	1.732301e-04	
2.339097e-01	1.328103e-04	
2.706784e-01	1.313933e-04	
6.563145e-02	1.312428e-04	
2.954415e-02	1.399681e-04	
1.661055e-02	1.391696e-04	
1.137798e-02	1.328186e-04	
5.572793e-02	1.407471e-04	
6.472379e-02	1.395190e-04	
5.467300e-02	1.335541e-04	
3.641691e-02	1.255607e-04	
7.371877e-02	1.081842e-04	
1.432978e-02	1.220186e-04	
6.184495e-02	1.157475e-04	
7.221838e-02	1.157731e-04	
5.362647e-02	1.228333e-04	
1.706499e-02	1.127499e-04	
5.981564e-02	1.059541e-04	
2.701630e-03	1.126403e-04	
5.351009e-02	1.213938e-04	
1.287609e-02	1.153488e-04	
4.542038e-02	1.075017e-04	
8.236776e-02	1.230665e-04	
4.748833e-02	1.269963e-04	
7.776739e-02	1.090573e-04	
7.134446e-02	1.119607e-04	
5.154989e-02	1.164012e-04	
4.715067e-02	1.185121e-04	
5.666945e-02	1.160810e-04	
4.967276e-02	1.257237e-04	
5.973639e-02	1.118004e-04	
6.577833e-02	1.180737e-04	
5.587791e-02	1.063441e-04	
1.413724e-02	1.086229e-04	
2.159534e-02	1.177046e-04	
1.276929e-02	1.199779e-04	
5.048728e-02	1.041689e-04	
4.828968e-02	1.289590e-04	
1.865921e-02	1.337042e-04	
2.431299e-01	1.300583e-04	
2.478231e-01	1.638528e-04	
6.247682e-02	1.402561e-04	
4.852636e-02	1.100895e-04	
2.348948e-03	1.282684e-04	
2.945671e-02	1.404319e-04	
5.781586e-02	1.287104e-04	
8.252436e-03	1.353265e-04	
3.589860e-02	1.314886e-04	
2.972663e-02	1.242537e-04	
5.749551e-02	1.207002e-04	
2.013466e-02	1.182519e-04	
6.817654e-02	1.172568e-04	
7.279746e-02	1.135125e-04	
3.250278e-02	1.116535e-04	
1.623100e-02	1.052694e-04	
6.599951e-02	1.027855e-04	
7.295989e-02	1.071457e-04	
6.885999e-02	1.051020e-04	
5.022114e-02	1.161482e-04	
5.167888e-02	1.083288e-04	
7.419208e-02	1.153863e-04	
4.424189e-02	1.096675e-04	
1.191064e-02	1.102362e-04	
2.261925e-02	1.141064e-04	
7.692488e-02	1.089381e-04	
6.999652e-02	1.034169e-04	
4.757578e-02	1.153597e-04	
6.573877e-02	1.048313e-04	
6.402661e-02	1.107148e-04	
3.226989e-02	1.060540e-04	
5.124950e-02	1.102483e-04	
9.781322e-02	1.052784e-04	
5.441284e-02	1.036761e-04	
1.085607e-01	1.056681e-04	
4.422736e-02	1.348465e-04	
9.475743e-02	1.595190e-04	
5.784184e-02	1.695573e-04	
2.593731e-01	1.163124e-04	
2.760134e-01	1.268115e-04	
1.990817e-02	1.216204e-04	
2.673370e-03	1.282005e-04	
5.633096e-02	1.296600e-04	
3.026733e-02	1.228001e-04	
9.293950e-02	1.419039e-04	
4.623202e-02	1.248580e-04	
5.732986e-02	1.150809e-04	
8.552758e-02	1.117476e-04	
3.350709e-02	1.073580e-04	
5.576357e-02	1.117798e-04	
5.830531e-02	1.100703e-04	
2.924434e-02	1.085624e-04	
5.654714e-02	1.053539e-04	
6.699251e-02	9.600415e-05	
4.988748e-02	1.015218e-04	
6.039320e-02	9.659458e-05	
2.769869e-02	9.946887e-05	
7.874942e-02	1.064795e-04	
5.224652e-02	1.016217e-04	
1.485722e-02	1.026944e-04	
5.831232e-02	9.970485e-05	
8.751219e-02	1.109835e-04	
2.763757e-02	1.064967e-04	
1.796898e-02	1.057785e-04	
6.796981e-02	1.011822e-04	
4.656743e-02	1.091016e-04	
4.747110e-02	9.174103e-05	
3.060386e-02	9.869182e-05	
4.639316e-02	9.536300e-05	
8.250299e-02	9.797350e-05	
6.168315e-02	1.060961e-04	
8.356404e-02	1.200220e-04	
7.388080e-02	1.157063e-04	
6.560847e-03	1.095135e-04	
4.197451e-02	1.454333e-04	
1.755699e-02	1.283543e-04	
2.611478e-01	1.135213e-04	
2.825648e-01	1.283758e-04	
1.920711e-02	1.230516e-04	
4.829464e-02	1.265592e-04	
7.477683e-03	1.236529e-04	
2.196761e-02	1.252156e-04	
1.642446e-02	1.151244e-04	
1.982558e-02	1.084521e-04	
1.675789e-02	1.111563e-04	
2.680012e-02	1.083795e-04	
7.586028e-02	1.189851e-04	
2.288993e-02	1.056532e-04	
5.204325e-02	1.085600e-04	
7.509385e-02	1.040086e-04	
2.463917e-02	9.487706e-05	
3.440019e-02	9.686133e-05	
5.630327e-02	9.369716e-05	
8.540155e-02	9.554301e-05	
3.396676e-02	1.026798e-04	
7.095510e-02	9.627903e-05	
7.355631e-02	1.059322e-04	
6.554769e-02	8.515292e-05	
1.048561e-01	8.871185e-05	
1.366904e-03	9.760881e-05	
6.347056e-02	1.041633e-04	
9.171322e-03	1.004784e-04	
2.118219e-02	9.929853e-05	
5.462391e-02	8.651258e-05	
1.179498e-02	9.303396e-05	
6.917956e-02	8.812516e-05	
5.510541e-02	1.006308e-04	
4.425464e-02	8.538555e-05	
7.839827e-02	9.765551e-05	
1.199733e-02	1.207583e-04	
8.010793e-02	1.160078e-04	
4.630724e-02	1.116395e-04	
4.903370e-02	9.638130e-05	
1.630507e-02	1.079971e-04	
2.574267e-01	9.924427e-05	
2.727007e-01	1.458678e-04	
4.354930e-02	1.144625e-04	
1.036911e-01	1.369772e-04	
6.543219e-02	1.399233e-04	
7.866151e-02	1.072831e-04	
8.841760e-02	1.010157e-04	
6.834892e-02	8.994526e-05	
5.002284e-02	9.261800e-05	
3.057852e-02	1.016575e-04	
5.173338e-02	1.037175e-04	
5.826977e-02	9.217835e-05	
6.137379e-02	8.776666e-05	
6.767608e-02	9.224462e-05	
1.112978e-02	8.615078e-05	
6.788306e-02	8.279971e-05	
5.751397e-02	9.069490e-05	
2.486985e-02	8.898858e-05	
8.477539e-02	9.442186e-05	
6.907090e-02	9.161862e-05	
6.202939e-02	8.834680e-05	
9.030077e-02	7.856450e-05	
5.366733e-02	8.582236e-05	
4.859935e-02	9.314408e-05	
4.111040e-02	9.135249e-05	
5.414207e-02	1.038993e-04	
1.657209e-02	9.096866e-05	
4.529027e-02	9.529617e-05	
7.621501e-02	8.492738e-05	
9.073359e-02	8.159798e-05	
2.920142e-02	9.980596e-05	
6.166949e-02	9.894003e-05	
8.553999e-02	1.011073e-04	
7.033096e-02	1.023203e-04	
2.875560e-02	1.071629e-04	
7.463683e-02	7.857849e-05	
9.683246e-02	8.599243e-05	
2.787500e-02	1.038489e-04	
3.135760e-01	1.635034e-04	
2.628395e-01	1.731223e-04	
6.036755e-02	1.302671e-04	
7.968053e-02	1.483242e-04	
6.113736e-02	1.125959e-04	
6.395868e-02	1.164613e-04	
7.111789e-02	1.028121e-04	
4.270686e-02	9.746740e-05	
5.493625e-02	8.403963e-05	
1.401932e-02	9.464247e-05	
4.956578e-02	8.163376e-05	
6.420216e-02	8.624513e-05	
5.482536e-02	8.786455e-05	
9.639874e-02	8.327823e-05	
9.260740e-02	8.113606e-05	
6.288391e-02	8.198143e-05	
7.242031e-02	7.955772e-05	
5.530207e-02	8.624882e-05	
3.634567e-02	8.915296e-05	
3.251246e-02	9.325307e-05	
5.044826e-02	7.972637e-05	
7.560914e-02	7.826499e-05	
8.324873e-02	8.169636e-05	
1.940637e-02	8.330267e-05	
6.734293e-02	9.293969e-05	
4.154477e-02	8.726960e-05	
7.022460e-02	9.516372e-05	
3.212349e-02	8.392243e-05	
7.902683e-02	8.886098e-05	
7.785059e-02	7.507860e-05	
2.653754e-02	9.466927e-05	
6.998666e-02	1.172248e-04	
6.912191e-02	1.077358e-04	
1.353161e-02	1.113731e-04	
5.516965e-02	1.112514e-04	
6.811047e-02	9.248048e-05	
5.158221e-02	8.150340e-05	
1.653025e-02	1.025574e-04	
2.620343e-01	1.057321e-04	
2.555977e-01	2.046317e-04	
3.314865e-02	1.346273e-04	
6.454871e-02	1.358777e-04	
7.787243e-02	1.040048e-04	
1.782321e-02	1.087892e-04	
9.472455e-02	1.054845e-04	
1.961721e-02	9.284018e-05	
7.574304e-02	8.496060e-05	
7.737586e-02	7.238813e-05	
2.566914e-02	9.090712e-05	
6.158316e-02	8.130590e-05	
7.875791e-02	8.530410e-05	
5.422159e-02	7.688207e-05	
2.191651e-02	7.771880e-05	
9.845657e-02	7.347091e-05	
4.178636e-02	8.458008e-05	
7.862371e-02	8.087783e-05	
7.238999e-02	7.397038e-05	
8.116175e-02	8.664904e-05	
6.111378e-02	7.933076e-05	
8.062362e-02	8.428875e-05	
7.868294e-02	8.711191e-05	
5.235766e-02	7.889677e-05	
7.798246e-02	7.055534e-05	
5.156029e-03	8.121782e-05	
1.823901e-02	8.281657e-05	
8.411445e-02	8.237722e-05	
5.777535e-02	8.109026e-05	
4.872730e-02	9.397365e-05	
5.667254e-02	8.445081e-05	
8.540841e-02	1.048890e-04	
6.343690e-02	1.074769e-04	
7.051539e-02	1.200912e-04	
2.621140e-02	1.155436e-04	
1.562552e-02	1.048698e-04	
1.611210e-02	1.110442e-04	
4.421233e-02	1.204034e-04	
2.684611e-01	1.145745e-04	
2.875157e-01	1.240420e-04	
7.388573e-02	1.719807e-04	
6.202690e-02	1.055223e-04	
9.509399e-03	9.508808e-05	
7.309439e-02	1.009753e-04	
7.107007e-02	9.388893e-05	
8.230172e-02	9.360915e-05	
5.660285e-02	8.459127e-05	
6.488584e-02	7.521084e-05	
5.189772e-02	7.481772e-05	
6.539135e-02	9.109801e-05	
9.570495e-02	8.747962e-05	
5.859563e-02	7.056297e-05	
7.086866e-02	6.697609e-05	
7.739507e-02	7.829916e-05	
5.822147e-02	7.525066e-05	
2.600604e-02	7.518058e-05	
7.417787e-03	7.115452e-05	
6.349164e-02	7.076951e-05	
1.901853e-02	7.749029e-05	
6.998936e-02	8.310947e-05	
2.310060e-02	7.713447e-05	
1.153445e-02	7.530909e-05	
1.042590e-01	6.016191e-05	
6.142785e-02	7.297514e-05	
4.759075e-02	6.817616e-05	
5.535989e-02	7.445832e-05	
5.810739e-02	9.357348e-05	
6.872607e-02	9.708377e-05	
4.998741e-02	8.163847e-05	
6.531772e-02	9.200634e-05	
5.855704e-02	1.022046e-04	
5.802761e-02	1.078155e-04	
2.749159e-02	1.025271e-04	
3.070573e-02	1.093001e-04	
3.194286e-02	1.134319e-04	
2.641951e-02	1.372178e-04	
2.572335e-01	1.438756e-04	
2.455265e-01	1.551139e-04	
6.018318e-02	1.269629e-04	
7.185981e-02	1.317041e-04	
8.417549e-02	1.208004e-04	
8.478490e-02	1.013969e-04	
2.490067e-02	8.225006e-05	
9.104520e-02	7.072413e-05	
7.382510e-02	8.237856e-05	
8.080987e-02	8.877674e-05	
3.327968e-02	7.973917e-05	
6.721667e-02	8.036986e-05	
4.890519e-02	7.241387e-05	
6.580525e-02	7.564653e-05	
8.788412e-02	7.989730e-05	
3.208494e-02	7.419218e-05	
9.326771e-02	7.594861e-05	
8.145542e-02	6.755875e-05	
5.348540e-02	6.608822e-05	
7.991630e-02	6.248478e-05	
6.664242e-02	7.219570e-05	
8.743658e-02	7.552626e-05	
5.719140e-02	7.403744e-05	
6.276123e-02	6.170211e-05	
5.131918e-02	6.879631e-05	
3.416908e-02	6.518892e-05	
1.466044e-02	6.723775e-05	
6.951461e-02	6.429374e-05	
6.863080e-02	6.487632e-05	
7.114889e-02	8.256025e-05	
4.747843e-02	7.478277e-05	
6.273016e-02	8.954606e-05	
7.372664e-02	8.270824e-05	
6.972203e-02	8.195420e-05	
2.466886e-02	9.345629e-05	
7.986656e-02	1.088460e-04	
8.767393e-02	1.330007e-04	
3.702130e-02	1.175708e-04	
2.530761e-01	1.474021e-04	
2.627391e-01	1.328110e-04	
8.836026e-02	1.742441e-04	
5.556836e-02	1.286202e-04	
5.102144e-02	9.744136e-05	
5.035723e-02	7.155946e-05	
9.190289e-02	6.821418e-05	
9.443351e-03	6.744815e-05	
5.486803e-02	7.394324e-05	
6.003507e-02	7.866673e-05	
1.197331e-02	7.053415e-05	
5.494952e-02	7.202752e-05	
5.292689e-02	7.608574e-05	
5.671591e-02	7.561694e-05	
6.174314e-02	6.505785e-05	
5.248677e-02	7.479409e-05	
6.528072e-02	6.087107e-05	
2.755669e-02	6.460892e-05	
5.810987e-02	7.236550e-05	
6.554889e-02	5.600708e-05	
2.496630e-02	6.471172e-05	
4.701251e-02	5.733687e-05	
5.458869e-02	6.653132e-05	
4.964398e-02	6.123028e-05	
5.208049e-02	6.786294e-05	
3.788159e-02	6.254131e-05	
7.714619e-02	6.057379e-05	
5.727879e-02	5.669303e-05	
2.747989e-02	6.209076e-05	
5.482543e-02	6.134773e-05	
5.128686e-02	6.678148e-05	
2.571589e-02	7.055950e-05	
4.952721e-02	8.690409e-05	
8.081371e-02	9.603441e-05	
5.367344e-02	7.497555e-05	
3.701532e-02	8.188295e-05	
4.390577e-02	7.037214e-05	
1.018718e-01	1.574152e-04	
2.689672e-01	1.404605e-04	
2.488993e-01	1.782292e-04	
1.976427e-02	1.292816e-04	
5.344531e-02	6.616083e-05	
6.130931e-02	8.975778e-05	
5.499044e-02	7.961341e-05	
3.213780e-02	6.001182e-05	
6.805406e-02	5.716972e-05	
2.063896e-02	6.430936e-05	
3.535815e-02	6.049647e-05	
6.480942e-02	6.035745e-05	
5.632839e-02	7.112254e-05	
7.540716e-02	6.586439e-05	
7.745551e-02	7.785619e-05	
9.116837e-02	6.768170e-05	
6.312513e-02	5.738018e-05	
5.725669e-02	6.127808e-05	
2.605731e-02	6.149931e-05	
4.983282e-02	6.672285e-05	
3.609347e-02	6.050814e-05	
1.879223e-02	5.851428e-05	
5.258578e-02	5.616281e-05	
1.251549e-02	5.613760e-05	
1.086659e-01	5.464112e-05	
7.257286e-02	6.038261e-05	
2.630309e-02	5.800293e-05	
5.169279e-02	5.206790e-05	
6.229726e-02	4.445896e-05	
1.114931e-01	4.347721e-05	
1.808155e-02	5.880625e-05	
7.260893e-02	6.763205e-05	
5.265705e-02	6.990938e-05	
2.715797e-02	6.512029e-05	
7.374337e-02	6.408145e-05	
4.415472e-02	6.664994e-05	
2.722089e-02	7.171982e-05	
9.034021e-02	1.232086e-04	
2.017993e-02	1.310176e-04	
2.750074e-01	1.331554e-04	
2.630414e-01	1.207984e-04	
2.978116e-02	8.641746e-05	
3.109219e-02	9.233620e-05	
1.340871e-02	8.077992e-05	
9.600673e-02	7.571206e-05	
2.850437e-02	6.810188e-05	
5.561006e-02	5.901610e-05	
4.176024e-02	4.655114e-05	
6.311779e-02	5.491724e-05	
4.971694e-02	4.968223e-05	
2.640427e-02	6.100609e-05	
8.402850e-02	5.551984e-05	
8.852509e-04	5.971107e-05	
6.175732e-02	5.930660e-05	
1.042390e-01	4.612756e-05	
3.815809e-02	5.023817e-05	
7.223167e-02	5.798229e-05	
8.081079e-02	5.495597e-05	
4.454832e-02	5.993218e-05	
1.613049e-02	5.102874e-05	
7.145118e-02	4.277522e-05	
3.044587e-02	4.777769e-05	
6.465613e-02	5.546747e-05	
3.413384e-02	5.403495e-05	
2.447788e-02	4.831271e-05	
7.918550e-02	4.391609e-05	
4.994912e-02	5.326809e-05	
6.690244e-02	4.090967e-05	
5.111391e-02	4.555377e-05	
6.895258e-02	6.118364e-05	
7.873827e-02	5.789536e-05	
6.189221e-02	6.287450e-05	
9.105203e-02	3.807470e-05	
5.202957e-02	4.789080e-05	
2.733883e-02	6.792051e-05	
6.116845e-02	1.326685e-04	
8.612092e-02	1.311512e-04	
2.417670e-01	1.693967e-04	
2.798477e-01	1.017326e-04	
5.097678e-02	1.021183e-04	
4.878800e-02	1.156020e-04	
6.011679e-02	7.074806e-05	
1.050910e-01	6.841632e-05	
6.857951e-02	4.867795e-05	
1.822444e-02	5.399796e-05	
5.878408e-02	4.735774e-05	
1.371579e-02	4.971085e-05	
6.073974e-02	5.338797e-05	
7.903703e-02	4.634176e-05	
9.746037e-02	4.662789e-05	
6.129392e-02	5.052096e-05	
4.943770e-02	5.330768e-05	
7.792123e-02	3.700445e-05	
6.628789e-02	5.002704e-05	
5.487084e-02	4.034534e-05	
1.703456e-02	4.797799e-05	
6.834787e-02	5.591182e-05	
6.143925e-02	3.930330e-05	
2.790332e-02	4.339232e-05	
6.863786e-02	3.815225e-05	
1.112031e-02	4.895430e-05	
1.331320e-02	4.721406e-05	
2.927876e-02	4.644868e-05	
5.905785e-02	5.084144e-05	
5.392098e-02	5.206472e-05	
5.030260e-02	4.076254e-05	
6.447296e-02	4.214773e-05	
6.153521e-02	4.643433e-05	
6.433026e-02	5.007406e-05	
5.261292e-02	3.695509e-05	
8.883329e-02	5.263637e-05	
6.421962e-02	5.816609e-05	
6.975384e-02	7.304684e-05	
4.879239e-02	5.893133e-05	
6.535705e-02	1.297171e-04	
2.765225e-01	1.051404e-04	
2.581812e-01	1.538259e-04	
1.378613e-02	7.770376e-05	
5.056407e-02	5.449796e-05	
1.715471e-02	6.688735e-05	
6.493803e-02	6.679206e-05	
9.156921e-02	5.926534e-05	
1.142046e-02	4.405846e-05	
1.062792e-02	4.651740e-05	
6.371359e-02	3.135564e-05	
7.758074e-02	5.628518e-05	
1.911110e-03	4.677848e-05	
7.931486e-02	4.699085e-05	
4.713457e-02	4.474727e-05	
8.523670e-02	4.551108e-05	
5.220112e-02	4.307134e-05	
5.963481e-02	3.805120e-05	
7.359896e-02	3.586683e-05	
1.491125e-02	4.764780e-05	
2.507330e-02	4.259527e-05	
1.759577e-02	4.439500e-05	
8.002386e-02	3.416459e-05	
5.217383e-02	3.035908e-05	
7.799741e-02	4.665746e-05	
5.106797e-02	3.936065e-05	
1.748592e-02	4.163597e-05	
5.836896e-02	4.721761e-05	
7.672935e-02	4.579407e-05	
5.123890e-02	4.911188e-05	
1.595879e-02	4.151577e-05	
1.541239e-02	4.215028e-05	
1.660109e-02	3.509153e-05	
2.894604e-02	4.568019e-05	
1.412237e-02	4.147503e-05	
6.671744e-02	5.620964e-05	
4.664465e-02	4.145419e-05	
5.974127e-02	7.165712e-05	
2.452501e-02	7.498953e-05	
2.595011e-01	1.188799e-04	
2.732122e-01	1.047120e-04	
2.836288e-02	9.563273e-05	
7.222396e-02	8.896050e-05	
8.336674e-02	8.874541e-05	
7.466124e-02	7.461261e-05	
5.052839e-02	4.120249e-05	
8.236466e-02	2.221385e-05	
4.678815e-03	3.828693e-05	
7.193268e-02	4.719230e-05	
7.038005e-02	3.872779e-05	
5.990044e-02	3.551647e-05	
8.171225e-02	3.887374e-05	
6.272351e-02	3.052704e-05	
2.683916e-02	3.841615e-05	
5.761518e-02	4.278275e-05	
6.185472e-02	3.540877e-05	
2.778173e-02	4.087881e-05	
7.108862e-02	3.403017e-05	
5.144011e-02	4.152296e-05	
4.434088e-02	3.263710e-05	
7.830743e-02	4.584905e-05	
6.377020e-02	3.063877e-05	
6.243519e-02	3.096333e-05	
2.899674e-02	3.186468e-05	
7.073452e-02	2.811288e-05	
6.140988e-02	3.760832e-05	
2.454273e-02	3.306455e-05	
1.727525e-02	3.256398e-05	
8.008646e-02	4.045930e-05	
5.857667e-02	3.074526e-05	
5.406393e-02	3.536529e-05	
5.067000e-02	2.438185e-05	
6.440258e-02	5.719482e-05	
5.378442e-02	3.955784e-05	
6.409721e-02	2.239627e-05	
8.183853e-03	4.958262e-05	
4.838313e-02	9.613525e-05	
3.279700e-01	1.212122e-04	
3.213070e-01	1.975336e-04	
7.512054e-02	7.594062e-05	
4.354696e-02	4.618436e-05	
8.706116e-02	4.856176e-05	
7.812651e-02	6.814727e-05	
2.542181e-02	4.678161e-05	
5.617505e-02	4.378119e-05	
4.116288e-02	3.003777e-05	
1.786467e-02	2.798750e-05	
6.112071e-02	1.873559e-05	
5.463450e-02	4.494585e-05	
7.309129e-02	3.603066e-05	
2.917835e-02	2.900201e-05	
7.635864e-02	2.779800e-05	
9.247867e-02	4.356497e-05	
5.632055e-02	3.511411e-05	
7.057910e-02	3.566043e-05	
6.326381e-02	3.081944e-05	
7.338590e-02	2.445049e-05	
4.832611e-02	3.462845e-05	
4.753474e-02	3.615338e-05	
4.827353e-02	3.571798e-05	
1.527714e-02	2.731477e-05	
7.540914e-02	2.544148e-05	
7.724186e-02	1.312625e-05	
2.249188e-02	2.773934e-05	
5.848706e-02	3.463755e-05	
7.055079e-02	2.122929e-05	
5.948603e-02	3.251793e-05	
8.591398e-03	2.839635e-05	
9.196299e-03	2.656943e-05	
8.171298e-02	1.307258e-05	
5.780816e-02	3.644028e-05	
5.705533e-02	3.316673e-05	
5.095177e-02	5.857005e-05	
5.306204e-02	1.641163e-05	
6.543741e-02	7.992670e-05	
2.325745e-01	1.315253e-04	
2.696995e-01	8.059010e-05	
1.250558e-02	5.184677e-05	
3.088895e-02	6.176095e-05	
2.690402e-02	4.237879e-05	
1.200794e-02	3.229323e-05	
6.459666e-02	4.594295e-05	
1.626313e-02	3.294386e-05	
5.664695e-02	3.475391e-05	
7.040421e-02	3.994296e-05	
3.059026e-02	2.481689e-05	
4.401483e-02	1.803746e-05	
1.269464e-02	2.680610e-05	
1.257621e-02	2.548963e-05	
4.128164e-02	2.258578e-05	
9.168709e-02	2.815443e-05	
5.859047e-02	3.098920e-05	
8.749990e-02	2.963564e-05	
3.748469e-02	2.364281e-05	
4.516453e-02	2.107754e-05	
5.813084e-02	2.557610e-05	
5.949048e-02	3.405784e-05	
8.381661e-02	3.124555e-05	
1.407207e-02	2.508462e-05	
1.717946e-02	1.927169e-05	
5.812733e-03	1.769325e-05	
1.602477e-02	1.760579e-05	
5.672404e-02	1.800942e-05	
2.884541e-02	1.390117e-05	
6.100095e-02	1.584000e-05	
8.284253e-03	2.184976e-05	
9.306775e-03	2.194603e-05	
4.725707e-02	3.124111e-05	
6.180125e-02	4.007251e-05	
3.190630e-02	3.630341e-05	
6.431996e-02	2.597291e-05	
3.321821e-02	5.397401e-05	
3.066220e-02	6.056428e-05	
2.703586e-01	6.192015e-05	
3.001818e-01	1.091599e-04	
2.806542e-01	5.009953e-05	
3.214159e-01	3.797109e-05	
3.144898e-01	3.273542e-05	
2.523326e-01	2.106622e-05	
2.648443e-01	2.109416e-05	
3.201831e-01	3.869012e-05	
2.755161e-01	1.821251e-05	
2.359062e-01	2.000721e-05	
2.714265e-01	8.067572e-06	
2.500108e-01	1.416538e-05	
2.557347e-01	1.825691e-05	
3.328942e-01	2.044384e-05	
2.920813e-01	1.337396e-05	
2.560843e-01	1.731208e-05	
2.482546e-01	2.106618e-05	
2.787258e-01	1.771606e-05	
2.836727e-01	1.458445e-05	
2.892054e-01	1.322883e-05	
3.245169e-01	2.267875e-05	
2.534842e-01	1.778383e-05	
3.201538e-01	2.425113e-05	
3.380264e-01	1.911762e-05	
2.693465e-01	1.263398e-05	
3.285173e-01	1.860773e-05	
2.572431e-01	1.323580e-05	
2.811936e-01	5.865474e-06	
2.740153e-01	4.229009e-06	
2.503742e-01	1.357823e-05	
2.821703e-01	1.538198e-05	
2.487164e-01	2.060488e-05	
3.108948e-01	1.838321e-05	
2.535725e-01	4.164831e-06	
3.331234e-01	1.083202e-05	
2.415032e-01	3.294611e-05	
2.878663e-01	4.002348e-05	
2.536809e-01	7.407536e-05	
3.040179e-01	9.131316e-05	
