3.247261e-01	9.547918e-14	
3.415265e-01	4.289902e-13	
3.837634e-01	3.153033e-13	
4.592855e-01	3.528844e-12	
3.821048e-01	5.409007e-13	
3.817552e-01	1.207034e-12	
4.578314e-01	1.929568e-13	
3.805039e-01	7.271961e-13	
4.578986e-01	3.323675e-12	
3.829913e-01	8.673062e-13	
3.821239e-01	4.350253e-11	
4.592107e-01	8.808509e-13	
3.853099e-01	5.557776e-13	
3.850964e-01	6.070699e-13	
4.615743e-01	3.105760e-11	
3.886373e-01	5.671019e-13	
4.631765e-01	1.544098e-12	
3.869297e-01	1.152634e-12	
3.840507e-01	6.799450e-12	
3.837956e-01	1.137757e-12	
4.607006e-01	1.015688e-11	
3.849682e-01	7.427392e-13	
3.833615e-01	2.658984e-12	
3.856012e-01	3.460565e-13	
3.863630e-01	1.094236e-12	
3.853395e-01	1.215694e-12	
3.861763e-01	1.849076e-12	
4.625331e-01	1.169398e-12	
4.630995e-01	8.214651e-12	
3.829916e-01	2.500222e-12	
4.580479e-01	2.795097e-12	
4.567590e-01	3.633360e-11	
3.804663e-01	1.506906e-12	
4.545145e-01	2.420730e-12	
3.823127e-01	9.942047e-13	
3.838440e-01	3.952394e-14	
4.618058e-01	1.391109e-13	
4.626706e-01	8.881784e-15	
4.159774e-01	4.529710e-14	
3.282147e-01	8.038015e-14	
3.227248e-01	3.132328e-11	
3.427377e-01	6.259799e-13	
3.831462e-01	6.752628e-13	
3.830248e-01	2.026330e-13	
3.834052e-01	2.305629e-14	
3.865859e-01	6.010065e-14	
3.849880e-01	1.945777e-14	
3.874007e-01	1.657385e-14	
3.868363e-01	4.769975e-15	
3.857916e-01	6.755787e-15	
4.587843e-01	3.498284e-15	
3.810353e-01	9.056057e-16	
3.797136e-01	1.706018e-15	
3.800213e-01	9.733180e-16	
3.814568e-01	2.644747e-15	
3.847175e-01	1.203015e-15	
3.859043e-01	2.928509e-16	
3.852022e-01	1.148595e-15	
3.868934e-01	0	
3.868484e-01	2.675477e-15	
4.605568e-01	1.689775e-15	
3.860731e-01	1.417246e-16	
3.879898e-01	7.178717e-16	
3.863547e-01	4.392763e-16	
3.855699e-01	3.007537e-16	
3.865899e-01	1.866880e-15	
3.856301e-01	1.297757e-15	
3.830329e-01	8.530090e-16	
3.824818e-01	1.267848e-15	
4.580880e-01	1.749142e-15	
4.575224e-01	0	
3.790337e-01	3.490225e-16	
4.570876e-01	3.915082e-16	
3.840845e-01	5.987007e-16	
3.855938e-01	1.944433e-15	
3.847738e-01	6.090342e-15	
3.865194e-01	4.274958e-16	
4.623256e-01	1.075751e-13	
3.442961e-01	3.876049e-12	
3.248670e-01	4.903855e-12	
4.103582e-01	9.903189e-14	
3.787991e-01	6.570300e-13	
3.787827e-01	1.701528e-12	
4.546818e-01	1.238676e-12	
3.776417e-01	1.432410e-12	
4.551166e-01	8.657519e-12	
3.831652e-01	1.907363e-12	
3.830691e-01	2.834843e-12	
3.853911e-01	1.918021e-12	
3.891396e-01	2.531086e-12	
3.900856e-01	3.565870e-11	
3.896775e-01	4.290124e-12	
3.910048e-01	2.618350e-12	
3.904057e-01	4.148015e-12	
3.899336e-01	1.162415e-11	
4.635431e-01	4.052092e-12	
4.629195e-01	2.644551e-13	
3.860510e-01	1.933027e-10	
3.849988e-01	6.433076e-12	
3.816300e-01	4.286349e-12	
3.808506e-01	2.032574e-11	
4.561660e-01	1.992140e-11	
3.798179e-01	4.404144e-12	
4.576702e-01	3.758993e-12	
3.849088e-01	1.373346e-12	
4.624049e-01	7.373879e-12	
3.859897e-01	1.084566e-11	
3.863824e-01	1.654615e-10	
3.840157e-01	1.529998e-11	
3.842225e-01	1.080636e-11	
3.868511e-01	2.552669e-11	
3.886629e-01	2.656098e-11	
4.641831e-01	8.093526e-12	
4.642327e-01	5.411449e-12	
3.859362e-01	9.943713e-11	
3.818429e-01	4.475753e-12	
3.805585e-01	8.407497e-12	
3.394275e-01	1.585354e-11	
4.122152e-01	1.120215e-13	
3.834558e-01	1.638689e-13	
3.838936e-01	1.024514e-12	
3.811610e-01	7.358558e-13	
3.817646e-01	4.532708e-12	
4.607241e-01	2.013500e-12	
3.856310e-01	3.300471e-11	
3.849008e-01	1.263434e-12	
4.631668e-01	1.386669e-12	
3.881474e-01	4.360956e-12	
3.864752e-01	1.242784e-12	
3.867012e-01	5.482503e-12	
3.864329e-01	9.488188e-12	
3.842734e-01	3.406386e-12	
3.824081e-01	8.655299e-12	
3.824052e-01	1.468892e-11	
3.813571e-01	1.407496e-11	
3.812921e-01	2.343459e-12	
4.581554e-01	7.052359e-12	
3.839675e-01	6.530554e-12	
3.841729e-01	2.694467e-11	
4.590847e-01	8.890999e-12	
4.597641e-01	1.381659e-10	
3.854780e-01	1.067924e-11	
3.867513e-01	9.691470e-12	
3.867570e-01	1.014477e-11	
3.878084e-01	2.013834e-11	
3.871877e-01	3.505218e-11	
3.866420e-01	8.709722e-11	
3.854578e-01	8.570922e-12	
3.838940e-01	1.432632e-12	
3.823992e-01	1.916023e-12	
3.828504e-01	5.224576e-11	
3.834350e-01	3.636647e-12	
3.827960e-01	1.366640e-11	
3.839654e-01	6.681211e-12	
3.852972e-01	2.073230e-12	
3.435795e-01	1.897649e-11	
3.953477e-01	8.408138e-06	
2.738959e-01	1.793130e-05	
2.773842e-01	1.962367e-05	
2.577815e-01	2.594235e-05	
2.431793e-01	3.565758e-05	
2.403340e-01	3.428901e-05	
2.659702e-01	4.015971e-05	
2.757743e-01	3.445562e-05	
2.673571e-01	3.589382e-05	
2.429227e-01	3.045476e-05	
3.175877e-01	1.565006e-05	
2.797758e-01	7.108786e-05	
3.117880e-01	3.057739e-05	
3.095842e-01	2.564508e-05	
3.376907e-01	3.331556e-05	
3.127786e-01	6.278855e-07	
3.422639e-01	8.463440e-06	
2.838823e-01	4.386302e-05	
2.457783e-01	2.455586e-05	
2.751436e-01	4.560442e-05	
3.395034e-01	6.528221e-06	
3.123600e-01	2.327236e-06	
3.289888e-01	2.199529e-05	
3.380176e-01	3.893052e-05	
2.420406e-01	3.927172e-05	
2.509617e-01	4.419420e-05	
3.273656e-01	1.891454e-05	
2.762856e-01	4.621804e-05	
2.688844e-01	5.738134e-05	
3.022488e-01	1.331435e-05	
2.744541e-01	5.578393e-05	
2.409833e-01	2.437585e-05	
2.676591e-01	3.280775e-05	
2.711581e-01	2.555943e-05	
2.755828e-01	2.476258e-05	
2.525251e-01	1.387398e-05	
3.072901e-01	1.297880e-05	
3.307600e-01	1.841577e-05	
2.421260e-01	2.585312e-05	
2.094280e-02	4.261407e-05	
4.882170e-03	4.555379e-05	
5.368535e-02	5.892732e-05	
2.145220e-02	6.506240e-05	
2.513748e-02	6.806532e-05	
5.681414e-02	7.230289e-05	
8.730645e-02	5.830154e-05	
1.953224e-02	8.557068e-05	
5.913169e-02	6.171665e-05	
5.970691e-02	8.176168e-05	
7.704839e-02	9.588440e-05	
6.514046e-03	8.953400e-05	
6.543057e-02	9.485231e-05	
4.852990e-02	8.210989e-05	
1.051247e-02	9.682072e-05	
7.496175e-02	7.186529e-05	
7.030805e-02	6.635752e-05	
6.884743e-02	7.921797e-05	
4.464637e-02	9.342534e-05	
5.089414e-02	6.033057e-05	
5.801751e-02	7.233970e-05	
3.357400e-02	7.776598e-05	
3.873526e-02	7.582644e-05	
2.092342e-02	8.161949e-05	
5.712112e-02	5.766194e-05	
6.994494e-02	9.131362e-05	
5.783116e-02	8.426074e-05	
5.923906e-02	8.773407e-05	
4.648081e-02	8.868673e-05	
5.477101e-02	7.117990e-05	
4.506519e-02	7.420839e-05	
2.379768e-02	5.699287e-05	
7.489357e-02	6.424501e-05	
4.826810e-02	4.568140e-05	
5.480478e-02	4.135201e-05	
1.562365e-02	4.546817e-05	
3.305001e-01	3.884066e-05	
2.652293e-01	3.794379e-05	
3.022408e-02	5.527858e-05	
6.114339e-02	7.746666e-05	
4.743044e-02	6.293450e-05	
2.825076e-02	8.461055e-05	
7.111985e-02	1.171446e-04	
3.857766e-02	8.867142e-05	
7.340104e-02	1.260385e-04	
5.911905e-02	9.025349e-05	
7.732224e-02	1.155753e-04	
7.978249e-02	1.347543e-04	
1.488544e-02	1.189988e-04	
5.653076e-02	1.205753e-04	
6.961494e-02	1.442865e-04	
7.510744e-02	1.062154e-04	
6.140494e-02	1.408256e-04	
8.063124e-02	1.278448e-04	
5.084095e-02	9.954799e-05	
6.991291e-02	1.015915e-04	
5.410287e-02	1.344720e-04	
8.916524e-02	1.082341e-04	
5.877713e-02	1.227023e-04	
7.510254e-02	1.122707e-04	
7.800487e-02	1.282529e-04	
5.208661e-02	1.210234e-04	
5.897233e-02	9.772228e-05	
5.466893e-02	1.271114e-04	
6.647100e-02	1.263975e-04	
1.850943e-02	1.047727e-04	
5.474895e-02	1.154501e-04	
4.535378e-02	1.157911e-04	
5.100361e-02	7.755126e-05	
7.747219e-02	9.166069e-05	
5.353883e-02	6.385333e-05	
1.564895e-02	7.485139e-05	
8.822222e-02	8.001453e-05	
5.167039e-02	6.766510e-05	
2.806578e-01	4.893340e-05	
2.812878e-01	5.255757e-05	
1.537666e-02	5.761793e-05	
5.963943e-02	6.466834e-05	
8.507606e-03	9.534775e-05	
1.317184e-02	1.067130e-04	
4.912377e-02	9.955889e-05	
1.641597e-02	1.276913e-04	
2.986381e-02	1.225298e-04	
3.129076e-02	1.276535e-04	
4.977554e-02	1.378559e-04	
5.850497e-02	1.499147e-04	
2.834001e-02	1.328998e-04	
8.564278e-02	1.469297e-04	
5.125145e-02	1.568222e-04	
6.518406e-02	1.545558e-04	
4.122645e-02	1.430698e-04	
5.076841e-02	1.614176e-04	
6.000988e-02	1.426033e-04	
7.094665e-02	1.250396e-04	
1.334636e-02	1.416622e-04	
7.471126e-02	1.588181e-04	
8.563916e-02	1.462292e-04	
5.519210e-02	1.514269e-04	
4.613049e-02	1.533792e-04	
1.570736e-02	1.368037e-04	
2.110121e-02	1.380323e-04	
5.480060e-02	1.634978e-04	
5.484675e-02	1.279755e-04	
1.193637e-02	1.353392e-04	
7.958105e-02	1.433258e-04	
7.250945e-02	1.124813e-04	
5.732370e-02	1.116325e-04	
4.615189e-02	1.106840e-04	
8.506513e-02	9.003806e-05	
1.019100e-01	9.897851e-05	
6.912580e-02	1.036908e-04	
6.810951e-02	1.118720e-04	
2.747978e-01	6.221730e-05	
2.837398e-01	6.004489e-05	
4.207535e-02	7.905956e-05	
2.885816e-02	9.664686e-05	
5.833773e-02	1.157423e-04	
3.314819e-02	1.153840e-04	
4.883496e-02	1.242554e-04	
5.282670e-02	1.185994e-04	
7.971583e-02	1.401560e-04	
5.744130e-02	1.313637e-04	
5.186078e-02	1.430742e-04	
7.186081e-02	1.383399e-04	
3.199958e-02	1.361216e-04	
5.932821e-02	1.396922e-04	
5.135720e-02	1.541210e-04	
7.090025e-02	1.510904e-04	
2.803108e-02	1.623247e-04	
9.818420e-02	1.701709e-04	
6.034757e-02	1.726749e-04	
6.900685e-02	1.629897e-04	
4.814589e-02	1.544070e-04	
7.883717e-02	1.801990e-04	
5.461817e-02	1.702890e-04	
1.342437e-02	1.681470e-04	
2.044708e-02	1.577519e-04	
7.690264e-02	1.463800e-04	
1.056347e-01	1.667449e-04	
9.475996e-03	1.544534e-04	
8.787367e-02	1.663828e-04	
6.515858e-02	1.411641e-04	
3.089146e-02	1.470010e-04	
3.772684e-02	1.410139e-04	
6.025380e-02	1.280857e-04	
6.073543e-02	1.144757e-04	
5.159125e-02	1.164192e-04	
6.252347e-02	1.280946e-04	
8.077257e-02	1.338462e-04	
5.492794e-02	1.093628e-04	
2.734305e-01	7.551991e-05	
2.809025e-01	6.339799e-05	
1.503714e-02	8.221347e-05	
5.372244e-02	8.205857e-05	
5.274278e-02	1.153378e-04	
1.417533e-02	1.198556e-04	
3.916254e-02	1.271691e-04	
8.855949e-02	1.414322e-04	
3.430249e-02	1.343157e-04	
7.046478e-02	1.478341e-04	
5.654929e-02	1.449457e-04	
2.115307e-02	1.395842e-04	
1.398700e-02	1.406624e-04	
6.044580e-02	1.364541e-04	
6.032704e-02	1.503249e-04	
6.098038e-02	1.678914e-04	
5.956572e-02	1.620696e-04	
7.516285e-02	1.655713e-04	
9.948243e-02	1.773400e-04	
9.990754e-02	1.795409e-04	
1.254684e-02	1.732334e-04	
6.934321e-02	1.829998e-04	
8.159443e-02	1.557091e-04	
5.852725e-02	1.793914e-04	
1.357696e-02	1.624429e-04	
4.952967e-02	1.588049e-04	
6.839978e-02	1.736255e-04	
5.152895e-02	1.520192e-04	
1.414638e-02	1.556575e-04	
7.312318e-02	1.381191e-04	
3.352082e-02	1.503333e-04	
1.897389e-02	1.363326e-04	
9.013699e-02	1.314122e-04	
1.788517e-02	1.326994e-04	
5.519696e-02	1.423898e-04	
7.409920e-02	1.452584e-04	
4.937035e-02	1.149418e-04	
6.709538e-02	9.332394e-05	
2.785780e-01	7.792753e-05	
2.699621e-01	7.018928e-05	
2.915491e-02	7.596396e-05	
3.654582e-02	1.062026e-04	
2.489439e-02	1.165377e-04	
6.108738e-02	1.400289e-04	
9.378047e-02	1.407037e-04	
3.265730e-02	1.352091e-04	
6.620130e-02	1.316536e-04	
7.607102e-02	1.179485e-04	
3.432675e-02	1.374249e-04	
2.017332e-02	1.419891e-04	
7.148567e-02	1.351130e-04	
6.551299e-02	1.401585e-04	
1.192293e-02	1.524349e-04	
5.991184e-02	1.659695e-04	
7.831699e-02	1.756000e-04	
6.718096e-02	1.578837e-04	
6.728285e-02	1.613887e-04	
1.059156e-01	1.823565e-04	
1.890854e-02	1.790082e-04	
1.706813e-02	1.673669e-04	
7.875853e-02	1.721237e-04	
3.074206e-02	1.626958e-04	
1.595255e-02	1.618224e-04	
5.455359e-02	1.590576e-04	
6.413159e-02	1.546340e-04	
1.215675e-02	1.544598e-04	
6.273359e-02	1.614651e-04	
5.234299e-02	1.549727e-04	
3.147900e-02	1.428673e-04	
3.656578e-02	1.535193e-04	
7.075240e-02	1.322442e-04	
5.693927e-02	1.357939e-04	
6.908778e-02	1.504949e-04	
6.721566e-02	1.478085e-04	
8.354800e-02	1.569514e-04	
2.762288e-02	1.134911e-04	
2.815365e-01	8.756610e-05	
2.546847e-01	9.601848e-05	
7.690989e-02	1.225388e-04	
4.891554e-02	1.043715e-04	
5.047981e-02	1.198318e-04	
4.824853e-02	1.184577e-04	
2.599373e-02	1.297996e-04	
7.332810e-02	1.316230e-04	
1.824644e-02	1.412222e-04	
2.588605e-02	1.379046e-04	
5.641555e-02	1.308448e-04	
1.812445e-02	1.477242e-04	
6.599847e-02	1.345715e-04	
8.729923e-02	1.583214e-04	
7.193248e-02	1.514015e-04	
6.221041e-02	1.709316e-04	
6.273482e-02	1.635453e-04	
9.360398e-02	1.557045e-04	
1.362051e-02	1.689295e-04	
2.516768e-02	1.727843e-04	
6.889893e-02	1.855949e-04	
2.666620e-02	1.719603e-04	
5.011546e-03	1.726253e-04	
7.153194e-02	1.557572e-04	
1.521270e-02	1.615963e-04	
5.375013e-02	1.719543e-04	
8.770262e-02	1.528715e-04	
9.141862e-02	1.476614e-04	
2.684226e-02	1.602763e-04	
8.236400e-02	1.485612e-04	
8.717078e-02	1.516935e-04	
4.858464e-02	1.422176e-04	
5.059830e-02	1.568391e-04	
1.540823e-02	1.544299e-04	
7.197101e-02	1.310644e-04	
1.520436e-02	1.469892e-04	
8.433300e-03	1.475986e-04	
5.441122e-02	1.347603e-04	
2.501970e-01	1.130837e-04	
3.272665e-01	1.408916e-04	
2.781780e-02	1.224491e-04	
1.530464e-02	1.158120e-04	
6.018065e-02	1.137961e-04	
8.149910e-02	1.347791e-04	
5.039326e-03	1.317349e-04	
1.818898e-02	1.415283e-04	
7.848387e-02	1.340789e-04	
6.193807e-02	1.426006e-04	
8.182764e-02	1.462144e-04	
8.496132e-03	1.476938e-04	
7.552400e-02	1.475453e-04	
9.953483e-02	1.465248e-04	
2.764936e-02	1.563792e-04	
7.554890e-02	1.632174e-04	
2.319921e-02	1.638758e-04	
3.124248e-02	1.682824e-04	
6.363672e-02	1.689051e-04	
5.279384e-02	1.672327e-04	
7.368041e-02	1.657684e-04	
5.769237e-02	1.653071e-04	
7.587006e-02	1.689699e-04	
7.315852e-02	1.507351e-04	
2.768316e-02	1.626143e-04	
5.805064e-02	1.604235e-04	
2.458222e-02	1.569962e-04	
5.637105e-02	1.703653e-04	
9.907495e-02	1.569557e-04	
5.843104e-02	1.606925e-04	
7.083756e-02	1.311265e-04	
7.566313e-02	1.456767e-04	
1.511717e-02	1.480415e-04	
7.856317e-02	1.593307e-04	
5.420298e-02	1.591038e-04	
4.236462e-02	1.434612e-04	
4.319831e-02	1.317449e-04	
6.960951e-02	1.386314e-04	
2.730142e-01	9.359746e-05	
2.847489e-01	9.848257e-05	
6.661384e-02	1.379335e-04	
7.160733e-02	1.265080e-04	
1.140967e-02	1.392653e-04	
9.028369e-02	1.163981e-04	
2.151919e-02	1.393672e-04	
6.077944e-02	1.414075e-04	
3.113788e-02	1.436453e-04	
5.574839e-02	1.571367e-04	
9.796493e-02	1.502328e-04	
1.420631e-02	1.525571e-04	
7.610692e-02	1.566409e-04	
9.513050e-02	1.617096e-04	
6.819870e-02	1.530069e-04	
2.436959e-02	1.610747e-04	
1.279878e-02	1.603435e-04	
5.180711e-02	1.671376e-04	
6.869325e-02	1.626992e-04	
1.088653e-02	1.576967e-04	
3.015338e-02	1.604382e-04	
1.642235e-02	1.592754e-04	
6.536649e-02	1.540081e-04	
7.491741e-02	1.508553e-04	
1.462637e-02	1.583623e-04	
2.858530e-03	1.615034e-04	
7.803397e-02	1.694236e-04	
5.587655e-02	1.544393e-04	
3.157589e-02	1.657246e-04	
1.115058e-02	1.608411e-04	
8.412079e-02	1.554622e-04	
6.020149e-02	1.448547e-04	
6.868305e-02	1.522345e-04	
6.327572e-03	1.506973e-04	
4.501903e-02	1.659903e-04	
7.627331e-02	1.595725e-04	
3.055626e-02	1.586383e-04	
3.403598e-02	1.109773e-04	
2.494821e-01	1.084061e-04	
3.426287e-01	1.427810e-04	
4.698891e-02	1.300195e-04	
6.671899e-02	1.436816e-04	
6.809162e-02	1.405029e-04	
6.101927e-02	1.357901e-04	
7.898707e-02	1.435272e-04	
5.748980e-02	1.568694e-04	
5.675617e-02	1.610622e-04	
8.065029e-02	1.431661e-04	
8.392168e-02	1.640251e-04	
9.600866e-02	1.436764e-04	
6.635188e-02	1.640744e-04	
5.462965e-02	1.558511e-04	
7.805601e-02	1.673776e-04	
2.451006e-02	1.543689e-04	
2.042487e-02	1.549802e-04	
6.176019e-02	1.602201e-04	
7.785219e-02	1.531892e-04	
1.493017e-02	1.515421e-04	
1.557840e-02	1.573142e-04	
4.734561e-02	1.563249e-04	
1.827640e-02	1.572858e-04	
5.289378e-02	1.634436e-04	
6.556678e-02	1.468543e-04	
1.070599e-02	1.578497e-04	
6.379603e-02	1.668952e-04	
6.245811e-02	1.690627e-04	
5.840534e-02	1.507022e-04	
5.533673e-02	1.683708e-04	
6.868540e-02	1.615957e-04	
5.841185e-02	1.631862e-04	
6.289616e-02	1.483230e-04	
6.671618e-02	1.380829e-04	
7.569531e-02	1.527442e-04	
5.821941e-02	1.628032e-04	
4.856016e-02	1.364636e-04	
5.117824e-02	1.720654e-04	
2.637975e-01	9.792714e-05	
3.174571e-01	1.635677e-04	
8.659077e-02	1.638676e-04	
5.771904e-02	1.610753e-04	
7.677126e-02	1.350894e-04	
7.719821e-02	1.411503e-04	
5.988523e-02	1.408602e-04	
5.113039e-02	1.602804e-04	
6.319045e-02	1.582963e-04	
5.480748e-02	1.605799e-04	
7.040468e-02	1.492154e-04	
7.898387e-02	1.521367e-04	
6.328285e-02	1.642152e-04	
4.670104e-02	1.658231e-04	
4.315358e-02	1.529122e-04	
5.217918e-02	1.606614e-04	
4.709602e-02	1.469470e-04	
5.759526e-02	1.558338e-04	
8.664309e-02	1.455431e-04	
5.673918e-02	1.442351e-04	
5.723257e-02	1.502648e-04	
6.043437e-02	1.550284e-04	
2.405001e-02	1.572823e-04	
7.542575e-02	1.645302e-04	
7.599035e-02	1.593322e-04	
3.498657e-02	1.526159e-04	
1.628884e-02	1.610760e-04	
6.991924e-02	1.589738e-04	
6.943505e-02	1.668656e-04	
3.926191e-02	1.536445e-04	
8.596236e-02	1.768612e-04	
6.149866e-02	1.552780e-04	
6.018864e-02	1.554288e-04	
2.131387e-02	1.508636e-04	
7.321804e-02	1.485017e-04	
4.467264e-02	1.381422e-04	
5.072326e-02	1.369174e-04	
5.908049e-02	1.513320e-04	
3.145411e-01	1.667581e-04	
2.451009e-01	1.437452e-04	
1.724301e-02	1.502619e-04	
5.211469e-02	1.578557e-04	
7.309990e-02	1.655696e-04	
5.178972e-02	1.634537e-04	
7.384594e-02	1.625651e-04	
7.996796e-02	1.494939e-04	
6.887249e-02	1.574405e-04	
7.738696e-02	1.488396e-04	
5.971275e-02	1.617075e-04	
5.140148e-02	1.535346e-04	
6.684151e-02	1.594973e-04	
3.645746e-02	1.583637e-04	
5.817823e-02	1.703193e-04	
6.837401e-02	1.469288e-04	
4.997754e-02	1.485686e-04	
5.033541e-02	1.537920e-04	
6.063462e-02	1.440504e-04	
5.919351e-02	1.415170e-04	
7.553945e-02	1.538758e-04	
3.371967e-02	1.471478e-04	
9.001737e-02	1.610597e-04	
4.913667e-02	1.639992e-04	
5.335467e-02	1.480693e-04	
5.957851e-02	1.486912e-04	
5.499707e-02	1.586032e-04	
5.263919e-02	1.552022e-04	
3.965044e-02	1.573800e-04	
7.400135e-02	1.676007e-04	
8.077525e-02	1.614286e-04	
5.881313e-02	1.530626e-04	
3.466648e-02	1.632813e-04	
6.103814e-02	1.578312e-04	
5.338740e-02	1.528186e-04	
7.462269e-02	1.527860e-04	
3.476004e-02	1.430338e-04	
7.393022e-02	1.553386e-04	
3.327227e-01	1.754374e-04	
2.596031e-01	1.346515e-04	
9.366908e-02	1.811424e-04	
8.389251e-02	1.863650e-04	
5.663585e-02	1.544980e-04	
8.260495e-02	1.560006e-04	
1.249316e-02	1.500829e-04	
2.648266e-02	1.559442e-04	
1.130639e-01	1.533275e-04	
9.492253e-02	1.567869e-04	
6.781628e-02	1.461493e-04	
8.090935e-02	1.616735e-04	
3.441662e-02	1.522977e-04	
7.610137e-02	1.501361e-04	
8.492905e-02	1.518226e-04	
7.438789e-02	1.553307e-04	
4.301549e-03	1.505183e-04	
4.663295e-02	1.464050e-04	
4.991148e-02	1.483243e-04	
9.355576e-03	1.469354e-04	
1.869205e-02	1.441121e-04	
2.540235e-02	1.460505e-04	
8.395701e-02	1.331922e-04	
5.109492e-02	1.495109e-04	
6.354244e-02	1.524944e-04	
5.757595e-02	1.494326e-04	
8.339423e-02	1.507062e-04	
4.907586e-02	1.464361e-04	
5.645275e-02	1.573612e-04	
5.864879e-02	1.528279e-04	
4.921904e-02	1.698544e-04	
4.670645e-02	1.567724e-04	
5.095301e-02	1.549017e-04	
8.205292e-02	1.547922e-04	
7.717159e-02	1.742646e-04	
8.158693e-02	1.483302e-04	
7.574817e-02	1.729623e-04	
3.096550e-02	1.822379e-04	
3.306206e-01	1.938018e-04	
2.607758e-01	1.290590e-04	
6.067052e-02	1.672660e-04	
4.092870e-02	1.660358e-04	
7.522956e-02	1.729639e-04	
2.077829e-02	1.610618e-04	
1.877640e-02	1.575456e-04	
6.806929e-02	1.481929e-04	
9.174031e-02	1.576149e-04	
7.696308e-02	1.535170e-04	
4.841721e-02	1.513433e-04	
7.923418e-02	1.562350e-04	
6.745706e-02	1.554547e-04	
6.627287e-02	1.394891e-04	
5.819765e-02	1.440915e-04	
6.757570e-02	1.494027e-04	
7.515648e-02	1.535523e-04	
5.755221e-02	1.445910e-04	
5.179864e-02	1.502588e-04	
7.629456e-02	1.493462e-04	
8.397736e-02	1.374978e-04	
7.324488e-03	1.390637e-04	
4.845277e-02	1.328042e-04	
2.012569e-02	1.458080e-04	
1.900730e-02	1.587096e-04	
5.130954e-02	1.456923e-04	
4.858337e-02	1.458672e-04	
5.554786e-02	1.494376e-04	
7.683600e-02	1.479090e-04	
5.846713e-02	1.564414e-04	
6.562622e-02	1.628875e-04	
9.142208e-02	1.788435e-04	
8.441681e-02	1.783277e-04	
6.478355e-02	1.546298e-04	
7.808743e-02	1.630905e-04	
1.904242e-02	1.714483e-04	
1.026144e-02	1.632843e-04	
8.237502e-02	2.165669e-04	
2.791127e-01	1.427320e-04	
2.548933e-01	1.508197e-04	
3.332994e-03	1.387164e-04	
4.183062e-02	1.554491e-04	
6.164400e-02	1.630452e-04	
7.393649e-02	1.727061e-04	
6.311071e-02	1.626040e-04	
5.917754e-02	1.465331e-04	
6.038310e-02	1.414459e-04	
7.584494e-02	1.741219e-04	
5.052440e-02	1.501710e-04	
3.370630e-02	1.555020e-04	
7.760177e-02	1.558279e-04	
6.389384e-02	1.409660e-04	
2.064385e-02	1.415275e-04	
7.020843e-02	1.507177e-04	
9.577995e-02	1.510416e-04	
1.252400e-02	1.441732e-04	
5.834692e-02	1.486166e-04	
7.825775e-02	1.498230e-04	
7.816920e-02	1.359498e-04	
8.594392e-02	1.336357e-04	
5.326077e-02	1.352800e-04	
5.532579e-02	1.451000e-04	
8.339180e-02	1.554272e-04	
8.890500e-02	1.516859e-04	
3.175874e-02	1.482814e-04	
6.500672e-02	1.597833e-04	
6.430325e-02	1.565683e-04	
4.397972e-02	1.537791e-04	
1.670757e-02	1.614582e-04	
5.270104e-02	1.674619e-04	
7.573554e-02	1.603118e-04	
1.932702e-02	1.609735e-04	
2.390928e-02	1.698105e-04	
2.741244e-02	1.696632e-04	
3.429205e-02	1.752756e-04	
7.002840e-02	1.646547e-04	
2.675935e-01	1.669716e-04	
2.497468e-01	1.534214e-04	
3.632295e-02	1.567283e-04	
7.144044e-02	1.660897e-04	
7.158814e-02	1.779965e-04	
6.777736e-02	1.701414e-04	
5.458253e-02	1.664241e-04	
6.829403e-02	1.496596e-04	
7.133526e-02	1.509235e-04	
7.205522e-02	1.437439e-04	
7.280227e-02	1.524464e-04	
6.395866e-02	1.573702e-04	
8.475941e-02	1.478774e-04	
6.039198e-02	1.425801e-04	
9.539635e-02	1.289001e-04	
7.335568e-02	1.322012e-04	
7.597709e-02	1.388964e-04	
4.035133e-02	1.414992e-04	
6.507716e-02	1.397173e-04	
6.210436e-02	1.394409e-04	
5.426149e-02	1.412566e-04	
4.809568e-02	1.392993e-04	
7.730479e-03	1.387788e-04	
6.655629e-02	1.449251e-04	
5.072427e-02	1.450497e-04	
3.365974e-02	1.464264e-04	
4.577429e-02	1.437374e-04	
9.708602e-03	1.456663e-04	
5.127141e-02	1.466850e-04	
9.286971e-02	1.586924e-04	
4.279958e-02	1.484019e-04	
6.924544e-02	1.651425e-04	
9.232140e-02	1.596175e-04	
2.153572e-02	1.587707e-04	
4.164757e-02	1.577969e-04	
7.761384e-02	1.941279e-04	
1.859250e-02	1.654342e-04	
2.706562e-02	1.791644e-04	
2.833843e-01	1.460803e-04	
2.775998e-01	1.245093e-04	
2.054068e-02	1.739327e-04	
7.101692e-02	2.185169e-04	
5.990224e-02	1.862783e-04	
6.351184e-02	1.620552e-04	
6.337197e-02	1.493301e-04	
9.726438e-02	1.505885e-04	
5.902344e-02	1.549407e-04	
6.208140e-02	1.494979e-04	
4.574117e-02	1.500337e-04	
2.135675e-02	1.503344e-04	
1.192048e-02	1.431525e-04	
8.566815e-02	1.330715e-04	
6.225542e-02	1.269752e-04	
3.360394e-02	1.337799e-04	
9.943938e-03	1.273958e-04	
6.161226e-02	1.317154e-04	
1.265404e-02	1.328892e-04	
6.253104e-02	1.292745e-04	
8.624087e-02	1.428101e-04	
5.296120e-02	1.399385e-04	
5.686422e-02	1.441676e-04	
8.892036e-02	1.321539e-04	
7.930295e-02	1.353661e-04	
6.218418e-02	1.495154e-04	
7.765188e-02	1.434433e-04	
2.707269e-02	1.462235e-04	
3.944929e-02	1.410124e-04	
5.074655e-02	1.386349e-04	
7.936679e-02	1.484201e-04	
6.197029e-02	1.615131e-04	
5.811167e-02	1.561504e-04	
7.790908e-02	1.688105e-04	
7.856441e-02	1.640949e-04	
5.292746e-03	1.593301e-04	
4.934589e-02	1.793699e-04	
1.905064e-02	1.751273e-04	
2.626134e-01	1.452007e-04	
2.547140e-01	1.636985e-04	
7.154226e-03	1.948109e-04	
5.839615e-02	1.979139e-04	
8.202974e-02	1.806096e-04	
1.404008e-02	1.684611e-04	
6.527916e-02	1.624510e-04	
7.893287e-02	1.507731e-04	
8.490353e-02	1.567385e-04	
1.463294e-02	1.494536e-04	
2.406984e-02	1.365407e-04	
8.319379e-02	1.302967e-04	
6.008990e-02	1.417623e-04	
6.571845e-02	1.411416e-04	
6.427629e-03	1.324578e-04	
7.104788e-02	1.228666e-04	
5.238004e-02	1.323535e-04	
6.456724e-02	1.226450e-04	
1.259673e-02	1.306182e-04	
4.291286e-02	1.330426e-04	
7.245051e-02	1.372272e-04	
5.437243e-02	1.409698e-04	
9.060592e-02	1.365675e-04	
6.645108e-02	1.288835e-04	
2.435614e-02	1.265484e-04	
6.577302e-02	1.276542e-04	
5.447469e-02	1.319600e-04	
2.976169e-02	1.326959e-04	
6.782093e-02	1.416514e-04	
7.730217e-02	1.454591e-04	
8.732371e-03	1.512692e-04	
4.804291e-02	1.424971e-04	
7.516880e-02	1.476676e-04	
5.883422e-02	1.638992e-04	
9.249882e-02	1.702122e-04	
6.248656e-02	1.765141e-04	
5.353661e-02	1.378953e-04	
3.060983e-02	1.644491e-04	
2.405628e-01	1.624706e-04	
2.319893e-01	1.791454e-04	
2.626148e-02	1.949219e-04	
2.339027e-02	1.845616e-04	
5.143518e-02	1.870573e-04	
8.621288e-02	1.750173e-04	
6.493361e-02	1.588487e-04	
6.978003e-02	1.468867e-04	
8.226395e-02	1.213875e-04	
7.936109e-02	1.345427e-04	
3.987168e-02	1.309261e-04	
2.171543e-02	1.403907e-04	
5.016260e-02	1.333456e-04	
6.908555e-02	1.247263e-04	
5.495966e-02	1.330110e-04	
6.267320e-02	1.282922e-04	
7.066504e-02	1.224410e-04	
1.960715e-02	1.204298e-04	
6.637183e-02	1.321362e-04	
5.369043e-02	1.277728e-04	
2.735611e-02	1.322596e-04	
6.122967e-02	1.260053e-04	
6.446562e-02	1.407185e-04	
5.602741e-02	1.298027e-04	
9.935854e-02	1.241004e-04	
2.216679e-02	1.248438e-04	
4.880992e-02	1.169375e-04	
4.935555e-02	1.210685e-04	
5.339543e-02	1.246581e-04	
5.368300e-02	1.427009e-04	
8.802858e-02	1.575866e-04	
6.379454e-02	1.615660e-04	
2.137812e-02	1.590068e-04	
5.154732e-02	1.460886e-04	
6.595767e-02	1.554016e-04	
5.646218e-02	1.431887e-04	
2.098097e-02	1.525877e-04	
3.349434e-02	1.653011e-04	
3.167970e-01	1.884259e-04	
2.543339e-01	1.576390e-04	
7.919719e-02	1.731567e-04	
9.111627e-02	1.927595e-04	
6.659772e-02	1.716285e-04	
7.371035e-02	1.691942e-04	
4.599821e-02	1.366406e-04	
4.210092e-02	1.359918e-04	
8.044930e-02	1.251140e-04	
4.649049e-02	1.433907e-04	
7.982782e-02	1.382934e-04	
1.069797e-02	1.393699e-04	
7.470660e-02	1.264146e-04	
7.708773e-02	1.179567e-04	
7.500259e-02	1.380853e-04	
7.976700e-02	1.215928e-04	
5.846134e-02	1.152041e-04	
1.036495e-01	1.121710e-04	
6.647189e-02	1.248087e-04	
9.741779e-02	1.266000e-04	
4.486033e-02	1.111711e-04	
1.625096e-02	1.204417e-04	
5.357326e-02	1.249470e-04	
6.399591e-02	1.294181e-04	
5.264969e-02	1.116228e-04	
3.973976e-02	1.198918e-04	
6.217889e-02	1.108580e-04	
5.809008e-02	1.130219e-04	
7.284301e-02	1.230827e-04	
7.195935e-02	1.343130e-04	
6.144089e-02	1.487036e-04	
2.835610e-02	1.374581e-04	
9.181379e-02	1.549788e-04	
1.595632e-02	1.440956e-04	
8.273320e-02	1.287605e-04	
2.586736e-02	1.404620e-04	
3.224844e-02	1.589698e-04	
6.653710e-02	1.765379e-04	
2.777039e-01	1.200125e-04	
2.739852e-01	1.241266e-04	
2.617928e-02	1.627190e-04	
7.771435e-02	1.487486e-04	
2.269210e-02	1.414311e-04	
6.847251e-02	1.536764e-04	
4.747708e-02	1.437173e-04	
2.910446e-02	1.384966e-04	
6.764284e-02	1.305010e-04	
3.200455e-02	1.361343e-04	
6.621717e-02	1.345708e-04	
9.107463e-02	1.385779e-04	
5.839103e-02	1.300146e-04	
7.735331e-02	1.283653e-04	
5.358396e-02	1.164093e-04	
8.144852e-02	1.215114e-04	
6.209073e-02	1.134335e-04	
6.187727e-02	1.166745e-04	
6.737923e-02	1.033812e-04	
3.202008e-02	1.173685e-04	
4.717324e-02	1.057967e-04	
7.504844e-02	1.117232e-04	
6.728987e-02	1.185288e-04	
2.245584e-02	1.187397e-04	
8.058789e-02	1.157307e-04	
6.363097e-02	1.115348e-04	
6.572977e-02	1.108376e-04	
6.720681e-02	1.103181e-04	
6.714608e-02	1.167113e-04	
6.493355e-02	1.356445e-04	
5.709911e-02	1.406690e-04	
6.992199e-02	1.405751e-04	
4.738760e-02	1.305814e-04	
1.483215e-02	1.340190e-04	
9.597250e-03	1.391870e-04	
5.110666e-02	1.547509e-04	
4.916993e-02	1.127406e-04	
6.293633e-02	1.174947e-04	
2.388348e-01	1.669794e-04	
2.659802e-01	1.411228e-04	
3.301508e-02	1.520030e-04	
4.497630e-02	1.378903e-04	
2.508699e-02	1.369111e-04	
7.511584e-02	1.185601e-04	
1.866353e-02	1.329301e-04	
2.328002e-02	1.329792e-04	
6.838341e-02	1.380060e-04	
7.189643e-02	1.360294e-04	
9.241817e-02	1.402516e-04	
4.603600e-02	1.269168e-04	
7.180148e-02	1.118730e-04	
7.905806e-02	1.284694e-04	
8.199361e-02	1.168202e-04	
5.619174e-02	1.145659e-04	
1.540692e-02	1.148720e-04	
9.743462e-02	1.054775e-04	
3.080453e-02	1.087121e-04	
7.273324e-02	9.513271e-05	
2.460434e-02	1.119099e-04	
1.616615e-02	1.085990e-04	
5.168062e-02	1.130953e-04	
5.146153e-02	1.015976e-04	
7.613758e-02	1.117902e-04	
1.009459e-01	9.922421e-05	
6.938577e-02	1.137338e-04	
4.993163e-02	1.173839e-04	
4.632814e-02	1.226921e-04	
6.912785e-02	1.061803e-04	
4.497837e-02	1.191673e-04	
1.577052e-02	1.253986e-04	
7.604111e-02	1.370078e-04	
8.313679e-02	1.501271e-04	
5.882813e-02	1.207656e-04	
5.677590e-02	1.051971e-04	
5.159189e-02	1.101592e-04	
8.981235e-02	1.507878e-04	
2.810425e-01	1.203945e-04	
2.580929e-01	1.651588e-04	
8.171611e-02	1.788452e-04	
5.166283e-02	1.130119e-04	
7.985402e-02	1.396904e-04	
5.723128e-02	1.142498e-04	
5.461489e-02	1.105401e-04	
2.401451e-02	1.269675e-04	
5.255892e-02	1.271467e-04	
4.310963e-02	1.131551e-04	
5.655157e-02	1.326300e-04	
7.422624e-03	1.211137e-04	
1.245954e-02	1.152457e-04	
5.891733e-02	1.255555e-04	
6.335913e-02	1.143620e-04	
5.301430e-02	1.185836e-04	
3.099247e-02	1.112301e-04	
9.923765e-02	1.150562e-04	
8.321247e-02	1.009465e-04	
6.533287e-02	1.008358e-04	
6.493695e-02	1.129761e-04	
9.477193e-02	1.078815e-04	
1.636391e-02	1.064002e-04	
7.984750e-02	9.927795e-05	
1.708681e-02	1.049871e-04	
6.737538e-02	9.797467e-05	
4.233343e-02	1.097455e-04	
5.614959e-02	1.022105e-04	
6.465195e-02	1.084218e-04	
2.327665e-02	1.090357e-04	
4.645193e-02	1.150381e-04	
9.510048e-02	1.127911e-04	
2.570983e-02	1.216860e-04	
5.311686e-02	1.076106e-04	
1.971626e-02	1.244536e-04	
2.989083e-02	1.283118e-04	
7.313714e-02	1.404713e-04	
5.379338e-02	1.330378e-04	
2.662543e-01	1.502140e-04	
3.213155e-01	2.004240e-04	
7.097289e-02	1.284613e-04	
3.544110e-02	1.472236e-04	
5.978294e-02	1.192399e-04	
6.794138e-02	1.384435e-04	
6.989779e-02	1.310059e-04	
5.425190e-02	1.112036e-04	
7.467915e-02	1.044961e-04	
6.515358e-02	1.099757e-04	
6.842181e-02	1.078666e-04	
4.040053e-02	1.211056e-04	
5.489141e-02	1.178129e-04	
3.110867e-02	1.136960e-04	
2.642549e-02	1.100443e-04	
8.717766e-02	1.046283e-04	
4.691161e-02	1.107983e-04	
6.334995e-02	1.075253e-04	
5.749879e-02	1.087627e-04	
9.831958e-02	1.000863e-04	
9.251586e-02	1.110981e-04	
8.104253e-02	1.086711e-04	
2.291865e-02	1.069889e-04	
4.356089e-03	1.057813e-04	
7.014477e-02	1.004249e-04	
9.234733e-02	1.013289e-04	
7.297164e-03	1.071794e-04	
2.604553e-02	1.062138e-04	
9.079370e-02	1.059384e-04	
8.164212e-02	9.769155e-05	
7.313368e-02	1.062240e-04	
6.829620e-02	1.194482e-04	
8.317592e-02	1.091489e-04	
8.491757e-02	1.148617e-04	
3.622296e-02	1.139774e-04	
9.096140e-02	9.075029e-05	
2.159248e-02	1.232644e-04	
6.273353e-02	1.545143e-04	
3.331242e-01	2.224488e-04	
3.277211e-01	1.918493e-04	
6.823221e-02	1.475485e-04	
5.196370e-02	1.045487e-04	
5.011479e-02	1.103361e-04	
5.350467e-02	1.264271e-04	
5.368513e-02	1.302018e-04	
2.300397e-02	1.143875e-04	
6.495766e-02	1.083048e-04	
6.356856e-02	1.070457e-04	
6.893565e-02	1.097121e-04	
4.522059e-02	1.015997e-04	
8.529428e-02	1.142796e-04	
6.584865e-02	9.340527e-05	
6.820137e-02	1.058390e-04	
6.716226e-02	1.043471e-04	
2.291719e-02	9.842111e-05	
6.504069e-02	1.089613e-04	
9.025840e-02	9.629901e-05	
8.772919e-02	1.107553e-04	
6.218137e-02	1.084339e-04	
7.417958e-02	1.043568e-04	
6.841455e-02	1.028001e-04	
7.249122e-02	1.109561e-04	
3.027139e-02	1.003540e-04	
5.276176e-02	1.111180e-04	
4.865064e-02	1.062771e-04	
7.446533e-02	9.980306e-05	
8.606768e-02	9.598587e-05	
7.826382e-02	1.076348e-04	
6.365312e-02	1.069316e-04	
7.938818e-02	1.174331e-04	
6.044505e-02	1.165439e-04	
2.498525e-02	9.923137e-05	
7.107393e-02	1.031384e-04	
6.379616e-02	1.237723e-04	
3.869929e-02	1.235451e-04	
7.804448e-02	1.999020e-04	
2.643863e-01	2.021128e-04	
2.523228e-01	1.439892e-04	
2.104509e-02	1.343694e-04	
6.213992e-03	1.323251e-04	
7.186084e-02	1.389680e-04	
5.996246e-02	1.265099e-04	
8.465635e-02	1.340070e-04	
5.737288e-02	1.019345e-04	
8.220164e-02	8.862414e-05	
9.415573e-02	1.005394e-04	
2.470167e-02	9.819988e-05	
2.141396e-02	1.016469e-04	
6.731615e-02	1.008091e-04	
4.501263e-02	1.056097e-04	
7.716027e-02	9.629062e-05	
7.013889e-02	8.932041e-05	
6.824169e-02	1.001945e-04	
4.917842e-02	8.920536e-05	
9.076343e-02	1.048687e-04	
7.177727e-02	1.043568e-04	
5.580519e-02	9.760632e-05	
7.923683e-02	1.001115e-04	
6.307968e-02	8.967538e-05	
8.022625e-02	1.038638e-04	
5.522406e-02	1.041898e-04	
6.713747e-02	9.867074e-05	
4.460819e-02	9.608474e-05	
4.895197e-02	9.843430e-05	
2.298497e-02	9.313764e-05	
7.820979e-02	9.280458e-05	
9.851759e-03	9.761153e-05	
7.269348e-02	1.016053e-04	
1.703465e-02	9.891000e-05	
8.119677e-02	7.731999e-05	
6.287028e-02	8.859736e-05	
4.964570e-02	9.841361e-05	
7.260889e-02	1.558181e-04	
7.405642e-02	2.293356e-04	
3.299700e-01	2.255248e-04	
2.456226e-01	1.651990e-04	
6.502301e-02	1.125719e-04	
2.139294e-02	1.294276e-04	
7.105613e-02	1.175962e-04	
7.786977e-02	1.097863e-04	
1.822826e-02	1.038255e-04	
3.985755e-02	9.945311e-05	
6.784313e-02	8.770012e-05	
1.937577e-02	9.023996e-05	
5.132801e-02	9.731374e-05	
2.797551e-02	9.400113e-05	
6.754601e-02	8.951637e-05	
3.575031e-03	9.700511e-05	
7.184865e-02	9.307812e-05	
6.808590e-02	9.911839e-05	
8.570047e-02	8.762933e-05	
8.249478e-02	8.401097e-05	
5.189834e-02	9.479501e-05	
7.014248e-02	1.042790e-04	
4.870201e-02	8.463238e-05	
8.865262e-03	8.921017e-05	
1.817846e-02	9.303843e-05	
8.085470e-02	8.386188e-05	
8.018431e-02	1.024119e-04	
7.936050e-02	9.740969e-05	
8.582518e-02	8.935307e-05	
6.029804e-02	8.705822e-05	
6.908884e-02	9.597934e-05	
6.118256e-02	9.852721e-05	
4.182435e-02	1.009898e-04	
5.893260e-03	9.596372e-05	
8.836864e-02	8.072409e-05	
8.354986e-02	7.592435e-05	
9.067055e-03	9.645594e-05	
7.394528e-02	1.364563e-04	
7.395045e-02	1.374355e-04	
4.154431e-02	1.455734e-04	
2.484018e-01	1.702458e-04	
2.829343e-01	1.309380e-04	
6.095336e-02	1.236331e-04	
4.533928e-02	1.138006e-04	
1.201057e-02	1.069356e-04	
6.429816e-02	1.075481e-04	
4.831027e-02	8.435565e-05	
1.555978e-02	9.038634e-05	
4.958429e-02	8.606397e-05	
6.330224e-02	1.002022e-04	
4.996408e-02	9.477694e-05	
6.229912e-02	7.539738e-05	
5.481394e-02	7.861513e-05	
4.163106e-02	9.197666e-05	
1.829371e-02	9.010677e-05	
1.755423e-02	8.784802e-05	
5.504909e-02	8.562620e-05	
3.635144e-02	8.320232e-05	
5.885085e-02	9.351945e-05	
5.385734e-02	7.963694e-05	
2.833019e-02	8.548190e-05	
2.533611e-02	8.433844e-05	
2.434381e-02	8.639126e-05	
1.631986e-02	8.812259e-05	
6.351923e-02	7.090183e-05	
3.565965e-02	8.346451e-05	
1.102754e-02	7.916116e-05	
6.939698e-02	8.273046e-05	
6.656878e-02	8.546552e-05	
1.478613e-02	9.215249e-05	
2.680125e-02	8.923044e-05	
4.664171e-02	1.024062e-04	
4.931045e-02	8.334669e-05	
8.644078e-02	6.689518e-05	
3.149499e-02	9.666744e-05	
7.795757e-02	1.002317e-04	
6.258487e-02	1.132598e-04	
6.970230e-02	1.364975e-04	
3.245690e-01	1.932313e-04	
2.822499e-01	1.625324e-04	
2.429934e-02	1.093121e-04	
7.118009e-02	1.200956e-04	
6.898653e-02	1.036902e-04	
1.789819e-02	8.805904e-05	
9.170843e-02	6.535154e-05	
7.011527e-02	7.418126e-05	
6.181656e-02	9.450763e-05	
7.965719e-02	8.510211e-05	
5.566580e-03	7.599404e-05	
2.497012e-02	8.274870e-05	
6.149440e-02	6.777204e-05	
6.113948e-02	7.952208e-05	
6.996271e-02	8.967277e-05	
5.928494e-02	8.693699e-05	
6.639825e-02	7.873828e-05	
9.263260e-02	8.406719e-05	
1.001655e-01	7.217332e-05	
2.428334e-02	7.715009e-05	
6.204423e-02	6.800071e-05	
5.646878e-02	7.766078e-05	
6.329231e-02	8.194019e-05	
2.094550e-02	7.547462e-05	
2.087806e-02	7.667012e-05	
2.659749e-02	6.668837e-05	
7.360194e-02	6.819482e-05	
6.474653e-02	6.731921e-05	
4.648681e-02	7.227696e-05	
7.386897e-02	8.594887e-05	
6.150229e-02	8.832643e-05	
8.482841e-02	8.723835e-05	
9.334576e-03	7.992621e-05	
6.636025e-02	8.580392e-05	
6.229029e-02	1.009691e-04	
5.576668e-02	8.184889e-05	
1.701091e-03	9.547506e-05	
1.049775e-02	1.403896e-04	
2.819002e-01	1.266285e-04	
2.850863e-01	1.294569e-04	
5.425766e-02	9.257147e-05	
2.395345e-02	1.045471e-04	
4.823798e-02	1.032470e-04	
6.682366e-02	8.823726e-05	
6.108038e-02	6.713610e-05	
1.321949e-02	6.626398e-05	
6.699391e-02	6.618628e-05	
2.095490e-02	7.313143e-05	
6.716203e-02	7.508249e-05	
6.328539e-02	6.984346e-05	
6.777314e-02	7.804872e-05	
8.313794e-02	6.218333e-05	
5.936036e-02	6.716052e-05	
7.489865e-02	7.644636e-05	
7.929678e-02	8.309752e-05	
5.712050e-02	7.803115e-05	
4.844341e-02	6.926925e-05	
7.614571e-02	7.073522e-05	
5.979303e-02	7.459332e-05	
8.291219e-03	6.860912e-05	
2.316178e-02	6.730825e-05	
5.815155e-02	7.489931e-05	
5.571293e-02	6.708824e-05	
9.571376e-02	5.472904e-05	
5.967519e-02	6.817487e-05	
8.252590e-02	6.276521e-05	
5.707222e-02	7.688512e-05	
2.927476e-02	7.389104e-05	
7.185367e-02	6.504296e-05	
1.048645e-02	7.214566e-05	
6.588946e-02	7.175181e-05	
6.817554e-02	8.287821e-05	
7.109200e-02	6.785144e-05	
6.499235e-02	1.047771e-04	
7.349975e-02	9.740867e-05	
9.800361e-02	1.532011e-04	
2.595397e-01	1.807373e-04	
2.495917e-01	1.402615e-04	
6.513753e-02	1.080305e-04	
8.549407e-03	1.049727e-04	
9.829682e-03	8.898896e-05	
3.971230e-02	5.694753e-05	
7.812133e-02	6.864423e-05	
1.872624e-02	6.944641e-05	
1.523791e-02	5.954942e-05	
5.146469e-02	5.372069e-05	
1.417340e-02	6.368307e-05	
5.365240e-02	7.181284e-05	
9.858117e-02	6.498587e-05	
5.111946e-02	6.774334e-05	
1.751960e-02	6.597490e-05	
3.982180e-02	6.429693e-05	
5.003117e-02	6.305929e-05	
3.554942e-02	6.252995e-05	
3.553578e-02	6.943316e-05	
6.790002e-02	7.018948e-05	
3.228368e-02	6.181226e-05	
2.372614e-02	6.396483e-05	
1.974900e-02	5.663969e-05	
5.896580e-02	5.868915e-05	
6.076968e-02	6.504635e-05	
2.422337e-02	5.778422e-05	
6.038513e-02	5.908969e-05	
5.464679e-02	5.128152e-05	
6.978929e-02	6.495027e-05	
6.706187e-03	6.217861e-05	
1.359608e-02	6.177099e-05	
6.833943e-02	6.031719e-05	
5.951246e-02	7.670123e-05	
7.290563e-02	6.297005e-05	
4.827191e-02	7.977924e-05	
6.625418e-02	6.853170e-05	
5.271582e-02	9.943260e-05	
6.184428e-02	1.391020e-04	
3.223513e-01	2.456989e-04	
2.419747e-01	1.103950e-04	
3.369934e-02	9.026308e-05	
6.839489e-02	7.904596e-05	
9.119205e-02	9.004222e-05	
6.007938e-02	7.385212e-05	
7.246503e-02	6.277094e-05	
7.981102e-02	5.200315e-05	
2.841400e-02	5.017906e-05	
5.129344e-02	3.930937e-05	
2.745560e-02	5.582440e-05	
1.838322e-02	6.583162e-05	
7.381640e-02	6.995229e-05	
1.503729e-02	6.123221e-05	
1.041313e-02	5.998257e-05	
1.008172e-01	5.320357e-05	
1.925188e-02	5.254134e-05	
6.594265e-02	4.522747e-05	
6.726512e-02	5.988588e-05	
8.009405e-02	4.820710e-05	
6.264575e-02	5.910071e-05	
4.845084e-02	4.357024e-05	
6.191347e-02	5.193579e-05	
5.661337e-02	4.889653e-05	
8.813801e-02	4.364919e-05	
4.304685e-02	5.257362e-05	
6.030560e-02	5.640011e-05	
7.785719e-02	5.309717e-05	
2.358913e-02	5.342393e-05	
2.605467e-02	5.481967e-05	
2.447856e-02	5.457721e-05	
5.774199e-02	5.223978e-05	
5.158323e-02	3.982515e-05	
3.202963e-02	5.848554e-05	
3.228735e-02	6.199317e-05	
6.565241e-02	1.023142e-04	
8.592356e-03	9.493573e-05	
2.191850e-02	1.242961e-04	
2.763967e-01	1.503506e-04	
2.345472e-01	1.131248e-04	
6.223014e-02	9.050320e-05	
7.356777e-02	6.437212e-05	
2.199784e-02	7.105535e-05	
6.166404e-02	6.387543e-05	
5.710312e-02	6.039131e-05	
7.458785e-02	5.801457e-05	
7.811415e-02	4.219541e-05	
4.106451e-02	3.609125e-05	
6.057816e-02	3.927686e-05	
4.980004e-02	5.808589e-05	
3.442855e-03	5.135643e-05	
9.136878e-02	5.799210e-05	
5.154646e-02	5.958049e-05	
6.011401e-02	4.383708e-05	
5.108794e-02	4.714944e-05	
6.510125e-02	3.989907e-05	
1.623652e-02	4.442618e-05	
2.863895e-02	4.497461e-05	
7.547451e-02	4.718782e-05	
4.794521e-02	3.297604e-05	
1.730201e-02	3.978359e-05	
8.503251e-03	4.536031e-05	
2.106904e-02	4.208723e-05	
7.424256e-02	4.813510e-05	
7.393801e-02	3.452891e-05	
4.397835e-02	5.360519e-05	
5.536737e-02	4.657078e-05	
6.304526e-02	5.198307e-05	
1.776373e-02	4.710663e-05	
1.843861e-02	3.757401e-05	
5.351660e-02	4.208342e-05	
1.097637e-01	4.062829e-05	
6.243462e-02	7.600735e-05	
1.490361e-02	6.646096e-05	
7.002744e-02	1.140867e-04	
5.983910e-02	1.252168e-04	
2.786241e-01	1.528296e-04	
2.510691e-01	9.485835e-05	
8.248811e-02	1.322518e-04	
6.286022e-02	1.203146e-04	
3.706767e-02	5.631207e-05	
5.324319e-02	4.709767e-05	
5.941741e-02	4.283189e-05	
8.063532e-02	4.997848e-05	
2.495273e-02	3.566450e-05	
6.725465e-02	3.250175e-05	
5.050405e-02	2.682875e-05	
3.361295e-02	3.662556e-05	
5.077060e-02	4.607780e-05	
1.097300e-02	4.206127e-05	
2.921068e-02	4.884265e-05	
1.068524e-02	4.762483e-05	
4.892662e-02	3.675230e-05	
6.715440e-02	4.235385e-05	
8.998905e-03	4.364595e-05	
1.780514e-02	3.938700e-05	
7.424294e-02	3.020147e-05	
5.803633e-02	3.704602e-05	
9.412171e-02	2.635179e-05	
2.881119e-02	3.730425e-05	
6.189471e-02	4.339046e-05	
8.079129e-02	3.351217e-05	
1.656845e-02	3.878536e-05	
6.230657e-02	4.496839e-05	
7.254394e-02	3.214205e-05	
1.484594e-02	3.266437e-05	
4.302713e-02	2.857848e-05	
4.509680e-02	2.883007e-05	
5.442486e-02	2.097446e-05	
4.152095e-03	2.783045e-05	
9.652456e-02	5.156062e-05	
6.856362e-02	7.907342e-05	
8.333394e-02	1.039798e-04	
7.657274e-02	1.583445e-04	
2.676357e-01	1.723172e-04	
2.531201e-01	1.089344e-04	
2.148297e-02	1.017598e-04	
1.574135e-02	6.896825e-05	
5.294108e-02	6.855485e-05	
7.438828e-02	6.695730e-05	
5.284969e-02	4.564604e-05	
8.101601e-02	2.437515e-05	
7.643932e-02	2.398159e-05	
3.218282e-02	2.620921e-05	
5.360444e-02	2.296291e-05	
1.470673e-02	3.150403e-05	
4.505277e-02	3.405421e-05	
1.907635e-02	3.610267e-05	
2.598087e-02	3.819245e-05	
6.649333e-02	4.014616e-05	
4.564192e-02	3.488293e-05	
8.118135e-02	3.830298e-05	
3.492447e-02	3.431481e-05	
8.468617e-02	3.371227e-05	
7.965238e-02	2.046605e-05	
8.213574e-02	3.233983e-05	
1.483619e-02	3.234931e-05	
1.876961e-02	2.979069e-05	
5.375079e-02	3.889689e-05	
2.658891e-02	2.842550e-05	
3.192136e-02	3.415368e-05	
7.104950e-02	3.880314e-05	
6.303867e-02	2.371490e-05	
5.202412e-02	2.064584e-05	
9.061843e-02	3.663226e-05	
5.455496e-02	3.015556e-05	
7.297878e-02	8.943962e-06	
1.626403e-02	1.542861e-05	
6.158512e-02	3.629931e-05	
4.805568e-02	6.664846e-05	
2.799295e-02	8.189925e-05	
7.386784e-02	1.421724e-04	
2.499946e-01	1.849744e-04	
2.607003e-01	9.924243e-05	
3.701034e-02	6.649791e-05	
4.613244e-02	6.859215e-05	
5.013473e-02	5.529941e-05	
7.737412e-02	4.948352e-05	
1.872805e-02	3.605759e-05	
7.110611e-02	1.276015e-05	
8.229337e-02	1.761765e-05	
6.370803e-02	2.969277e-05	
5.739650e-03	2.774234e-05	
2.575630e-02	2.626696e-05	
9.251863e-02	1.961203e-05	
2.535206e-02	2.658754e-05	
8.711025e-03	3.200089e-05	
7.459679e-02	3.531587e-05	
5.469692e-02	3.024538e-05	
5.248477e-02	3.508947e-05	
6.521726e-02	2.376587e-05	
6.927934e-02	2.035710e-05	
6.071666e-02	2.207287e-05	
8.450048e-02	2.731943e-05	
5.792460e-02	2.264599e-05	
7.593536e-02	2.892835e-05	
1.831762e-02	2.555950e-05	
6.281364e-02	2.747518e-05	
8.551262e-02	2.502981e-05	
3.284148e-02	2.919000e-05	
1.861435e-02	2.572051e-05	
5.717734e-02	2.227637e-05	
3.191990e-02	2.406556e-05	
2.367294e-02	1.933049e-05	
9.689475e-02	1.230540e-05	
7.126531e-02	4.226522e-06	
4.725055e-02	2.114350e-05	
8.443377e-02	5.254593e-05	
5.990558e-02	7.660631e-05	
8.161679e-02	1.135675e-04	
2.603292e-01	1.250037e-04	
2.983926e-01	8.042281e-05	
2.739487e-01	3.784399e-05	
2.353829e-01	4.089073e-05	
2.851923e-01	3.068143e-05	
2.391925e-01	2.664376e-05	
2.662524e-01	1.117451e-05	
2.583908e-01	6.620281e-06	
2.701669e-01	1.414738e-05	
2.680959e-01	1.451821e-05	
2.655143e-01	1.702127e-05	
2.382396e-01	1.857981e-05	
2.730386e-01	1.362377e-05	
2.557683e-01	1.720895e-05	
2.668383e-01	1.694380e-05	
2.797806e-01	1.512755e-05	
3.277010e-01	2.603382e-05	
2.543519e-01	1.930819e-05	
2.597153e-01	1.737558e-05	
2.820099e-01	1.027841e-05	
3.283719e-01	2.059358e-05	
2.553933e-01	1.799476e-05	
3.505450e-01	1.783312e-05	
2.571243e-01	1.534856e-05	
2.366452e-01	1.511735e-05	
3.288914e-01	1.649674e-05	
2.621636e-01	1.484340e-05	
2.718881e-01	1.432261e-05	
3.141234e-01	2.856610e-05	
2.698767e-01	1.319899e-05	
2.696708e-01	1.158438e-05	
2.302274e-01	1.075441e-05	
2.586683e-01	1.192053e-05	
2.734738e-01	8.586892e-06	
2.594402e-01	1.511780e-05	
3.132189e-01	2.635099e-05	
3.192330e-01	3.874550e-05	
2.767671e-01	4.781328e-05	
3.023945e-01	1.001352e-04	
