3.252418e-01	6.200596e-13	
3.416989e-01	5.321299e-13	
3.824060e-01	4.973799e-14	
3.844992e-01	1.410649e-12	
3.866535e-01	1.153966e-12	
3.849588e-01	1.596889e-11	
3.832592e-01	2.086664e-12	
3.846851e-01	4.785394e-12	
3.829024e-01	1.131983e-12	
4.579408e-01	4.820366e-12	
3.835651e-01	1.422862e-12	
3.846459e-01	8.950618e-13	
4.601727e-01	8.169021e-12	
3.836537e-01	1.025957e-12	
3.845267e-01	1.250333e-12	
3.862383e-01	3.022471e-12	
4.619158e-01	9.907741e-12	
3.871950e-01	1.493472e-12	
3.896258e-01	5.586087e-12	
3.896210e-01	1.274536e-13	
3.891736e-01	7.801093e-12	
4.660875e-01	3.423928e-13	
3.878262e-01	5.701439e-12	
3.868910e-01	1.111333e-12	
3.874583e-01	1.008971e-12	
3.875451e-01	7.251977e-12	
3.872289e-01	3.891332e-12	
3.879674e-01	3.208767e-12	
3.872995e-01	1.531042e-11	
4.629149e-01	2.142730e-12	
3.865735e-01	2.162714e-12	
3.875638e-01	1.346034e-12	
4.630841e-01	3.860245e-12	
3.864465e-01	6.707968e-13	
3.849152e-01	5.647705e-12	
3.837250e-01	6.938894e-13	
3.814081e-01	2.648659e-12	
3.816130e-01	9.103829e-14	
3.422809e-01	4.083400e-13	
3.263816e-01	3.019807e-14	
3.266568e-01	1.770184e-11	
3.431654e-01	8.011286e-14	
4.585452e-01	3.189725e-14	
3.813147e-01	4.787953e-14	
4.583237e-01	3.915220e-14	
3.809383e-01	1.820696e-14	
4.601540e-01	2.544478e-15	
3.870037e-01	1.422480e-14	
3.889446e-01	6.747769e-15	
3.881722e-01	4.011249e-15	
3.904399e-01	1.554793e-15	
3.898179e-01	1.811211e-16	
3.862047e-01	3.412036e-16	
3.856471e-01	2.919954e-15	
3.845969e-01	2.178027e-15	
3.846785e-01	1.954899e-15	
3.841207e-01	1.610680e-15	
4.618108e-01	1.435743e-16	
3.850633e-01	8.503478e-16	
3.870929e-01	3.379550e-15	
4.607107e-01	2.393848e-15	
3.841499e-01	3.117942e-15	
3.853952e-01	5.742974e-16	
3.853104e-01	1.317829e-15	
3.832099e-01	1.353391e-15	
3.838161e-01	0	
3.834991e-01	2.919954e-15	
3.813540e-01	5.118054e-16	
3.821844e-01	1.811211e-16	
4.585628e-01	1.943491e-16	
3.824222e-01	1.477828e-15	
3.834685e-01	1.279749e-15	
3.849109e-01	3.915082e-16	
4.599557e-01	1.197401e-15	
3.857061e-01	2.121199e-15	
3.873820e-01	4.350244e-16	
3.867508e-01	2.066230e-14	
3.861862e-01	5.128578e-14	
4.149707e-01	5.636765e-12	
3.264875e-01	8.583168e-11	
4.130329e-01	2.253753e-13	
4.597388e-01	5.286882e-13	
3.835743e-01	1.098899e-12	
3.809134e-01	1.219913e-12	
3.817558e-01	1.192602e-12	
3.802690e-01	1.587019e-11	
3.818129e-01	4.534817e-12	
4.572547e-01	6.279421e-13	
3.798109e-01	8.424372e-13	
4.564424e-01	5.601297e-12	
3.816525e-01	1.587486e-11	
3.821141e-01	1.258771e-12	
3.831826e-01	2.818412e-12	
3.851733e-01	2.029032e-11	
3.852380e-01	6.739320e-11	
3.837135e-01	3.294143e-12	
3.820911e-01	4.073408e-13	
3.817260e-01	1.454836e-11	
4.558439e-01	1.872347e-11	
3.795178e-01	3.834577e-11	
3.824253e-01	1.375722e-11	
3.833879e-01	1.075273e-11	
3.825131e-01	2.600364e-12	
3.852280e-01	6.179501e-13	
3.870741e-01	1.973293e-10	
3.841593e-01	1.745626e-11	
3.824036e-01	1.588507e-11	
4.616440e-01	2.656320e-12	
3.828979e-01	1.683054e-11	
3.819601e-01	7.380296e-11	
3.839811e-01	1.902178e-11	
4.625532e-01	4.524570e-11	
3.851217e-01	1.887324e-11	
3.867048e-01	1.964318e-11	
3.861188e-01	5.097989e-11	
3.858432e-01	1.612166e-11	
3.845842e-01	4.209855e-12	
3.436972e-01	9.228174e-13	
3.458018e-01	1.210143e-14	
3.868606e-01	1.183276e-12	
3.871580e-01	1.414424e-13	
3.862064e-01	1.119105e-13	
4.586205e-01	2.435607e-12	
4.575448e-01	1.759926e-12	
3.809221e-01	1.180611e-12	
4.564420e-01	1.136802e-11	
3.812773e-01	1.041056e-12	
3.831742e-01	1.600386e-12	
3.852720e-01	2.247980e-12	
3.870121e-01	5.840883e-13	
3.875267e-01	1.221097e-10	
3.873046e-01	9.890755e-12	
3.859877e-01	1.432721e-11	
3.835611e-01	6.203926e-13	
3.824776e-01	2.214373e-11	
3.808077e-01	2.779843e-11	
3.797422e-01	2.134914e-11	
3.813583e-01	9.270584e-12	
3.813478e-01	1.567302e-11	
3.822736e-01	3.868350e-11	
3.856096e-01	1.509171e-11	
3.875102e-01	2.356271e-11	
3.869607e-01	2.495881e-11	
4.643381e-01	3.376810e-11	
3.891579e-01	3.175094e-11	
3.863088e-01	7.930989e-12	
3.877539e-01	5.652767e-11	
3.878654e-01	2.905276e-11	
3.880758e-01	1.740874e-11	
3.890538e-01	9.927836e-12	
3.873629e-01	1.144562e-11	
3.842607e-01	1.706735e-11	
3.828657e-01	1.484546e-11	
3.814258e-01	6.401768e-12	
4.556733e-01	1.706635e-12	
3.426942e-01	2.484302e-11	
2.871159e-01	1.052638e-05	
2.773829e-01	1.214469e-05	
3.199108e-01	3.124738e-06	
2.745032e-01	2.046021e-05	
3.119237e-01	7.897385e-06	
2.639039e-01	2.115550e-05	
2.849770e-01	4.003349e-05	
2.668769e-01	3.448535e-05	
2.379448e-01	1.775693e-05	
2.837548e-01	3.478926e-05	
2.658218e-01	2.444939e-05	
2.796412e-01	4.708226e-05	
2.411755e-01	3.088404e-05	
2.451999e-01	4.329280e-05	
2.689238e-01	5.735968e-05	
2.581320e-01	4.228100e-05	
3.135119e-01	1.970512e-06	
2.656793e-01	4.949481e-05	
2.509764e-01	4.387247e-05	
2.531310e-01	4.180783e-05	
3.202862e-01	1.549932e-05	
2.613532e-01	4.771050e-05	
3.345842e-01	2.321500e-05	
2.508287e-01	2.910753e-05	
2.709368e-01	3.881144e-05	
2.583562e-01	3.129141e-05	
3.330020e-01	8.820697e-06	
3.216787e-01	5.634272e-06	
2.865399e-01	4.274617e-05	
3.309725e-01	6.072194e-06	
3.179841e-01	3.547382e-06	
3.357483e-01	1.563397e-05	
2.630746e-01	2.807522e-05	
2.837772e-01	3.375499e-05	
3.197074e-01	2.891595e-06	
2.753410e-01	1.835758e-05	
2.641573e-01	1.312968e-05	
3.078009e-01	9.090332e-06	
2.706914e-01	2.177621e-05	
2.454000e-02	2.700231e-05	
5.396927e-02	3.860716e-05	
7.758174e-02	3.942985e-05	
5.467721e-02	4.037857e-05	
6.086736e-02	4.380929e-05	
7.009541e-02	6.661712e-05	
2.837106e-02	6.873468e-05	
1.238443e-02	7.457325e-05	
6.667460e-02	5.301219e-05	
8.418082e-03	8.748918e-05	
5.875639e-02	5.698508e-05	
3.594186e-02	8.162962e-05	
4.970818e-02	7.539647e-05	
5.744136e-02	8.715610e-05	
9.754728e-02	6.734318e-05	
8.210291e-02	5.935162e-05	
5.692620e-02	7.669665e-05	
7.062222e-02	6.517358e-05	
6.867745e-02	8.433408e-05	
7.371022e-03	9.420208e-05	
6.371867e-02	7.742423e-05	
8.906633e-02	4.989567e-05	
3.444653e-02	8.468768e-05	
5.321143e-02	7.583006e-05	
6.710257e-02	5.972671e-05	
6.862036e-02	6.203550e-05	
3.925834e-02	8.210928e-05	
4.802966e-02	6.254020e-05	
7.673104e-02	6.773451e-05	
8.403665e-02	5.881076e-05	
1.056410e-02	7.518828e-05	
5.812391e-02	6.259970e-05	
5.500429e-02	5.882342e-05	
6.411222e-02	4.791732e-05	
6.073667e-02	2.893815e-05	
2.396980e-02	3.964782e-05	
3.103025e-01	3.580056e-05	
2.670538e-01	3.885907e-05	
8.488720e-02	6.678895e-05	
1.928242e-02	7.195623e-05	
3.054808e-02	7.624842e-05	
7.250897e-02	7.823124e-05	
2.036060e-02	9.247120e-05	
2.356940e-02	8.352033e-05	
5.760206e-02	9.181976e-05	
5.492306e-02	1.059060e-04	
4.817032e-02	8.826218e-05	
6.635977e-02	8.660640e-05	
6.486225e-02	1.070445e-04	
6.844038e-02	9.698474e-05	
1.480517e-02	1.008315e-04	
4.722988e-02	9.846003e-05	
7.769530e-02	1.220694e-04	
1.559413e-02	1.045666e-04	
6.565481e-02	8.608062e-05	
5.741452e-02	9.346656e-05	
3.486598e-02	9.336477e-05	
5.715028e-02	1.138931e-04	
1.283603e-02	1.057151e-04	
7.772031e-02	8.236342e-05	
2.934036e-02	1.046289e-04	
9.632056e-03	9.667082e-05	
7.346181e-02	9.758245e-05	
2.149845e-02	9.992832e-05	
1.205069e-02	1.085204e-04	
7.287954e-02	1.186141e-04	
1.601698e-02	1.086236e-04	
2.107139e-02	1.154508e-04	
7.712533e-02	1.288259e-04	
5.836102e-02	8.701840e-05	
7.550963e-02	7.302455e-05	
5.335409e-02	7.022726e-05	
5.034128e-02	8.038503e-05	
2.104794e-02	5.595523e-05	
3.085859e-01	5.400666e-05	
3.372035e-01	6.954540e-05	
1.550756e-02	7.888524e-05	
6.823333e-02	9.223973e-05	
5.647233e-02	9.641747e-05	
8.468700e-02	1.234792e-04	
1.694307e-02	1.173711e-04	
5.522371e-02	1.043209e-04	
5.048686e-02	1.011103e-04	
4.907750e-02	9.742172e-05	
6.614802e-02	1.101209e-04	
6.403523e-02	1.047455e-04	
6.058783e-02	1.247719e-04	
1.812290e-02	1.139724e-04	
1.626025e-02	1.133974e-04	
6.254739e-02	1.259373e-04	
5.998185e-02	1.292664e-04	
6.838992e-02	1.432054e-04	
2.631020e-02	1.324515e-04	
6.414038e-02	1.149118e-04	
7.087651e-02	1.052628e-04	
9.046744e-02	1.250537e-04	
6.964387e-02	1.203288e-04	
7.985926e-02	1.311891e-04	
6.511188e-02	1.176606e-04	
1.189934e-02	1.185630e-04	
7.556650e-02	1.069164e-04	
6.470255e-02	1.383853e-04	
9.085262e-02	1.386427e-04	
2.208235e-02	1.371488e-04	
7.514585e-02	1.503879e-04	
7.329054e-02	1.417869e-04	
5.572061e-02	1.407619e-04	
5.960518e-02	1.046944e-04	
6.365081e-02	8.293053e-05	
5.401405e-02	9.722597e-05	
4.306708e-02	9.423883e-05	
9.186741e-02	8.073191e-05	
2.844708e-01	3.938321e-05	
3.275770e-01	9.358317e-05	
5.781730e-02	8.994948e-05	
2.482747e-02	1.012744e-04	
6.897333e-02	1.170631e-04	
8.124777e-02	1.299988e-04	
8.590223e-02	1.356474e-04	
5.425516e-02	1.135095e-04	
9.024170e-02	1.000823e-04	
5.776612e-02	1.138774e-04	
1.036115e-01	1.181632e-04	
4.977868e-02	1.311257e-04	
6.988933e-02	1.406199e-04	
6.323691e-02	1.254954e-04	
9.288754e-02	1.231250e-04	
7.135112e-02	1.254354e-04	
6.810385e-02	1.478906e-04	
5.007449e-02	1.595806e-04	
8.070233e-02	1.270884e-04	
8.821507e-02	1.468964e-04	
2.105803e-02	1.277979e-04	
6.280224e-02	1.154201e-04	
5.370497e-02	1.285121e-04	
5.611039e-02	1.439527e-04	
6.222932e-02	1.306509e-04	
6.601432e-02	1.144877e-04	
7.907246e-02	1.362577e-04	
8.923421e-02	1.481120e-04	
7.801935e-02	1.384501e-04	
9.281832e-02	1.540987e-04	
6.011624e-02	1.605575e-04	
6.603240e-02	1.639450e-04	
2.326335e-02	1.339473e-04	
4.684285e-02	1.391192e-04	
6.547115e-02	1.043999e-04	
9.921123e-02	8.380503e-05	
7.099162e-02	8.227926e-05	
1.943475e-02	8.324398e-05	
3.295030e-01	7.334083e-05	
2.753900e-01	8.077301e-05	
7.265449e-02	1.301502e-04	
7.158734e-02	1.187544e-04	
1.561969e-02	1.336420e-04	
1.006989e-01	1.127398e-04	
4.881132e-02	1.210371e-04	
6.988510e-02	1.160049e-04	
6.414498e-02	1.252440e-04	
2.509715e-02	1.381123e-04	
8.746926e-02	1.341806e-04	
6.495179e-02	1.294478e-04	
2.300049e-02	1.403318e-04	
4.410515e-02	1.424144e-04	
5.488146e-03	1.412896e-04	
1.462144e-02	1.394358e-04	
1.352952e-02	1.498013e-04	
2.193642e-02	1.458982e-04	
8.928711e-02	1.538222e-04	
1.005663e-02	1.461268e-04	
2.073625e-02	1.386471e-04	
7.796016e-02	1.302454e-04	
4.825033e-02	1.303388e-04	
5.887041e-02	1.594829e-04	
3.052354e-02	1.421933e-04	
9.462604e-03	1.467490e-04	
5.843116e-02	1.415992e-04	
3.090125e-02	1.379093e-04	
6.051158e-02	1.448726e-04	
6.210909e-02	1.483560e-04	
5.986052e-02	1.464639e-04	
8.245732e-02	1.526369e-04	
3.269392e-02	1.572435e-04	
5.964671e-02	1.398627e-04	
5.379875e-02	1.334961e-04	
8.183724e-02	9.486660e-05	
5.048277e-02	9.719589e-05	
3.100241e-02	9.024527e-05	
3.265986e-01	9.041268e-05	
2.817532e-01	9.287469e-05	
5.301994e-02	1.105245e-04	
4.601427e-02	1.393700e-04	
5.692713e-02	1.275980e-04	
7.493793e-02	1.402423e-04	
9.927342e-02	1.222328e-04	
2.912257e-02	1.348347e-04	
5.968618e-02	1.346767e-04	
6.001845e-02	1.474623e-04	
4.770169e-02	1.430286e-04	
5.036795e-02	1.481243e-04	
6.501163e-02	1.372454e-04	
8.459670e-02	1.486322e-04	
3.141044e-02	1.518698e-04	
1.322941e-02	1.562937e-04	
7.262062e-02	1.429643e-04	
5.653792e-02	1.418440e-04	
1.874784e-02	1.553608e-04	
4.849972e-02	1.462238e-04	
3.119751e-03	1.445982e-04	
7.370592e-02	1.402466e-04	
8.656571e-02	1.444233e-04	
6.801451e-03	1.392228e-04	
5.667812e-02	1.445261e-04	
2.389374e-02	1.494134e-04	
6.408338e-02	1.548353e-04	
5.202145e-02	1.335647e-04	
6.752259e-02	1.439468e-04	
8.742047e-02	1.294491e-04	
4.727872e-02	1.503420e-04	
6.192622e-02	1.604197e-04	
5.823298e-02	1.777639e-04	
1.014582e-01	1.495674e-04	
5.627028e-02	1.319359e-04	
3.251146e-02	1.413545e-04	
5.867314e-03	1.216420e-04	
5.604856e-02	1.083656e-04	
2.726646e-01	7.439544e-05	
3.395024e-01	1.223302e-04	
4.735694e-02	1.210652e-04	
5.837524e-02	1.145359e-04	
5.076696e-02	1.325749e-04	
3.150187e-02	1.481876e-04	
1.761521e-02	1.428290e-04	
1.837039e-02	1.424334e-04	
6.529940e-02	1.492200e-04	
2.936651e-02	1.494981e-04	
5.752203e-02	1.366082e-04	
2.883641e-02	1.509663e-04	
1.014708e-02	1.430420e-04	
5.371857e-02	1.563164e-04	
4.975047e-02	1.599240e-04	
9.315848e-02	1.603561e-04	
6.824220e-02	1.582223e-04	
6.172646e-02	1.556619e-04	
9.469179e-02	1.677350e-04	
8.739242e-02	1.454822e-04	
9.337444e-02	1.457686e-04	
5.158789e-02	1.639713e-04	
2.997534e-02	1.461808e-04	
7.075327e-02	1.358797e-04	
5.010792e-02	1.341078e-04	
5.471902e-02	1.581360e-04	
1.390192e-02	1.488003e-04	
5.570033e-02	1.350916e-04	
8.401620e-02	1.327901e-04	
1.847461e-02	1.521464e-04	
4.750590e-02	1.651342e-04	
6.944976e-02	1.762306e-04	
3.222889e-02	1.637854e-04	
5.923706e-02	1.541455e-04	
5.676628e-02	1.531644e-04	
5.736788e-02	1.533392e-04	
8.888318e-02	1.203863e-04	
5.403398e-02	1.135379e-04	
2.617079e-01	9.344453e-05	
2.678415e-01	1.082865e-04	
2.541269e-02	1.462201e-04	
2.358859e-02	1.509006e-04	
7.830692e-02	1.623005e-04	
5.201751e-02	1.725209e-04	
6.236197e-02	1.565241e-04	
7.915036e-02	1.522375e-04	
6.783147e-02	1.581276e-04	
5.203770e-02	1.378886e-04	
7.413445e-02	1.621168e-04	
5.997704e-02	1.642445e-04	
4.776695e-02	1.474976e-04	
6.422096e-02	1.428998e-04	
6.832327e-02	1.642400e-04	
2.407908e-02	1.606932e-04	
1.570029e-02	1.629099e-04	
4.797391e-02	1.643231e-04	
3.206273e-02	1.553257e-04	
7.608275e-02	1.598204e-04	
2.569487e-02	1.575732e-04	
9.506277e-02	1.655557e-04	
5.059477e-02	1.508227e-04	
7.463529e-02	1.383746e-04	
7.763602e-02	1.387884e-04	
2.211325e-02	1.483079e-04	
8.929053e-02	1.376222e-04	
8.605031e-02	1.343329e-04	
9.542285e-02	1.368362e-04	
8.860686e-02	1.604131e-04	
8.127906e-02	1.759072e-04	
8.209600e-02	1.761309e-04	
3.169216e-02	1.678699e-04	
6.296493e-02	1.742441e-04	
3.081689e-02	1.643746e-04	
5.739522e-02	1.639737e-04	
5.726374e-02	1.407484e-04	
1.549661e-02	1.272833e-04	
2.814052e-01	8.484290e-05	
2.586535e-01	1.236237e-04	
5.795750e-02	1.505924e-04	
5.909273e-02	1.298431e-04	
8.964496e-02	1.879905e-04	
1.930956e-02	1.657107e-04	
8.163041e-02	1.741173e-04	
5.420432e-02	1.581626e-04	
3.630099e-02	1.457369e-04	
5.934766e-02	1.497462e-04	
7.279999e-02	1.487130e-04	
2.005788e-02	1.543277e-04	
7.046850e-02	1.627881e-04	
2.949400e-02	1.522787e-04	
7.409411e-02	1.481419e-04	
1.542612e-02	1.536487e-04	
4.640633e-02	1.611498e-04	
5.098505e-02	1.615061e-04	
1.620742e-02	1.550713e-04	
8.754432e-02	1.530238e-04	
8.885160e-02	1.712920e-04	
3.345738e-02	1.550281e-04	
1.283455e-02	1.559172e-04	
5.671512e-02	1.573170e-04	
5.001076e-02	1.427531e-04	
3.025280e-02	1.559018e-04	
3.099444e-02	1.471337e-04	
4.794596e-02	1.560251e-04	
7.806849e-02	1.483177e-04	
6.317791e-02	1.719305e-04	
8.510040e-02	1.530313e-04	
7.927722e-03	1.634555e-04	
8.260126e-02	1.592196e-04	
7.771190e-02	1.865871e-04	
4.711663e-02	1.743286e-04	
5.828741e-02	1.781316e-04	
7.714698e-02	1.591335e-04	
7.818191e-02	1.275602e-04	
2.320504e-01	1.234086e-04	
2.787727e-01	1.196975e-04	
3.290967e-02	1.623055e-04	
7.906051e-02	1.735830e-04	
6.559810e-02	1.687434e-04	
5.370646e-02	1.859249e-04	
7.776075e-02	1.621378e-04	
8.258188e-02	1.692290e-04	
7.958289e-02	1.437400e-04	
7.345537e-02	1.465090e-04	
7.555718e-02	1.544823e-04	
6.540729e-02	1.489789e-04	
2.227512e-02	1.580685e-04	
3.336329e-02	1.591302e-04	
2.443544e-02	1.463503e-04	
2.182297e-02	1.576342e-04	
7.812361e-03	1.580952e-04	
5.934861e-02	1.509084e-04	
1.809830e-02	1.573486e-04	
4.328467e-02	1.676358e-04	
4.657890e-02	1.677870e-04	
6.498883e-02	1.480032e-04	
6.789942e-02	1.486985e-04	
4.052884e-02	1.693612e-04	
9.096192e-02	1.647221e-04	
2.520410e-02	1.529763e-04	
6.087615e-02	1.577795e-04	
1.023772e-01	1.544124e-04	
7.106916e-02	1.770159e-04	
5.591446e-02	1.755001e-04	
5.093465e-02	1.702000e-04	
1.639179e-02	1.684723e-04	
6.018031e-02	1.665354e-04	
7.067992e-02	1.786389e-04	
4.625594e-02	1.661432e-04	
1.658680e-02	1.654721e-04	
6.694346e-02	1.764120e-04	
7.381972e-02	1.606070e-04	
2.749212e-01	1.081512e-04	
2.503573e-01	1.550566e-04	
7.943795e-02	1.631379e-04	
5.852363e-02	1.766183e-04	
7.282126e-02	1.910563e-04	
6.484394e-02	1.825940e-04	
6.621991e-02	1.749029e-04	
6.474189e-02	1.535505e-04	
1.062893e-01	1.426802e-04	
6.077436e-02	1.434934e-04	
4.694520e-02	1.638799e-04	
5.718772e-02	1.567920e-04	
6.313667e-02	1.554495e-04	
9.456944e-02	1.568698e-04	
5.968506e-02	1.524891e-04	
5.326099e-02	1.483432e-04	
3.057730e-02	1.562061e-04	
7.169231e-02	1.520177e-04	
4.642789e-02	1.547060e-04	
6.216336e-02	1.676279e-04	
1.286621e-02	1.584295e-04	
2.806410e-02	1.538845e-04	
4.497130e-02	1.614105e-04	
5.024615e-02	1.638512e-04	
6.425833e-02	1.631814e-04	
6.214633e-02	1.550714e-04	
5.974320e-02	1.646250e-04	
8.778273e-02	1.632426e-04	
7.035051e-02	1.703093e-04	
7.837375e-02	1.540071e-04	
6.224289e-02	1.702086e-04	
1.716892e-02	1.620506e-04	
8.637202e-02	1.679549e-04	
3.373603e-02	1.802213e-04	
1.960025e-02	1.705389e-04	
6.168602e-02	1.647992e-04	
5.227529e-02	1.848366e-04	
1.350201e-02	1.672368e-04	
2.550637e-01	1.335558e-04	
2.793325e-01	1.264015e-04	
2.316906e-02	1.946392e-04	
2.124346e-02	1.791095e-04	
6.519964e-02	1.887008e-04	
1.807973e-02	1.781525e-04	
7.917141e-02	1.662991e-04	
5.484851e-02	1.757005e-04	
4.528663e-02	1.561900e-04	
7.108817e-02	1.612323e-04	
7.961274e-02	1.662518e-04	
3.925153e-02	1.579934e-04	
5.820716e-02	1.532461e-04	
5.627599e-02	1.483527e-04	
4.891886e-02	1.631694e-04	
7.140159e-02	1.427061e-04	
1.626308e-02	1.558217e-04	
6.468564e-02	1.582588e-04	
8.525084e-03	1.566230e-04	
4.106052e-02	1.660927e-04	
8.173911e-02	1.483108e-04	
6.528811e-02	1.516452e-04	
1.074732e-01	1.543939e-04	
5.831315e-02	1.514217e-04	
6.549610e-02	1.648961e-04	
5.830716e-02	1.577390e-04	
5.405589e-02	1.504735e-04	
3.549664e-02	1.644192e-04	
4.970527e-02	1.648310e-04	
6.958239e-02	1.454394e-04	
4.451521e-02	1.636302e-04	
9.411437e-02	1.485375e-04	
9.896675e-02	1.702556e-04	
6.410610e-02	1.658161e-04	
6.464462e-02	1.818821e-04	
8.116478e-02	1.551837e-04	
9.027295e-02	2.004937e-04	
5.290641e-02	1.905126e-04	
3.192855e-01	1.750510e-04	
2.455474e-01	1.721848e-04	
6.414163e-03	1.821140e-04	
1.325548e-02	1.927908e-04	
9.834831e-02	1.987533e-04	
7.175980e-02	1.874448e-04	
5.803344e-02	1.781450e-04	
5.008592e-02	1.601966e-04	
8.132297e-02	1.511385e-04	
4.744542e-02	1.694505e-04	
3.296312e-02	1.593463e-04	
5.330919e-02	1.657377e-04	
6.844025e-02	1.434737e-04	
1.440293e-02	1.547923e-04	
5.491831e-02	1.475175e-04	
4.776035e-02	1.582055e-04	
7.605934e-02	1.505319e-04	
6.200892e-02	1.678043e-04	
6.874324e-02	1.622251e-04	
5.520348e-02	1.536313e-04	
5.004430e-02	1.536986e-04	
8.060741e-02	1.632677e-04	
6.711372e-02	1.627617e-04	
6.148386e-02	1.482263e-04	
6.126857e-02	1.511391e-04	
9.874194e-02	1.529101e-04	
2.790664e-02	1.575990e-04	
5.333368e-02	1.695761e-04	
7.285899e-02	1.587593e-04	
1.349496e-02	1.617672e-04	
8.031539e-02	1.498920e-04	
5.641519e-02	1.672638e-04	
7.099388e-02	1.694812e-04	
9.973215e-02	1.689257e-04	
5.318357e-02	1.781545e-04	
1.777564e-02	1.683797e-04	
2.105641e-02	1.761462e-04	
3.391662e-02	1.684633e-04	
2.451684e-01	1.685830e-04	
2.602110e-01	1.660397e-04	
5.530303e-02	1.930057e-04	
5.198549e-02	1.860286e-04	
9.380555e-02	2.108319e-04	
5.127083e-02	1.742765e-04	
7.129901e-02	1.632559e-04	
6.817277e-02	1.529668e-04	
9.093777e-02	1.666435e-04	
1.345588e-02	1.631919e-04	
7.758255e-02	1.630287e-04	
5.998363e-02	1.523543e-04	
6.795618e-02	1.585449e-04	
7.860732e-02	1.502033e-04	
1.976328e-02	1.556003e-04	
9.788111e-02	1.597791e-04	
1.402139e-02	1.542404e-04	
6.451789e-02	1.641091e-04	
4.382830e-02	1.663940e-04	
1.417068e-02	1.557488e-04	
6.162217e-02	1.600811e-04	
5.751268e-02	1.573891e-04	
5.946579e-02	1.613816e-04	
8.357554e-02	1.558106e-04	
7.147088e-02	1.472313e-04	
6.140923e-02	1.559427e-04	
1.334054e-03	1.616554e-04	
7.286958e-02	1.625064e-04	
4.133265e-02	1.578589e-04	
5.262776e-02	1.654059e-04	
1.938303e-02	1.599713e-04	
5.340014e-02	1.480298e-04	
6.430319e-02	1.661965e-04	
6.440582e-02	1.540577e-04	
5.834430e-02	1.573821e-04	
6.117887e-02	1.705191e-04	
5.750759e-02	1.856748e-04	
6.861348e-02	2.052713e-04	
2.652875e-01	1.700737e-04	
2.677283e-01	1.809679e-04	
1.422560e-02	1.955690e-04	
8.498989e-02	2.089455e-04	
7.213843e-02	2.107504e-04	
8.440772e-02	1.781988e-04	
7.572950e-02	1.598684e-04	
7.106580e-02	1.498127e-04	
1.170060e-01	1.533516e-04	
6.772727e-02	1.653942e-04	
4.545826e-02	1.660140e-04	
6.793308e-02	1.540561e-04	
6.718279e-02	1.618932e-04	
7.098952e-02	1.551874e-04	
2.251544e-02	1.518443e-04	
5.357581e-02	1.574629e-04	
1.890613e-02	1.529814e-04	
8.040487e-02	1.575264e-04	
1.005454e-02	1.554308e-04	
3.049770e-02	1.596068e-04	
7.141638e-02	1.626820e-04	
8.025620e-02	1.582930e-04	
4.715350e-02	1.624552e-04	
7.702371e-02	1.618097e-04	
9.116178e-02	1.511423e-04	
1.841256e-02	1.514916e-04	
5.258023e-02	1.581199e-04	
1.552302e-02	1.524251e-04	
5.109222e-02	1.429389e-04	
8.998547e-02	1.583037e-04	
5.037459e-02	1.529529e-04	
7.936024e-02	1.663090e-04	
7.137800e-02	1.600086e-04	
7.480875e-02	1.443317e-04	
5.296123e-02	1.429293e-04	
5.883660e-02	1.522540e-04	
7.554041e-02	1.783116e-04	
5.362533e-02	2.108505e-04	
2.893408e-01	1.806839e-04	
2.721341e-01	1.727611e-04	
6.662933e-02	1.808680e-04	
7.011561e-02	2.113205e-04	
5.848738e-02	1.989691e-04	
1.052284e-02	1.742244e-04	
4.680835e-02	1.596895e-04	
7.375053e-02	1.412677e-04	
6.197103e-02	1.576189e-04	
8.803524e-02	1.496544e-04	
5.260349e-02	1.617593e-04	
5.428619e-02	1.678375e-04	
7.625277e-02	1.618705e-04	
7.577460e-02	1.569182e-04	
1.002868e-01	1.531963e-04	
5.905651e-02	1.447932e-04	
6.180127e-02	1.573459e-04	
2.990098e-02	1.474818e-04	
2.961716e-02	1.469781e-04	
6.913652e-02	1.599939e-04	
5.255981e-02	1.632761e-04	
4.660644e-02	1.503552e-04	
6.454517e-02	1.587031e-04	
7.867400e-02	1.590511e-04	
6.835936e-02	1.562657e-04	
7.743347e-02	1.566230e-04	
6.657255e-02	1.419791e-04	
4.371173e-02	1.422871e-04	
5.188080e-02	1.489770e-04	
2.494262e-02	1.485731e-04	
7.628145e-02	1.692162e-04	
2.815334e-02	1.482530e-04	
1.223249e-02	1.514429e-04	
4.893386e-02	1.352581e-04	
7.326881e-02	1.314172e-04	
1.953092e-02	1.647419e-04	
7.746939e-02	1.820139e-04	
8.647560e-02	2.050974e-04	
2.771674e-01	1.928772e-04	
2.735781e-01	1.645041e-04	
2.170825e-02	1.638491e-04	
8.728381e-02	1.762719e-04	
1.879790e-02	1.683957e-04	
5.916517e-02	1.708845e-04	
5.909686e-02	1.608475e-04	
1.697560e-02	1.549517e-04	
5.226936e-02	1.525981e-04	
2.589104e-02	1.506916e-04	
8.228399e-02	1.610517e-04	
1.027819e-01	1.507513e-04	
4.764409e-02	1.622508e-04	
7.952747e-02	1.596973e-04	
8.050215e-02	1.465182e-04	
5.903537e-02	1.455713e-04	
6.949424e-03	1.411623e-04	
8.210356e-02	1.337137e-04	
1.572620e-02	1.416720e-04	
6.117747e-02	1.398326e-04	
1.408266e-02	1.473049e-04	
5.335189e-02	1.548316e-04	
6.575040e-03	1.481999e-04	
6.576355e-02	1.561202e-04	
6.698504e-02	1.557918e-04	
7.559109e-02	1.440675e-04	
2.299476e-02	1.406337e-04	
6.940505e-02	1.359818e-04	
5.296332e-02	1.403700e-04	
2.776886e-02	1.452360e-04	
4.350430e-02	1.426593e-04	
4.946648e-02	1.431765e-04	
5.479731e-02	1.268046e-04	
4.738072e-02	1.339562e-04	
6.714491e-02	1.452610e-04	
7.976624e-02	1.810994e-04	
4.613394e-02	1.836987e-04	
1.335885e-02	1.803555e-04	
2.638430e-01	1.967774e-04	
2.656756e-01	1.873194e-04	
8.422567e-02	1.847230e-04	
8.747757e-02	1.484540e-04	
1.791780e-02	1.553391e-04	
8.001834e-02	1.491112e-04	
7.087853e-02	1.597252e-04	
1.799096e-02	1.502993e-04	
5.981738e-02	1.378828e-04	
6.051830e-02	1.443293e-04	
3.708213e-02	1.476362e-04	
9.761870e-02	1.621658e-04	
2.120433e-02	1.519912e-04	
5.240104e-02	1.545594e-04	
4.799162e-02	1.462477e-04	
2.555985e-02	1.389618e-04	
6.804748e-02	1.342991e-04	
2.956765e-02	1.315692e-04	
7.434814e-02	1.249021e-04	
3.699696e-02	1.344541e-04	
1.801327e-02	1.410214e-04	
6.967447e-02	1.394996e-04	
5.341116e-02	1.419639e-04	
1.557432e-02	1.427299e-04	
7.708080e-02	1.481599e-04	
5.467159e-02	1.349610e-04	
6.830895e-02	1.370948e-04	
2.890945e-02	1.297268e-04	
2.350712e-02	1.361258e-04	
6.437425e-02	1.380830e-04	
6.078539e-02	1.459294e-04	
7.342257e-02	1.169549e-04	
2.368331e-02	1.343827e-04	
7.285645e-02	1.458033e-04	
5.669442e-02	1.638959e-04	
5.659972e-02	1.753906e-04	
5.547810e-02	1.643000e-04	
2.084299e-02	1.697377e-04	
2.629633e-01	1.909664e-04	
2.761416e-01	1.780355e-04	
7.511102e-02	2.047048e-04	
7.981456e-02	1.706685e-04	
2.256136e-02	1.424349e-04	
7.039878e-02	1.409126e-04	
6.452536e-02	1.252121e-04	
6.207775e-02	1.401252e-04	
5.231053e-02	1.442199e-04	
5.050044e-02	1.497451e-04	
4.162382e-02	1.389844e-04	
5.462231e-02	1.434933e-04	
1.790330e-02	1.443405e-04	
2.161796e-02	1.449745e-04	
7.376425e-02	1.457843e-04	
6.852457e-02	1.427485e-04	
8.084127e-02	1.280648e-04	
6.442132e-02	1.312059e-04	
6.972540e-02	1.262809e-04	
8.492466e-02	1.246382e-04	
1.944654e-02	1.350357e-04	
8.063523e-02	1.382181e-04	
3.053768e-02	1.377518e-04	
4.735767e-02	1.279150e-04	
5.233144e-02	1.277412e-04	
3.248374e-02	1.318777e-04	
7.522007e-02	1.330105e-04	
7.097324e-02	1.226810e-04	
2.028925e-02	1.279750e-04	
5.723360e-02	1.194592e-04	
7.096255e-02	1.138295e-04	
5.650823e-02	1.242912e-04	
5.042889e-02	1.397540e-04	
7.147405e-02	1.696912e-04	
8.493650e-02	1.613150e-04	
5.382881e-02	1.540691e-04	
4.875175e-02	1.630581e-04	
5.598643e-02	1.800534e-04	
2.788624e-01	1.618763e-04	
2.646670e-01	1.801923e-04	
3.096780e-02	1.589438e-04	
1.530222e-02	1.497841e-04	
7.267849e-02	1.608463e-04	
2.320764e-02	1.437713e-04	
9.349414e-03	1.396584e-04	
8.373800e-02	1.276758e-04	
7.138290e-02	1.272077e-04	
1.309273e-02	1.358395e-04	
8.145800e-02	1.359200e-04	
6.197280e-02	1.440942e-04	
2.737735e-02	1.363685e-04	
8.940590e-03	1.414122e-04	
7.834844e-02	1.442763e-04	
8.156678e-02	1.253901e-04	
4.787383e-02	1.269017e-04	
8.599920e-02	1.318630e-04	
1.187267e-02	1.252232e-04	
8.819508e-02	1.312790e-04	
1.031944e-01	1.171899e-04	
1.340470e-02	1.295636e-04	
9.914073e-02	1.221342e-04	
4.629753e-02	1.250310e-04	
9.040817e-02	1.220495e-04	
6.380523e-02	1.242763e-04	
3.073183e-03	1.256530e-04	
7.295536e-02	1.316722e-04	
1.734080e-02	1.150906e-04	
5.434499e-02	1.116446e-04	
7.251793e-02	1.072953e-04	
6.619505e-02	1.143777e-04	
9.082891e-02	1.372993e-04	
6.574021e-02	1.378410e-04	
5.189170e-02	1.600184e-04	
4.172762e-02	1.654140e-04	
8.702873e-02	1.834035e-04	
1.087519e-02	1.703147e-04	
2.715719e-01	1.641914e-04	
2.675857e-01	1.670846e-04	
4.990013e-02	1.758252e-04	
8.533390e-02	1.591880e-04	
6.623311e-02	1.425043e-04	
5.135825e-02	1.419513e-04	
6.557269e-02	1.421952e-04	
2.582077e-02	1.424461e-04	
6.760671e-02	1.338162e-04	
7.762873e-02	1.165958e-04	
5.738497e-02	1.284723e-04	
4.827487e-02	1.405612e-04	
7.118593e-02	1.348373e-04	
6.481148e-02	1.379761e-04	
1.181422e-02	1.298560e-04	
8.230882e-02	1.198114e-04	
6.195247e-02	1.224730e-04	
4.373027e-02	1.212558e-04	
6.706572e-02	1.338094e-04	
5.680843e-02	1.187171e-04	
7.900495e-03	1.234046e-04	
7.873660e-02	1.156074e-04	
3.235315e-02	1.258259e-04	
1.909583e-02	1.246612e-04	
2.616205e-02	1.235112e-04	
7.083548e-02	1.150951e-04	
6.540574e-02	1.163848e-04	
1.591406e-02	1.201864e-04	
5.309581e-02	1.102608e-04	
7.621155e-02	1.120048e-04	
6.552923e-02	1.174416e-04	
5.138730e-02	1.195271e-04	
7.801005e-02	1.363853e-04	
4.602260e-02	1.441753e-04	
5.093093e-02	1.410474e-04	
2.648978e-02	1.505310e-04	
4.585432e-02	1.789297e-04	
3.095382e-02	1.905635e-04	
2.556268e-01	1.668421e-04	
3.174490e-01	2.287265e-04	
2.528371e-02	1.976694e-04	
9.751321e-02	1.713786e-04	
6.299605e-02	1.321790e-04	
2.583533e-02	1.414185e-04	
7.207663e-02	1.179547e-04	
6.885277e-02	1.219879e-04	
6.351337e-02	1.401698e-04	
7.627770e-02	1.221028e-04	
3.078832e-02	1.199751e-04	
6.623776e-02	1.177186e-04	
6.109786e-02	1.249759e-04	
2.783276e-02	1.238659e-04	
1.238519e-02	1.223334e-04	
5.274696e-02	1.196419e-04	
8.056368e-02	1.251976e-04	
5.232281e-02	1.131594e-04	
7.547169e-02	1.209618e-04	
4.843212e-02	1.262301e-04	
5.674291e-02	1.188031e-04	
6.416686e-02	1.133426e-04	
1.949988e-02	1.200825e-04	
6.563109e-02	1.296850e-04	
8.266441e-02	1.279221e-04	
8.883843e-02	1.052543e-04	
2.750819e-02	1.113867e-04	
9.441166e-02	1.131678e-04	
8.945250e-02	1.036807e-04	
4.626237e-02	1.215534e-04	
6.990137e-02	1.308633e-04	
6.277416e-02	1.320609e-04	
7.218939e-02	1.115487e-04	
4.103598e-02	1.256090e-04	
5.728216e-02	1.314475e-04	
6.500447e-02	1.625935e-04	
2.128318e-02	1.454408e-04	
6.956597e-02	1.386560e-04	
2.571025e-01	1.557822e-04	
2.611382e-01	1.834145e-04	
9.421659e-02	1.756384e-04	
6.321843e-02	1.442206e-04	
7.831911e-02	1.688200e-04	
4.261366e-02	1.222792e-04	
4.355550e-02	1.228559e-04	
8.134358e-02	1.303709e-04	
5.032389e-02	1.343469e-04	
5.918491e-02	1.288337e-04	
5.211350e-02	1.278200e-04	
2.439418e-02	1.129723e-04	
7.948569e-02	1.060079e-04	
7.757059e-03	1.153208e-04	
3.759683e-02	1.173023e-04	
5.141464e-02	1.230677e-04	
2.242719e-02	1.141592e-04	
9.917334e-02	1.066908e-04	
6.924436e-02	1.146416e-04	
2.739187e-02	1.162475e-04	
7.158725e-02	1.227890e-04	
6.518570e-02	1.121823e-04	
4.776500e-02	1.196244e-04	
1.628456e-02	1.117193e-04	
5.028309e-02	1.225333e-04	
8.648514e-03	1.139597e-04	
3.552791e-02	1.125994e-04	
6.745897e-02	1.041135e-04	
1.090158e-02	1.130242e-04	
2.632301e-02	1.221605e-04	
8.695651e-02	1.351404e-04	
6.773971e-02	1.216168e-04	
6.574501e-02	1.176421e-04	
3.979084e-02	1.237675e-04	
7.146894e-02	1.331738e-04	
9.917125e-02	1.342753e-04	
4.686953e-02	1.522194e-04	
2.053392e-02	1.448959e-04	
2.565682e-01	1.189316e-04	
2.725757e-01	1.382410e-04	
1.874793e-02	1.415905e-04	
5.266477e-02	1.333364e-04	
5.849981e-02	1.371507e-04	
5.504683e-02	1.491905e-04	
8.826189e-02	1.330782e-04	
5.290912e-02	1.460734e-04	
6.970008e-02	1.206333e-04	
8.940310e-02	1.245936e-04	
8.049591e-02	1.196284e-04	
1.236275e-02	1.086744e-04	
4.181222e-02	1.062031e-04	
4.955323e-02	9.812567e-05	
2.453030e-02	1.159642e-04	
8.470337e-02	1.184545e-04	
7.101382e-02	1.123044e-04	
4.569468e-02	1.007542e-04	
7.896625e-02	1.079754e-04	
7.027795e-02	1.112508e-04	
7.690064e-02	9.793553e-05	
8.780976e-02	1.157321e-04	
2.547675e-02	1.141294e-04	
5.471978e-02	1.099522e-04	
5.513750e-02	1.030866e-04	
5.950410e-02	1.166782e-04	
4.420763e-02	1.098319e-04	
2.754535e-02	1.011999e-04	
7.411688e-02	1.163834e-04	
7.272808e-02	1.215134e-04	
2.924954e-02	1.132799e-04	
1.401580e-02	1.145823e-04	
1.964748e-02	1.169062e-04	
1.413184e-02	1.116608e-04	
7.513666e-02	1.405750e-04	
6.005970e-02	1.250130e-04	
3.189746e-02	1.462997e-04	
2.672201e-02	1.673053e-04	
2.485416e-01	1.477856e-04	
3.248427e-01	1.968545e-04	
1.752652e-02	1.504087e-04	
1.159423e-02	1.282716e-04	
7.833036e-02	1.157200e-04	
5.060695e-02	1.300247e-04	
3.621103e-02	1.291571e-04	
7.073690e-02	1.288587e-04	
5.670389e-02	1.256305e-04	
7.530640e-02	1.294828e-04	
8.110627e-02	1.056160e-04	
6.950088e-02	9.887588e-05	
7.457407e-02	9.547364e-05	
7.930237e-02	8.802854e-05	
2.458256e-02	1.033568e-04	
7.844493e-02	1.076517e-04	
2.146134e-02	1.087024e-04	
6.989602e-02	1.095090e-04	
7.223347e-02	9.539819e-05	
7.245861e-02	9.399391e-05	
1.773041e-02	1.002881e-04	
7.321959e-02	9.359695e-05	
7.476725e-02	1.008138e-04	
5.889690e-02	1.034578e-04	
3.411608e-02	9.725684e-05	
8.097252e-02	1.038820e-04	
6.721740e-02	9.172761e-05	
3.388197e-02	9.928339e-05	
9.032913e-02	1.063196e-04	
5.176099e-02	1.037273e-04	
6.170813e-02	9.309797e-05	
5.829392e-02	9.462458e-05	
7.828247e-02	1.177061e-04	
6.132440e-02	1.193459e-04	
7.731724e-02	1.115523e-04	
7.536348e-02	1.098507e-04	
7.508951e-02	1.067586e-04	
9.591485e-02	1.736649e-04	
3.213337e-01	2.005347e-04	
2.441171e-01	1.750523e-04	
6.362743e-02	1.254856e-04	
7.693893e-02	1.189323e-04	
1.861882e-02	1.194589e-04	
1.469827e-02	1.123910e-04	
6.959292e-02	1.182703e-04	
2.737313e-02	1.179610e-04	
6.815211e-02	1.113792e-04	
7.169562e-02	1.029223e-04	
5.166120e-02	1.096541e-04	
7.179732e-02	8.768220e-05	
5.328792e-02	8.822198e-05	
6.726318e-02	9.351026e-05	
6.276696e-02	8.854077e-05	
7.032183e-02	1.010509e-04	
1.626088e-02	9.818506e-05	
7.291334e-02	1.061266e-04	
5.889140e-02	9.649952e-05	
3.386035e-02	9.511366e-05	
8.328860e-02	9.774371e-05	
2.163622e-02	9.492575e-05	
3.784183e-02	9.247771e-05	
2.118253e-02	8.924785e-05	
2.937828e-02	9.066400e-05	
8.006227e-02	8.092997e-05	
9.380857e-03	9.109990e-05	
4.540563e-02	9.557311e-05	
8.259921e-02	8.617033e-05	
5.834936e-02	8.291984e-05	
5.957815e-02	8.506363e-05	
6.536353e-02	9.513538e-05	
7.909906e-02	1.082569e-04	
4.972260e-02	1.074045e-04	
8.746095e-02	1.395606e-04	
7.917028e-02	1.180628e-04	
4.678061e-02	1.251185e-04	
9.349506e-03	1.525392e-04	
3.214686e-01	1.862070e-04	
2.785497e-01	9.573457e-05	
2.602918e-02	9.830125e-05	
5.373666e-02	7.315974e-05	
1.978450e-02	1.001828e-04	
5.795390e-02	1.108357e-04	
2.815669e-02	9.684962e-05	
5.790598e-02	1.119502e-04	
2.877789e-02	1.003271e-04	
4.777837e-02	8.894870e-05	
5.013249e-02	8.986751e-05	
5.683841e-02	9.481324e-05	
1.752670e-02	8.696810e-05	
5.015650e-02	9.859027e-05	
5.236782e-02	8.910162e-05	
8.708201e-03	8.821215e-05	
2.062523e-02	9.025499e-05	
4.135580e-02	9.987215e-05	
1.011669e-02	9.122767e-05	
5.467034e-02	8.500700e-05	
6.087370e-02	9.117633e-05	
2.281453e-02	8.796287e-05	
5.459266e-02	8.418754e-05	
2.079618e-02	7.889958e-05	
8.595859e-02	8.164380e-05	
2.513629e-02	8.274106e-05	
2.831214e-02	8.269162e-05	
6.313506e-02	7.772912e-05	
9.055099e-02	6.890354e-05	
6.794609e-02	6.936077e-05	
3.026676e-02	8.050597e-05	
7.387727e-02	1.044456e-04	
8.065680e-02	1.050514e-04	
1.846863e-02	9.818943e-05	
1.546289e-02	1.147887e-04	
6.774513e-02	1.186888e-04	
4.221890e-02	1.197483e-04	
5.121158e-02	1.470008e-04	
3.168343e-01	2.129874e-04	
2.797648e-01	1.076847e-04	
5.448740e-02	8.889006e-05	
2.252766e-02	9.241013e-05	
6.203600e-02	1.006847e-04	
7.476052e-02	9.397015e-05	
1.158467e-02	9.019222e-05	
7.035721e-02	9.966463e-05	
5.573268e-02	8.660203e-05	
1.943389e-02	9.336011e-05	
7.895000e-02	9.257347e-05	
5.947060e-02	8.587528e-05	
2.538993e-02	8.987721e-05	
5.236875e-02	9.402763e-05	
1.536693e-02	8.799533e-05	
6.821538e-02	8.385029e-05	
5.467824e-02	8.851484e-05	
2.409125e-02	8.617212e-05	
9.082006e-02	8.843159e-05	
4.492938e-02	7.626195e-05	
6.779182e-02	7.739205e-05	
4.920618e-02	8.007460e-05	
2.766954e-02	7.036639e-05	
8.479110e-02	6.769519e-05	
6.796522e-02	6.888467e-05	
8.547071e-03	7.559990e-05	
6.363393e-02	7.436434e-05	
1.386463e-02	7.444661e-05	
6.396231e-02	6.648331e-05	
2.022926e-02	7.494337e-05	
5.456998e-02	6.660193e-05	
7.459617e-02	8.486104e-05	
5.736506e-02	8.598063e-05	
8.542397e-02	9.976498e-05	
6.817692e-02	1.189495e-04	
7.833175e-02	1.463899e-04	
7.731081e-02	1.391398e-04	
2.327593e-02	1.498418e-04	
2.508673e-01	1.481431e-04	
3.074445e-01	2.152993e-04	
3.764293e-02	1.382586e-04	
2.183648e-02	8.305190e-05	
6.946769e-02	7.329537e-05	
9.815635e-02	6.098091e-05	
2.729371e-02	8.173670e-05	
5.612848e-02	7.103865e-05	
5.094594e-02	7.187203e-05	
5.123297e-02	9.849466e-05	
6.714989e-02	8.510132e-05	
5.336019e-02	8.557242e-05	
5.888299e-02	8.427827e-05	
6.127893e-02	7.709898e-05	
8.911558e-02	8.531013e-05	
2.145695e-02	7.573228e-05	
1.425701e-02	7.159081e-05	
8.076452e-02	7.815198e-05	
5.934841e-02	7.542224e-05	
5.365618e-02	6.987387e-05	
2.045954e-02	7.222290e-05	
9.067277e-02	6.756017e-05	
5.689626e-02	6.365718e-05	
6.897622e-02	6.030837e-05	
4.668836e-02	5.983213e-05	
7.503203e-02	6.801590e-05	
2.365983e-02	6.929205e-05	
4.927517e-02	7.606218e-05	
8.908465e-02	8.195571e-05	
7.236914e-02	6.175085e-05	
5.803737e-02	7.938073e-05	
5.671717e-02	6.724238e-05	
8.625690e-02	9.884070e-05	
8.056142e-02	8.349358e-05	
2.730480e-02	9.891649e-05	
1.106688e-02	1.277252e-04	
9.207529e-02	1.686808e-04	
6.496864e-02	1.402241e-04	
2.723282e-01	1.122479e-04	
2.745952e-01	7.538314e-05	
7.081198e-02	7.332404e-05	
1.945389e-02	7.662569e-05	
2.412066e-02	7.323603e-05	
4.742482e-02	8.656086e-05	
6.150777e-02	6.642926e-05	
2.263895e-02	6.860949e-05	
7.769085e-02	6.339256e-05	
7.153601e-02	7.959607e-05	
2.763760e-02	7.854148e-05	
1.442252e-02	7.525238e-05	
2.283285e-02	7.354569e-05	
5.007925e-02	7.356163e-05	
4.443729e-03	6.734265e-05	
2.260034e-02	6.370404e-05	
6.297982e-02	6.110477e-05	
5.311688e-03	6.312903e-05	
3.254448e-02	7.028327e-05	
1.779734e-02	6.300294e-05	
1.471482e-02	6.246990e-05	
2.699084e-02	6.185780e-05	
1.739790e-02	5.870981e-05	
1.674028e-02	5.942831e-05	
1.022018e-02	6.323292e-05	
7.643292e-02	6.122107e-05	
1.647685e-02	6.655443e-05	
6.616867e-02	7.407797e-05	
7.800564e-02	6.939857e-05	
5.455189e-02	7.508515e-05	
7.571437e-02	4.835448e-05	
3.585402e-03	7.259547e-05	
4.776786e-02	6.856311e-05	
5.080703e-02	1.010763e-04	
7.686505e-02	1.022841e-04	
7.005074e-02	1.236418e-04	
5.389339e-02	1.316533e-04	
5.757015e-02	1.570651e-04	
2.418864e-01	1.601635e-04	
3.165453e-01	1.717849e-04	
7.053139e-02	7.343963e-05	
6.903752e-02	2.695270e-05	
7.215479e-02	6.147177e-05	
2.458103e-02	6.608425e-05	
2.023253e-02	6.683441e-05	
4.571532e-02	6.902574e-05	
6.270997e-02	7.777877e-05	
4.519840e-02	6.443290e-05	
5.317272e-03	7.228535e-05	
8.523484e-02	8.116832e-05	
4.728924e-02	5.667492e-05	
9.895478e-03	6.050425e-05	
5.401205e-02	5.476905e-05	
5.512999e-03	5.366344e-05	
6.696934e-02	4.857027e-05	
1.924982e-02	5.411578e-05	
1.276351e-02	5.483690e-05	
6.281283e-02	6.499831e-05	
2.702798e-02	6.087423e-05	
2.829900e-02	5.474632e-05	
6.783753e-02	5.071467e-05	
6.927532e-02	6.177905e-05	
7.559682e-02	5.904256e-05	
8.002212e-02	4.716091e-05	
7.976964e-02	6.765811e-05	
5.890177e-02	7.038204e-05	
6.774891e-02	7.797004e-05	
5.783541e-02	5.787257e-05	
5.716832e-02	5.515842e-05	
5.009409e-02	5.925698e-05	
5.462747e-02	7.823392e-05	
5.563831e-02	8.178612e-05	
5.923119e-02	9.330438e-05	
1.553033e-02	9.410924e-05	
1.560295e-02	1.104317e-04	
2.852552e-02	1.264392e-04	
2.474997e-01	1.468127e-04	
2.728463e-01	7.626511e-05	
2.350823e-02	9.824416e-05	
8.007397e-02	6.136526e-05	
1.381163e-02	5.786911e-05	
6.117888e-02	6.307829e-05	
2.336062e-02	6.360845e-05	
5.281288e-02	7.727518e-05	
6.889953e-02	6.805249e-05	
2.605871e-02	6.524457e-05	
6.685394e-02	6.329601e-05	
3.035879e-02	6.038473e-05	
1.183279e-02	5.455014e-05	
8.704511e-02	4.525800e-05	
5.489669e-02	4.386163e-05	
2.269768e-02	4.781753e-05	
8.578979e-02	4.608935e-05	
5.373332e-02	4.665346e-05	
5.883552e-02	4.513359e-05	
7.029950e-02	6.134179e-05	
7.815843e-02	5.004739e-05	
8.506319e-02	5.415874e-05	
9.903518e-02	5.305431e-05	
1.105557e-01	5.473499e-05	
5.478953e-02	5.876040e-05	
4.994620e-02	4.898392e-05	
4.837213e-02	5.616797e-05	
5.308512e-02	5.599174e-05	
5.186998e-02	5.120112e-05	
5.604539e-02	7.086780e-05	
7.790801e-02	5.914358e-05	
4.971559e-02	7.187198e-05	
5.710118e-02	5.338252e-05	
6.124604e-02	5.919621e-05	
7.613562e-02	4.507542e-05	
1.275911e-02	7.442617e-05	
7.287674e-02	1.235913e-04	
8.696162e-02	1.641274e-04	
2.575640e-01	1.511807e-04	
3.180667e-01	1.678982e-04	
5.326755e-02	1.055972e-04	
1.822212e-02	5.844287e-05	
8.281210e-02	4.374075e-05	
5.646476e-02	5.006114e-05	
7.827173e-02	7.580188e-05	
2.618033e-02	5.568897e-05	
5.924692e-02	6.059512e-05	
4.417206e-02	4.484961e-05	
5.513679e-02	5.732098e-05	
1.748350e-02	5.492197e-05	
6.495653e-02	4.649059e-05	
6.225088e-02	4.733993e-05	
4.583837e-02	4.410281e-05	
1.879202e-02	4.476567e-05	
2.265508e-02	3.975550e-05	
7.835189e-02	3.168816e-05	
1.979641e-02	4.254640e-05	
5.103186e-02	4.010111e-05	
2.922816e-02	4.781555e-05	
5.137016e-02	4.282106e-05	
6.109199e-02	4.274994e-05	
7.704115e-02	4.548308e-05	
6.717560e-02	4.257440e-05	
6.387764e-02	5.779701e-05	
6.429947e-02	4.892453e-05	
1.090443e-01	4.300896e-05	
4.816745e-02	4.588083e-05	
2.345990e-02	5.360319e-05	
7.590676e-02	7.191636e-05	
5.938517e-02	5.865490e-05	
2.800018e-02	5.095263e-05	
6.911984e-02	3.433758e-05	
6.706113e-02	6.070638e-05	
2.833374e-02	6.697041e-05	
5.575217e-02	1.094045e-04	
2.978529e-02	1.261895e-04	
2.632796e-01	1.458302e-04	
3.102348e-01	1.667553e-04	
1.918179e-02	1.030278e-04	
7.880696e-02	5.657728e-05	
6.400898e-02	3.615420e-05	
6.404192e-02	6.162792e-05	
6.952106e-02	3.794292e-05	
4.551211e-02	5.519793e-05	
7.227772e-02	2.954868e-05	
1.650296e-02	4.729502e-05	
5.112753e-02	3.744523e-05	
5.642314e-02	4.566595e-05	
7.374889e-02	6.036174e-05	
5.629493e-02	4.618245e-05	
1.404426e-02	3.784059e-05	
5.955751e-02	3.562036e-05	
9.390092e-02	3.398947e-05	
1.018146e-01	2.721263e-05	
1.945018e-02	3.210664e-05	
1.773776e-02	3.431794e-05	
4.072080e-03	3.455961e-05	
2.496208e-02	3.229869e-05	
6.719792e-02	4.174461e-05	
7.695127e-02	3.383041e-05	
6.417512e-02	4.023863e-05	
6.251176e-02	5.141406e-05	
7.007896e-02	4.374017e-05	
6.849020e-02	4.796440e-05	
5.903209e-02	5.213120e-05	
4.480657e-02	3.881673e-05	
4.488844e-02	4.890352e-05	
7.200456e-02	3.628926e-05	
5.042810e-02	3.437740e-05	
8.106747e-02	3.217687e-05	
3.310010e-02	4.337892e-05	
1.370060e-02	5.086348e-05	
6.014040e-02	8.763777e-05	
5.950468e-02	7.034054e-05	
2.855490e-01	8.554901e-05	
2.522058e-01	8.125256e-05	
6.481655e-02	7.999208e-05	
5.874122e-02	6.719143e-05	
8.360786e-02	5.230804e-05	
2.472006e-02	4.535564e-05	
7.210258e-02	4.907988e-05	
1.607031e-02	3.933922e-05	
5.451678e-02	4.930520e-05	
7.317999e-02	2.952884e-05	
6.325983e-02	2.454196e-05	
5.601736e-02	2.520377e-05	
2.157444e-02	3.329109e-05	
4.761035e-02	3.942837e-05	
6.120210e-02	3.542972e-05	
3.552260e-02	2.581329e-05	
5.696770e-02	3.731635e-05	
5.277040e-02	2.057303e-05	
5.151075e-02	3.476075e-05	
5.688057e-02	2.794657e-05	
4.997843e-02	1.858256e-05	
7.185075e-02	2.922738e-05	
2.920251e-02	3.405433e-05	
6.521663e-02	3.132854e-05	
5.188471e-02	3.738662e-05	
7.992687e-02	4.224303e-05	
6.444272e-02	4.064497e-05	
1.540526e-02	3.598525e-05	
8.733997e-02	3.422462e-05	
5.424942e-02	2.473463e-05	
5.217047e-02	4.159724e-05	
5.837833e-02	4.026879e-05	
7.711513e-02	3.078419e-05	
5.221817e-02	3.389109e-05	
6.007665e-02	4.091603e-05	
6.318858e-02	1.160114e-05	
1.536265e-02	3.100044e-05	
3.897399e-02	6.756726e-05	
3.324202e-01	1.517938e-04	
2.565889e-01	3.843120e-05	
3.221752e-02	8.748819e-05	
2.125687e-02	3.437691e-05	
7.701814e-02	4.352443e-05	
7.510284e-02	4.388841e-05	
1.260103e-02	3.906943e-05	
3.372779e-02	2.627217e-05	
3.781966e-02	2.745118e-05	
1.278576e-02	2.742450e-05	
3.758922e-02	2.329233e-05	
1.626272e-02	2.304851e-05	
5.472134e-02	2.834479e-05	
8.318408e-02	2.043515e-05	
5.202911e-02	2.709707e-05	
2.079999e-02	2.619795e-05	
2.188576e-02	2.013636e-05	
1.050890e-01	2.987075e-05	
9.988591e-03	2.152319e-05	
9.087195e-02	2.665818e-05	
6.762131e-02	1.642366e-05	
4.779883e-02	2.838676e-05	
7.965335e-02	3.022964e-05	
6.677125e-02	2.566046e-05	
6.019727e-02	3.192675e-05	
1.541288e-02	3.087013e-05	
1.781001e-02	2.282523e-05	
4.225785e-02	3.234492e-05	
1.543790e-02	2.319163e-05	
7.532274e-02	1.649840e-05	
2.564170e-02	2.633971e-05	
2.394679e-02	2.438304e-05	
4.893860e-02	3.831774e-05	
6.443153e-02	4.025036e-05	
7.013998e-03	2.612456e-05	
2.509236e-02	2.669130e-05	
5.335704e-02	1.816963e-06	
1.544397e-02	5.651166e-05	
2.563983e-01	9.762508e-05	
3.263120e-01	1.029186e-04	
2.553183e-01	4.366455e-05	
2.829743e-01	4.740100e-05	
2.680012e-01	2.969590e-05	
2.823479e-01	3.443997e-05	
3.120895e-01	1.927188e-05	
2.454536e-01	1.483419e-05	
3.284389e-01	2.032035e-05	
3.151834e-01	2.226965e-05	
3.293763e-01	1.634369e-05	
2.841311e-01	6.619186e-06	
2.483978e-01	1.812364e-05	
2.524570e-01	1.520537e-05	
2.807198e-01	1.087829e-05	
2.575633e-01	1.732525e-05	
2.615953e-01	1.302761e-05	
3.142181e-01	2.214334e-05	
2.621806e-01	1.430151e-05	
2.838111e-01	9.496031e-06	
2.607757e-01	1.525031e-05	
2.571338e-01	1.618347e-05	
2.816108e-01	1.475069e-05	
2.654350e-01	1.927578e-05	
2.436894e-01	2.008597e-05	
2.804954e-01	1.226099e-05	
2.664486e-01	1.815881e-05	
2.691726e-01	1.672488e-05	
2.904795e-01	1.570656e-05	
3.330301e-01	1.502041e-05	
2.580588e-01	1.069740e-05	
3.247915e-01	1.394163e-05	
3.279048e-01	2.623562e-05	
3.402884e-01	1.664714e-05	
2.497340e-01	2.792331e-05	
2.577813e-01	2.001647e-05	
2.514164e-01	3.863659e-05	
3.088546e-01	4.572325e-05	
3.478917e-01	1.016938e-04	
