0	0
0.0256410256410256	0
0.0512820512820513	0
0.0769230769230769	0
0.102564102564103	0
0.128205128205128	0
0.153846153846154	0
0.179487179487179	0
0.205128205128205	0
0.230769230769231	0
0.256410256410256	0
0.282051282051282	0
0.307692307692308	0
0.333333333333333	0
0.358974358974359	0
0.384615384615385	0
0.41025641025641	0
0.435897435897436	0
0.461538461538462	0
0.487179487179487	0
0.512820512820513	0
0.538461538461538	0
0.564102564102564	0
0.58974358974359	0
0.615384615384615	0
0.641025641025641	0
0.666666666666667	0
0.692307692307692	0
0.717948717948718	0
0.743589743589744	0
0.769230769230769	0
0.794871794871795	0
0.82051282051282	0
0.846153846153846	0
0.871794871794872	0
0.897435897435897	0
0.923076923076923	0
0.948717948717949	0
0.974358974358974	0
1	0
0	1
0.0256410256410256	1
0.0512820512820513	1
0.0769230769230769	1
0.102564102564103	1
0.128205128205128	1
0.153846153846154	1
0.179487179487179	1
0.205128205128205	1
0.230769230769231	1
0.256410256410256	1
0.282051282051282	1
0.307692307692308	1
0.333333333333333	1
0.358974358974359	1
0.384615384615385	1
0.41025641025641	1
0.435897435897436	1
0.461538461538462	1
0.487179487179487	1
0.512820512820513	1
0.538461538461538	1
0.564102564102564	1
0.58974358974359	1
0.615384615384615	1
0.641025641025641	1
0.666666666666667	1
0.692307692307692	1
0.717948717948718	1
0.743589743589744	1
0.769230769230769	1
0.794871794871795	1
0.82051282051282	1
0.846153846153846	1
0.871794871794872	1
0.897435897435897	1
0.923076923076923	1
0.948717948717949	1
0.974358974358974	1
1	1
0	0.0256410256410256
0	0.0512820512820513
0	0.0769230769230769
0	0.102564102564103
0	0.128205128205128
0	0.153846153846154
0	0.179487179487179
0	0.205128205128205
0	0.230769230769231
0	0.256410256410256
0	0.282051282051282
0	0.307692307692308
0	0.333333333333333
0	0.358974358974359
0	0.384615384615385
0	0.41025641025641
0	0.435897435897436
0	0.461538461538462
0	0.487179487179487
0	0.512820512820513
0	0.538461538461538
0	0.564102564102564
0	0.58974358974359
0	0.615384615384615
0	0.641025641025641
0	0.666666666666667
0	0.692307692307692
0	0.717948717948718
0	0.743589743589744
0	0.769230769230769
0	0.794871794871795
0	0.82051282051282
0	0.846153846153846
0	0.871794871794872
0	0.897435897435897
0	0.923076923076923
0	0.948717948717949
0	0.974358974358974
1	0.0256410256410256
1	0.0512820512820513
1	0.0769230769230769
1	0.102564102564103
1	0.128205128205128
1	0.153846153846154
1	0.179487179487179
1	0.205128205128205
1	0.230769230769231
1	0.256410256410256
1	0.282051282051282
1	0.307692307692308
1	0.333333333333333
1	0.358974358974359
1	0.384615384615385
1	0.41025641025641
1	0.435897435897436
1	0.461538461538462
1	0.487179487179487
1	0.512820512820513
1	0.538461538461538
1	0.564102564102564
1	0.58974358974359
1	0.615384615384615
1	0.641025641025641
1	0.666666666666667
1	0.692307692307692
1	0.717948717948718
1	0.743589743589744
1	0.769230769230769
1	0.794871794871795
1	0.82051282051282
1	0.846153846153846
1	0.871794871794872
1	0.897435897435897
1	0.923076923076923
1	0.948717948717949
1	0.974358974358974
0.0334283536600563	0.0285715675109211
0.0508165781709466	0.0181783655975356
0.079309444056111	0.0290165664724669
0.109577542084434	0.0197149194257941
0.131350278504532	0.0329548564037154
0.153847331044773	0.0221148538082174
0.173369630016673	0.0321367812401274
0.19630066704292	0.027618730021732
0.232975704520089	0.0342907903703565
0.249336158086288	0.020824229818214
0.283412978128945	0.0295595224299956
0.300540069169382	0.033897574704203
0.325835297091057	0.0245673872056252
0.353219994179448	0.0273231535441587
0.384263133849202	0.0305047063182216
0.403427954116897	0.0325750207916793
0.438630681056625	0.0226368545567629
0.457438748208282	0.0278078673405491
0.484557906414928	0.0249938613631673
0.508272173883649	0.0305511686878236
0.54144064657082	0.0246335170895521
0.555484306189153	0.0306008147472114
0.590857030467453	0.0319523317486002
0.614114652479002	0.0173007218952625
0.644427070385385	0.0295626296588342
0.669858093538449	0.0193947461247176
0.699141104544204	0.027288088538747
0.715555557143707	0.0191930488801451
0.738755279413082	0.0166840004045914
0.77489147760553	0.0269916662541072
0.786281837751584	0.0326323491849412
0.815200537021165	0.0339810000054405
0.8484027888077	0.0224106342255986
0.877690156840472	0.0337084463500288
0.901593365497776	0.0342102452457198
0.916868351316866	0.0171871348051456
0.954961411600428	0.0318352982757534
0.966179082996341	0.0245440857859418
0.0166812103669277	0.0476063354568003
0.0479505949494749	0.045689775473756
0.0774648655074837	0.0477253838497438
0.108091666359752	0.057063901022356
0.134614473955124	0.0497473823139097
0.157696655514039	0.0535257937549236
0.179825237291378	0.0500466393594538
0.205766903658285	0.0579630379948216
0.228650505551774	0.0539337136855074
0.265122915173418	0.0467748118541407
0.288285416204488	0.0555457925072509
0.301790511331764	0.0468853525392786
0.329493344533562	0.0587842622455781
0.358863970110165	0.0526780049498484
0.379466096761729	0.0541452786973633
0.419065015116654	0.0423290682803625
0.433291902537722	0.0473538150177208
0.468901420294101	0.0450565279390985
0.495001951085153	0.0581548550233892
0.510664282048801	0.0556652606953893
0.539374849784428	0.0587128867819056
0.561322145911399	0.0473563490257344
0.581120151156083	0.0497404369653236
0.614815327730971	0.0472769302611882
0.635302117845072	0.0475856835142578
0.670523633754018	0.0600829138414041
0.695462256923462	0.0509828296571357
0.71118282333311	0.0486133106236614
0.744584723716346	0.0485157251923532
0.770962840312455	0.05657494748993
0.78795987515415	0.0423118507929454
0.824245877646595	0.0590166975749269
0.841457791803603	0.0456118948556897
0.877765273922303	0.0425832085850604
0.890438222362911	0.0424746809806392
0.931008735768007	0.0543534503392494
0.95390838321972	0.051170138359998
0.970368735578342	0.0513919700220349
0.0169957113216669	0.0718589937272035
0.0502687958774935	0.080660921448255
0.0802279500363786	0.0792864394439741
0.104737873516096	0.0783894261531514
0.121034976320889	0.0853914335148596
0.152256549935349	0.0783090036846955
0.174020435678083	0.0708049419640601
0.212072919144534	0.0846633448058944
0.231381444356969	0.0825802638353428
0.251317567940825	0.0757130460216501
0.27336455737482	0.0685402254326377
0.315077137718963	0.0784304583644335
0.339986326804609	0.0681044000625769
0.357992830180125	0.0781577020910606
0.390274545198001	0.0687101827363573
0.416070104005461	0.0825276580742704
0.437602909217467	0.0751958753830141
0.458050714675723	0.0834853759370008
0.493419030711752	0.071650793692086
0.513567940269577	0.0809008209584034
0.537750956637817	0.0777111875172657
0.564395573833453	0.0812025537566731
0.592606875620939	0.0789556973147943
0.609511941945314	0.0763226616544304
0.633004873085895	0.0803337352303729
0.659101925490851	0.0761366533820742
0.689085826978179	0.0806256726736695
0.722624148361495	0.078299103807304
0.748918650061971	0.0687470669600696
0.764996020573687	0.0783248439884862
0.794474181818122	0.0796846007655712
0.820451631892577	0.0829374903773859
0.845907878652138	0.0762748162502121
0.869410521144898	0.0828664040187634
0.902291466110004	0.0745788132762537
0.931055434139776	0.0708589572424268
0.948650566768668	0.0853614470031508
0.969842084546009	0.0786192501462417
0.0183576727721613	0.101795238827058
0.0600879580835342	0.10913846756693
0.0847216927696309	0.108098490116839
0.0980484900683232	0.103791534560412
0.133205454027659	0.100992375963207
0.152807169526469	0.104142303709289
0.171271752581146	0.0947068568080745
0.207885476354714	0.105538737911825
0.230773044309184	0.0983117522848379
0.251106150059032	0.0999988588153577
0.281035725649302	0.0959113881257909
0.301441478657825	0.110831737707185
0.332731629216613	0.0960377549333633
0.350547993609635	0.108293287606836
0.38839953249109	0.102367904031322
0.415240770677411	0.0990385995335551
0.437023355889252	0.103055356793743
0.459078207903777	0.105774041233488
0.484191629353586	0.10004788374628
0.515230019716606	0.0984316602701402
0.534098648161946	0.0937497518164211
0.572745797854572	0.0969231726921688
0.580891183789122	0.110841854660431
0.61661207576414	0.105609330421488
0.643089446784601	0.100784239902562
0.674388265772712	0.110089255016571
0.690882377947431	0.0999729688351638
0.721008183496666	0.109227090295713
0.7361658587361	0.110197547731548
0.774993502044047	0.1029893345882
0.80102461693037	0.0964538686242263
0.82034894888085	0.10286920737392
0.839917772631392	0.102891462067661
0.866175109571827	0.100063225415349
0.894823317175712	0.109009340938452
0.915543771219903	0.102183594134335
0.947631186642206	0.108528598943037
0.972133733224837	0.0957495710247106
0.027227800399255	0.120474097733514
0.0545680181195258	0.134284736922348
0.0705122831813848	0.126462612565868
0.105601645385582	0.134037083283737
0.135744154586041	0.130720386790633
0.153461995148117	0.127442857562456
0.181729133626514	0.13533946729957
0.202957862994557	0.137044076246834
0.235687469109927	0.127213142510602
0.261408955350417	0.12176186446737
0.28296878179873	0.131220139748737
0.304925596223734	0.132588647225107
0.330943876450335	0.123232609743575
0.360296150225765	0.13690417165266
0.382954045392625	0.133156079779645
0.418599432552169	0.121430411045601
0.429046963806954	0.122102231187473
0.45943795765619	0.134084822078405
0.487201824557109	0.133282973386163
0.519201205322883	0.123888296527771
0.543754757579203	0.125805049669109
0.568950119665092	0.12949430557036
0.581966284214935	0.13562619644104
0.618223972024547	0.119667639408188
0.638023057528596	0.127069341271388
0.672187431175154	0.13594072868164
0.690294670027599	0.136893533115035
0.718662330596831	0.120066181904024
0.74655389233801	0.13463926582282
0.766533307638302	0.133774664044422
0.791907466121556	0.127318757328745
0.827743045576661	0.126394449969413
0.854935273560684	0.131175342263834
0.878326380036235	0.135994134022703
0.893642460111676	0.13629065913507
0.927694514148204	0.12152111429733
0.939944826479217	0.120233269129849
0.972318254149091	0.119693905963709
0.0343407248930256	0.162242618584636
0.0544625045576536	0.15258812444057
0.0734515128772366	0.156722024806298
0.104801740338265	0.151321492716383
0.12239574687637	0.161205274879823
0.146407610408234	0.155633791446217
0.172647017747611	0.148909538597091
0.212551328935287	0.152833737430303
0.23068242313819	0.153408774081762
0.261509784772041	0.157094357115418
0.279106640457947	0.160199936491736
0.315768878056322	0.147378114209512
0.333971613958684	0.162313894630425
0.357315214305417	0.155587815841317
0.378041142548427	0.1620700778433
0.412903171865491	0.150710078665
0.440606135164152	0.153859653715193
0.460157034157427	0.157573764723051
0.492227331753022	0.148006501128742
0.512555660910662	0.150812802588022
0.54694814417817	0.152575984615867
0.569547668729096	0.149596504398238
0.589965125135076	0.15489493825082
0.609837606118978	0.158850112866728
0.639456104250273	0.15008803409916
0.675481405020774	0.151845806837627
0.699154852863244	0.148787887883236
0.71180695409088	0.157610120018161
0.749702917934837	0.159019540967746
0.774969785427098	0.16015759876349
0.80194721937099	0.146652865114544
0.827625961559687	0.160659925062821
0.847845336393893	0.158778649962802
0.870958851316883	0.154956445087782
0.888774614469837	0.151141626141871
0.915536496960149	0.159134601438412
0.953252176291166	0.155814598533348
0.965653201733473	0.150153062044112
0.0238695929113571	0.176767684849307
0.0447169893138251	0.171738348584351
0.082050731469522	0.184798913303922
0.109248043197216	0.182171635240689
0.122806826159977	0.188167007143965
0.152605127344303	0.177567251903082
0.176340353689227	0.178596845566353
0.202637034427762	0.187186102135997
0.221855122600935	0.182499414568854
0.253645558215498	0.171889524182503
0.28564957254863	0.176443729497533
0.299777109566352	0.186394900576237
0.334445765466533	0.182159285236627
0.352145442979583	0.184577603335735
0.386908689479313	0.178529521560071
0.410511107931031	0.18438587707648
0.442394256268467	0.172114650042801
0.45788909352211	0.172597067800381
0.486503114488023	0.17791446267106
0.517432165529022	0.183929989980633
0.546690915815681	0.174912397634525
0.557969396573646	0.17944883889366
0.58445666334687	0.183708946383989
0.622387888779108	0.17360823551131
0.637012792806425	0.183695980299833
0.670650803827131	0.178450520036023
0.688701372078548	0.185993381232888
0.717685346778129	0.170710485784766
0.738210971658721	0.182848558603537
0.762661290780849	0.183331803019257
0.798238389050356	0.177137622260195
0.822824881437218	0.185591469212
0.851254953366643	0.171431298231372
0.877102614139975	0.172029303255493
0.89361189504309	0.173196597286514
0.930318214199033	0.176672463719975
0.944094128620612	0.18267676803213
0.983289359218231	0.173276749567664
0.0301386912288869	0.21397133567868
0.0432888807605239	0.204924937564857
0.0839026723893009	0.201341419837423
0.107159111440836	0.204072265737855
0.127663068109284	0.199513725971571
0.149357098055162	0.199996441261265
0.184923819655172	0.209981858024702
0.199621089131719	0.209516014599231
0.235642131025394	0.199774303980146
0.252584327773739	0.210296360327936
0.279424132119939	0.200990945370324
0.310458277562292	0.198803211360199
0.338720322082952	0.203735544488488
0.364580033781788	0.198669270756225
0.39160463780298	0.213648926570392
0.402876168862695	0.196447112310774
0.432829751709477	0.202334689251928
0.459025698891222	0.201288117266658
0.481033590757188	0.198228644408068
0.51493940516425	0.196773207163423
0.536976849241152	0.211210868130027
0.565919642538281	0.199620672195118
0.597664215320198	0.211312220825937
0.622220252078303	0.202056551039771
0.632972009361105	0.206749263055596
0.665457316038793	0.208227543373289
0.686968329044724	0.212797393776379
0.714100773452476	0.211293334571146
0.747299071140419	0.200444333219101
0.763369819168187	0.204117501802906
0.793962217312805	0.200269015911013
0.813416192084765	0.20597380037039
0.849123076326188	0.198385210155365
0.865360668172163	0.209408542949962
0.89217669041535	0.213613834790657
0.920707980349201	0.212916025825815
0.945730375908767	0.197778641063627
0.968327987479206	0.210457676647285
0.0187820271813705	0.225432118485633
0.0507113987484272	0.224244913892951
0.0817113768599208	0.224948290733285
0.109235879059152	0.225074700199654
0.127942372927001	0.227945803935993
0.153005120053799	0.228991180420074
0.176864007380513	0.238213063912423
0.202588777190805	0.222596914796945
0.228418845447815	0.233823085594033
0.253719481740809	0.238107540611938
0.290472816559213	0.231407801563366
0.302407718142846	0.224493980514245
0.327955728155716	0.238140108331224
0.363784663149141	0.223179954890483
0.393570619901582	0.230391775293106
0.415250859452782	0.23782465064495
0.436044607539671	0.224582220156803
0.466257234639152	0.225272941330177
0.493478371894288	0.238126675567612
0.508439848660753	0.225131822115837
0.537202429266086	0.237375705179508
0.555147071372584	0.223677825563995
0.587935762682344	0.237958297532519
0.619926603156451	0.237741822647302
0.649080647696923	0.228007578335125
0.668217242912664	0.231707713919995
0.69481674321022	0.227959626425369
0.712548880433066	0.238281640338199
0.752300545045668	0.222285790817382
0.776542741728628	0.23293795379148
0.794598535943244	0.223303535866858
0.82181880823268	0.234443612954533
0.846212323651031	0.234700062655731
0.870051262064242	0.23000875963093
0.89579175261336	0.22885293669692
0.923424427949931	0.229341111006269
0.944498022272534	0.223574372053989
0.966444116258325	0.223064628878816
0.0290919612381753	0.247520048881838
0.0585548022326161	0.260251264457283
0.0793721070789503	0.255689799526673
0.0977150929774164	0.263183849212762
0.128365425608225	0.250205477703122
0.151531840955844	0.261496847387794
0.175261742408171	0.253854882836192
0.204693105385903	0.255267923915907
0.226916307925452	0.260892921917682
0.262642854927297	0.26306934911374
0.287897705591095	0.262162970650162
0.316075561070826	0.255529864761974
0.338006701452914	0.250082399064622
0.360425243089625	0.264834280175105
0.37873190612192	0.253209288319136
0.414677758502056	0.262832935153747
0.430335335375338	0.260801190955865
0.466215686379246	0.257079524811548
0.489442884884482	0.248378211740997
0.510319945662958	0.24823837749984
0.535198066022861	0.256647008482874
0.569345377159602	0.252372915923727
0.597375578165218	0.25923603545847
0.608183488319025	0.265218285507161
0.64685672534282	0.252837467503483
0.66459570329777	0.254028459498669
0.687061915513009	0.25082048107206
0.715854259647183	0.265067032541194
0.751659569499102	0.253170364237123
0.774139473096463	0.254244107172689
0.793627692225304	0.260228079692678
0.827545039446541	0.262185411347477
0.843039157452218	0.254348252223967
0.876400002666835	0.261526961538364
0.904279142110143	0.262736640087276
0.918072803793995	0.250473104248126
0.947634593270666	0.248559493965234
0.969474028279333	0.254807476626465
0.0247727073172237	0.285535428919189
0.0584491459132658	0.286797957581453
0.0840989831853551	0.282532296085591
0.101369072488396	0.279361933624007
0.122438874398686	0.287359836118105
0.156436083633289	0.274028874497601
0.186809604211309	0.285760098922367
0.203815357176089	0.28592722217637
0.228394373639588	0.279948802953079
0.265118072151837	0.289652236577982
0.275836615911087	0.287130792575843
0.30975720638127	0.276138170614614
0.335922542200478	0.279142672656054
0.35544344976869	0.284722834831969
0.379097907261185	0.285941084005269
0.401955306116777	0.28671971922222
0.435841833388655	0.289194158948226
0.460785416508871	0.290645702987929
0.492833249844497	0.286963183226798
0.521771757913175	0.283046917362656
0.541147394769559	0.275574804043084
0.559262349385029	0.287139150875378
0.58365363765447	0.273525581848847
0.610579994910702	0.278374966539765
0.644597999112897	0.275650202339674
0.671930865430186	0.28164313779231
0.701245020411656	0.285055029174664
0.724805934754463	0.278031089059231
0.744082908019555	0.287956429221609
0.772808836243653	0.278810300138396
0.787923386994823	0.288481768807854
0.812630356517127	0.282429325078924
0.846703206055617	0.29058449900627
0.874598568529082	0.273130706000577
0.902219798232825	0.284913014831939
0.924592800194276	0.283275871738087
0.955266646107811	0.28246578682598
0.967083780920028	0.278780152515656
0.030025709486396	0.303093104554974
0.0561188116763133	0.302052108612588
0.0718549976352015	0.306903818307194
0.110937526283929	0.311490746363677
0.134785737782387	0.310590951464694
0.14846321965567	0.312436812263939
0.179866523520546	0.315643976107365
0.196213153333975	0.302108094129756
0.233234667360884	0.310088793342719
0.256270931131912	0.304236107195291
0.280812221489084	0.30323399025278
0.313036804057448	0.315227692845674
0.326245520699276	0.31654787871451
0.355468132994927	0.315551667213454
0.388966582731031	0.301416190552283
0.414254403868883	0.310227394860449
0.442475384734452	0.315618862489971
0.457287268234256	0.307202893118965
0.493241660485391	0.305169957673191
0.520807491461976	0.30490219905052
0.542531686636296	0.312949204964784
0.569554635430655	0.315956869773876
0.597572047245686	0.315999760277974
0.620428460212388	0.304025677242727
0.637672971512249	0.30098821210945
0.671508851369776	0.30024673855146
0.688754261916921	0.305861582227549
0.714391576094756	0.307902196049486
0.739839459383711	0.312219311567454
0.767087686433115	0.302723099193631
0.801109134571888	0.306662458869728
0.81555933469826	0.305355383272151
0.853060481482512	0.300409639160592
0.872232837292585	0.300183303223192
0.90571256898598	0.304142952752948
0.915732260757343	0.316065266921531
0.949011818525835	0.313147460666947
0.97826352037655	0.311540762207586
0.0193515331156103	0.341600204101367
0.056633669683133	0.327495024291654
0.0778096637778912	0.333349054457325
0.0962576424147912	0.329909547509068
0.124950793193263	0.333819824603753
0.159860811675027	0.324445044166086
0.185202737444206	0.329401665054499
0.214071229346272	0.340349759188417
0.234131414925015	0.335087566110609
0.26276298972866	0.331374669238506
0.273085069160592	0.335070610828457
0.312189887486999	0.336276285672699
0.335812246647371	0.327332901770452
0.359576864698527	0.337772644788934
0.391099357868051	0.341836889431443
0.411409507344253	0.336762328936932
0.435498080224734	0.342050443054035
0.463493613540062	0.335098606510982
0.491428181684881	0.332889556267104
0.519343903423793	0.32553479658196
0.534159688105344	0.337039872313829
0.557618897170228	0.328479116095818
0.59021874558251	0.3282227951591
0.608842999036949	0.331360297063639
0.644172746082375	0.336475897186128
0.669864006350389	0.334900027646315
0.688648989010566	0.328450885780986
0.725177551558478	0.337055297039595
0.751670160310458	0.328416416340194
0.768771012091059	0.341750464689461
0.797217349067147	0.339547343279966
0.825935079753119	0.338588656344653
0.845948211837431	0.333967760236017
0.878026527644579	0.335267360195757
0.89508458098512	0.341820309967019
0.926744408615191	0.327557709518594
0.95046534792053	0.32524242563029
0.974385334009447	0.327085223973081
0.0298259980707859	0.353425233430346
0.052885999669646	0.359957159937441
0.075873160595253	0.36067521102045
0.108041453142932	0.361153328928664
0.122851157805437	0.359842462873257
0.162592276448836	0.356587353686318
0.179397925956814	0.354999575910938
0.211027422801323	0.362011469413557
0.239463722332332	0.367636194359633
0.260987421409062	0.361710432786633
0.287623082712275	0.357118047647908
0.301824009535217	0.363247012888718
0.329239200923173	0.364997684804614
0.36629818307155	0.358051880463259
0.393266380769888	0.356009043682981
0.4031110808301	0.351626682990782
0.430673093653413	0.363532273300323
0.455948307666096	0.36388771898876
0.485906280627212	0.361090364208966
0.513375248825497	0.359618264935406
0.546985112843811	0.354311732769716
0.567138011578772	0.355560114641099
0.595723115660395	0.364367026854197
0.62381465960617	0.359440397657152
0.634828859632471	0.364645499047349
0.668077374276192	0.359741597100874
0.694883646782288	0.3672767289164
0.724237081083195	0.365267313957017
0.736880555848856	0.356443080087225
0.773814870527894	0.365882229864781
0.79781924540014	0.365691790992294
0.813947204717817	0.355119500460178
0.838291854210893	0.355666734071315
0.872675422485157	0.364494617874636
0.89989126714219	0.350471392820014
0.931523611982684	0.361610617562575
0.956694671795518	0.359154312031125
0.970700952787598	0.363531056667459
0.0318655603823323	0.377148965642637
0.0513481375350011	0.389207566507573
0.0695416707264331	0.38271667807521
0.102961786596786	0.379841927580754
0.120204041980843	0.382911677128846
0.151130244223871	0.379271707760548
0.187019776097892	0.387976419833989
0.200648159251941	0.386403113266615
0.235578348993711	0.37914864726051
0.265106064517448	0.385243885403346
0.284669776518147	0.38460380551255
0.301323778759085	0.379969981044777
0.338173153613921	0.379273608315958
0.360988384699937	0.390897902768907
0.383254149455276	0.387033058760236
0.413488094454238	0.377004178678338
0.432169796019717	0.383188157658935
0.453768853590921	0.392423114537957
0.487782100863661	0.377886955557076
0.513660876026888	0.377118642485278
0.545171590161635	0.391493887553246
0.55585647545363	0.383549797417084
0.59121258195952	0.381097131668702
0.619239431018379	0.38876848651367
0.644417368759113	0.385747406052119
0.659866215026858	0.39151616671328
0.700950625017	0.379311514240936
0.711157074474195	0.383400960402561
0.737287099053189	0.37893167969118
0.777986364989134	0.380000732447842
0.787381934302619	0.387389116772758
0.818586177377907	0.390746568026812
0.847641587443862	0.386486375312113
0.880223177466975	0.391561170747935
0.890386253608947	0.387695242929277
0.91789051729372	0.377284768124428
0.957671859308574	0.390518442198157
0.981730838263534	0.384034374688965
0.0332063899935805	0.406725147141302
0.0476644923082432	0.409637710964995
0.0790832840996903	0.408500463401691
0.103568350126144	0.417818709110381
0.135085385007612	0.403960252091852
0.157843715732272	0.401712703930664
0.181381997429431	0.413601038895207
0.202370602931774	0.408620333902922
0.223288568605471	0.401903082537761
0.258600428527635	0.405869203196232
0.279673637703785	0.418329982492754
0.299799003269548	0.407065532201533
0.328583114748117	0.414714171383087
0.357620917876711	0.401563511269175
0.380805369330869	0.415392304051701
0.407890811599499	0.406818844677837
0.438880054655236	0.413034359242792
0.466262121919038	0.406238826549994
0.486764685497352	0.416113856562237
0.50719897207007	0.407903542219983
0.540406812787568	0.412461232953937
0.570900494959235	0.404181013452109
0.583262443346483	0.414975567829919
0.61232704712399	0.414089386841417
0.632477564150606	0.408455638937195
0.665408729222877	0.405923736102073
0.692534457664383	0.404837200238248
0.717307426419742	0.408966167205144
0.737265188998169	0.403216528583202
0.7650544253599	0.404799948595853
0.793188373560452	0.405165858503664
0.815045696932244	0.418739706028256
0.845712008503964	0.417544386773622
0.871585957313156	0.401893184874902
0.890246695186368	0.41085707165047
0.92309796141436	0.40568015584305
0.945255191843919	0.408736894584812
0.968524763950106	0.419211974017337
0.018685392943168	0.427614179956629
0.052155332832069	0.432761491913419
0.0700039899563197	0.438799300026271
0.100025199983772	0.430535717963241
0.128111579830095	0.444806187848829
0.154393269466189	0.442524257162236
0.183033382443702	0.430647412012052
0.199650029129517	0.427013109627236
0.235780875549174	0.439519102970686
0.263550377810415	0.430400561868669
0.27817485377758	0.427529370609902
0.306128100658131	0.431657621716278
0.326483887591261	0.437284040253805
0.361578641839625	0.43502537402577
0.384759832398572	0.442577067656558
0.414567660489871	0.438490692536635
0.436690660898421	0.439690229844315
0.466077002481654	0.43215824847995
0.480426599310703	0.439687252333867
0.518118484473669	0.438435493727357
0.544156557575417	0.435308620556345
0.567446083031101	0.437950538795732
0.587120976708787	0.44207420207342
0.617879649390174	0.432205435025322
0.646477492384941	0.432103616545932
0.661334285624514	0.443172911508506
0.698803623413845	0.442530738571181
0.712601177792913	0.428345484055419
0.74891198410204	0.438459453942815
0.768878962268336	0.428842216222765
0.793729960717767	0.430693148426594
0.812212841568554	0.434935079995425
0.851260849788763	0.438209231746679
0.872506045233049	0.44397197350053
0.889501030874307	0.442203497813146
0.925058898890581	0.438037446512998
0.944399933759402	0.433548822440981
0.976843081016382	0.428469835443469
0.0203086998244154	0.45741196393581
0.055212867162607	0.453726256709622
0.0742011547683707	0.457583233820692
0.105274676279598	0.457831189766732
0.132153195282566	0.468485795190139
0.160266071998011	0.453761816765778
0.174076016984995	0.459221849678133
0.213740890653345	0.461356996265623
0.229528725430782	0.453502217712912
0.250048603473876	0.458022478455266
0.278007587427503	0.464284070837685
0.311703779536485	0.466441589782089
0.335777644529924	0.454930433452174
0.362183621372403	0.468084742533621
0.385317157690542	0.458307327612036
0.401710376545849	0.468388906579926
0.439327302275252	0.458028139559201
0.462718739556037	0.45937423124141
0.484203095452319	0.459454340345987
0.520095213715651	0.460527339421533
0.547415087378424	0.463425926702534
0.564032351708363	0.463547854660852
0.591478207857127	0.461231027849537
0.615587977838669	0.465485025677493
0.636792537464206	0.467702306005726
0.668682690052211	0.459645380930454
0.690517590797597	0.453505653077559
0.718290584923605	0.453602699141877
0.734916683522722	0.457876188182444
0.765655474868475	0.46460585105196
0.789704935760673	0.453945111685101
0.822839073106987	0.459885793835636
0.841804353196754	0.461456220761919
0.87429050471723	0.468659484096628
0.891148174799598	0.456267075154509
0.916508636129221	0.465713365765873
0.955504647437932	0.455702172468807
0.970243179503023	0.463660437791765
0.0326026672328888	0.495946579474397
0.0465459009063033	0.480549799183366
0.074157347072055	0.479652922918592
0.0984135328115357	0.495984389150327
0.124879866740861	0.492731043966909
0.158863300441226	0.492966173388918
0.181721747908398	0.485192794669042
0.1995216845414	0.485806989172047
0.238266342174069	0.486928997159508
0.248635091964152	0.486071723090215
0.282232809414819	0.48535303654212
0.301213529716786	0.490291262081432
0.338229667883968	0.485280132880996
0.350162869940317	0.478288723895951
0.38224918061888	0.485996060577808
0.410364102424744	0.49172670764687
0.443327821007038	0.48286421551764
0.467439141018125	0.47969087827574
0.481811470644978	0.482091046992272
0.504517430134277	0.486665368786489
0.535656820178889	0.4829868740113
0.567393988782635	0.483593595536055
0.587154945001893	0.483794859021066
0.613599570150584	0.482458007473496
0.643995363644251	0.488166002833101
0.660622624803223	0.488314574460199
0.68360379320623	0.481666686477445
0.712975631389922	0.495695632827549
0.740123384530776	0.495696078604663
0.776083983289481	0.490395653794974
0.799510653609307	0.491326669315475
0.816293890885611	0.486356666756617
0.847989430394309	0.49417527857699
0.874047911708627	0.487133904839164
0.895866631081146	0.481636376314576
0.92874054763597	0.483009496750961
0.948064734263832	0.484142922924631
0.968204429411606	0.495605407657576
0.0301144021776934	0.506209865224908
0.0502900797756134	0.518186797791639
0.0691043592230297	0.511353408382807
0.104745102909911	0.514768452901144
0.12159358559649	0.514870207826499
0.14737877730985	0.514329088897477
0.182648428605953	0.513228023407321
0.213550157035906	0.513619760206819
0.233748982077608	0.520331067658683
0.250529592701856	0.511160979313111
0.277842529365143	0.517484389300654
0.302111458885636	0.515014131787902
0.328585685035406	0.510227773670899
0.355260736217259	0.510568191376209
0.380036328329123	0.51711452495365
0.417123980623626	0.507149697721912
0.44394723646973	0.505822794672098
0.469277823982368	0.521720193381958
0.48843073318147	0.511530783908795
0.511497831355382	0.50699425929805
0.539356327942939	0.515747396057951
0.56297812029499	0.521058420072736
0.584742815009365	0.509993953585852
0.621884833926955	0.517545834102313
0.640829424057811	0.517744398191936
0.669992974498444	0.505348066478658
0.700008148618354	0.50633649374971
0.71438154554138	0.512502485341783
0.750931472886213	0.510408473650464
0.778003426618584	0.518723948137324
0.792897614986037	0.505085663678627
0.820164049753057	0.517415950416941
0.848503648402368	0.519603371120129
0.866583777980776	0.508360015987359
0.898328764216624	0.519113105411395
0.92492890774635	0.515639091357648
0.951833857240858	0.504989145471566
0.97548730911809	0.515853541169208
0.0264444367451696	0.54121451827222
0.0511571771385535	0.547383524790819
0.0828342959568946	0.542196568676255
0.0986180886494481	0.536770331371046
0.133038532605475	0.537358738660836
0.159087965388004	0.531674401941411
0.183054515909626	0.540537215239564
0.213546020775348	0.533070564752947
0.228016671316861	0.547197098136492
0.254461480004216	0.543450828036129
0.277932929126494	0.539299591131162
0.300341844716855	0.535626031821427
0.326417768062174	0.544452623520788
0.353223313221837	0.543874595673732
0.388084558763337	0.534267108376529
0.416722070080803	0.536401760254573
0.430843656819841	0.540134687496149
0.460549295955872	0.532010189027669
0.485992994222527	0.545701012159476
0.51393465376044	0.533831194543399
0.540959777192983	0.546619470759489
0.557755933742552	0.532760564361315
0.581870757329297	0.536622944553253
0.616583495877892	0.539565954189674
0.640590733005347	0.538364189334879
0.665015884047846	0.53821312576157
0.689649808208588	0.542574303921216
0.709872147212875	0.530704584948938
0.74837076104003	0.540515400952446
0.761162775835853	0.543744236098124
0.790961567155366	0.541608805779678
0.823002944261708	0.541084222298915
0.847358886971956	0.53680929620973
0.865222528684931	0.545919232291353
0.899912879503306	0.534227107786781
0.924381796093072	0.542977388856603
0.954546616244509	0.53006224739854
0.968003065584335	0.530908184667376
0.0190320700381457	0.556395695151796
0.0547598690231059	0.572093095904036
0.0743490809388874	0.572652734026699
0.103269487729227	0.559637978473739
0.120591613044013	0.562519625154911
0.159728422174185	0.565474624900653
0.182739380898683	0.567730628724495
0.199668253309646	0.567044010742548
0.223086748755403	0.557657576624586
0.254165762658589	0.565847353079343
0.281640096759322	0.558101459393761
0.313069312762083	0.570734654477136
0.325200750119881	0.557340754789145
0.352009544853595	0.565999690662738
0.383362693274977	0.556519050663303
0.408776307844835	0.555287773720113
0.444420820037215	0.561222610960174
0.45719422756749	0.571272476720734
0.48565677081289	0.558180849005524
0.508084113385018	0.561287521053591
0.53020132130083	0.56425060125769
0.570849690099349	0.566139523002031
0.586498153722652	0.566625350713323
0.610960150915559	0.571862929084679
0.646624220659365	0.570621222204005
0.661781955058114	0.563711318422442
0.689052213508426	0.556038896553127
0.719387049887529	0.567431173468322
0.737140912420016	0.570462321025995
0.774464382361204	0.560174218930642
0.79236681175574	0.563826479498745
0.815045057896923	0.568120024654317
0.842375703550876	0.556340808233245
0.873761418663929	0.555252670071585
0.890758481473052	0.566190642239632
0.926594901475115	0.56602619137856
0.943736880022064	0.560078823106421
0.969563350278612	0.570974864269598
0.0200017607143115	0.58313844157709
0.0455883346018796	0.598173780797017
0.0713932008837386	0.585450129159946
0.1076596453152	0.586536626170106
0.121816863487288	0.597664152455582
0.155433420634235	0.581240215235707
0.172228330034242	0.594024717782039
0.201070803173541	0.591929501323909
0.22708530557766	0.585518159537731
0.258093590554406	0.584493744686607
0.2731995534885	0.587860750682468
0.314886713080719	0.591481696625611
0.32605904576571	0.594844384460373
0.352655887731042	0.584734292879059
0.375693572978247	0.596953353831167
0.4084393498337	0.583904104781206
0.434836251851651	0.586318170582607
0.465453170837765	0.580966902141454
0.490994903944145	0.585260057387693
0.504504119981654	0.59612093964745
0.540889945397829	0.596106328317309
0.562336077883468	0.586616176267877
0.596699457154895	0.597352786083375
0.613790297484535	0.589465908632806
0.644212628876568	0.584042375522993
0.661773157961273	0.585259354972237
0.693496295505814	0.581770970167116
0.716721186473205	0.584671166117882
0.748963602942016	0.595468148564998
0.764036158276316	0.597053339527601
0.80000281774594	0.589764712118051
0.819411618093112	0.585955686954939
0.846746368094092	0.590686802970292
0.874164927563311	0.594614860541166
0.901263169750659	0.596601067746435
0.920413398726598	0.585684024803392
0.954855626574952	0.598716940673551
0.982330032052451	0.587752058407872
0.0235879102868394	0.616013410294757
0.0460717355198322	0.622521007721427
0.0848302970245365	0.614721879685071
0.100583666948546	0.611658528910191
0.13070967786786	0.608302062843109
0.151863074156625	0.612609756774503
0.184250594230964	0.609545372919235
0.212424429758018	0.612087384295413
0.232904644552989	0.623705623528154
0.26516598760576	0.615176173103029
0.289457917268141	0.612607361084818
0.315112006370568	0.606695605754431
0.33264076481989	0.618802320957204
0.351653172731255	0.606554571899272
0.378344452680336	0.614586557891293
0.414565750742613	0.611268668388919
0.436984507095879	0.612635734178056
0.470320981405656	0.620420788603811
0.48283922742276	0.619513669772507
0.511500459798645	0.606687288439384
0.543978197903115	0.613848487459614
0.566329318559298	0.617840206823256
0.594958855584195	0.620065887135388
0.610435930727872	0.617819808585811
0.63896841459878	0.614469171587256
0.670404961868133	0.619651596299522
0.688152121901041	0.613685896273327
0.721002445839628	0.612560307013436
0.736976710755263	0.606411299801573
0.763887755201507	0.61618590863757
0.787554660277464	0.606800108083251
0.827545044913077	0.619619767487335
0.845315727606516	0.620236670721232
0.879143876179018	0.617595988371396
0.90258359020869	0.619057138040544
0.919538251388244	0.623156155996709
0.957426776722055	0.612339420117281
0.970196573106771	0.624149714161629
0.026313414481912	0.637096943424046
0.0466273665720006	0.646807512057269
0.0835229314404408	0.632152981722002
0.101019374991026	0.640868939510357
0.129766850856519	0.636002307450366
0.145954019674755	0.632291162398479
0.179650288728082	0.645399430418596
0.201711090936388	0.645134454823618
0.230281823834617	0.640339965378753
0.254263794350121	0.647580981062467
0.28000106225368	0.6444883227385
0.314910731623417	0.635668441170295
0.337079950168348	0.635299755251926
0.352686973865683	0.63770561808118
0.384825054291852	0.633814964884775
0.413992834569748	0.632735805163901
0.431724952886272	0.648879540672772
0.459345201169196	0.642332459195601
0.490890004293643	0.635939354041123
0.521197262295771	0.638593162064274
0.546648958662196	0.6464345317281
0.556536767269379	0.641912946106699
0.59195362279132	0.644882892070625
0.606552341674244	0.642203753543234
0.64914102123262	0.646750735530691
0.673926219176262	0.634894138871096
0.697339533989467	0.643285993421202
0.721485585965476	0.64743685352734
0.740099278483823	0.636632692208181
0.768230222562421	0.64037393742712
0.789290425457911	0.646006585004388
0.816018231355753	0.647051077633367
0.849285363784183	0.636125942423887
0.873262827285043	0.644242138329327
0.90600181653584	0.642674312231032
0.915045159625574	0.64230821425417
0.948570398615002	0.643754054362639
0.966064200379026	0.638531344043843
0.0235974700288191	0.670916875000786
0.0429992268523097	0.670504608321193
0.071041229496045	0.66389008369331
0.0994918083950278	0.662048476899178
0.130969485664221	0.669110842860609
0.151424254882431	0.664912225372491
0.18671742666129	0.66875373740416
0.203663686159478	0.666370035846897
0.234847481266922	0.670487263411169
0.263563437476464	0.669411420040071
0.282753754820284	0.674295266636214
0.316068051580539	0.666484986959798
0.33514641223335	0.658129058612743
0.35114992540941	0.672690493113277
0.383206033039819	0.660245114764254
0.407282862981148	0.672825859309584
0.434223624607415	0.660926222768249
0.46323134473692	0.658384811011227
0.486840807403997	0.669585005088873
0.515815055820615	0.659829165245553
0.535968638868744	0.669884101524398
0.568786528778043	0.67101061980147
0.588181901904207	0.671392543899336
0.616944656116221	0.660330018220167
0.648931759222058	0.670912146513024
0.672102130186491	0.661013366485411
0.690283355201992	0.671357655886246
0.722977551100967	0.658382423504643
0.739277723282577	0.670280824268677
0.771434593954175	0.666173947676159
0.790946267833667	0.670829308850947
0.814118431203189	0.657931669144156
0.839363264498413	0.660309254231442
0.863036101461524	0.6578156055796
0.903075909343626	0.668243619864865
0.925803979520629	0.660674828084565
0.955321454024459	0.6591507492742
0.981992321015428	0.662474713462091
0.0171783712937731	0.685297372496367
0.0516195615861925	0.695864164473235
0.0840407891056591	0.683488816091725
0.101609124919864	0.694790896555242
0.13155305804985	0.696981753976047
0.147985407884057	0.688395349550113
0.176261029346805	0.688002527126945
0.204043305457993	0.691738111071444
0.224690971252684	0.687772951254383
0.254474175748402	0.687248159470399
0.286674099688025	0.688361668618286
0.298994346168303	0.690322379530779
0.333985491531801	0.687134239321178
0.354400783738389	0.687461405658069
0.383319906605271	0.687247847394613
0.410399479496037	0.68563195781729
0.437523133315315	0.694296895358024
0.457078023286602	0.69805531972346
0.494754825478962	0.692331427389824
0.511166971479033	0.694997209030396
0.541679394053036	0.697348885031067
0.564153964754454	0.689992269880828
0.580845429528836	0.698169004266844
0.613008775883087	0.696356201246253
0.649410079763365	0.694972448501034
0.661039875516998	0.690917574840582
0.693109146515849	0.690289563403381
0.714632035691719	0.683639884937206
0.741778194562906	0.694227121193694
0.761490303977257	0.69051218259733
0.800792738871783	0.691523411189991
0.81277322456169	0.686235679432578
0.841101138808877	0.686692349195862
0.875689358147015	0.690597321903722
0.905502693351309	0.690893529563179
0.926830653988762	0.686576880051523
0.955069311851544	0.699758324505544
0.967464042193721	0.687761626213385
0.0324864320955407	0.717349017705555
0.0438145612652581	0.715277892169974
0.0681437608521848	0.714859473224495
0.0948560667765406	0.720155423267057
0.134264672400068	0.719384211780383
0.146611631841404	0.718084440430664
0.186527747385418	0.716499604477697
0.208225938705402	0.713630834677985
0.230755061088804	0.713924966945469
0.252529796613039	0.725751998518536
0.275510678246379	0.718762277309676
0.311976907102087	0.718120498355904
0.327824086329056	0.726359585368597
0.355595285837035	0.711492621753406
0.393380927132666	0.7155883266849
0.416020371323643	0.713869931383124
0.432767878699998	0.725956320870262
0.462539033325673	0.724095882885041
0.494131218645022	0.709075684216051
0.520589039075676	0.710957144590913
0.536100245874265	0.711535223182258
0.566784828068144	0.722649019759777
0.59677910946074	0.722343829546672
0.606908711099575	0.718671721372182
0.632233968329719	0.712293679036872
0.674197220559015	0.718709810026881
0.690980463768312	0.714503517123832
0.726130503299504	0.71381633696848
0.74767114283212	0.714860627760274
0.772131455201249	0.718242938584747
0.793601662656824	0.719504612917312
0.829258697004002	0.725489635827437
0.852815441333958	0.721601135006198
0.86792890536154	0.710189690130057
0.903717331480453	0.711280348345947
0.91515510305845	0.720645599241595
0.955335247055746	0.715567547840594
0.97367663304324	0.717272572892791
0.0290413251955154	0.746235638752405
0.0490917822459557	0.750604258233059
0.0793319898968508	0.745036710272906
0.104499689729453	0.74219893818134
0.127476203730488	0.738109025163464
0.159838390142236	0.736874973208803
0.174677720362571	0.737080802482183
0.208747830206986	0.738305721027737
0.228038576904573	0.738642837045918
0.25920270310037	0.746176744490012
0.281752446272025	0.745229687244542
0.304501883291915	0.745460310677338
0.325039623681271	0.734716699683403
0.360738445083542	0.734908465046135
0.391191806270728	0.751014405745395
0.407145705835757	0.750514420584435
0.441431788207672	0.738288752188271
0.46024046080932	0.741555826007833
0.495412210981898	0.743584571746568
0.509334624512637	0.750018465086498
0.53032107120479	0.742526287225565
0.561530402011009	0.73497988119434
0.593414747965192	0.749532524461819
0.617590071963563	0.74968396995876
0.634274659212617	0.735234688639929
0.668739684060358	0.747297633538219
0.690880577190555	0.745484879045679
0.72499868049875	0.749013451283914
0.735849559826744	0.736957219281057
0.768185330759098	0.748432432044532
0.80325366295695	0.745649019733498
0.821706662968971	0.746758513706396
0.842921201668395	0.743521406521277
0.868052989151427	0.745389706657088
0.900755017843895	0.751811081556638
0.914854175478315	0.749618533241154
0.954314050109027	0.737862835607224
0.971151398413611	0.751813593597923
0.0245959722605545	0.775391732800496
0.0519257151443715	0.770843097482401
0.0783296165982082	0.768343232776987
0.0946142081578906	0.772419401197608
0.135643161340573	0.776980069110857
0.15911340649273	0.774414895449587
0.174319608210739	0.7758790562964
0.209445088955541	0.769016011549438
0.231651015551059	0.770427531253571
0.261435651569613	0.768061250194849
0.27420799926904	0.7632533619234
0.307106965352633	0.772621022875981
0.338612100411476	0.762130307089829
0.366300886199088	0.765587611024489
0.387155443194157	0.774075134156586
0.416402292080936	0.772933949419849
0.432987420616943	0.774724827044757
0.456612163194485	0.765033405747749
0.482841078055598	0.764660399220103
0.510028839585693	0.77418907391345
0.538170227203236	0.761389294197777
0.556632124149598	0.778166051892357
0.596179087163676	0.763611577896527
0.60862613171872	0.777807775627257
0.645284817232868	0.77702554613159
0.668705692476127	0.766992826364129
0.696022981946885	0.770091786231704
0.709510099685827	0.767635656342011
0.747531146593372	0.770995319124213
0.776631397342475	0.773221756011758
0.793282893022315	0.766725115731488
0.815687151310772	0.773846815957542
0.837788914506939	0.771028318767743
0.87693549705048	0.76787451824835
0.898505050407472	0.765207921902523
0.928852561855865	0.773840465155234
0.956973184729487	0.762365058469931
0.968342956593369	0.771155569066841
0.019642552293802	0.79126438303259
0.056671887444772	0.79844697734093
0.081917687787624	0.792130333976339
0.098310180383981	0.78967834723235
0.129276593721849	0.803649130021414
0.145195407291381	0.790111048154601
0.176377712997955	0.797759404816644
0.207288029941982	0.801633004289608
0.229183554068342	0.794533088230618
0.258714174453612	0.79505196794196
0.274513908765044	0.78614602688569
0.304866642671448	0.788717007423361
0.328834632570047	0.794319943384101
0.362491204634871	0.786543026943468
0.380627377323829	0.790061891457178
0.41800324210893	0.792887042512487
0.428624249554948	0.79719086947693
0.466741669478226	0.790236473135396
0.483487904505478	0.791187435299879
0.515290658894535	0.788407779634252
0.534913048479973	0.802143755964297
0.556526812708399	0.797475222746042
0.59595459604576	0.799300917023661
0.608813419952563	0.794479069567005
0.63899495425297	0.800309409000275
0.669812802162558	0.789696263740495
0.684674779476772	0.794439122665599
0.711128905300537	0.787975805588567
0.749211718078849	0.794565280598095
0.777402929892659	0.800755324574521
0.790390228425085	0.794195386471024
0.827791111390334	0.789843036162698
0.853341578208222	0.787071320417094
0.867110459923841	0.793751808108339
0.896150854103684	0.796422985381374
0.919965289968286	0.795415928889925
0.955482086752924	0.790316992844867
0.966338126875286	0.792528898443395
0.0191141262374457	0.828011227087939
0.0469130986694386	0.812737739096302
0.0790217965691401	0.827265430054223
0.108943926768712	0.828109914890616
0.124363439760143	0.823993872387325
0.159976152642366	0.819137602035248
0.181024128480553	0.815122936087551
0.200107925405696	0.822842604832812
0.23256838812407	0.821510746504669
0.260581511481931	0.828681277186809
0.282374156490996	0.821105329623011
0.31484754759173	0.826080008087874
0.335699858360712	0.823272013389615
0.366887225424566	0.820828364041824
0.391812487802186	0.826907962456812
0.402833882637082	0.815213565313918
0.431009238788869	0.818788947374795
0.468612774043499	0.825864438337464
0.480498646561053	0.817912526913774
0.517754646626536	0.816706162963733
0.544043106837803	0.816484245441944
0.560740343861535	0.818424240782958
0.580909149017667	0.820516710765321
0.621527943751273	0.821706636554825
0.636002893864393	0.828278752537187
0.671043854562516	0.827693936598647
0.699917684781393	0.828101964354931
0.723718296197365	0.815093502936529
0.744208413903577	0.821999299140243
0.774922428736435	0.826876230544564
0.796948932127699	0.828108689233594
0.828799152933121	0.811661857285269
0.84928692390923	0.821331945662942
0.874048787616841	0.816261572974358
0.894074634163377	0.818819395328253
0.92675874405183	0.82878648253332
0.951082813434549	0.827244396545932
0.973809850477432	0.824809322124702
0.0183846185879679	0.844201664429979
0.0585939107452071	0.852128663499048
0.0752573052101206	0.845757662781019
0.0991713064587346	0.837341131672846
0.126250030761486	0.839023211708671
0.156363040057681	0.845574481889295
0.177355255327905	0.844305181700255
0.213386043485523	0.850397002853414
0.2309017676883	0.850494718778744
0.263108446952016	0.844700048437565
0.27595242142007	0.853921298232297
0.306771699856589	0.844496728783371
0.328663463318159	0.851410338830282
0.364413743821755	0.842637271398864
0.378487353098028	0.853266474984301
0.406303823074776	0.852864380175982
0.430771713315505	0.8446802601033
0.457267408877343	0.841637091105015
0.493172608397615	0.847183940562098
0.51968626289789	0.841385278741882
0.545725349201739	0.839956479989077
0.571278056572154	0.84057397016474
0.596255617989453	0.844030236465558
0.618961160784209	0.851708970601345
0.647739717938312	0.851123426467501
0.661450788060597	0.853978283119126
0.685264427669838	0.848962145089334
0.722843459074919	0.838396924091355
0.751728598552882	0.84999832470397
0.768885999071927	0.837704071995168
0.792763555262948	0.844526673340603
0.822502339574732	0.843585688005485
0.841457548773806	0.853166043155978
0.876655380663845	0.846514672897469
0.903768838306957	0.853520185561271
0.92256485778152	0.845713348190104
0.941699544429812	0.838308970960137
0.974775041502691	0.840196474523185
0.0230616384529987	0.864464113140643
0.0530659182181378	0.87348019469907
0.0806359131278838	0.875401610137654
0.0986099442358205	0.870001255194921
0.120631919810061	0.878393217922326
0.156681659387786	0.876149582004954
0.177076873124355	0.867810524025534
0.19768489374734	0.878251298549362
0.237080911793524	0.868895507257917
0.258980269272105	0.879275775587486
0.284564535445687	0.877565465007287
0.300970451445552	0.869589944863123
0.324990903330968	0.879968748854884
0.351205298404615	0.878026117237949
0.389347218343571	0.8753332959756
0.406712436018282	0.863285097800251
0.441961725332144	0.868458310434772
0.466814710955272	0.873460231326258
0.482009337160395	0.87246167771911
0.506885326150324	0.865463629827134
0.5305403976096	0.877779121132072
0.561749490517665	0.871077629176888
0.593466882355204	0.879672140506994
0.617182819628732	0.86863658219223
0.637965998368737	0.875765389256144
0.674273603899311	0.877858922943021
0.701160235195311	0.863150436421086
0.72039487647504	0.880182274142659
0.744219776677768	0.867236156555015
0.776377313024248	0.867963231478606
0.787356813953829	0.867711662405702
0.828294500832605	0.869671333335133
0.84141028868361	0.880044812158395
0.880384869646856	0.87596229957015
0.88925375891957	0.872211280387931
0.928154639658055	0.87895437918848
0.944727001543786	0.874105991964737
0.979444210391943	0.867750646770001
0.021657410237356	0.905139254132576
0.0445059809192879	0.898553228604995
0.0681338418124282	0.891414895568232
0.107682737853237	0.90444308297175
0.126838181469426	0.906019277907782
0.151357149170231	0.897446414307591
0.178570528790804	0.905423423778731
0.198342622747937	0.896810205622747
0.230725638270499	0.890479963742905
0.260078397887658	0.892654377362368
0.276378002166674	0.905152601033867
0.303495661395051	0.901384515596763
0.334885591074128	0.904536231009309
0.362288133294599	0.893815475501249
0.385053709007209	0.895439688790948
0.407174255531439	0.890914379328811
0.433250088142415	0.89261457316528
0.459604829431298	0.900068046511428
0.48222117147596	0.902426872685861
0.504707415820306	0.889195092240821
0.545203155869575	0.903780726352903
0.555880218684288	0.897268304721973
0.595330294974542	0.895304313181913
0.614003942657945	0.896683538128188
0.636737279900721	0.900682245356173
0.664151377086885	0.889625989200097
0.696043296859585	0.896420046855387
0.715145119574954	0.895471632544313
0.739241435798651	0.902124899583876
0.768945303821981	0.890044550369937
0.799248151137214	0.888466552644009
0.815519456925623	0.892303511043618
0.848494987631579	0.897553861004574
0.877512509353586	0.89857669802442
0.889409683170353	0.903322979179974
0.926855070133243	0.900552977157624
0.945376151396145	0.90532136997417
0.980797776454508	0.895047227726717
0.0298546768815392	0.929145039048652
0.0591766537500975	0.921731129114718
0.0794905557411808	0.926848370591288
0.108633157945285	0.922018442796181
0.136266087550248	0.929908387011461
0.153066585801526	0.927455591784355
0.175113507161742	0.915778762930295
0.202405347914705	0.917599455430259
0.238649148288022	0.918542359768995
0.256154831511327	0.92134110691861
0.277890684129213	0.924563980762113
0.31597185402743	0.930603993587135
0.325108149228766	0.91814105674462
0.364637552561501	0.921152501952214
0.388391345060308	0.922026187677141
0.418603313847122	0.917231152690501
0.431055343816178	0.921639324834901
0.463564388041362	0.920664348995651
0.490675043782836	0.921374580414058
0.50997466761347	0.91713032120042
0.542933301377108	0.91589546650407
0.559658521227318	0.928617060525808
0.581959176273821	0.921052247621534
0.614858806519508	0.916993463824568
0.642073763019277	0.928457166153892
0.667919654633031	0.930578667942188
0.684812146376612	0.918036891475717
0.71679381007389	0.922734437492203
0.735846205745358	0.927134733510816
0.76832482315632	0.916319469521695
0.797336455623942	0.930116675738395
0.813826321058068	0.921880479805957
0.851459917618962	0.925779775958458
0.874854823035779	0.921301444266897
0.889021410402607	0.928920461463035
0.927769601319452	0.925032989387505
0.946073326014073	0.921491919238545
0.979523516902191	0.914614156467703
0.0233020263307802	0.941290726708349
0.0508754782265231	0.945867215341642
0.0809079771117178	0.940973924860579
0.103497137327597	0.950364405892031
0.128825878771149	0.950901569732656
0.148163857023263	0.94402950709965
0.185663549024989	0.947786271311565
0.202452099217866	0.948766028706487
0.2235427780289	0.956162683307695
0.257481191987875	0.955371627678596
0.284782985714395	0.94104920396039
0.302348655358346	0.948708401843078
0.340651998624837	0.943970080103193
0.35319158365177	0.949080355602207
0.388613696367913	0.950465195119544
0.412075080967594	0.954842025996169
0.443006249505673	0.949487557181359
0.455094995470979	0.956310997036272
0.478273358980984	0.954260740670769
0.515553549224541	0.943307010758031
0.532525977663587	0.951393987450379
0.566145911136217	0.954195738607337
0.590788129851163	0.942052719183329
0.614128098495929	0.95459264809182
0.63289580655898	0.941873679210844
0.658159927533496	0.954230584452432
0.689992170651032	0.956532045773107
0.723289689473489	0.9484483565318
0.736860761915362	0.941332953673962
0.76904974011161	0.957417142328763
0.79752030428442	0.94081435025281
0.814540938455898	0.946071091219978
0.838156432986543	0.947912733098026
0.866077953166178	0.94998644020251
0.892026028032819	0.955927757734334
0.920694827974297	0.951239710557269
0.942635081380451	0.951699518025003
0.972623108869704	0.953370006324516
0.0311936057166254	0.98278249027774
0.0463250322036106	0.967800402187191
0.0695941744499005	0.966983331341978
0.101308951621863	0.976075722032573
0.128777371884743	0.982446857584086
0.16255948187599	0.979843723215084
0.186722799975092	0.971939179794452
0.210268016431806	0.968960932379314
0.2261841386313	0.973661634433802
0.262376883674633	0.975309209523547
0.27622744987801	0.975479547105077
0.311305698241466	0.978982870492128
0.336626585792618	0.981687805010733
0.356675464379956	0.971883385835529
0.379533549020446	0.97883295237413
0.404647700601902	0.978896981217211
0.435563264776137	0.97476807085569
0.458968255134774	0.982033460809806
0.491470211718664	0.979957674688661
0.506458844265054	0.981956687117169
0.538446151179143	0.966573240167517
0.555157169411831	0.977671501864473
0.584208633252907	0.967803037412406
0.61467586628734	0.974350863422936
0.647227493185667	0.970766189967305
0.659096400445856	0.975615368339747
0.684795729094661	0.976651416694561
0.726894225683613	0.978344679148873
0.7497546243205	0.970070125197648
0.772610243873792	0.967764188590617
0.795146408734462	0.97758026741293
0.825021677441355	0.981925011243574
0.848742494845309	0.981847039679104
0.864895238674511	0.971933191755546
0.902040229386409	0.980177031274839
0.920760141020087	0.976767598377941
0.954077193379122	0.975164077897538
0.979066000297582	0.974848415829101
