0	0
0.0256410256410256	0
0.0512820512820513	0
0.0769230769230769	0
0.102564102564103	0
0.128205128205128	0
0.153846153846154	0
0.179487179487179	0
0.205128205128205	0
0.230769230769231	0
0.256410256410256	0
0.282051282051282	0
0.307692307692308	0
0.333333333333333	0
0.358974358974359	0
0.384615384615385	0
0.41025641025641	0
0.435897435897436	0
0.461538461538462	0
0.487179487179487	0
0.512820512820513	0
0.538461538461538	0
0.564102564102564	0
0.58974358974359	0
0.615384615384615	0
0.641025641025641	0
0.666666666666667	0
0.692307692307692	0
0.717948717948718	0
0.743589743589744	0
0.769230769230769	0
0.794871794871795	0
0.82051282051282	0
0.846153846153846	0
0.871794871794872	0
0.897435897435897	0
0.923076923076923	0
0.948717948717949	0
0.974358974358974	0
1	0
0	1
0.0256410256410256	1
0.0512820512820513	1
0.0769230769230769	1
0.102564102564103	1
0.128205128205128	1
0.153846153846154	1
0.179487179487179	1
0.205128205128205	1
0.230769230769231	1
0.256410256410256	1
0.282051282051282	1
0.307692307692308	1
0.333333333333333	1
0.358974358974359	1
0.384615384615385	1
0.41025641025641	1
0.435897435897436	1
0.461538461538462	1
0.487179487179487	1
0.512820512820513	1
0.538461538461538	1
0.564102564102564	1
0.58974358974359	1
0.615384615384615	1
0.641025641025641	1
0.666666666666667	1
0.692307692307692	1
0.717948717948718	1
0.743589743589744	1
0.769230769230769	1
0.794871794871795	1
0.82051282051282	1
0.846153846153846	1
0.871794871794872	1
0.897435897435897	1
0.923076923076923	1
0.948717948717949	1
0.974358974358974	1
1	1
0	0.0256410256410256
0	0.0512820512820513
0	0.0769230769230769
0	0.102564102564103
0	0.128205128205128
0	0.153846153846154
0	0.179487179487179
0	0.205128205128205
0	0.230769230769231
0	0.256410256410256
0	0.282051282051282
0	0.307692307692308
0	0.333333333333333
0	0.358974358974359
0	0.384615384615385
0	0.41025641025641
0	0.435897435897436
0	0.461538461538462
0	0.487179487179487
0	0.512820512820513
0	0.538461538461538
0	0.564102564102564
0	0.58974358974359
0	0.615384615384615
0	0.641025641025641
0	0.666666666666667
0	0.692307692307692
0	0.717948717948718
0	0.743589743589744
0	0.769230769230769
0	0.794871794871795
0	0.82051282051282
0	0.846153846153846
0	0.871794871794872
0	0.897435897435897
0	0.923076923076923
0	0.948717948717949
0	0.974358974358974
1	0.0256410256410256
1	0.0512820512820513
1	0.0769230769230769
1	0.102564102564103
1	0.128205128205128
1	0.153846153846154
1	0.179487179487179
1	0.205128205128205
1	0.230769230769231
1	0.256410256410256
1	0.282051282051282
1	0.307692307692308
1	0.333333333333333
1	0.358974358974359
1	0.384615384615385
1	0.41025641025641
1	0.435897435897436
1	0.461538461538462
1	0.487179487179487
1	0.512820512820513
1	0.538461538461538
1	0.564102564102564
1	0.58974358974359
1	0.615384615384615
1	0.641025641025641
1	0.666666666666667
1	0.692307692307692
1	0.717948717948718
1	0.743589743589744
1	0.769230769230769
1	0.794871794871795
1	0.82051282051282
1	0.846153846153846
1	0.871794871794872
1	0.897435897435897
1	0.923076923076923
1	0.948717948717949
1	0.974358974358974
0.0187328416138086	0.027826515553612
0.0556448288083653	0.0342041646186166
0.0691538437776456	0.0296431716650643
0.0940698847263831	0.0254103567002894
0.123155768049381	0.0296699034524104
0.157267410882192	0.024739196669918
0.177770357775484	0.0208184416691216
0.201471476559587	0.019690702038396
0.22810885920511	0.0334562040684816
0.250365886572301	0.0167894656871606
0.27410165149356	0.0195271693245556
0.312839793519809	0.0217113643109654
0.340720482638322	0.0219687994071946
0.367916765162444	0.0319760127129385
0.387116727085832	0.027829991591306
0.405537812692226	0.0170923543550349
0.442281554887537	0.0182121136281075
0.466668282785171	0.0304882395755751
0.495766720154457	0.0191589200693375
0.518193749262767	0.0265117181355434
0.530518884889352	0.0186306021137573
0.555719420962699	0.025245568426475
0.59282150663201	0.0220852914182324
0.622964760500711	0.0186373793689946
0.633893271808609	0.0217130521006231
0.658688223886454	0.0184927460577201
0.697540733177077	0.0326341210495021
0.718892340383506	0.0175375407844347
0.749202684848519	0.023205495749104
0.771479360759363	0.0269639120625739
0.790526058942225	0.0330653676138401
0.81808706256503	0.0222887667200377
0.844151124272424	0.0255708093500723
0.878970345102413	0.0193029920492085
0.889909817003066	0.0293535275073833
0.931594002092095	0.0207381956471967
0.940623430838266	0.0256801540299246
0.971207114610248	0.0318550148634349
0.0218318223487925	0.0564072796620602
0.0590184020054137	0.0435959112852674
0.0698954425838154	0.060127352807062
0.107314626094768	0.0511459476956561
0.125333761991412	0.0524974730880809
0.161250986648828	0.053063789572552
0.17452568712761	0.0530340556283889
0.210128348919871	0.0510158994495737
0.235481855264222	0.0477521951037402
0.260587802112504	0.0483823118986404
0.284996040287332	0.0549403694686414
0.307968809416755	0.0492387315948056
0.330721666270748	0.0449264175345872
0.35714707046352	0.0444393942764088
0.386919171993745	0.0582177697633255
0.410745946285321	0.055605945622899
0.427245383783576	0.0600323407539399
0.468143579670201	0.0509003055088917
0.488934502044359	0.0553779904779203
0.504356938345345	0.0453620549470707
0.538012717212051	0.0580751811795338
0.555139707821877	0.0474597241789409
0.587548522968552	0.0436006850463711
0.616676384130502	0.0476495063864086
0.63803861223413	0.0496797318371477
0.667031028965154	0.0469275982210847
0.691020284891711	0.0516464248256934
0.710617958304108	0.0515638052198624
0.752220949854154	0.0542354690549066
0.777480869714531	0.0464144235188153
0.792445415157799	0.0441949686673736
0.820098083924726	0.051447049003841
0.838642661552094	0.0452060612149724
0.872105889915303	0.0577655799190754
0.905225102559064	0.0595433381680412
0.914176115375602	0.0532005711488413
0.952676825152838	0.0496367427045927
0.978408350200026	0.0580953379820313
0.0186221431457648	0.0684140163725492
0.0436329764796766	0.0713090473586096
0.0789181271525732	0.0733306401789298
0.110214611532408	0.0727908446523688
0.130014918979491	0.0768671105553364
0.156717041200681	0.0804256904078511
0.188259217960728	0.0765142939275019
0.207015083132363	0.0778027452141705
0.238068981326505	0.0711583305346411
0.26097584821731	0.0764989859839253
0.281847806403661	0.0717014143274217
0.304159670753174	0.0697139855530847
0.336776198869764	0.0833707897711106
0.360218802606036	0.0766096150134013
0.384321521827543	0.0837641610044481
0.405951195337043	0.0786393100199156
0.427126205890954	0.0854947820640363
0.454315938966828	0.0695270479583063
0.484186408333428	0.0819899942699563
0.513258318464954	0.0830052534468387
0.53538159840068	0.0732625679144953
0.558673738597023	0.0692755266859024
0.580919888167495	0.0770452071761229
0.617520767294237	0.0849293152708178
0.637723596783134	0.075186061075617
0.667229042716963	0.0786353664783248
0.68364125561536	0.07884292225309
0.722443809338524	0.0743929013101885
0.737838089726309	0.0728192985735457
0.764056450587567	0.0777578560243657
0.797324337732742	0.0735276761199979
0.826178101078616	0.0798687922206146
0.84338886122945	0.077227528370612
0.872056663801803	0.0690200820674877
0.897400721802903	0.0832137130439701
0.917590392092319	0.0802174676209956
0.941262404585189	0.0784949542239242
0.973859321215884	0.0802769135863314
0.0330590490562281	0.0952842078494123
0.0571007080565921	0.108475883768287
0.0794001340657697	0.10968392047017
0.105390775392773	0.0957926107279736
0.124781733152647	0.109839989434643
0.160576501139413	0.107724490037945
0.17751811299246	0.0998345007291158
0.206856848813064	0.103614457869099
0.22195530153261	0.107960110718406
0.251714031917089	0.100172988668837
0.281161943812468	0.101770735646308
0.313628441447707	0.0952495520054787
0.326800153593925	0.0995496875719087
0.366136379552589	0.109694603285221
0.387521665547849	0.0954584076101252
0.407555187497002	0.103429604451593
0.427673847737588	0.103394638635682
0.464334689815334	0.105902549386148
0.47847799933493	0.0957581216527438
0.508958865018629	0.0957765198762134
0.544832069463844	0.09939249234046
0.562165331410181	0.0966779187058603
0.58828576497197	0.110765651754048
0.622207182722914	0.100205494483414
0.643389478031889	0.104657244431197
0.662336772416979	0.0965079720970553
0.697732303574673	0.105108635443822
0.72354528054574	0.10023546532545
0.745592158495597	0.104076517239363
0.77091193419634	0.106242412787968
0.794893959075666	0.105251370371438
0.823830690661826	0.0957788085801116
0.851832385304924	0.10845489606896
0.865660238317291	0.106617998155943
0.905696153315265	0.10360129778952
0.930621777467094	0.0999743307290309
0.953072519322794	0.102804535337593
0.972091153501824	0.0947701501435501
0.0271466382340097	0.127149902151024
0.0458932047380282	0.125179636085742
0.0814268630721993	0.120865255506132
0.100628976641838	0.128620114945205
0.13563106574383	0.125813120569648
0.154822410257912	0.123294130439308
0.174314350730386	0.122597186638542
0.196413119464244	0.120567935584726
0.236178160208359	0.119458524885044
0.254441756651925	0.133984315199496
0.28791830106396	0.135523528392113
0.309257421374121	0.135582225744179
0.325846443416706	0.126463974352112
0.365541267249161	0.13385949359708
0.386188577345888	0.12400733703685
0.414832190615818	0.11938109252926
0.430436969382727	0.131421110371132
0.455305003376158	0.123674062697133
0.494690509478463	0.133879543361762
0.506173520386195	0.132850457592211
0.543991737666958	0.136162644183489
0.5651287174103	0.135369977726081
0.592091434780574	0.132924390480825
0.612986333913051	0.129239523078692
0.649274244242877	0.13388784220338
0.666447369333351	0.13151234961393
0.701168765831299	0.127858453298237
0.721046793287185	0.130177009941058
0.748549461603208	0.133025643974532
0.761051464101885	0.12456474309961
0.792499334567545	0.136203966059237
0.819327087788395	0.12802471971152
0.849276078103452	0.129076160940995
0.866636523550803	0.122141602457703
0.892759845144868	0.132120737366602
0.929348753438648	0.12055362251183
0.949974116172146	0.120334143327698
0.978404973111452	0.133114782773012
0.0199315714581275	0.147135561335474
0.0473900878251582	0.149227141007692
0.0691109055384628	0.147641731306945
0.110132056658823	0.15954602290618
0.123068312160806	0.149967165549561
0.162544522900658	0.149494153679501
0.184796328620334	0.156465179730512
0.206446360318242	0.161661943634784
0.237875308563936	0.160275955401322
0.261075521232545	0.153146692862687
0.282497190913103	0.155397951181273
0.314077396501732	0.15282512992845
0.33007656629271	0.14576173971751
0.350442589185098	0.161491864366854
0.380364257891262	0.157551286173392
0.403656832875555	0.155572313167428
0.432595654886125	0.147476612936794
0.456582420405612	0.155576252173086
0.49252936202876	0.155219099690434
0.50744930706633	0.148466861400689
0.537444397538975	0.152364775121124
0.570687408068245	0.147490809090892
0.588482610312773	0.159898548009552
0.623390898230345	0.147384935439238
0.641965010889467	0.147415628652332
0.672428603559292	0.157881519402931
0.696569344932069	0.150567804179297
0.71075000408462	0.151294849265664
0.741860017766077	0.148508087757858
0.761666715351136	0.16093176812449
0.791980746678428	0.148909160592198
0.819070265015453	0.161334183194621
0.851125910049242	0.149878610481051
0.872004334847285	0.156907048399226
0.891895748033957	0.153619818102432
0.929920950298256	0.15430704904655
0.948601085647854	0.153739396438798
0.970627657569159	0.160604056595012
0.0244977420253076	0.176750993140058
0.0536235364039927	0.181056737086128
0.0815306794774782	0.173715917042669
0.10960916693101	0.177549409046595
0.127515514030424	0.177868566635242
0.162639039416249	0.181557598707304
0.171624479417363	0.174117495186404
0.206439536454654	0.176483371874552
0.228296707219649	0.186824874652167
0.252871045562966	0.186442279199946
0.281606256589546	0.171164669318355
0.307242910003593	0.17662403782162
0.334389091882894	0.180784361820917
0.353758060412863	0.179345954574541
0.392160045751768	0.172611466846324
0.41351700827495	0.180146136877224
0.434467492348077	0.171766638227119
0.453784142399437	0.176935978125649
0.494046487474378	0.187799488968715
0.511073958187082	0.186374456772009
0.532746886343726	0.184842357401665
0.555686992810714	0.179233278753553
0.593581491072557	0.18400310755121
0.607401550721948	0.176424689618353
0.635381510635049	0.18432927913956
0.670179884265801	0.182402891432964
0.691402649433967	0.179932776737522
0.719500698968705	0.186522036278137
0.749933826563794	0.179824568245802
0.776640672621183	0.174112472978668
0.803723796092383	0.187907514737661
0.813919632235495	0.177253622275205
0.840524913213925	0.174247067200754
0.879577925353448	0.187366806791567
0.905439457125328	0.177197985979483
0.920346602695558	0.18822941253927
0.957506383321874	0.171505675471716
0.977249076141002	0.187703870334787
0.0264795954205421	0.212658774838853
0.059880761556072	0.199016156424131
0.0688293216077787	0.207394475369222
0.0992494996596439	0.199159699664277
0.120005610499981	0.21229292816432
0.157571001024038	0.201291286262534
0.176978850313739	0.213822667656189
0.20848114175377	0.210834268665153
0.224478799436345	0.205033440694921
0.247798296740248	0.200461736357459
0.290745239470947	0.202404333297841
0.307452858667832	0.198648234852668
0.339724055745951	0.213535430278714
0.356154561666758	0.203802919269421
0.380872707246335	0.200198794668545
0.408273371372997	0.205109919379731
0.439530220098785	0.213639455639754
0.45385064913322	0.196875981965262
0.4933430251012	0.196527045267434
0.518958741469314	0.212472971504758
0.530635712978027	0.197012686524367
0.560525828941675	0.208697809536943
0.583970010413955	0.198025359626986
0.623885096237496	0.197993126356923
0.637886373310861	0.207034376235018
0.675033428050603	0.203084835180853
0.683615447671965	0.198535564038055
0.724847464926534	0.211604958624533
0.738403952267164	0.206891462245122
0.763426037065754	0.199879141088977
0.798889098615073	0.208268491864309
0.82935330734474	0.207404972147617
0.844945469806137	0.199089757461383
0.875802232324592	0.212906772421112
0.889171993804292	0.21035451278432
0.924880398231874	0.198342588429074
0.94668022792274	0.213363869670284
0.97546549758422	0.200659971510811
0.0260491381908183	0.223875552564629
0.0469749140983767	0.23111174256917
0.0840854194413941	0.237048127347357
0.0974901730257426	0.222156261659786
0.130146579143314	0.233501104074086
0.149375152689523	0.223876065186062
0.173389108506623	0.227395027750977
0.213597983057767	0.222175733304013
0.229287695116115	0.227776534407552
0.2579759664715	0.239020118542713
0.287182075208488	0.235372993419914
0.303726572422526	0.231413857800357
0.336819600487626	0.232809475904831
0.35707205952017	0.231048827568487
0.392470005265467	0.229976877196444
0.404138155662833	0.237600031296241
0.430449805790503	0.229535700665582
0.465508289730583	0.232595683022391
0.481270723630947	0.228463842447363
0.515655230864652	0.237749388824421
0.535175458769793	0.230531375462228
0.57161675470747	0.225421833870985
0.595186262383889	0.229833375200684
0.611976743934147	0.223568859831248
0.635269447097375	0.239175153038955
0.669791959228989	0.231609369851203
0.692749391524773	0.225470558074695
0.714310687150903	0.222508203681615
0.743352757249939	0.228984685324524
0.762723705708284	0.227535156317196
0.79729792430259	0.2250601240888
0.822675581298352	0.234717334001443
0.844778566351067	0.236485399540401
0.872545796932545	0.235783536614917
0.889543236008518	0.234132536485515
0.915528353747225	0.224384302030257
0.940117983711084	0.23546429735071
0.970910952039728	0.23226290038938
0.0231961742723774	0.252391193076924
0.0570111157221732	0.263312696059282
0.0839329999359764	0.260481349561212
0.1047056950509	0.248959320289585
0.123244651339137	0.251315460996481
0.151328982267462	0.251278891597326
0.173187075368008	0.253017784299895
0.212625938655735	0.262710063488183
0.225491234321687	0.261046408356607
0.248534801824878	0.250457302186075
0.277315448025993	0.252989919586098
0.300359120840988	0.257930138427404
0.337219977918555	0.259863379307486
0.355988716419825	0.248012996618708
0.382731305093364	0.263211913399138
0.41311615533881	0.261590626845994
0.444495376241817	0.255049361848314
0.458924201869984	0.250076606557715
0.494565954242666	0.250478073201183
0.515395325326809	0.256082955545221
0.539400828157181	0.254780115728604
0.557467354784181	0.260044932700431
0.584701832737808	0.248145588258999
0.61526488670166	0.263763397610762
0.638466442264371	0.259077766462045
0.661386873316116	0.248704933111727
0.687480343303979	0.249864632492593
0.710426026567425	0.260031322637784
0.741405045974616	0.265036018510226
0.763839203744628	0.258657710688892
0.794530901301373	0.251962026404666
0.813518933523221	0.262201804236753
0.844958191922056	0.251306208286206
0.879028970929242	0.25687898700175
0.888607967095569	0.252706452520876
0.918068612947185	0.258295844619092
0.944992667112714	0.262137454917101
0.966935856001283	0.253584438191296
0.0308889887018895	0.290821559332564
0.0445449634535214	0.284506717218347
0.0858673219843576	0.273306028695162
0.104251771131764	0.28569463681213
0.128712736301305	0.278974977099327
0.153612227229843	0.277560805967174
0.171577464817386	0.279150655430198
0.203163746934065	0.279620063143614
0.236486610636183	0.290126775441034
0.263819935495256	0.278787633792258
0.274270024926573	0.278250901811461
0.311852704781112	0.278648246774116
0.341936995889481	0.279884423014351
0.363374338637394	0.279350430604225
0.388102497282257	0.28505194192012
0.414275893457062	0.278695496734674
0.431872110426322	0.28505921937807
0.467905672999146	0.278870932620852
0.492252278633928	0.281710968356137
0.507914228366135	0.279454406083246
0.54678671319309	0.28991659146479
0.56242568595623	0.284550246133221
0.586241029670194	0.279073538640559
0.622615614224831	0.287995803988205
0.648426863051164	0.274127458557528
0.664155353382139	0.288029519608682
0.695523761724299	0.290296522742068
0.716066633221584	0.285607602980217
0.748342549220002	0.28357037368303
0.773593103677639	0.281316799731148
0.799165391794769	0.284657655501698
0.816901748728093	0.286993654471266
0.842789016156425	0.289716577245735
0.87536992980546	0.27473402614005
0.89397372144904	0.285550670870826
0.916936826462098	0.280574003695938
0.949210030321099	0.288942699390613
0.967916362461435	0.286403884758
0.023835087768929	0.312638853577266
0.0592935384607915	0.302083899249873
0.0842370894916228	0.301156638977657
0.0942946636182442	0.302752830865135
0.128093542513705	0.304330964269711
0.151399825249184	0.300410117564811
0.172754357872339	0.303102462595722
0.212116555303593	0.31616392905253
0.231649052604163	0.311230164617482
0.2491262699808	0.302145269578409
0.273874993260864	0.312566992590974
0.316549848227765	0.299002058697233
0.339499309020946	0.310537218299729
0.36558998339539	0.307767638276656
0.38659571778885	0.316159193142532
0.412548049487323	0.298803553851265
0.433165126482652	0.308415882461092
0.46398472963004	0.299847012199762
0.495680091226655	0.301124097334386
0.516354560322572	0.311522349602085
0.541421549187679	0.29897505758728
0.560252363426993	0.312749788481166
0.590114115369086	0.304910629378136
0.62161776954629	0.316373913624754
0.63462659851091	0.30601323238081
0.662811108129182	0.313192836987151
0.691526762849002	0.311609256441361
0.721112340216492	0.302256733695957
0.749796677307973	0.309293660832856
0.776721531007701	0.315004516748871
0.794008361690595	0.3028446391098
0.828754188123637	0.304725882328132
0.852106035784956	0.301414778756389
0.869399641160591	0.310632770302021
0.891044184370421	0.309838622297087
0.931723484784832	0.308781251168964
0.94055215087209	0.306807831003595
0.966796355057005	0.304897915494967
0.0223888910346862	0.325906524102066
0.0440273247578833	0.326264169986009
0.070015745569205	0.328937688234828
0.0997812543236731	0.338609646760764
0.124152090426859	0.333453187018228
0.158424568474044	0.327704448341647
0.183994080884756	0.337800185977016
0.200182231441151	0.329826490098213
0.222154006300055	0.327024678450289
0.258455401204402	0.328337223039804
0.284417961459321	0.332765867303706
0.301855866084934	0.340684096442649
0.330164763361569	0.340043451848737
0.353654206796349	0.331729070101043
0.381438655371068	0.336469400198599
0.417509065610105	0.333059179284018
0.439865708152327	0.327624848228051
0.456966257236143	0.339867635029997
0.48889158771683	0.334733229641055
0.503916493482037	0.340593476920779
0.534044542075962	0.341145654038696
0.572929218155323	0.337279001096855
0.590189183621859	0.341843688052454
0.617809986383222	0.339216887213573
0.644624814891401	0.325155408033175
0.66110673609576	0.33241011184594
0.689307512007256	0.340833348337651
0.720161757530913	0.329387795235729
0.742735222895868	0.325823595772173
0.770463345836987	0.341706499567898
0.797069817584011	0.325360665614359
0.821655472787805	0.340333288099626
0.839724948709835	0.341761417933026
0.863224682918987	0.337172945824607
0.897426510841803	0.341823553360402
0.918984251155178	0.332553153742217
0.942681846662548	0.339127456278531
0.967113552877174	0.335317242794499
0.0287822475070084	0.35192724398679
0.0545892705545393	0.356359605367633
0.0848850426933337	0.358181818421779
0.105527862897901	0.360731973150522
0.124568129492831	0.352382136067003
0.158808494983286	0.352689338819131
0.175465609692654	0.353140318231541
0.205834719606396	0.350175161204271
0.226930416546824	0.356683101046565
0.261489652664108	0.353783688254766
0.274868412814289	0.362745351329698
0.302117677636536	0.356457653570411
0.337370766624289	0.359138599631313
0.357174731249193	0.356879240093034
0.393472642273478	0.352230890270289
0.413919950026799	0.350151356703963
0.439728159781501	0.35562613343976
0.468233137918709	0.353000060991276
0.490342982946849	0.363972477194069
0.5146596647533	0.364304825857711
0.541435634170139	0.353207806983645
0.564448729908526	0.3526788920686
0.594736872494555	0.357634944911004
0.609228480454451	0.355294375784431
0.633096862372112	0.361839569131327
0.66608993419704	0.363335225188696
0.684668136375782	0.357906000987934
0.717671528656238	0.358814570477434
0.737334187690781	0.355691811566773
0.765826661804116	0.359855405860921
0.79646669170854	0.350657948784302
0.829251887876847	0.363309006973243
0.853902577881597	0.360300976111437
0.88054056616209	0.357033019868487
0.902822853053936	0.365253391173396
0.931800247694123	0.358215832256286
0.952053077317629	0.359194948729302
0.97357847270366	0.36668312937071
0.0183557485314513	0.392527071085005
0.0489562037973067	0.389065572559066
0.084444226113625	0.382122543170963
0.101567591699602	0.390314104034093
0.132473173664107	0.382634564462876
0.160645768324651	0.385667540003117
0.183441834322248	0.383175486490201
0.199063531219852	0.392930083844582
0.223057216668753	0.389454410467736
0.251080553211216	0.386999265963605
0.281387214935834	0.389001903298535
0.305077871137064	0.38074011983708
0.33980079045444	0.381510922441166
0.365638281171106	0.388060190548715
0.388676128911969	0.382003927901039
0.408260646445017	0.383181540515613
0.432719154386968	0.391521851376561
0.465110874345095	0.381538691334871
0.494896799901213	0.383242731124021
0.513996347156649	0.387143958703527
0.538908296174362	0.385706187622851
0.571316012725487	0.392964498761188
0.591198943514834	0.381937354646263
0.613541292326872	0.388016949201532
0.635982075072649	0.376606809720366
0.666449954243244	0.38841637935406
0.695548657224952	0.388039630501782
0.717689233845712	0.378068540098695
0.743699590999477	0.376818464817999
0.777432451892466	0.389397501933265
0.789848007730813	0.390957795296848
0.8233560016818	0.384352295162728
0.847573442152071	0.381442871034131
0.867545460056701	0.390589765536352
0.903467109007195	0.385122855432262
0.930378416772795	0.39269087912914
0.948743710262695	0.38986377511843
0.973543460023175	0.385112475347726
0.0234624833199108	0.412491119069757
0.059085243433698	0.40517547633169
0.075984713204906	0.405591732572619
0.107275715859382	0.401790207021029
0.131153193365338	0.412170935943555
0.146371950623589	0.414203694201376
0.18258345355631	0.419216415251586
0.200051764344564	0.406858420609535
0.229093114191755	0.407043110778725
0.258684871839605	0.401843049878777
0.284901604815177	0.403970184649662
0.299179797432357	0.409917061845745
0.336474197777765	0.401530425453949
0.3546946550045	0.41448681190119
0.386249626959961	0.403211730290765
0.414320491766415	0.41232360610572
0.4367426583537	0.413354915143037
0.468353621851987	0.40317956420386
0.480076425104001	0.410720340559955
0.518501616842119	0.404343337240892
0.543506224271043	0.414192491330862
0.558854996990782	0.418542826468612
0.586123768568607	0.418223486405621
0.619107069100619	0.413877498803153
0.636680866961293	0.41624122780978
0.672124778687244	0.409758224569072
0.693049707373235	0.417125522945115
0.721214185986003	0.412447296291651
0.738936218134371	0.414840146567785
0.778084649185158	0.404564258061325
0.789476392917371	0.407494734046005
0.825889181072296	0.414333709279423
0.846196400685766	0.4058266289173
0.878407940763309	0.408020312160758
0.890548370529145	0.417527615002251
0.92441022508603	0.406255776137672
0.951483410692538	0.414070911873367
0.98265301996953	0.407898657269552
0.0265166705936861	0.432263170727147
0.0502400648797712	0.441872072233653
0.0710807767090967	0.432273192559579
0.111232448590187	0.434588829001452
0.119487355462129	0.428981558161125
0.159067412499115	0.441772719349934
0.185662233223972	0.444050360117783
0.19667902062404	0.436888575846091
0.237828854724932	0.439104166514671
0.262795023563701	0.438529789804723
0.273743108114069	0.437256733847201
0.300180607031988	0.443779569005653
0.340686058686422	0.438611264646008
0.364668474747636	0.434108481908313
0.379485192154187	0.44187281521717
0.415792044897126	0.44050325867471
0.443496830142223	0.432323549137189
0.465904626254304	0.439618148982065
0.490970376004968	0.439030031422282
0.514148153456988	0.43630286465501
0.544500845156133	0.435026207775888
0.569780861058965	0.431637417337015
0.592495415890739	0.443255311312877
0.622578393251269	0.431607481275954
0.636426838341829	0.4368916381297
0.66448325645304	0.443411783837485
0.700291140565182	0.439190677049512
0.714484542931753	0.44246156077284
0.743375151214177	0.432469026203583
0.77205473434724	0.434853608222693
0.793305509086751	0.431904957875605
0.816734944518058	0.439434330545205
0.847897136293243	0.438846500651875
0.87193293507129	0.433044629237468
0.902706560191121	0.431622096200789
0.931782298095833	0.430312545529897
0.951517628341825	0.433543055385057
0.973104448959923	0.43544838988454
0.0327330385841455	0.453301947394139
0.0594836492201451	0.456188186438243
0.0854782670170595	0.461995080135934
0.104678912289354	0.462791480484937
0.127345816979716	0.456100521766904
0.152262861853438	0.463551592033795
0.181365587134213	0.453682817596913
0.202998267925417	0.468778787794385
0.226652315874564	0.458457099540116
0.254933158965462	0.457839671938775
0.281063214376183	0.460300082058673
0.307733971282942	0.455735158319595
0.336737824890808	0.462316806779931
0.355373939673639	0.462038990233004
0.386297834855125	0.464327189585318
0.412918110882119	0.461113016504044
0.443127736815759	0.462609959480782
0.466783979454279	0.464543784940903
0.489086578844861	0.461234958860915
0.510682691578703	0.465437608913101
0.546584101984406	0.459309844480521
0.569456352273014	0.453872181673155
0.58724890397997	0.460595434607356
0.618890300531626	0.462319096062771
0.649659041408707	0.458049227638825
0.6706180002579	0.45787930541709
0.684620122389687	0.455389443554647
0.709978410061429	0.467074046115991
0.749676625206769	0.456436779987626
0.76337426732701	0.453784538148862
0.794413246835753	0.468138935352582
0.820255683681328	0.456987894466611
0.839615583076989	0.457104940663453
0.877181628555946	0.467909565392848
0.89814156919565	0.454185588365151
0.926222689315859	0.464407305336762
0.955311718281703	0.468970695670447
0.965490036111784	0.458234356755497
0.0281362957393761	0.480544200555607
0.0496533395039575	0.486435706133597
0.0684819508345089	0.488025477243688
0.100400986431513	0.484018166069999
0.124532214010424	0.493870076970186
0.154165751891911	0.491098570146382
0.177650864816461	0.486621846752486
0.19857687758676	0.492093249115288
0.222722179989324	0.484889976080391
0.263294307482192	0.493004640254131
0.288775731240504	0.489964894970646
0.303433790554061	0.482186023684924
0.330586486509838	0.490839373288707
0.360959456499003	0.495707580253302
0.38606460096427	0.490471888858587
0.414572300093245	0.490984396846232
0.440972279974758	0.492262207720967
0.457844973398028	0.496069224601029
0.493421075539463	0.495254675938761
0.51269547074084	0.490407028538568
0.536565857941805	0.487049467174452
0.565332683202931	0.480494895182326
0.586954912227943	0.492868485403527
0.622952777502508	0.496084977373634
0.64474760432021	0.493977799009747
0.658118352258932	0.491566014551892
0.695053168470377	0.485949305456202
0.714804019357677	0.48329132222552
0.735457911118271	0.485092426595877
0.777258484244017	0.489415038791628
0.787486824978598	0.490733664372476
0.818829667547735	0.48376535773974
0.847309991621315	0.488046360294358
0.864375110914095	0.493633823964065
0.904852950957254	0.49274301345925
0.927939307522412	0.489568872558141
0.940501632412423	0.484546416828178
0.980938046868207	0.478680350130074
0.0324641141454975	0.519002882303107
0.0424780363330992	0.508996302889042
0.0760955147346672	0.508319660370775
0.105847348152615	0.516858110211704
0.129570518987091	0.509506998689229
0.149766411956034	0.513371146944856
0.177086651638751	0.51256272339479
0.208459502354934	0.51929382704202
0.228943765987211	0.516583053798653
0.263490325597109	0.508159300280966
0.274546430564991	0.51146127829666
0.311240237599261	0.506702576916926
0.33391781241105	0.513504251921168
0.364491032635962	0.511994220922513
0.392450195085457	0.506895545473815
0.418180089822231	0.5071218650726
0.436504565500993	0.521342779765249
0.468754952179637	0.512943711984945
0.491083892995715	0.519077947080791
0.512045453934896	0.519357700411306
0.529612990757484	0.521155065902034
0.560556502062834	0.519331522307554
0.586166491396641	0.506994762960378
0.617737930507488	0.514645104110317
0.646200002225074	0.511075135280533
0.661050007614279	0.520225280386716
0.689890293671205	0.513457914973087
0.716462350813214	0.514882394894546
0.73799369629359	0.504708707808164
0.767411537916047	0.504537963099566
0.798370302242128	0.511842697207074
0.827688702141734	0.512494893319889
0.851871423296094	0.520530357485367
0.870544709985528	0.520700158060933
0.900786817687435	0.512086530299619
0.92512758890417	0.520334266687729
0.943473190870936	0.509523382150063
0.98169280096222	0.510026504710212
0.0263908033577661	0.540189924833234
0.0534248829051843	0.541899375246706
0.0702804327901355	0.534104042291778
0.0984612609188715	0.536905012524118
0.129683451100508	0.54116750613466
0.159234176003449	0.530083177416431
0.174133865742814	0.533552996006697
0.197903388146011	0.543974347913665
0.236235412792353	0.546757632258493
0.259329370853832	0.544488282538202
0.275108244134416	0.546168298713238
0.303244298977536	0.541202414095075
0.331944941207085	0.545926909795459
0.356595767405676	0.532592218037336
0.381043536272723	0.530626812437846
0.40279432376987	0.539609359997313
0.427772962290469	0.533249731621915
0.465172617965211	0.52950937786369
0.486016940042126	0.540595288263026
0.5216893864747	0.5332478023695
0.538990253056088	0.535780672254916
0.564679048134637	0.537402011199608
0.590449690206956	0.543615707887419
0.607560085680827	0.546062889777152
0.632114222558457	0.534208280408271
0.660844741390282	0.531886453081344
0.691578138486133	0.534054963104268
0.715554229341414	0.537924399111708
0.739730668962675	0.530936166963775
0.767853910325958	0.546744926548524
0.799920129744071	0.534427034636488
0.827085936752663	0.53822072990187
0.848053021868294	0.537873341774589
0.877293330474946	0.537278308768616
0.899271982617969	0.538840341159081
0.916316672681506	0.544840478958085
0.952893344722506	0.534229642862414
0.9800263796909	0.546766921642947
0.0313565114639197	0.572561257140014
0.055779651156072	0.558884718327651
0.0798589942119942	0.564500239120648
0.108351079827282	0.564840854818728
0.130882206395692	0.56756418964142
0.152206930136351	0.559386407187093
0.18577943747692	0.571701642805114
0.213881280134754	0.557419966345088
0.22514436627489	0.56028097134114
0.256672108194845	0.565440962362118
0.28898592084423	0.556284321688919
0.308007582513582	0.559768064806841
0.333322470227911	0.571690768584664
0.365865610531396	0.559656400584641
0.379386297352536	0.555374714349379
0.402136147116882	0.557325316323513
0.439270946042925	0.572371456210262
0.45932714473394	0.560618534677252
0.478277023563528	0.555552714775355
0.516965539184446	0.561448944548977
0.537773294924871	0.564365825025926
0.573053478903091	0.56153613957856
0.588709745199451	0.569442705764708
0.612621277794025	0.567828186964136
0.649891602331232	0.570983712798187
0.660598835390493	0.571805086849509
0.700087624549216	0.556577449122331
0.726404097197047	0.561426241155655
0.743849723105837	0.562192215039533
0.771275930472959	0.560855155466577
0.794687828129646	0.557083274052688
0.811998441856155	0.557107332689203
0.854859486861596	0.565826231569355
0.872759322695067	0.557219931122017
0.892659125259281	0.57009241106286
0.92091619754024	0.571017718060029
0.94959055338157	0.564084008132341
0.968033326080852	0.559663498863418
0.0279870290014403	0.584777837493486
0.0426436894648721	0.583948540097117
0.0787001728209386	0.586963503923914
0.0977896541126682	0.596522426243097
0.129461021265491	0.591382664714894
0.150304431431768	0.584231779848024
0.171049540295378	0.584863759333588
0.201397795895977	0.586702909141694
0.228962852880851	0.593723335154942
0.25860972698629	0.595753380986627
0.284378779127008	0.59162647099897
0.31330005796551	0.591446333962887
0.334153148487662	0.581076505695153
0.366200739891603	0.585587752754943
0.377592045689238	0.597029038511345
0.416614063223556	0.582704934199138
0.440208627784508	0.588568573808615
0.468138897979527	0.583156401800628
0.478984831196863	0.595203381017341
0.514727430373434	0.589742203670614
0.529770366307081	0.586993428078474
0.566486727832875	0.586402872006578
0.585307917025531	0.594237517576061
0.620495882019714	0.59724848724574
0.632228588705451	0.586847702747585
0.661616245801523	0.58820628674962
0.687103525120243	0.58994479881452
0.711168080770133	0.586242205851404
0.748481312552302	0.582524849352126
0.76560236587194	0.595804940177584
0.799996011700538	0.596227983535563
0.814703392797409	0.585090442610463
0.848747315897277	0.589554675077508
0.879333980833303	0.595138528638798
0.893241714534929	0.595095654953922
0.915206756575859	0.59304530528331
0.953120579842392	0.597731414029096
0.972471255815329	0.597935562608806
0.0317945195951036	0.611870836434328
0.0429105346763431	0.618112164945838
0.0806240085330022	0.614748233003221
0.110542720331449	0.61633669201944
0.135931581517401	0.618264826540735
0.162216732078542	0.614530191408028
0.176169118567526	0.620332685053361
0.209458477317813	0.619886424063077
0.2267620940363	0.613529772757599
0.248301612922085	0.619396006259214
0.276663601252903	0.606453607579183
0.307293579693884	0.611616389970547
0.336323195763441	0.614714577099365
0.356860280941949	0.61153807789922
0.380873695701518	0.619497639769926
0.41147334593819	0.610995178935761
0.427594823599822	0.610964139895699
0.461198766616983	0.609099964461987
0.480171775491787	0.613523377617099
0.510884726231692	0.622912638148508
0.53756129493812	0.607034205018657
0.565232692565062	0.615605577939326
0.583871848472481	0.614416181754543
0.617592968878055	0.612552882070335
0.643873183224028	0.617737112075206
0.671667536042775	0.619705807536591
0.685343203576589	0.613485695823735
0.720058689799695	0.615267539473219
0.751005336125992	0.621187991887179
0.761406836075252	0.608879728984755
0.786813776983353	0.614830899486318
0.815830965689838	0.616313144164182
0.843231151918332	0.620762905870261
0.866245176087862	0.609096530984329
0.888931153416508	0.609679840726595
0.921770574633235	0.62156831572026
0.954569164663672	0.615858842245477
0.973524764925603	0.608819540726112
0.0311157176213046	0.642388005341321
0.0484210756781579	0.633097982626336
0.0791258255778138	0.636569478621162
0.102811706096149	0.64926517362101
0.132517691483913	0.638265141937366
0.159800442551224	0.640004508717522
0.180650281715102	0.632275198869677
0.212004462049319	0.640149929045083
0.239224350294199	0.63232873380554
0.247903091935009	0.648806134776178
0.274964284658709	0.643898403637789
0.304169806030972	0.636901097611132
0.325750086469204	0.648590032907135
0.350851222945324	0.647397278076808
0.379178735618579	0.648103476399877
0.403088805506246	0.642155251861938
0.441703023172761	0.644303006951321
0.460503677190258	0.642457833995823
0.49453527398636	0.639141848457462
0.517724754691326	0.636929003926065
0.532719150501329	0.646874637149393
0.57092677681834	0.63769124617946
0.588632449752457	0.635754197843735
0.615575666831385	0.639403838592612
0.64056694861761	0.634739497952742
0.669210232425917	0.642496842515718
0.686885352109598	0.634068788509296
0.714958111597801	0.64093401078205
0.748849784365887	0.642181510074625
0.763111412747537	0.648067411404456
0.795336032035513	0.634606539368382
0.823346148108006	0.641143350659839
0.838574187331362	0.646568826803328
0.870369927904352	0.641350690372826
0.899257232049781	0.64725101246212
0.914783811250055	0.648534119553787
0.952013809752089	0.642729464185911
0.980097490221774	0.648950562921876
0.0171638808254364	0.670702890061778
0.0451997967904513	0.665593334824318
0.083471429572687	0.66111999391571
0.0988252039627081	0.669159600736886
0.128044978293186	0.657977015409496
0.162212674189416	0.664864050458408
0.172037265636851	0.669915768458958
0.197707507982725	0.674849742991001
0.235090994483744	0.658879657371894
0.251183007044552	0.671685712576252
0.289111109643934	0.673830823060499
0.301085042678691	0.665441174602613
0.338407605474401	0.674585334952437
0.365236294088157	0.663989504885526
0.390326756883587	0.668956629929585
0.401881497262422	0.665768417711558
0.433249247860032	0.665867025426283
0.464434329033386	0.670456095757155
0.480581229102646	0.669233126947048
0.507426068507245	0.673321845577865
0.540804475790019	0.672262161114602
0.555514205974962	0.65789681733694
0.582583517575201	0.660967447328932
0.616487784922231	0.67396193966671
0.645941874651644	0.674245747187943
0.668484337827518	0.658241987768805
0.688914907049333	0.669325580003561
0.716517806732771	0.662687185091883
0.738514763984566	0.660684238968853
0.771304372694587	0.665873391864353
0.78892365130285	0.663214157158214
0.813442284453732	0.672695049623511
0.854386185124038	0.667570709195927
0.870372233639566	0.664504430125573
0.900242716144994	0.674570422953789
0.92198881267171	0.667254391586862
0.957089371799249	0.667011481635964
0.97734778518691	0.671975567093669
0.0200367758762975	0.692605799469042
0.056354685003165	0.694567464497967
0.0791763974465177	0.686995132128259
0.104030965585779	0.684290207857841
0.123482584412974	0.685063107982477
0.151726144580119	0.687097955390751
0.185444635763395	0.6910744532356
0.203247026495592	0.689429559117779
0.237314363468778	0.68377903864658
0.260350991888748	0.686058889693203
0.274608459942227	0.693757275289468
0.307581163741032	0.689372272215793
0.325775577723581	0.697176126641758
0.364101140404315	0.683804479404043
0.377487413216322	0.693287597354099
0.418973650719697	0.693956650737625
0.442365848584666	0.700299765068909
0.463061845863637	0.685634459647572
0.482538995927443	0.685607234898162
0.520367884502171	0.689804837339398
0.535679489888405	0.690964324347868
0.560130006354762	0.691732615489616
0.584664340576685	0.693707553656121
0.609172915048662	0.690238188343318
0.6327735999349	0.69834249543006
0.671317576127433	0.695902017261981
0.696523544639861	0.695664629633943
0.713404607078573	0.691818602061538
0.743453472703851	0.698672610924134
0.775020971340949	0.689254983190656
0.793330947455454	0.689734740140729
0.821000423455905	0.687919289798326
0.848561733253246	0.70123734341636
0.865948128665033	0.686447653379426
0.902850716074353	0.693288364763325
0.92297887392908	0.695222711927536
0.945645989243927	0.688745683722477
0.973196559722781	0.698954892709318
0.0175796275258271	0.725848563979732
0.0496571868329221	0.719875724830604
0.085614556675652	0.724251859069385
0.100160039660906	0.726611775831439
0.12169662744178	0.719324719689027
0.15001862834111	0.711823908159928
0.183214847128759	0.717926099987975
0.197281774487763	0.713529775500259
0.231636449075097	0.71117982862955
0.247649648349812	0.719077187769681
0.275138667553647	0.725198989778363
0.299325933563259	0.710820965797448
0.333005896775426	0.712632313063833
0.365046166652439	0.710122965878068
0.385268931994194	0.71469333029051
0.41578972138433	0.710774716012564
0.435379965614559	0.715828096190505
0.467551166916941	0.709738778869218
0.489902429342606	0.724377188850536
0.519043213024666	0.710620069939315
0.534337539260991	0.716463917724717
0.558144960903008	0.71859941386569
0.588385444508178	0.716451020949063
0.616387320911351	0.717010600694137
0.649373766443203	0.71490409645625
0.664614473846782	0.711825798054472
0.697400436609027	0.724357349239695
0.720145911355818	0.718726446732997
0.750881156779384	0.716378747208302
0.777151492790749	0.718107912400385
0.798543356360295	0.711129304634325
0.820083584094089	0.717065862427371
0.843477521489522	0.722002378445083
0.870325889299438	0.724852704495143
0.901422597398806	0.716716519601006
0.921635584391509	0.725882118077426
0.951134276201046	0.721038694549541
0.975651578715827	0.721214546362154
0.0298189321374746	0.747847770907958
0.0520720860875546	0.746301071687356
0.0799667909816131	0.740524031338928
0.109327296936641	0.744365756192842
0.129032375012821	0.743812910285525
0.149616986237238	0.750469984233252
0.175095078587982	0.747193458596869
0.204763694775598	0.745191709198646
0.237524915231365	0.741521368167891
0.264707698339901	0.741535326824116
0.281707281285883	0.74567725004803
0.310783432096902	0.740634068504115
0.324524625368682	0.734812999930466
0.366619589624348	0.738072090599573
0.375970183341032	0.747437702374579
0.40970332921366	0.735386980417085
0.439945286024748	0.7367340150849
0.455328253158473	0.750144054047403
0.495077777600553	0.752170549144834
0.505624951065502	0.750954182260481
0.535721534334498	0.750808958653757
0.57190351993682	0.741872300241387
0.594124272627974	0.742224328934403
0.608633431015295	0.741033608752746
0.643087638448807	0.749506475652286
0.659657942749989	0.75045341083359
0.696908958184451	0.742583698927786
0.719206803693294	0.745088272914614
0.751154521505541	0.73548634700582
0.773385589868869	0.751632734826044
0.797906355835835	0.740774067227021
0.814748195687391	0.736095620337987
0.847498995125182	0.749364686860361
0.872013989121199	0.745491255042487
0.900618393048913	0.749336123083857
0.919306153152822	0.738638224544923
0.956316806636316	0.745116450152354
0.976021002321125	0.743739919265006
0.0343510843688518	0.762444913034186
0.0445575300425507	0.7618903460552
0.0781972695735685	0.760425409903054
0.0979223766579017	0.761050981788506
0.132985739859793	0.766528919033168
0.162815272599481	0.776121152770172
0.185485998858183	0.773523644797797
0.204937633968518	0.772765965717774
0.236100236435536	0.762903353594616
0.259672687233565	0.764483633575762
0.283356260445327	0.772725628001999
0.301913999622936	0.760736663160582
0.338226721464214	0.761903108169697
0.351814536514442	0.764539631696963
0.386314625352856	0.764259894676116
0.412902734825056	0.76761608325627
0.430801743210419	0.763208858599316
0.459107832523004	0.775606204576936
0.485713872942075	0.777514485092202
0.515644327455628	0.765728586657864
0.541502252584053	0.766218147938905
0.571666073152805	0.771487214073926
0.595324837803084	0.776528037691557
0.620061970525324	0.762032421575644
0.649663339788965	0.768360799853779
0.671975166842431	0.776248162110576
0.685241529490824	0.761524025553574
0.720691737622589	0.768190248207746
0.748316386407493	0.774664545785824
0.777988061890314	0.767156083778981
0.798331202164501	0.765398264222215
0.823888505475556	0.772708378891139
0.851459027664038	0.777616423900559
0.864814732764692	0.770437375850301
0.904694405086737	0.768780955816001
0.93052519403611	0.776613921605031
0.953127032778628	0.765924794619794
0.965630964151379	0.766599416337229
0.0235212067509928	0.792335644583534
0.0425799203574424	0.797579260327961
0.0753843144509068	0.79221375479101
0.106592302757379	0.787473273572899
0.132819068123618	0.79281082671827
0.149468949813367	0.797168451697643
0.186433524967723	0.789818250364689
0.197890312990105	0.793162947073896
0.235482432457979	0.80148997273134
0.24820864594005	0.79846679918248
0.287845412185603	0.794706523854522
0.311155631038346	0.795764467035877
0.336674186689969	0.79055647760245
0.358406308232006	0.792900161307709
0.388311554095147	0.796426080051827
0.412571566322323	0.79896345922028
0.440288617962532	0.802021927467825
0.456806369801665	0.796223028727875
0.492576614331534	0.797955139868018
0.511494241784405	0.791958429537817
0.53282035106836	0.794176890268326
0.563553799993657	0.803532480306452
0.592974548942879	0.800028176161882
0.621792023551593	0.799551653039617
0.642032231102136	0.790210840700221
0.668144776937603	0.799836185557796
0.686760991613834	0.793350723206431
0.719651976389673	0.796265447912819
0.744046305476634	0.794923431197777
0.77515678022513	0.803770652240625
0.799665854919113	0.796965295208889
0.825699443478959	0.803662066289777
0.839678182264934	0.794013479439436
0.875874520727071	0.789948170959417
0.897447301987006	0.801407264629558
0.915380265396416	0.79554164515584
0.948611165750616	0.801357089127333
0.974636860066491	0.786839220675282
0.0241599201171903	0.823007617747173
0.05866289814909	0.814941209205105
0.0706816802220439	0.822482515617587
0.109915525212305	0.823568842359818
0.133777267403288	0.811691225282023
0.161004515563954	0.821402069084164
0.17244520788981	0.82849504037621
0.200994959095277	0.81785613035081
0.23381742441456	0.8199501147665
0.247534076189913	0.826852009289505
0.276011691573974	0.816827983550267
0.298772330231161	0.821535486124361
0.341355277301884	0.828424826324464
0.360295334970804	0.816378504814231
0.377537295243381	0.817139319549525
0.407780594319216	0.816053041719878
0.434436913744562	0.816829612381388
0.464600234110317	0.819057325736473
0.490080469153217	0.819757004737248
0.510534344934826	0.824333656432844
0.539173913896663	0.817100533670037
0.559372221760401	0.822888488096831
0.581490672123121	0.819523628215024
0.611352216370648	0.816398712986059
0.632797211742958	0.828525141242588
0.662488702144974	0.816195283868764
0.683688466037639	0.819861055647798
0.724011580348648	0.813267525017763
0.747183328099063	0.81208734884782
0.770536297448711	0.813808198951786
0.802601779716071	0.818983223961178
0.815937813956265	0.813239679110446
0.852187176495378	0.829285773844788
0.879997061991632	0.826915997566836
0.905264484673738	0.812383726873426
0.924879563691619	0.819028242773526
0.945584926615169	0.822909502664012
0.97989882047609	0.822836655099135
0.0284035557623584	0.850942668661306
0.0447313920833887	0.841741853104399
0.0715411348987992	0.842744861727051
0.0955148398111858	0.845056581031696
0.1270131918238	0.847655568653306
0.152153033460318	0.840275178902518
0.183522128776961	0.850938612101658
0.202393072964419	0.844671868825853
0.223344789233737	0.845728042062795
0.252458950350795	0.843309394335666
0.287330842853431	0.850453959540634
0.301994455901368	0.843510188028785
0.330088774831753	0.844822050499372
0.35293867771217	0.848044435806832
0.378244835645094	0.84094539424087
0.418382949880483	0.851850521906326
0.436355042552689	0.844960305718644
0.455438932811357	0.850129011990302
0.491074840441369	0.83838045316903
0.519285844131389	0.85029718350604
0.546571997929435	0.851520960372556
0.559085812349358	0.848777831815943
0.583256513838445	0.843702987408195
0.612763702737206	0.849424956767786
0.648904848723007	0.845533234741703
0.673166156290206	0.854324453119005
0.696680251350388	0.849941431451471
0.713277244992705	0.843541549674703
0.747205303035688	0.841566618513742
0.769545415379072	0.840872182682706
0.789265168278514	0.84530473269013
0.827358651583902	0.854362610925504
0.845645711914967	0.843612096336263
0.877009455152706	0.848410047922152
0.902991459952648	0.841137605660001
0.922047784316766	0.850618450772635
0.943906047724087	0.84262433703379
0.966126689418784	0.846819815394518
0.0274818408120201	0.873242435273805
0.0442426551866369	0.878473558984929
0.0815056966860642	0.873460525938543
0.111233561592917	0.866696080467173
0.124738277249883	0.873775200077709
0.14923894607402	0.880368776977831
0.177737374918841	0.871710169286459
0.199179272798225	0.878192437745009
0.2376036348676	0.874496053859503
0.264812729963233	0.876267174581825
0.273792804346152	0.874378731083864
0.312285639994341	0.866252036277848
0.337650849403754	0.873992243346969
0.359770146455025	0.870732065388155
0.377098771228154	0.870119346168052
0.40201260924992	0.87410373813246
0.439731779163682	0.872907164751768
0.461667564416447	0.875679972902627
0.490239977852261	0.873216374576428
0.519477964918796	0.865703952728754
0.547338107163771	0.876426052268393
0.564546973847742	0.879179525401017
0.584988129913113	0.869865899643673
0.609052713861609	0.878913728487677
0.647241077881474	0.864402908494904
0.667473959294166	0.8657299015837
0.689260198351938	0.873283748974789
0.7096503491151	0.870352193214126
0.748030540393052	0.879277927850023
0.765544217037867	0.863593317480681
0.798185995384936	0.875994117697871
0.826713606607796	0.865332641169247
0.850653977977197	0.880329061053535
0.865481357040625	0.877943554586533
0.902306509883359	0.876260428115787
0.924772629614348	0.870691037338835
0.94107731947319	0.876065345231953
0.971178450120913	0.876858333434524
0.0210734599392328	0.902888444818641
0.0527493196447205	0.904432554916919
0.0836300731048241	0.902932805701575
0.0951814291982291	0.892184785816557
0.135066575410175	0.894542665522503
0.155770618044393	0.89980761683358
0.1793837428763	0.905738614671782
0.205548685864989	0.900731081146386
0.235045324970734	0.889068443681756
0.258156797283817	0.898717808543274
0.287526431175938	0.903801558446099
0.301763846746982	0.896177504983314
0.326025493977088	0.903975623627752
0.360882137766891	0.90188801289331
0.387562608540301	0.904379227275325
0.410436135365912	0.889818636595823
0.444041177246737	0.898310654913754
0.454830532732079	0.899643834922084
0.49437776936352	0.898542041956132
0.508139152984601	0.90274115902045
0.535820694736799	0.898262646226233
0.564395462983125	0.888488479587157
0.596178964099358	0.899275447002939
0.616026966814137	0.894378567794283
0.648085711561231	0.896158250706072
0.674179720137673	0.892433914993345
0.69489673792371	0.89655184781662
0.71468948248968	0.889979326860037
0.734907864021755	0.88942288816286
0.761896777344702	0.899973153656827
0.790818972743591	0.89524229494748
0.812751251729334	0.891133481027173
0.840305024553536	0.890830742999875
0.871662446253919	0.905601305740767
0.898785273667746	0.901199586383242
0.927441438219934	0.897010112401968
0.942959317252596	0.898631917755172
0.975839957797881	0.889968067355999
0.0211839791703737	0.921584014444056
0.0602259642115913	0.914943199034481
0.0683150368013968	0.925822239843889
0.105923214007502	0.921741740196312
0.130630111042726	0.92967683764304
0.158573552874225	0.931391736952881
0.17083648644567	0.925600034249382
0.202308382439349	0.918577363711423
0.22318512961862	0.91613228844821
0.258769616260563	0.91926866634615
0.285193816215355	0.920488229345489
0.316207436035157	0.922049250006572
0.331011171234631	0.915391490302916
0.36492834558237	0.931949166914936
0.382010771788742	0.914420673762811
0.416114731678554	0.914246577100605
0.435640429384884	0.92602515627977
0.46350347167712	0.930793845562373
0.496089259582857	0.92348536668156
0.510073717719309	0.925667931909194
0.535216366030997	0.926467229631793
0.564775098468422	0.918077529755577
0.588307312708383	0.92358307588623
0.614014466498515	0.915880317563482
0.647176565069683	0.926994260752789
0.66007619531114	0.931088669788793
0.694873425677438	0.917849209065353
0.72160469520967	0.93118257666137
0.737541574975262	0.920114492134419
0.777344761381027	0.914826761741879
0.799818001849377	0.922148591644883
0.823524071456148	0.924040008954154
0.84772815585197	0.931357798996834
0.869797389282509	0.921337579521119
0.893342781075867	0.9253303412345
0.926516753783816	0.929301834959698
0.946015142823679	0.91580155983071
0.976022485711505	0.916962026346909
0.0321856396524381	0.948503387844799
0.0563832137104798	0.954698002473102
0.0736995177043203	0.942508261837561
0.100163587817995	0.947310250227081
0.130817707265052	0.956445619374634
0.148134809164111	0.953814114103046
0.182551964037553	0.954657854911586
0.212748848681528	0.95263149190629
0.230267151325506	0.945962232588662
0.253901254402607	0.956114839312287
0.284282343742614	0.945325590715665
0.29910097016777	0.952656439922546
0.332289181589749	0.943615489644397
0.359359786435268	0.942270362082021
0.383562726219265	0.94392824046579
0.410163706407817	0.949345974742738
0.430234084307142	0.946874300306302
0.465625018507154	0.954950073861403
0.485889492547636	0.942912289157885
0.51130716827547	0.944527245595877
0.540427757036985	0.944214973464679
0.566400451946496	0.943450249518935
0.59593375114914	0.950936479159099
0.618311894598681	0.943261617754717
0.638047904813	0.945115440145627
0.662992649566507	0.956583314928479
0.687702496674243	0.946530138352467
0.718026852852803	0.954133599639312
0.745036356630395	0.941521718564824
0.762945056634696	0.945815959507303
0.787125653290753	0.94590432810385
0.815781733140903	0.955921899916223
0.852246434681392	0.946339989767333
0.867048848050395	0.954145247779198
0.906225489141697	0.948302562258708
0.914650702599515	0.956378302568304
0.953533487881482	0.957080140957579
0.968497910502343	0.950405264550924
0.0210128413857094	0.966981005274053
0.0458983718050065	0.97050815165746
0.0706330254314084	0.978116155421265
0.101401552087213	0.970387113913579
0.119967760927641	0.96796157862947
0.153257650121554	0.981397919197563
0.187831535146787	0.976220817988309
0.203633242612685	0.976729386771924
0.222566110529473	0.974194780120248
0.265292433677183	0.975362003559234
0.274669104541399	0.983067826295346
0.302303670910712	0.975726064091943
0.333895199217777	0.968926044653855
0.362811392335533	0.972907332604854
0.38476570574408	0.968772340532522
0.417798340543314	0.974768051855321
0.431115734313845	0.980092547064214
0.469360957646014	0.971140185920153
0.486100252304723	0.979271865763142
0.508401494061501	0.979769064037656
0.540064874207424	0.974129262329159
0.558696470036998	0.976040294671088
0.586361037535418	0.971711294968195
0.615939552247463	0.970676794773767
0.641062925674559	0.981828850936043
0.659737549425081	0.977034179812981
0.68880375073873	0.971533961013566
0.712570662652034	0.975129304225864
0.747510246514465	0.968942885503984
0.760936792303242	0.975021035366957
0.79083184252129	0.982487740403884
0.824991471571511	0.978413527869428
0.842669606347597	0.97424626209054
0.879666860833581	0.973801017253551
0.898750244445121	0.965531868809938
0.923313804197279	0.969498819212926
0.955455760096089	0.977529693296589
0.970636804517062	0.973359021016748
