0	0
0.0256410256410256	0
0.0512820512820513	0
0.0769230769230769	0
0.102564102564103	0
0.128205128205128	0
0.153846153846154	0
0.179487179487179	0
0.205128205128205	0
0.230769230769231	0
0.256410256410256	0
0.282051282051282	0
0.307692307692308	0
0.333333333333333	0
0.358974358974359	0
0.384615384615385	0
0.41025641025641	0
0.435897435897436	0
0.461538461538462	0
0.487179487179487	0
0.512820512820513	0
0.538461538461538	0
0.564102564102564	0
0.58974358974359	0
0.615384615384615	0
0.641025641025641	0
0.666666666666667	0
0.692307692307692	0
0.717948717948718	0
0.743589743589744	0
0.769230769230769	0
0.794871794871795	0
0.82051282051282	0
0.846153846153846	0
0.871794871794872	0
0.897435897435897	0
0.923076923076923	0
0.948717948717949	0
0.974358974358974	0
1	0
0	1
0.0256410256410256	1
0.0512820512820513	1
0.0769230769230769	1
0.102564102564103	1
0.128205128205128	1
0.153846153846154	1
0.179487179487179	1
0.205128205128205	1
0.230769230769231	1
0.256410256410256	1
0.282051282051282	1
0.307692307692308	1
0.333333333333333	1
0.358974358974359	1
0.384615384615385	1
0.41025641025641	1
0.435897435897436	1
0.461538461538462	1
0.487179487179487	1
0.512820512820513	1
0.538461538461538	1
0.564102564102564	1
0.58974358974359	1
0.615384615384615	1
0.641025641025641	1
0.666666666666667	1
0.692307692307692	1
0.717948717948718	1
0.743589743589744	1
0.769230769230769	1
0.794871794871795	1
0.82051282051282	1
0.846153846153846	1
0.871794871794872	1
0.897435897435897	1
0.923076923076923	1
0.948717948717949	1
0.974358974358974	1
1	1
0	0.0256410256410256
0	0.0512820512820513
0	0.0769230769230769
0	0.102564102564103
0	0.128205128205128
0	0.153846153846154
0	0.179487179487179
0	0.205128205128205
0	0.230769230769231
0	0.256410256410256
0	0.282051282051282
0	0.307692307692308
0	0.333333333333333
0	0.358974358974359
0	0.384615384615385
0	0.41025641025641
0	0.435897435897436
0	0.461538461538462
0	0.487179487179487
0	0.512820512820513
0	0.538461538461538
0	0.564102564102564
0	0.58974358974359
0	0.615384615384615
0	0.641025641025641
0	0.666666666666667
0	0.692307692307692
0	0.717948717948718
0	0.743589743589744
0	0.769230769230769
0	0.794871794871795
0	0.82051282051282
0	0.846153846153846
0	0.871794871794872
0	0.897435897435897
0	0.923076923076923
0	0.948717948717949
0	0.974358974358974
1	0.0256410256410256
1	0.0512820512820513
1	0.0769230769230769
1	0.102564102564103
1	0.128205128205128
1	0.153846153846154
1	0.179487179487179
1	0.205128205128205
1	0.230769230769231
1	0.256410256410256
1	0.282051282051282
1	0.307692307692308
1	0.333333333333333
1	0.358974358974359
1	0.384615384615385
1	0.41025641025641
1	0.435897435897436
1	0.461538461538462
1	0.487179487179487
1	0.512820512820513
1	0.538461538461538
1	0.564102564102564
1	0.58974358974359
1	0.615384615384615
1	0.641025641025641
1	0.666666666666667
1	0.692307692307692
1	0.717948717948718
1	0.743589743589744
1	0.769230769230769
1	0.794871794871795
1	0.82051282051282
1	0.846153846153846
1	0.871794871794872
1	0.897435897435897
1	0.923076923076923
1	0.948717948717949
1	0.974358974358974
0.032992632228427	0.0245211240646717
0.0592470993905753	0.0316446817491492
0.0765916510493476	0.02715756680471
0.104349539702141	0.0285779915414819
0.119686813897779	0.0317217732570015
0.150736664016295	0.0291645664378327
0.171574414927194	0.034227273729757
0.213877679389765	0.0172886647987504
0.226713711033481	0.0177344699138144
0.250675816893381	0.0272990481787585
0.279482227150289	0.0270116755027921
0.299658858408069	0.0218435426806672
0.33202800815569	0.0231031995373463
0.355052430618027	0.0222435099343109
0.389472869007903	0.0270499451590047
0.410310486265388	0.0219835891156808
0.431826834539227	0.033421129787635
0.461685280079943	0.0342254557705839
0.478465960061898	0.0267012092086902
0.511201765118744	0.0346005789735633
0.538799118386238	0.0252075034108569
0.566250285638483	0.0183371382816688
0.584497117445765	0.0287179440367747
0.613741599330579	0.0308414382747932
0.641366285116504	0.0210464868769096
0.673576781252179	0.017253580102284
0.68756651672643	0.0312079886175376
0.716998559196869	0.0268667005834673
0.734634944656016	0.0273932724484208
0.767227498960611	0.0215384587863915
0.800042577369997	0.0168310608606305
0.829392972241983	0.0187496276532526
0.839659068068789	0.0175454390804745
0.866789038369232	0.0297185897450345
0.89779995906289	0.0325683769570959
0.926796686910553	0.0309414858764706
0.953622270202047	0.0196384119843502
0.968747053730629	0.0228475950548418
0.0287994765690644	0.0545674137259466
0.0445322030068938	0.0476028294425289
0.076545810448826	0.0534085204157276
0.0987065471426603	0.0447682671526149
0.134800050539796	0.0515128247877379
0.155916793819763	0.0462928850129062
0.188351392582891	0.052703726583506
0.210844898668236	0.0541487033473012
0.221964746577597	0.0431132047880612
0.253854673910599	0.0452432020950178
0.273750074071551	0.0592174197087175
0.312004797316651	0.057721490819
0.329775690861523	0.0531690602451589
0.351090051404768	0.0566764450905953
0.377068284312516	0.0570334802076814
0.404942659081604	0.04909419214929
0.439197531042084	0.0444711448889321
0.462070534702629	0.0501678235530707
0.482692298689877	0.0537308301994748
0.503875171116514	0.0580072737452481
0.546881459812662	0.0441288313063406
0.569396070317867	0.0484183795006375
0.588573071300378	0.0490642338987589
0.607008264572524	0.0549283684821509
0.646853061676044	0.0566977793923691
0.667985021363278	0.0490634672769549
0.695548482896834	0.0481552162486988
0.722166304196239	0.0457357352119663
0.741005633424433	0.042480434595629
0.76524988434021	0.0580282013876873
0.791016380916766	0.0546841767389255
0.825450468541806	0.0566611333787817
0.843877663753614	0.0473173527666075
0.867481552169574	0.058679836236282
0.90480587951458	0.0468802227157651
0.91563072954855	0.0480865020400441
0.94389954467907	0.0517248879767624
0.969169685109818	0.0471570278008151
0.0324375380407279	0.0826154543615271
0.0523096638075839	0.0701521413039996
0.07306238070543	0.0733799676853637
0.0955463913706405	0.0813043052733015
0.13366015539618	0.0714759972715868
0.15853081079835	0.0679498241691785
0.186121951678852	0.0784463579470118
0.21333778281507	0.0686215842979982
0.22439659282667	0.0695346297019328
0.262614678777743	0.0765983071189336
0.283842757632325	0.0790204430338643
0.310402906701282	0.0693138483245773
0.340445955854246	0.0751436126078377
0.366071560381462	0.0744501103285425
0.388242591521206	0.069597637030836
0.416834025228503	0.0734163289482813
0.438700386795216	0.0737641703123963
0.469084132211342	0.0848650087223664
0.492398505155693	0.0774334018263971
0.520794567159774	0.0704044565235913
0.53465048931506	0.0701949968359382
0.566691201205878	0.0707006098680815
0.590457578506767	0.0692383462502623
0.612955233036467	0.0833753411610421
0.64913782074919	0.0751600887910805
0.664547073142811	0.0761491662160901
0.683671882961589	0.0796899315932705
0.709831280457373	0.0708415609538356
0.748895952148175	0.0792231765025293
0.768026570640371	0.0818462414492827
0.797315432266159	0.084487036684492
0.822693614673251	0.0699219675711925
0.846374409748053	0.0854040389890381
0.869281483436992	0.0800540291073434
0.891884262091942	0.0740020681534617
0.917269082034917	0.0708837133648004
0.941830262299601	0.0688400283876407
0.980859694208118	0.0853761332132315
0.0177008071733169	0.0979884373626276
0.0444239306849704	0.107574330446052
0.0737287421870548	0.109818224121818
0.109260573314385	0.102432096649506
0.121531557384062	0.105845936750279
0.154748521808964	0.101382641201673
0.187124910985472	0.101243997136556
0.201814652776525	0.109214522790496
0.239160538011996	0.0941387662935031
0.257436030983637	0.104602073147778
0.28445163204507	0.10454890922288
0.31254056776204	0.0961099650437836
0.335573845662057	0.103725833975344
0.366827206163888	0.105883653311171
0.385360392532525	0.0989335146218864
0.413153847542845	0.111155042648933
0.436402942926015	0.0983972752005511
0.469631551071304	0.099751434767742
0.490711851378935	0.110381891968723
0.507343453331561	0.100101813629445
0.541397165091131	0.0985021981626543
0.560159307510557	0.0986019910932693
0.593815396769587	0.108374244597742
0.617053756718988	0.0985003485489757
0.64980182256432	0.110833400162531
0.662852763164088	0.107709777140457
0.691056091201801	0.0948198337945426
0.712344389383382	0.107595548186667
0.735848514503747	0.102815637151497
0.762721127882942	0.103082913750556
0.789080220550921	0.105828929853565
0.823728166668525	0.0988036398488384
0.843754769878949	0.110538146027314
0.878915685430972	0.0965412143866553
0.889569417017983	0.101389633468718
0.925933597133859	0.0995269509162074
0.950260473379724	0.108529078544579
0.975500475602434	0.106012035985384
0.0264373545696726	0.132024732696307
0.0485112138335814	0.125744815417696
0.0834834057774133	0.123586370744265
0.104160086154569	0.135282870666082
0.130376703067043	0.125321284610318
0.154002546429841	0.128619125867996
0.182943481065003	0.129058843433438
0.209193126754752	0.128928565870516
0.23946543507414	0.130034465680887
0.25560752812679	0.132331037631912
0.286792987389011	0.136477437700708
0.30240262251161	0.124260670552448
0.326886005565809	0.130057522728464
0.36568895754492	0.121361989578647
0.380271960654618	0.128148653402879
0.408772907930823	0.132202737857326
0.428506969885798	0.134797728249523
0.45816709624617	0.135212043876053
0.478456985268575	0.128791014811088
0.51068463306816	0.135565873094031
0.54051009643581	0.12431487575096
0.565326519920647	0.122499383369167
0.586491590637683	0.130826629463092
0.612929733839133	0.128054843553459
0.645452516060486	0.127449289612737
0.671515437793011	0.125469814076213
0.699876661120946	0.130744272942467
0.711413588526435	0.137064709491288
0.747701829652144	0.1206912845275
0.768114813714513	0.120359881067277
0.788409936843106	0.12937202536598
0.826141483735545	0.120411760923361
0.849454634123306	0.129857451654412
0.877958032170438	0.125890023885001
0.902714952390405	0.132036948160726
0.919765833102447	0.13046593232159
0.942547203245188	0.135317191147891
0.980274831362383	0.125890801371916
0.032542572643372	0.155148439790044
0.0506604926940909	0.145001122187355
0.0856076206461115	0.14681556643159
0.0968887608212326	0.154414913979806
0.128115388230254	0.1458987090479
0.152767615583538	0.160294355265048
0.170768197895231	0.148833007039884
0.200514902237124	0.151277499803081
0.232984004045919	0.159803257760015
0.259131191317298	0.151846576624719
0.286013125952372	0.157932992479944
0.312271008843067	0.147810699477485
0.33321764034046	0.161021558723038
0.356848517934942	0.147090485098453
0.379779269844806	0.161197227944112
0.410048111632417	0.154391254672072
0.441063045085771	0.14519581318184
0.458966491713315	0.150074133019509
0.484440237551145	0.147584439446721
0.519708985325865	0.149425275437728
0.538122910358935	0.1606155273761
0.571214502898738	0.159946644342679
0.585202853129986	0.158062203515418
0.609580516880774	0.151195955957905
0.639439081341258	0.157946843215437
0.669670537128695	0.157606393765717
0.689196725279844	0.154326628981099
0.726873616671136	0.156642119941913
0.751359519760102	0.155705867601775
0.767964053337773	0.153245725048684
0.799909097104808	0.147259384968346
0.827606343350639	0.14735948649728
0.853640593999341	0.150465562069068
0.873532881594194	0.1624195297452
0.894294592662009	0.147392668785903
0.927510679968361	0.15514686213877
0.952113011696213	0.153199336548011
0.980772924109798	0.156212582812258
0.0198460713147096	0.176534081318961
0.0446721640524322	0.171697591036559
0.0726922794739577	0.174003935909775
0.10756288144624	0.177642032645427
0.126012402973501	0.17556440195089
0.162471473006084	0.184789462759631
0.182209209226474	0.172443255512741
0.202923568123465	0.181829163505972
0.225906163250126	0.179846460016261
0.259955877497276	0.184275321754586
0.280506078364761	0.182601466468495
0.309172555621757	0.184164578853661
0.329208215816907	0.184242406620569
0.358131387622161	0.171407865565319
0.389929580820591	0.175690692033398
0.415233468150531	0.187047209164257
0.437034221712689	0.174213838007003
0.459707984939689	0.186142394722987
0.489007960136403	0.179550444609232
0.521660251143752	0.186909944448242
0.547421283714737	0.181572504607137
0.564104919039925	0.174204254285441
0.588511914463333	0.171972148858167
0.616397990231849	0.186902072992155
0.647839208065818	0.187589559049886
0.661964720765871	0.181250542703026
0.695662206669451	0.174150214715913
0.723508290304058	0.184875012869148
0.739709646313505	0.181934669220229
0.777985930706322	0.177092855660577
0.791830148519647	0.176347654435035
0.815638646516357	0.17125416500134
0.852819566871238	0.173203895495612
0.878399562473704	0.184716057872113
0.902473445356718	0.187503742557892
0.9315404617649	0.182388328001025
0.95442562769075	0.188041455837343
0.977621733563787	0.178114180602163
0.0208094616678921	0.203999961808404
0.0590787741397383	0.206757702915673
0.082514185610754	0.209971801802128
0.101687540073029	0.2096599089753
0.131830234879463	0.204081482949
0.15291432628574	0.208804994059543
0.183245768636184	0.197600910384279
0.199369588638255	0.202263814894201
0.228580276266038	0.210670172650132
0.257073131037058	0.209431910383268
0.28343779026284	0.196976243496688
0.306317880522496	0.209916864961395
0.32898564967989	0.210451914945412
0.36241027995879	0.203294502769712
0.386682597046125	0.210570321338462
0.409354202666261	0.19705471723161
0.427517021103434	0.205070748834711
0.460577810124359	0.205429388821073
0.485829870220215	0.20228337912491
0.504868436767509	0.204363192257071
0.546099484558122	0.211812285675787
0.560707025377296	0.201302749139906
0.585964003823187	0.206362367777455
0.622088618666444	0.210401143651134
0.63434659533244	0.206754425325736
0.6702414499656	0.21371326133226
0.690977109988602	0.20882076342748
0.716122544940845	0.203562714293631
0.735857337864325	0.196588597812265
0.764165779482754	0.210720316869842
0.80188782121563	0.212611780975487
0.824441122337146	0.208279158929877
0.854093027041429	0.213819737414916
0.868881350547086	0.21028519636661
0.899618678805591	0.20713796148292
0.922996323459854	0.198264572850364
0.949582479637509	0.200621445481743
0.981135048104728	0.201877744505904
0.0169666443049365	0.238582860788924
0.0495637576597975	0.22462450279061
0.0794642365669452	0.239316060202121
0.100174413666225	0.227848454719276
0.122285518263676	0.230663393416163
0.15460622766189	0.222852581277523
0.173175102652398	0.232735918704141
0.2129827785289	0.2336438083285
0.228424348681625	0.226900189427718
0.2551103683681	0.227855397124893
0.286145671611421	0.226035983569369
0.310635644354159	0.236863725192197
0.332240342696043	0.228481223833356
0.352312452000736	0.238383689620677
0.38099489855815	0.239481118827684
0.41583576444914	0.231657646252053
0.438528026462976	0.232078141695513
0.459231065445355	0.239242506890368
0.489762701216878	0.236355916187188
0.521255685502718	0.239208164219138
0.54601210940567	0.232784561968498
0.557190738127155	0.228956782670651
0.585116351333649	0.224494004371948
0.60989406761684	0.228295219270184
0.636978845369121	0.229877550963746
0.661399432615347	0.237231418144949
0.686115955888578	0.236785449603722
0.725507303405213	0.230166547681163
0.752268217863416	0.239259410485357
0.774636269571749	0.229633972154532
0.800700661869578	0.227857473375447
0.821933398791066	0.231409108964082
0.8473733401945	0.237457714755162
0.86704649822058	0.232314045407065
0.897652582228188	0.2394741699233
0.926503010350679	0.222656482141204
0.943695339461138	0.223819778524262
0.973003469449172	0.23808991966112
0.027841427077918	0.251802595805991
0.0512577411518306	0.256924902682369
0.0794579636171386	0.247650778911787
0.0977305584225281	0.249958424318824
0.120015290116357	0.254694585087222
0.16281491696802	0.252580695527831
0.183121174053057	0.25059588041336
0.198849611610364	0.261690282722948
0.234192048753688	0.24756674581505
0.260903913833819	0.259732403056587
0.287849821273932	0.254965037292216
0.309100421435257	0.263934203609642
0.331263242183616	0.262704781490062
0.366229335844389	0.264790648588761
0.377917562868127	0.254558162447056
0.412926583040034	0.257662418805684
0.439244480550176	0.258995826223605
0.457335962167227	0.250306881286695
0.493417256991415	0.262757304874477
0.51667454650629	0.25525949170276
0.539575945726672	0.263907018376196
0.555169964050449	0.24754597241949
0.58674167110898	0.248462683148374
0.623634264004147	0.248204347062622
0.638938875374056	0.252790417477668
0.672359927288619	0.260653716421618
0.700284127497833	0.253106183718657
0.725973638407468	0.260884881332523
0.752460191938465	0.25421205935918
0.770481065717689	0.263243050413976
0.803074501339303	0.25084049696904
0.822915983347659	0.248796335137414
0.847178689043177	0.263726006596382
0.869141917352257	0.256545230408071
0.897853869127518	0.258639670224768
0.929839530351456	0.260900514150244
0.957455381602536	0.260057995999299
0.982696600527791	0.260322041107293
0.0339038173248726	0.281683148147047
0.0494757969802334	0.2887605964527
0.0759480450378076	0.277742989954527
0.111268663106843	0.290645804227078
0.123644262231098	0.277520681695306
0.159309440261599	0.288295721327902
0.181659337097523	0.287282029228023
0.213287256060032	0.278979972108041
0.225811500897732	0.277924356247138
0.25489237491838	0.279818869307903
0.284306704881954	0.282219971658585
0.309564021602062	0.290442432567183
0.336567199888503	0.289114621780962
0.350020284772853	0.285662432794171
0.380655887945636	0.287310604445163
0.414587673577501	0.281029104231945
0.440166902787706	0.27510269158323
0.455797188948157	0.288405726885226
0.494612878055073	0.290852432101259
0.513530013027682	0.280301274978981
0.537607212214542	0.277691541128414
0.560942217992286	0.282793945238723
0.587266244028119	0.282785902488568
0.613333890556003	0.281353149975489
0.641840939985571	0.289935212105167
0.664734743622611	0.277214337688291
0.696918427155833	0.280334500859102
0.712255643842366	0.280141335579495
0.747567590403642	0.29093653761071
0.767052691228602	0.274151761927859
0.789633039216348	0.286300740962821
0.819159768101992	0.289855783595712
0.839495690247006	0.283229263901774
0.878044399684237	0.289146521937876
0.900053563434569	0.27431770511592
0.920002699507458	0.276663244114524
0.94090730409437	0.277663473972947
0.976679774063976	0.290248489244863
0.0276438712247909	0.312004486969054
0.0424571443509013	0.298935887485212
0.070719256050835	0.313153109618003
0.109434995116501	0.307098235802158
0.133630279335583	0.31109070222167
0.16248669074965	0.30424352934531
0.174367695120605	0.311439860459878
0.205829877899994	0.307901155662122
0.237650274688669	0.301258023025838
0.254584675080339	0.313312061261629
0.279032034203512	0.314271550351359
0.311028624485692	0.307909563912725
0.332850594402054	0.299000789768611
0.359619817787712	0.306771817321464
0.382569008708751	0.302401520417019
0.409602163433122	0.311096881397422
0.432525811883614	0.299792070154823
0.468401635694083	0.308193385806534
0.485267743762121	0.305001849187929
0.509957218593826	0.302352727148705
0.539116247687858	0.312692447324424
0.565586096249611	0.308432255097911
0.592040886270468	0.302364034616172
0.613316379063807	0.30618945556309
0.643117437485503	0.313596158913908
0.657894176614948	0.303277528897207
0.700876983065613	0.311516324486556
0.716638740014027	0.316601253851142
0.744654744597789	0.311247264380332
0.771395006402645	0.301077588883404
0.801204496982613	0.310788103739128
0.828709442662596	0.309098203765667
0.851490179280148	0.30361782447208
0.87798885752898	0.316653983069757
0.89358095066162	0.301675973022248
0.916462413155976	0.312717576978822
0.951790899211975	0.310248841090284
0.966336998543225	0.303577644694526
0.0267416022150567	0.336651361507208
0.0472579365955626	0.341740112006923
0.0694593860807782	0.331351736722686
0.0956220042080009	0.341351213408339
0.130946117923952	0.337487835550045
0.149214153511177	0.330518349818602
0.176840471990074	0.326788222009537
0.210392646695873	0.331579613608016
0.229677505042363	0.340177216005678
0.261803968370524	0.333620385763197
0.283792372209541	0.338285097247025
0.29924622389615	0.328815221550649
0.32915293319685	0.329098481053582
0.355545509287086	0.336784094797519
0.392101936437156	0.335393621945705
0.416457581465938	0.329725906059201
0.439129597960569	0.335105087364074
0.467501505173042	0.338491324848756
0.492049987626624	0.338736396055001
0.508203875367345	0.333292454003735
0.534257454453628	0.327512660866515
0.57128652615389	0.341001410290611
0.5813591804121	0.324751135856947
0.606853507824697	0.337655937222433
0.644916950272629	0.333069114111326
0.672820268944935	0.340346936916507
0.694437114785822	0.328990954796888
0.721136758400762	0.338801537246103
0.743624531747678	0.34048492523829
0.776056683659533	0.339758252601768
0.787773297050348	0.333537845287963
0.817898575228051	0.341931898782711
0.849540241170595	0.333539739108972
0.878293699469882	0.327908035842687
0.891848796724117	0.333941899411885
0.929384099309342	0.336804151741023
0.950703381437986	0.334243142915961
0.973380598896309	0.334175297640102
0.0222641135743744	0.355084968244743
0.0481620394704354	0.352271422950005
0.0818814779237379	0.365594376820422
0.095340751235785	0.354142584880501
0.129800600993917	0.356437701476323
0.157316691695384	0.351785340086586
0.180013044000104	0.362242296920162
0.211006342419524	0.352557928168648
0.228162119005485	0.361248080895889
0.250732230816752	0.359791355290996
0.283374784352062	0.352634116272529
0.312224049192505	0.361927692802633
0.336810704611243	0.360668518361798
0.361052556058479	0.363998152405257
0.384538817916611	0.356146439116999
0.408017056180901	0.354918588160185
0.427890363566612	0.365432652938066
0.465158885029859	0.351789390607085
0.4833758521956	0.364214261309932
0.519030795892434	0.355108406360322
0.537049356177706	0.358014514312605
0.568464454105072	0.353618868657095
0.587040728202661	0.365951507407344
0.607547505719204	0.352315063580061
0.63488411158445	0.355022432041551
0.659175741001703	0.357463484999268
0.688513059512564	0.358283484122637
0.721176378191123	0.352933153580959
0.744674568054551	0.364108037259699
0.764669624446681	0.364824545542077
0.786459442594348	0.356292955914451
0.81154340020201	0.354720241714565
0.852808273165336	0.361390281665822
0.866631210982311	0.36140923330099
0.899422300888373	0.350222659229133
0.929221116102073	0.365348959250027
0.942300497700235	0.364714523549374
0.978124022255354	0.350038818983957
0.0315171666277105	0.391013779749873
0.0447034523228244	0.387361556620045
0.0683037857484366	0.382831193863155
0.0953078716647451	0.381245099567611
0.134399597070638	0.385434325865879
0.153917576355846	0.379244384268191
0.176825113682151	0.387868654654911
0.208046643184307	0.389126839882713
0.233791270477558	0.381464883708685
0.256964404609803	0.392325454327603
0.27808745689459	0.385411481033615
0.302914547129402	0.384149486789968
0.325524958611489	0.383480128708
0.355723295257799	0.392173711379414
0.38449942269352	0.387513370250473
0.404009680026886	0.378028276450291
0.4278464912743	0.382164861096896
0.465685708992019	0.388854084127162
0.478785203058763	0.377960667361658
0.518786776083455	0.392718798890283
0.532850107390121	0.389196368590541
0.570920653885081	0.376313082063585
0.598012056867598	0.376667637084122
0.609914921087646	0.387185293147383
0.636811528245327	0.391109546325334
0.669235830298565	0.378856255358273
0.689469426846726	0.385438026284226
0.711282781544141	0.389071282780108
0.735422107556202	0.384482793496396
0.761935756734273	0.378560870765864
0.795356182756138	0.386214484180945
0.824379119177507	0.380479970070631
0.844810672283064	0.376418344439642
0.870024135517072	0.387244866196217
0.901016723097239	0.377921988645255
0.93062526922706	0.385914617033205
0.93981243535307	0.388647855348928
0.973066352355403	0.391282463219093
0.0260309557205017	0.417821713318421
0.0590054337163534	0.410871116739886
0.0763920459534771	0.41492673632426
0.0978999592976335	0.414874922301154
0.12779082230435	0.408216275226335
0.157333356083404	0.404868374781124
0.18674775710529	0.415080925179689
0.200914712113496	0.411106868259764
0.231303741437252	0.410777721225781
0.256292638183509	0.410486600975757
0.274511978461664	0.407671883778378
0.307772743389058	0.414788686766786
0.339278769310842	0.402754574226556
0.35785483846138	0.413140922029355
0.378785641927401	0.408590394909845
0.412884820063018	0.405712184642021
0.432477811735482	0.410426441779186
0.458190120519652	0.417379960262999
0.480898015587852	0.414735444919226
0.521063050922145	0.404688416938994
0.530619648103626	0.408313142982516
0.56791847024821	0.405626834903346
0.596562590043224	0.407798422329279
0.606633337925109	0.412674236872024
0.649380473807104	0.401868187441512
0.666333282265908	0.412397208105748
0.685672019926114	0.415711716978816
0.724264090565355	0.417025952956271
0.73518952744559	0.402632510835811
0.761526754317547	0.405237582896276
0.800145068898636	0.416714916493112
0.81443160786096	0.403185985494363
0.837888532603417	0.406197546694623
0.864773512876043	0.406964371857667
0.890315259714183	0.418462821012424
0.92212470240615	0.410776619881437
0.945045005446513	0.408267055363464
0.981932751693854	0.404165177678497
0.0278883281755021	0.443728179306526
0.0430345573875022	0.439341877215393
0.0684396232436406	0.442271509525274
0.106589647657927	0.444754855609222
0.119747503671866	0.442898760691596
0.15034769097736	0.428924877133437
0.176740081646682	0.43367179157122
0.206829546677597	0.437873062066349
0.239634563952207	0.432472351195663
0.26138039471923	0.435324203542436
0.289623574545444	0.43921443696115
0.303326602125289	0.442145288837598
0.333203492705467	0.440674823168538
0.353806808715001	0.441942915110518
0.380621708151451	0.444591740907042
0.419181531155258	0.427981536004003
0.431730254030148	0.438492480440576
0.455776136370846	0.440881135078696
0.480602507247503	0.438055408737644
0.520039470203163	0.442901686423761
0.54594209363244	0.427242101876344
0.566181219504583	0.438851253058569
0.595360171369083	0.434589666689274
0.617058824145902	0.430631615296524
0.640161023936432	0.443677028675403
0.6699762589769	0.428675745327464
0.686941471067277	0.437561467660606
0.72270235575988	0.443129056486746
0.752092328423795	0.438921470614512
0.768588416121292	0.433786672068962
0.798145928555643	0.444844617337578
0.829068185439436	0.430503533003385
0.853880752961366	0.441341345116286
0.8702799958024	0.444771770234357
0.89821483627696	0.431054053927987
0.914252972992949	0.444157859257855
0.953198533933655	0.433509302174191
0.973170090117856	0.44300775151551
0.0245931714839502	0.453859401864295
0.0439979163967649	0.466767376180231
0.0789632565581468	0.466690967717986
0.106006830299696	0.466085409524249
0.133445395850813	0.461406032989039
0.154405816207227	0.462790697181186
0.173932128332139	0.463126649050649
0.211511938160093	0.453081525214764
0.22678489624654	0.458558724695013
0.248907227979902	0.46084848371946
0.273945229279899	0.45334274078557
0.301406788414625	0.463396108708176
0.335819796309249	0.454216250298772
0.357116746042601	0.467438345336649
0.386948967023593	0.453342400401981
0.406598652663467	0.462676349632456
0.443130991896802	0.458380893184068
0.468278528925867	0.455345152395185
0.479274169651922	0.468054450235303
0.507901612236837	0.459754853443343
0.545795629689664	0.454986341929694
0.565937309130591	0.453293298494711
0.598321925598707	0.456770189277622
0.612226438252892	0.469624003910743
0.640635412929062	0.453598580172731
0.670161471369253	0.455915171022909
0.699913275999934	0.455935175950383
0.71500963043552	0.464063420143891
0.747354143341958	0.456384287678376
0.773419202203111	0.455194510775999
0.786632946185598	0.468962935291892
0.816868394917166	0.456114569529555
0.839890301127493	0.464080445125325
0.875002539149643	0.464543278559935
0.901752947170262	0.458750946118044
0.921335437093292	0.463069335820401
0.952404121055362	0.454085558903304
0.973054414880804	0.468896187260187
0.023209786284276	0.493208703808493
0.0586991360410007	0.48814368171497
0.0751600036335709	0.490583603932166
0.10022211066572	0.493835745667918
0.12584018419039	0.479262561096312
0.15787182100273	0.49130815699786
0.171220193365707	0.479750274335803
0.200033227260744	0.478545371278151
0.224504038700526	0.491535416663892
0.262672975130993	0.478891769013817
0.288490288454678	0.481911448400149
0.302208426563232	0.485268972711494
0.332215826930375	0.480021585497429
0.35830904022551	0.488243157240736
0.393575902850256	0.494282935317463
0.402420111307724	0.482514532872823
0.427229293607947	0.491491511463503
0.456158881792628	0.490399516321637
0.488225835673418	0.491733983531385
0.51024888867225	0.484160900015725
0.537533733126081	0.480209241525393
0.566278027427396	0.494002206049382
0.588502372696958	0.488312741339103
0.610502933452448	0.479004793234831
0.636461008606081	0.485084091938268
0.66170143440873	0.494230383326674
0.699406702998655	0.489524520310712
0.717863256394356	0.494097008523782
0.749830962608226	0.490920178971166
0.773015409186123	0.486010188595425
0.800432152318874	0.483290213353125
0.821076420268448	0.487203849689625
0.854631853643166	0.487341506715023
0.872797205193361	0.493233364525266
0.889489768016327	0.495765922441664
0.916547152038567	0.485263063337567
0.949930161677562	0.492005854674411
0.972471748853105	0.48326418226267
0.0339872878921655	0.505355463412459
0.0524865472568517	0.510333263990229
0.0825299154223907	0.520225090871987
0.105156552857481	0.505379571432251
0.13137741623765	0.510780652685057
0.162754935456174	0.51005504347594
0.186305525546351	0.506675294729597
0.199508466748987	0.51521759367629
0.223319288020499	0.518951519305195
0.251834302821184	0.520860842989454
0.286666170171419	0.508695717323253
0.300390002624908	0.51319892568038
0.34071939771927	0.511602516317677
0.365816329975048	0.504397798445472
0.378043061983889	0.521716988764956
0.40978272257745	0.514445297737451
0.42694845207446	0.510549585849753
0.461288849138847	0.513724249758074
0.480537241331114	0.509975303050901
0.514479750335378	0.518108412516959
0.543020881488354	0.512719687901309
0.565840258628334	0.51854668835126
0.593243333066918	0.505082764982754
0.614670661121406	0.511732426219767
0.645665864155152	0.514686214742472
0.67248105634204	0.517355903642061
0.700897450524892	0.506096471057926
0.715022166829184	0.516074940468902
0.740581452409341	0.509094778064167
0.770921905260758	0.508488743957926
0.800245321239952	0.520900101958329
0.819451703228014	0.504096816942152
0.854099421699267	0.510076978798229
0.873130052524873	0.515966507633198
0.889949679967946	0.521426352326929
0.918719409741413	0.514076988835346
0.947562702036377	0.509274086692992
0.975081042684299	0.509981642711144
0.0258452570913014	0.539936800372615
0.0565733869859318	0.546296545266938
0.069322363192745	0.537693526474585
0.106506765405903	0.545499430069633
0.12768054749366	0.530911281282729
0.146106754740722	0.541475535515985
0.185912091197825	0.532319689080096
0.201322044599887	0.538824136148803
0.238249000321267	0.536273347594956
0.253136219160274	0.536548185950665
0.283477848316003	0.544556354626368
0.301107599973036	0.542940009664012
0.328721767558506	0.53846675728787
0.355104307275505	0.538798593603723
0.386877911423716	0.536481800645927
0.406553535618393	0.545399599669342
0.443485517557035	0.534816248858649
0.46626390424291	0.531712760994592
0.49340984918357	0.539651560682245
0.511353999749711	0.547197150119029
0.530879837225489	0.540302218490268
0.565680989060317	0.534385270262415
0.585244663955517	0.545649558668326
0.622700259177175	0.54033099568132
0.649550038039534	0.545010537569109
0.672393651588411	0.531862257717582
0.683483000769034	0.536715725771391
0.723850301070256	0.545608567406297
0.740595284369441	0.536558867118245
0.76086869710621	0.536548858621139
0.79902045241921	0.532525699607525
0.813768623530079	0.541769031293122
0.847830943920797	0.540906848681025
0.864551208241066	0.535832238233649
0.90196995918651	0.529951144134441
0.920328488213824	0.530279670357524
0.941050267872294	0.540484634849563
0.972443716703612	0.532071784990052
0.018383858751904	0.557124364552206
0.0431703416255752	0.556160318556937
0.0754742627855523	0.571145367799597
0.10084778235168	0.558265791221055
0.124926211436136	0.557658340576891
0.159688505460752	0.565174650262962
0.172607107132535	0.570735371438375
0.213265430289243	0.563622679543238
0.222878007204331	0.566109540187999
0.261540146641752	0.559440479054099
0.286443962768008	0.572300410828378
0.301463830231452	0.569637148853615
0.329952095039219	0.564974436709914
0.358929042484502	0.556990637606111
0.386237257051535	0.565033045641719
0.415511646677604	0.559904413969748
0.436359793183695	0.571784575530263
0.469565328643842	0.568389498479601
0.486777508329621	0.571996669785035
0.506395967835855	0.55754045103067
0.542702444596507	0.559564612551075
0.564629533455599	0.56110756508138
0.594977808898153	0.572530839095089
0.609497574370357	0.559970103645006
0.638679733646268	0.556907507026539
0.672517270377858	0.572389278655235
0.689020306362414	0.559410101201153
0.710950263938317	0.557981720435219
0.741176095633154	0.556095457099846
0.762277663851194	0.560773664801155
0.799580056376316	0.556059184415264
0.813146142807563	0.561010178317591
0.843787840942673	0.565395343812455
0.871918490944439	0.565465857450883
0.892229490812219	0.556592857940467
0.923088580361153	0.567596903983467
0.952021945780915	0.566847542135046
0.981760099741181	0.570604237559453
0.0268056224625993	0.595291160564441
0.0440528127648199	0.589344237392002
0.0690986259545698	0.595804147140569
0.09832591855844	0.593731760853404
0.129283055905855	0.580844384915171
0.148163984414724	0.585875770189357
0.178902904867454	0.583169834323089
0.204614341127599	0.585622978081525
0.225086278955992	0.594748720051462
0.261037740880054	0.582857076136431
0.277909020104822	0.591488378145203
0.312681041807275	0.593936757378677
0.326703347113347	0.594745944362787
0.355994659474946	0.598197769398501
0.386600654455269	0.590832783531284
0.403795054181692	0.596163872189481
0.430703618854973	0.588547972626497
0.457183234359581	0.591438017383981
0.490467948743214	0.587412146768287
0.519881260600406	0.584235400662768
0.542554025877213	0.598088482178874
0.56565640468302	0.584856967327975
0.592052576723907	0.594268129426176
0.61230729656951	0.582024780507036
0.632198650439197	0.593788069479358
0.674098172012747	0.581390171606657
0.694489375596125	0.595270182848141
0.710345815463749	0.590071722630385
0.746095540778749	0.591755012684959
0.761189619993824	0.586973576646209
0.787784498953336	0.593892344355542
0.825914590139259	0.59775070033309
0.837986563305296	0.589227357870851
0.866629019083614	0.582991878984618
0.90555818286103	0.595801769333023
0.923293211029916	0.588026011400067
0.939898165581531	0.581345721308774
0.982599196273805	0.583436356646611
0.0189173121483657	0.620297652293911
0.0533115961439665	0.620685241722526
0.0715606287451674	0.617570474099544
0.0963495287072411	0.62280096178386
0.120815285966364	0.612161863565226
0.152461485008878	0.618805958607209
0.177285257312279	0.6102249246778
0.204783732185777	0.617731849510255
0.234784641009763	0.617228730493723
0.252571557383956	0.607622955773451
0.281410293714283	0.615184109485302
0.308564240522014	0.623430177496746
0.32949740866531	0.621498320406287
0.357966242646724	0.622282693192975
0.386817310316214	0.611472492130101
0.418252783221044	0.614666692713418
0.440538896342138	0.608201371715209
0.452886026714196	0.618523786992204
0.480687832995681	0.607964201670704
0.504142992825306	0.611734261093407
0.545019509259485	0.61263841253562
0.558059850754197	0.622232101421548
0.587890280771798	0.614450819040848
0.620844545666876	0.61650953153094
0.639759633072689	0.611003650838039
0.667962969789662	0.621066979708878
0.700305501028074	0.615475417121714
0.719408355748021	0.623729207198081
0.742344070531304	0.611168375320041
0.777612033835194	0.616585286608091
0.794709273921236	0.619566540880898
0.813839579221772	0.62339503092474
0.840693467067346	0.616363182049637
0.865993172031083	0.62074906837475
0.901834707547591	0.619448513408067
0.926071450047517	0.622410522337465
0.957118923553125	0.615540851785467
0.966756543843011	0.612902102010234
0.0177812845251095	0.647027081133584
0.0590506889004237	0.642319516204297
0.0790202818166453	0.649722031170494
0.106922362319306	0.649025404169968
0.125454683235822	0.646449197331555
0.16077166324347	0.648469942797402
0.183572058376322	0.640029239503735
0.197754802493411	0.639989197625653
0.239273079372079	0.633670763171815
0.257404593030388	0.634764669113809
0.278107275076072	0.637150259532781
0.304513012597946	0.641131683634457
0.339773790759001	0.636243671518759
0.367569330971055	0.633901664423794
0.386646584504656	0.63553542654716
0.406743445497939	0.634593567051023
0.44365378718974	0.646699217763194
0.461277296412194	0.637890221135712
0.480148673124799	0.63226280212453
0.505090022932715	0.645550127921389
0.540956793967199	0.646881276652279
0.558740566319711	0.640347984221816
0.597937550068249	0.642317976318394
0.618750500040481	0.641217757566745
0.649525959266957	0.644277803790775
0.66608693338656	0.646255912601445
0.689900634497001	0.642677690541955
0.719823235777784	0.643603678739783
0.742174188940653	0.649808188244164
0.770081678785589	0.641254964313458
0.788468642401974	0.632864023689649
0.82615210743308	0.649219600676818
0.849837794694447	0.637518759813257
0.874779220442026	0.633748196086268
0.897030605435108	0.645801749967304
0.922501217535718	0.634983432092416
0.949112993964034	0.632496595375977
0.978215642752906	0.636076343672681
0.0301867564249639	0.665897026446207
0.051546704496854	0.65813321250878
0.0843350734137651	0.67140802007433
0.104193379085998	0.663857772306489
0.126353575385207	0.674488264954279
0.15320228589919	0.662848353751317
0.179045696410693	0.6670826304856
0.201635839017337	0.66208001611207
0.222835970309261	0.667742837194882
0.248097398525632	0.671745677146998
0.2750658012393	0.670884296519274
0.300834818349456	0.67292685390139
0.325198249618705	0.673901414074992
0.358309449520055	0.66870073347802
0.385234022786458	0.671245467170142
0.407587484147838	0.658026462831452
0.442489363203866	0.671606892254776
0.46344904659597	0.661839797578786
0.484833221044122	0.662234024467074
0.505286541115046	0.66309169049348
0.539090871616035	0.658664493914548
0.571709901579964	0.666975695543643
0.590968804037791	0.663880951717682
0.622844716090603	0.665259597950878
0.646911509742719	0.661555713684829
0.671828472092139	0.673150488791839
0.69026685193459	0.667552039174479
0.725809906637871	0.669844766531161
0.742708224250197	0.657725020965864
0.763844038311006	0.674359126287168
0.799273881210563	0.670082543252188
0.824723771731389	0.671549672262771
0.841889580755005	0.665126639168379
0.866121684555486	0.658304232441162
0.891051859813835	0.66390441205163
0.924544225568093	0.667025554644379
0.952627640545728	0.657738622717718
0.976531878427163	0.659403370026246
0.0179809236637099	0.695129709515716
0.048752392321002	0.688669421907761
0.0754597841539861	0.696209312335862
0.0989325883304258	0.690566979108563
0.125555669572639	0.687404612253406
0.150283710291913	0.700958911270107
0.1777039332095	0.699581028419205
0.199820026077637	0.693089621188879
0.224686621493833	0.700448063222444
0.25466822927936	0.696710240978823
0.282002652279598	0.69282079291712
0.308140747505629	0.697817237441949
0.325074339232313	0.693048219948516
0.351703862088977	0.69224199260276
0.391579641492287	0.688059969740562
0.408013983359095	0.693009977992269
0.43629253311565	0.692579835283648
0.464686781142923	0.689640338943186
0.490971721145496	0.694391183241564
0.504625836797765	0.699159801286334
0.539267689596848	0.691474164369542
0.557266462455445	0.69474702641368
0.587564840075242	0.696553650846449
0.617011175561932	0.687974453846313
0.648324656324352	0.683818985341908
0.665378270036545	0.688755944989273
0.68389305329785	0.691611769951363
0.719360215994641	0.68700793932901
0.74474338234965	0.695764236584454
0.765578812125486	0.688197420061416
0.792751736868896	0.685346430048985
0.820937702679603	0.691074561982445
0.846735772367089	0.683572666181766
0.867899871981297	0.701119715907599
0.897850339890171	0.686241509664705
0.917864918386526	0.69029311415432
0.952910455692493	0.694765919881831
0.967498280652507	0.691516453731165
0.0249611261364127	0.715849108204813
0.0494287702763221	0.721860300352443
0.0692781267384542	0.711892790756201
0.108148569957458	0.716130067941004
0.126818727805227	0.716037756907795
0.161362616723087	0.719055692410446
0.177237520509986	0.712668349540074
0.203479795159317	0.709826930782281
0.239307134136264	0.720122669071749
0.262917949120738	0.714210689666815
0.284460980842461	0.724984411421127
0.309963662174802	0.712948960160857
0.341469737499938	0.71730423367912
0.352537825100034	0.710036209568496
0.393081303132544	0.724477077012007
0.410479897137806	0.718410306092636
0.427565660921881	0.713114308667839
0.467090330026064	0.714523036641862
0.484619249047521	0.724715215820967
0.514029022219338	0.715309114103806
0.540225417742514	0.710237064100972
0.558199590946156	0.724659961016389
0.597459799298719	0.719914518825519
0.61179075320249	0.717225577295586
0.638299970628997	0.720565976739741
0.667335507670372	0.717822067774913
0.686368565229309	0.717565589853283
0.724673497945435	0.711186632332946
0.734936967393928	0.712834127437493
0.769618125735221	0.722881584143807
0.791948150573208	0.724799684739404
0.820154828350699	0.714964753784252
0.844377887722493	0.724948051391944
0.866773323751117	0.714818128043941
0.901022460832337	0.726339042347906
0.929685356824763	0.724730596659969
0.954754791386183	0.726452616726052
0.981901449159743	0.718348749427353
0.0250500739759374	0.743964391639688
0.0553863956562646	0.744400521871775
0.0806510244347277	0.750895479666371
0.104923226176684	0.744173840108327
0.127495435073796	0.735561843376987
0.157125452065195	0.741549324758055
0.178923610335621	0.745245033632527
0.198301672170783	0.746434169552093
0.233423977317225	0.740901182470299
0.26400933574675	0.749116805750242
0.284041931134716	0.742721564957638
0.301491114089841	0.735557366327325
0.340655259719247	0.741003747415373
0.359746355474794	0.7454635885682
0.379194945394143	0.744084260709598
0.40772712264434	0.735329302716577
0.435679624458716	0.749975542200581
0.458442941311986	0.749206016894564
0.48352860008454	0.739395445640766
0.520001277995804	0.75221615268517
0.530757874173481	0.752301791602404
0.565690854194442	0.737294150857443
0.587628985847318	0.735827670261362
0.618279330633612	0.742925057872382
0.647252604672844	0.749993098677127
0.659167012960874	0.741683652501616
0.695467931310258	0.748341660784722
0.726328326052111	0.740536378840802
0.739858180524281	0.736724387832372
0.765267105659409	0.746030818904805
0.800036866290234	0.742246691118421
0.81835317414488	0.748367947010161
0.844658422286783	0.738289894877771
0.874066906664085	0.735231133526302
0.889944565031442	0.740057969631075
0.930235995795641	0.744343135947104
0.9437248191197	0.746958319178857
0.971177728053857	0.736150193801134
0.0194217738172057	0.763544878439917
0.056151294286842	0.77285704527413
0.0708170886160348	0.762157357272576
0.103727063464323	0.767715321957197
0.134717675592798	0.777848412193456
0.15391867190179	0.770727245195783
0.184669804323255	0.766978110304731
0.20842831924562	0.768367243918291
0.239094355858528	0.764719814957986
0.264078817744991	0.774186620803498
0.278930023520224	0.772019719433768
0.304165992486592	0.764175584643592
0.340665122999577	0.76448173963911
0.362478187682481	0.763846601804568
0.393516827618231	0.760494065839298
0.41531805316588	0.76660978542227
0.444812726257762	0.770037823214606
0.469432484013485	0.77742237467431
0.48534921385051	0.764558732078904
0.514070693757939	0.767457324734066
0.544223020938985	0.763143268925954
0.568853902301394	0.769309986764746
0.588235436930103	0.76123930489388
0.61646257995985	0.763941531246316
0.646745177888367	0.776882973255074
0.657879012675482	0.765216111416554
0.69178262346651	0.771376455460156
0.719750233290552	0.772701941082012
0.744960024895107	0.764936225870878
0.768644734608619	0.763072410930839
0.796865499837742	0.776299423418615
0.820797028155477	0.774874495162807
0.848409044270761	0.769331579834189
0.870073276149394	0.760623702041637
0.902759321703653	0.765193616399753
0.915078048833842	0.769479647006186
0.946143014018046	0.764376121740347
0.970204640064211	0.761420462673509
0.018884003661014	0.797791414689039
0.0595049989685436	0.796452262486081
0.0816215414978497	0.800387136415306
0.101504609273159	0.802050475806547
0.125685019539139	0.788881561945524
0.153786239547045	0.791205344480693
0.182015936909478	0.796909121780971
0.197541273040861	0.796263605746795
0.239401497264719	0.789623136247276
0.264914201734045	0.798385248951964
0.275971684913373	0.790249641505709
0.303718041533921	0.798912137133436
0.327976961353407	0.801141114842083
0.353031053117339	0.794306161713481
0.382313208135285	0.794881183194178
0.417157534669908	0.793822842483388
0.443834025026819	0.788211641153922
0.464789036373608	0.787133662080471
0.492551835963438	0.797051958746035
0.519794445772112	0.790248407709099
0.531927826917004	0.795078429751
0.560848147499748	0.786392303790333
0.58594020878817	0.796717898341522
0.612153241633812	0.798222316810065
0.649743145758571	0.797267371907834
0.674658097625002	0.790329854641008
0.699823358826591	0.786551442216012
0.725933698408665	0.789288142198931
0.737395851159486	0.791698698089248
0.771912883963696	0.793750115906936
0.800596893753399	0.793150568205645
0.825041460733517	0.802699746902699
0.854526510550666	0.791861432471655
0.872638906026563	0.798830170960063
0.889729016008915	0.797394343291808
0.926341754079809	0.78824717219991
0.952563078847639	0.789109567191784
0.965748937295808	0.792036858323708
0.0197711880745895	0.822660818708459
0.0505262229754295	0.813243045504141
0.0744438077386379	0.819753722816864
0.109491875472945	0.828075363035063
0.125872920809102	0.822262052802863
0.154829062219459	0.81717601991131
0.17832618528479	0.811801949001339
0.205937650637903	0.817082614104217
0.236851067037344	0.82263695344956
0.249302528212901	0.814636366970337
0.289852567035862	0.815720178319281
0.316065259503208	0.825347389171367
0.328064688142576	0.827602128717838
0.358145032369717	0.827522663844097
0.391842241566942	0.821802085938567
0.404770823836031	0.828343947060451
0.431692150766556	0.818558954703873
0.460967876520114	0.820395517626168
0.479437113911352	0.826931989190301
0.52006203488365	0.817482398877374
0.538135727616524	0.811770773499642
0.560090232932012	0.817295540835086
0.595316027155395	0.823114201833266
0.61168010600418	0.828164932601494
0.645973239909881	0.824974794886922
0.662779001337275	0.819588867934834
0.685211799888602	0.814301831375878
0.723007038641354	0.814564015222343
0.743905554852879	0.819734125025386
0.766652102762201	0.812699867248851
0.803162121636124	0.81947314939869
0.823249297751385	0.817558617666147
0.8543597841746	0.827681422947342
0.873362998947059	0.815168750499398
0.900145779983756	0.815321569868369
0.915197830470708	0.821769966017432
0.955165836946464	0.820884162967531
0.968474773169139	0.82943355132645
0.0183991761942999	0.847292516089891
0.0509123904353913	0.848622134557313
0.0757023242742861	0.837757131591547
0.105462746392895	0.83954222637572
0.12871032913547	0.845231068842448
0.161322440931092	0.837701904328455
0.174351325089593	0.840430226072999
0.200227063052414	0.853829811668909
0.237657922258076	0.843258187387064
0.261708294579241	0.837943453873085
0.276031752658342	0.854026150001875
0.313604676862988	0.851105997296702
0.340804171567421	0.84930960422347
0.354464363263435	0.844298931749304
0.384249457460767	0.845325467532576
0.406092323249537	0.847581404255812
0.442835779668483	0.84617885898385
0.457540199046717	0.841009124079705
0.493538168511157	0.845312005479421
0.511806480986613	0.854129392126432
0.531691942170689	0.85075262603701
0.557057065002561	0.844347725717951
0.582305924501422	0.851420569868562
0.615358334989665	0.84464655586779
0.632215960927017	0.846580633604488
0.673334220371092	0.848802671521155
0.689332056927507	0.852993957496994
0.724867183476003	0.840439683772368
0.740498049653594	0.852245855317381
0.776493069119405	0.855110145172867
0.787763845121035	0.85099399845359
0.828685386162876	0.847745769645078
0.851699209107033	0.855027137036621
0.866471665160604	0.843755079787241
0.899168720213927	0.841787650266119
0.928865551886879	0.837502718895886
0.954287050512147	0.853036031198832
0.982186758655994	0.848512841537774
0.0168456810530925	0.869078395283489
0.0425581714721724	0.869215333064242
0.0833839679940935	0.87110074949894
0.107228579932335	0.868283680339985
0.119509859260565	0.867984129205692
0.161979300997875	0.86746582902946
0.173954475154394	0.869682180042875
0.197177981552455	0.877152215609013
0.234997389175194	0.879608352191104
0.255975848776223	0.865425725408207
0.288557231061648	0.875884051207622
0.306060877445554	0.863915241372175
0.331421635330461	0.868612750987143
0.365366865664292	0.875315860399743
0.381998988035939	0.87387334259885
0.416265228165873	0.874178785583174
0.432233799098719	0.869817443418581
0.460140660192043	0.863576385943951
0.482148036605889	0.866379773556028
0.506006813854488	0.869117468910177
0.537140089953051	0.87947117616224
0.558390163131181	0.880404238033865
0.584892145058119	0.870482512764709
0.617570935115795	0.864501361837814
0.641520464106302	0.863123076409686
0.663442571493768	0.863991916082891
0.695122417389469	0.880364788132261
0.716897263691924	0.867217938901143
0.747786514543832	0.873812433170213
0.760734890641025	0.87621600988653
0.792495732263064	0.866956780967406
0.812761915636565	0.86442693561023
0.849650733969783	0.866070595565701
0.880379167921238	0.872543275518845
0.893083207003183	0.870279064360773
0.916814057011737	0.868183029711964
0.941609153820578	0.863913215472709
0.98087905227543	0.880380505812924
0.0321856302591762	0.889427014805052
0.0562124491041852	0.894157867605885
0.0814634640422305	0.891434155513599
0.101273531191878	0.903330700179584
0.122445034590719	0.89153390525324
0.152256780610907	0.899038293642646
0.17131896760363	0.898306260833797
0.207412767857935	0.893634277869471
0.230908390593788	0.895086630677262
0.25372930176155	0.903692404732952
0.28402734046098	0.88984200319593
0.307510904202464	0.901744636985235
0.332752938451865	0.895773999155462
0.360461291906996	0.904878983249343
0.376223886171226	0.893213190824493
0.406036605524438	0.891946288977563
0.435291671639099	0.893686598848419
0.4664993234383	0.902432241657646
0.492652400215398	0.890637570818749
0.51256255677955	0.888954310045172
0.539725796508752	0.89725522935653
0.556336380730069	0.903907908064655
0.590400874325332	0.890573948459867
0.612300686736149	0.899721623095529
0.640209141010453	0.898144021711557
0.661894849513141	0.903558323054087
0.689025399178621	0.902359992012334
0.718709113847086	0.893970035892559
0.752353719691984	0.900812370174379
0.770839815839098	0.901286057938044
0.792457585311675	0.890024639800432
0.812005229754285	0.891882247203594
0.854117716293722	0.889016521812285
0.863023312320378	0.9004702848536
0.905695649883617	0.897678938982268
0.917462402156455	0.897436052231222
0.944005967331496	0.890542953093386
0.982724602665624	0.902101249758529
0.0325942839447084	0.931715216231419
0.0468313753228328	0.931681936274224
0.0770345738258782	0.92994252482807
0.0985790785198444	0.916716989413846
0.125050212074869	0.926120303529614
0.151757323634845	0.917647359726138
0.176995138527506	0.92524806701194
0.202614763140933	0.920770464802085
0.223655460546789	0.919399031164458
0.247998316393818	0.927586672088963
0.274050689064738	0.915733747810713
0.307772972695129	0.926446759003885
0.34172431131665	0.931685005021369
0.365478922338263	0.916184354561399
0.389489167223683	0.92759024229345
0.405102444983589	0.925297669026208
0.438781492166805	0.929897644163478
0.468590051524372	0.931660655821756
0.489064297823719	0.914331774265944
0.514284909651228	0.915988326783071
0.534367969677138	0.919363854684796
0.561695634007972	0.926799164324977
0.588809191222992	0.914386652030092
0.618345501380531	0.924053888398085
0.633075992176235	0.923784228258636
0.67247660206441	0.932029410791599
0.688968169183919	0.931940460283554
0.725322989734924	0.921674936023306
0.747544429125283	0.920624510506596
0.775591649795148	0.922959828944648
0.792697953977086	0.918815901911696
0.814084306205439	0.926275739623329
0.842908926821592	0.925963963281103
0.876465580486015	0.931021947390915
0.89250545677849	0.914615650649452
0.920942012661325	0.928437562943765
0.940958049211282	0.921869303188704
0.974451133498513	0.915441580139972
0.0276819986686484	0.956962507426016
0.0592808050471753	0.952572408379926
0.0716283752280737	0.945455562226029
0.0975994448780485	0.957062396352353
0.12514109776533	0.952247017122139
0.151930016758836	0.94942091727974
0.175602785991597	0.941069308034126
0.21284177927462	0.953226377807626
0.225437320899763	0.950025894428319
0.255419458175428	0.941103265120287
0.289862604565868	0.954627624211268
0.305623394465221	0.947832655039525
0.33150324040373	0.951444838964427
0.363182521610973	0.951305159256272
0.379230150492633	0.945747758460165
0.413799232064575	0.950016051595367
0.43681503972083	0.955281215496206
0.463460529758822	0.942849866298141
0.483018743393296	0.951739316625358
0.520268540462271	0.947444281419575
0.53609508441905	0.949104099056144
0.562331241231166	0.947471501242594
0.580956634121029	0.948899799145718
0.61637459351366	0.948655958887034
0.649893017434776	0.943792612595184
0.669203396648343	0.940600148973492
0.695650089475913	0.951771321510905
0.720642352078561	0.953135538596848
0.741416802189164	0.943369623220454
0.772248744976484	0.949144376231706
0.794197090174141	0.946180726318537
0.821759084504804	0.946705530679864
0.849234807794237	0.945237953366247
0.863597684790461	0.947601939065828
0.897628794271248	0.94059559009603
0.92519259167357	0.952919139247153
0.956231773338385	0.949543234484217
0.969222655971274	0.94261626352581
0.0179343963346299	0.970756757039898
0.0560394937611467	0.975649487648013
0.0846678625003803	0.973142907081992
0.106450465190425	0.971124441044409
0.123557776615856	0.97404771773756
0.148155374792197	0.966751458350239
0.182439920482087	0.979455745963049
0.210075868720765	0.968470309502482
0.226676277481584	0.967032274466574
0.258729106740329	0.980123153669858
0.288826310171482	0.974935963693898
0.315981560023469	0.973884181252865
0.336355006876246	0.978643056320425
0.367273872238532	0.967916307850254
0.388530234416374	0.973931534564389
0.404121439958027	0.976585585943142
0.427853636838979	0.975564924879083
0.457958550177647	0.975656755060197
0.492051792428484	0.97394612994437
0.515309440740089	0.979959388091783
0.535594495992719	0.979104439630705
0.563700869572301	0.966962665473285
0.582886799649528	0.979299808876741
0.611529569268192	0.96964388551174
0.63938969231974	0.975811105004958
0.669079729953462	0.972335078106812
0.6912876360852	0.980117520441645
0.722888863228051	0.98089061916849
0.737394414902551	0.975915877935582
0.773186293925938	0.981768561537341
0.791453003607171	0.976331280402676
0.820292489196299	0.966004980005163
0.853313475689037	0.970948749053285
0.867691030344051	0.974038990496232
0.900584721521772	0.969205383586799
0.917429366100727	0.980087365300263
0.95037681470289	0.978697588824981
0.977818610923267	0.973768106939084
