0	0
0.0256410256410256	0
0.0512820512820513	0
0.0769230769230769	0
0.102564102564103	0
0.128205128205128	0
0.153846153846154	0
0.179487179487179	0
0.205128205128205	0
0.230769230769231	0
0.256410256410256	0
0.282051282051282	0
0.307692307692308	0
0.333333333333333	0
0.358974358974359	0
0.384615384615385	0
0.41025641025641	0
0.435897435897436	0
0.461538461538462	0
0.487179487179487	0
0.512820512820513	0
0.538461538461538	0
0.564102564102564	0
0.58974358974359	0
0.615384615384615	0
0.641025641025641	0
0.666666666666667	0
0.692307692307692	0
0.717948717948718	0
0.743589743589744	0
0.769230769230769	0
0.794871794871795	0
0.82051282051282	0
0.846153846153846	0
0.871794871794872	0
0.897435897435897	0
0.923076923076923	0
0.948717948717949	0
0.974358974358974	0
1	0
0	1
0.0256410256410256	1
0.0512820512820513	1
0.0769230769230769	1
0.102564102564103	1
0.128205128205128	1
0.153846153846154	1
0.179487179487179	1
0.205128205128205	1
0.230769230769231	1
0.256410256410256	1
0.282051282051282	1
0.307692307692308	1
0.333333333333333	1
0.358974358974359	1
0.384615384615385	1
0.41025641025641	1
0.435897435897436	1
0.461538461538462	1
0.487179487179487	1
0.512820512820513	1
0.538461538461538	1
0.564102564102564	1
0.58974358974359	1
0.615384615384615	1
0.641025641025641	1
0.666666666666667	1
0.692307692307692	1
0.717948717948718	1
0.743589743589744	1
0.769230769230769	1
0.794871794871795	1
0.82051282051282	1
0.846153846153846	1
0.871794871794872	1
0.897435897435897	1
0.923076923076923	1
0.948717948717949	1
0.974358974358974	1
1	1
0	0.0256410256410256
0	0.0512820512820513
0	0.0769230769230769
0	0.102564102564103
0	0.128205128205128
0	0.153846153846154
0	0.179487179487179
0	0.205128205128205
0	0.230769230769231
0	0.256410256410256
0	0.282051282051282
0	0.307692307692308
0	0.333333333333333
0	0.358974358974359
0	0.384615384615385
0	0.41025641025641
0	0.435897435897436
0	0.461538461538462
0	0.487179487179487
0	0.512820512820513
0	0.538461538461538
0	0.564102564102564
0	0.58974358974359
0	0.615384615384615
0	0.641025641025641
0	0.666666666666667
0	0.692307692307692
0	0.717948717948718
0	0.743589743589744
0	0.769230769230769
0	0.794871794871795
0	0.82051282051282
0	0.846153846153846
0	0.871794871794872
0	0.897435897435897
0	0.923076923076923
0	0.948717948717949
0	0.974358974358974
1	0.0256410256410256
1	0.0512820512820513
1	0.0769230769230769
1	0.102564102564103
1	0.128205128205128
1	0.153846153846154
1	0.179487179487179
1	0.205128205128205
1	0.230769230769231
1	0.256410256410256
1	0.282051282051282
1	0.307692307692308
1	0.333333333333333
1	0.358974358974359
1	0.384615384615385
1	0.41025641025641
1	0.435897435897436
1	0.461538461538462
1	0.487179487179487
1	0.512820512820513
1	0.538461538461538
1	0.564102564102564
1	0.58974358974359
1	0.615384615384615
1	0.641025641025641
1	0.666666666666667
1	0.692307692307692
1	0.717948717948718
1	0.743589743589744
1	0.769230769230769
1	0.794871794871795
1	0.82051282051282
1	0.846153846153846
1	0.871794871794872
1	0.897435897435897
1	0.923076923076923
1	0.948717948717949
1	0.974358974358974
0.0214738924338655	0.0337596311964498
0.04627197719809	0.023234606821914
0.0700202088607027	0.030189098756081
0.0982807559648772	0.0254363176353535
0.122256284846544	0.0272729638875132
0.15472282676484	0.0304483213767669
0.175592764581315	0.0194565046439191
0.207684619281546	0.0225667100053464
0.233035381892495	0.032209318612866
0.254489036422976	0.018236437500879
0.281808748294062	0.0291458977729741
0.307610861228611	0.0328571625975075
0.332534051779034	0.0222209116797829
0.359208361441499	0.020356210120159
0.375814650606513	0.0231316800397105
0.408731451438553	0.0169704849979914
0.431814017918355	0.0254213059651533
0.467799374530276	0.0201065017100381
0.479289501263593	0.0223203209863303
0.511544994548709	0.018335683468465
0.547053463047794	0.0303066863824615
0.569543150250424	0.0293100598453547
0.595586650521999	0.0313536274870962
0.617800665469084	0.0202446488724689
0.636086060549985	0.0342042290785662
0.667851390013995	0.0186519050393958
0.696527048902837	0.0326790451021556
0.725244488047613	0.0276233820776171
0.736389444388196	0.0269383602935843
0.769967780395843	0.0203794466131061
0.786340574974708	0.0220320454152612
0.827138225803143	0.0207058198322814
0.838603935913109	0.02873864192652
0.864727841526985	0.0204730594381833
0.889070820222579	0.0228514984809126
0.919318004527343	0.0292952703711551
0.946553632560695	0.0194699308756707
0.980450414756734	0.0333840829786477
0.0276992792096949	0.0550341652313684
0.0441563041325841	0.0565634804767676
0.079891453422131	0.0569479526833984
0.101147632138641	0.0506533443409636
0.121939380777541	0.0568267538552451
0.157227948614113	0.0473829513991387
0.17271583584453	0.0464953049671258
0.199907877810792	0.0590035550909342
0.231909384798563	0.0494843923866344
0.253763009277084	0.0423666054565739
0.283835910677607	0.0445557934470778
0.306597140329799	0.0487209709455206
0.338462408377386	0.0480422752121292
0.355504733637181	0.0491446621490357
0.391276583923143	0.0546494455245361
0.411216060981917	0.0487234664382143
0.436718105835445	0.0437909132923426
0.470276977905897	0.0590019812857383
0.482355254383389	0.0437962282527173
0.517321192040607	0.0521977799274673
0.542391463499398	0.0476513602097317
0.571448307382782	0.0567364439650187
0.585152939876041	0.0560095095473705
0.619526057797093	0.0463806819381981
0.635263931902454	0.0441285726167059
0.669666015000374	0.0557939273691796
0.691918661331594	0.0436628111395377
0.726649939533575	0.0579045079138403
0.748546454767338	0.0549691112170361
0.765083484320269	0.0585549578015084
0.796128421158546	0.053161346299759
0.823655194438223	0.0487971846023167
0.839350283509292	0.0528027527829601
0.880707486472908	0.0529587565083648
0.888681731924488	0.0572194698337888
0.916800410425074	0.0445663280507285
0.951279044805585	0.0600120214084434
0.976526644064554	0.0594634726228107
0.0343696341825645	0.0763668220970682
0.0487492282191786	0.0695015907558821
0.0765341758236551	0.0763217942583263
0.10474388710126	0.0749971598934747
0.131925608799115	0.0799050136630934
0.14689802257308	0.078160933523576
0.183775483259754	0.0794104122034863
0.20992302218735	0.0782880664727153
0.225475528279812	0.0719098412497238
0.264737634612637	0.0779590335839972
0.290701219705978	0.0832588268234167
0.31574595262507	0.0826216723687718
0.327378455064875	0.0810057867064771
0.354885698323146	0.0737919605223206
0.37738334426227	0.0803044330129446
0.415039986932408	0.0686990719711164
0.42780203666406	0.0840806590950915
0.454366908706847	0.0780718276126312
0.484061981962515	0.0712658445764312
0.511701803351525	0.0807618241718669
0.543184940508668	0.0737988655813461
0.564286854167491	0.0764492951425729
0.581813728440141	0.0849177372660005
0.612938347676273	0.0808519365753896
0.642085419127033	0.083472230396561
0.673275783558879	0.0857565682592365
0.69412808846768	0.0744086568863616
0.724618274099369	0.0851261643624115
0.747543066184011	0.0809733573599925
0.76422358249994	0.0830530717396181
0.800792641484985	0.0681031540331077
0.828894107781403	0.0816200142643215
0.84827825693039	0.0747327323484975
0.87251684218094	0.068928893685803
0.899411201172052	0.0752787822295451
0.921779448767832	0.0716303872241997
0.945795910000059	0.0856981175621066
0.979873917098563	0.0805603007322121
0.024119786111573	0.0953094409672813
0.0432159829390068	0.108477906785245
0.0780083237445952	0.108984046930992
0.110676406081055	0.0974214550965546
0.133186171760491	0.109730560097907
0.16030097619779	0.103071916900413
0.180872654209793	0.0941606015452836
0.199379284806293	0.0952234576140576
0.226226253088525	0.105158811222389
0.265235124292364	0.105208637964495
0.277055468868745	0.109020313735725
0.300517371455606	0.103580281212724
0.339448512604453	0.10263924883938
0.352171352363558	0.104618664667245
0.392318749315737	0.0961578531063442
0.409248582924982	0.106539348687571
0.437769240974379	0.100277893224524
0.456823786854037	0.0962713935760507
0.479270906866218	0.10188648076555
0.515374985038902	0.104299748106487
0.531405029412144	0.0961552309770207
0.572004553211477	0.106271314153444
0.597075727911457	0.10510414404015
0.622543259010342	0.104421905498225
0.63448496377592	0.110954627999948
0.665956950131011	0.102673936414083
0.697268211981278	0.100914379131429
0.714440297948777	0.100015171215451
0.740833541758085	0.0941283499125678
0.762363871775609	0.0969849571654095
0.801216961018468	0.104012360241066
0.811582043157516	0.0959949029133474
0.843858442385208	0.104731875809208
0.867340956870927	0.0973759102207805
0.892348353596943	0.107480512211887
0.930336717373592	0.107168830023969
0.954558731790479	0.0981679011715956
0.975766366098798	0.107338640075163
0.0244520596014924	0.127634737774145
0.0534851858516221	0.129566174030258
0.0849826914684369	0.124030875761897
0.101945695264208	0.13176392322185
0.134210124464748	0.134901139358975
0.152466397476537	0.123049645826737
0.171226455503211	0.135769442386391
0.197558343205721	0.12997139192866
0.233424701752638	0.125971287759069
0.259048377979116	0.132130593488632
0.286892065012946	0.122177877780456
0.303070410563517	0.119672115368141
0.333686886795013	0.123518554939083
0.355309988449878	0.126671813710356
0.389631893895701	0.132596447022181
0.4015270685626	0.122066752473758
0.427039404796448	0.128479380401826
0.455347170732269	0.120239840143756
0.489967879656984	0.129296329739523
0.504677083825255	0.135348068913624
0.537771873006386	0.120488616142569
0.560254172851964	0.124488654645502
0.597039925816575	0.129752508610838
0.616776378593698	0.119995672412546
0.632469938580307	0.125022572573947
0.665807270835149	0.131522946565965
0.684247581423403	0.126164292586394
0.721943688330673	0.125569761653864
0.745456394581723	0.12408920028266
0.76901994749637	0.131883607552551
0.800466980863075	0.13485266251081
0.822917663706628	0.125261570062135
0.846012233579769	0.127182698788143
0.875088410669787	0.136946125502966
0.898840450902728	0.128425249750448
0.91527110451974	0.12573628738012
0.9504546779767	0.134772244037549
0.979338972878958	0.125999753216259
0.0180938364802675	0.160652664243771
0.0511365977350077	0.152733968065233
0.0784581835377749	0.154697996328828
0.0970176320390156	0.145870393198444
0.122581115650999	0.153220064277932
0.149231362641497	0.147859758713061
0.180005225103929	0.149721669248217
0.210982026668256	0.160580842366289
0.224439494507315	0.151098384390216
0.254038894743456	0.148616138861364
0.289619457078302	0.150996264043199
0.307785473517852	0.157857823268108
0.337054349924251	0.160965398364001
0.352062650315568	0.14880997853058
0.381733397592959	0.155371080950365
0.408920851328428	0.152580561298893
0.431908084306944	0.155190461349641
0.467035467255712	0.148142818983241
0.492149779361891	0.150122039030162
0.506042894860573	0.154173168490248
0.543264574970455	0.154080230102433
0.562532723241223	0.155651930825346
0.583579674583794	0.145240048570205
0.613957042657542	0.151511441021561
0.641208850444237	0.148096159999314
0.672324019433929	0.161070070554121
0.68502052830718	0.162425078150921
0.723920143105005	0.148842932442037
0.741529821097387	0.151788587459479
0.774177429546489	0.148820948631726
0.798223021480567	0.159606505091111
0.827520188860402	0.149659844161506
0.847237158659736	0.159898180704311
0.876763280381157	0.150176161819511
0.906085284111015	0.15719862454133
0.926842465651673	0.146714239826909
0.954527935443225	0.161090289808837
0.96861308204457	0.158646685771948
0.025170231378896	0.176148536354511
0.0586166722795871	0.176269047406478
0.0821097215006299	0.174840106742902
0.0985250535112006	0.182045838785182
0.126230228647666	0.182422578294721
0.159914744650413	0.172429180253524
0.172050021580271	0.171161421737199
0.201354731991257	0.183084476275936
0.230419482095038	0.17535505425085
0.262577955566866	0.181979212742509
0.279384623044951	0.178590658653913
0.305572354516077	0.187567045696575
0.338440993368071	0.178304856565641
0.35495817093103	0.179821770128787
0.388713587859084	0.182760327161687
0.408058658894722	0.187343498993141
0.439007842636879	0.176545345199
0.463586718005288	0.174848417443432
0.49471343443381	0.182544992981036
0.511224562903862	0.17728794363935
0.538772186211054	0.172093191719274
0.565716825584186	0.173351035650968
0.588373110402386	0.173531012903843
0.620339794385236	0.172559182434576
0.640714265610513	0.184141538233843
0.671342035845879	0.179655267230945
0.690929879634653	0.182623388217688
0.724361594720312	0.183613782351186
0.738659666839058	0.179767557305576
0.771464837868356	0.188138151474329
0.796836681140999	0.174466551569186
0.822274456065875	0.180074587734351
0.843948294829413	0.17406422625417
0.868550680786968	0.178054435919553
0.898981206805471	0.174249232795341
0.923542495190352	0.172259774208475
0.944153144939495	0.17508991125427
0.978506291801192	0.177925084688624
0.016819539672178	0.202921268525948
0.0535921331915799	0.200865399112553
0.0811355800084336	0.2136209189872
0.100792432396558	0.199906613954165
0.122610843823988	0.212296350718984
0.160209762204389	0.208446121153041
0.184852913228746	0.208709402358294
0.210812370465506	0.202404676272223
0.232995647773346	0.196431859529145
0.264873555680226	0.201592626922626
0.273083459585659	0.201707342735263
0.303459145041595	0.202975497287848
0.332629522483145	0.206573560863022
0.353798908428342	0.205460549718789
0.375880055083862	0.203807087541777
0.403699486203846	0.207294836887076
0.430967766734138	0.200074469438971
0.466781247262344	0.200303066636871
0.490146574488968	0.197930847735538
0.518381951211641	0.208337350083142
0.545530988843018	0.205000691322853
0.560508884259891	0.207242231934888
0.588474026350617	0.200463308685574
0.623426107200441	0.199103316046389
0.645997052687285	0.201440681072392
0.671910680484012	0.20633778046732
0.694003143514719	0.211132625634776
0.725137539113086	0.206996905806397
0.749760127809962	0.200758509077881
0.762337893891034	0.196737652734814
0.80076115716307	0.205156015906882
0.813811164415533	0.207292676038935
0.853666320276503	0.204168830449488
0.876688189719751	0.21083066322926
0.889619804819809	0.200020338496194
0.920875612360273	0.208370457424894
0.949778887584961	0.207686998808122
0.981526004792692	0.21331715807174
0.0329893597484541	0.229512642394486
0.0576303717128023	0.239097345589545
0.0829926889351057	0.238829169931674
0.10665618367326	0.237624005957953
0.132009961956476	0.226439191816605
0.146130997436969	0.227150048802301
0.175462764214503	0.23930772340982
0.213307621112962	0.235871736498768
0.232122585590851	0.223877419417782
0.251727092824224	0.222319000606555
0.288624885455132	0.227285875194034
0.299721876402545	0.233585116072641
0.329247024084964	0.239295275877484
0.364032286759121	0.225640150378793
0.378199533280498	0.236425975970897
0.406823126790954	0.227012980678627
0.44458872406966	0.239003997247242
0.460052413178829	0.223509806183527
0.485625300345171	0.229225254973562
0.509344142992081	0.23374852414123
0.542002948693649	0.223244748870842
0.560043659769023	0.235875498428698
0.582826004895729	0.238601275170811
0.613967124286857	0.231135347850944
0.633135824210848	0.236707142597346
0.663464740220196	0.232867226827864
0.697782073449849	0.224285052568586
0.711781171804457	0.237328325545749
0.742544998794023	0.233159508220144
0.774309654298044	0.226460790287002
0.790437128354205	0.234780912381217
0.815731107199476	0.239118479585489
0.839981382208934	0.227437687850719
0.876504020386491	0.226268457593663
0.889130880923735	0.232647876064458
0.916544435085079	0.227251004315717
0.949654231051332	0.226101486017141
0.976760733547829	0.22460074942129
0.0291404477853671	0.254995884389616
0.0431550817859762	0.256616781363309
0.0826417381065477	0.260996425550738
0.0963749809080912	0.264990623511115
0.133202536779807	0.25172891656633
0.161747071504558	0.2632128225324
0.172517929215868	0.258211713632665
0.21242436691928	0.264634547361905
0.229884095463073	0.259735139350331
0.250191730087305	0.250135766624563
0.287362137454988	0.253597925902472
0.305511323966697	0.250796523189983
0.333710475347069	0.248290727524201
0.356207739212121	0.255187399787462
0.388224660399435	0.253298636234603
0.403990779139114	0.255714899984606
0.439461153874909	0.253960975650615
0.460869586073318	0.261155011683369
0.493661047624838	0.248209788667493
0.511338732827319	0.250814831056635
0.534261616492332	0.264052448008984
0.557464282370437	0.258210643155098
0.590413062194216	0.253506623725939
0.611091602181165	0.260222881886862
0.632806564517177	0.258695641353122
0.669492425494803	0.25275797755273
0.68426900137366	0.249272672964759
0.710238849095597	0.252773429638513
0.749377793291469	0.259433950645955
0.762422332521653	0.259200457187701
0.803540240433042	0.249082209784095
0.824760743415436	0.262260236931122
0.853341858048299	0.25512828660833
0.870158507200704	0.247693420794186
0.904931451896771	0.249125427270158
0.926098913318564	0.251916964504601
0.954585131080845	0.255001867916773
0.977940700537633	0.250831944393143
0.0327351493978514	0.279390799273477
0.044786846395782	0.28562464508976
0.0753198397029685	0.275280511328057
0.109804381468964	0.280239003069796
0.120921133914114	0.276001394115935
0.159569723875014	0.281916293002196
0.181428158018513	0.276056347085549
0.201018536759142	0.287684481353794
0.223562473180118	0.275844938880845
0.264678154231854	0.279091788561342
0.284662593165491	0.274328398820517
0.315248380980075	0.283626431818896
0.340180370891108	0.284627680952253
0.355985381016822	0.281644802663368
0.378600145766027	0.29003734238754
0.409312326857497	0.281058004926015
0.443818913093118	0.285155840504908
0.456864864714085	0.285718685114656
0.483749897029768	0.27651640937755
0.518374198354308	0.283048497759857
0.545912850978862	0.275328785984739
0.559740510238156	0.289187613533431
0.583177633615025	0.273777746229402
0.611151987486361	0.277706105366626
0.639597907607678	0.283179886486209
0.660718905723301	0.280539798034048
0.687569543148098	0.273900650834385
0.716331747746612	0.288973392047205
0.739454569448153	0.274349561129177
0.76839045685071	0.289812357124843
0.792921631728486	0.289852108055367
0.824358280609149	0.274611186293393
0.849196246234268	0.28517008328912
0.877130857288512	0.288889177112013
0.896294946316806	0.280124243115362
0.922608305218067	0.275247019853441
0.956021233556258	0.288091037314019
0.96806846128491	0.282450273559504
0.0238396421801578	0.315534615698145
0.0483733661678544	0.304737018542685
0.0743737536779625	0.310901436559339
0.0966181036719937	0.306461079029599
0.126503964950501	0.305947877436422
0.153817071920948	0.312294418243343
0.171035731373693	0.314485212369361
0.20053787716276	0.314342563833464
0.235680063898269	0.316508464720587
0.257937245044924	0.307626404498891
0.273956804881737	0.311845794236039
0.305122244728094	0.303335101263077
0.33567270080268	0.309016608615168
0.355635796419433	0.316013845826872
0.383682208716446	0.311763739949694
0.406786085167928	0.310593159250282
0.441037500783332	0.303592172296719
0.469410633753746	0.304996766786683
0.481965234199354	0.30412106366488
0.50925453722125	0.312731084208424
0.531768441453113	0.299752976058192
0.569291677880026	0.308671525428986
0.592789611501311	0.309860610339392
0.622849467512131	0.312451806398043
0.643841268571448	0.304701851989819
0.66916041376636	0.310087289896746
0.69267455199605	0.314441875183471
0.726439168766319	0.303685357387439
0.737111174940143	0.310701698166699
0.766415678096808	0.308811566555184
0.802156738873524	0.299373951098941
0.81201332394267	0.301525219704552
0.843916496354619	0.30930272945177
0.876127488195474	0.298930263507961
0.902173034910617	0.311867826197148
0.92848304191179	0.300147394839778
0.948097848619535	0.309978864332038
0.973145221281842	0.299392497804525
0.0332034529110244	0.332246230472508
0.0481673032690354	0.328566317083683
0.083115744953864	0.327727802406273
0.0960951719092233	0.324912528305796
0.121661679485905	0.334312080593467
0.152102178079852	0.326246437360401
0.174180682806005	0.327558437107267
0.203993625225608	0.330702477656681
0.231329741384528	0.334485962140157
0.25534233852957	0.335911129018767
0.290253735939392	0.3401793051228
0.312463816289427	0.324436592280522
0.327868671010582	0.333721053741267
0.351039091585006	0.327952062502828
0.380988958829295	0.336288510808053
0.417602341310396	0.3300753761078
0.432874997124177	0.326169372057566
0.455617795203608	0.327855530082911
0.491933615342564	0.33195036058718
0.504389963535436	0.333276246365181
0.533006970915889	0.339808208337405
0.559891290885538	0.330239591432795
0.585171718173681	0.337330799271331
0.618030193248516	0.33208250469816
0.647519901964654	0.325397679080709
0.665128750709671	0.332925861158816
0.696779411738438	0.338160625498483
0.713588641756271	0.329632243724824
0.741997697058802	0.331849137094064
0.765793786542806	0.335897494037375
0.788698206563661	0.327297803361184
0.821640640359263	0.341194961584192
0.847789828277325	0.337294445030892
0.872195307276688	0.340203370681503
0.902316895301033	0.33574809184983
0.927549978173131	0.33097810033612
0.941408685538538	0.329435524234123
0.982051178207509	0.333462827137051
0.0325645420097816	0.36790951646297
0.0556602180615428	0.358622239237545
0.0777467358351269	0.366813057253339
0.0984132851931973	0.358959599920208
0.128427845678055	0.353728220226566
0.155099083221492	0.356042034129054
0.173952229017566	0.364354987292853
0.200032947414163	0.364771650149137
0.225732074138953	0.362478720822755
0.255474606470254	0.360398024977718
0.287024322157472	0.358030795900337
0.308396929945644	0.361241617901269
0.338375105068794	0.357763645147966
0.359201482037959	0.363420308090743
0.376008756182165	0.350348316336374
0.404359329483476	0.353168490081365
0.437048122682746	0.366001738239514
0.458641048113975	0.35849313874349
0.487736089453396	0.36725330465846
0.518111105649475	0.356729969401042
0.543212712897118	0.358219740913511
0.561891603981008	0.350347652724852
0.588610774300008	0.352401696263148
0.618148552473358	0.351186035558059
0.63872539634073	0.361155007133138
0.668938068910092	0.364426303486333
0.692761013296395	0.362476188159501
0.72540524062083	0.364079431035888
0.738356027132309	0.355761831136178
0.768271706205666	0.361895948151224
0.786247168360779	0.361524524868948
0.817633493470977	0.36620339566274
0.847964295194335	0.366976379676943
0.864174578069962	0.356121682516283
0.90132457869332	0.353363717768479
0.929218314831679	0.359557399005348
0.954445203251893	0.359633394876232
0.970124220012828	0.352113331819415
0.0192330619331644	0.388010824277665
0.0443039204813494	0.376494350866163
0.0737567740372847	0.391402100110656
0.100129717542672	0.393007840882355
0.130907543146386	0.384950351710561
0.148997434792818	0.39233948162888
0.180578315678917	0.387457030141923
0.199651396515889	0.380250296823687
0.233045328563541	0.385514714271866
0.256713495324378	0.388373166361527
0.28970559240249	0.391558197167125
0.310182552460514	0.376258470073495
0.330263911899796	0.390124310694694
0.353522729992448	0.390727195293432
0.376329548141102	0.376206175631218
0.407182565652668	0.378597336245415
0.43187759564114	0.380278032716058
0.457785872152381	0.392001175508705
0.492361147247694	0.383047922423143
0.511947169862492	0.385933571904901
0.540084883933305	0.386249576615215
0.565934239296388	0.380355263117721
0.5904036837805	0.389873317820287
0.613248331653656	0.392233540315587
0.648468791802136	0.380237203146337
0.66482384885712	0.376980712288826
0.687013488530296	0.392093649279905
0.726863442009868	0.393588611103875
0.742434636381381	0.391153412943007
0.777726545381976	0.379614942489767
0.792764803068068	0.390416148957428
0.826724228193337	0.378676694461499
0.851202729354461	0.380997547961562
0.863124170738227	0.386958995608217
0.906045737028614	0.392087814317476
0.929034872975172	0.382747881976299
0.956449231988032	0.380432987504395
0.968391651726112	0.379156466067063
0.0297166195995229	0.413952438846316
0.0532799363230175	0.418432901250586
0.0758013313534705	0.409174712818621
0.098021292080725	0.415225720325906
0.13664082876358	0.413426937840112
0.155432649441278	0.413917770018267
0.172519327797441	0.408812431104184
0.200719222474225	0.403485151604201
0.228270326212157	0.415005283330591
0.260682487567628	0.417139501855569
0.282110575618995	0.41808918551721
0.305500350934656	0.417350084999595
0.327600433617724	0.407844510465775
0.353203648605054	0.414404191959859
0.376131361568238	0.412798402454098
0.407546950270273	0.417292186532126
0.440076801951344	0.404336653926778
0.470405801821941	0.402697264540115
0.487675555437235	0.401396938244595
0.513165317800108	0.413671181981074
0.545588439880486	0.413363633248985
0.561738444243533	0.403599519802741
0.586057005768694	0.40895527700393
0.607723138741859	0.412592411371624
0.632938461082443	0.40675649815067
0.674144789638295	0.402910039338699
0.694400857205427	0.412341146691771
0.710239304786561	0.41857889825417
0.741369142758245	0.414324551885247
0.77640698607968	0.408608925313299
0.788469026489271	0.415773389574674
0.82588810443402	0.415195344154076
0.851552022039566	0.41230412641546
0.869594302920717	0.406215864372091
0.894806332774094	0.411581660133305
0.925320185941262	0.408549814375255
0.952871434401837	0.417801728404816
0.976545775910043	0.407011672305733
0.0234294849847919	0.432443368647586
0.05206395557586	0.434707238914012
0.0749595124684036	0.432049572369931
0.0972723775279583	0.437409092598786
0.136824522937404	0.433079346833561
0.156685606928047	0.436882432329318
0.180512748047734	0.435554491261987
0.197333598107475	0.431905554352103
0.225854980432586	0.434499297275441
0.264220282264094	0.4314552086423
0.278529792815749	0.431571883082772
0.302281414836078	0.443300254988781
0.332035907892697	0.440530638928788
0.356214594999231	0.441994637165363
0.384604586973456	0.432287922151881
0.414984675194598	0.427716944570836
0.429225740387609	0.438628907065616
0.458404382159732	0.43055424364672
0.482278056917654	0.432040866932531
0.519544317073217	0.443657175540965
0.537115576103607	0.441851779710769
0.566321661599242	0.442139255438425
0.593126801463141	0.438298482987267
0.619035450828447	0.436049099451111
0.646577466213026	0.441681373611368
0.665583810764672	0.443721661344942
0.693257214415184	0.430920358022958
0.719887927497303	0.439483041987107
0.737574215488864	0.435878256505583
0.7627446649366	0.429275873989566
0.78869768865527	0.42864270865965
0.814439489546187	0.437829762364915
0.845500514724744	0.441735495040503
0.878879920042213	0.43679219254814
0.891776940417828	0.427873548555205
0.922715638604191	0.430821655021447
0.956786362534509	0.428520474043226
0.969905569492187	0.430374975523751
0.0174942937129007	0.466241250420614
0.0552991754252636	0.45764661938026
0.0802487877910585	0.463620722803495
0.104266051498295	0.459662467043841
0.121741657002873	0.469481720587801
0.161030911004593	0.455733376989715
0.179899141009822	0.460730774573947
0.211360009727587	0.455314771340537
0.235999252091025	0.455108494061319
0.261933387612599	0.461619415565531
0.28444018224325	0.466617335124576
0.29941168043238	0.4671224616125
0.334501786700376	0.463533802444736
0.363956566141786	0.463960481106947
0.388360005334223	0.457712591786699
0.402848510734702	0.461534353396745
0.44144940892892	0.464342883644074
0.455942753227728	0.467341543620256
0.478867022463372	0.452757725930094
0.514924624547115	0.464229393293897
0.529707882010969	0.46747945104385
0.560319701680567	0.468050950122054
0.594926228661728	0.457544322343007
0.622478477779924	0.454847128841754
0.638170774934918	0.454600458335044
0.659156878403362	0.453882324459686
0.689057122779073	0.468655649412191
0.724554865031106	0.470061233619967
0.748232581441236	0.453622492077562
0.765839778437665	0.462404233162465
0.802700089902959	0.457473752030846
0.814284887931792	0.469972233500329
0.854606468383551	0.461427278966354
0.87721455797465	0.45468326632589
0.892277331634626	0.464884671551079
0.925983319625863	0.459758782283781
0.957501464329898	0.453812649631989
0.981159778885841	0.453973788814204
0.0259700107850367	0.479439537709074
0.0539626274109386	0.489906312426167
0.0772046610350344	0.481787024756755
0.102635370858365	0.493820760016971
0.119359287857399	0.488882190713154
0.145691283904148	0.487907818723668
0.172918023976442	0.482869185250669
0.213707511736805	0.48816230105675
0.23474497243299	0.481459921518795
0.253119486918683	0.494831404409829
0.276936170592153	0.49538163717941
0.316633813317489	0.496051930515983
0.330782702033046	0.488720914503225
0.365158474584038	0.482489971658459
0.381349079527356	0.484856513110169
0.403830970368066	0.484325993726479
0.427505261668046	0.485285689757142
0.453920965347868	0.491625835762975
0.479075054026214	0.48511679655397
0.510353150382732	0.494904769590496
0.546014733288526	0.483123662249719
0.563728203047702	0.491002153264908
0.585843657833939	0.487938667124605
0.622186590453661	0.486521605203128
0.642609328211422	0.485294044045408
0.674144857180338	0.495449200625276
0.688104937984005	0.492647963386105
0.709412057079567	0.482577828487334
0.749616624910666	0.486906104588255
0.768195784555304	0.482674124055568
0.798031641421261	0.491636023482583
0.822269050637064	0.495463969827135
0.854114278883107	0.486347480786251
0.866955026582569	0.485504608264798
0.889055770506394	0.479395726970801
0.916596008395627	0.494351350385603
0.948789168902148	0.488627415387488
0.970609810388546	0.482184707511032
0.0320902540774169	0.511551707500554
0.0600543137761558	0.509258734897904
0.0698203926557284	0.507743540825206
0.0948296716086543	0.504558807218185
0.124586452904076	0.519328108187306
0.15914516592362	0.513579438188289
0.18768625454104	0.520177216613057
0.202299491701183	0.515427933583211
0.228465938924794	0.515096688101516
0.262352731294117	0.520145034460231
0.273645506263213	0.511206689794886
0.311347665159512	0.504952596517319
0.338104153004738	0.505494400978322
0.364703375872939	0.521316215080523
0.381325013242787	0.506594249995873
0.408265886775696	0.514368763544384
0.433245940051976	0.517114164806546
0.458831048625433	0.512876901546136
0.492720882253491	0.515727709203678
0.504915768027879	0.521433600052837
0.53165338252245	0.505886198357495
0.562263958239674	0.521677911432338
0.582881143896884	0.517061220647721
0.623865730925913	0.520530414275361
0.646598965920727	0.517449178211668
0.67541058821659	0.521468476030778
0.688460777461756	0.516397069414582
0.722597265844982	0.510302097141432
0.73543836648598	0.506053492856602
0.773362180541235	0.504344555357162
0.801656387821037	0.507044395327713
0.823109358001655	0.518344042716797
0.837526874166044	0.516550628542193
0.876753572372934	0.515844680402106
0.894901269154081	0.512009478913411
0.917147369021111	0.510868531700693
0.942493869629209	0.511119852968431
0.979580892672323	0.514301446184317
0.0333364728386953	0.533204598128713
0.0469771495978796	0.532953790075935
0.0781757037558721	0.530763835347347
0.102748504709118	0.536519039847983
0.132014881519823	0.541352920051654
0.152361235479711	0.540145195495195
0.175160917948157	0.546134834845338
0.202467841452891	0.531470134095955
0.227133505227961	0.542269535101268
0.252615215194089	0.537543412829959
0.289157739797126	0.530327663390803
0.300987157651558	0.544570069544884
0.324532063273017	0.54187574866768
0.353336846848614	0.535204658526674
0.37951299281789	0.545398388643862
0.404679661772044	0.532705097665203
0.438655801141542	0.534971439649074
0.462185475553337	0.537285103916368
0.487365948405051	0.530315965599824
0.508956422351523	0.545537808910038
0.541953938021354	0.534681608079189
0.562200996281244	0.545285496059983
0.591577637933416	0.539889276525472
0.6092266565027	0.545864577517761
0.639888536702622	0.539346156696026
0.675328010428704	0.53488612885289
0.687783822449765	0.537018096211392
0.709302442815481	0.546820193892683
0.737060704186306	0.529552403103068
0.763775719554738	0.536830168652797
0.796487651020869	0.538476223427986
0.812041952216265	0.529521205750302
0.849375579581258	0.535997318719334
0.87492446506491	0.546316775851569
0.904837843959366	0.544360187601615
0.917886045880139	0.531335212747656
0.951621079874275	0.541056668273117
0.9748486405776	0.541687048232153
0.0309668730579291	0.561347385313269
0.0452998432543644	0.564944165085091
0.0846830869717527	0.56066421497114
0.106388428658605	0.56529176937113
0.135590714585155	0.569429870331235
0.145431195126384	0.556463227865803
0.173984490936553	0.572748707721756
0.213559606088934	0.559277199543472
0.231750411880334	0.56198579189977
0.24974414068917	0.565936998424803
0.280886613867773	0.572858644196715
0.312785973500418	0.559082627329535
0.335792002392156	0.566519297053828
0.355614283667297	0.557893181481844
0.382577130384344	0.559173086955917
0.412265772312334	0.560525217652227
0.428517815336626	0.559726361031386
0.463969371706169	0.558902054100016
0.489083472847679	0.557418172381064
0.51754896927513	0.563056523584575
0.539669484789193	0.559106147301526
0.567379852280461	0.564646614892118
0.593683324001758	0.555166831860461
0.606694293486354	0.564814269751725
0.636090428520437	0.56879944920884
0.671911538063723	0.568042297813193
0.687554145432434	0.560515996506822
0.721889661679578	0.566543194692637
0.734744934455695	0.560538204070668
0.763911360039347	0.555721586868145
0.80358424163674	0.567308692715347
0.828050149438907	0.566928097535603
0.83873928787078	0.56410458789245
0.862852626601441	0.560757791172805
0.896984500111175	0.571014236399358
0.920696022161238	0.555355071907081
0.942179194198153	0.56350813451514
0.983289031941769	0.558653548055626
0.0184316555525475	0.597096942305117
0.0537490640748637	0.58570351603301
0.081122480700338	0.593222068116927
0.0987718468882061	0.585257370433041
0.124825296224783	0.582281017742374
0.157683488649325	0.582764533478519
0.174212982880086	0.595556187409643
0.206117003383362	0.590543542507834
0.224039785666989	0.587490228380233
0.256522649974888	0.597533114293272
0.284973881397114	0.594789825109449
0.312720491454179	0.597528013936665
0.334607270230931	0.589035363282188
0.362384310975342	0.587576161759649
0.387623526881801	0.58708400384979
0.404222508477858	0.59845201609907
0.438390857356522	0.595861636222616
0.459420109782902	0.583715134787206
0.487189001929645	0.588983611184076
0.520319676898413	0.582138524171394
0.538563438036884	0.595567389715619
0.56975143805857	0.582909311748919
0.591050605697048	0.58230280329673
0.613417378392376	0.597271931923289
0.648720295227477	0.592464619931339
0.671438251218621	0.596339871001569
0.689610174881595	0.584100275316358
0.713374214367215	0.586230754176295
0.749765176824657	0.596176685889227
0.76218836826648	0.582502294055526
0.80062610671284	0.586423633488301
0.811811732065893	0.598567610974973
0.844427553205604	0.584485445616722
0.878762661691222	0.597081801779737
0.890138861943994	0.589326883583014
0.914367003851799	0.593345883525299
0.942249435765009	0.58314515209404
0.968502934443222	0.586871799241441
0.0328266500918602	0.617910148468244
0.0497355140025874	0.622535002676789
0.0700249443571968	0.610499635267266
0.104103069405316	0.620134000212822
0.122129405901254	0.61495673466336
0.145607548036622	0.61071481306852
0.178584197438118	0.613440400304315
0.198575258341907	0.618520936657636
0.223367791169628	0.613022956337985
0.263001224238596	0.607874375833904
0.288304371422189	0.61261565482201
0.303873856312406	0.616439210785776
0.330704605257943	0.6117599009797
0.366969428545441	0.620246205452895
0.391834096250189	0.6151941342262
0.402066929834984	0.612281104293254
0.438873073415438	0.616681968175226
0.468551498547694	0.609694344650933
0.481396220035593	0.60952977070327
0.504058620407773	0.621119021409201
0.544606866088631	0.609588257161461
0.560084145898561	0.612831011787587
0.583829451960718	0.61910417320267
0.623140414243431	0.616992768758307
0.641640933511784	0.614546868594351
0.661056236407344	0.610155712120159
0.700768549673568	0.62082051985927
0.711525406106258	0.609271798575832
0.747649643806421	0.610431560928579
0.769058261187451	0.619032239952672
0.792363891400085	0.612765351237841
0.817464259876238	0.621404293931284
0.842870042835565	0.615559863104587
0.867954444185867	0.614573690645018
0.903064150271524	0.622578435390983
0.929810711094336	0.611426441411705
0.955602903905884	0.608908570164878
0.970056275574211	0.617228024690149
0.0186184393705936	0.641823942396425
0.0520847587772079	0.645476434082988
0.0751604257749922	0.636624523775344
0.104603582507454	0.64241005260538
0.125714876676927	0.634649119569997
0.144988163664263	0.642090346108395
0.182850208093713	0.63846105545896
0.206835359973509	0.64977678512505
0.227053140649214	0.632916226588095
0.24861435096545	0.643818022650403
0.286414507767047	0.64844798161298
0.300813118720278	0.636837005304995
0.340975439078578	0.637622216130496
0.365819242890664	0.646430498185666
0.380091783347004	0.633407648983489
0.418130084202451	0.646710796011469
0.444170571920579	0.646691403892347
0.459349282768761	0.648204962507513
0.478233192316273	0.633416644339739
0.50907185034827	0.648483601472665
0.542805835888211	0.636743264789862
0.566930174673327	0.643794942450035
0.590920526815355	0.637050177172635
0.617434253062293	0.635092131064327
0.636974161726535	0.637776741521149
0.673417613881453	0.646492134200911
0.698981475997248	0.643130504994948
0.715614908019706	0.645637526862042
0.748671091417508	0.64935941595416
0.768350946394744	0.634540385137101
0.801914874246726	0.636240805631
0.825105740500152	0.64311198222478
0.848085497061082	0.64312948294215
0.875198372075437	0.635787892565154
0.893903056651847	0.648461074811296
0.929562932939001	0.642377000238662
0.950403917812917	0.646031264946405
0.971964127468097	0.639240151900173
0.0227192230742468	0.665776600265687
0.0513325811692834	0.675430028562091
0.0836148368121345	0.660257917717451
0.10878479521532	0.662611111176425
0.134458068719869	0.673268833244955
0.156020784878751	0.662796273070637
0.181930035473574	0.674726202457288
0.197456652097242	0.671935816179046
0.235109916524621	0.67517803713768
0.257778679793463	0.667766691879548
0.280378165859393	0.674714657217038
0.300023840184169	0.667910947682373
0.33458358321734	0.669853717492902
0.366568777818779	0.657836622799307
0.375879906620682	0.670723953452969
0.412123942715296	0.672480060776028
0.440472196494037	0.660312459233353
0.465065516871464	0.670850737999706
0.486005208784373	0.661657118727273
0.509418578285606	0.662293496427049
0.545313677675383	0.675633531168942
0.562083470071016	0.67483126975674
0.584055040280485	0.660778283367666
0.611777474900148	0.660434099555258
0.647362758915627	0.674720300688122
0.666921286219157	0.66203024443441
0.691593043989905	0.6642421577871
0.718748513568512	0.67091921510461
0.74749095113444	0.663501951918536
0.766516089891072	0.67508860220484
0.789205190650538	0.674574698432572
0.815624897369464	0.674236033263872
0.845205669302945	0.667526562950019
0.87431552471796	0.670122097595661
0.901662835205117	0.667833242830921
0.931896041740492	0.673875367505836
0.940649399793995	0.672290290072132
0.972920306472295	0.670604632184864
0.0305401735288448	0.695904075122872
0.0488461723355688	0.689919297721209
0.0709587335999175	0.685242418404075
0.096121045673199	0.689043174212371
0.126480839379205	0.690422670903045
0.16049654818792	0.700944508157731
0.174812347460202	0.694322278722127
0.198218766099184	0.700593870342245
0.237435446470163	0.696362777058169
0.258839073379236	0.699973350433441
0.286163769965868	0.693867850683794
0.304809140386354	0.701260698803226
0.339164543858273	0.691033699108866
0.351541068478733	0.689986827897493
0.381255724532441	0.685938604155733
0.410417769338742	0.693022861060428
0.432674208026335	0.697203534860735
0.46505309586504	0.694629360052616
0.47958882735408	0.690342156552825
0.505416163050609	0.700290012387652
0.544318983311224	0.692230402941251
0.569028933076119	0.692124079121369
0.584441606547013	0.696879295875855
0.619304091040482	0.699952244177173
0.637791126145841	0.697664412011277
0.674437180910566	0.699606850858156
0.699277812114692	0.699665863990523
0.722797033108845	0.685811803270687
0.748839581451581	0.685462793028325
0.762172971897931	0.687788052906507
0.795227987882266	0.684135900497024
0.822488478606877	0.698889915587526
0.83745247482392	0.684884418301502
0.877525288809053	0.690468554443555
0.902535583058918	0.690199554554125
0.923698017764925	0.683527671517687
0.942979504446971	0.688497987061429
0.970001064699738	0.684658890339748
0.0285070580571471	0.712972269991021
0.0432916700543379	0.717133673285481
0.070339620868383	0.710825664192546
0.0977951492321504	0.722344450544792
0.13270888990361	0.718523645372573
0.157548821837512	0.721796754641431
0.186854449797608	0.72223775295824
0.212695609177376	0.714666400061688
0.234098121644403	0.724775457380356
0.26434584708592	0.72657725964736
0.282119419722266	0.718482946736401
0.313077078440654	0.71841364417584
0.342130035511946	0.708976863131155
0.356717368722097	0.722589824813705
0.377600510878729	0.721386012948519
0.416173126396577	0.719793964695328
0.443205797074767	0.713273871628476
0.459272525061163	0.7123113904416
0.493870098820348	0.709763345851515
0.512815861697913	0.716087995201049
0.53983041640128	0.712844808867654
0.564840217133415	0.718951697401043
0.595154127462352	0.713826447772551
0.619938636057124	0.717366660588949
0.641414343635913	0.71317845657502
0.66142742485003	0.720568753463233
0.684361027602465	0.726335521838031
0.721213618772026	0.723529510611074
0.746833763638449	0.718886195531766
0.776721242690368	0.71678795128659
0.78727721940004	0.719288290804865
0.817499902265202	0.715866599844782
0.846939767662894	0.71977828291954
0.876746191159347	0.717477867908646
0.90640669552251	0.716282351365415
0.915689774918106	0.725715593504038
0.943579996583385	0.721890861940652
0.968175177018868	0.724662891973909
0.0291430379323832	0.737885800909545
0.0480078421458484	0.752330336335941
0.0852953467826119	0.734829497005961
0.102846333116058	0.752422310898752
0.119240007739565	0.738278405179429
0.158789515258103	0.742590959480959
0.171465946698243	0.742428705181568
0.201476150429215	0.736081641261957
0.238785933594992	0.737490129849846
0.258869116269041	0.740946186009627
0.274325602102789	0.740744586174448
0.307108478620211	0.73584853414097
0.325646701872334	0.739352217955999
0.360398241298015	0.745952109518324
0.392983842003038	0.739528571146565
0.418404845792388	0.737416739528972
0.434117881282606	0.735606741544667
0.469302442600676	0.744734107769584
0.488706716066837	0.749031505013631
0.517330332896091	0.751202520312664
0.539181952935644	0.737774714632957
0.561661750184286	0.740081718027175
0.582414553540508	0.747680888758088
0.61687631581842	0.73648840027961
0.649933250017234	0.751817407759379
0.661336102024667	0.738519973508038
0.692579750922109	0.74492292451889
0.712132471886469	0.741278929503977
0.752500892288727	0.736748780487197
0.762622910171928	0.736869666788059
0.793724339235937	0.746437746566503
0.828345281916563	0.750370924378888
0.852813139915232	0.742485374593361
0.874841961160533	0.750960377792106
0.896924610864161	0.750898824645275
0.928036096591132	0.748991495233618
0.942857921785641	0.752363935117035
0.979746327703712	0.746457247581263
0.0309138154840993	0.773934979744846
0.0519773365063692	0.766228010654494
0.0725161973483727	0.763852510648338
0.107569715282764	0.775806683816066
0.125656992319272	0.766604688209604
0.159691538898394	0.77617737912603
0.181133944101311	0.760842783762885
0.211665089692483	0.774435317646077
0.236640501709566	0.760690052459464
0.25677220466359	0.770577777256262
0.28177918356452	0.762136920901044
0.31162894367428	0.773139698924565
0.336306411421252	0.767568126298671
0.361319033429447	0.765929703524162
0.392783816053121	0.769873325131902
0.415613334441032	0.771792855924117
0.429844087044983	0.774476758991729
0.461226715765534	0.773657456142772
0.478397789978029	0.770664461525533
0.519268488619861	0.764196968284747
0.544070825387855	0.767336124782696
0.555560828219716	0.760377754028446
0.583067270571483	0.777583315650388
0.607903549797115	0.776969262636857
0.64510607394809	0.774836891773839
0.657843632940162	0.776142923682464
0.685326103586165	0.768272871569217
0.720259679135937	0.761624889831226
0.738026414528768	0.761390981668463
0.770854868654857	0.769052682089433
0.794076165489304	0.773211178390882
0.827000096317028	0.766034081054815
0.84131572079648	0.766493427455473
0.877377679695717	0.764479623853554
0.890643324612814	0.776688426799355
0.928415376924303	0.760269285253608
0.941460500047102	0.764508034750579
0.971618878244056	0.765898379902388
0.0244115359459051	0.786334657538061
0.0481964541779575	0.786932807350573
0.0775207316237632	0.791860192812155
0.107684548671099	0.78620016093999
0.135224985765066	0.786229984887283
0.158692877790906	0.799408012488774
0.180027911508321	0.791056726845325
0.210352966220808	0.793428337447207
0.223201016326907	0.792782271169083
0.263333729490677	0.799864273511937
0.276724193926018	0.790229167979013
0.306922030679528	0.802891891230488
0.335644891154719	0.792510208001448
0.353970851825786	0.797797750364713
0.377619119744495	0.792022778832477
0.402290470044451	0.796622056569646
0.432433050332356	0.79559701393423
0.467003021640893	0.803175809278822
0.485169439073388	0.797390658972864
0.514410951012183	0.797539472007985
0.534024054821475	0.79206352127247
0.566856129277896	0.799407306382995
0.588608589026049	0.795439295944467
0.612567720518567	0.797547541654775
0.64596026592569	0.799401437479705
0.666525238138104	0.799598118450771
0.690688175212167	0.79351160723065
0.721925882550165	0.799342740500411
0.746730860418114	0.797559111740456
0.773905910651068	0.800390230926255
0.801498317576867	0.790385410770616
0.82301759163422	0.789559247534537
0.846657985392794	0.799564973065362
0.871307294968249	0.799246193244848
0.894163542126938	0.792796620700204
0.926661436023768	0.795329891524581
0.943630876823813	0.8008918493985
0.975291624727589	0.797510676402592
0.0170308374746647	0.825656252429463
0.0511513087828106	0.813970222887243
0.0805529118658242	0.819080059224978
0.110472514510557	0.826755655054237
0.126781959555334	0.824560527621321
0.144971065758263	0.82420041751151
0.172638912738724	0.816151573270988
0.208572032586628	0.829188320740065
0.236133378700279	0.821290607435285
0.262015593793696	0.815555952470104
0.277678117491012	0.813973508199415
0.309628917161958	0.826945560045375
0.327951662621994	0.828342860981427
0.358627088248526	0.813160829940476
0.385020962719426	0.812542666525242
0.402982416610212	0.812422489731466
0.437330107712857	0.827824914118645
0.45868867503554	0.818783151958668
0.492684475609912	0.812549359164325
0.518414461073587	0.813093104295605
0.544954897593178	0.827330901112961
0.572994338269201	0.814103126629005
0.582627087972089	0.819987252508513
0.621435075211947	0.817160913993209
0.634711143665565	0.814305958597524
0.658240351140979	0.817896069319732
0.700680069668821	0.828366244701003
0.709323186131672	0.823305317106993
0.749420724994105	0.82871952943013
0.777631031401104	0.823982820307762
0.796248018085413	0.816831574845476
0.828023460648392	0.821604082099071
0.846951519197635	0.821313653223724
0.869858927387594	0.827895729335069
0.889337616737203	0.821945916854156
0.929987931465611	0.824680410518343
0.952846736504596	0.814837489281948
0.977432396303684	0.817818102364405
0.0257044644855108	0.843591370516343
0.0537339276395513	0.838181878588481
0.0842424384840055	0.846962633292812
0.103284148895255	0.8397977792204
0.134813231035601	0.84844600482587
0.155981053721266	0.853537224820691
0.176733731431102	0.850573586373534
0.198111219910242	0.84890601310054
0.221925784370731	0.846941116496303
0.261513924442046	0.854897970457276
0.276272325766979	0.844757805913548
0.316204447429745	0.841317322526439
0.335196454613834	0.8381240355432
0.359145213592543	0.852621419400211
0.380566325791977	0.850993507145434
0.418799984800013	0.839032900177083
0.440921464436938	0.848676548527506
0.452732906250477	0.854487432705209
0.491364664280115	0.8546907135954
0.521420422401316	0.845136760551687
0.537609379177472	0.845994516319079
0.558754121784247	0.853419525814036
0.589347521347235	0.840096629188597
0.614564340812587	0.84520627367694
0.641493081201642	0.83785267975933
0.670027779930676	0.841008897473696
0.684117409260073	0.844485312457295
0.716248519454039	0.838448611960451
0.735252235518702	0.847266439992057
0.771701561635651	0.852909429632704
0.789297304396714	0.84512395708227
0.815404456441993	0.84059555466347
0.851746939509582	0.837957811729483
0.872275676877978	0.839984516374168
0.894746112214366	0.840659745909321
0.925727166353268	0.841179650976691
0.954244528384905	0.852469070219626
0.983213044475388	0.84428547742184
0.0171570527090922	0.871023428028022
0.0505966331589573	0.87228771779213
0.0839842861535735	0.878085045693515
0.0984680254057617	0.879184290894076
0.130452442389923	0.870722179042508
0.155651331144448	0.876314583704427
0.175671505168987	0.869056870255615
0.211643438487521	0.867733484094214
0.235101934729623	0.874532353249429
0.255719588870584	0.873111151195316
0.273331035021461	0.873040228527705
0.299590502273898	0.866010461996007
0.328504446505546	0.863410156527303
0.35026266829603	0.875378425820657
0.388464166467767	0.871486484622969
0.401461012545159	0.87484767450691
0.436497611140671	0.878024783704416
0.461482471809748	0.87988646584033
0.485506811901602	0.863917262900366
0.516914790253189	0.866776125956838
0.545249530023479	0.872236459185026
0.562790500218739	0.872957236483818
0.596944002908955	0.865184801137063
0.622086180047455	0.875841224665634
0.647039559461355	0.876450935548809
0.673049299757022	0.877102563815143
0.695052608928688	0.875323609623562
0.719192003048122	0.865217683292601
0.735758842776364	0.868649339489649
0.770501840484889	0.86484097582293
0.800712221300125	0.871953335901353
0.826637964812336	0.871296184962997
0.853286360896055	0.865656245815454
0.877666246988236	0.867353126409765
0.905879154550604	0.870278952032598
0.925410987032197	0.863794457653608
0.943799712668139	0.87305601046184
0.972452139519408	0.870266099959639
0.0212733637849325	0.904374819129988
0.0522823829928001	0.89430620890006
0.0840870789765916	0.892542786996105
0.10010523251596	0.89387820892653
0.124154371077028	0.890215558094091
0.151681791076817	0.89443467692502
0.184852682317914	0.899881517192092
0.202386665475879	0.894510002032933
0.237767138088457	0.894632229155722
0.26388865520681	0.90211796760882
0.281307532174407	0.905740882320734
0.305675784903616	0.894485781793997
0.32663293869688	0.904471866826957
0.353615553368775	0.903284752235942
0.384569341225825	0.889512805538789
0.405715188027005	0.898624511329272
0.430707428639329	0.889000471066933
0.457143528423461	0.903802676221151
0.491070760760351	0.899485299615361
0.507937347160224	0.901625654884074
0.540245545229059	0.891226260411629
0.567162227494686	0.892793350809291
0.596944687742463	0.88953282017299
0.606415258137372	0.891595208330258
0.639144367529377	0.891074039957346
0.663460988473838	0.904441443340821
0.694224717140778	0.889196415182443
0.723292934283368	0.897491738377602
0.747183869790498	0.903444118546182
0.773932921400984	0.888657979506005
0.801922602555194	0.901184461489003
0.816796268908195	0.891004528541775
0.848927881725336	0.893540750558312
0.867972984626612	0.889548524590946
0.88963253975629	0.900992059121459
0.931490924161873	0.893003815465557
0.957619555862298	0.897629889131338
0.981786545863463	0.905005970625618
0.0171966877274762	0.919700726620462
0.0529911535168573	0.930170226401158
0.082197241115303	0.924715175820333
0.108324041876146	0.929134092294152
0.125732157025987	0.92919944057246
0.148154138960778	0.915727808604032
0.172502173435019	0.916363255626696
0.206176305656195	0.920898705310273
0.237582223816053	0.920357701539118
0.264016739275624	0.930449001171835
0.2824644563126	0.9235688428473
0.308728148067215	0.93019122090429
0.32438109770425	0.928481948048916
0.357377218351783	0.923900936644718
0.378858494898725	0.915475596473821
0.413366799992554	0.916371703218403
0.441319807274213	0.914404225885323
0.461996770213462	0.917939640534155
0.49158289209602	0.916944873701864
0.516136823120456	0.928308122315862
0.53184002180241	0.924320601083328
0.555534349758244	0.916560166559134
0.588501964945977	0.92274982274028
0.623694468319491	0.922861810425397
0.644466957498357	0.927403785963356
0.674697637966288	0.928183097415551
0.68917163177282	0.926777412075396
0.726668140293012	0.930781673888507
0.751240876424668	0.916612054351575
0.775192460837479	0.924088080459314
0.792193941795591	0.929208611691296
0.824010117776208	0.925825033738193
0.846034709857514	0.929690887465142
0.871727127978311	0.927622214587283
0.903238310819769	0.926375135390984
0.924230187697387	0.930641447631287
0.948765098090578	0.914218147135318
0.974330507582037	0.916622441329914
0.0311562311236564	0.948869804883232
0.0499109135817638	0.950613292003265
0.0812858978079188	0.951519797223541
0.101322884311394	0.95095953179007
0.128667894575565	0.949500071707403
0.160699807238002	0.943701434920636
0.182732516546427	0.956083864277804
0.205297582910664	0.948888440667487
0.225492198395782	0.955113620049105
0.25834277296763	0.948996729047319
0.275428540249476	0.945734132141815
0.314344045367944	0.944378561587878
0.326109589773791	0.942177591600828
0.358647321728331	0.949067754233727
0.386129012422373	0.94507944193714
0.407197953738403	0.955113215002347
0.440164433508342	0.947974394674811
0.458954121761076	0.94643609267117
0.484839525840529	0.94398031958114
0.511802301727848	0.957151469456291
0.547429936615864	0.951871475427929
0.559829527210045	0.944138522147766
0.585547608412394	0.957381357506864
0.617080810597251	0.940414852383996
0.64042285893802	0.947716932592673
0.665800201718213	0.952223230541181
0.692327424534018	0.947560048391209
0.722922098182611	0.955962686023212
0.741329436156777	0.946396502996789
0.769589804535421	0.955017388162776
0.791650422538271	0.946881036139195
0.820381974952342	0.941634106332743
0.847774969850355	0.950119052329672
0.87559927702972	0.940224357770199
0.896164217651065	0.940673727151493
0.925614176110037	0.949388477495098
0.956527750383403	0.953529768793371
0.97955320834337	0.954528731355185
0.030340875405295	0.981059225720796
0.0578317716977915	0.970157018293979
0.0740754366605666	0.967686379671204
0.0940081536651674	0.981013242503603
0.124773129575943	0.977986805509338
0.158963460823496	0.971609978118587
0.170712739868118	0.979282715934374
0.204379200638115	0.970827766196227
0.226752982462328	0.980094229491799
0.252061692760194	0.978131537360369
0.290651402431662	0.975826834093827
0.300351635014213	0.976321897062652
0.339185499180864	0.968980408967223
0.358389184301784	0.968253922121975
0.380319503900177	0.969637333280365
0.410082376566414	0.967576980734561
0.44064010188476	0.971751890966516
0.453296414029844	0.978679245417593
0.491714514208985	0.981238624703506
0.520855519986811	0.969535161288529
0.539264085547014	0.982413305112833
0.56809313543558	0.979034551719716
0.593465048289562	0.978653344638475
0.615359206650578	0.970366567259123
0.633815469164336	0.980453121516752
0.664715095569777	0.969688548281498
0.6962120977566	0.969333458766871
0.724975264749143	0.972484066405378
0.74035188280488	0.972766878348212
0.765605768711684	0.982899961000625
0.800658277010854	0.966018979478344
0.825859570367858	0.972616411124238
0.84472473782449	0.976616605119025
0.876159689300112	0.966646178395989
0.895256768499486	0.977406729438222
0.916731019035173	0.967287267893463
0.944267161560533	0.966672687143754
0.979041361984987	0.979746104950941
