1.536272e-02	1.105432e-05	
1.656505e-02	3.328860e-06	
1.855652e-02	2.086185e-05	
2.581912e-02	3.988359e-05	
1.727479e-02	9.777905e-05	
2.050603e-02	1.272464e-04	
1.859610e-02	1.911910e-04	
1.646849e-02	3.230668e-06	
1.390762e-02	3.289044e-05	
2.173832e-02	1.160595e-04	
2.598650e-02	2.442903e-06	
1.592265e-02	7.386030e-05	
1.864231e-02	2.457471e-04	
2.105034e-02	3.327368e-04	
2.272571e-02	2.913147e-04	
8.463039e-03	3.246726e-04	
2.060962e-02	1.762621e-04	
1.713685e-02	2.375355e-04	
2.015627e-02	2.476473e-04	
1.504034e-02	1.980383e-04	
2.304287e-02	2.560369e-04	
1.998925e-02	1.117186e-04	
1.105894e-02	4.346609e-05	
2.087710e-02	2.070059e-04	
1.534099e-02	1.873415e-04	
2.121833e-02	1.009736e-05	
1.867446e-02	3.592311e-05	
1.451390e-02	7.433821e-05	
1.713052e-02	6.703539e-05	
1.536431e-02	4.076500e-05	
2.472957e-02	3.371699e-05	
2.040737e-02	2.225528e-05	
1.754298e-02	4.797428e-05	
2.320358e-02	2.697216e-06	
1.831233e-02	6.338859e-06	
2.120320e-02	1.249698e-05	
2.077272e-02	3.213004e-05	
2.575579e-02	2.228880e-05	
1.900895e-02	1.352577e-05	
2.021123e-02	2.039939e-06	
2.296013e-02	1.212067e-04	
1.577609e-02	1.242759e-04	
2.055430e-02	1.533041e-04	
2.249898e-02	1.286815e-04	
1.947164e-02	1.448002e-04	
2.235851e-02	1.860098e-04	
2.614083e-02	8.876121e-05	
2.340838e-02	2.449756e-04	
2.554483e-02	1.760720e-04	
1.678928e-02	4.041231e-06	
1.759939e-02	2.602379e-05	
1.901964e-02	1.748936e-04	
1.299297e-02	1.425584e-04	
1.661075e-02	1.737345e-04	
1.707872e-02	1.895572e-04	
2.502151e-02	3.414262e-04	
1.799413e-02	3.033835e-04	
1.936198e-02	3.220108e-04	
1.964623e-02	2.502774e-04	
2.303115e-02	5.155149e-05	
2.295837e-02	1.040179e-04	
2.305707e-02	1.625477e-04	
1.457643e-02	1.694740e-04	
1.767647e-02	2.080733e-04	
1.750914e-02	4.300800e-06	
1.175038e-02	7.446237e-05	
2.607839e-02	5.872643e-05	
2.185511e-02	8.917079e-05	
1.774352e-02	1.000322e-04	
1.973698e-02	1.088255e-04	
1.761496e-02	5.696330e-05	
1.138872e-02	8.481993e-05	
1.638988e-02	5.722315e-05	
1.959090e-02	7.291281e-05	
1.484113e-02	5.933659e-05	
2.335471e-02	9.134284e-05	
1.560925e-02	5.457292e-05	
1.705132e-02	5.759491e-06	
1.552433e-02	1.908766e-05	
1.851038e-02	2.801642e-06	
1.644532e-02	1.551146e-06	
1.557548e-02	2.043285e-04	
1.192819e-02	1.705308e-04	
5.990924e-03	1.869708e-04	
1.604331e-02	1.050830e-04	
2.039662e-02	9.064745e-05	
1.785241e-02	4.772783e-05	
2.146277e-02	1.078105e-05	
1.413060e-02	7.550689e-05	
1.714660e-02	2.127704e-05	
2.364667e-02	1.488282e-04	
1.943101e-02	1.950676e-04	
2.311945e-02	5.621249e-05	
1.988088e-02	3.844591e-05	
1.996943e-02	1.583104e-04	
1.974894e-02	8.412212e-05	
1.551753e-02	6.496168e-05	
1.165545e-02	4.555400e-05	
2.170564e-02	8.391886e-05	
1.608259e-02	1.046804e-04	
1.246002e-02	1.288028e-04	
2.082367e-02	2.090989e-04	
1.689522e-02	2.707702e-05	
2.374472e-02	2.618392e-06	
1.067171e-02	1.795564e-05	
1.233774e-02	2.482273e-05	
1.983068e-02	5.457472e-05	
2.773394e-02	1.155660e-05	
1.608377e-02	7.995800e-07	
1.562977e-02	6.038789e-05	
1.690396e-02	7.772274e-05	
2.119673e-02	1.164688e-04	
1.203093e-02	1.231510e-04	
1.240580e-02	7.686078e-05	
1.659975e-02	7.251443e-05	
1.898650e-02	4.307079e-05	
2.252565e-02	1.908599e-05	
1.903798e-02	2.690149e-05	
1.633573e-02	7.489285e-06	
2.232944e-02	1.940754e-04	
2.057472e-02	1.310577e-04	
1.865583e-02	6.986210e-05	
1.985505e-02	1.074620e-05	
2.489012e-02	2.146062e-05	
1.807347e-02	1.802188e-05	
1.410706e-02	2.320151e-05	
2.328869e-02	1.508739e-05	
2.168009e-02	4.522761e-05	
1.819021e-02	6.526213e-05	
1.950335e-02	9.496131e-05	
2.094158e-02	3.212975e-05	
1.813798e-02	1.440696e-05	
2.258371e-02	9.846217e-05	
2.362350e-02	6.592438e-05	
1.474480e-02	4.409300e-05	
1.837443e-02	1.357454e-04	
2.239274e-02	1.107168e-04	
2.697709e-02	3.263312e-05	
1.810672e-02	7.161479e-05	
1.832635e-02	5.034288e-05	
1.745677e-02	2.417381e-05	
2.083401e-02	5.752456e-05	
1.802457e-02	8.213233e-05	
2.445509e-02	7.488247e-05	
2.657329e-02	8.571289e-05	
2.059939e-02	1.466069e-04	
2.303943e-02	2.731835e-05	
1.386406e-02	1.013090e-05	
2.065511e-02	1.738733e-05	
2.005508e-02	1.599381e-04	
2.075110e-02	1.470307e-05	
1.977121e-02	7.503343e-05	
2.385395e-02	1.682204e-04	
1.693087e-02	1.357099e-04	
2.215805e-02	1.229303e-05	
1.737001e-02	6.262398e-06	
1.827247e-02	2.923700e-06	
1.167266e-02	4.813064e-05	
1.129036e-02	8.681770e-06	
1.953057e-02	1.258951e-04	
2.060278e-02	8.038816e-05	
1.773392e-02	1.681500e-05	
1.362623e-02	3.043123e-05	
1.825689e-02	1.435974e-04	
1.964515e-02	4.757834e-06	
1.967814e-02	8.973016e-06	
2.526784e-02	6.034835e-05	
1.684776e-02	5.235547e-05	
1.403813e-02	2.622326e-05	
2.104453e-02	1.638433e-05	
1.307523e-02	8.994108e-05	
1.932635e-02	4.931495e-06	
2.136892e-02	2.238184e-05	
1.474592e-02	4.646166e-05	
2.003296e-02	6.907049e-07	
2.296311e-02	5.659640e-05	
1.955347e-02	1.250401e-04	
1.333752e-02	6.334608e-05	
1.898499e-02	8.346210e-05	
1.920428e-02	1.508461e-04	
2.003518e-02	1.056948e-04	
1.182403e-02	1.186912e-04	
1.515808e-02	6.815019e-05	
1.694180e-02	9.848780e-05	
2.526711e-02	8.556616e-05	
9.012885e-03	7.266439e-05	
2.022270e-02	4.203983e-05	
1.785472e-02	1.289017e-04	
1.792681e-02	1.474348e-04	
1.530297e-02	3.930850e-05	
2.125107e-02	4.855088e-05	
2.070612e-02	1.209035e-04	
1.247302e-02	6.384852e-05	
2.165469e-02	7.390365e-05	
1.724460e-02	1.667754e-05	
1.952593e-02	7.464873e-05	
1.933049e-02	3.719021e-06	
2.091259e-02	9.518169e-05	
2.338454e-02	1.277520e-04	
1.718172e-02	2.538565e-05	
1.893389e-02	7.662814e-05	
2.112394e-02	9.755861e-05	
2.097373e-02	3.218403e-05	
1.666698e-02	5.893179e-05	
1.735467e-02	3.228524e-05	
1.371020e-02	2.529038e-06	
2.444033e-02	1.915996e-05	
2.065879e-02	6.727757e-05	
1.759397e-02	4.072615e-05	
1.501864e-02	6.000096e-05	
1.738795e-02	8.853431e-05	
1.803306e-02	9.619691e-05	
1.397995e-02	1.164649e-05	
1.462391e-02	2.508478e-05	
1.904794e-02	8.517863e-05	
2.627153e-02	4.020115e-05	
2.025642e-02	1.063307e-04	
1.900638e-02	1.605252e-04	
2.039164e-02	1.791919e-04	
2.087671e-02	7.965593e-05	
1.947882e-02	1.744370e-05	
2.165256e-02	3.560462e-05	
1.579956e-02	5.414161e-05	
2.502303e-02	3.619705e-05	
1.361096e-02	4.866620e-05	
1.588369e-02	2.391886e-04	
1.918302e-02	2.020281e-04	
1.900518e-02	1.279713e-04	
2.284052e-02	8.946286e-05	
2.399929e-02	1.119790e-04	
2.346619e-02	1.544870e-05	
1.902005e-02	4.525882e-05	
1.309138e-02	5.587117e-05	
1.831426e-02	7.014546e-05	
1.376321e-02	5.971915e-05	
2.445168e-02	1.647228e-05	
1.795678e-02	6.241169e-05	
1.602471e-02	1.466031e-04	
1.641269e-02	8.748149e-05	
1.800504e-02	6.115343e-05	
1.638224e-02	1.030180e-04	
2.298767e-02	1.103781e-05	
1.506523e-02	1.224882e-05	
2.860453e-02	6.830460e-06	
2.313615e-02	6.083214e-05	
1.795003e-02	2.822511e-05	
1.487696e-02	2.414341e-05	
2.232612e-02	3.916415e-05	
1.569701e-02	2.881090e-05	
1.671825e-02	7.193235e-05	
1.816961e-02	5.071587e-05	
2.014394e-02	3.228256e-05	
1.268228e-02	6.381048e-05	
2.047624e-02	7.179393e-05	
1.604737e-02	3.854982e-05	
1.894752e-02	6.168537e-05	
2.083597e-02	6.628699e-05	
2.491391e-02	1.021431e-04	
2.413649e-02	1.828536e-04	
1.853962e-02	2.443697e-04	
1.992717e-02	2.293379e-04	
1.493532e-02	2.256010e-05	
1.556682e-02	3.279183e-06	
1.440638e-02	2.438162e-04	
1.794683e-02	1.139214e-04	
1.719062e-02	1.488054e-05	
1.478353e-02	1.560311e-04	
2.472333e-02	1.637202e-04	
1.443743e-02	1.151956e-04	
2.183748e-02	4.775809e-05	
1.152228e-02	7.506869e-05	
1.714125e-02	2.604414e-05	
1.511779e-02	6.017112e-05	
2.159476e-02	2.499971e-05	
1.920382e-02	4.553382e-05	
1.733743e-02	8.606031e-05	
1.990094e-02	5.940233e-05	
1.470619e-02	2.272826e-05	
2.053941e-02	3.742231e-06	
2.698770e-02	6.769800e-05	
1.791214e-02	5.131615e-05	
2.141880e-02	1.726909e-06	
2.437596e-02	5.303714e-06	
1.803205e-02	1.325433e-05	
1.845953e-02	2.386267e-06	
1.482724e-02	2.702004e-05	
2.072572e-02	9.797034e-05	
1.904369e-02	1.059046e-04	
1.769782e-02	1.969822e-04	
1.328743e-02	1.699714e-04	
1.858237e-02	1.837647e-04	
2.271926e-02	1.648013e-04	
1.430794e-02	1.678246e-04	
2.360435e-02	9.479013e-05	
2.115137e-02	1.250085e-04	
2.368566e-02	8.840845e-05	
1.905277e-02	1.845350e-04	
1.836796e-02	1.225662e-04	
1.077548e-02	2.263903e-04	
2.016720e-02	2.598038e-04	
2.377041e-02	1.893522e-04	
1.791523e-02	1.828359e-04	
2.286624e-02	1.503898e-04	
1.326417e-02	1.754381e-04	
2.326562e-02	1.709677e-04	
1.847837e-02	5.089317e-05	
2.124933e-02	1.079628e-04	
1.405102e-02	1.077241e-05	
1.496977e-02	2.260756e-05	
2.063664e-02	2.403686e-05	
1.418951e-02	7.365053e-05	
2.629879e-02	4.743547e-05	
1.961474e-02	2.388366e-05	
1.628058e-02	3.435805e-05	
2.460919e-02	2.855002e-05	
1.316177e-02	1.839614e-05	
2.622294e-02	1.480968e-04	
1.186223e-02	1.293301e-04	
1.866678e-02	5.276862e-05	
2.023392e-02	3.334996e-05	
1.839584e-02	3.762989e-05	
2.063516e-02	1.769649e-05	
1.649499e-02	3.469760e-05	
2.017669e-02	7.758744e-05	
2.453142e-02	8.239745e-05	
1.970601e-02	1.233970e-04	
2.230049e-02	3.613904e-06	
1.637902e-02	1.603159e-04	
7.805884e-03	1.103787e-04	
2.237988e-02	1.697215e-04	
2.211617e-02	1.595407e-04	
8.042483e-03	1.287375e-04	
1.807748e-02	7.920337e-05	
1.679089e-02	1.854306e-04	
1.763827e-02	2.490372e-04	
1.762211e-02	2.141341e-04	
1.819106e-02	1.923714e-04	
1.745616e-02	2.427580e-04	
2.145395e-02	1.023647e-04	
2.139649e-02	1.341432e-04	
2.148475e-02	1.741650e-04	
2.164467e-02	1.285420e-04	
1.891538e-02	1.112515e-04	
1.911356e-02	5.779385e-05	
2.512847e-02	4.030831e-05	
1.773524e-02	1.803563e-05	
2.028286e-02	2.968257e-05	
1.749090e-02	5.436443e-05	
2.309264e-02	4.747750e-05	
1.568609e-02	2.163660e-05	
1.346196e-02	1.278465e-05	
2.052379e-02	9.645767e-05	
2.099375e-02	8.246550e-06	
1.471879e-02	1.834588e-05	
2.402200e-02	1.389118e-04	
2.186639e-02	1.244002e-04	
1.925959e-02	3.107871e-05	
1.504443e-02	9.599078e-06	
2.015039e-02	1.131457e-06	
1.543162e-02	5.221748e-05	
1.805187e-02	2.854258e-05	
1.934369e-02	7.858912e-05	
2.221412e-02	7.320877e-05	
1.753518e-02	2.704334e-05	
2.534653e-02	1.423793e-05	
1.547591e-02	1.056953e-04	
1.408972e-02	7.092560e-05	
1.365658e-02	1.379790e-04	
1.588235e-02	4.665201e-05	
1.991747e-02	8.804779e-05	
2.128813e-02	6.035689e-05	
1.220116e-02	6.997347e-05	
1.817559e-02	2.369219e-04	
1.626359e-02	2.020018e-04	
2.396723e-02	2.225376e-04	
1.694948e-02	1.739440e-04	
1.050914e-02	1.515098e-04	
1.470451e-02	1.821325e-04	
2.008355e-02	2.883180e-04	
1.887851e-02	2.579244e-04	
2.043743e-02	1.224906e-04	
1.808202e-02	1.262233e-04	
2.665251e-02	5.235328e-05	
1.642579e-02	3.257197e-05	
2.690583e-02	4.419532e-05	
2.787394e-02	2.457617e-05	
2.248802e-02	3.590085e-06	
1.879159e-02	1.063678e-05	
1.739976e-02	1.134503e-07	
2.195659e-02	1.772938e-05	
2.011446e-02	9.651804e-05	
1.635679e-02	1.060210e-04	
2.351274e-02	6.672380e-05	
1.661487e-02	3.548524e-05	
2.240247e-02	7.873234e-06	
2.468819e-02	1.551047e-06	
2.051632e-02	5.202386e-05	
1.433878e-02	1.221628e-05	
1.652645e-02	4.031069e-05	
1.931730e-02	6.734194e-05	
2.426115e-02	8.854106e-05	
2.150702e-02	6.883480e-05	
2.023665e-02	4.228582e-05	
1.784665e-02	4.909461e-05	
1.449742e-02	6.899446e-05	
1.793795e-02	6.657419e-05	
1.684656e-02	4.905700e-05	
1.692960e-02	2.272234e-05	
1.920013e-02	3.594631e-05	
2.279875e-02	1.636824e-05	
2.060202e-02	2.163301e-04	
1.487883e-02	1.878036e-04	
1.764687e-02	2.227366e-04	
1.967898e-02	7.569110e-05	
1.298915e-02	1.534407e-04	
2.388856e-02	1.720140e-04	
1.604148e-02	2.511509e-04	
2.346476e-02	2.206228e-04	
1.710407e-02	3.166132e-04	
1.638778e-02	9.761649e-06	
2.205767e-02	1.851251e-05	
1.090945e-02	4.618301e-06	
2.393294e-02	1.114730e-05	
2.146525e-02	9.408593e-05	
2.088945e-02	7.796087e-06	
1.952646e-02	3.115233e-05	
1.859138e-02	7.576422e-05	
2.544279e-02	8.516064e-05	
1.570108e-02	7.331725e-05	
1.541369e-02	8.051521e-05	
2.149373e-02	7.410785e-05	
2.023679e-02	4.878700e-05	
2.210233e-02	4.137879e-05	
1.843739e-02	1.056612e-05	
1.886449e-02	2.124423e-05	
2.347654e-02	1.835782e-05	
2.125553e-02	5.601981e-05	
1.484211e-02	2.543042e-05	
2.202688e-02	5.545718e-05	
2.078733e-02	6.305532e-05	
1.804431e-02	7.446229e-05	
1.433140e-02	3.486348e-05	
1.608991e-02	9.220367e-05	
2.142862e-02	1.142420e-04	
2.206929e-02	5.035559e-05	
1.784205e-02	3.070556e-05	
2.594596e-02	5.590404e-05	
1.409485e-02	7.534059e-05	
2.365530e-02	1.736783e-04	
1.931587e-02	4.067957e-05	
1.157953e-02	7.153352e-05	
2.344888e-02	9.065871e-05	
2.452802e-02	1.149767e-04	
1.711366e-02	1.109933e-04	
2.254444e-02	1.952662e-04	
1.412947e-02	1.396626e-04	
2.127276e-02	5.692878e-04	
1.834728e-02	2.749536e-05	
1.806023e-02	8.568000e-06	
1.651311e-02	8.724991e-05	
2.090306e-02	1.157870e-05	
1.740672e-02	4.468687e-06	
1.842009e-02	2.789377e-05	
2.655226e-02	1.825566e-06	
2.271049e-02	6.936764e-06	
1.987950e-02	5.135957e-05	
1.833751e-02	1.479461e-04	
2.102545e-02	4.999004e-05	
2.724018e-02	7.028278e-05	
1.571006e-02	5.383724e-05	
1.502095e-02	7.911932e-05	
1.434571e-02	7.913290e-05	
1.336937e-02	4.579086e-05	
1.194420e-02	1.132269e-06	
1.748971e-02	7.253467e-06	
1.585723e-02	1.844584e-05	
1.425690e-02	6.991702e-05	
1.594074e-02	6.398282e-05	
1.374452e-02	6.595862e-05	
1.690836e-02	4.693679e-05	
1.527628e-02	6.250737e-05	
2.054329e-02	2.277817e-05	
1.510659e-02	2.307899e-06	
1.635878e-02	2.732923e-05	
1.830768e-02	5.100257e-05	
1.574574e-02	5.882930e-05	
2.609940e-02	1.171272e-04	
1.936977e-02	1.014789e-04	
6.962495e-03	6.360720e-05	
1.827127e-02	1.849305e-04	
2.159580e-02	1.634620e-04	
2.441758e-02	6.556843e-05	
2.235002e-02	1.331229e-04	
1.398381e-02	1.483804e-05	
1.895052e-02	5.551689e-04	
1.939593e-02	3.356950e-06	
1.417947e-02	4.896661e-05	
2.314880e-02	1.006051e-05	
2.160119e-02	1.108100e-04	
1.479009e-02	1.537287e-04	
2.067982e-02	1.175460e-05	
1.935402e-02	4.977713e-05	
1.493087e-02	5.301761e-05	
1.777623e-02	3.419852e-05	
1.708288e-02	1.047259e-04	
2.057971e-02	5.917462e-05	
2.173204e-02	2.680739e-05	
2.327831e-02	4.115738e-06	
1.974855e-02	8.105405e-05	
2.225677e-02	7.424005e-05	
2.202698e-02	5.185973e-05	
1.333408e-02	1.451989e-05	
1.823393e-02	1.745482e-05	
2.377842e-02	1.634545e-05	
1.116520e-02	2.722433e-05	
1.813848e-02	7.617624e-06	
2.063632e-02	3.921743e-05	
1.658993e-02	7.561558e-05	
2.069159e-02	8.782860e-05	
2.402625e-02	3.558651e-05	
1.948987e-02	2.094628e-06	
7.125054e-03	4.383308e-05	
2.416307e-02	4.565566e-05	
1.126611e-02	4.869474e-05	
2.371569e-02	2.397745e-05	
2.386175e-02	7.395537e-05	
1.957147e-02	7.664938e-05	
1.659181e-02	1.824753e-04	
1.341524e-02	1.655117e-04	
2.021571e-02	1.576241e-05	
1.635405e-02	1.777142e-04	
1.482573e-02	2.360762e-04	
2.389074e-02	5.632883e-04	
2.013317e-02	2.121072e-04	
2.260834e-02	1.292348e-04	
2.052217e-02	1.388733e-04	
1.994757e-02	7.070100e-05	
1.993813e-02	5.466585e-05	
2.271833e-02	3.074232e-05	
2.000836e-02	2.592627e-05	
1.703151e-02	5.094076e-05	
1.641066e-02	1.035076e-05	
2.559834e-02	4.342549e-05	
2.411417e-02	4.703707e-05	
1.418171e-02	5.674043e-05	
9.077671e-03	3.239841e-05	
1.339721e-02	7.687788e-05	
1.707883e-02	5.642546e-05	
1.781211e-02	2.709235e-05	
2.036918e-02	5.241935e-05	
2.019943e-02	1.238348e-05	
1.784962e-02	1.750541e-06	
2.520335e-02	3.703399e-05	
1.775543e-02	3.271641e-05	
2.199843e-02	2.515194e-05	
2.566864e-02	6.936340e-05	
1.661654e-02	5.858480e-05	
1.654938e-02	1.503350e-05	
1.192280e-02	8.309165e-05	
1.989819e-02	6.506563e-05	
1.709645e-02	9.619529e-05	
2.208439e-02	7.369036e-05	
1.314179e-02	1.601797e-04	
1.910369e-02	1.427358e-04	
1.394149e-02	9.654603e-05	
1.729591e-02	1.657347e-04	
1.967983e-02	9.823048e-05	
1.847330e-02	3.619878e-05	
1.593475e-02	1.196556e-04	
1.976515e-02	2.610054e-04	
1.975148e-02	4.025159e-04	
1.393490e-02	4.249234e-04	
2.318244e-02	8.972393e-05	
1.947172e-02	1.538422e-04	
1.935827e-02	5.679502e-05	
2.555073e-02	6.179987e-05	
1.654473e-02	4.728525e-05	
2.269614e-02	1.311801e-05	
2.403357e-02	2.688287e-05	
1.640723e-02	2.613568e-05	
1.929395e-02	5.423226e-05	
1.628916e-02	3.430455e-05	
1.709701e-02	1.797775e-05	
1.948782e-02	2.711048e-05	
1.417040e-02	3.551379e-05	
2.023284e-02	4.599164e-05	
1.628793e-02	8.585806e-05	
2.388494e-02	6.765828e-05	
1.344902e-02	1.121965e-05	
2.423183e-02	4.763828e-05	
2.065715e-02	2.995191e-05	
2.220026e-02	6.460024e-05	
2.023371e-02	9.184526e-05	
2.222550e-02	6.190201e-07	
1.049858e-02	3.519480e-06	
2.139796e-02	2.450629e-05	
2.068098e-02	2.361152e-05	
1.617589e-02	6.993355e-05	
1.585964e-02	9.048208e-05	
2.326397e-02	1.665116e-05	
1.035204e-02	4.512305e-05	
2.068852e-02	1.191845e-04	
1.523305e-02	1.367120e-04	
1.893412e-02	1.733465e-04	
1.891152e-02	2.096151e-05	
1.750535e-02	1.490988e-05	
1.714057e-02	1.442036e-04	
1.468693e-02	1.244542e-04	
1.981144e-02	1.532415e-04	
2.453107e-02	3.192117e-04	
2.011316e-02	2.485328e-04	
1.755702e-02	1.630615e-04	
2.563107e-02	2.326369e-04	
2.291667e-02	1.377133e-04	
1.849035e-02	8.069290e-05	
2.603274e-02	4.285803e-05	
2.400372e-02	3.789752e-05	
1.861106e-02	3.411084e-05	
1.490112e-02	8.019867e-05	
2.428331e-02	5.559122e-05	
1.192120e-02	7.298028e-05	
1.662912e-02	9.526485e-05	
1.162952e-02	2.398364e-05	
1.731202e-02	3.744307e-05	
1.847069e-02	2.773093e-05	
2.022834e-02	3.346683e-05	
1.738973e-02	9.823754e-06	
2.175282e-02	6.213364e-05	
2.051988e-02	6.525409e-05	
2.020075e-02	4.976031e-05	
1.917221e-02	1.242257e-06	
1.820792e-02	6.190378e-06	
2.173735e-02	2.672755e-05	
2.117334e-02	3.137546e-05	
1.928547e-02	6.708591e-05	
2.369403e-02	3.255863e-06	
1.850968e-02	9.460226e-06	
2.289858e-02	5.401497e-05	
1.764827e-02	7.370752e-05	
1.296237e-02	4.563396e-05	
1.703683e-02	7.406634e-05	
2.057514e-02	9.122192e-05	
2.211626e-02	2.734767e-05	
1.812373e-02	9.440942e-05	
2.032801e-02	3.467748e-05	
1.846151e-02	2.093170e-04	
1.655065e-02	5.964231e-04	
1.402130e-02	3.304135e-04	
2.064418e-02	5.332568e-06	
2.350146e-02	9.581163e-05	
2.161857e-02	1.977287e-04	
2.172218e-02	1.282189e-04	
1.851064e-02	1.048638e-04	
2.210990e-02	4.745389e-05	
1.959078e-02	7.288475e-05	
1.845746e-02	2.807597e-05	
2.011186e-02	1.288162e-05	
1.104618e-02	2.641493e-05	
2.102809e-02	4.850247e-05	
1.897864e-02	3.902376e-06	
1.696283e-02	1.251400e-05	
1.863375e-02	5.005732e-05	
1.999854e-02	2.920963e-05	
2.344871e-02	2.882294e-05	
2.121189e-02	1.879418e-05	
1.903725e-02	3.048424e-05	
1.317276e-02	3.532684e-05	
1.589787e-02	4.633490e-05	
1.669312e-02	7.590057e-06	
2.511374e-02	4.085327e-05	
2.512782e-02	7.480861e-05	
1.394948e-02	2.319433e-05	
2.119322e-02	1.148666e-05	
1.993393e-02	1.607896e-05	
2.161701e-02	2.231340e-05	
1.237898e-02	1.549513e-05	
1.971572e-02	7.176153e-05	
2.409046e-02	3.107130e-05	
2.533278e-02	2.593013e-05	
2.149937e-02	7.785873e-05	
1.888245e-02	7.109565e-05	
2.079534e-02	7.321864e-05	
2.302884e-02	6.882904e-05	
1.883470e-02	3.718451e-04	
1.450129e-02	3.233585e-04	
1.687864e-02	3.351565e-04	
1.851657e-02	7.385120e-05	
1.888944e-02	1.120381e-04	
1.764546e-02	1.449044e-04	
2.466021e-02	1.839055e-04	
1.623768e-02	9.565877e-05	
1.450082e-02	1.164800e-04	
1.495646e-02	1.430261e-04	
1.661284e-02	4.408883e-05	
1.651343e-02	3.073383e-05	
2.108213e-02	2.229998e-05	
1.209285e-02	2.036662e-05	
2.428186e-02	3.698394e-05	
2.126290e-02	5.552125e-05	
2.042736e-02	5.383747e-05	
1.703272e-02	3.923343e-05	
1.379561e-02	9.662151e-07	
1.564346e-02	9.500521e-06	
2.156368e-02	7.227337e-06	
1.904666e-02	2.659388e-06	
2.114406e-02	8.106600e-06	
1.482876e-02	3.362011e-06	
1.821582e-02	3.504366e-05	
2.426545e-02	5.218403e-05	
1.718256e-02	3.480097e-05	
2.069778e-02	1.930996e-05	
2.190384e-02	3.735465e-06	
2.478505e-02	1.792590e-06	
1.350448e-02	2.385684e-05	
2.035929e-02	4.325058e-05	
1.460084e-02	1.437944e-05	
2.272572e-02	4.540182e-05	
1.640598e-02	6.945996e-05	
2.196322e-02	9.150756e-05	
2.099141e-02	9.189954e-05	
1.628328e-02	1.803191e-04	
2.353492e-02	2.849263e-04	
1.256530e-02	1.482803e-04	
2.245530e-02	8.918610e-05	
1.766344e-02	2.291155e-04	
1.335251e-02	1.786518e-04	
1.298684e-02	1.368298e-04	
2.719362e-02	1.426467e-04	
1.695252e-02	9.262788e-05	
2.388152e-02	1.328460e-04	
1.711545e-02	1.071972e-04	
1.446714e-02	1.867163e-05	
1.851655e-02	3.557340e-05	
2.604263e-02	3.737410e-05	
1.143337e-02	2.001229e-05	
1.409982e-02	1.947283e-05	
1.645065e-02	1.624243e-06	
2.444960e-02	2.549909e-05	
1.775701e-02	2.997804e-05	
1.813094e-02	1.360114e-05	
1.799879e-02	3.021431e-06	
1.476898e-02	7.744881e-06	
1.447211e-02	3.208107e-05	
1.543789e-02	3.569113e-05	
1.793937e-02	1.002753e-05	
1.718501e-02	4.262453e-06	
1.472350e-02	2.979183e-05	
2.311299e-02	2.189152e-05	
2.154084e-02	2.329517e-05	
2.285275e-02	1.405301e-05	
2.348823e-02	5.367803e-05	
9.052893e-03	6.094924e-06	
1.342082e-02	5.325529e-05	
1.917610e-02	7.048579e-05	
1.458091e-02	7.965360e-05	
1.766169e-02	3.901383e-05	
1.698907e-02	1.094239e-04	
1.035775e-02	1.504400e-04	
1.772668e-02	1.713329e-04	
1.573635e-02	9.993195e-05	
1.515739e-02	1.736638e-04	
1.783362e-02	2.278148e-04	
1.873159e-02	1.310332e-04	
1.723086e-02	1.255573e-04	
2.511086e-02	9.246282e-05	
2.304265e-02	4.318330e-05	
1.502138e-02	1.064393e-04	
2.142386e-02	5.240113e-05	
1.882809e-02	1.143858e-04	
1.925922e-02	5.119586e-06	
2.249561e-02	1.282495e-05	
1.944497e-02	6.685516e-06	
2.524658e-02	2.024133e-05	
1.631259e-02	1.834023e-05	
1.926470e-02	5.111361e-05	
1.420200e-02	2.071617e-05	
1.831584e-02	2.639866e-05	
1.283635e-02	2.227506e-06	
1.929517e-02	6.158645e-05	
1.348218e-02	6.363240e-05	
1.622597e-02	2.378833e-05	
2.243470e-02	5.721921e-05	
1.191641e-02	6.319709e-05	
2.197457e-02	6.013474e-05	
2.352418e-02	3.766755e-05	
2.193019e-02	9.657224e-05	
1.658634e-02	4.919989e-05	
1.835463e-02	1.078718e-05	
2.518143e-02	6.171348e-05	
1.304790e-02	3.883087e-05	
1.788776e-02	6.000948e-05	
1.263390e-02	9.427248e-05	
1.957679e-02	1.148927e-04	
2.264386e-02	6.523808e-05	
2.264253e-02	1.023439e-04	
1.586899e-02	6.800704e-05	
1.919235e-02	2.000160e-04	
2.509398e-02	2.275203e-04	
1.649854e-02	1.617422e-04	
2.525186e-02	1.544994e-04	
1.762685e-02	2.275150e-04	
1.077882e-02	1.885221e-04	
2.066712e-02	8.158821e-05	
1.570661e-02	1.874144e-05	
2.141671e-02	1.702328e-05	
2.165933e-02	9.225338e-05	
2.099006e-02	1.225837e-04	
1.664790e-02	5.030050e-05	
1.917413e-02	6.113126e-05	
2.063395e-02	6.619090e-05	
2.147616e-02	4.605155e-05	
1.955146e-02	1.445421e-05	
2.396138e-02	2.698868e-05	
1.553897e-02	2.538763e-05	
1.768861e-02	2.022167e-05	
1.988123e-02	3.458501e-05	
1.509593e-02	4.557598e-05	
2.386248e-02	8.586595e-05	
2.325067e-02	2.341190e-05	
1.486418e-02	4.642404e-05	
1.366406e-02	5.031570e-05	
1.743598e-02	4.200796e-05	
1.071265e-02	5.659754e-05	
2.022386e-02	1.222433e-04	
2.378888e-02	3.792505e-05	
1.691980e-02	1.770506e-05	
1.061342e-02	9.672951e-05	
1.983067e-02	4.604076e-05	
1.651980e-02	1.448680e-04	
1.362248e-02	6.132787e-05	
1.337069e-02	1.019857e-04	
1.922722e-02	1.518624e-04	
1.923694e-02	1.086386e-04	
1.635431e-02	3.827526e-04	
1.279396e-02	1.806547e-04	
1.704054e-02	1.992674e-04	
1.979552e-02	6.636064e-05	
1.700059e-02	3.004295e-04	
1.563224e-02	4.024750e-04	
1.723017e-02	9.663590e-05	
2.063381e-02	1.972027e-04	
1.846668e-02	5.820485e-05	
1.523594e-02	2.239175e-05	
8.265318e-03	3.479054e-05	
1.828866e-02	3.225717e-05	
1.549177e-02	1.261025e-06	
2.070224e-02	1.730223e-05	
1.277686e-02	3.135889e-05	
2.265226e-02	6.870660e-05	
1.427172e-02	3.569549e-05	
1.960269e-02	4.389160e-05	
2.290395e-02	7.399539e-06	
1.883126e-02	1.517200e-05	
2.191276e-02	1.431165e-05	
2.522981e-02	4.164111e-05	
1.509475e-02	4.724024e-05	
2.094191e-02	1.229925e-04	
1.665970e-02	5.571576e-05	
1.439041e-02	3.386455e-05	
2.022764e-02	2.714060e-05	
1.863875e-02	2.990784e-05	
1.750484e-02	8.525231e-05	
2.152029e-02	4.264813e-05	
2.152076e-02	2.105872e-07	
1.641400e-02	8.075809e-05	
2.022716e-02	4.303728e-05	
1.908299e-02	8.029329e-05	
1.967766e-02	3.404201e-05	
1.860533e-02	4.377235e-05	
1.928317e-02	9.008045e-05	
9.015108e-03	8.277874e-05	
1.880206e-02	3.338256e-04	
2.276305e-02	4.309035e-04	
2.041460e-02	3.661784e-04	
2.364702e-02	4.603525e-04	
1.739003e-02	1.477889e-04	
2.423666e-02	1.323065e-04	
2.225077e-02	7.428488e-05	
1.547027e-02	1.549101e-04	
1.661907e-02	6.227431e-05	
1.916266e-02	3.610238e-05	
1.844560e-02	3.165397e-05	
2.023920e-02	1.183384e-06	
2.257601e-02	4.583109e-05	
1.754709e-02	7.858185e-07	
1.438380e-02	9.809676e-06	
1.686695e-02	1.021810e-04	
1.462415e-02	9.889778e-07	
2.220247e-02	3.419044e-05	
1.436119e-02	2.276978e-05	
1.590818e-02	3.020326e-05	
2.147755e-02	4.040828e-05	
2.035755e-02	4.861776e-05	
2.310591e-02	7.598748e-05	
1.553050e-02	1.055173e-04	
1.412639e-02	4.246342e-05	
1.908605e-02	3.247133e-05	
1.428875e-02	3.024707e-05	
1.870222e-02	6.973394e-06	
1.559674e-02	3.051007e-05	
2.251014e-02	3.324258e-05	
1.822333e-02	1.710810e-05	
1.858829e-02	1.272327e-05	
1.606260e-02	3.337913e-05	
1.785068e-02	1.688759e-05	
1.036789e-02	1.953661e-05	
2.044962e-02	9.635627e-05	
1.799490e-02	1.530774e-04	
1.283598e-02	1.239142e-04	
1.534960e-02	3.465919e-04	
1.423724e-02	2.156815e-04	
2.102688e-02	1.789893e-04	
1.695106e-02	2.325603e-04	
1.946492e-02	2.422241e-04	
1.376302e-02	1.313798e-04	
1.686788e-02	7.411204e-05	
1.956273e-02	4.406812e-05	
2.437644e-02	4.812929e-05	
2.303392e-02	5.867974e-05	
2.215052e-02	5.135152e-07	
2.017105e-02	5.686239e-06	
1.090131e-02	1.537194e-05	
1.996626e-02	2.975369e-05	
1.140070e-02	6.827884e-05	
2.277946e-02	5.228007e-05	
1.936535e-02	1.209058e-05	
1.320564e-02	1.466743e-05	
2.210370e-02	1.335685e-05	
1.804907e-02	3.840241e-05	
2.055674e-02	3.964321e-05	
9.009003e-03	2.035999e-05	
1.985261e-02	4.139252e-05	
2.071673e-02	5.978126e-05	
1.477077e-02	9.945191e-05	
1.537814e-02	8.378905e-05	
2.260659e-02	6.431510e-05	
1.654485e-02	5.606680e-05	
1.488275e-02	6.197823e-05	
1.645392e-02	2.977093e-05	
1.462274e-02	5.289302e-05	
2.228439e-02	5.963228e-05	
2.379468e-02	2.669500e-05	
1.468830e-02	1.861485e-05	
2.063079e-02	1.576793e-05	
2.012280e-02	4.751094e-05	
1.737188e-02	5.739086e-05	
2.293185e-02	4.034100e-05	
1.422548e-02	3.223315e-04	
1.456838e-02	9.630463e-05	
1.335656e-02	1.692900e-04	
2.290026e-02	1.876620e-04	
1.928859e-02	3.474041e-04	
1.972617e-02	2.334346e-04	
1.657224e-02	3.589222e-06	
1.606858e-02	6.015146e-06	
2.134636e-02	8.465434e-05	
1.894235e-02	5.649693e-06	
1.298930e-02	4.351577e-06	
1.824956e-02	5.548778e-06	
1.566127e-02	2.818833e-05	
1.477163e-02	3.137711e-05	
2.167971e-02	4.269820e-05	
1.698992e-02	1.664919e-05	
1.679695e-02	3.588168e-05	
1.492817e-02	2.829480e-05	
1.614448e-02	7.982573e-05	
1.789246e-02	2.882891e-05	
2.546836e-02	7.620359e-06	
1.609518e-02	4.928425e-06	
2.517230e-02	1.010382e-05	
1.951233e-02	9.600192e-06	
1.731873e-02	3.741226e-05	
2.018495e-02	6.790667e-05	
1.605953e-02	1.473970e-05	
1.591182e-02	3.377173e-05	
1.590106e-02	4.271472e-05	
1.948511e-02	4.045304e-05	
2.289433e-02	4.071863e-05	
1.838276e-02	2.893948e-05	
1.457775e-02	3.093013e-05	
2.100049e-02	9.311734e-05	
1.947558e-02	7.939760e-05	
1.760056e-02	3.330520e-05	
2.045269e-02	1.148083e-04	
1.694411e-02	5.809633e-05	
1.379318e-02	1.338580e-04	
1.468276e-02	7.524078e-05	
1.115235e-02	1.362739e-04	
1.605868e-02	2.254767e-04	
2.859492e-02	2.793874e-04	
1.381853e-02	2.297551e-04	
2.031473e-02	4.555457e-05	
1.903871e-02	1.055212e-04	
1.668935e-02	2.593989e-05	
1.995648e-02	1.433475e-06	
1.943151e-02	5.205138e-06	
1.583048e-02	3.186455e-05	
1.788452e-02	4.672437e-05	
1.979162e-02	3.036956e-05	
1.735080e-02	1.971963e-06	
1.912568e-02	1.128752e-05	
1.309876e-02	7.679834e-06	
1.597101e-02	4.564283e-06	
1.040643e-02	5.403759e-05	
2.470630e-02	1.564038e-06	
2.049306e-02	2.027050e-05	
1.923964e-02	1.439866e-05	
2.316073e-02	2.844280e-05	
1.664285e-02	1.808383e-05	
1.464595e-02	1.192699e-05	
1.487093e-02	4.853051e-05	
1.823587e-02	2.344404e-05	
1.958357e-02	1.809728e-05	
1.463589e-02	3.764778e-05	
1.764875e-02	2.240312e-05	
1.885248e-02	6.124119e-06	
8.723226e-03	4.412773e-05	
1.033519e-02	6.587302e-05	
2.187678e-02	1.299121e-05	
2.274545e-02	1.582108e-05	
1.793772e-02	6.505573e-05	
2.095081e-02	1.006177e-04	
2.267604e-02	1.081730e-04	
1.155708e-02	5.709381e-05	
8.202692e-03	2.917182e-04	
1.986066e-02	3.736296e-04	
2.284226e-02	3.218834e-04	
2.289927e-02	2.079473e-04	
2.178551e-02	1.563622e-04	
1.605898e-02	1.261414e-04	
2.148965e-02	1.116659e-04	
2.286338e-02	5.534414e-06	
1.811800e-02	1.007106e-04	
2.425813e-02	3.303392e-05	
1.391831e-02	6.139737e-05	
2.021570e-02	6.410797e-05	
2.204882e-02	3.919599e-06	
1.529463e-02	4.836376e-06	
1.646386e-02	5.331970e-05	
1.765834e-02	4.590186e-05	
2.721872e-02	3.291566e-05	
2.582436e-02	3.102558e-05	
2.659806e-02	2.619373e-05	
2.013655e-02	2.197962e-05	
1.911746e-02	3.218916e-05	
2.460377e-02	4.254342e-05	
1.985875e-02	1.365714e-05	
2.425889e-02	5.080294e-05	
1.029849e-02	2.494492e-05	
1.690095e-02	1.157484e-05	
2.194518e-02	1.619250e-06	
1.725207e-02	9.081851e-06	
1.859732e-02	1.967794e-05	
1.723705e-02	3.201441e-06	
2.304017e-02	9.138235e-06	
1.818704e-02	4.386116e-05	
1.881933e-02	1.058950e-05	
2.291311e-02	1.752064e-05	
1.023361e-02	4.480488e-05	
2.265483e-02	2.070155e-05	
1.841825e-02	6.655520e-05	
2.266735e-02	1.048191e-04	
1.431246e-02	4.797816e-04	
1.847411e-02	3.300848e-04	
1.718571e-02	2.849651e-04	
1.922256e-02	4.953768e-04	
1.432301e-02	1.082259e-04	
2.132563e-02	2.142903e-04	
1.576140e-02	1.253991e-04	
2.205055e-02	1.106888e-04	
9.888853e-03	5.672607e-05	
1.146940e-02	1.190069e-04	
1.642787e-02	6.218031e-05	
1.394511e-02	6.615058e-05	
2.425954e-02	3.747202e-05	
1.788691e-02	9.858858e-06	
1.226621e-02	1.717026e-05	
1.964428e-02	1.714900e-05	
1.572037e-02	3.016229e-05	
1.289584e-02	4.505277e-05	
2.356808e-02	1.139499e-05	
1.607754e-02	1.028154e-06	
2.156731e-02	5.605233e-05	
2.136158e-02	9.170998e-05	
1.128301e-02	1.183818e-06	
1.793019e-02	2.053592e-06	
1.438992e-02	7.991951e-06	
2.284248e-02	1.361374e-05	
1.350205e-02	1.606677e-05	
2.590238e-02	6.558728e-06	
2.070406e-02	2.881584e-05	
1.096821e-02	1.215225e-05	
2.032268e-02	5.286292e-05	
1.881326e-02	2.056049e-05	
2.136841e-02	1.313353e-04	
2.000922e-02	1.085775e-05	
1.716309e-02	8.787155e-05	
1.965514e-02	1.301591e-05	
2.099933e-02	1.408152e-04	
1.612207e-02	1.608824e-04	
1.582903e-02	7.459320e-05	
1.800903e-02	4.014355e-04	
2.332912e-02	6.389739e-04	
2.040424e-02	2.548813e-04	
1.335990e-02	1.467722e-04	
1.165619e-02	1.948295e-04	
1.847613e-02	2.811380e-04	
1.607732e-02	1.208654e-04	
1.899775e-02	1.434555e-04	
1.980747e-02	7.787364e-05	
2.070853e-02	6.443699e-05	
2.120210e-02	4.863664e-05	
2.226050e-02	1.798669e-05	
1.555015e-02	4.788669e-05	
1.073388e-02	1.455253e-05	
1.534998e-02	4.689011e-05	
2.314342e-02	5.297576e-05	
2.123770e-02	3.880763e-05	
2.002861e-02	1.574332e-05	
1.639530e-02	2.509315e-05	
2.453147e-02	3.192476e-05	
1.646261e-02	6.669738e-05	
1.458582e-02	4.391662e-05	
1.855123e-02	3.899347e-05	
2.598649e-02	5.179106e-05	
2.245872e-02	1.605709e-05	
2.423281e-02	2.576912e-05	
1.882760e-02	2.199995e-05	
2.103574e-02	2.606663e-05	
2.630454e-02	2.642447e-05	
1.363782e-02	2.564705e-05	
1.614943e-02	2.185727e-05	
2.074576e-02	4.611667e-05	
2.038270e-02	2.038178e-05	
1.662871e-02	1.199416e-05	
2.486338e-02	8.437166e-05	
1.683775e-02	1.299202e-04	
1.548009e-02	1.746569e-05	
2.087386e-02	2.459427e-04	
1.305728e-02	4.290680e-04	
1.545690e-02	6.704947e-04	
1.783658e-02	5.732155e-04	
1.847907e-02	2.813340e-04	
1.989329e-02	2.782230e-04	
1.693230e-02	2.925580e-04	
1.841075e-02	5.329350e-05	
2.330839e-02	1.209777e-04	
1.874828e-02	6.576569e-05	
2.365852e-02	8.170474e-05	
1.719734e-02	8.442113e-06	
1.134296e-02	8.448626e-06	
1.807238e-02	5.085881e-05	
2.141419e-02	2.703634e-05	
1.641989e-02	3.236170e-05	
2.346768e-02	6.643497e-05	
1.560341e-02	1.794255e-05	
2.031682e-02	3.943010e-05	
1.736130e-02	5.666093e-05	
2.137167e-02	5.796558e-06	
1.614092e-02	5.549154e-05	
1.974266e-02	4.546657e-05	
2.075272e-02	4.060756e-05	
1.569608e-02	6.121601e-05	
2.045445e-02	1.234702e-05	
1.446388e-02	3.116045e-05	
1.674685e-02	3.149755e-05	
1.526070e-02	3.063287e-05	
1.923188e-02	2.098680e-05	
2.039310e-02	4.459613e-05	
2.043704e-02	8.171489e-05	
1.335735e-02	3.401971e-05	
2.336318e-02	6.131336e-05	
1.475006e-02	2.802333e-05	
2.510867e-02	9.841590e-05	
2.348039e-02	1.645238e-04	
1.553390e-02	1.649296e-04	
1.784053e-02	8.049580e-05	
1.317323e-02	6.371733e-04	
1.848596e-02	3.772553e-04	
1.256235e-02	6.308764e-04	
1.925323e-02	4.043946e-04	
1.931506e-02	3.579961e-04	
1.892178e-02	1.966640e-04	
2.118506e-02	1.601334e-04	
1.868630e-02	1.252542e-04	
1.900765e-02	8.538758e-05	
1.750419e-02	3.037902e-05	
1.449881e-02	1.450284e-05	
1.745599e-02	1.061286e-05	
1.805106e-02	1.189769e-05	
1.772937e-02	2.761953e-05	
1.311632e-02	1.509587e-05	
1.727884e-02	4.749069e-05	
1.558236e-02	2.434896e-05	
2.114351e-02	1.953121e-05	
2.001731e-02	1.160490e-05	
1.824253e-02	8.508594e-06	
1.542323e-02	7.456532e-05	
1.915942e-02	7.445941e-05	
8.660867e-03	2.646496e-05	
1.908914e-02	7.070019e-06	
2.207900e-02	2.932983e-06	
1.677386e-02	4.534626e-06	
1.470431e-02	5.441765e-05	
2.213177e-02	4.178898e-05	
1.847957e-02	1.409642e-05	
2.089861e-02	4.555889e-05	
1.924924e-02	4.961321e-05	
1.603380e-02	3.823009e-05	
1.831915e-02	1.014227e-05	
1.486218e-02	8.356983e-06	
1.426688e-02	2.031728e-05	
2.003222e-02	1.617773e-04	
1.861367e-02	1.645660e-04	
2.355953e-02	1.293474e-04	
1.937867e-02	3.509354e-04	
2.052601e-02	5.905426e-04	
1.558166e-02	4.635798e-04	
2.141676e-02	2.626512e-04	
1.543001e-02	2.958746e-04	
2.061827e-02	1.655839e-04	
1.681014e-02	1.032009e-04	
1.225382e-02	1.557703e-04	
2.558969e-02	8.697769e-05	
1.559298e-02	5.613243e-05	
1.765870e-02	3.163613e-05	
2.326291e-02	2.200657e-05	
1.301953e-02	7.294970e-05	
2.077563e-02	5.614361e-05	
2.496665e-02	3.667367e-05	
1.303142e-02	4.765179e-05	
1.943678e-02	3.781444e-05	
2.065263e-02	4.230299e-05	
2.629201e-02	3.443881e-05	
2.129096e-02	2.875291e-05	
2.181064e-02	6.788989e-05	
1.658373e-02	1.952699e-05	
2.614233e-02	2.645038e-05	
1.956966e-02	1.142136e-05	
1.356337e-02	1.668854e-06	
1.488884e-02	2.128276e-05	
2.123444e-02	2.571336e-05	
2.126221e-02	1.554886e-05	
1.181141e-02	4.929165e-05	
1.844724e-02	3.174554e-05	
1.348230e-02	1.744899e-05	
2.132337e-02	7.126022e-05	
1.307744e-02	1.111178e-04	
1.133260e-02	3.897004e-05	
2.502873e-02	2.285318e-05	
2.569997e-02	1.419722e-04	
2.635646e-02	8.813896e-05	
1.415605e-02	1.091704e-04	
1.521073e-02	1.705392e-04	
2.167777e-02	5.504739e-04	
2.249067e-02	4.405717e-04	
2.260415e-02	7.822573e-05	
1.619497e-02	2.277273e-04	
1.572217e-02	1.115480e-04	
1.352033e-02	1.124047e-04	
2.269313e-02	5.159395e-05	
1.853944e-02	1.624330e-04	
1.367675e-02	5.325120e-05	
1.854820e-02	6.931751e-05	
1.856584e-02	5.134222e-05	
1.865398e-02	1.856917e-05	
1.850939e-02	5.618125e-05	
1.856042e-02	6.448818e-05	
2.016936e-02	2.279969e-05	
2.320007e-02	3.003207e-05	
1.986244e-02	5.005153e-05	
1.884532e-02	9.454858e-06	
1.544576e-02	1.268100e-05	
1.927098e-02	3.884731e-05	
1.142043e-02	5.397180e-05	
1.433951e-02	3.656295e-05	
1.845041e-02	3.337609e-05	
1.305675e-02	8.709387e-06	
2.272623e-02	2.183424e-05	
1.626047e-02	3.483674e-05	
1.094112e-02	1.971763e-05	
2.111357e-02	4.613819e-05	
2.136405e-02	6.582087e-05	
1.936508e-02	1.149035e-04	
2.133105e-02	9.885842e-05	
1.643493e-02	1.610896e-04	
1.711150e-02	9.811592e-05	
1.910108e-02	1.163635e-04	
1.805673e-02	1.523127e-04	
1.385692e-02	9.423474e-06	
1.442491e-02	5.266775e-05	
1.662780e-02	1.409103e-04	
1.564024e-02	4.418409e-04	
2.305792e-02	3.186071e-04	
1.977339e-02	2.149679e-04	
1.637499e-02	2.052231e-04	
1.236534e-02	1.797382e-04	
2.280973e-02	1.575456e-04	
1.542280e-02	4.179403e-05	
2.462438e-02	3.652320e-05	
1.954825e-02	1.111457e-04	
1.663198e-02	1.158617e-04	
2.244892e-02	3.412981e-05	
1.943383e-02	4.696799e-05	
1.407937e-02	5.217388e-05	
1.472902e-02	5.474016e-06	
1.432947e-02	4.582865e-06	
1.506736e-02	1.668808e-05	
1.526259e-02	3.101391e-05	
1.970025e-02	2.941751e-05	
1.521172e-02	2.800440e-05	
1.174795e-02	3.295163e-05	
1.560976e-02	9.244085e-06	
2.353732e-02	7.962363e-06	
2.023132e-02	3.733301e-05	
1.386064e-02	2.908965e-05	
1.867234e-02	1.690658e-05	
1.863370e-02	8.051083e-05	
1.877432e-02	9.947721e-06	
2.026206e-02	4.696847e-05	
1.158066e-02	5.279151e-05	
1.984343e-02	7.946328e-05	
2.067271e-02	9.800081e-05	
2.249561e-02	5.164882e-05	
1.404166e-02	7.092929e-05	
1.596740e-02	7.267777e-05	
2.470825e-02	2.084939e-04	
1.479519e-02	1.918752e-04	
2.122333e-02	1.570398e-04	
2.424679e-02	2.113992e-04	
2.006473e-02	4.260344e-04	
1.776126e-02	2.596938e-04	
1.571107e-02	1.606239e-04	
1.684041e-02	4.511966e-05	
1.491173e-02	1.510043e-04	
1.697987e-02	1.575738e-04	
1.618431e-02	6.305992e-05	
1.591121e-02	8.674845e-05	
2.003114e-02	2.379183e-05	
1.371010e-02	9.818864e-05	
1.979483e-02	7.604035e-05	
1.370895e-02	2.630748e-05	
2.458858e-02	4.028207e-05	
2.052195e-02	1.034769e-05	
2.157583e-02	3.725700e-06	
1.761975e-02	2.457779e-06	
2.290072e-02	5.748764e-05	
2.355398e-02	1.197667e-05	
1.402632e-02	3.630277e-05	
1.970157e-02	3.098322e-05	
1.283838e-02	1.170918e-05	
1.257599e-02	2.440336e-05	
2.024099e-02	6.823215e-05	
1.673221e-02	5.373885e-05	
2.551752e-02	5.623163e-05	
2.125324e-02	5.089882e-05	
1.061035e-02	8.461820e-06	
1.641070e-02	2.454099e-05	
2.075909e-02	6.451277e-05	
2.110084e-02	7.334025e-05	
2.454119e-02	3.804544e-05	
2.072157e-02	8.458736e-05	
1.602986e-02	5.795747e-05	
1.914967e-02	8.061546e-05	
1.907929e-02	1.343004e-04	
1.578040e-02	8.175948e-06	
2.159806e-02	1.700735e-05	
1.974437e-02	5.407942e-04	
1.777000e-02	4.457905e-04	
1.102567e-02	2.477138e-04	
1.893344e-02	2.896109e-04	
1.700730e-02	1.849532e-05	
1.492015e-02	1.548762e-04	
1.422411e-02	1.643085e-04	
1.507460e-02	7.384644e-05	
9.183970e-03	2.750591e-05	
2.480620e-02	3.839225e-05	
2.512069e-02	3.765593e-05	
2.082041e-02	4.865846e-06	
1.954976e-02	1.365458e-05	
2.120185e-02	3.689333e-05	
2.221716e-02	5.671839e-05	
1.403392e-02	6.646074e-05	
1.722283e-02	9.286085e-05	
1.439043e-02	7.402979e-05	
1.189203e-02	4.211890e-05	
1.492821e-02	3.962724e-05	
1.305473e-02	1.023044e-04	
2.400472e-02	6.612476e-05	
1.867782e-02	2.673163e-05	
1.850752e-02	8.924209e-06	
2.030914e-02	3.886169e-05	
1.573669e-02	4.520950e-05	
1.552242e-02	4.067126e-05	
1.602092e-02	4.351691e-05	
1.899506e-02	1.275185e-04	
1.819293e-02	8.727041e-05	
1.656717e-02	4.136066e-05	
1.265988e-02	3.484388e-05	
1.832833e-02	6.802826e-05	
1.492881e-02	1.627300e-04	
1.133884e-02	5.222383e-05	
6.374225e-03	1.104965e-05	
2.160509e-02	6.867989e-05	
1.936757e-02	1.403089e-04	
2.441390e-02	8.848479e-04	
2.278940e-02	3.797556e-05	
2.298423e-02	2.212406e-04	
1.991952e-02	4.144702e-05	
1.816502e-02	9.400296e-05	
2.029664e-02	1.070687e-04	
1.772337e-02	9.812586e-05	
1.589248e-02	4.390063e-05	
2.789328e-02	6.907806e-05	
2.097908e-02	2.861397e-05	
1.978271e-02	4.098104e-05	
1.997807e-02	4.762916e-05	
2.057705e-02	3.613247e-05	
1.942381e-02	4.696131e-05	
1.427075e-02	5.742374e-05	
2.213756e-02	1.953960e-05	
1.917231e-02	6.958195e-05	
1.561408e-02	4.561898e-05	
1.893220e-02	8.797840e-06	
1.570725e-02	4.062554e-05	
1.648426e-02	4.239321e-05	
1.847799e-02	4.998986e-05	
1.925255e-02	1.377446e-05	
2.147652e-02	2.212751e-05	
1.928239e-02	4.619946e-05	
1.274127e-02	3.795421e-05	
1.846367e-02	5.449696e-05	
1.197437e-02	3.056185e-05	
2.295021e-02	8.769529e-05	
1.587056e-02	5.402875e-05	
2.267826e-02	4.808338e-05	
1.578416e-02	1.674285e-05	
9.981327e-03	4.011008e-05	
2.016515e-02	1.392459e-04	
2.214758e-02	3.190287e-06	
1.622860e-02	6.529666e-06	
1.412913e-02	3.171327e-05	
1.851391e-02	1.760643e-05	
1.583494e-02	3.312791e-04	
