2.914623e-03	1.210948e-05	
3.153105e-03	7.922780e-06	
2.067016e-03	1.733956e-05	
1.899175e-03	2.786215e-05	
3.851986e-03	4.993613e-05	
3.316779e-03	1.978277e-05	
2.756414e-03	6.380259e-05	
1.406792e-03	7.082278e-05	
3.325795e-03	8.958208e-06	
2.310633e-03	1.329645e-04	
2.157704e-03	7.929277e-05	
2.810710e-03	6.430098e-05	
2.285523e-03	4.690801e-05	
5.292916e-04	1.286711e-04	
3.876488e-03	3.883991e-05	
3.858868e-03	1.114741e-04	
3.642007e-03	1.979336e-05	
8.937287e-04	8.969961e-05	
1.665048e-03	2.038946e-05	
4.798035e-03	4.735831e-05	
3.269221e-03	7.728265e-05	
1.049622e-03	2.880433e-05	
3.583069e-03	6.924698e-06	
2.108732e-03	7.220805e-06	
3.107409e-03	3.847483e-05	
2.592270e-03	6.605334e-05	
3.770147e-03	2.878302e-05	
1.353765e-03	7.684925e-05	
2.912646e-03	3.551890e-05	
3.581282e-03	4.502454e-05	
1.939788e-03	1.736206e-05	
3.800769e-03	3.402760e-05	
2.065465e-03	5.586596e-05	
1.468472e-03	5.496142e-05	
4.975973e-03	5.680937e-05	
2.618471e-03	3.395116e-05	
7.576953e-04	1.110118e-05	
3.230866e-03	3.094781e-06	
8.009738e-04	3.221830e-05	
4.230956e-03	2.397293e-05	
2.485862e-03	2.937017e-05	
2.458401e-03	7.253965e-06	
2.284066e-03	9.236381e-06	
5.056319e-03	1.619955e-05	
4.267618e-03	3.237468e-05	
3.066294e-03	6.166058e-05	
4.437865e-03	5.507351e-05	
4.398610e-03	5.952386e-05	
3.714724e-03	1.022123e-04	
3.062547e-03	8.212568e-05	
2.188542e-03	9.522655e-05	
4.463767e-03	8.696123e-05	
4.329638e-03	8.189456e-05	
4.093908e-03	6.189078e-05	
2.175146e-03	7.945003e-05	
2.107678e-03	4.909004e-05	
3.054190e-03	7.984335e-05	
1.790734e-03	4.182568e-06	
2.666380e-03	6.843895e-05	
4.444893e-03	4.480692e-05	
1.618616e-03	6.710915e-06	
2.130207e-03	2.711564e-05	
1.723208e-03	1.978882e-05	
3.279083e-03	7.842024e-07	
9.578999e-04	3.496131e-05	
3.938150e-03	7.120690e-06	
1.515613e-03	1.450250e-06	
2.898935e-04	2.653028e-05	
2.529279e-03	5.101980e-05	
1.756011e-03	5.325300e-06	
2.792400e-03	3.052235e-05	
3.909652e-03	1.234100e-05	
3.054013e-03	5.433371e-06	
2.448226e-03	9.576348e-06	
4.211280e-03	1.459899e-05	
2.617423e-03	3.478675e-05	
2.587332e-03	1.050711e-05	
1.471401e-03	5.682161e-05	
2.351387e-03	2.532440e-05	
2.224724e-03	4.613047e-05	
1.815883e-03	1.709251e-06	
7.372684e-04	5.567148e-06	
2.670347e-03	1.394831e-05	
2.585419e-03	3.742205e-05	
2.410749e-03	7.074201e-06	
2.736421e-03	2.877772e-05	
1.933665e-03	2.516645e-05	
3.909177e-03	4.125699e-05	
6.282547e-03	1.146563e-05	
2.647925e-03	7.749827e-06	
1.599355e-03	9.906063e-06	
9.993131e-04	3.788239e-05	
3.028607e-03	3.945153e-05	
2.290337e-03	2.841022e-06	
4.308404e-03	1.230617e-05	
4.696375e-03	6.286665e-06	
3.457461e-03	2.656815e-05	
2.934017e-03	1.421791e-05	
1.527252e-03	4.231625e-05	
3.494864e-03	2.061020e-05	
2.901689e-03	1.235942e-05	
2.153768e-03	5.032095e-05	
5.247884e-03	1.754790e-05	
2.783315e-03	1.429011e-05	
1.988514e-03	7.203407e-06	
1.253471e-03	6.238281e-05	
1.833601e-03	2.667832e-05	
2.354188e-03	1.617753e-05	
2.630244e-03	1.976795e-05	
4.450226e-03	5.400442e-05	
2.338835e-03	4.533998e-05	
1.158250e-03	2.923117e-05	
1.074753e-03	3.406161e-05	
2.108260e-03	1.608997e-05	
1.782658e-03	4.557826e-05	
2.065335e-03	6.381053e-05	
5.164627e-03	3.325704e-05	
9.507300e-04	1.975239e-05	
5.868393e-03	2.425133e-05	
4.752786e-03	8.293426e-06	
2.235473e-03	8.327321e-06	
9.518276e-04	4.071859e-05	
2.904722e-03	3.265618e-05	
2.197731e-03	4.883219e-05	
2.779616e-03	3.551637e-05	
7.769785e-04	1.344235e-06	
1.311770e-03	6.948068e-06	
2.329421e-03	3.232781e-05	
3.522486e-03	3.790416e-06	
4.606871e-03	2.073055e-05	
4.335929e-03	1.323351e-05	
3.082374e-03	1.919760e-06	
3.276391e-04	5.246685e-05	
3.177374e-03	3.490949e-05	
3.942569e-03	3.415239e-06	
3.779417e-03	2.810770e-05	
5.140599e-03	2.099627e-05	
2.476892e-03	2.193561e-05	
2.442757e-03	1.254085e-05	
4.564346e-03	9.292467e-06	
1.193217e-03	1.526676e-05	
8.728957e-04	2.705011e-05	
4.686300e-03	1.562312e-05	
1.441085e-03	1.754924e-05	
2.972238e-03	1.992229e-05	
2.718436e-03	3.124682e-05	
9.054309e-04	1.460273e-05	
2.156657e-03	5.217607e-05	
2.334059e-03	6.120300e-05	
3.697702e-03	2.800198e-06	
2.307525e-03	7.361522e-05	
1.621848e-03	5.971898e-05	
4.331142e-03	4.550233e-05	
2.832151e-03	9.555918e-05	
2.940180e-03	7.062015e-05	
3.011919e-03	8.020095e-05	
1.809475e-03	7.987089e-05	
2.139309e-03	2.238953e-05	
4.572390e-03	3.318547e-05	
4.559573e-04	4.595371e-05	
4.465942e-03	1.718077e-05	
2.847599e-03	2.711504e-05	
2.508510e-03	6.458244e-05	
2.995386e-03	5.266843e-05	
3.578390e-03	4.852052e-05	
2.571070e-03	2.924524e-05	
1.511126e-03	2.188804e-05	
2.607966e-03	4.823121e-06	
1.729847e-03	3.416996e-05	
4.976680e-03	6.170454e-06	
2.403634e-03	5.747783e-06	
2.520860e-03	4.319951e-05	
2.770888e-03	3.956190e-06	
7.139607e-04	5.029225e-05	
3.341224e-03	3.155061e-05	
1.215744e-03	2.422908e-05	
1.660588e-03	1.198189e-05	
1.908160e-03	2.077407e-05	
2.483935e-03	4.737236e-05	
1.522761e-03	2.307288e-05	
3.601031e-03	2.283569e-05	
1.028511e-03	1.059422e-05	
3.340155e-03	5.252662e-05	
2.156305e-03	6.357329e-05	
4.407713e-03	7.108524e-05	
2.476251e-03	5.942062e-05	
3.223607e-03	9.933873e-05	
4.441232e-03	7.866790e-05	
2.598384e-03	3.717242e-05	
2.815782e-04	5.989839e-05	
3.848039e-03	7.926481e-05	
2.794882e-03	1.249369e-04	
1.791209e-03	1.108660e-04	
2.100930e-03	8.793943e-05	
3.672796e-03	9.003035e-05	
3.305847e-03	8.242968e-05	
2.008626e-03	8.227968e-05	
4.353183e-03	9.100940e-05	
4.854268e-03	4.449863e-05	
4.119564e-03	8.764128e-06	
2.179653e-03	5.295309e-05	
1.082308e-03	4.677852e-05	
9.569974e-04	4.399584e-05	
3.121098e-03	1.430381e-05	
6.421701e-04	3.123475e-05	
1.178354e-03	2.806819e-05	
1.286008e-03	6.205217e-05	
3.013150e-03	3.028307e-05	
1.682446e-03	4.703803e-05	
2.728421e-03	1.456938e-05	
3.008037e-03	5.558114e-05	
4.435231e-03	1.888841e-06	
3.081827e-03	4.168794e-05	
3.664377e-03	1.424120e-05	
3.257262e-03	2.531827e-05	
1.451531e-03	2.147781e-06	
3.754308e-03	4.350770e-05	
3.575971e-03	4.722740e-05	
1.770191e-03	1.390970e-05	
3.696881e-03	3.542607e-05	
3.071859e-03	5.916070e-05	
1.150779e-03	5.370660e-05	
4.034445e-03	6.770738e-05	
5.500336e-03	9.046454e-05	
1.724675e-03	9.079235e-05	
1.686083e-03	7.190945e-05	
1.704829e-03	9.154280e-05	
2.571052e-03	9.618765e-05	
3.891617e-03	6.714471e-05	
2.574375e-03	1.052427e-04	
6.983018e-04	1.082550e-04	
2.706756e-03	7.962121e-05	
3.258322e-03	9.514723e-05	
1.041360e-03	7.149531e-05	
3.032162e-03	8.486556e-05	
5.311967e-03	7.929056e-05	
3.062296e-03	1.465192e-05	
2.291497e-03	2.155435e-05	
1.009924e-03	4.005007e-05	
2.464904e-03	6.634526e-05	
4.193951e-03	2.249482e-05	
2.551010e-03	4.810445e-05	
2.086797e-03	2.922729e-05	
2.648337e-03	4.967121e-05	
1.676648e-03	3.094213e-05	
3.300126e-03	5.357186e-05	
8.178759e-04	3.257304e-05	
5.061091e-03	4.422195e-05	
5.044313e-03	1.892118e-05	
4.660411e-03	4.156513e-05	
2.497907e-03	3.262138e-05	
3.178545e-03	4.272345e-05	
1.620949e-03	5.911946e-05	
8.103083e-04	3.245196e-05	
4.367514e-03	8.283285e-06	
3.808770e-03	3.090053e-05	
5.214524e-04	2.987702e-05	
2.952347e-03	5.823102e-05	
1.657832e-03	6.022395e-05	
2.908675e-03	4.267734e-05	
3.191140e-03	7.558428e-05	
2.895088e-03	5.943236e-05	
9.146269e-04	9.741407e-05	
1.940030e-03	7.853067e-05	
1.477649e-03	6.924592e-05	
2.606748e-03	1.183818e-04	
3.460052e-03	7.980942e-05	
2.848782e-03	9.840971e-05	
2.547913e-03	5.845525e-05	
2.311014e-03	8.109736e-05	
3.717400e-03	1.047299e-04	
1.242882e-03	8.115034e-05	
3.899323e-03	6.873678e-05	
3.131040e-03	5.653530e-05	
3.269449e-03	6.716120e-05	
3.569697e-03	4.199838e-05	
2.838003e-03	4.450294e-05	
2.641972e-03	3.132570e-05	
1.004521e-03	6.138571e-05	
1.607532e-03	1.610538e-05	
4.820492e-03	6.582827e-05	
4.411356e-03	5.007182e-05	
2.360625e-03	2.364736e-05	
2.516371e-03	5.122699e-05	
2.736333e-03	4.881388e-05	
1.844216e-03	1.830622e-05	
2.836445e-03	5.391884e-05	
1.396179e-03	5.101016e-05	
8.753223e-04	3.895943e-05	
4.282424e-03	4.125650e-05	
2.716173e-03	1.918981e-05	
2.462742e-03	3.966967e-05	
2.119596e-03	1.114869e-05	
2.762644e-03	1.915914e-05	
1.763035e-03	5.608721e-05	
1.531991e-03	5.610027e-05	
5.201894e-03	7.286029e-05	
2.038811e-03	5.853378e-05	
2.405345e-03	8.912258e-05	
6.767061e-04	6.739723e-05	
2.728674e-03	6.088706e-05	
2.748004e-03	1.017825e-04	
9.687656e-04	9.391819e-05	
2.577207e-03	4.998148e-05	
1.359977e-03	7.333156e-05	
3.469772e-03	4.954803e-05	
4.317118e-03	1.096135e-04	
1.368906e-03	9.109598e-05	
9.412441e-04	5.720487e-05	
1.727011e-03	6.855068e-05	
3.185408e-03	7.302682e-05	
3.799337e-03	6.327334e-05	
1.085638e-03	6.019210e-05	
1.771850e-03	4.592063e-05	
3.891648e-03	1.678369e-05	
6.183823e-03	2.759432e-05	
3.443388e-03	3.123195e-05	
5.272177e-04	5.161559e-05	
2.572803e-03	4.711986e-05	
2.980837e-03	6.960680e-05	
9.655007e-05	4.936204e-05	
1.196308e-03	5.988784e-05	
3.512500e-03	5.786157e-05	
2.123454e-03	3.359302e-05	
1.594083e-03	4.431705e-05	
2.760397e-03	4.615332e-05	
3.155330e-03	3.207388e-05	
6.906680e-04	3.828083e-05	
2.950934e-03	2.326101e-05	
3.517293e-03	2.946125e-05	
1.181879e-03	3.600751e-05	
3.585663e-03	3.796484e-05	
4.448288e-03	6.231136e-05	
1.154269e-03	6.717786e-05	
3.926757e-03	8.768001e-05	
3.858913e-03	6.781578e-05	
8.004041e-04	9.200242e-05	
1.675781e-03	1.268420e-04	
2.063069e-03	8.939499e-05	
2.827089e-03	4.809325e-05	
3.114395e-03	9.937639e-05	
1.832196e-03	1.260643e-04	
3.356490e-03	7.231932e-05	
1.904530e-03	1.244169e-04	
1.776519e-03	1.003333e-04	
2.133659e-03	1.145629e-04	
1.142186e-03	7.324483e-05	
1.368214e-03	5.836303e-05	
2.238446e-03	8.839131e-05	
4.182659e-03	3.992131e-05	
3.041962e-03	4.930975e-05	
1.525515e-03	9.588222e-05	
5.347864e-03	6.182874e-05	
3.569470e-03	3.777314e-05	
2.900501e-03	5.994716e-05	
2.643164e-03	3.731494e-05	
2.680076e-03	5.788694e-05	
5.076668e-04	3.250277e-05	
2.895854e-03	4.579662e-05	
5.767897e-03	4.359321e-05	
3.294773e-03	4.580665e-05	
2.451921e-03	3.737389e-05	
1.076175e-03	5.146634e-05	
1.159129e-03	4.554611e-05	
1.823464e-03	5.458545e-05	
3.175124e-03	3.275877e-05	
1.150248e-03	5.056709e-05	
4.054541e-03	5.493114e-05	
2.295914e-03	4.794963e-05	
2.965750e-03	6.065541e-05	
3.626489e-03	6.639629e-05	
3.796312e-03	7.818895e-05	
2.926841e-03	8.125655e-05	
1.196334e-03	7.777747e-05	
2.044172e-03	8.117367e-05	
2.223190e-03	7.035271e-05	
2.343024e-03	9.214786e-05	
2.673303e-03	9.040947e-05	
3.439742e-03	8.497046e-05	
1.820820e-03	6.800346e-05	
3.191857e-03	1.848275e-04	
2.301848e-03	1.117679e-04	
2.644525e-03	5.845474e-05	
1.239425e-03	6.212317e-05	
1.870298e-03	9.400256e-05	
3.558595e-03	7.158831e-05	
3.814959e-03	7.834391e-05	
2.403915e-03	5.371782e-05	
3.217190e-03	7.271064e-05	
2.319780e-03	7.971324e-05	
1.247653e-03	6.693162e-05	
2.071574e-03	4.060702e-05	
1.375365e-03	4.756185e-05	
2.844262e-03	4.840266e-05	
4.102027e-03	2.987996e-05	
3.990850e-03	2.782971e-05	
2.874629e-03	4.577362e-05	
3.690934e-03	4.821839e-05	
2.077240e-03	5.367158e-05	
1.504329e-03	3.779628e-05	
3.455315e-03	4.989706e-05	
3.176641e-03	6.502479e-05	
3.340105e-03	4.741921e-05	
2.615345e-03	4.136765e-05	
3.250481e-03	5.467707e-05	
1.713689e-03	5.095159e-05	
4.080818e-03	6.233888e-05	
3.008566e-03	3.438761e-05	
3.746773e-03	5.832800e-05	
2.697514e-03	7.475664e-05	
1.322443e-03	1.206968e-04	
1.621277e-03	1.103834e-04	
1.495294e-03	5.680178e-05	
2.868933e-03	8.687598e-05	
3.857031e-03	9.332681e-05	
2.003309e-04	1.178074e-04	
2.987600e-03	1.190804e-04	
1.136433e-03	1.702371e-04	
4.690539e-03	1.271883e-04	
2.390920e-03	1.458600e-04	
7.954351e-04	8.110598e-05	
4.817780e-03	9.884604e-05	
4.575919e-03	4.668817e-05	
4.002660e-03	5.879206e-05	
6.380520e-04	8.236925e-05	
1.072224e-03	6.234598e-05	
4.582399e-03	6.368080e-05	
2.613477e-03	6.267360e-05	
4.051213e-04	7.307432e-05	
1.472181e-03	4.655541e-05	
4.129072e-03	3.432287e-05	
4.935632e-03	5.806813e-05	
3.110033e-03	5.648716e-05	
4.537887e-04	4.002913e-05	
1.285193e-03	5.770663e-05	
3.295454e-03	3.341259e-05	
5.627374e-03	4.452373e-05	
2.950448e-03	4.543827e-05	
4.750443e-03	4.209454e-05	
3.537577e-03	3.105506e-05	
3.545897e-03	5.708288e-05	
3.810080e-03	4.733539e-05	
4.005463e-03	5.356847e-05	
2.890305e-03	5.115377e-05	
1.397872e-03	4.329771e-05	
3.251338e-03	5.688050e-05	
2.799785e-03	5.575779e-05	
4.801044e-03	8.654304e-05	
1.954788e-03	1.026420e-04	
4.163768e-03	8.518161e-05	
1.647232e-03	7.001039e-05	
2.823170e-03	1.139990e-04	
4.548020e-03	1.453636e-04	
2.647326e-03	1.219042e-04	
5.690020e-03	1.211833e-04	
2.691421e-03	1.364716e-04	
1.222332e-03	2.117409e-04	
2.127797e-03	1.322507e-04	
2.534213e-03	1.001964e-04	
3.818469e-03	8.882809e-05	
2.968620e-03	8.657963e-05	
1.912585e-03	7.608838e-05	
3.331869e-03	8.004687e-05	
2.896471e-03	6.612197e-05	
3.076090e-03	3.695504e-05	
1.020244e-03	6.903481e-05	
5.403380e-03	4.609868e-05	
1.798832e-03	5.874410e-05	
1.365104e-03	1.928453e-05	
1.760693e-03	5.249334e-05	
4.417459e-03	4.082307e-05	
9.006880e-04	5.466962e-05	
1.994104e-03	4.062749e-05	
3.106696e-03	3.747305e-05	
1.446406e-03	3.954716e-05	
4.651303e-03	2.324485e-05	
8.020204e-04	1.748627e-05	
2.460199e-03	4.083469e-05	
3.171688e-03	4.007097e-05	
3.134847e-03	5.365225e-05	
5.334383e-03	5.951923e-05	
2.833000e-04	6.710420e-05	
1.639726e-03	3.526793e-05	
8.600729e-04	6.995640e-05	
2.319917e-03	7.268377e-05	
2.224666e-03	6.521348e-05	
2.851834e-03	9.038933e-05	
2.970642e-03	9.251298e-05	
1.898864e-03	9.049691e-05	
2.077465e-03	1.178439e-04	
2.871737e-03	1.549409e-04	
2.527380e-03	1.210020e-04	
2.856757e-03	1.394351e-04	
3.725574e-03	1.022922e-04	
2.255250e-03	8.110941e-05	
2.362886e-03	1.396299e-04	
2.796034e-03	4.719118e-05	
1.815072e-03	9.788730e-05	
9.001431e-04	5.101310e-05	
9.634693e-04	5.399651e-05	
3.715044e-03	7.671543e-05	
1.646841e-03	3.508717e-05	
1.820904e-03	5.323515e-05	
1.300541e-03	4.264318e-05	
4.302527e-03	6.225606e-05	
4.749037e-03	3.617308e-05	
1.103214e-03	3.987919e-05	
3.623851e-03	1.678546e-05	
1.865720e-03	3.876524e-05	
3.132120e-03	4.460402e-05	
7.064906e-04	5.272176e-05	
3.070085e-03	4.841726e-05	
3.064155e-03	3.806711e-05	
1.046609e-03	3.505219e-05	
2.002734e-03	4.001280e-05	
6.074595e-03	4.558671e-05	
3.853892e-03	6.203631e-05	
5.886554e-04	4.013169e-05	
3.403636e-03	8.316812e-05	
5.116963e-03	6.565267e-05	
5.255977e-03	7.673830e-05	
3.424012e-03	8.860639e-05	
2.358273e-03	7.879766e-05	
5.524832e-03	6.535699e-05	
1.382242e-03	1.059607e-04	
3.875840e-03	1.056969e-04	
3.818740e-03	1.146643e-04	
1.088593e-03	1.454513e-04	
1.985000e-03	5.314518e-05	
1.358890e-03	1.029555e-04	
2.294714e-03	1.647799e-04	
1.022230e-03	2.178175e-04	
4.638360e-03	1.171809e-04	
2.795945e-03	5.177793e-05	
8.813988e-04	5.740431e-05	
9.194526e-04	1.331736e-04	
2.615035e-03	9.605277e-05	
2.385072e-03	5.024289e-05	
2.702920e-03	4.640090e-05	
3.537305e-03	4.120047e-05	
4.042601e-03	4.277206e-05	
1.929874e-03	7.180512e-05	
1.219396e-03	5.909421e-05	
2.310066e-03	5.020671e-05	
4.113979e-03	4.021386e-05	
1.109966e-03	3.863075e-05	
1.522611e-03	1.766329e-05	
2.344125e-04	4.484620e-05	
5.322662e-03	4.506682e-05	
4.533346e-03	5.394625e-05	
1.702898e-03	1.895793e-05	
2.185241e-03	1.570822e-05	
4.053199e-03	3.184603e-05	
6.192517e-04	4.266022e-05	
6.958437e-04	4.768120e-05	
4.821041e-03	6.212129e-05	
1.990577e-03	6.245170e-05	
3.139818e-03	8.430679e-05	
1.944313e-03	6.698331e-05	
3.371604e-03	7.780090e-05	
3.115107e-03	5.347197e-05	
2.561595e-03	8.254397e-05	
3.679611e-03	9.188123e-05	
1.138063e-03	9.230490e-05	
3.345666e-03	5.062544e-05	
3.317734e-03	9.281748e-05	
2.899378e-03	1.239465e-04	
3.250868e-03	1.285650e-04	
1.764794e-03	2.229070e-04	
2.457863e-03	1.454486e-04	
2.714769e-03	8.861200e-05	
1.829957e-03	7.743308e-05	
2.870372e-03	1.410820e-04	
3.035326e-03	1.440859e-04	
2.144126e-03	7.693776e-05	
6.222293e-03	3.996204e-05	
3.785587e-04	2.634948e-05	
4.920630e-03	2.338272e-05	
1.655392e-03	5.635881e-05	
3.405002e-03	4.813775e-05	
2.944529e-03	3.545509e-05	
2.651733e-03	5.085070e-05	
3.810692e-03	4.246799e-05	
2.970208e-03	4.557496e-05	
4.437668e-03	3.359996e-05	
2.801291e-03	2.690293e-05	
1.608976e-03	6.049661e-05	
1.767586e-03	2.483569e-05	
3.858592e-03	5.801410e-05	
4.058881e-03	4.509136e-05	
2.859639e-03	3.467910e-05	
3.762881e-03	3.045063e-05	
2.026992e-03	4.474696e-05	
9.159290e-04	6.158574e-05	
1.583345e-03	5.097208e-05	
2.983058e-03	5.377842e-05	
5.060510e-03	6.025130e-05	
2.613068e-03	5.050218e-05	
2.645523e-03	7.216527e-05	
2.472809e-03	7.733612e-05	
9.078287e-04	8.680400e-05	
3.226723e-03	6.913735e-05	
2.605159e-03	7.131663e-05	
1.142114e-03	7.019536e-05	
1.940197e-03	1.159350e-04	
2.457301e-03	1.620789e-04	
4.253223e-03	1.957089e-04	
2.131317e-03	1.132129e-04	
1.030743e-03	2.389065e-04	
1.185475e-03	8.829394e-05	
1.459895e-03	9.418338e-05	
8.753374e-04	1.161855e-04	
3.120549e-03	2.877099e-05	
9.172099e-04	3.176043e-05	
3.596640e-03	3.026277e-05	
2.262509e-03	4.069835e-05	
3.247343e-03	3.204306e-05	
2.532899e-03	5.721943e-05	
1.211001e-03	4.104175e-05	
2.016126e-03	6.646393e-05	
3.287268e-03	7.327317e-05	
2.213839e-03	3.266631e-05	
3.302460e-03	3.939806e-05	
2.120566e-03	4.122114e-05	
4.503176e-03	1.748389e-05	
4.382223e-03	3.362021e-05	
2.971897e-03	6.424964e-05	
3.168018e-03	4.048227e-05	
1.620046e-03	3.853543e-05	
1.717921e-03	3.230448e-05	
2.788641e-03	4.633026e-05	
1.070212e-03	4.631955e-05	
2.994695e-03	4.299922e-05	
2.831726e-03	4.855017e-05	
1.835535e-03	5.060124e-05	
2.726493e-03	6.020854e-05	
3.004223e-03	8.492648e-05	
1.190510e-03	7.832116e-05	
2.924462e-03	7.498882e-05	
3.408644e-03	5.549305e-05	
3.079075e-03	9.040225e-05	
2.341432e-03	1.286604e-04	
2.857453e-03	7.114554e-05	
1.233977e-03	4.267384e-05	
1.147153e-03	1.927836e-04	
2.238360e-03	2.324108e-04	
3.579218e-03	7.709369e-05	
2.683650e-03	5.402690e-05	
5.040285e-03	6.144105e-05	
3.568469e-03	5.383112e-05	
2.139547e-03	7.538783e-05	
8.303437e-04	4.300599e-05	
2.810217e-03	3.625466e-05	
3.738309e-03	3.465286e-05	
2.776107e-03	5.378667e-05	
5.015073e-03	3.483385e-05	
1.459207e-03	5.115922e-05	
3.024682e-03	3.275503e-05	
1.772968e-03	5.457347e-05	
3.222703e-03	2.711665e-05	
3.406980e-03	4.588334e-05	
3.096580e-03	3.242629e-05	
1.164466e-03	2.718458e-05	
8.073716e-04	1.377178e-05	
8.168033e-04	2.569561e-05	
2.693628e-03	4.237246e-05	
1.704270e-03	2.678371e-05	
3.866367e-03	4.599691e-05	
6.581423e-04	4.563709e-05	
4.729541e-03	3.433674e-05	
3.126600e-03	4.992995e-05	
4.112318e-03	4.980021e-05	
2.862757e-03	3.883439e-05	
7.754832e-04	5.654206e-05	
9.344279e-04	5.574688e-05	
5.036727e-04	2.300732e-05	
4.376337e-03	6.044835e-05	
3.661254e-03	5.700408e-05	
2.303104e-03	1.018517e-04	
2.529121e-03	1.000621e-04	
4.154478e-03	6.436640e-05	
3.727486e-03	8.591223e-05	
1.149934e-03	1.756539e-04	
3.735487e-03	1.883794e-04	
1.468127e-03	1.338182e-04	
5.295385e-03	4.205761e-05	
1.721958e-03	8.941085e-05	
1.858969e-03	7.797441e-05	
8.436705e-04	3.557326e-06	
2.772259e-03	8.918981e-06	
6.058635e-03	3.895608e-05	
3.039121e-03	3.085548e-05	
1.030715e-03	1.405686e-07	
2.265007e-03	3.423129e-05	
3.714725e-03	3.101000e-05	
5.830460e-03	2.656439e-05	
1.394202e-03	2.277678e-05	
1.215554e-03	3.096794e-05	
3.560111e-03	3.310338e-05	
2.580399e-03	2.600008e-05	
3.081750e-03	1.875161e-05	
2.841963e-03	2.664945e-05	
2.073930e-03	1.231558e-05	
1.172515e-03	2.927624e-05	
2.573952e-03	5.032525e-05	
2.050034e-03	5.637292e-05	
1.556140e-03	3.483031e-05	
2.876528e-03	4.330640e-05	
1.191568e-03	2.897303e-05	
4.306251e-03	3.350742e-05	
2.573391e-03	4.700350e-05	
4.466082e-03	3.258822e-05	
3.697630e-03	5.622243e-05	
4.445462e-03	4.171693e-05	
2.320274e-03	6.592364e-05	
2.134585e-03	9.340401e-05	
8.507246e-04	3.028326e-05	
1.628236e-03	6.047505e-05	
3.195183e-03	8.273046e-05	
2.099129e-03	1.153427e-04	
3.565771e-03	2.055711e-04	
2.037320e-03	1.430899e-04	
2.405300e-03	1.837239e-04	
3.137402e-03	7.701179e-05	
2.711905e-03	9.008709e-05	
3.944966e-03	6.332043e-05	
5.173701e-03	1.503740e-05	
2.914051e-03	8.568004e-06	
1.507486e-03	4.991494e-05	
8.089268e-04	7.056410e-05	
2.434580e-03	2.960925e-05	
2.382185e-03	1.717159e-05	
7.509162e-04	2.254215e-05	
3.448697e-03	8.506603e-06	
3.440418e-03	7.258897e-06	
7.595358e-04	1.229323e-05	
4.176499e-03	2.282291e-05	
3.154820e-03	2.656255e-06	
2.077368e-03	1.806500e-05	
3.506757e-03	1.888084e-05	
2.458487e-03	8.845423e-06	
2.274004e-03	2.697279e-05	
7.397463e-03	5.042944e-05	
5.206783e-03	3.420917e-05	
2.719218e-03	4.344254e-05	
2.031320e-03	4.524375e-05	
2.634395e-03	4.678057e-05	
2.180183e-03	3.421419e-05	
5.247126e-03	4.592113e-05	
3.955818e-03	5.354907e-05	
2.972080e-03	3.629633e-05	
2.250972e-03	7.151536e-05	
1.856280e-03	7.200981e-05	
4.163474e-03	5.078792e-05	
5.837037e-03	6.742951e-05	
3.361101e-03	4.155169e-05	
3.738185e-03	7.144987e-05	
2.570133e-03	1.117786e-04	
4.154145e-03	2.260260e-04	
4.045471e-03	2.190482e-04	
1.868632e-03	7.935675e-05	
1.483832e-03	6.991877e-05	
2.983014e-03	5.294183e-05	
2.249954e-03	5.477894e-05	
1.055066e-03	3.324162e-05	
3.054731e-03	3.935665e-05	
6.615868e-04	4.865399e-05	
3.268366e-03	3.443744e-05	
3.114718e-03	2.029422e-06	
2.518973e-03	3.103305e-05	
4.888199e-03	2.941793e-05	
1.731979e-03	1.336592e-05	
1.653209e-03	9.213476e-06	
6.152956e-03	4.078280e-05	
2.255098e-03	4.251078e-05	
4.209104e-03	3.610870e-05	
2.990678e-03	2.483047e-05	
2.161402e-03	3.285787e-05	
3.727690e-03	2.271776e-05	
3.405521e-03	3.881982e-05	
1.092942e-03	4.253646e-05	
2.482325e-03	4.734670e-05	
2.395857e-03	5.710861e-05	
1.597944e-03	4.135019e-05	
5.934405e-03	2.617909e-05	
4.590631e-03	3.551308e-05	
1.906915e-03	3.695682e-05	
2.035595e-03	1.368438e-05	
2.100039e-03	5.259944e-05	
1.568543e-03	4.140655e-05	
3.874474e-03	3.748731e-05	
2.956149e-03	5.814700e-05	
4.001258e-04	4.262509e-05	
3.077937e-03	8.213739e-05	
2.550639e-03	9.064767e-05	
3.959505e-03	1.690340e-04	
2.901085e-03	1.742671e-04	
2.154958e-03	2.102412e-04	
3.772667e-03	1.488343e-04	
3.373042e-03	3.252123e-05	
1.801451e-03	7.249073e-05	
2.973669e-03	5.674160e-05	
3.009157e-03	3.215796e-06	
2.299726e-03	2.367960e-05	
1.254887e-03	2.698525e-05	
6.569634e-03	2.777675e-06	
2.911208e-03	2.343544e-05	
6.955746e-03	1.370291e-05	
2.880940e-03	2.624897e-05	
3.007924e-03	1.258340e-05	
5.821042e-03	8.186220e-06	
2.537598e-03	3.401022e-05	
3.724294e-04	2.399371e-05	
2.508251e-03	4.855181e-05	
3.847083e-03	3.056058e-05	
3.764974e-03	2.362087e-05	
1.612800e-03	2.725626e-05	
5.762240e-03	2.877229e-05	
2.891318e-03	5.286575e-05	
3.890275e-03	3.113854e-05	
2.626027e-03	5.919791e-05	
2.043582e-03	2.992486e-05	
3.111046e-03	3.496846e-05	
3.227137e-03	4.143889e-05	
7.654846e-04	2.911806e-05	
2.745523e-03	3.693077e-05	
6.124982e-03	1.614399e-05	
3.476970e-03	3.469619e-05	
2.136236e-03	3.431698e-05	
3.041097e-03	3.618603e-05	
3.805842e-03	8.168485e-05	
3.313152e-03	6.086700e-05	
1.662521e-03	1.416617e-04	
1.003736e-03	9.222491e-05	
3.832249e-03	1.667138e-04	
3.346893e-03	8.111720e-05	
3.530447e-03	1.050450e-04	
1.696017e-03	3.644165e-05	
1.919909e-03	8.280087e-05	
3.197521e-03	3.163303e-05	
5.789522e-03	3.557185e-05	
3.257570e-03	4.200163e-06	
4.855405e-03	1.521687e-05	
3.783054e-03	1.197200e-05	
1.398475e-03	2.040180e-06	
2.967109e-03	6.139934e-06	
9.982518e-04	1.823366e-05	
5.722372e-03	6.972099e-06	
2.255890e-03	3.980908e-06	
2.694751e-03	1.191078e-05	
2.176628e-03	2.352364e-05	
7.522456e-04	2.435275e-05	
6.016952e-03	2.155461e-05	
3.142187e-03	2.358998e-05	
3.314261e-03	1.496582e-05	
1.779329e-03	3.086523e-05	
2.115584e-03	3.044006e-05	
4.582246e-03	4.103200e-05	
4.180745e-04	5.600933e-05	
7.561434e-04	2.925348e-05	
4.170005e-03	3.933260e-05	
1.633704e-03	5.218174e-05	
1.397077e-03	2.768636e-05	
1.554491e-03	1.492516e-05	
3.138524e-03	2.664243e-05	
1.552356e-03	3.717846e-05	
4.846450e-03	4.856618e-05	
1.361514e-03	2.443414e-05	
2.521199e-03	5.486760e-05	
2.579610e-03	7.788091e-05	
3.527534e-03	8.280193e-05	
1.673589e-03	1.398657e-04	
1.225749e-03	9.458092e-05	
2.013044e-03	2.517098e-04	
4.711816e-03	1.433748e-04	
5.051494e-03	5.549100e-05	
1.328812e-03	6.804462e-05	
1.595107e-03	1.852512e-05	
2.874392e-03	3.530815e-06	
3.545026e-03	1.317452e-05	
5.071474e-03	2.069081e-07	
2.172272e-03	1.194766e-06	
1.577407e-03	8.584558e-06	
1.178352e-03	2.312950e-06	
2.562968e-03	8.556289e-06	
4.412164e-03	3.273898e-06	
2.084076e-03	2.711155e-05	
3.046603e-03	1.305990e-05	
4.968952e-03	1.606918e-05	
3.355835e-03	3.306054e-05	
2.296311e-03	3.027419e-05	
1.927934e-03	2.489873e-05	
5.954598e-03	3.866388e-05	
1.592553e-03	2.240493e-05	
2.979171e-03	3.676299e-05	
2.543387e-03	4.240305e-05	
2.350933e-03	3.533690e-05	
4.056842e-03	3.653607e-05	
1.317067e-03	4.092816e-05	
4.668964e-03	3.898019e-05	
2.395997e-03	1.813129e-05	
3.288550e-03	4.069991e-05	
2.424466e-03	5.516177e-05	
4.916505e-03	6.395770e-05	
4.273555e-03	3.273023e-05	
1.533567e-03	4.332595e-05	
2.185027e-03	3.684594e-05	
3.399752e-03	3.372645e-05	
1.218404e-03	5.485337e-05	
6.139158e-03	9.735961e-05	
3.022133e-03	1.906825e-04	
1.121705e-03	7.828029e-05	
2.138905e-03	2.052792e-04	
2.121717e-03	7.021810e-05	
2.472521e-03	5.535659e-05	
8.107165e-04	3.740856e-05	
4.054001e-03	1.060133e-05	
2.963036e-03	2.579262e-05	
8.559435e-04	1.455442e-05	
5.726038e-03	2.803751e-05	
3.421317e-03	1.563152e-05	
4.069854e-03	1.009613e-05	
4.275206e-03	8.305608e-06	
3.988231e-03	2.810838e-05	
5.166953e-03	2.162744e-05	
1.239029e-03	7.997550e-06	
3.041274e-03	3.381406e-05	
4.383401e-03	2.519234e-05	
3.958310e-03	3.234937e-05	
4.133049e-03	2.175940e-05	
2.401391e-03	3.065718e-05	
3.931486e-03	1.413384e-05	
4.105326e-03	2.509560e-05	
3.461554e-03	2.461919e-05	
2.015692e-03	8.688486e-06	
3.843946e-03	2.387433e-05	
2.490176e-03	2.587688e-05	
1.129360e-03	5.836157e-06	
3.284553e-03	3.435234e-05	
3.926038e-03	4.230582e-05	
2.130518e-03	4.532683e-05	
1.464202e-03	2.690681e-05	
2.924093e-03	5.386470e-05	
2.914227e-03	3.558728e-05	
3.553185e-03	5.202621e-05	
2.512208e-03	8.984704e-06	
2.312528e-03	6.757378e-05	
1.584283e-03	8.839465e-05	
1.838577e-03	1.112302e-04	
1.631638e-03	3.488385e-04	
3.364244e-03	1.681751e-04	
2.165720e-03	1.130983e-04	
2.615146e-03	1.234948e-04	
3.343075e-03	6.629238e-05	
1.698575e-03	2.623216e-05	
3.232641e-03	4.638812e-05	
4.874155e-04	1.352060e-06	
2.443633e-03	1.793713e-05	
1.966271e-03	1.880718e-05	
3.269130e-03	2.903267e-05	
2.364715e-03	1.605187e-05	
3.683482e-03	1.075210e-05	
3.818399e-03	1.571907e-05	
3.768188e-03	2.685814e-06	
3.799916e-03	1.989196e-05	
2.540259e-03	1.552029e-05	
4.104268e-03	2.759924e-05	
3.142775e-03	1.047832e-05	
5.759449e-04	2.816947e-05	
3.152218e-03	2.539629e-05	
2.385828e-03	9.515430e-06	
1.076304e-03	1.900243e-05	
3.359247e-03	2.375071e-05	
3.516770e-03	2.127375e-05	
3.124864e-03	2.734458e-05	
2.298968e-03	2.309012e-05	
2.792027e-03	3.348479e-05	
3.064643e-03	1.323127e-05	
2.919397e-03	3.411807e-05	
2.730267e-03	4.935495e-05	
2.918049e-03	4.537038e-05	
2.533989e-03	4.384928e-05	
2.807037e-03	2.618898e-05	
1.144686e-03	7.533836e-05	
3.526992e-03	9.924876e-05	
3.035284e-03	6.017999e-05	
4.954376e-03	7.377963e-05	
2.887089e-03	1.912074e-04	
2.508169e-03	1.186467e-04	
2.256036e-03	1.350521e-04	
2.971038e-03	5.545524e-05	
1.029630e-03	9.101019e-05	
3.579679e-03	3.159693e-05	
3.747553e-03	2.716983e-05	
6.327728e-03	9.096656e-06	
3.048580e-03	4.811512e-06	
3.612726e-03	4.743895e-05	
2.556334e-03	1.869362e-05	
3.509246e-03	1.072460e-07	
4.409015e-03	3.072678e-06	
3.792289e-03	1.681630e-05	
2.913239e-03	4.891876e-06	
5.256231e-03	1.908606e-05	
3.621568e-03	4.449221e-06	
3.032918e-03	1.435530e-05	
2.890233e-03	1.748938e-05	
2.514528e-03	1.453426e-05	
4.834364e-03	3.628956e-05	
4.127679e-03	4.022245e-05	
4.249660e-03	2.787788e-05	
2.755092e-03	2.829428e-05	
4.350060e-03	1.427833e-05	
1.746612e-03	2.718297e-05	
1.734014e-03	2.717909e-05	
3.386497e-03	2.687924e-05	
2.871706e-03	3.379930e-05	
9.630410e-04	1.959729e-05	
2.158781e-03	3.698962e-05	
1.422667e-03	2.459769e-05	
3.415156e-03	1.522635e-05	
3.329976e-03	3.975844e-05	
5.061850e-03	6.729841e-05	
3.128528e-03	1.242380e-04	
4.083414e-03	1.069086e-04	
9.512707e-04	1.161025e-04	
6.054971e-03	1.538776e-04	
2.646013e-03	2.171461e-04	
4.165257e-03	6.523407e-05	
1.132583e-03	2.515997e-05	
1.806210e-03	2.830689e-05	
4.703813e-03	4.866810e-05	
9.661271e-04	4.658619e-05	
2.286329e-03	1.189099e-05	
3.430936e-03	2.547456e-05	
3.495016e-03	1.236262e-05	
6.881224e-04	3.205808e-06	
2.119786e-03	4.246689e-06	
2.136290e-03	6.914870e-07	
3.599554e-03	7.060845e-09	
4.788056e-03	2.491100e-06	
2.052898e-03	2.308938e-05	
5.972062e-03	7.407214e-06	
1.559162e-03	2.111031e-05	
2.344882e-03	1.112380e-05	
3.132201e-03	9.456919e-06	
1.816433e-03	3.598731e-05	
2.931039e-03	1.162640e-05	
9.718001e-04	2.411841e-05	
3.633413e-03	1.642905e-06	
2.580133e-03	1.145132e-05	
3.381944e-04	1.934299e-05	
1.226377e-03	2.567476e-05	
5.568114e-03	2.876605e-05	
2.291287e-03	3.598073e-05	
1.365293e-03	2.979842e-05	
3.399674e-03	4.578905e-05	
2.685136e-03	5.365774e-05	
1.948109e-04	2.981090e-05	
1.519922e-03	2.985795e-05	
7.001584e-05	3.931919e-05	
2.207763e-03	6.333226e-05	
1.090415e-03	3.665790e-05	
1.301261e-03	1.095898e-04	
2.397202e-03	1.504680e-04	
5.860392e-04	8.650570e-05	
1.799783e-03	1.043505e-04	
3.478085e-03	2.360390e-05	
2.317486e-03	2.145402e-05	
5.184944e-04	4.756661e-05	
2.585798e-03	3.300513e-05	
9.103838e-04	2.852007e-05	
2.581686e-03	5.248552e-06	
4.105414e-03	2.445162e-06	
3.332814e-03	1.843853e-05	
2.935954e-03	1.950912e-05	
3.956113e-03	1.430480e-05	
1.669903e-03	1.916287e-05	
2.487730e-03	2.794947e-06	
1.416420e-03	3.178318e-06	
1.457931e-03	1.716591e-05	
1.793810e-03	1.047308e-06	
3.605327e-03	1.693918e-05	
2.864060e-03	2.266572e-05	
3.837706e-03	1.514415e-05	
4.937848e-03	1.460620e-05	
3.933042e-03	1.641226e-05	
3.113222e-03	9.027788e-06	
4.505240e-03	1.354647e-05	
2.184167e-03	2.061038e-05	
3.141286e-03	2.579222e-05	
1.612552e-03	2.053372e-05	
2.334519e-03	2.962574e-05	
3.103077e-03	3.737384e-05	
2.536711e-03	6.282707e-05	
3.381110e-03	4.425451e-05	
3.503840e-03	6.034155e-05	
1.559695e-03	7.458101e-05	
1.079989e-03	6.753143e-05	
2.332922e-03	9.834811e-05	
1.901033e-03	1.309833e-04	
2.733397e-03	9.105004e-05	
3.725800e-03	1.728819e-04	
1.775779e-03	3.101601e-04	
4.268164e-03	1.063196e-04	
4.282977e-03	1.967332e-05	
4.132517e-03	6.122317e-05	
1.480829e-03	1.372802e-06	
9.978610e-04	1.370881e-05	
2.254609e-03	2.590998e-05	
1.665406e-03	4.822587e-07	
3.167472e-03	4.637503e-06	
1.128740e-03	1.969189e-05	
5.693654e-03	1.021418e-05	
4.773357e-04	1.248512e-05	
1.432437e-03	4.547430e-06	
2.115108e-03	1.042233e-05	
2.962447e-03	1.084623e-05	
3.538727e-03	2.105654e-06	
3.085600e-03	7.303431e-07	
2.757911e-03	1.165673e-05	
4.797355e-03	1.455612e-05	
2.464137e-03	1.182275e-05	
2.663053e-03	3.442427e-06	
6.308791e-04	1.601762e-05	
1.821347e-03	2.936047e-06	
3.086431e-03	4.069422e-07	
4.050529e-03	2.759855e-05	
4.408031e-03	2.607312e-05	
3.371264e-03	2.663870e-05	
5.728574e-03	5.038222e-05	
5.701439e-04	3.265372e-05	
3.800784e-03	4.857624e-05	
3.985149e-03	6.390110e-05	
5.794630e-03	5.293201e-05	
1.994302e-03	5.704556e-05	
5.573714e-03	8.501066e-05	
9.726292e-04	8.164211e-05	
1.552801e-03	9.282056e-05	
2.960153e-03	2.263099e-04	
2.020526e-03	2.483927e-04	
1.583922e-03	1.966509e-04	
3.567082e-03	1.181260e-04	
1.544729e-03	9.601974e-05	
6.744314e-03	9.500861e-05	
1.670263e-03	3.196748e-05	
3.473546e-03	1.130643e-05	
1.855939e-03	6.892272e-06	
1.218655e-03	5.308817e-05	
8.250096e-04	3.411323e-05	
2.498813e-03	2.895849e-05	
4.049920e-03	4.032450e-05	
3.529284e-03	1.542106e-05	
1.598697e-03	1.952402e-05	
2.824213e-03	2.311435e-05	
4.961461e-03	5.982973e-06	
3.322465e-03	1.748134e-05	
4.316206e-03	1.348680e-05	
2.930465e-03	3.315487e-05	
2.287674e-03	1.733000e-05	
9.541010e-04	1.848841e-05	
2.076751e-03	2.801208e-05	
2.456159e-03	8.413681e-06	
2.417792e-03	3.007894e-05	
3.230551e-03	1.123315e-05	
5.987622e-03	1.852273e-05	
4.189623e-03	5.203429e-05	
3.527846e-03	5.411586e-05	
2.082744e-03	4.858231e-05	
3.048787e-03	4.467535e-05	
1.751981e-03	6.312771e-05	
3.740341e-03	6.477124e-05	
2.331846e-03	8.033851e-05	
1.001338e-03	4.211287e-05	
1.457575e-03	7.105790e-05	
9.534328e-04	1.456037e-04	
3.037516e-03	9.788828e-05	
2.817436e-03	1.499758e-04	
4.739658e-03	2.835069e-04	
2.702624e-03	2.662958e-04	
2.810953e-03	1.436116e-04	
2.426600e-03	3.665223e-05	
4.430764e-03	1.073407e-04	
1.502956e-03	4.887050e-05	
1.702693e-03	6.183510e-06	
1.570501e-03	1.992903e-05	
2.694776e-03	2.144877e-05	
1.091468e-03	4.066804e-05	
2.008754e-03	1.342699e-05	
1.427980e-03	1.882884e-05	
2.991073e-03	5.405727e-06	
3.660911e-03	1.622850e-05	
4.416078e-04	8.962241e-06	
1.517564e-03	2.630275e-05	
4.511614e-03	2.177608e-05	
3.341065e-03	3.256887e-05	
3.768199e-03	3.925987e-05	
2.263126e-04	2.616662e-05	
2.910358e-03	2.506142e-05	
3.182098e-03	4.075727e-05	
3.623564e-03	1.956110e-05	
3.865002e-03	1.960591e-05	
4.300708e-03	1.961605e-05	
3.011333e-03	3.556044e-05	
1.828965e-03	3.555548e-05	
2.282464e-03	4.656981e-05	
6.495916e-04	2.854514e-05	
3.662906e-03	3.385108e-05	
4.331977e-03	5.211704e-05	
4.788757e-04	5.934284e-05	
4.155469e-03	8.345539e-05	
3.947401e-03	8.249373e-05	
9.343266e-04	1.264763e-05	
1.085180e-03	7.860812e-05	
1.867521e-03	7.420052e-05	
4.288269e-03	2.199262e-04	
2.439484e-03	3.010841e-04	
3.945491e-03	2.760879e-04	
3.381659e-03	1.008229e-04	
2.696540e-03	5.427327e-05	
2.308061e-03	8.020045e-05	
1.804721e-03	2.588273e-05	
1.619832e-03	4.530108e-05	
1.874195e-03	5.069254e-05	
2.520971e-03	3.111049e-07	
2.502949e-03	1.282867e-05	
2.298292e-03	4.408598e-06	
1.750012e-03	2.069893e-06	
4.792867e-03	2.578879e-06	
8.381196e-04	1.405000e-05	
3.333236e-03	2.756922e-05	
4.465498e-03	2.598723e-05	
4.623098e-03	1.804073e-05	
4.153820e-03	2.759728e-05	
3.616921e-03	1.417716e-05	
1.823742e-03	2.363094e-05	
1.111104e-03	3.322403e-05	
2.039579e-03	3.205041e-05	
1.809242e-03	1.623326e-05	
1.782585e-03	2.097708e-05	
7.326413e-04	1.363420e-05	
2.399752e-03	5.411216e-06	
2.868897e-03	4.124823e-05	
5.248881e-03	2.302603e-05	
6.229716e-04	3.420674e-05	
3.782103e-03	3.709003e-05	
1.876878e-03	6.227394e-05	
3.232215e-03	3.601417e-05	
2.484803e-03	6.970967e-05	
4.864152e-03	5.687502e-05	
2.993660e-03	1.021432e-04	
5.591341e-03	1.441349e-04	
2.355163e-03	1.229879e-04	
3.103859e-03	1.413783e-04	
3.174063e-03	1.994252e-04	
9.332431e-04	1.851739e-04	
4.098852e-03	1.179646e-04	
2.924140e-03	1.284109e-04	
4.290347e-03	7.602808e-05	
1.099199e-03	4.437751e-05	
1.438751e-03	5.467257e-06	
3.647358e-03	4.203798e-05	
7.734682e-04	2.071138e-05	
3.083426e-03	1.004396e-05	
4.913766e-03	2.528767e-05	
3.495649e-03	6.665466e-06	
3.658027e-03	9.180339e-06	
5.611945e-03	7.701775e-06	
4.194372e-03	2.564525e-05	
4.184606e-03	6.755073e-06	
3.474532e-03	8.688871e-06	
2.699413e-03	2.881596e-05	
2.326197e-03	1.228204e-05	
9.655156e-04	1.838273e-05	
2.846962e-03	3.570737e-05	
2.403047e-03	1.676352e-05	
3.200335e-03	1.679443e-05	
3.380889e-03	1.704985e-05	
4.058761e-03	2.143340e-05	
2.465431e-03	3.295009e-06	
3.404348e-03	1.043782e-05	
1.930906e-03	1.341443e-05	
2.071678e-03	2.367643e-05	
2.645056e-03	4.411969e-05	
3.056876e-03	3.325857e-05	
2.590098e-03	2.508489e-05	
2.505710e-03	6.640159e-05	
1.524498e-03	4.226197e-05	
3.662889e-03	5.726802e-05	
1.830038e-03	1.461374e-04	
1.804595e-03	6.330992e-05	
1.946107e-03	1.187600e-04	
2.984891e-03	2.510863e-04	
9.905041e-04	1.905889e-04	
1.109141e-03	8.137829e-05	
1.720990e-03	5.418836e-05	
2.987430e-03	6.668871e-05	
4.188355e-03	1.339414e-05	
2.615752e-03	4.917187e-05	
4.018919e-03	5.558071e-05	
1.734667e-03	9.484761e-06	
3.487945e-03	5.292145e-06	
1.585044e-03	2.582059e-05	
4.517034e-03	2.989936e-07	
2.248154e-03	2.207961e-05	
2.325502e-03	2.461546e-05	
2.942311e-03	1.520896e-05	
4.184064e-03	2.062004e-05	
3.825382e-03	2.243240e-05	
1.765377e-03	1.964545e-05	
2.632971e-03	2.641802e-05	
1.115173e-03	2.430375e-05	
3.017224e-03	4.024273e-05	
4.033082e-03	2.643710e-05	
2.000029e-03	3.553409e-05	
4.778680e-03	4.060197e-05	
3.230015e-03	2.733232e-05	
2.660786e-03	2.294312e-05	
2.484339e-03	1.388493e-05	
4.377154e-03	1.685832e-05	
2.493195e-03	2.256668e-05	
3.271843e-03	2.480980e-05	
4.024699e-03	2.622287e-05	
1.027742e-04	2.869112e-05	
2.980647e-03	6.598611e-05	
4.535822e-03	3.003157e-05	
2.121102e-03	3.109478e-05	
2.107266e-03	7.384048e-05	
3.932678e-03	4.866590e-05	
2.145267e-03	2.104925e-04	
8.517606e-04	3.539336e-04	
2.651736e-03	1.488345e-04	
3.561378e-03	9.714952e-05	
5.772065e-03	1.245189e-04	
1.053640e-03	6.764152e-05	
2.791695e-03	5.423932e-05	
5.878732e-04	4.904236e-05	
4.186640e-03	2.446169e-05	
2.985340e-03	1.570662e-05	
2.344665e-03	2.860190e-05	
5.431431e-03	1.967837e-05	
3.275585e-03	2.600096e-05	
1.245430e-03	2.727697e-05	
2.829290e-03	3.202552e-05	
1.969432e-03	6.367813e-06	
1.899683e-03	1.276734e-05	
4.792210e-03	2.236299e-05	
2.026175e-03	1.168171e-05	
2.120012e-03	4.339561e-06	
1.737780e-03	1.853042e-05	
3.322559e-03	1.443921e-05	
1.373654e-03	2.989511e-05	
5.287778e-03	2.588235e-05	
2.010596e-03	3.314676e-05	
2.616802e-03	3.637134e-05	
2.123488e-03	2.842386e-05	
4.671463e-03	2.376164e-05	
3.224058e-03	4.028911e-05	
2.525715e-03	6.064131e-05	
2.257462e-03	1.371235e-05	
2.798190e-03	2.098037e-05	
4.346514e-03	4.265729e-05	
5.233530e-03	7.602656e-05	
1.005586e-03	5.322153e-05	
3.421820e-03	6.028641e-05	
3.686087e-03	8.655426e-05	
3.910681e-03	5.628600e-05	
3.247936e-03	1.328946e-04	
2.704067e-03	2.969589e-04	
2.044483e-03	6.306396e-05	
3.390256e-03	1.584226e-04	
3.291042e-03	8.795574e-05	
1.605967e-03	3.448460e-05	
1.969378e-03	1.580166e-05	
3.616707e-03	4.237100e-05	
4.037389e-03	1.050061e-05	
8.164601e-04	1.552346e-07	
1.040741e-03	5.739441e-06	
3.066060e-03	3.776473e-05	
1.470025e-03	1.258927e-05	
2.680903e-03	3.920296e-05	
2.501942e-03	4.438116e-06	
4.512422e-03	1.139462e-06	
6.275927e-03	1.812769e-06	
1.793048e-03	4.124181e-06	
1.821210e-03	1.889925e-06	
4.558433e-03	1.034023e-05	
3.702780e-03	5.148014e-06	
2.829868e-03	3.287989e-06	
2.426562e-03	8.919090e-06	
1.772465e-03	1.402150e-05	
2.558659e-03	4.165624e-07	
3.299420e-03	5.398557e-06	
3.585635e-03	1.776144e-05	
2.328122e-03	9.232585e-06	
2.912564e-03	4.472138e-05	
2.913703e-03	1.526581e-05	
3.887997e-03	4.155940e-05	
5.234352e-03	4.210241e-05	
4.665425e-03	6.155677e-05	
4.114780e-03	7.270543e-05	
5.066835e-03	4.394587e-05	
3.109734e-03	2.196911e-05	
2.361098e-03	5.949449e-05	
4.306646e-03	3.838831e-05	
3.061190e-03	1.998490e-04	
2.822209e-03	1.417595e-04	
5.176973e-03	1.796580e-04	
2.583086e-03	6.869590e-05	
1.723245e-03	2.913832e-05	
4.136777e-03	1.510603e-06	
2.010238e-03	5.764959e-06	
9.064023e-04	3.027455e-05	
1.562772e-03	4.098264e-05	
4.229481e-03	2.089920e-05	
2.225812e-03	2.025016e-05	
5.017825e-03	1.169659e-06	
1.979540e-03	2.337748e-05	
9.474331e-04	2.432991e-05	
7.865690e-04	1.719835e-05	
1.510976e-03	2.172467e-05	
3.109929e-03	2.045054e-05	
5.354254e-03	1.952437e-05	
2.135495e-03	1.495228e-05	
1.961009e-03	2.507609e-05	
5.412751e-03	1.349100e-05	
3.415735e-03	9.454979e-06	
9.623159e-04	3.093184e-05	
1.311316e-03	1.326254e-05	
4.391565e-03	1.140916e-05	
3.244099e-03	1.511342e-06	
2.297780e-03	2.465027e-05	
4.063766e-03	2.060768e-05	
1.542389e-03	5.089113e-06	
3.509778e-03	1.713843e-05	
3.326795e-03	2.611380e-05	
1.475602e-03	5.084474e-05	
2.532388e-03	3.295745e-06	
2.602612e-03	3.651957e-05	
3.291310e-03	1.312067e-05	
4.582898e-03	3.726903e-05	
3.158165e-03	5.147846e-05	
2.868209e-03	4.344423e-05	
4.611959e-04	6.508649e-05	
3.322932e-03	1.289268e-04	
