2.432700e-03	5.713482e-07	
1.763048e-03	9.592103e-08	
5.732317e-03	6.717012e-06	
4.806788e-03	2.154650e-05	
1.879800e-03	3.748952e-05	
1.892805e-03	3.760862e-05	
3.530642e-03	1.497493e-05	
2.707196e-03	4.215528e-05	
1.954492e-03	6.166427e-05	
1.437653e-03	8.248907e-05	
1.515006e-03	4.582815e-05	
3.000775e-03	2.808829e-05	
6.026785e-04	1.566136e-05	
3.328072e-03	6.745266e-05	
1.975441e-03	1.983062e-05	
3.936993e-03	1.411028e-06	
2.076847e-03	3.486810e-05	
3.394514e-03	2.708496e-06	
2.208870e-03	4.231247e-05	
2.562950e-03	4.695612e-05	
5.152785e-04	2.239240e-05	
3.660803e-03	2.576243e-05	
1.566360e-03	2.226201e-05	
3.471932e-03	2.536901e-05	
3.435636e-03	3.063099e-06	
2.660592e-03	2.794831e-05	
4.064229e-03	3.508393e-05	
1.859768e-03	3.840329e-05	
2.731680e-03	4.432668e-06	
3.990469e-03	5.136130e-05	
7.990624e-04	2.030438e-05	
2.370467e-03	3.028526e-05	
3.010179e-03	2.313702e-05	
4.800362e-04	8.453837e-06	
3.381966e-03	3.386429e-05	
2.920310e-03	1.032193e-05	
3.523027e-03	1.721992e-05	
2.664100e-03	1.443563e-05	
3.330365e-03	2.790908e-05	
2.901998e-03	1.826015e-05	
1.218892e-03	6.523366e-06	
3.127259e-03	2.306711e-05	
2.437780e-03	1.915587e-05	
2.158080e-03	5.620160e-06	
1.441659e-03	1.895126e-05	
3.234736e-03	2.331220e-05	
4.711026e-03	2.576581e-05	
6.265651e-03	3.172257e-05	
2.768260e-03	3.220830e-05	
2.225700e-03	7.535508e-06	
1.574741e-03	2.536527e-05	
3.568724e-03	3.981618e-05	
2.558244e-03	2.234251e-05	
5.169488e-03	8.817696e-06	
7.936349e-04	3.544781e-05	
2.338538e-03	2.488304e-05	
3.563710e-03	3.673537e-05	
1.327178e-03	2.108345e-05	
1.477627e-03	2.389349e-05	
1.854138e-03	1.505708e-06	
1.747228e-03	2.237085e-05	
2.335404e-03	6.325127e-06	
1.224881e-03	1.756147e-05	
6.532351e-04	8.728948e-06	
8.442789e-04	1.686063e-05	
4.473415e-03	1.641224e-05	
2.740297e-03	5.131040e-06	
2.584159e-03	1.273509e-05	
2.312984e-03	5.880207e-05	
4.408933e-03	4.216088e-05	
2.284839e-03	1.829756e-05	
5.550354e-03	5.488698e-06	
1.698911e-03	1.814416e-05	
2.457161e-03	1.883495e-05	
1.285464e-03	4.571861e-05	
5.728449e-03	3.342922e-05	
2.835453e-03	2.273696e-05	
4.875357e-03	7.570046e-07	
2.768957e-03	4.233687e-06	
2.954067e-03	3.598030e-06	
1.075277e-03	2.008374e-05	
2.837753e-03	7.777169e-05	
4.417242e-03	1.315641e-05	
3.922498e-03	3.753210e-05	
2.362410e-03	4.124292e-05	
3.722767e-03	1.398205e-05	
2.933409e-03	6.012994e-05	
2.851446e-03	2.494673e-05	
3.037967e-03	6.244863e-05	
2.769906e-03	1.352655e-06	
2.809851e-03	4.123013e-05	
2.408589e-03	2.968494e-05	
2.058896e-03	3.816074e-05	
1.613272e-03	2.375234e-05	
5.143780e-03	3.205756e-06	
2.459322e-03	2.928309e-05	
5.672694e-04	2.139426e-06	
1.827102e-03	8.558640e-06	
2.407846e-03	6.417818e-05	
1.721533e-03	4.794193e-05	
5.061527e-03	7.434569e-05	
2.377878e-03	3.756124e-05	
2.341564e-03	1.106495e-05	
2.298830e-03	7.765739e-05	
2.987505e-03	1.010838e-05	
2.385004e-03	5.776831e-05	
3.744963e-03	1.088310e-05	
4.465385e-03	3.094690e-05	
2.246600e-03	7.794369e-05	
1.893054e-03	2.385438e-05	
1.468821e-03	3.659568e-05	
4.257193e-03	2.017335e-05	
3.001640e-03	4.930258e-05	
2.146747e-03	5.111909e-05	
1.272155e-03	5.492061e-05	
1.283355e-03	4.178799e-05	
2.654213e-03	6.308399e-05	
3.867353e-03	5.063500e-05	
4.058302e-03	8.823974e-05	
5.529005e-03	9.211588e-05	
2.807094e-03	5.315567e-05	
3.511544e-03	6.076005e-05	
4.474695e-03	4.717794e-05	
3.447138e-03	4.548008e-05	
3.089850e-03	3.713218e-05	
2.283113e-03	7.355042e-05	
3.408998e-03	7.137314e-05	
4.687503e-03	6.823121e-05	
3.760724e-03	6.246218e-05	
3.796651e-03	4.260082e-05	
2.681417e-03	4.938231e-05	
5.319713e-03	5.263946e-05	
2.135847e-03	5.827706e-05	
1.152843e-03	6.639648e-05	
5.215970e-03	4.828243e-05	
2.891331e-03	6.201426e-05	
4.452572e-03	7.317111e-05	
1.458178e-03	5.241782e-05	
7.291437e-03	4.271606e-05	
1.092234e-03	6.814112e-05	
7.838357e-04	6.840442e-05	
2.790167e-03	1.980527e-05	
4.141477e-03	5.887051e-05	
3.373860e-03	4.257450e-05	
1.270972e-03	6.349341e-05	
2.075028e-03	8.177989e-05	
4.734819e-03	8.365267e-05	
2.406496e-03	9.348941e-05	
1.640132e-03	3.977703e-05	
5.786089e-03	4.488528e-05	
3.821053e-03	1.048851e-04	
2.308842e-03	8.947684e-05	
3.330673e-03	7.529585e-05	
2.237475e-03	5.774541e-05	
3.886526e-03	6.582693e-05	
3.769405e-03	7.881271e-05	
3.681082e-03	7.286117e-05	
1.142385e-03	8.195694e-05	
5.346106e-03	7.256258e-05	
2.865820e-03	8.054996e-05	
5.158013e-03	7.441267e-05	
3.411258e-03	5.710414e-05	
8.594472e-04	5.603015e-05	
4.145756e-03	8.074372e-05	
2.106554e-03	3.499354e-05	
2.844540e-03	6.491460e-05	
2.900588e-03	4.943089e-05	
3.254991e-03	5.816543e-05	
2.869150e-03	5.334966e-05	
1.083833e-03	6.099232e-05	
3.255712e-03	7.462852e-05	
3.509242e-03	8.392365e-05	
5.616904e-03	5.485905e-05	
2.836028e-03	6.644618e-05	
4.204517e-03	6.401216e-05	
4.161867e-03	4.093789e-05	
2.025823e-03	5.125345e-05	
2.961851e-03	6.220684e-05	
2.296736e-03	4.445631e-05	
3.336409e-03	2.175269e-06	
7.574723e-04	1.423188e-05	
2.928759e-03	6.690168e-05	
3.961901e-03	8.432222e-05	
3.005097e-03	8.357496e-05	
2.341658e-03	8.946429e-05	
3.350372e-03	1.047209e-04	
3.542054e-03	9.784978e-05	
4.104160e-03	6.184118e-05	
1.092989e-03	8.011063e-05	
2.252605e-03	5.433842e-05	
4.496559e-03	7.724237e-05	
1.834094e-03	8.123555e-05	
1.930978e-03	7.540429e-05	
3.282321e-03	6.122490e-05	
3.378042e-03	1.330063e-04	
2.586027e-03	9.410183e-05	
3.755034e-03	8.226266e-05	
3.202740e-03	6.125041e-05	
1.619812e-03	9.860653e-05	
3.260518e-03	7.044474e-05	
2.753977e-03	7.408266e-05	
4.119249e-03	5.642274e-05	
2.306998e-03	6.697705e-05	
2.568931e-03	5.740310e-05	
3.500686e-03	2.927935e-05	
3.135253e-03	4.508951e-05	
3.916595e-03	4.338608e-05	
1.844367e-03	3.562551e-05	
3.130032e-03	7.259542e-05	
4.763663e-03	4.109994e-05	
6.203764e-04	4.580793e-05	
1.995358e-03	4.127279e-05	
3.469696e-03	5.517963e-05	
4.472291e-03	4.953779e-05	
3.930303e-03	7.046557e-05	
7.500624e-04	9.072395e-05	
6.676045e-04	3.030427e-05	
2.850264e-03	5.211827e-05	
3.644467e-03	6.676298e-05	
5.781993e-03	7.176550e-05	
2.449009e-03	8.457745e-05	
2.211091e-03	8.899500e-05	
2.605668e-03	9.398408e-05	
2.156266e-03	1.312089e-04	
2.707137e-03	1.203623e-04	
2.918563e-03	8.405429e-05	
5.942628e-03	8.338522e-05	
2.487088e-03	6.179704e-05	
5.225254e-04	7.183322e-05	
2.156957e-03	1.010587e-04	
1.356945e-03	1.199168e-04	
2.471521e-03	1.018100e-04	
8.024768e-04	7.526706e-05	
3.558307e-03	8.043329e-05	
3.004469e-03	8.033362e-05	
5.692827e-03	8.473184e-05	
2.514031e-03	7.954092e-05	
4.086190e-03	8.254052e-05	
1.002610e-03	6.432850e-05	
2.743707e-03	7.246966e-05	
7.375175e-04	7.669131e-05	
1.557099e-03	4.663907e-05	
2.976537e-03	6.868559e-05	
2.384496e-03	5.465031e-05	
3.607206e-03	6.160808e-05	
4.587068e-03	8.107915e-05	
3.314609e-03	6.967615e-05	
2.342403e-03	7.400859e-05	
3.644404e-03	4.754854e-05	
9.251087e-04	6.282203e-05	
2.175729e-03	6.781454e-05	
1.364490e-03	8.675805e-05	
2.994193e-03	8.831473e-05	
1.303654e-03	5.250511e-05	
2.985290e-03	6.378730e-05	
1.401625e-03	8.083422e-05	
2.149091e-03	8.480433e-05	
2.466642e-03	1.030023e-04	
3.595882e-03	8.165602e-05	
3.957484e-03	6.393625e-05	
1.289703e-03	7.800706e-05	
2.644735e-03	9.598422e-05	
3.767653e-03	1.158210e-04	
2.874709e-03	1.014565e-04	
1.318318e-03	1.328449e-04	
3.094002e-03	9.792557e-05	
5.170893e-04	1.055971e-04	
4.355373e-03	1.277890e-04	
3.212625e-03	1.188075e-04	
2.604526e-03	1.089016e-04	
4.462411e-03	8.989088e-05	
2.005815e-03	8.610929e-05	
5.380111e-03	9.050747e-05	
9.160737e-04	9.593506e-05	
3.689919e-03	9.022353e-05	
8.406922e-04	5.341819e-05	
3.260675e-03	8.245689e-05	
5.316627e-03	8.058609e-05	
2.464917e-03	7.222261e-05	
3.574627e-03	8.219355e-05	
2.537456e-03	4.503851e-05	
3.467217e-03	7.429522e-05	
1.748770e-03	6.310415e-05	
4.218158e-03	7.675029e-05	
2.824837e-03	5.040504e-05	
1.966621e-03	8.157425e-05	
5.158453e-03	6.796057e-05	
1.434032e-03	5.560614e-05	
2.261862e-03	8.163485e-05	
4.745480e-03	6.303167e-05	
4.422978e-03	8.539135e-05	
2.400101e-03	7.066790e-05	
4.008220e-03	8.405671e-05	
1.908271e-03	1.066173e-04	
4.795295e-03	1.077166e-04	
1.588040e-03	7.022433e-05	
6.513607e-04	7.240010e-05	
1.764142e-03	8.381530e-05	
1.693588e-03	7.821434e-05	
2.210531e-03	1.081915e-04	
3.383311e-03	8.548600e-05	
2.143527e-03	1.378042e-04	
3.105554e-03	1.752943e-04	
2.571299e-03	1.302899e-04	
2.421452e-03	1.204400e-04	
1.222717e-03	1.200823e-04	
1.933643e-03	6.576472e-05	
2.444909e-03	1.668489e-04	
1.885533e-03	1.391408e-04	
4.786028e-04	1.135034e-04	
2.440014e-03	1.168944e-04	
2.687013e-03	7.571226e-05	
2.252086e-03	8.107066e-05	
1.825925e-03	1.043588e-04	
2.424517e-03	1.115705e-04	
2.475505e-03	9.347881e-05	
2.279225e-03	1.012996e-04	
3.002843e-03	8.093360e-05	
3.066030e-03	7.610857e-05	
2.292444e-03	5.926653e-05	
2.077340e-03	8.057523e-05	
2.347136e-03	7.061515e-05	
1.532793e-03	5.686710e-05	
6.950919e-03	7.962048e-05	
1.530948e-03	8.357627e-05	
6.132191e-03	7.389709e-05	
3.134696e-03	6.723635e-05	
7.985010e-04	6.427881e-05	
9.055006e-04	5.510699e-05	
2.420549e-03	5.484800e-05	
3.078490e-03	7.422900e-05	
4.113886e-03	1.092078e-04	
1.469080e-03	8.400743e-05	
2.499475e-03	9.478132e-05	
3.851081e-03	9.031372e-05	
1.154880e-03	8.803379e-05	
2.096200e-03	8.657040e-05	
8.436245e-04	1.186891e-04	
2.530200e-04	1.141867e-04	
2.530280e-03	9.837922e-05	
4.310907e-03	1.394403e-04	
2.327312e-03	3.410494e-05	
4.349461e-03	1.018395e-04	
2.001772e-03	1.353548e-04	
5.755784e-03	1.226969e-04	
5.277112e-03	8.577380e-05	
3.014240e-03	1.308159e-04	
3.902548e-03	1.223842e-04	
5.900226e-03	1.330305e-04	
1.834387e-03	1.103917e-04	
3.820339e-03	1.156065e-04	
3.336224e-03	1.279547e-04	
5.756628e-03	1.073188e-04	
3.964566e-03	7.020221e-05	
2.816248e-03	7.887971e-05	
1.457848e-03	7.955127e-05	
4.439023e-03	6.767526e-05	
3.510043e-03	6.600114e-05	
4.103260e-03	7.874285e-05	
1.578610e-03	5.122217e-05	
1.266806e-03	5.205561e-05	
1.998846e-03	7.452605e-05	
1.073271e-03	5.789078e-05	
1.925552e-03	6.012770e-05	
7.148497e-03	8.146679e-05	
3.856597e-03	6.843465e-05	
3.726486e-03	8.149908e-05	
1.879598e-03	1.028515e-04	
4.913052e-04	8.521166e-05	
3.627823e-03	7.048747e-05	
1.105627e-03	1.032171e-04	
1.136599e-03	8.666265e-05	
2.154468e-03	1.110337e-04	
2.068683e-03	9.779616e-05	
4.100475e-03	1.018575e-04	
2.685525e-03	1.176351e-04	
2.113715e-03	1.039503e-04	
4.443897e-03	7.308578e-05	
1.519727e-03	1.065727e-04	
2.514145e-03	1.521068e-04	
2.292005e-03	1.370272e-04	
2.799119e-03	1.553500e-04	
4.356049e-03	1.036886e-04	
4.164981e-03	1.066988e-04	
1.043526e-03	7.342469e-05	
7.932313e-04	1.113212e-04	
2.806696e-03	1.357100e-04	
1.267105e-03	1.168496e-04	
2.991648e-03	1.109498e-04	
1.053792e-03	1.291568e-04	
5.386022e-03	1.020498e-04	
4.447525e-03	9.454586e-05	
6.217895e-04	8.328474e-05	
1.219419e-04	8.834237e-05	
3.779853e-03	8.192169e-05	
2.545764e-03	7.040059e-05	
4.902717e-03	6.246897e-05	
8.957589e-04	6.939669e-05	
4.106358e-03	8.185233e-05	
8.650903e-04	3.993423e-05	
4.710615e-03	6.560718e-05	
5.100554e-03	5.714368e-05	
3.399409e-03	7.668414e-05	
2.307633e-03	7.892694e-05	
1.379657e-03	5.965318e-05	
1.720782e-03	7.995138e-05	
2.457560e-03	7.752769e-05	
2.535862e-03	6.365157e-05	
4.209911e-03	7.665874e-05	
3.726175e-03	6.422813e-05	
3.440755e-03	8.099686e-05	
2.711498e-03	1.040502e-04	
2.531476e-03	1.075165e-04	
3.501566e-03	9.873815e-05	
4.971658e-03	7.130035e-05	
2.531517e-03	8.544270e-05	
3.977447e-03	2.050360e-04	
1.676113e-03	1.684727e-04	
9.256350e-05	1.309254e-04	
3.888128e-03	1.610606e-04	
2.826722e-03	1.225587e-04	
1.938768e-03	1.436194e-04	
1.150496e-03	7.660436e-05	
1.036468e-03	8.683994e-05	
1.673083e-03	9.789628e-05	
1.024206e-03	1.243068e-04	
3.186651e-03	1.201255e-04	
4.344554e-03	1.269555e-04	
5.412754e-04	1.018386e-04	
1.086497e-03	8.856256e-05	
7.079386e-04	1.118968e-04	
1.292413e-03	8.153535e-05	
1.089849e-03	9.601560e-05	
1.750698e-03	7.375124e-05	
4.014710e-03	7.124191e-05	
2.677693e-03	9.872662e-05	
5.222243e-03	6.988215e-05	
4.632957e-03	7.715985e-05	
4.704829e-03	8.344245e-05	
1.184753e-03	8.365232e-05	
3.148362e-03	7.098695e-05	
7.336731e-04	6.899963e-05	
1.183124e-03	4.134849e-05	
8.621354e-04	5.199597e-05	
1.778005e-03	3.796244e-05	
2.396843e-03	5.613231e-05	
1.162358e-03	6.533395e-05	
1.113592e-03	5.926307e-05	
1.627218e-03	8.831773e-05	
1.475574e-03	6.409041e-05	
3.880361e-03	7.837179e-05	
5.084854e-04	4.688007e-05	
1.463436e-03	8.541630e-05	
4.303313e-03	1.280857e-04	
1.504619e-03	1.344130e-04	
3.323904e-03	2.074885e-04	
1.453780e-03	1.333651e-04	
2.636088e-03	1.382423e-04	
5.893204e-03	1.976477e-04	
2.389641e-03	1.501341e-04	
2.359429e-03	9.516231e-05	
3.010910e-03	1.226338e-04	
3.231500e-03	1.233728e-04	
2.416536e-03	1.122833e-04	
4.032198e-03	1.202737e-04	
1.187289e-03	1.064233e-04	
2.219213e-03	9.913414e-05	
2.762606e-03	1.142399e-04	
9.726777e-04	1.177873e-04	
4.131028e-03	8.304932e-05	
1.021208e-03	6.346119e-05	
3.217963e-03	8.621209e-05	
2.020504e-03	8.411798e-05	
2.364214e-03	7.556755e-05	
2.278739e-03	9.127778e-05	
3.073995e-03	6.275411e-05	
2.728277e-03	7.738991e-05	
2.881271e-03	6.686747e-05	
1.646440e-03	6.930319e-05	
7.941609e-04	7.559269e-05	
2.985379e-03	6.265117e-05	
4.326753e-03	7.484739e-05	
1.938948e-03	4.886493e-05	
4.087624e-03	4.927402e-05	
2.251102e-03	7.480825e-05	
3.689609e-03	7.168613e-05	
2.965012e-03	6.820428e-05	
4.608675e-03	5.433656e-05	
1.000276e-03	4.402601e-05	
3.142281e-03	6.475105e-05	
1.138670e-03	7.065194e-05	
2.462046e-03	8.361350e-05	
4.441397e-03	1.594758e-04	
2.845084e-03	1.151031e-04	
1.208394e-03	2.260664e-04	
2.078670e-03	1.700610e-04	
2.617154e-03	1.729634e-04	
3.526650e-03	1.146063e-04	
2.999857e-03	1.072297e-04	
3.129185e-03	1.031130e-04	
3.959953e-03	1.064876e-04	
7.572270e-04	1.238803e-04	
4.045152e-03	1.372836e-04	
1.685029e-03	1.336598e-04	
3.338490e-03	1.024096e-04	
4.727302e-03	1.240784e-04	
1.937291e-03	1.280062e-04	
2.395818e-03	8.621538e-05	
4.298147e-03	7.218309e-05	
2.193912e-03	9.365748e-05	
3.440894e-03	7.330376e-05	
2.833498e-03	8.529300e-05	
3.554215e-03	8.299046e-05	
2.832182e-03	7.465587e-05	
1.508470e-03	7.739965e-05	
4.430343e-03	7.371121e-05	
2.885633e-03	7.361405e-05	
1.043767e-03	6.035927e-05	
4.368148e-03	6.931413e-05	
1.471578e-03	8.111073e-05	
3.062814e-03	5.922484e-05	
2.850478e-03	6.821275e-05	
3.385599e-03	8.607516e-05	
1.901994e-03	5.863634e-05	
1.766221e-03	4.194429e-05	
1.443144e-04	7.485793e-05	
4.559189e-03	4.614804e-05	
3.250339e-03	9.508757e-05	
2.087591e-03	6.595795e-05	
3.853295e-03	1.240944e-04	
2.247724e-03	7.047039e-05	
4.530886e-03	1.394298e-04	
3.418857e-03	1.803853e-04	
3.561687e-03	1.245936e-04	
1.412164e-03	1.318195e-04	
2.450255e-03	1.171450e-04	
3.481639e-03	8.167069e-05	
1.569877e-03	1.338256e-04	
3.731662e-03	1.274875e-04	
1.678422e-03	1.149175e-04	
3.093532e-03	1.130049e-04	
2.774517e-03	1.190737e-04	
2.107184e-03	1.025386e-04	
4.019387e-03	1.208082e-04	
2.834268e-03	8.367332e-05	
1.600883e-03	7.934992e-05	
1.984316e-03	1.031663e-04	
4.852297e-03	7.565788e-05	
5.618371e-03	8.180718e-05	
4.507909e-03	7.709714e-05	
1.250101e-03	1.066750e-04	
3.259828e-03	1.027391e-04	
3.125048e-03	6.863811e-05	
1.125077e-03	7.355436e-05	
5.023104e-04	6.601402e-05	
4.287793e-03	6.498591e-05	
3.040274e-03	7.466806e-05	
2.578349e-03	5.724300e-05	
9.944606e-04	7.027346e-05	
1.900117e-03	4.362926e-05	
4.963972e-03	5.196358e-05	
1.289954e-03	6.696151e-05	
1.139661e-03	6.705242e-05	
3.790766e-03	4.420399e-05	
3.933166e-03	4.407010e-05	
1.653436e-03	5.683916e-05	
5.904009e-03	6.481350e-05	
3.330746e-03	9.648559e-05	
3.356720e-03	1.286757e-04	
2.377164e-03	3.211353e-05	
2.582807e-03	2.141746e-04	
6.355232e-04	1.422454e-04	
1.694466e-03	1.189830e-04	
3.021161e-03	6.916189e-05	
1.561021e-03	7.686394e-05	
5.396522e-03	1.251356e-04	
2.275401e-03	1.143372e-04	
1.986681e-03	1.046669e-04	
2.053830e-03	9.496385e-05	
1.028761e-03	1.213414e-04	
4.874255e-03	9.765142e-05	
2.982177e-03	1.157623e-04	
1.592373e-03	7.767925e-05	
4.322826e-03	8.823540e-05	
2.037151e-03	9.260207e-05	
3.329831e-03	9.382596e-05	
2.272318e-03	7.248069e-05	
4.209635e-03	9.399378e-05	
1.386487e-03	9.852311e-05	
2.905192e-03	1.017160e-04	
8.692696e-04	7.894093e-05	
4.559459e-03	6.803736e-05	
2.431796e-03	7.463194e-05	
1.689349e-03	6.542173e-05	
2.990644e-03	7.568575e-05	
3.851954e-03	7.318837e-05	
1.889058e-03	6.158077e-05	
3.715377e-04	5.509565e-05	
6.008017e-04	7.991810e-05	
4.228195e-03	5.295074e-05	
2.285704e-03	4.411830e-05	
6.206927e-03	8.369736e-05	
1.336930e-03	6.625048e-05	
3.406015e-03	5.673287e-05	
1.738863e-03	3.566529e-05	
4.271517e-03	1.053831e-04	
4.126994e-03	1.832194e-04	
2.361802e-03	1.752447e-04	
2.813556e-03	1.673651e-04	
2.937547e-03	1.084555e-04	
1.303444e-03	1.448864e-04	
2.631845e-03	1.620559e-04	
1.457696e-03	1.078547e-04	
3.752568e-03	1.044791e-04	
2.972740e-03	1.139872e-04	
5.254776e-04	8.263319e-05	
2.885124e-03	1.029504e-04	
6.279677e-03	1.005407e-04	
1.582393e-03	1.184177e-04	
2.899376e-03	1.125601e-04	
2.664867e-03	9.310543e-05	
1.793638e-03	1.014744e-04	
1.279647e-03	9.446392e-05	
3.348665e-03	8.314319e-05	
2.572861e-03	9.187602e-05	
4.251680e-04	8.987533e-05	
2.476256e-03	7.016100e-05	
1.716607e-03	7.389641e-05	
4.586464e-03	7.134351e-05	
1.845724e-03	6.066492e-05	
3.502372e-03	7.297917e-05	
1.232279e-03	7.339806e-05	
1.059631e-03	6.296522e-05	
1.382825e-03	5.031490e-05	
4.637552e-03	5.614555e-05	
4.600810e-03	6.402293e-05	
2.792713e-03	7.200924e-05	
3.232896e-03	7.909520e-05	
3.862833e-03	5.462521e-05	
2.016223e-03	5.875440e-05	
2.483663e-03	5.655756e-05	
1.098739e-03	5.597332e-05	
4.912141e-03	6.294284e-05	
1.975594e-03	8.628772e-05	
3.055920e-04	1.704022e-04	
2.426675e-03	1.507077e-04	
4.077835e-03	1.854760e-04	
2.210519e-03	2.240394e-04	
2.825026e-03	1.854959e-04	
5.138471e-03	1.457141e-04	
2.234496e-03	1.094575e-04	
4.537535e-04	1.069078e-04	
3.393613e-03	1.218404e-04	
2.775407e-03	8.186332e-05	
4.399400e-03	8.471969e-05	
4.467873e-04	8.663683e-05	
3.298793e-03	1.014017e-04	
2.900068e-03	9.544821e-05	
1.127205e-03	1.041049e-04	
2.374929e-03	9.590577e-05	
1.841819e-03	8.405845e-05	
3.535207e-03	7.738407e-05	
3.675754e-03	9.631481e-05	
3.777119e-03	7.648201e-05	
7.963273e-04	7.486933e-05	
2.518403e-03	7.366436e-05	
2.138593e-03	6.939383e-05	
5.439071e-03	6.231669e-05	
1.797232e-03	6.363521e-05	
1.196891e-03	5.711272e-05	
2.614586e-03	6.126263e-05	
1.831301e-03	5.661735e-05	
1.988903e-03	5.122752e-05	
3.833234e-03	4.795753e-05	
2.578846e-03	6.892814e-05	
3.396678e-03	8.230509e-05	
1.401243e-03	5.992973e-05	
3.872423e-03	5.969511e-05	
2.595638e-03	4.430291e-05	
5.664055e-03	5.821510e-05	
2.806478e-03	7.257237e-05	
2.162422e-03	1.180565e-04	
5.263829e-03	2.019228e-04	
3.250172e-03	1.063163e-04	
1.937351e-03	3.259907e-04	
2.041835e-03	2.079048e-04	
4.349825e-03	1.558719e-04	
1.897198e-03	1.224938e-04	
1.788898e-03	1.085752e-04	
3.690110e-03	1.172084e-04	
2.725590e-03	8.784506e-05	
1.371177e-03	8.276325e-05	
1.444154e-03	7.974617e-05	
2.183641e-03	9.592164e-05	
3.177021e-03	1.103130e-04	
3.191604e-03	8.356058e-05	
2.330400e-03	1.069208e-04	
2.438885e-03	9.210542e-05	
2.646638e-03	9.959876e-05	
4.000747e-03	8.719682e-05	
1.526899e-03	7.182852e-05	
4.457158e-03	7.655010e-05	
2.341444e-03	6.609276e-05	
9.556737e-04	7.212930e-05	
4.235542e-03	8.108442e-05	
3.140931e-03	7.035130e-05	
2.951860e-03	7.101383e-05	
6.876332e-04	7.351990e-05	
3.116853e-03	7.452466e-05	
1.950959e-03	6.649230e-05	
4.234799e-03	6.918366e-05	
1.069725e-03	3.316120e-05	
3.889744e-03	5.180561e-05	
3.649456e-03	5.144042e-05	
3.269517e-03	5.456127e-05	
2.731820e-03	6.272368e-05	
3.139275e-03	8.704500e-05	
1.953538e-03	8.267352e-05	
3.345683e-03	6.565838e-05	
2.941524e-03	1.147189e-04	
5.604316e-03	1.824309e-04	
5.636304e-04	1.554854e-04	
3.094460e-03	1.254091e-04	
3.150044e-03	2.246167e-04	
4.227187e-03	1.226323e-04	
5.673332e-03	1.403524e-04	
1.001837e-03	7.738052e-05	
3.562112e-03	1.271231e-04	
3.602424e-03	1.007290e-04	
3.026424e-03	1.003059e-04	
2.467327e-03	8.005370e-05	
1.107932e-03	9.393040e-05	
7.777419e-04	1.016998e-04	
4.446521e-03	8.820600e-05	
1.404919e-03	8.774871e-05	
3.869351e-03	1.106561e-04	
5.015314e-04	8.756995e-05	
2.970040e-03	9.445155e-05	
4.659138e-03	6.753833e-05	
1.945348e-03	7.088985e-05	
2.465711e-03	5.598851e-05	
1.817753e-03	8.492223e-05	
4.235941e-03	6.184630e-05	
3.031893e-03	7.592793e-05	
4.756414e-04	8.323582e-05	
2.892740e-03	7.938857e-05	
7.748652e-04	8.244584e-05	
1.101746e-03	1.000405e-04	
1.532650e-03	5.614828e-05	
3.013518e-03	6.555074e-05	
5.027995e-03	4.636998e-05	
3.281301e-03	3.918424e-05	
2.323925e-03	5.359069e-05	
2.781239e-03	3.191665e-05	
2.214985e-03	7.378026e-05	
4.745943e-03	8.570925e-05	
6.262414e-04	8.727682e-05	
6.538757e-04	9.513969e-05	
2.870261e-03	1.317757e-04	
3.777289e-03	5.312902e-05	
2.216687e-03	2.514870e-04	
2.280764e-03	1.795666e-04	
1.557754e-04	1.484833e-04	
1.533670e-03	1.606922e-04	
2.451234e-03	1.287013e-04	
4.472028e-03	9.858112e-05	
4.105934e-03	1.005322e-04	
6.401147e-04	7.272861e-05	
4.702044e-03	6.669849e-05	
1.524318e-03	9.198898e-05	
4.158568e-04	7.154619e-05	
2.374222e-03	9.303519e-05	
1.140092e-03	8.902397e-05	
6.514300e-04	9.169681e-05	
2.669168e-03	7.715629e-05	
4.199793e-04	9.598622e-05	
3.647606e-03	8.058775e-05	
3.884719e-03	7.067191e-05	
1.271559e-03	7.885102e-05	
7.272022e-04	7.266946e-05	
4.177532e-03	7.844730e-05	
1.552062e-03	6.485639e-05	
1.569298e-03	6.520253e-05	
4.632600e-03	6.524697e-05	
3.823646e-03	7.369843e-05	
4.826798e-03	6.364437e-05	
2.527331e-04	5.323947e-05	
3.486298e-03	6.915314e-05	
4.640682e-03	8.417481e-05	
1.523828e-03	5.519523e-05	
2.050594e-03	7.281115e-05	
2.481211e-03	2.973935e-05	
2.515287e-03	2.948318e-05	
1.331379e-03	5.346904e-05	
4.472280e-03	2.677602e-05	
2.868836e-03	9.521503e-05	
1.789588e-03	1.724082e-04	
2.471437e-03	2.447821e-04	
3.259088e-03	2.343903e-04	
5.026732e-04	2.403761e-04	
5.427327e-03	1.116521e-04	
1.657435e-03	6.823324e-05	
3.451333e-03	6.672756e-05	
3.838590e-03	6.683617e-05	
2.187218e-03	8.565756e-05	
4.861873e-03	5.408596e-05	
2.842875e-03	6.796086e-05	
6.464458e-04	7.216542e-05	
3.541225e-03	8.248452e-05	
2.881867e-03	9.129414e-05	
1.349719e-03	1.131660e-04	
1.813979e-03	9.930400e-05	
4.877286e-03	8.270079e-05	
3.169842e-03	5.983137e-05	
3.646526e-03	7.568284e-05	
4.673645e-03	6.993766e-05	
2.131836e-03	6.227545e-05	
3.160303e-03	4.536969e-05	
1.726744e-03	6.764219e-05	
4.515669e-03	5.721536e-05	
1.471104e-03	6.793138e-05	
1.718842e-03	6.008815e-05	
2.019596e-03	5.474071e-05	
8.191478e-04	6.203087e-05	
2.666286e-03	4.322222e-05	
4.018878e-03	5.264155e-05	
3.108986e-03	8.853524e-05	
3.167577e-03	5.929184e-05	
1.892711e-03	3.822869e-05	
3.819511e-03	7.735061e-05	
2.191271e-03	1.998061e-05	
3.287543e-03	4.971144e-05	
5.601562e-03	4.441450e-06	
3.330903e-03	1.152664e-04	
8.643310e-04	1.342011e-04	
4.218542e-03	2.475931e-04	
1.302109e-03	1.248786e-04	
2.202422e-03	2.511394e-04	
3.299414e-03	7.750839e-05	
2.632027e-03	8.309978e-05	
1.405800e-03	5.749390e-05	
1.421968e-03	7.827482e-05	
2.984057e-03	7.304526e-05	
3.474876e-03	6.594494e-05	
3.456481e-03	8.298371e-05	
2.194348e-03	7.398354e-05	
4.750749e-03	7.938635e-05	
3.348640e-03	9.575401e-05	
3.356804e-03	1.086213e-04	
1.530071e-03	1.029919e-04	
1.103192e-03	8.409677e-05	
2.339677e-03	8.309614e-05	
4.359158e-03	9.102477e-05	
3.333617e-04	6.984000e-05	
2.680777e-03	6.685269e-05	
5.448245e-03	6.130340e-05	
9.251092e-04	5.793049e-05	
2.961972e-03	5.271326e-05	
2.265720e-03	5.307468e-05	
3.271786e-03	6.628374e-05	
4.366636e-03	6.356860e-05	
2.059098e-03	5.919794e-05	
3.676554e-03	7.713866e-05	
2.663788e-03	5.932159e-05	
2.681237e-03	8.925187e-05	
1.673502e-03	5.959279e-05	
2.947943e-03	3.895191e-05	
9.687308e-04	1.306187e-05	
3.191398e-03	3.666884e-05	
1.784636e-03	2.229642e-05	
5.035374e-03	3.512638e-05	
3.029252e-03	1.425141e-04	
3.786893e-03	6.556624e-05	
1.821024e-03	1.563018e-04	
2.806214e-03	2.831058e-04	
5.068925e-03	1.662661e-04	
1.199719e-03	1.013823e-04	
2.956205e-03	1.074991e-04	
3.663622e-03	8.581712e-05	
3.868921e-03	6.839417e-05	
1.912872e-03	9.113064e-05	
1.557434e-03	5.128483e-05	
8.768760e-04	6.499183e-05	
2.865971e-03	8.621820e-05	
3.482978e-03	8.744869e-05	
2.650904e-03	7.351311e-05	
3.638850e-03	1.021822e-04	
3.201625e-03	7.886072e-05	
2.786118e-03	6.663556e-05	
4.458882e-03	7.371265e-05	
4.164802e-03	6.812305e-05	
2.391734e-03	6.031685e-05	
1.743950e-03	6.704452e-05	
3.084082e-03	6.906611e-05	
2.138771e-03	9.589227e-05	
5.603778e-03	6.657756e-05	
9.603083e-04	6.784501e-05	
1.269959e-03	6.915589e-05	
2.214534e-03	6.717264e-05	
1.687099e-03	6.853238e-05	
2.646004e-03	8.120678e-05	
4.815919e-03	8.612101e-05	
7.568137e-04	5.690910e-05	
2.796074e-03	8.140384e-05	
2.846145e-03	2.940361e-05	
1.790322e-03	3.115908e-05	
4.721638e-03	5.006402e-05	
2.381416e-03	3.419940e-05	
1.164691e-03	4.635000e-05	
5.294202e-03	7.549931e-05	
3.643894e-03	4.544670e-05	
4.610587e-03	2.103182e-04	
7.326707e-04	2.228818e-04	
2.129197e-03	2.174450e-04	
2.809138e-03	5.660162e-05	
1.320857e-03	5.722576e-05	
2.811955e-03	8.612338e-05	
2.701327e-03	7.621186e-05	
3.288558e-03	8.682811e-05	
9.700120e-04	6.358567e-05	
1.921587e-03	6.102613e-05	
2.826856e-03	6.597969e-05	
4.425272e-04	8.633322e-05	
2.327087e-03	5.900925e-05	
2.630603e-03	7.846634e-05	
3.259490e-03	7.073715e-05	
3.583433e-03	6.488764e-05	
3.445321e-03	6.117018e-05	
3.414053e-03	5.849206e-05	
4.230571e-03	4.419494e-05	
3.865856e-03	5.924752e-05	
4.177355e-03	7.107615e-05	
1.595114e-03	5.719838e-05	
2.494476e-03	6.898878e-05	
1.376012e-03	6.358284e-05	
4.838181e-03	6.994370e-05	
1.225600e-03	7.868070e-05	
9.758476e-04	7.927507e-05	
4.452022e-03	9.091732e-05	
1.968078e-04	4.902909e-05	
2.242573e-03	5.840256e-05	
4.192432e-03	4.931643e-05	
5.906408e-03	3.596866e-05	
2.234316e-03	4.192742e-05	
2.533304e-03	7.369675e-05	
1.667266e-03	3.659959e-05	
4.704375e-03	1.684561e-05	
1.148461e-03	1.486912e-04	
3.401047e-03	4.505926e-05	
3.779279e-03	1.978211e-04	
1.467762e-03	2.028703e-04	
1.825810e-03	2.469143e-04	
1.588811e-03	9.088283e-05	
4.443735e-03	8.949077e-05	
5.874134e-03	8.565100e-05	
3.405372e-03	9.023408e-05	
2.522773e-03	6.308091e-05	
4.062368e-03	6.362738e-05	
3.538030e-03	6.430347e-05	
2.743387e-03	7.667344e-05	
2.972665e-03	7.177703e-05	
2.046355e-03	6.397900e-05	
3.045135e-03	7.244805e-05	
2.650141e-03	8.900383e-05	
5.614521e-03	6.902917e-05	
6.054930e-04	7.361656e-05	
2.140971e-03	7.099024e-05	
6.493287e-04	5.017941e-05	
2.867176e-03	7.429012e-05	
2.117298e-03	6.048592e-05	
9.330306e-04	5.791316e-05	
2.271907e-03	5.736267e-05	
3.612470e-03	5.907485e-05	
4.143463e-03	5.581039e-05	
8.609596e-04	5.669291e-05	
2.826191e-03	6.774673e-05	
5.676986e-03	4.935465e-05	
1.139766e-03	6.021209e-05	
4.042320e-03	2.893570e-05	
4.028842e-03	3.378947e-05	
3.316690e-03	1.200547e-05	
4.860300e-03	4.304389e-05	
2.219621e-03	7.272713e-05	
2.065134e-03	6.843121e-05	
4.025817e-03	1.034985e-04	
3.054145e-03	1.284839e-04	
3.952374e-03	1.020942e-04	
4.467208e-03	2.947965e-04	
2.139335e-03	2.210112e-04	
2.314473e-03	1.882338e-04	
4.000637e-03	1.237135e-04	
6.261226e-04	1.221142e-04	
3.772933e-03	1.155303e-04	
4.306189e-03	7.966491e-05	
4.658916e-03	5.535294e-05	
2.323093e-03	6.062538e-05	
3.522767e-03	6.351759e-05	
1.898930e-03	6.786167e-05	
3.255235e-03	7.323060e-05	
4.473002e-03	7.110080e-05	
4.036122e-03	5.714694e-05	
1.967007e-03	4.105789e-05	
1.579199e-03	7.128508e-05	
1.993372e-03	7.278227e-05	
1.926425e-03	5.210941e-05	
2.800581e-03	6.418411e-05	
2.907442e-03	6.460658e-05	
1.584758e-03	7.341218e-05	
4.968262e-03	7.120340e-05	
2.708757e-03	7.517052e-05	
3.100584e-03	6.382924e-05	
1.459755e-03	5.343630e-05	
4.241797e-03	6.184391e-05	
2.225145e-03	5.400457e-05	
1.358768e-03	4.387893e-05	
2.443087e-03	5.385775e-05	
3.030472e-03	7.504518e-05	
1.510606e-03	2.982421e-05	
3.399188e-03	9.326346e-06	
6.604433e-04	4.186295e-05	
3.445849e-03	4.573876e-05	
3.089438e-03	1.084267e-04	
3.081154e-03	5.629599e-05	
1.218042e-03	1.580171e-04	
1.691774e-03	1.443014e-04	
2.805535e-03	2.740663e-04	
8.565637e-04	1.730689e-04	
6.056826e-03	2.714222e-04	
3.336376e-03	1.148454e-04	
1.916070e-03	1.144909e-04	
2.729982e-03	8.067036e-05	
2.526899e-03	3.314881e-05	
7.900280e-04	4.210448e-05	
1.111753e-03	4.035173e-05	
3.843483e-03	6.100380e-05	
2.367976e-03	6.147715e-05	
1.192456e-03	6.401848e-05	
4.415735e-03	7.637104e-05	
1.710322e-03	6.479147e-05	
2.633627e-03	3.510690e-05	
3.297008e-03	6.610525e-05	
2.188275e-03	5.833886e-05	
3.650067e-03	5.240418e-05	
1.581454e-03	5.979442e-05	
2.884267e-03	6.787103e-05	
3.530086e-03	6.719007e-05	
1.875775e-03	5.852832e-05	
3.853920e-03	6.439525e-05	
3.365494e-03	6.859422e-05	
2.246398e-03	5.179011e-05	
3.724915e-03	4.735096e-05	
8.261428e-04	5.980514e-05	
2.503771e-03	3.286776e-05	
3.007144e-03	3.638084e-05	
5.249810e-04	5.841067e-05	
1.402753e-03	5.126902e-05	
1.073358e-03	1.594680e-05	
3.066314e-03	5.192191e-05	
1.872748e-03	8.491188e-05	
4.845935e-03	7.109083e-05	
5.522914e-03	6.515258e-05	
1.265743e-03	5.474175e-05	
4.788242e-03	1.110110e-04	
2.165660e-03	2.778649e-04	
4.615537e-03	2.514658e-04	
3.565683e-03	1.940032e-04	
6.020158e-03	1.236008e-04	
1.672000e-03	5.732232e-05	
3.111158e-03	8.989359e-05	
4.035348e-03	6.245630e-05	
3.293092e-03	4.889372e-05	
1.685751e-03	4.559450e-05	
2.270861e-03	4.287101e-05	
2.881482e-03	5.930855e-05	
4.203743e-03	4.138777e-05	
1.153128e-03	7.438501e-05	
1.950714e-03	5.916066e-05	
1.363466e-04	5.515155e-05	
6.899499e-04	6.079716e-05	
1.987714e-03	6.590411e-05	
1.494993e-03	6.921372e-05	
1.865734e-03	6.602487e-05	
1.850038e-03	7.079818e-05	
3.007839e-03	6.614145e-05	
1.250795e-03	4.918717e-05	
1.822591e-03	5.668951e-05	
2.549522e-03	5.310145e-05	
2.641082e-03	3.990220e-05	
1.481353e-03	4.691959e-05	
1.189873e-03	4.031717e-05	
3.263658e-03	5.080865e-05	
3.410542e-03	4.472959e-05	
1.175184e-03	4.769342e-05	
1.026314e-03	3.479701e-05	
2.601322e-03	6.010892e-06	
4.569086e-03	3.565159e-05	
2.545440e-03	7.300616e-05	
1.789342e-03	6.866190e-05	
1.424952e-03	4.387475e-05	
3.471751e-03	1.357229e-04	
1.158411e-03	1.884698e-04	
4.921956e-03	3.349612e-04	
2.779191e-03	1.705987e-04	
3.576203e-03	1.844618e-04	
2.480048e-04	4.418998e-05	
2.116123e-03	8.693130e-05	
2.209943e-03	1.021264e-04	
2.216654e-03	6.572137e-05	
1.341762e-03	4.988274e-05	
1.602367e-03	2.452260e-05	
1.774045e-04	5.833123e-05	
3.629370e-03	4.245914e-05	
1.890536e-03	5.066643e-05	
4.872941e-03	5.544936e-05	
2.498906e-03	4.472249e-05	
2.582536e-03	6.071723e-05	
1.310972e-03	4.993432e-05	
3.090639e-03	4.246219e-05	
2.809748e-03	5.326696e-05	
2.144037e-03	7.287339e-05	
1.269524e-03	7.095180e-05	
2.674680e-03	5.559184e-05	
2.541934e-03	6.110879e-05	
3.240960e-03	5.548188e-05	
5.752342e-03	6.515000e-05	
2.395815e-03	9.130044e-05	
2.711800e-03	4.876487e-05	
2.762265e-03	5.644288e-05	
1.837020e-03	5.263016e-05	
2.167762e-03	4.548661e-05	
2.809165e-03	4.457061e-05	
1.794050e-03	5.997405e-05	
3.989380e-03	4.837235e-05	
7.473773e-04	3.967639e-05	
1.927787e-03	5.828330e-05	
2.814945e-03	3.768619e-05	
3.525205e-03	7.711469e-05	
2.718439e-03	1.118245e-04	
1.833536e-03	2.029698e-04	
2.481073e-03	1.894537e-04	
1.075131e-03	1.437781e-04	
2.536777e-03	2.013359e-04	
3.094464e-03	1.188716e-04	
7.573184e-04	8.334825e-05	
2.288150e-03	5.725652e-05	
4.467858e-03	4.574639e-05	
2.887914e-03	4.487733e-05	
2.452064e-03	3.642365e-05	
2.738073e-03	2.564434e-05	
4.655092e-03	2.732263e-05	
3.395487e-03	3.800124e-05	
3.230434e-03	5.076713e-05	
5.352505e-03	3.386704e-05	
1.741658e-03	3.105423e-05	
3.199933e-03	5.660115e-05	
3.130745e-03	5.404353e-05	
3.030396e-03	5.470270e-05	
1.264248e-03	5.615289e-05	
1.010490e-03	4.981237e-05	
3.239408e-03	5.988844e-05	
3.964379e-03	4.721019e-05	
4.593115e-03	3.007626e-05	
8.647731e-04	6.671622e-05	
3.254088e-03	5.852081e-05	
5.212187e-03	5.098868e-05	
1.014128e-03	4.931902e-05	
4.810852e-03	5.757147e-05	
1.536012e-03	1.937166e-05	
3.104417e-03	3.078564e-05	
2.352119e-03	5.981898e-05	
2.628925e-03	5.737168e-05	
9.938588e-04	4.469304e-05	
3.669223e-03	6.709843e-05	
1.538480e-03	6.319466e-05	
4.694384e-04	7.187320e-05	
2.808129e-03	1.518513e-04	
2.483540e-03	1.500050e-04	
2.119552e-03	2.226279e-04	
4.943507e-03	2.633215e-04	
1.274862e-03	1.484469e-04	
2.713280e-03	1.382350e-04	
2.519468e-03	7.374599e-05	
2.290255e-03	5.162532e-05	
3.001530e-03	3.354973e-05	
4.260288e-04	1.237217e-05	
6.065979e-04	6.742813e-05	
2.352910e-03	5.131723e-05	
3.606635e-03	2.483902e-05	
1.139293e-03	6.303254e-05	
4.705392e-03	5.126976e-05	
2.709003e-03	4.180188e-05	
3.929288e-03	5.001254e-05	
2.333068e-03	5.586378e-05	
3.518297e-03	6.076888e-05	
2.443289e-03	5.712564e-05	
3.509317e-03	5.392602e-05	
4.779114e-03	4.615746e-05	
1.772794e-03	5.048701e-05	
2.954217e-03	5.715652e-05	
4.320099e-03	4.104839e-05	
1.554375e-03	4.933436e-05	
1.921157e-03	7.148724e-05	
2.692955e-03	3.705371e-05	
1.257128e-03	4.350856e-05	
1.801479e-03	2.547372e-05	
2.332430e-03	2.761385e-05	
7.533087e-05	3.684429e-05	
3.315730e-03	5.108482e-05	
3.399167e-03	3.777049e-05	
2.957141e-03	3.433081e-05	
3.713914e-03	6.915042e-05	
2.986581e-03	8.991517e-05	
1.126558e-03	9.989152e-05	
1.741151e-03	3.389495e-05	
3.895042e-04	1.562588e-04	
1.410527e-03	1.704473e-04	
2.768860e-03	1.524504e-04	
3.691384e-03	2.382428e-04	
3.588121e-03	1.274348e-04	
1.263342e-03	6.590104e-05	
3.219924e-03	3.570577e-05	
2.643277e-03	6.229272e-05	
2.775208e-03	5.966621e-05	
1.611435e-03	4.012574e-05	
3.636022e-03	4.077256e-05	
1.984696e-03	4.715195e-05	
1.592255e-03	4.415036e-05	
2.432090e-03	4.718209e-05	
1.895043e-03	6.384274e-05	
2.005593e-03	5.483045e-05	
1.603879e-03	2.691781e-05	
2.585396e-03	4.317218e-05	
2.362516e-03	3.061714e-05	
2.051891e-03	4.482064e-05	
1.175410e-03	3.753597e-05	
9.264152e-04	4.029119e-05	
1.565261e-03	4.721316e-05	
2.498059e-03	5.551729e-05	
2.630321e-03	5.825934e-05	
2.781476e-03	4.574856e-05	
1.136341e-03	4.845320e-05	
1.050185e-03	3.141781e-05	
2.780448e-03	2.983546e-05	
2.262317e-03	3.549107e-05	
7.067762e-04	3.738480e-05	
4.168180e-04	5.263055e-05	
3.680462e-03	5.659871e-05	
5.329956e-04	3.172329e-05	
8.855239e-04	5.793203e-05	
4.158557e-03	8.663716e-05	
3.250036e-03	8.513859e-05	
1.127547e-03	8.541682e-05	
2.873963e-03	1.499356e-04	
2.541317e-03	2.414466e-04	
3.133496e-03	2.100278e-04	
1.481154e-03	1.774061e-04	
3.672938e-03	7.566169e-05	
1.070483e-03	1.027510e-05	
2.694927e-03	6.853562e-05	
6.039704e-04	7.469692e-05	
1.502640e-03	4.477263e-05	
1.071635e-03	5.397468e-05	
1.846659e-03	1.101755e-05	
3.972859e-03	3.685287e-05	
1.187837e-03	4.426375e-05	
3.370780e-03	1.535336e-05	
4.251642e-03	4.208809e-05	
4.024355e-03	4.965248e-05	
4.296186e-03	2.580108e-05	
2.036269e-03	1.587341e-05	
6.593132e-03	4.359079e-05	
2.508059e-03	4.244413e-05	
2.658257e-03	4.406779e-05	
4.265587e-03	2.965730e-05	
3.929010e-03	4.120786e-05	
3.477484e-03	4.509760e-05	
1.741956e-03	3.435452e-05	
1.173862e-03	4.750714e-05	
2.446723e-03	1.522145e-05	
2.021991e-03	2.403427e-05	
3.041245e-03	1.029542e-05	
2.545575e-03	4.270691e-05	
3.037245e-03	4.467489e-05	
1.489756e-03	4.239341e-05	
3.984426e-03	5.640772e-05	
2.686383e-03	4.349961e-05	
2.421788e-03	6.438771e-05	
2.430386e-03	2.483198e-05	
3.983067e-03	4.822411e-05	
1.444156e-03	5.822457e-05	
8.632758e-04	2.321404e-04	
2.311461e-03	1.929059e-04	
6.923296e-04	3.450165e-04	
4.578058e-03	1.521036e-04	
8.017846e-04	4.569234e-05	
2.567776e-03	3.263636e-05	
3.870772e-03	3.208706e-05	
5.328568e-03	7.590394e-05	
3.155182e-03	4.465735e-05	
1.098041e-03	3.244259e-05	
2.435866e-03	3.479318e-05	
1.570527e-03	5.728227e-05	
4.766019e-03	3.763794e-05	
1.595773e-03	2.404533e-05	
1.868452e-03	8.717739e-06	
3.832548e-03	3.654177e-05	
1.348954e-03	2.921296e-05	
1.926355e-03	2.785296e-05	
5.716400e-03	3.608548e-05	
5.403039e-04	3.221008e-05	
2.112242e-03	2.926552e-05	
1.573838e-03	4.624020e-05	
2.451038e-03	2.625909e-05	
2.300578e-03	3.586283e-05	
5.350103e-03	3.843641e-05	
2.337348e-03	2.491756e-05	
3.750472e-03	2.407327e-05	
4.752010e-03	8.851384e-06	
3.191699e-03	2.470058e-05	
2.095861e-03	2.951276e-05	
2.083647e-03	2.624680e-05	
3.839643e-03	4.569811e-06	
3.183891e-03	5.413876e-05	
4.244800e-03	6.880015e-05	
1.033545e-03	1.987456e-06	
3.907049e-03	4.176079e-05	
3.405931e-03	5.077522e-05	
3.415269e-03	2.959021e-05	
4.919326e-03	1.293651e-04	
2.577032e-03	2.648832e-04	
4.267433e-03	5.895282e-05	
3.251868e-03	1.126032e-04	
1.392222e-03	1.268858e-04	
2.116704e-03	2.436785e-05	
3.332372e-03	3.843760e-05	
2.195446e-03	4.380817e-05	
1.854360e-03	3.643731e-05	
3.157990e-03	5.470798e-05	
2.116454e-03	4.473412e-05	
1.111917e-03	2.532423e-05	
4.223801e-03	4.637015e-05	
2.546569e-03	2.757478e-05	
1.824789e-03	2.635298e-05	
4.628690e-03	2.409695e-05	
2.466250e-03	3.618996e-05	
2.131197e-04	2.036819e-05	
1.901500e-03	4.777643e-05	
5.450319e-03	3.744931e-05	
1.975012e-03	2.803410e-05	
1.388947e-03	4.108514e-05	
1.771032e-03	2.181088e-05	
3.831925e-03	4.348265e-05	
9.073962e-04	4.830351e-05	
3.095171e-03	2.846502e-05	
3.371232e-03	1.445819e-05	
2.875884e-03	5.136896e-05	
3.206239e-03	5.616623e-05	
2.716673e-03	2.562854e-05	
2.934679e-03	7.833858e-06	
4.562062e-03	2.176018e-05	
4.266056e-03	4.861087e-05	
3.228529e-03	4.017803e-05	
4.254434e-03	1.185251e-06	
5.748986e-04	6.031640e-05	
4.403663e-03	4.524537e-05	
2.405709e-03	4.886790e-05	
2.719163e-03	9.535925e-05	
3.520464e-03	1.277841e-04	
2.184954e-03	5.253178e-05	
5.115139e-03	8.577548e-05	
2.555983e-03	7.623229e-05	
3.349367e-03	6.017069e-05	
3.521942e-03	4.365722e-05	
4.508810e-03	6.865847e-05	
3.219081e-04	4.111506e-05	
2.476371e-03	4.691979e-05	
1.535789e-04	4.711117e-05	
2.536554e-03	4.393438e-05	
2.045879e-03	3.040057e-05	
1.659481e-03	3.024445e-05	
2.915724e-03	3.305021e-05	
3.728455e-03	3.001002e-05	
1.890970e-03	1.998852e-05	
2.105321e-03	2.802595e-05	
1.868833e-03	3.982343e-05	
2.578280e-03	3.992445e-05	
3.610970e-03	3.516035e-05	
2.732584e-03	2.155769e-05	
2.174712e-03	2.579047e-05	
2.917923e-03	3.367678e-05	
2.600610e-03	9.928121e-06	
1.815074e-03	2.952499e-05	
2.167581e-03	3.819611e-05	
2.627892e-03	4.276363e-05	
3.047713e-03	3.661795e-05	
2.516100e-03	1.006461e-05	
1.533909e-03	2.626641e-05	
2.685818e-03	3.996365e-05	
2.021774e-03	3.248751e-05	
2.925054e-03	4.408478e-05	
2.151174e-03	3.694979e-05	
3.916661e-03	2.800761e-05	
3.220423e-03	3.822338e-05	
3.893156e-03	3.393381e-06	
3.886647e-03	7.307779e-05	
4.221509e-03	3.437192e-04	
1.817837e-03	2.917292e-04	
7.583537e-04	9.109669e-05	
3.708742e-03	2.578591e-05	
4.691502e-03	1.024868e-05	
7.672919e-04	3.107543e-05	
3.418797e-03	5.317193e-05	
3.277100e-03	3.338335e-05	
1.747362e-03	8.891874e-06	
4.156063e-03	7.607919e-06	
1.068987e-03	1.424278e-05	
3.260479e-03	3.776977e-05	
2.963027e-03	1.698585e-05	
7.130258e-04	1.952828e-05	
2.560580e-03	1.201320e-05	
1.520167e-03	9.355135e-06	
3.066458e-03	2.109734e-05	
5.332907e-03	2.184583e-05	
1.828885e-03	1.364495e-05	
1.830146e-03	3.001539e-05	
4.370859e-03	9.952899e-06	
1.061905e-03	2.485361e-05	
8.889180e-04	1.273747e-06	
2.750341e-03	1.180563e-05	
5.773109e-04	1.459605e-05	
2.731580e-03	3.999618e-05	
3.346890e-03	1.994597e-05	
4.165344e-03	1.193249e-05	
3.278185e-03	4.896303e-06	
1.632691e-03	2.430252e-05	
2.867670e-03	6.164358e-06	
1.856679e-03	3.334747e-06	
6.438777e-04	3.167074e-05	
3.527848e-03	3.400769e-05	
2.868962e-03	4.985304e-05	
2.572938e-03	1.188657e-05	
1.598223e-03	1.363831e-05	
5.475445e-03	2.147471e-05	
1.532254e-04	1.709057e-04	
