3.943468e-01	6.428191e-13	
4.118906e-01	2.744471e-13	
4.494738e-01	6.613599e-13	
5.166102e-01	3.492762e-13	
3.959391e-01	4.039435e-12	
4.855259e-01	1.778577e-13	
4.477669e-01	6.039724e-12	
3.524970e-01	1.266098e-11	
3.318550e-01	1.629918e-12	
3.310649e-01	1.452616e-12	
3.552043e-01	1.093570e-12	
3.944244e-01	3.662048e-11	
5.173195e-01	1.152634e-12	
3.938245e-01	5.520029e-13	
4.107335e-01	4.853895e-13	
4.884251e-01	7.305379e-12	
4.202417e-01	5.568879e-13	
5.386511e-01	5.785372e-12	
3.979763e-01	3.343992e-12	
3.742495e-01	1.720402e-12	
4.498325e-01	1.367240e-11	
2.565820e-01	2.243650e-12	
4.481777e-01	1.418088e-12	
4.230714e-01	1.006746e-10	
4.462158e-01	2.361444e-12	
4.324249e-01	3.515410e-12	
3.444465e-01	3.175904e-12	
4.167209e-01	3.042000e-11	
4.349260e-01	5.961898e-13	
3.601257e-01	4.602763e-12	
2.825539e-01	2.263301e-12	
4.626992e-01	1.474643e-11	
5.442885e-01	9.422463e-13	
3.518943e-01	1.845413e-12	
3.495560e-01	7.993717e-12	
2.855296e-01	1.099121e-13	
3.552898e-01	1.748712e-12	
3.879649e-01	2.706724e-13	
3.042838e-01	4.896084e-13	
3.731567e-01	1.509903e-14	
3.329095e-01	5.356271e-12	
4.903426e-01	2.029133e-12	
5.446716e-01	7.465625e-13	
2.941551e-01	1.369412e-13	
4.450609e-01	6.438361e-14	
4.240935e-01	1.944433e-15	
3.726966e-01	2.245128e-15	
5.074242e-01	8.352174e-15	
5.482283e-01	5.584361e-14	
4.212831e-01	3.166775e-15	
5.136810e-01	5.830473e-16	
3.585968e-01	1.811211e-16	
3.549248e-01	1.535416e-15	
4.943892e-01	1.784416e-15	
4.847278e-01	1.244587e-15	
4.187884e-01	9.022610e-16	
4.805143e-01	8.785527e-16	
5.164662e-01	2.010041e-15	
4.274288e-01	3.684840e-15	
4.610737e-01	7.040730e-16	
4.813543e-01	1.267331e-15	
4.245503e-01	9.920724e-16	
4.283149e-01	9.188758e-15	
3.999679e-01	3.953487e-15	
4.321627e-01	9.022610e-16	
3.870923e-01	1.711307e-15	
3.245010e-01	3.082174e-15	
4.460054e-01	0	
4.684109e-01	1.086727e-15	
5.417957e-01	1.166095e-15	
3.545803e-01	1.266710e-15	
3.918110e-01	1.396090e-15	
3.069608e-01	1.696535e-15	
3.156959e-01	1.945777e-15	
3.897272e-01	1.237366e-15	
3.647999e-01	1.740098e-15	
4.434228e-01	2.849972e-16	
3.907188e-01	8.526782e-14	
3.449322e-01	9.658705e-13	
3.274245e-01	1.334288e-11	
4.613399e-01	3.024248e-13	
4.618461e-01	5.973000e-14	
4.850285e-01	3.764766e-13	
4.945373e-01	7.436274e-13	
5.570462e-01	1.725287e-12	
4.005872e-01	2.466916e-13	
4.656478e-01	4.727219e-12	
4.772993e-01	2.416956e-13	
3.882872e-01	4.095613e-13	
3.314335e-01	3.137379e-12	
3.711538e-01	3.082312e-12	
4.693775e-01	3.172795e-12	
3.770640e-01	9.749090e-12	
3.454473e-01	5.562217e-13	
4.210923e-01	3.094747e-12	
3.580292e-01	9.579004e-12	
4.535343e-01	3.077538e-13	
3.532570e-01	2.432643e-11	
3.571616e-01	2.180256e-12	
4.254213e-01	3.609668e-12	
4.234741e-01	3.629430e-12	
4.451218e-01	7.069234e-12	
3.311552e-01	3.024551e-10	
3.927831e-01	8.432033e-12	
3.516899e-01	4.751755e-14	
4.565596e-01	4.187761e-13	
5.068336e-01	5.661593e-11	
3.793981e-01	5.401857e-11	
3.126301e-01	7.198686e-13	
3.731101e-01	4.514833e-12	
4.451779e-01	1.078848e-11	
4.203136e-01	5.747158e-11	
5.776365e-01	9.143575e-12	
4.705462e-01	6.982193e-12	
2.900110e-01	1.072631e-11	
3.736845e-01	1.118661e-12	
3.255287e-01	5.060952e-12	
4.089786e-01	2.067857e-11	
3.204972e-01	9.776624e-13	
3.776201e-01	2.766676e-13	
3.514569e-01	9.290346e-13	
3.939151e-01	2.977174e-12	
4.259926e-01	7.385204e-13	
4.500475e-01	1.079581e-12	
3.194154e-01	1.336298e-11	
4.465820e-01	3.022471e-12	
3.874013e-01	1.031619e-12	
5.274809e-01	2.100542e-13	
4.902903e-01	4.240941e-11	
4.273072e-01	2.886580e-13	
3.219069e-01	1.327027e-11	
4.325087e-01	1.414424e-12	
4.118773e-01	2.926281e-11	
4.745631e-01	2.825518e-12	
4.503004e-01	9.226286e-12	
4.823868e-01	7.609502e-11	
4.835938e-01	3.141487e-12	
4.512866e-01	3.323786e-12	
3.865330e-01	4.186651e-12	
4.855998e-01	3.587486e-11	
3.879676e-01	4.164913e-11	
3.800260e-01	7.942313e-12	
4.984033e-01	7.501444e-11	
4.559557e-01	1.746825e-12	
5.435694e-01	4.846124e-12	
4.833171e-01	1.016009e-11	
5.142966e-01	3.741674e-12	
4.765689e-01	3.270184e-11	
5.365403e-01	1.689093e-12	
5.326225e-01	3.153344e-11	
3.729481e-01	4.858669e-12	
3.298822e-01	1.035194e-11	
3.872785e-01	3.975931e-12	
4.159804e-01	2.394307e-12	
5.140803e-01	1.956213e-13	
3.621208e-01	8.768763e-12	
4.655610e-01	3.218767e-06	
3.556726e-01	2.923005e-05	
2.978573e-01	4.773584e-05	
3.868639e-01	1.668999e-05	
2.808465e-01	3.416598e-05	
2.220520e-01	1.827597e-04	
2.408769e-01	6.326115e-05	
3.754724e-01	1.771290e-04	
3.150927e-01	9.293877e-05	
2.492196e-01	2.440637e-04	
3.234358e-01	3.350108e-05	
3.043041e-01	1.921764e-04	
3.010289e-01	1.316924e-04	
4.122076e-01	3.435572e-05	
3.813044e-01	1.065060e-04	
3.096102e-01	3.020119e-04	
3.101460e-01	1.723959e-04	
4.216825e-01	1.307753e-04	
2.704699e-01	2.088014e-04	
1.923184e-01	1.572189e-04	
3.708815e-01	1.468945e-04	
3.057631e-01	2.501880e-04	
4.185357e-01	1.580656e-04	
3.215210e-01	2.313574e-04	
3.051070e-01	1.702850e-04	
1.724203e-01	1.086493e-04	
2.878641e-01	1.796036e-04	
2.475635e-01	3.257901e-04	
3.900694e-01	2.677801e-04	
3.534675e-01	2.689882e-04	
3.754061e-01	1.258502e-04	
2.977388e-01	2.473892e-04	
2.953634e-01	6.565001e-05	
2.954407e-01	4.762223e-05	
3.429493e-01	9.067106e-05	
3.744419e-01	5.190576e-05	
2.529306e-01	2.747940e-05	
3.596059e-01	1.297484e-05	
2.113497e-01	9.246908e-06	
2.072997e-01	3.495644e-05	
1.986863e-01	3.074032e-05	
1.713427e-01	8.177314e-06	
1.235873e-01	9.096061e-06	
6.662713e-02	4.855012e-05	
1.262821e-01	6.396801e-05	
1.374034e-01	1.186175e-04	
9.091795e-02	1.802291e-04	
1.605831e-01	1.325826e-04	
1.387099e-01	9.951603e-05	
1.100427e-01	1.869918e-05	
1.030523e-01	7.039877e-05	
6.699430e-02	1.297970e-04	
9.069237e-02	9.028129e-05	
6.773594e-02	3.838370e-05	
1.763968e-01	4.514730e-05	
1.195159e-01	5.162432e-05	
9.852076e-02	1.571737e-04	
4.616364e-02	2.025355e-04	
9.498157e-02	2.201786e-04	
9.143716e-02	2.121463e-04	
3.343179e-02	2.613740e-04	
1.405577e-01	1.633488e-04	
1.052327e-01	1.274460e-04	
1.239525e-01	1.131760e-04	
6.478358e-02	1.674979e-05	
1.065309e-01	4.380511e-05	
1.409668e-01	3.090195e-06	
6.521454e-02	4.607795e-05	
7.774554e-02	3.291280e-05	
9.133367e-02	6.552894e-05	
1.997413e-01	1.079949e-05	
1.342350e-01	7.675135e-06	
1.564719e-01	4.253050e-05	
1.569755e-01	5.153248e-05	
2.346645e-01	3.015940e-05	
2.906062e-01	1.741879e-05	
3.809169e-01	3.132205e-05	
1.270322e-01	2.669215e-05	
1.586611e-01	1.407264e-05	
1.137054e-01	3.746567e-05	
3.915201e-02	9.041459e-05	
1.097464e-01	1.939133e-05	
1.498877e-01	2.875882e-05	
4.415214e-02	4.404591e-05	
8.574618e-02	2.300657e-05	
9.742303e-02	8.642467e-05	
9.462865e-02	9.610712e-05	
1.038070e-01	3.510012e-05	
2.053082e-01	4.088790e-05	
2.394340e-02	1.153161e-05	
1.257969e-01	1.045633e-04	
1.518695e-01	9.125059e-05	
1.156359e-01	8.470597e-05	
2.035744e-01	8.260923e-05	
1.039001e-01	1.025521e-04	
4.643598e-02	5.285279e-05	
9.867418e-02	5.764516e-05	
1.062376e-01	7.518696e-05	
1.020794e-01	1.239202e-04	
2.038298e-01	7.429483e-05	
6.881521e-02	4.395611e-05	
1.142024e-01	1.395999e-04	
1.474518e-01	1.713648e-05	
4.027904e-02	4.587550e-05	
1.660513e-01	5.971777e-05	
1.821587e-01	1.054483e-04	
1.403580e-01	2.616542e-05	
1.046471e-01	3.076544e-05	
3.268669e-02	4.838041e-05	
1.779363e-01	2.524587e-05	
1.005646e-01	6.688634e-05	
3.974789e-02	1.402436e-05	
9.465101e-02	8.124199e-05	
3.414292e-01	1.276616e-04	
3.422935e-01	4.971871e-05	
1.036114e-01	6.075065e-05	
1.385384e-01	3.876509e-05	
7.686311e-02	9.456560e-05	
1.070301e-01	8.778483e-06	
4.084931e-02	2.876644e-05	
1.188924e-01	2.749737e-05	
1.447117e-01	1.167902e-04	
7.101656e-02	9.955672e-05	
1.648135e-01	1.210902e-04	
1.087605e-01	1.715894e-04	
7.630750e-02	1.378568e-04	
1.112712e-01	3.254906e-05	
5.756981e-02	2.006157e-05	
4.610351e-02	2.350940e-05	
9.775977e-02	1.886930e-06	
7.185930e-02	2.600912e-06	
9.408884e-02	1.094109e-06	
1.194867e-01	9.794681e-06	
7.724762e-02	7.837563e-05	
5.822423e-02	4.256395e-05	
1.333954e-01	1.355305e-04	
1.125333e-01	5.790425e-05	
1.916114e-01	3.316777e-05	
1.131937e-01	8.711064e-05	
1.391456e-01	5.394280e-05	
1.598196e-01	6.487462e-05	
1.152191e-01	5.291336e-05	
1.364311e-01	8.753432e-05	
4.106454e-02	1.306107e-04	
5.016360e-02	6.966338e-05	
1.164200e-01	5.590938e-05	
3.303364e-02	9.583953e-05	
7.259144e-02	8.787281e-05	
6.268394e-02	6.961896e-05	
8.566982e-02	4.303434e-05	
1.231528e-01	6.873831e-05	
3.026366e-01	7.662237e-05	
3.962478e-01	5.740150e-06	
7.351257e-02	1.076410e-06	
1.638110e-01	3.135310e-05	
3.834244e-02	8.644196e-05	
1.751882e-01	5.783671e-05	
1.880641e-01	4.181166e-05	
5.970116e-02	1.510706e-05	
1.827045e-01	1.066313e-04	
5.238081e-02	5.691937e-06	
4.883499e-02	2.639033e-05	
3.478709e-02	1.035565e-04	
8.744286e-02	5.518772e-05	
6.740919e-02	7.321475e-05	
1.261965e-01	2.427597e-05	
1.477238e-01	1.706844e-05	
6.463611e-02	3.991513e-05	
5.327821e-02	6.327194e-05	
1.032996e-01	6.764949e-05	
1.919912e-01	9.916903e-05	
1.595148e-01	9.378990e-05	
1.358964e-01	1.007171e-04	
1.459873e-01	4.096874e-05	
5.791608e-02	4.691323e-05	
1.682325e-01	9.838642e-05	
1.650469e-01	1.215550e-04	
3.959355e-02	1.870120e-05	
5.268010e-02	3.436221e-05	
3.653974e-02	1.081027e-05	
5.849702e-02	1.785804e-05	
8.105026e-02	1.772748e-05	
1.073493e-01	1.822761e-06	
1.054894e-01	7.470596e-05	
8.964459e-02	4.286419e-05	
1.268580e-01	3.259810e-05	
4.163181e-02	9.766482e-05	
1.099234e-01	1.263258e-04	
5.132945e-02	9.494105e-05	
4.468806e-01	8.215560e-05	
2.825017e-01	1.128704e-04	
1.149175e-01	3.611827e-06	
1.155304e-01	1.419193e-06	
7.218640e-03	5.844509e-05	
1.363913e-01	2.927515e-05	
2.969048e-01	8.484577e-05	
1.626652e-01	5.793202e-05	
8.929886e-02	6.444758e-05	
1.689989e-01	6.391289e-05	
1.519943e-01	1.462641e-05	
1.107917e-01	4.923339e-05	
1.689992e-01	7.830921e-05	
1.231677e-01	6.010358e-05	
6.861474e-02	7.342610e-05	
8.721877e-03	5.727884e-05	
3.038815e-02	2.832867e-05	
9.169002e-02	5.511614e-05	
6.828015e-02	1.046402e-04	
6.391588e-02	9.132772e-05	
1.146846e-01	5.408643e-05	
2.464987e-01	4.169394e-05	
1.123259e-01	9.095167e-06	
1.166236e-01	4.442072e-05	
1.819115e-01	8.130816e-05	
9.738777e-02	9.098704e-05	
6.740864e-02	5.382765e-05	
1.399697e-01	5.531189e-05	
6.712377e-02	1.084823e-04	
4.025780e-02	7.781920e-05	
6.926619e-02	1.149645e-06	
3.756451e-02	8.822949e-06	
7.041179e-02	7.138618e-05	
9.260220e-02	3.421784e-05	
1.554264e-01	1.116931e-05	
5.235739e-02	1.251314e-04	
1.088899e-01	1.788480e-04	
1.051318e-01	1.573237e-04	
2.697983e-01	1.765094e-04	
3.684696e-01	3.859946e-05	
8.432808e-02	5.892455e-05	
5.767428e-02	9.013248e-05	
2.023292e-01	8.870181e-05	
1.177386e-01	1.202778e-05	
3.684549e-01	6.521031e-05	
1.213247e-01	1.437103e-05	
1.856036e-01	3.571350e-05	
9.810416e-02	3.852819e-05	
4.888112e-02	7.080320e-05	
1.669832e-01	6.399122e-05	
4.189299e-02	8.773479e-05	
4.303177e-02	7.981020e-05	
2.394146e-01	7.830149e-05	
7.786609e-02	2.885238e-05	
5.580182e-02	3.894508e-05	
5.816550e-02	2.421163e-05	
6.078433e-02	1.206480e-05	
1.320618e-01	1.541291e-05	
3.166470e-02	2.648170e-05	
3.916526e-02	2.466442e-05	
1.216107e-01	6.097972e-05	
1.021002e-01	4.346077e-05	
1.282078e-01	7.794111e-05	
1.937262e-01	7.005269e-05	
1.305338e-01	7.386382e-05	
7.068713e-02	2.639789e-05	
2.143928e-02	1.820803e-05	
1.622696e-01	3.519959e-05	
1.109708e-01	1.043038e-06	
8.819613e-02	3.518993e-05	
8.444672e-02	6.452483e-05	
4.815050e-02	2.104551e-05	
1.562108e-01	3.831856e-05	
1.100404e-01	1.454200e-05	
1.946336e-01	4.981882e-05	
4.156622e-02	1.246424e-04	
3.031935e-01	9.396362e-05	
3.935332e-01	6.177187e-05	
1.185356e-01	9.233979e-05	
1.039158e-01	8.719933e-05	
7.509506e-02	3.321536e-05	
2.988277e-01	1.442682e-05	
4.130068e-02	2.175322e-05	
8.067622e-02	1.848917e-06	
1.443906e-01	2.465424e-05	
1.686622e-02	3.644504e-06	
7.611097e-02	6.556263e-05	
1.679086e-01	1.038894e-06	
8.865989e-02	9.084958e-06	
9.167649e-02	7.634449e-05	
1.806677e-01	6.852185e-05	
8.229053e-02	5.734178e-05	
1.516974e-01	7.288009e-05	
1.764391e-01	5.637117e-06	
1.611555e-01	3.576756e-05	
6.813585e-02	2.302569e-05	
9.938307e-02	5.084426e-05	
1.102223e-01	4.849756e-05	
1.521999e-01	3.406273e-05	
4.668454e-02	6.734083e-05	
4.535086e-02	5.706695e-05	
1.079908e-01	6.793754e-05	
4.538202e-02	9.117925e-05	
6.509066e-02	3.596835e-05	
1.554805e-01	3.345545e-05	
2.540900e-02	2.733126e-05	
6.766547e-02	1.136254e-04	
9.640888e-03	2.153900e-05	
1.850889e-01	8.617018e-05	
7.216354e-02	5.487654e-05	
2.109706e-01	8.597988e-05	
2.436209e-01	1.297681e-04	
7.983242e-02	4.236599e-05	
3.608815e-02	1.191497e-04	
1.756753e-01	1.691838e-04	
2.303043e-01	2.086253e-04	
1.840537e-01	2.246361e-04	
3.212786e-02	1.120142e-04	
6.036322e-02	1.851909e-04	
2.979043e-02	1.572491e-04	
1.477265e-01	1.114356e-04	
5.460623e-02	5.421680e-05	
1.457194e-01	4.271490e-05	
6.276030e-02	3.665818e-05	
7.797284e-02	2.262893e-05	
6.864701e-02	1.901425e-05	
6.039768e-02	2.110484e-05	
1.244859e-01	1.016842e-05	
1.227809e-01	4.248488e-05	
5.254935e-02	7.062154e-05	
2.430834e-02	5.717877e-05	
7.929240e-02	5.177196e-05	
2.739040e-01	7.778107e-05	
1.508471e-01	7.127360e-05	
1.602879e-01	2.528883e-05	
1.173145e-01	5.618546e-05	
1.352820e-01	5.334124e-05	
1.036408e-01	4.573400e-05	
2.467424e-01	6.427441e-05	
2.930447e-02	4.734672e-05	
1.160197e-01	4.404419e-05	
3.011883e-02	8.097268e-05	
6.040286e-02	2.737357e-05	
1.444317e-01	8.245231e-05	
2.304202e-01	9.819229e-05	
3.488067e-02	2.612950e-05	
1.024008e-01	7.891243e-05	
1.705224e-01	6.435589e-06	
2.220486e-01	2.968244e-05	
8.018546e-02	4.908606e-05	
1.809211e-01	1.664365e-04	
6.076230e-02	7.046159e-05	
3.711012e-01	3.010656e-05	
2.345512e-01	2.779827e-04	
9.781709e-02	2.071242e-04	
2.443253e-01	2.002390e-04	
4.253304e-02	1.633458e-04	
1.933464e-01	1.024184e-04	
1.575282e-01	1.083886e-04	
1.393135e-01	2.899295e-05	
3.317988e-02	2.365317e-05	
4.719827e-02	2.579866e-05	
2.121392e-01	2.170765e-05	
8.793788e-02	8.103209e-06	
1.135162e-01	4.129330e-05	
1.287189e-01	4.056087e-05	
7.186884e-02	4.990535e-05	
1.454242e-01	9.170334e-05	
3.020482e-02	4.858748e-05	
1.358636e-01	1.754894e-05	
1.092911e-01	1.168875e-05	
1.698707e-02	2.955475e-05	
1.481271e-01	2.302111e-05	
5.420946e-02	2.461503e-05	
3.122598e-02	2.210134e-05	
3.469937e-02	6.267698e-05	
1.330466e-01	6.101678e-05	
1.623255e-01	3.771504e-05	
5.617018e-02	5.433849e-05	
1.944408e-01	6.165817e-05	
1.141221e-01	7.465262e-05	
6.634103e-02	3.119777e-05	
2.093875e-01	4.626779e-05	
1.053599e-01	3.618937e-05	
7.609602e-02	3.329921e-05	
1.073467e-01	4.155284e-05	
3.157235e-02	2.973042e-05	
9.135753e-02	3.414545e-05	
6.958962e-02	3.643978e-05	
1.240201e-01	2.724348e-04	
1.036763e-01	2.742587e-04	
3.263683e-01	2.086049e-04	
2.034511e-01	1.772579e-04	
7.460970e-02	2.062398e-04	
7.069583e-02	1.558070e-04	
8.964307e-02	6.761756e-05	
1.481370e-01	6.618293e-05	
1.358917e-02	4.073097e-05	
7.105074e-02	2.149408e-05	
5.312746e-02	1.440957e-06	
8.396595e-02	6.890764e-05	
7.782125e-02	4.082103e-05	
8.558984e-02	4.579625e-05	
6.542980e-02	2.597003e-05	
1.500235e-01	3.557063e-05	
2.571999e-02	4.863698e-05	
2.605721e-01	5.248200e-05	
5.096544e-02	4.005084e-05	
1.432367e-02	1.513289e-05	
5.977903e-03	4.494291e-05	
1.624240e-01	2.799542e-05	
1.359398e-02	3.833577e-05	
3.970486e-02	3.342435e-05	
9.493735e-02	7.520815e-05	
1.589885e-01	8.826102e-05	
9.381942e-02	5.896770e-05	
1.260230e-01	8.804339e-05	
1.485506e-01	2.723911e-05	
3.103608e-02	3.316227e-05	
1.902265e-01	3.552871e-05	
7.685621e-02	1.584701e-05	
5.376053e-02	8.083898e-06	
1.267236e-01	9.347678e-05	
7.360221e-02	1.124370e-04	
3.982577e-02	4.374315e-05	
5.923413e-02	5.760866e-05	
1.709926e-01	2.593906e-06	
3.955045e-02	1.906436e-04	
1.747183e-01	1.837306e-04	
3.947106e-01	2.910098e-04	
5.517957e-02	7.113022e-05	
2.020773e-01	2.245044e-04	
1.520429e-01	1.097201e-04	
4.134069e-02	6.704127e-05	
1.178933e-01	1.399930e-04	
1.080161e-01	9.411693e-05	
7.077562e-02	8.026681e-06	
1.706038e-01	7.108826e-06	
8.321406e-02	2.592876e-05	
8.860029e-02	4.483047e-05	
4.632835e-03	1.262503e-05	
1.861819e-01	3.270752e-06	
3.421278e-02	1.502498e-06	
1.142364e-01	3.982336e-05	
1.101008e-01	5.124449e-05	
1.181893e-01	5.757983e-05	
7.720504e-02	6.193587e-05	
1.154582e-01	5.448515e-05	
1.436197e-01	4.142013e-05	
3.296650e-02	5.718060e-05	
9.626672e-02	9.242985e-06	
1.541652e-01	4.323521e-05	
1.301996e-01	4.668034e-05	
1.583791e-01	1.937996e-05	
4.255589e-02	1.109953e-05	
9.429867e-02	4.776758e-05	
1.397187e-01	8.371012e-05	
3.850000e-02	5.307881e-05	
1.067885e-01	4.403246e-05	
5.159594e-02	9.032865e-05	
1.643931e-01	6.251866e-05	
1.069866e-01	4.221772e-05	
1.047996e-01	1.513106e-05	
4.916036e-02	5.035620e-05	
1.141394e-01	7.259999e-05	
7.999885e-02	1.235187e-04	
2.629399e-01	3.049390e-05	
2.630081e-01	2.326129e-04	
3.160480e-03	1.127761e-04	
7.329384e-02	8.127478e-05	
1.330098e-01	1.875467e-04	
2.378790e-01	9.724987e-05	
7.425014e-02	1.143500e-04	
6.214029e-02	8.113235e-06	
8.119716e-02	1.164553e-05	
1.425752e-01	9.175397e-06	
1.565890e-01	1.292185e-06	
1.252643e-01	5.010945e-05	
6.087558e-02	3.401944e-05	
1.339538e-01	1.487465e-05	
1.712260e-01	4.973080e-05	
3.375867e-02	2.196145e-05	
1.174750e-01	3.274578e-05	
1.229075e-01	1.330652e-05	
7.264625e-02	2.395682e-05	
1.566254e-01	2.950236e-06	
1.061127e-01	7.578058e-06	
7.723587e-02	4.035355e-05	
1.271069e-01	6.428823e-05	
1.158258e-01	3.966732e-05	
4.213701e-02	9.414253e-05	
1.290261e-01	8.730124e-05	
2.047523e-01	4.547735e-06	
1.522385e-01	3.953348e-07	
1.162427e-01	5.544562e-05	
7.384084e-02	4.583532e-07	
1.748381e-01	5.348455e-05	
9.908354e-02	5.456165e-05	
1.459919e-01	7.548051e-05	
8.028898e-02	2.880646e-05	
1.208224e-01	1.469123e-05	
1.087988e-01	3.927631e-05	
1.063017e-01	8.142502e-05	
6.711545e-02	1.770994e-05	
3.871809e-01	2.095359e-05	
1.988225e-01	1.117300e-04	
1.361211e-01	6.353933e-05	
1.491693e-01	1.405228e-04	
5.539136e-02	7.367490e-05	
1.579498e-01	1.248013e-04	
2.093010e-01	6.293534e-05	
1.436190e-01	4.036166e-05	
1.503026e-01	3.333264e-05	
4.250713e-02	1.436481e-05	
1.126330e-01	7.255550e-06	
2.147136e-01	5.610264e-05	
6.751462e-02	2.146625e-05	
8.900011e-02	6.257177e-05	
1.534635e-01	6.919850e-07	
1.529853e-01	6.989720e-06	
1.328901e-01	2.326354e-05	
2.187290e-01	7.576822e-05	
1.728380e-01	3.604243e-05	
6.707577e-02	1.444393e-05	
1.221180e-01	1.582332e-05	
1.471629e-01	3.558526e-05	
2.347791e-01	6.202912e-05	
5.627557e-02	5.999287e-05	
1.021854e-01	6.544489e-05	
1.049519e-01	5.534169e-05	
5.030018e-02	9.564358e-06	
2.108886e-01	6.538686e-05	
1.645078e-01	5.377900e-05	
5.408480e-02	5.015445e-05	
6.383013e-02	3.839356e-05	
1.557477e-01	1.628665e-05	
1.394394e-01	2.651739e-05	
1.215975e-01	5.868943e-05	
1.548733e-01	5.482596e-05	
1.946477e-01	1.697234e-05	
1.471101e-01	4.434807e-05	
5.879113e-02	6.045264e-05	
2.215740e-01	3.597202e-04	
2.438272e-01	1.937967e-04	
1.113088e-01	2.289775e-04	
1.627630e-02	2.000122e-05	
1.265187e-01	6.434077e-05	
3.001755e-02	1.331279e-05	
1.165065e-01	1.072785e-04	
6.983887e-02	1.558368e-05	
6.784018e-02	6.733678e-05	
1.426728e-01	1.319920e-05	
9.106617e-02	5.571118e-06	
1.172833e-01	4.925686e-06	
4.570722e-02	3.319110e-05	
1.848439e-01	8.839071e-06	
2.603024e-01	1.485396e-05	
1.940672e-01	4.457254e-06	
7.011751e-02	4.428587e-05	
1.316362e-01	5.988467e-05	
2.315997e-01	6.707561e-05	
1.157093e-01	4.676313e-05	
6.206682e-02	6.469970e-05	
1.410536e-01	5.671159e-05	
1.920395e-01	9.730735e-05	
6.323599e-02	6.359145e-05	
1.505096e-01	5.102205e-05	
2.116080e-01	5.419422e-05	
1.310525e-01	2.393431e-05	
2.438417e-01	4.577694e-05	
1.254462e-01	7.047222e-05	
1.900860e-01	7.953878e-05	
8.500617e-02	8.623299e-05	
6.224304e-02	2.639996e-05	
1.385759e-01	5.592133e-05	
1.858817e-01	1.255847e-05	
1.279761e-01	2.207937e-05	
1.353998e-01	1.186898e-05	
1.465890e-01	7.565489e-05	
1.230905e-01	6.631363e-05	
3.142415e-01	3.710449e-04	
3.461303e-01	1.474145e-04	
1.765317e-01	1.718789e-04	
1.681691e-01	7.662931e-05	
2.161814e-01	2.616795e-05	
8.366742e-02	1.099410e-06	
1.777117e-01	1.122049e-05	
1.832077e-01	4.334300e-05	
4.525079e-02	6.015861e-05	
2.797693e-02	6.015455e-05	
8.842104e-02	2.067940e-05	
4.978016e-02	1.772226e-05	
6.548508e-02	4.110941e-05	
6.968245e-02	2.001791e-05	
1.989309e-01	2.428326e-05	
1.488683e-01	2.664740e-05	
9.803480e-02	7.195524e-05	
8.741993e-02	5.479334e-05	
3.700230e-02	5.913023e-05	
2.422984e-01	3.223100e-05	
1.714101e-01	4.981525e-06	
1.520068e-01	3.267927e-05	
1.912577e-01	5.312957e-05	
9.413444e-02	4.374281e-05	
1.451438e-01	1.214963e-05	
1.684746e-01	6.265002e-06	
6.313548e-02	6.310922e-05	
1.462835e-01	5.028727e-05	
7.469550e-02	3.736440e-05	
1.180970e-01	4.293330e-05	
1.019073e-01	5.717998e-05	
3.610178e-02	5.821937e-05	
1.733504e-02	3.307898e-05	
8.061745e-02	1.853544e-05	
3.503450e-02	2.253109e-05	
1.043936e-01	7.766733e-05	
3.842000e-02	1.698364e-04	
6.119410e-02	8.763849e-05	
3.283964e-01	8.349742e-05	
3.663396e-01	2.926818e-04	
2.418568e-01	2.606769e-04	
1.276947e-01	2.788123e-05	
9.674739e-02	1.407179e-05	
8.348849e-02	1.240269e-05	
1.014249e-01	2.074585e-05	
1.412837e-01	2.609537e-05	
6.313169e-02	3.112666e-05	
1.100511e-01	5.679960e-05	
6.105340e-02	1.875479e-05	
1.685191e-01	4.388508e-05	
1.361384e-01	5.295363e-05	
1.056971e-01	7.766421e-05	
1.223869e-01	6.213161e-05	
7.892204e-02	8.466463e-05	
8.675561e-02	7.150575e-05	
1.839076e-01	7.494999e-05	
1.870451e-01	7.415369e-05	
9.000860e-02	5.563230e-05	
1.544213e-01	6.030519e-05	
1.085029e-01	4.897400e-05	
1.140354e-01	6.294537e-05	
6.508993e-02	3.337020e-05	
4.350350e-02	2.644382e-05	
4.432665e-02	5.639493e-05	
2.150396e-01	6.716941e-05	
1.225329e-01	2.799488e-05	
1.370774e-01	4.248682e-05	
2.193824e-02	3.134590e-05	
1.038554e-01	2.059121e-05	
1.901056e-01	5.338305e-06	
6.547248e-02	1.188558e-05	
2.253410e-01	4.189547e-05	
1.685550e-01	4.524919e-06	
1.032709e-01	8.784021e-05	
1.746522e-02	5.892005e-05	
1.660825e-01	9.690363e-05	
3.402353e-01	1.265236e-04	
3.442941e-01	2.654430e-04	
8.385422e-02	2.007829e-04	
9.458446e-02	1.870319e-05	
5.013042e-02	9.805571e-05	
8.827649e-02	7.494733e-07	
1.485402e-01	2.919760e-05	
5.787793e-02	3.493237e-05	
1.469358e-01	5.967050e-06	
1.825714e-01	7.115927e-05	
1.763614e-01	6.062465e-05	
8.575523e-02	3.959761e-05	
1.328823e-01	3.988755e-06	
7.019310e-02	5.724574e-05	
8.549717e-02	5.337461e-05	
1.641590e-02	5.360766e-05	
1.531890e-01	3.338611e-05	
1.298986e-01	3.695006e-05	
1.817246e-01	4.811500e-05	
6.535047e-02	5.482964e-05	
1.505518e-01	6.500878e-05	
2.069899e-01	1.101728e-04	
8.255508e-02	7.294420e-05	
6.342244e-02	3.428557e-05	
2.286483e-01	3.353076e-05	
1.804433e-01	4.626805e-05	
1.423663e-02	4.751651e-05	
3.924408e-02	1.310439e-05	
1.103721e-01	5.102394e-05	
1.073195e-01	3.405469e-05	
6.039941e-02	6.057876e-06	
1.383055e-01	5.591592e-06	
7.617436e-02	1.414456e-05	
1.936934e-01	1.644279e-05	
1.282780e-01	4.068629e-07	
8.258361e-02	7.115072e-05	
1.821445e-01	6.267423e-05	
7.914067e-02	9.492128e-05	
2.598924e-01	1.791393e-04	
2.956201e-01	2.275890e-04	
7.304275e-03	2.403050e-04	
1.661993e-01	6.052865e-05	
1.926493e-01	5.569447e-05	
1.799233e-01	1.527438e-05	
4.836731e-02	7.873689e-05	
1.402902e-01	3.955257e-05	
5.456079e-02	1.875787e-05	
4.888376e-02	4.188949e-05	
8.412801e-02	2.542320e-05	
9.101235e-02	5.718854e-05	
2.054661e-01	4.775007e-05	
3.699567e-02	2.946261e-06	
8.297338e-02	7.062997e-05	
9.689243e-02	9.413531e-05	
1.363854e-02	3.244213e-05	
6.600128e-02	6.856459e-05	
1.339056e-01	7.664172e-05	
4.655381e-02	4.427531e-05	
2.235326e-02	6.494254e-05	
2.365286e-01	5.015526e-05	
1.814268e-01	5.965494e-05	
8.479028e-02	6.348643e-05	
7.597262e-02	4.765218e-05	
8.710517e-02	7.465886e-05	
1.643489e-01	8.453154e-05	
1.243752e-01	4.431819e-05	
1.237264e-01	2.174669e-05	
9.232500e-02	2.682812e-05	
1.351544e-01	3.320339e-05	
7.134288e-02	1.913104e-05	
8.338809e-02	4.119392e-05	
1.198236e-01	7.747973e-05	
1.105312e-01	5.124565e-05	
8.566050e-02	2.186075e-06	
1.421351e-01	8.933577e-05	
1.060136e-01	1.827085e-04	
2.259493e-01	2.275384e-04	
2.993391e-01	7.977379e-05	
7.879516e-02	1.440383e-04	
1.010977e-01	1.375012e-05	
1.133978e-01	1.577101e-04	
1.052810e-01	2.005840e-05	
2.774492e-02	6.230492e-05	
7.616644e-02	2.684755e-05	
1.613305e-01	2.418171e-05	
1.696968e-01	5.194634e-05	
7.852903e-02	4.332159e-05	
5.598720e-02	4.236843e-05	
1.169777e-01	4.544652e-05	
4.668684e-02	6.082571e-05	
1.084718e-01	1.009753e-04	
9.983210e-02	1.070167e-04	
9.232334e-02	2.606535e-05	
2.421040e-01	5.072084e-05	
1.638339e-01	7.245355e-05	
1.590705e-01	1.139041e-04	
3.009214e-02	6.940232e-05	
4.856324e-02	4.792117e-05	
5.998629e-02	9.212891e-05	
1.737676e-01	7.662992e-05	
1.677423e-01	7.664541e-05	
7.874960e-02	6.673662e-05	
1.208686e-01	1.188111e-04	
2.028341e-01	5.900831e-05	
5.596371e-02	4.297847e-06	
6.870356e-02	1.987718e-06	
2.560858e-02	4.606736e-05	
4.040577e-02	5.889907e-05	
1.295615e-01	3.983727e-05	
9.737188e-03	6.996534e-05	
5.624391e-02	6.217407e-05	
4.224786e-02	7.370904e-05	
4.094866e-02	2.080605e-04	
7.818086e-02	1.645848e-04	
2.868117e-01	6.331092e-05	
2.985710e-01	2.745664e-04	
9.204637e-02	1.583019e-04	
7.542431e-02	1.016161e-05	
1.700775e-01	1.631183e-04	
9.267757e-02	5.777119e-05	
1.321718e-01	5.520639e-05	
5.764509e-02	9.494889e-05	
1.389122e-01	1.479913e-05	
1.601660e-01	3.214749e-05	
1.855395e-01	5.649494e-05	
6.194449e-02	5.696056e-05	
1.169470e-01	4.068398e-05	
1.932073e-01	6.277701e-05	
5.294723e-02	1.044653e-04	
3.467900e-02	8.225082e-05	
8.006906e-02	2.929232e-07	
1.058538e-01	3.959969e-05	
8.452513e-02	5.714174e-05	
1.517583e-01	6.407921e-05	
2.576335e-01	7.929429e-05	
1.724983e-01	8.984975e-05	
4.139499e-02	8.641801e-05	
4.921697e-02	8.627431e-05	
1.328642e-01	6.178822e-05	
5.323384e-02	1.909315e-05	
6.508184e-02	4.302540e-05	
1.584811e-01	9.588120e-05	
1.058483e-01	1.154234e-06	
2.654204e-02	5.559633e-05	
1.634128e-01	5.213269e-05	
1.023532e-01	5.839991e-06	
1.299743e-01	3.357139e-05	
1.266356e-01	5.437427e-06	
1.623205e-01	7.081036e-05	
1.016888e-01	1.230505e-04	
1.745770e-01	1.855858e-04	
2.275033e-01	2.635682e-04	
2.731517e-01	3.041935e-04	
2.547006e-01	3.690671e-04	
8.226079e-02	1.594157e-04	
9.379029e-02	2.522945e-06	
1.595227e-01	1.255824e-04	
1.946916e-01	3.105086e-05	
1.478266e-01	6.994701e-05	
1.039852e-01	5.516264e-05	
1.790740e-01	1.421075e-05	
1.173797e-01	6.950886e-06	
6.694445e-02	6.719162e-05	
1.306305e-01	7.071697e-06	
9.796083e-02	2.281412e-05	
1.134090e-01	6.018933e-05	
1.226942e-01	9.360909e-05	
5.987482e-03	8.731955e-05	
4.967385e-02	6.205296e-05	
1.552991e-01	2.735219e-05	
5.178980e-02	6.412459e-05	
7.437538e-02	5.124083e-05	
1.516318e-01	4.796538e-05	
5.755604e-02	5.086121e-05	
6.526347e-02	7.883249e-06	
6.575195e-02	2.192365e-05	
1.114117e-01	5.611378e-05	
1.691045e-01	8.716034e-06	
1.627855e-01	5.493085e-05	
1.431106e-01	4.735632e-05	
6.510158e-02	2.427706e-07	
9.268561e-02	5.053095e-05	
6.258759e-02	2.060331e-05	
1.041913e-01	1.833272e-05	
1.096936e-01	3.971358e-06	
8.113265e-02	3.461563e-05	
1.209165e-01	8.994841e-05	
8.474437e-02	8.692254e-05	
4.953340e-02	2.129877e-04	
2.007195e-01	2.746310e-04	
1.959785e-01	3.545089e-04	
3.766368e-01	8.306180e-05	
1.696684e-01	9.153682e-06	
8.194917e-02	1.782573e-04	
8.113937e-02	1.828836e-04	
9.908942e-02	1.646584e-05	
1.336480e-01	6.902020e-06	
1.433221e-01	5.104091e-05	
1.251400e-01	2.432294e-05	
1.622314e-01	1.951489e-06	
4.538958e-03	6.899776e-05	
5.302389e-02	4.469662e-05	
2.724959e-01	4.225489e-05	
1.332414e-01	6.696009e-05	
2.092944e-02	9.094787e-05	
1.756095e-01	8.691493e-05	
6.082422e-02	6.961470e-05	
3.830179e-02	2.351407e-05	
1.955802e-01	3.189851e-05	
9.956440e-02	2.991768e-05	
1.015935e-01	6.003779e-05	
1.089970e-01	5.208600e-05	
6.436400e-02	5.980704e-05	
1.144902e-01	1.183898e-05	
1.214097e-01	3.814678e-05	
2.803060e-02	5.750158e-05	
9.711341e-02	6.841286e-05	
4.646175e-02	3.817811e-05	
7.817247e-02	1.124567e-05	
1.005979e-01	3.146644e-05	
2.887873e-02	4.947861e-05	
1.417384e-01	6.620342e-05	
8.280403e-02	9.234712e-05	
1.214934e-01	1.079629e-04	
5.130794e-02	1.114640e-04	
1.619418e-01	7.512859e-05	
9.824900e-02	1.305360e-04	
7.284233e-02	3.508558e-04	
2.167618e-01	3.173380e-04	
3.855862e-01	3.615919e-04	
3.792143e-02	6.146826e-05	
7.291069e-02	1.106283e-04	
8.636571e-02	1.880881e-04	
5.460477e-02	1.225351e-04	
1.467897e-01	4.055720e-05	
1.142135e-01	4.493428e-05	
1.212130e-01	3.738997e-05	
1.784020e-01	9.335628e-06	
1.171179e-01	2.671959e-05	
4.863807e-02	5.517281e-06	
6.718489e-02	2.035609e-05	
1.959754e-01	4.834356e-05	
8.531621e-02	5.712577e-05	
9.490278e-02	2.786370e-05	
1.688509e-01	4.738556e-05	
9.169748e-02	2.973286e-05	
2.447622e-01	1.492479e-05	
1.486520e-01	2.811905e-05	
3.012239e-02	4.237986e-05	
1.327230e-01	8.606857e-05	
4.206243e-02	4.494414e-05	
1.065606e-01	6.527319e-05	
8.548398e-02	5.998359e-05	
8.843169e-02	8.712589e-05	
7.541298e-02	5.777563e-05	
1.246131e-01	5.481755e-05	
1.550023e-01	2.191711e-05	
8.060460e-02	2.045920e-06	
4.479116e-02	1.723956e-05	
4.423916e-02	9.275811e-05	
1.330808e-01	1.143336e-04	
4.173363e-02	1.088072e-04	
1.462113e-01	2.000709e-04	
4.544141e-02	2.490217e-04	
1.547903e-01	4.391072e-04	
1.066673e-01	4.192184e-04	
2.725399e-01	2.250915e-04	
3.708044e-01	1.368080e-04	
6.937026e-02	3.245097e-06	
9.751111e-02	2.000786e-04	
4.436768e-02	1.601206e-04	
1.803986e-01	1.611134e-04	
1.195952e-01	1.166047e-04	
1.260107e-01	5.380328e-05	
5.444892e-02	2.916778e-05	
1.199085e-01	6.562824e-05	
7.062852e-02	1.149747e-05	
5.120165e-02	2.197144e-05	
1.531932e-01	5.809817e-05	
1.497626e-01	6.825794e-05	
1.410085e-01	3.730553e-05	
8.959146e-02	3.965973e-05	
1.004686e-01	5.051816e-05	
8.141720e-02	1.007332e-04	
1.294115e-01	1.716337e-05	
7.274782e-02	1.262523e-05	
1.540003e-01	3.347860e-05	
3.386386e-02	3.359033e-05	
1.003722e-01	3.133786e-06	
1.568464e-01	6.053141e-06	
1.626774e-01	3.264073e-05	
2.434116e-01	1.693037e-05	
1.915374e-01	5.129616e-05	
1.482141e-01	6.525936e-05	
1.198857e-01	4.742189e-05	
2.977645e-02	4.375199e-05	
6.078815e-02	7.005055e-06	
1.735424e-01	5.310907e-05	
9.058144e-02	3.360830e-05	
1.476141e-01	6.806603e-05	
2.364051e-01	1.467925e-04	
1.218274e-01	2.626476e-04	
1.543905e-01	3.575655e-04	
8.734064e-02	3.830388e-04	
2.563183e-01	5.067045e-04	
3.123800e-01	2.982667e-04	
1.423072e-01	2.204619e-04	
9.889140e-02	8.693072e-05	
2.570245e-01	3.834982e-05	
2.063791e-01	1.578087e-04	
7.925886e-02	1.195217e-04	
3.138064e-02	4.569544e-05	
1.444003e-01	4.433223e-05	
4.465566e-02	1.360148e-05	
2.762215e-01	1.447126e-05	
1.585635e-01	9.621140e-07	
1.459418e-01	3.966103e-06	
9.780627e-02	4.313494e-05	
1.418063e-01	1.673295e-05	
7.569448e-02	1.052464e-05	
1.653621e-01	1.276686e-05	
1.284817e-01	6.547517e-05	
1.688080e-01	9.243530e-05	
1.990148e-02	1.827749e-05	
6.637118e-02	2.206766e-05	
1.142595e-01	3.104573e-05	
7.104727e-02	6.679834e-06	
1.771033e-01	3.268968e-07	
4.846606e-02	8.710855e-06	
1.914973e-01	1.610432e-05	
3.999939e-02	2.524567e-05	
9.996078e-02	1.460214e-05	
6.765753e-02	4.873416e-05	
1.858933e-01	5.332772e-05	
9.561278e-02	5.557382e-05	
1.475071e-01	1.399342e-04	
1.390770e-01	1.264547e-04	
8.479010e-02	1.145511e-04	
6.919397e-02	1.489699e-04	
1.176476e-01	2.260918e-04	
6.318466e-02	2.548893e-04	
2.178641e-01	3.267455e-04	
2.964978e-01	3.114903e-04	
1.764352e-01	2.813446e-04	
1.672494e-01	4.327205e-04	
1.617028e-01	1.078242e-04	
2.243253e-01	9.729891e-05	
1.633949e-01	1.184110e-04	
1.475722e-01	7.376566e-05	
9.928663e-02	9.165560e-05	
2.836517e-01	1.132764e-04	
8.747621e-02	2.312559e-05	
6.602911e-02	1.259115e-05	
1.681936e-01	4.162925e-06	
1.812702e-01	3.592183e-05	
1.417700e-01	4.092985e-05	
1.583071e-01	5.235971e-05	
6.739091e-02	3.932497e-05	
1.534873e-01	4.503006e-05	
5.613904e-02	5.535704e-05	
1.680637e-01	7.001478e-05	
1.320995e-01	8.575695e-05	
1.166214e-01	1.310223e-05	
2.415848e-02	1.354504e-05	
1.101210e-01	1.494737e-05	
3.821808e-02	1.106115e-05	
6.068937e-02	1.287284e-05	
1.422886e-01	1.570618e-06	
1.958242e-01	1.195560e-05	
4.050847e-02	5.806371e-07	
1.289083e-01	1.737620e-05	
5.421187e-02	2.722536e-05	
6.120425e-02	1.852653e-05	
8.860000e-02	1.123429e-04	
1.490239e-01	1.286734e-04	
1.533908e-01	1.658275e-04	
1.208875e-01	2.102235e-04	
1.125925e-01	2.490347e-04	
1.182520e-01	2.569355e-04	
1.444643e-01	2.564171e-04	
2.238280e-01	1.805951e-04	
2.423066e-01	2.124518e-04	
1.763178e-01	3.360758e-04	
7.316977e-02	1.645370e-04	
7.596351e-02	2.039053e-04	
1.819625e-01	2.206162e-04	
8.607973e-02	1.324352e-04	
1.134226e-01	2.504799e-05	
1.611727e-01	6.391346e-05	
1.578490e-01	1.160889e-05	
6.552402e-02	4.016211e-05	
1.628134e-01	5.901151e-05	
5.572250e-02	2.587831e-05	
8.299258e-02	5.463469e-05	
1.819406e-01	5.537262e-05	
1.393765e-01	3.647212e-05	
1.273876e-01	2.248727e-05	
7.624050e-02	1.573522e-05	
1.025786e-01	5.401041e-05	
8.048283e-02	6.232239e-05	
1.651586e-01	1.510883e-05	
1.005858e-01	3.310447e-05	
8.271532e-02	2.455625e-05	
1.224849e-01	3.217427e-05	
1.029617e-01	1.976193e-05	
1.702660e-01	8.428536e-07	
1.193611e-01	5.630087e-06	
3.421390e-02	2.000250e-05	
1.490875e-01	1.079427e-05	
1.551445e-01	1.556730e-05	
8.088930e-02	2.265479e-05	
5.758738e-02	2.234218e-06	
7.317339e-02	1.403297e-04	
1.446213e-01	1.135100e-04	
1.173522e-01	1.865917e-04	
9.298925e-02	1.841243e-04	
8.377401e-02	3.581374e-04	
1.120402e-01	3.762966e-04	
2.862284e-01	4.063759e-04	
2.385951e-01	2.487990e-04	
5.146809e-02	3.878298e-04	
1.510281e-01	3.271648e-05	
3.125464e-02	1.247328e-04	
5.103646e-02	1.573311e-04	
1.636208e-01	2.908953e-05	
8.006559e-02	1.736751e-05	
2.095116e-01	2.825612e-05	
1.203742e-02	2.496447e-05	
2.242504e-01	1.828307e-05	
6.451116e-02	5.164296e-05	
5.203041e-02	1.312269e-05	
8.222493e-02	7.948676e-05	
7.107098e-02	1.468151e-05	
1.174558e-01	5.573919e-06	
1.681957e-01	3.300957e-06	
1.280352e-01	1.242832e-05	
1.672671e-01	4.212830e-05	
1.815194e-01	4.248850e-05	
1.746283e-01	1.848754e-05	
2.297800e-01	4.780272e-06	
2.368431e-01	8.649276e-06	
1.517602e-01	3.011851e-05	
1.775010e-01	1.502193e-06	
9.367255e-02	3.513846e-05	
2.099838e-01	2.112185e-06	
5.489934e-02	2.013033e-05	
1.850966e-01	2.964563e-05	
1.784917e-01	4.054081e-05	
8.069147e-02	5.286835e-05	
1.180050e-01	6.705780e-05	
1.213627e-01	1.463762e-04	
1.382078e-01	1.520896e-04	
1.496575e-01	9.568817e-05	
1.266640e-01	2.289978e-04	
1.819748e-01	4.012848e-04	
4.909124e-02	5.407137e-04	
3.195420e-01	2.920505e-04	
2.693759e-01	5.556271e-04	
9.750730e-02	4.631546e-04	
2.008466e-01	4.487624e-05	
8.657991e-02	6.633288e-05	
6.390630e-02	7.282570e-05	
9.701927e-02	5.061838e-05	
1.468072e-01	5.530810e-05	
5.833978e-02	4.510427e-05	
6.852978e-02	8.462581e-05	
2.009526e-01	6.114521e-05	
1.022473e-01	8.688203e-05	
7.840708e-02	4.875506e-05	
2.095709e-02	9.504771e-06	
1.736723e-01	1.449179e-05	
1.467744e-01	5.868130e-06	
7.640242e-02	2.716968e-05	
2.414486e-02	3.670826e-05	
7.631269e-02	2.368947e-05	
4.773960e-02	2.855358e-05	
2.231410e-01	4.740809e-07	
1.657998e-01	3.360101e-05	
2.302257e-01	3.457471e-05	
6.263304e-02	1.690063e-05	
4.407921e-02	8.218241e-06	
1.516509e-01	3.865637e-05	
1.812641e-01	3.678507e-05	
1.299298e-01	1.549243e-06	
1.135530e-01	9.656628e-06	
2.125814e-02	9.801111e-06	
1.378619e-01	2.578985e-05	
6.243484e-02	5.855731e-05	
2.984333e-02	1.274776e-04	
1.393229e-01	1.487076e-04	
1.130267e-01	1.192553e-04	
2.521145e-01	2.024168e-04	
1.058787e-01	4.761418e-04	
1.099326e-01	1.662844e-04	
2.875046e-01	1.941742e-04	
3.218106e-01	7.135372e-04	
1.072678e-01	4.983232e-04	
3.814714e-02	9.688367e-05	
1.859047e-01	1.133830e-04	
1.058921e-01	9.557539e-05	
9.169764e-02	8.340168e-05	
1.999590e-01	3.900437e-05	
1.190963e-01	4.209873e-05	
1.062591e-01	3.738234e-05	
1.394117e-01	4.467155e-05	
1.403027e-01	5.740928e-05	
3.044180e-01	5.627341e-06	
6.342504e-02	9.947384e-06	
3.886022e-02	4.793383e-06	
2.171106e-01	1.399335e-05	
2.439149e-02	2.649855e-05	
2.375450e-01	3.343271e-05	
1.896106e-01	2.661071e-05	
6.058047e-02	4.127443e-05	
6.001898e-02	9.465676e-06	
4.326123e-02	3.916848e-05	
1.570724e-01	1.436417e-05	
1.873513e-01	3.574081e-05	
7.206314e-02	1.707551e-05	
1.327332e-02	4.340531e-05	
1.460054e-01	2.662279e-05	
7.354038e-02	5.111335e-05	
1.079708e-01	4.892233e-05	
1.148123e-01	4.650567e-05	
9.387726e-02	4.595873e-05	
1.385363e-01	2.532235e-05	
1.550642e-01	9.379903e-05	
1.066028e-01	1.247920e-04	
8.548276e-02	1.272770e-04	
2.217378e-02	1.609279e-04	
2.060567e-01	2.866845e-04	
1.077401e-01	1.440638e-04	
2.766284e-01	2.944471e-04	
3.168518e-01	4.988264e-04	
6.983161e-02	4.045465e-04	
7.731857e-02	3.915124e-05	
1.385658e-01	1.022410e-04	
1.299931e-01	1.174674e-04	
1.807676e-02	6.037055e-05	
4.723848e-02	1.135023e-05	
5.510634e-02	3.297704e-06	
1.223034e-01	1.239603e-05	
2.443410e-01	2.423624e-05	
9.314392e-02	2.683455e-05	
1.354704e-01	5.590904e-06	
1.167792e-01	3.598126e-05	
1.082653e-01	3.362893e-06	
6.418424e-02	1.374614e-05	
6.455641e-02	3.828900e-06	
1.542425e-01	2.088478e-06	
1.594387e-01	1.626574e-05	
1.671777e-01	2.172769e-05	
1.524909e-01	5.016323e-05	
4.491660e-02	5.257420e-05	
9.407269e-02	2.451764e-05	
2.053759e-02	3.014476e-05	
1.768202e-01	1.460270e-05	
1.171460e-01	1.745340e-05	
1.136335e-01	2.234209e-05	
3.374776e-02	1.125780e-05	
1.529783e-01	5.463768e-05	
2.101441e-01	8.105784e-05	
1.234115e-01	7.929470e-06	
1.230161e-01	1.679793e-05	
6.796760e-02	3.166837e-05	
3.698987e-02	1.173368e-04	
1.452716e-01	1.117738e-04	
1.104782e-01	1.125014e-04	
1.550385e-01	2.755174e-04	
1.959097e-01	4.002874e-04	
1.980439e-01	3.759813e-04	
2.619003e-01	4.598987e-04	
9.921869e-02	3.472284e-04	
9.462889e-02	2.150322e-04	
1.428552e-01	8.275510e-05	
1.613877e-01	1.448435e-04	
8.407335e-02	6.858477e-05	
6.009670e-02	3.070894e-05	
1.615633e-01	2.813610e-05	
6.147999e-02	1.074748e-04	
2.060023e-01	9.495615e-05	
9.770032e-02	8.358217e-05	
1.810956e-01	4.911202e-05	
9.110635e-02	4.468588e-05	
9.331611e-02	4.395902e-05	
9.326294e-02	2.526431e-05	
1.574115e-01	1.822273e-05	
5.619831e-02	3.703053e-06	
1.541326e-01	3.200347e-05	
1.512489e-01	2.141322e-05	
2.023384e-01	1.924005e-05	
1.257674e-01	2.250079e-05	
5.178907e-02	4.315705e-05	
1.614778e-01	4.491813e-05	
1.194843e-01	7.174262e-06	
9.612007e-02	2.865460e-06	
1.149029e-01	6.163170e-05	
2.145221e-01	4.143226e-05	
1.046754e-01	4.093587e-05	
8.856810e-02	1.671111e-05	
4.412028e-02	7.964555e-06	
1.454430e-01	1.012487e-05	
9.083712e-02	8.593810e-05	
8.497569e-02	9.036974e-05	
1.217979e-01	1.093302e-04	
2.123458e-01	2.069390e-04	
1.440962e-01	3.563157e-04	
1.397496e-01	2.979656e-04	
1.717524e-01	2.568252e-04	
2.427188e-01	4.654394e-04	
1.276583e-01	2.455808e-04	
1.237088e-01	2.079977e-04	
2.087716e-01	1.288275e-04	
1.619391e-01	1.112359e-04	
1.630673e-01	7.542402e-05	
1.450425e-01	7.736869e-06	
1.012299e-01	8.614548e-05	
8.821321e-02	9.792127e-05	
5.946239e-02	4.134642e-05	
8.442762e-02	3.393222e-05	
1.600662e-02	2.977362e-05	
1.920993e-02	4.508923e-05	
1.651265e-01	5.668788e-05	
7.468017e-02	1.711137e-05	
5.307176e-02	1.881499e-05	
1.034409e-01	3.951386e-05	
1.274776e-01	2.788937e-05	
7.604688e-02	6.925888e-06	
6.759828e-02	8.304224e-06	
1.617074e-01	4.280648e-06	
6.593584e-02	9.293517e-06	
1.943288e-01	4.411595e-05	
1.123482e-01	3.691563e-05	
5.852330e-02	3.653759e-05	
1.980300e-01	2.826107e-05	
1.341663e-01	2.302605e-05	
1.382309e-01	6.207520e-05	
3.403507e-02	3.544896e-05	
9.388517e-02	1.063485e-05	
5.749300e-02	2.491089e-05	
1.088256e-01	9.766731e-05	
9.595191e-02	1.099180e-04	
2.283879e-01	1.651091e-04	
1.701163e-01	2.353642e-04	
1.586821e-01	2.428444e-04	
1.277178e-01	4.624435e-04	
3.836103e-01	4.858518e-04	
3.334493e-01	1.930637e-04	
1.194272e-01	1.678061e-04	
1.600280e-01	2.061963e-04	
2.361371e-03	1.668428e-04	
1.051427e-01	8.705586e-05	
2.201320e-01	2.764021e-05	
1.081358e-01	3.434932e-05	
9.364454e-02	5.864110e-06	
8.227609e-02	5.244994e-05	
1.268873e-01	3.591457e-05	
1.151921e-01	3.085453e-05	
4.580663e-02	2.416407e-05	
6.932017e-02	1.881890e-05	
3.101644e-02	9.317381e-06	
4.663927e-02	3.122197e-05	
1.390233e-01	3.414513e-05	
4.340220e-02	2.863226e-05	
2.071589e-01	6.800265e-06	
1.158199e-01	1.146381e-05	
4.298606e-02	1.249265e-05	
1.655362e-01	2.028992e-05	
2.522079e-02	3.206177e-05	
7.775450e-02	2.435853e-05	
1.327286e-01	3.471254e-05	
7.981121e-02	1.337026e-06	
2.194987e-01	3.755619e-05	
2.311745e-01	8.140993e-06	
7.309636e-02	1.999813e-06	
3.718912e-02	3.200113e-05	
9.995752e-02	3.949743e-05	
7.816870e-02	1.590880e-05	
1.246772e-01	6.483137e-05	
2.653410e-01	1.150581e-04	
1.460002e-01	6.501646e-06	
1.123511e-01	1.076418e-04	
6.893094e-02	5.884149e-05	
4.199554e-02	3.854169e-04	
3.026160e-01	6.130839e-04	
2.416661e-01	4.980903e-04	
1.372563e-01	1.741100e-04	
1.814316e-02	2.255959e-04	
1.382261e-01	1.064376e-04	
4.572689e-02	1.268587e-04	
1.474308e-02	2.816938e-05	
1.426287e-01	3.954537e-05	
1.740391e-01	3.018603e-05	
1.332835e-01	2.459264e-05	
1.301936e-01	5.973775e-05	
8.454069e-02	4.949132e-05	
1.525518e-01	4.789977e-05	
1.241014e-02	2.229889e-05	
9.569996e-02	3.074210e-05	
4.330694e-02	4.443407e-05	
2.003860e-01	2.314418e-06	
1.687611e-01	2.285713e-06	
2.637306e-02	1.749313e-05	
6.033652e-02	3.937989e-05	
6.463489e-02	4.228186e-05	
1.112381e-01	2.249929e-05	
8.543000e-02	2.316567e-06	
6.308303e-02	6.648337e-06	
1.193360e-01	6.032193e-05	
1.344367e-01	1.377923e-05	
1.721526e-01	1.753110e-05	
2.990367e-02	1.348438e-05	
2.019126e-01	8.241923e-06	
4.994069e-02	1.724062e-06	
7.017288e-02	1.423000e-06	
1.174206e-01	9.242723e-06	
1.087675e-02	1.217677e-04	
1.143827e-01	4.941365e-05	
9.306986e-02	7.028163e-05	
7.465884e-02	1.297910e-04	
5.423131e-02	1.380561e-04	
1.424083e-01	1.578917e-04	
3.306844e-01	6.030036e-04	
4.485102e-01	1.844595e-04	
1.024485e-01	1.185994e-04	
1.597335e-01	1.222716e-05	
6.961697e-02	1.388171e-04	
1.571129e-01	3.093726e-05	
1.600876e-01	4.932991e-06	
1.258835e-01	3.929042e-05	
1.693486e-01	4.601604e-05	
1.359467e-01	1.787867e-05	
2.022416e-01	1.582230e-05	
8.961850e-02	7.775339e-05	
2.157469e-01	6.348733e-05	
4.576799e-02	7.434705e-05	
1.043478e-01	2.091721e-05	
7.503337e-02	1.777229e-05	
6.308150e-02	3.034524e-05	
1.251525e-01	2.684405e-05	
1.539408e-01	3.530437e-05	
8.396792e-02	4.855193e-05	
1.252887e-01	2.629369e-05	
8.562600e-02	2.946263e-05	
7.422337e-02	3.312558e-05	
6.755289e-02	1.812736e-05	
1.035972e-01	4.448143e-05	
1.861812e-01	1.729004e-05	
2.323473e-01	3.118975e-05	
1.024232e-01	1.101345e-05	
8.690026e-02	1.009231e-05	
1.584703e-01	1.368427e-05	
1.561732e-01	2.715071e-05	
1.732032e-01	3.939699e-05	
7.335144e-02	2.901328e-05	
7.074228e-02	6.421658e-05	
2.897571e-01	4.394456e-05	
1.242078e-01	2.339963e-04	
2.067977e-01	2.744553e-04	
1.364315e-01	1.188022e-04	
3.709924e-01	2.338531e-04	
2.660806e-01	4.315402e-04	
2.107966e-01	4.354704e-05	
3.731847e-01	1.835846e-05	
2.247936e-01	4.419319e-05	
3.634439e-01	2.422356e-05	
4.240958e-01	2.657865e-06	
3.649151e-01	1.071858e-07	
2.806891e-01	3.620810e-05	
2.511392e-01	7.314799e-06	
2.880958e-01	8.187058e-06	
1.835986e-01	5.196884e-05	
2.573790e-01	2.635567e-05	
2.259247e-01	3.366192e-05	
3.353768e-01	9.971784e-06	
3.433686e-01	1.600891e-05	
4.189494e-01	1.296974e-06	
2.870289e-01	1.587200e-06	
1.461151e-01	3.715947e-05	
2.856741e-01	2.007773e-05	
3.320915e-01	7.670373e-06	
2.098142e-01	3.158862e-05	
1.771542e-01	3.329704e-05	
2.654302e-01	5.466622e-06	
2.956154e-01	6.113327e-06	
2.772468e-01	1.358014e-05	
2.147961e-01	2.435677e-05	
2.773291e-01	3.475734e-05	
3.614296e-01	2.795538e-05	
3.257444e-01	1.014315e-05	
2.472866e-01	1.990848e-05	
3.360029e-01	1.371965e-05	
2.622135e-01	5.308532e-05	
1.688686e-01	3.480696e-05	
3.152465e-01	7.075424e-05	
3.629549e-01	1.640947e-04	
3.678926e-01	8.376550e-06	
3.293005e-01	3.433936e-05	
3.063180e-01	7.892183e-05	
