3.914881e-01	1.587619e-13	
3.414706e-01	2.267075e-13	
3.974195e-01	1.056710e-12	
4.767179e-01	2.817746e-13	
4.774550e-01	3.864242e-12	
3.241634e-01	1.341149e-13	
4.839122e-01	8.120171e-13	
4.475504e-01	4.023448e-13	
4.344917e-01	9.969803e-14	
5.487458e-01	2.485079e-11	
6.168658e-01	2.206235e-12	
4.366560e-01	1.052625e-11	
4.198916e-01	7.558398e-13	
3.929397e-01	4.055623e-11	
3.057476e-01	4.125589e-13	
4.915967e-01	2.063461e-12	
4.599726e-01	1.048051e-11	
4.033107e-01	1.819656e-13	
4.768287e-01	9.994228e-13	
4.790646e-01	1.692424e-12	
4.614987e-01	5.706546e-14	
3.199728e-01	1.331024e-10	
3.004552e-01	6.695866e-12	
3.203077e-01	6.378675e-12	
5.502304e-01	9.388601e-12	
4.498444e-01	2.432721e-12	
4.042042e-01	1.716516e-12	
4.420864e-01	8.496093e-12	
4.812794e-01	5.840439e-12	
4.773288e-01	4.685141e-12	
4.611693e-01	1.400768e-12	
5.259875e-01	2.782219e-13	
3.659497e-01	3.053668e-12	
3.847979e-01	2.727374e-12	
3.654990e-01	1.023626e-13	
4.783768e-01	6.089795e-12	
4.631112e-01	1.918465e-13	
5.174808e-01	2.970957e-13	
3.952557e-01	1.940670e-13	
4.017526e-01	7.175371e-13	
3.222200e-01	7.263568e-11	
3.482082e-01	1.994967e-13	
4.909458e-01	2.854075e-12	
4.453173e-01	3.603790e-13	
5.212831e-01	4.145783e-13	
4.601274e-01	1.246205e-13	
4.403816e-01	1.656904e-13	
4.597303e-01	1.239776e-14	
4.201503e-01	5.630897e-14	
5.132564e-01	7.283583e-14	
4.668444e-01	8.162663e-15	
6.272760e-01	5.433634e-16	
3.317047e-01	4.265045e-15	
3.850861e-01	9.733180e-16	
3.935600e-01	3.267040e-15	
4.673319e-01	1.503768e-16	
3.725960e-01	4.392763e-16	
3.745235e-01	1.866467e-15	
5.344264e-01	2.125869e-15	
4.330162e-01	1.971404e-15	
4.450288e-01	8.448876e-16	
4.663245e-01	9.920724e-16	
4.727166e-01	8.614461e-16	
4.713399e-01	1.024978e-15	
4.466611e-01	3.157913e-15	
3.488878e-01	6.222934e-16	
4.576699e-01	7.786544e-15	
4.461964e-01	2.900231e-15	
4.807775e-01	1.811211e-16	
3.751227e-01	3.886982e-16	
3.668033e-01	2.111184e-16	
3.886355e-01	2.908521e-15	
3.304738e-01	5.481114e-15	
4.998702e-01	2.394803e-15	
3.412102e-01	1.767666e-16	
4.241038e-01	6.525366e-16	
3.565726e-01	5.699945e-16	
3.859534e-01	1.167481e-14	
4.259407e-01	9.533038e-13	
3.711565e-01	5.326628e-12	
4.004182e-01	1.021405e-14	
5.417325e-01	3.110845e-13	
3.995600e-01	1.223910e-12	
3.578368e-01	1.099121e-13	
5.115628e-01	4.115597e-13	
4.552096e-01	5.262457e-14	
5.179576e-01	3.411715e-12	
4.663119e-01	9.936718e-12	
3.694025e-01	2.438050e-12	
2.664498e-01	1.887779e-11	
3.220440e-01	4.624745e-12	
4.698093e-01	1.175771e-11	
4.733261e-01	9.583934e-11	
4.394266e-01	2.288170e-13	
3.976298e-01	3.497203e-13	
4.183540e-01	2.986966e-11	
4.830283e-01	8.286705e-13	
5.173475e-01	2.270628e-12	
3.715775e-01	1.737299e-11	
3.997002e-01	1.003864e-12	
4.399817e-01	4.302555e-10	
4.779577e-01	8.877343e-13	
3.746620e-01	3.120837e-12	
3.540739e-01	7.688294e-13	
4.697517e-01	2.026201e-11	
5.404791e-01	3.098943e-11	
4.591757e-01	4.379519e-11	
4.384255e-01	1.005640e-11	
3.315927e-01	3.874856e-11	
4.483947e-01	8.949952e-12	
3.697806e-01	8.513634e-12	
3.905873e-01	3.926526e-11	
4.188548e-01	2.864142e-11	
3.124690e-01	1.737388e-11	
4.189081e-01	2.208844e-10	
4.528424e-01	1.421085e-12	
4.335626e-01	1.435827e-10	
3.170912e-01	1.695610e-11	
3.539298e-01	1.217693e-12	
4.226215e-01	1.645462e-12	
5.436857e-01	2.521316e-12	
4.131322e-01	3.684164e-12	
4.261382e-01	8.713696e-12	
4.161425e-01	7.260859e-14	
3.720965e-01	1.771694e-12	
4.628625e-01	5.431211e-12	
4.214297e-01	2.768896e-13	
4.628900e-01	2.701395e-12	
5.070403e-01	5.907053e-12	
4.682073e-01	5.209166e-13	
3.074941e-01	4.747114e-11	
3.803851e-01	6.903367e-13	
4.028072e-01	1.876277e-13	
3.939350e-01	1.674660e-12	
4.525713e-01	4.623857e-12	
4.947272e-01	5.102030e-11	
4.269592e-01	1.545608e-11	
4.004166e-01	1.754152e-14	
3.777006e-01	1.537015e-11	
4.995714e-01	5.499379e-12	
4.338773e-01	4.662426e-11	
4.839326e-01	2.683076e-12	
4.204995e-01	7.996048e-12	
4.619234e-01	1.594058e-12	
5.420004e-01	1.354181e-10	
4.683677e-01	4.409062e-11	
4.714742e-01	1.647971e-11	
4.372719e-01	1.077849e-11	
6.069179e-01	1.024802e-11	
5.643046e-01	4.973577e-12	
4.525929e-01	4.426681e-12	
4.419232e-01	9.088952e-12	
3.993301e-01	1.360712e-11	
3.594213e-01	3.639533e-12	
4.309016e-01	5.454637e-12	
3.972458e-01	3.356426e-12	
2.817896e-01	3.804229e-06	
3.991575e-01	2.439209e-05	
2.222287e-01	2.988228e-05	
4.457985e-01	1.904246e-05	
3.733422e-01	1.591620e-05	
3.493106e-01	9.691153e-06	
2.893128e-01	2.149452e-05	
3.479671e-01	2.007343e-05	
3.245163e-01	3.464900e-05	
4.171906e-01	2.766944e-05	
2.604566e-01	1.757890e-04	
3.421642e-01	1.419565e-05	
4.069326e-01	6.012810e-05	
3.211775e-01	4.339852e-05	
2.301174e-01	1.974072e-04	
2.486554e-01	1.047372e-04	
3.229453e-01	1.560644e-04	
3.289085e-01	1.445331e-04	
2.833978e-01	1.134604e-04	
1.604142e-01	2.490996e-04	
4.027272e-01	5.241956e-05	
4.435973e-01	1.602412e-04	
3.053944e-01	2.567035e-04	
3.075379e-01	7.733795e-05	
3.398931e-01	4.498628e-05	
4.568446e-01	8.406506e-05	
3.727068e-01	2.408557e-04	
3.651173e-01	7.644004e-05	
4.085271e-01	6.792644e-05	
1.555857e-01	1.120722e-04	
1.353882e-01	1.121918e-04	
3.035548e-01	2.414585e-06	
3.577720e-01	4.315840e-05	
3.038769e-01	8.923688e-05	
3.266756e-01	8.686001e-05	
2.095026e-01	8.205884e-05	
1.874654e-01	3.664820e-05	
3.229487e-01	2.444070e-06	
2.851599e-01	6.704228e-05	
9.617473e-02	1.011615e-04	
7.372463e-02	9.884872e-05	
1.319055e-01	4.528742e-05	
1.116235e-01	1.373200e-05	
8.307375e-02	3.523799e-05	
2.034941e-02	4.845874e-05	
1.424032e-01	3.826790e-05	
1.026371e-01	1.711238e-05	
1.991435e-01	7.110260e-05	
1.413115e-01	1.023936e-04	
7.173143e-02	1.301804e-04	
1.059733e-01	3.270341e-05	
2.408580e-01	7.471532e-05	
9.890595e-02	1.667087e-04	
8.591855e-02	1.142179e-04	
6.053948e-02	1.231155e-04	
4.710150e-02	8.418877e-05	
7.584538e-02	5.830188e-05	
6.064830e-02	8.135832e-05	
7.164276e-02	2.026057e-04	
1.497120e-01	9.341632e-05	
5.872386e-02	9.425377e-05	
1.423334e-01	3.245696e-05	
2.273177e-01	4.047097e-05	
1.126964e-01	9.789351e-05	
1.193125e-01	1.187149e-04	
9.161032e-02	6.095054e-05	
2.201500e-01	6.192079e-05	
5.443815e-02	1.338465e-04	
9.639722e-02	1.032137e-04	
8.322146e-02	2.549209e-05	
8.830438e-02	8.130818e-05	
8.809302e-02	2.020338e-04	
9.014417e-02	1.422887e-04	
5.363611e-02	7.207782e-05	
1.013556e-01	7.574851e-05	
2.656060e-01	2.397500e-05	
2.515107e-01	7.644649e-05	
1.473201e-01	8.965666e-05	
1.092973e-01	6.164221e-05	
3.249455e-02	4.503557e-05	
1.011704e-01	4.792544e-05	
1.232590e-01	5.165423e-05	
6.051378e-02	7.174833e-05	
5.229355e-02	6.456034e-05	
9.879702e-02	4.298935e-05	
1.146462e-01	6.391146e-05	
7.863500e-02	1.017257e-04	
4.654383e-02	8.684036e-05	
1.227976e-01	1.160166e-04	
1.540967e-01	1.822389e-05	
1.177722e-01	2.197478e-05	
1.138309e-01	1.382506e-04	
1.179179e-01	1.663235e-04	
7.109047e-02	1.090363e-04	
9.097647e-02	6.055071e-05	
7.933638e-02	8.667034e-05	
8.622067e-02	1.798507e-04	
1.089848e-01	7.391688e-05	
1.022052e-01	6.853114e-05	
9.004303e-02	6.251129e-05	
1.073421e-01	6.475488e-05	
9.112788e-02	1.261157e-04	
1.503239e-01	6.773001e-05	
1.518670e-01	3.511571e-05	
6.982891e-02	7.014408e-05	
1.819974e-01	4.389323e-05	
1.246490e-01	4.588173e-05	
1.206827e-01	1.051008e-04	
4.165880e-02	7.949858e-05	
1.206587e-01	7.130102e-05	
6.903459e-02	7.507174e-05	
1.082765e-01	6.558868e-05	
5.557988e-02	8.007459e-05	
3.499386e-01	3.976104e-05	
2.531598e-01	3.558136e-05	
4.615393e-02	4.268133e-05	
3.803530e-02	7.272859e-05	
7.261619e-02	4.835959e-05	
1.082599e-01	2.884862e-05	
5.524907e-02	2.828443e-05	
7.141478e-02	9.611453e-05	
4.722108e-02	3.162409e-05	
4.865106e-02	5.224922e-05	
1.305029e-01	9.418024e-05	
9.762515e-02	2.319344e-06	
5.558701e-02	3.259529e-05	
1.654433e-01	3.910478e-05	
1.994709e-01	8.563277e-05	
7.766196e-02	5.143475e-06	
1.649920e-01	6.076660e-05	
1.899535e-01	8.243051e-05	
1.230601e-01	4.333473e-05	
6.152321e-02	8.603369e-05	
1.179314e-01	1.256664e-04	
7.880339e-02	1.854839e-04	
1.244668e-01	6.898040e-05	
7.569121e-02	4.338101e-05	
8.147374e-02	2.715694e-05	
1.598161e-01	6.338295e-05	
3.623633e-02	9.753259e-05	
4.878192e-02	4.177860e-05	
9.867196e-02	3.612656e-05	
1.549472e-01	4.105079e-05	
2.807470e-01	6.551041e-05	
5.907535e-02	2.325438e-05	
5.150195e-02	6.178174e-05	
3.186554e-02	7.957242e-05	
2.021505e-01	4.771762e-05	
7.525038e-02	2.739751e-05	
1.021879e-01	6.963421e-05	
9.253552e-02	3.423296e-05	
3.954181e-01	1.920372e-05	
3.077010e-01	4.511259e-05	
1.079008e-01	1.543735e-04	
8.756864e-02	1.759197e-04	
7.691541e-02	1.589108e-04	
1.524252e-01	1.112640e-04	
1.671989e-01	8.342224e-06	
1.761062e-01	2.197487e-05	
1.810937e-01	3.503420e-05	
1.881071e-01	6.920274e-05	
3.222901e-01	4.117567e-05	
1.820494e-01	5.008040e-05	
4.420915e-02	4.517933e-05	
1.429774e-01	2.511951e-05	
2.181370e-02	2.638802e-05	
1.122673e-01	8.805107e-05	
1.080152e-01	4.183260e-05	
5.581454e-02	5.078649e-05	
1.795488e-01	5.940855e-05	
7.912127e-02	3.249007e-05	
5.343488e-02	4.555115e-05	
7.080204e-02	3.315601e-05	
1.059846e-01	1.226622e-05	
7.362520e-02	3.309990e-05	
1.221056e-01	2.333169e-05	
1.693548e-01	1.093466e-04	
2.239390e-01	4.742463e-05	
1.055489e-01	1.299586e-06	
5.120993e-02	1.865563e-05	
1.004177e-01	2.008206e-05	
7.544296e-02	4.982881e-05	
2.099613e-01	9.834176e-05	
2.415098e-01	9.416055e-05	
2.535887e-01	1.391146e-05	
8.389785e-02	4.610248e-05	
1.019828e-01	3.942086e-05	
1.477142e-01	2.368562e-05	
5.454916e-02	8.277724e-05	
2.834552e-01	1.572614e-04	
2.276621e-01	8.417410e-05	
3.946793e-02	1.516923e-04	
1.184166e-01	1.131948e-04	
1.265947e-01	1.460166e-04	
1.450983e-01	5.462429e-05	
8.206327e-02	1.473124e-05	
3.819383e-02	5.693472e-05	
9.805773e-02	2.795246e-05	
1.829848e-01	2.940117e-05	
1.352066e-01	7.787387e-07	
1.207656e-01	3.191760e-05	
1.133779e-01	1.080783e-05	
2.458223e-01	3.121847e-05	
1.545584e-01	2.300068e-05	
3.876588e-02	1.107710e-05	
1.120633e-01	1.027556e-05	
1.019013e-01	3.206428e-06	
9.842574e-02	2.625678e-05	
1.497647e-01	1.761751e-04	
1.139970e-01	2.144432e-05	
1.070304e-01	4.066491e-05	
6.847479e-02	4.910307e-05	
2.116480e-01	1.619432e-05	
1.379465e-01	2.851533e-06	
8.578703e-02	2.886346e-05	
1.062941e-01	3.497160e-05	
1.181766e-01	2.722130e-05	
1.547953e-01	5.157001e-06	
1.105555e-01	1.759069e-05	
1.301292e-01	2.932620e-05	
9.701233e-02	2.254853e-05	
1.825723e-01	4.722703e-05	
2.333508e-01	5.918845e-05	
1.275825e-01	8.158611e-05	
5.125075e-02	1.364013e-04	
7.478783e-02	4.158151e-05	
1.586717e-01	1.175578e-04	
3.079310e-01	1.695418e-04	
4.004638e-01	1.682186e-04	
1.156170e-01	1.216172e-04	
1.674960e-01	1.383041e-04	
7.825251e-02	5.645017e-05	
2.009520e-01	9.714004e-05	
1.736356e-01	2.294827e-05	
2.439651e-01	5.150560e-05	
4.905765e-02	5.684572e-05	
8.749555e-02	9.005450e-06	
1.062548e-01	1.146379e-05	
7.712111e-02	2.146059e-05	
1.272023e-01	2.244666e-05	
8.229326e-02	1.535648e-05	
4.987371e-02	3.940254e-05	
2.699956e-01	1.858956e-05	
1.676557e-01	2.542974e-05	
6.515324e-02	5.913153e-05	
1.030272e-01	1.084600e-04	
8.518990e-02	9.231945e-05	
9.830693e-02	6.579206e-05	
5.603988e-02	4.236734e-05	
1.857350e-02	6.106105e-05	
2.258445e-01	5.237954e-05	
4.468136e-02	8.865237e-05	
4.346353e-02	5.929168e-05	
1.175094e-01	3.475218e-05	
1.340473e-01	1.539543e-05	
2.209088e-02	3.977468e-05	
6.985739e-02	5.168958e-05	
1.622536e-01	7.997394e-05	
1.615763e-01	8.496237e-06	
1.399699e-01	7.054966e-05	
2.341293e-01	7.988235e-05	
8.746500e-02	6.202193e-05	
5.879690e-02	1.359015e-04	
8.776947e-02	7.450518e-05	
1.063256e-01	1.874744e-04	
3.968447e-01	1.425580e-05	
2.797970e-01	1.475335e-04	
7.822347e-02	1.744321e-04	
1.235333e-01	2.265238e-04	
4.480451e-02	1.352431e-04	
6.775938e-02	9.862399e-05	
6.949456e-02	1.430929e-04	
1.684889e-01	1.202575e-04	
3.242198e-02	8.685828e-05	
6.510315e-02	1.301751e-05	
2.941604e-02	1.226060e-05	
9.108162e-02	7.508027e-05	
7.529976e-02	7.176511e-05	
3.046995e-02	9.125438e-05	
6.016406e-02	1.402064e-05	
9.990080e-02	7.154345e-06	
1.938065e-01	8.460812e-05	
2.030383e-01	3.931842e-05	
1.667368e-01	3.820801e-05	
7.878608e-02	6.226708e-05	
6.972521e-02	4.276890e-05	
1.772706e-01	6.406872e-05	
1.456390e-01	2.700058e-05	
1.653580e-01	1.400812e-05	
1.022067e-01	8.136861e-07	
1.858632e-01	2.032495e-05	
1.716557e-01	2.786249e-05	
1.133990e-01	4.111246e-05	
5.495143e-02	1.991782e-05	
1.365867e-01	1.841043e-05	
7.197456e-02	2.460987e-05	
1.412618e-01	6.346499e-06	
8.843630e-02	3.609229e-05	
1.225628e-01	2.720391e-05	
1.336542e-01	8.714721e-05	
1.198422e-01	3.758034e-05	
1.088979e-01	8.818512e-05	
9.246616e-02	1.113134e-04	
3.199299e-01	1.031547e-04	
3.420220e-01	1.948065e-04	
1.442978e-01	3.112154e-04	
8.624754e-02	1.266910e-04	
7.648914e-02	1.581774e-04	
1.495188e-01	6.258997e-05	
1.259879e-01	6.245213e-05	
1.505222e-01	6.731557e-05	
8.348501e-02	7.245594e-05	
4.219055e-02	5.453685e-05	
1.528938e-01	1.619173e-05	
4.828573e-02	4.884514e-05	
5.700871e-02	9.173985e-05	
7.015600e-02	4.275691e-05	
1.460294e-01	1.872121e-05	
1.217477e-01	1.399526e-05	
7.667013e-02	2.982206e-05	
5.381352e-02	6.485288e-06	
1.710797e-01	7.722179e-06	
1.380137e-01	3.094672e-05	
1.411462e-01	7.167014e-05	
1.353096e-01	5.718745e-05	
2.044473e-02	2.716011e-05	
1.522125e-01	5.165338e-05	
1.148998e-01	2.685757e-05	
1.203660e-01	4.200061e-05	
1.170874e-01	1.151684e-05	
2.139070e-01	1.548595e-05	
2.472796e-01	4.627058e-05	
3.325063e-02	3.735462e-05	
1.600434e-01	4.809478e-05	
9.194861e-02	1.355068e-05	
1.145073e-01	6.513665e-06	
1.613148e-01	4.070421e-05	
1.530826e-01	6.386682e-06	
4.408546e-02	1.738820e-05	
8.496059e-02	5.616320e-05	
1.369157e-01	1.284116e-04	
2.013618e-01	1.562319e-04	
2.827405e-01	1.158580e-04	
1.383068e-01	3.319920e-04	
5.488731e-02	1.029211e-04	
1.126769e-01	3.835505e-05	
9.556469e-02	7.490263e-05	
1.454942e-01	3.588524e-06	
8.972643e-02	1.497626e-05	
1.060872e-01	5.237679e-05	
1.074451e-01	5.642848e-05	
1.874249e-01	2.005330e-06	
1.574171e-01	4.069870e-06	
4.422281e-03	3.789914e-05	
1.043786e-01	6.757444e-05	
1.844855e-02	3.334274e-05	
1.694740e-01	2.233151e-05	
1.951543e-01	1.403296e-05	
6.394473e-02	1.240059e-05	
1.861354e-01	1.410521e-05	
1.181301e-01	3.170854e-05	
1.316772e-01	5.222634e-05	
1.588522e-01	4.231176e-05	
1.201078e-01	2.935212e-05	
7.884614e-02	3.876115e-05	
1.795754e-01	5.088901e-06	
3.288615e-02	1.338469e-05	
2.098721e-01	3.720567e-05	
7.502044e-02	7.730927e-05	
7.107539e-02	5.200648e-05	
1.988506e-01	1.444915e-05	
2.240075e-01	3.083663e-05	
5.274922e-02	6.751814e-05	
2.368981e-01	3.444124e-05	
1.360842e-01	1.508868e-05	
1.957168e-01	9.017973e-06	
6.999743e-02	7.981366e-06	
3.426372e-02	7.709631e-05	
1.302015e-01	1.405519e-04	
2.162003e-01	1.160008e-04	
2.711702e-01	3.030434e-04	
1.576846e-01	3.371993e-04	
2.490924e-01	1.030491e-04	
1.283791e-01	1.336470e-04	
7.266288e-02	1.323194e-04	
5.109498e-02	1.456563e-04	
1.415463e-01	6.894814e-05	
8.068769e-02	1.004756e-04	
1.038227e-01	5.116779e-05	
8.917231e-02	6.821921e-05	
9.609259e-02	1.052470e-05	
9.770419e-02	4.212600e-05	
2.083881e-02	6.029041e-05	
1.397102e-01	1.388966e-05	
1.042247e-01	1.745031e-05	
7.047964e-02	2.789874e-05	
4.660121e-02	4.930455e-06	
1.826642e-01	1.732113e-05	
4.017943e-02	2.077310e-05	
1.029140e-01	2.355619e-05	
1.300927e-01	2.802931e-05	
9.428146e-02	2.930008e-05	
1.030035e-01	1.572906e-05	
2.063663e-02	5.269907e-05	
7.898298e-02	3.964756e-05	
1.683821e-01	1.472142e-06	
1.485457e-01	5.483939e-05	
7.556439e-02	4.942725e-05	
1.644677e-01	3.506866e-05	
1.913874e-01	3.036311e-05	
6.580202e-02	4.239678e-05	
9.301556e-02	3.038379e-05	
7.050114e-02	6.313512e-05	
5.047572e-02	1.712722e-05	
9.456341e-02	5.592666e-06	
1.034624e-01	8.668499e-06	
4.540231e-02	1.351997e-04	
3.602008e-01	1.138066e-04	
2.527088e-01	3.694503e-04	
4.049950e-02	1.728691e-04	
8.595611e-02	1.409787e-04	
4.041655e-02	1.506898e-04	
1.193500e-01	6.541652e-05	
9.892623e-02	1.262626e-04	
2.384831e-03	7.777222e-05	
1.858579e-01	2.035941e-05	
4.536148e-02	1.738989e-05	
1.153878e-01	1.062780e-05	
1.058390e-01	2.212894e-05	
1.613826e-01	2.971673e-05	
1.145243e-01	8.849715e-05	
1.369283e-01	1.214531e-06	
2.116565e-01	1.544330e-05	
1.430229e-01	3.708040e-05	
2.825547e-01	3.035018e-05	
1.182884e-01	1.129658e-05	
1.228082e-01	2.502969e-05	
1.522594e-01	8.657567e-06	
2.311918e-01	1.254750e-06	
1.657392e-01	3.798450e-05	
1.387243e-01	2.832713e-05	
1.270911e-01	3.171007e-05	
8.553695e-02	7.365771e-06	
6.656913e-02	3.715811e-05	
1.863411e-01	7.910406e-05	
1.362879e-01	9.379756e-05	
7.163556e-02	2.975532e-05	
7.093187e-02	2.577150e-06	
1.000817e-01	5.599595e-06	
1.075607e-01	2.168232e-05	
9.565528e-02	4.111726e-05	
1.371757e-01	4.325981e-05	
3.214127e-02	1.030974e-05	
7.216531e-02	6.890891e-05	
4.017411e-02	2.578956e-04	
1.732087e-01	2.166748e-04	
2.873674e-01	2.599956e-04	
1.064879e-01	1.164424e-04	
1.380041e-01	9.546365e-05	
9.485112e-02	1.677283e-04	
1.754993e-01	8.269642e-05	
1.146471e-01	3.457797e-05	
5.954616e-02	3.466616e-05	
1.826825e-01	2.107903e-05	
8.806100e-02	1.194554e-05	
6.724002e-02	1.649949e-05	
1.821099e-01	1.882450e-05	
7.237164e-02	4.275645e-05	
1.096403e-01	1.757993e-05	
4.505252e-02	2.621708e-05	
4.030177e-02	3.908986e-05	
9.578191e-02	1.470368e-05	
6.847556e-02	6.233413e-07	
1.031026e-01	1.734768e-05	
9.243335e-02	5.473524e-06	
1.030928e-01	2.354467e-05	
8.492550e-02	7.187927e-06	
1.230539e-01	5.236259e-06	
7.731467e-02	1.006665e-05	
9.941012e-02	9.745614e-06	
6.776409e-02	5.347951e-06	
1.122433e-01	1.775724e-05	
4.452943e-02	4.907284e-05	
1.596300e-01	1.491616e-05	
5.086736e-02	1.182574e-05	
1.513141e-01	8.274364e-06	
6.234504e-02	4.871750e-05	
1.813243e-01	2.745038e-05	
1.056334e-01	4.860760e-05	
8.205304e-02	5.001349e-05	
1.042877e-01	9.873215e-05	
7.222605e-02	2.482964e-05	
1.477492e-01	1.147103e-04	
3.158918e-01	1.191932e-04	
4.255269e-01	2.475130e-04	
1.419648e-01	5.631071e-05	
9.251462e-02	4.235648e-05	
7.175429e-02	1.675363e-04	
8.525779e-02	1.421688e-04	
1.773932e-01	1.252179e-05	
1.181952e-01	2.513835e-06	
1.578352e-01	2.310437e-05	
1.318145e-01	4.092037e-06	
1.054479e-01	1.389849e-05	
7.956850e-02	2.465677e-06	
6.876329e-02	3.958943e-06	
8.148242e-02	1.752211e-05	
9.243999e-02	7.772276e-07	
1.050500e-01	3.024824e-05	
2.286746e-01	4.897113e-06	
8.274199e-02	5.617522e-05	
4.791544e-02	6.700023e-05	
1.244211e-01	1.155830e-06	
1.565935e-01	1.243629e-05	
3.027290e-02	4.876786e-06	
2.897897e-02	3.450561e-05	
1.813308e-01	2.263180e-05	
1.247528e-01	7.104582e-06	
7.188057e-02	1.255900e-05	
1.029541e-01	2.080724e-05	
1.161760e-01	4.522040e-05	
3.402038e-02	6.367463e-06	
1.174657e-01	1.105107e-05	
5.414714e-02	7.097721e-05	
2.254498e-01	1.723835e-05	
1.414714e-01	1.125508e-05	
6.560519e-02	2.642925e-05	
1.287796e-01	4.453087e-05	
5.145350e-02	2.722737e-05	
6.174023e-02	2.953846e-05	
1.684670e-01	1.098734e-04	
3.011296e-01	1.060874e-04	
3.748000e-01	2.114281e-04	
3.924476e-02	2.178156e-04	
2.457625e-01	1.591290e-04	
2.772710e-01	1.568084e-04	
1.123228e-01	2.626334e-05	
1.501916e-02	6.064199e-05	
9.841388e-02	4.450590e-05	
8.003567e-02	7.219635e-06	
1.811399e-01	3.644536e-05	
8.427139e-02	1.298802e-05	
1.152437e-01	1.819875e-05	
5.667971e-02	3.407085e-07	
9.824476e-02	1.054487e-05	
1.936722e-01	8.625213e-06	
8.531532e-02	2.557929e-05	
3.808593e-02	9.395607e-06	
1.966180e-01	9.567337e-06	
4.408998e-02	1.506406e-05	
8.825769e-02	9.025503e-06	
6.970771e-02	6.998345e-07	
1.542572e-01	1.641521e-05	
1.375771e-01	4.265837e-05	
9.234655e-02	3.534369e-05	
1.451492e-01	2.422440e-06	
9.113771e-02	1.735099e-06	
1.493852e-01	3.596871e-06	
5.858428e-02	3.639142e-05	
6.504934e-02	2.222372e-05	
1.709430e-01	1.074627e-05	
1.955723e-01	2.792972e-05	
1.315395e-01	2.446276e-05	
1.846480e-01	4.976635e-05	
2.444540e-01	3.297303e-05	
6.306314e-02	1.252364e-05	
2.081359e-01	8.538930e-05	
1.120532e-01	2.734463e-05	
9.295233e-02	2.809717e-04	
2.978789e-01	6.863720e-05	
4.222874e-01	3.612026e-04	
1.286900e-01	2.061717e-04	
9.154915e-02	1.791369e-04	
9.201782e-02	1.987700e-04	
1.623533e-01	2.692074e-05	
5.326104e-02	1.703504e-05	
1.507395e-01	3.432734e-05	
1.609313e-01	1.932546e-07	
7.460772e-02	3.073702e-05	
8.247576e-02	5.272832e-05	
1.341593e-01	1.940175e-05	
1.286698e-01	5.320728e-05	
4.841558e-02	7.517844e-05	
7.982881e-02	3.678172e-05	
2.394592e-01	1.625253e-06	
6.915475e-02	5.318127e-05	
1.543394e-01	2.432373e-05	
1.462701e-01	2.785728e-05	
8.976490e-02	2.877906e-05	
4.814151e-02	1.950927e-05	
3.057763e-01	1.830074e-05	
1.072785e-01	1.713435e-06	
2.999902e-02	1.396104e-05	
1.637336e-01	5.040015e-05	
3.625250e-02	1.380410e-05	
6.393376e-02	3.555120e-05	
8.156860e-02	3.450543e-06	
1.100796e-01	2.278355e-05	
6.520393e-02	1.262151e-05	
5.274194e-02	8.270557e-08	
9.841506e-02	5.802694e-05	
2.849792e-02	7.357556e-05	
8.833037e-02	6.201949e-05	
7.258272e-02	4.763524e-05	
7.522328e-02	3.421087e-05	
1.264743e-01	9.644000e-05	
6.817801e-02	2.629789e-04	
2.548860e-01	2.516134e-04	
2.725156e-01	1.742049e-04	
1.009223e-01	5.949391e-05	
6.713764e-02	1.513228e-04	
2.076444e-01	1.929146e-04	
1.542330e-01	2.718418e-05	
1.280735e-01	9.280096e-05	
1.008405e-01	4.566433e-05	
1.840282e-02	9.586760e-06	
4.264147e-02	7.268255e-06	
2.176902e-02	1.041565e-05	
1.286494e-01	9.901305e-06	
2.264919e-01	2.795114e-05	
5.862404e-02	4.624601e-05	
1.017609e-01	2.311775e-05	
4.969797e-02	1.694583e-05	
1.047417e-01	3.611929e-05	
3.640565e-02	1.775237e-05	
1.832107e-01	4.566615e-05	
9.329344e-02	2.361909e-05	
2.320878e-01	3.058052e-05	
3.145302e-01	4.005218e-06	
3.955029e-02	2.252757e-05	
7.735749e-02	1.356735e-06	
5.545027e-02	2.641798e-05	
8.561628e-02	4.121488e-06	
3.306208e-02	2.480183e-05	
8.567695e-02	2.075341e-05	
1.802203e-01	3.850144e-05	
2.296103e-01	9.016294e-06	
1.094136e-02	1.841366e-05	
2.226869e-01	3.132385e-05	
1.489447e-01	3.153097e-05	
5.325936e-02	1.383061e-06	
5.781752e-02	1.204023e-05	
1.138548e-01	3.608637e-05	
2.303661e-01	1.795241e-04	
2.518696e-02	1.802843e-04	
3.002018e-01	1.783297e-04	
3.587634e-01	1.074268e-04	
2.165679e-01	1.544326e-04	
5.320257e-02	1.260339e-05	
7.025402e-02	8.851723e-05	
7.352123e-02	3.841515e-05	
1.809583e-01	1.512698e-05	
1.261205e-01	2.526535e-05	
1.383283e-01	7.852602e-05	
8.392527e-02	3.080420e-05	
5.835819e-02	1.469904e-05	
1.342908e-01	3.096952e-06	
2.369193e-01	5.060736e-06	
1.274558e-01	2.739288e-05	
1.489966e-01	2.172473e-05	
7.481102e-02	1.780994e-05	
1.594364e-02	4.503110e-06	
1.309171e-01	1.793617e-05	
2.180716e-01	6.428516e-05	
1.075042e-01	3.044896e-05	
1.027225e-01	5.531017e-06	
2.500630e-01	1.861162e-05	
9.914215e-02	2.756673e-05	
6.757029e-02	7.416390e-06	
3.823614e-02	2.012006e-05	
9.754689e-02	4.363532e-05	
5.054840e-02	3.749452e-05	
6.711283e-02	6.261037e-05	
1.170116e-01	4.784024e-05	
1.051533e-01	3.973474e-05	
1.043123e-01	4.277470e-05	
1.458439e-01	4.745231e-05	
2.607890e-01	6.137318e-05	
2.634578e-02	1.097908e-06	
5.701213e-02	2.457172e-05	
9.274695e-02	1.177508e-05	
1.118675e-01	2.767610e-04	
1.477307e-01	2.419519e-04	
2.810061e-01	3.426078e-04	
2.985404e-01	3.585426e-04	
8.145518e-02	2.957163e-04	
7.897606e-02	1.156442e-04	
7.686315e-02	1.263276e-04	
8.737151e-02	6.415967e-05	
1.471153e-01	3.008972e-05	
2.023885e-01	1.297518e-05	
1.831906e-01	1.461866e-05	
4.580087e-02	1.258317e-05	
9.922148e-02	4.173136e-06	
1.577159e-01	1.506889e-05	
1.698692e-01	6.888491e-06	
5.788163e-02	2.399001e-06	
7.472728e-02	2.117767e-06	
7.140505e-02	5.362947e-06	
2.010548e-01	1.625255e-05	
1.209899e-01	8.621284e-06	
3.814424e-02	9.797071e-06	
1.376901e-01	4.461154e-05	
3.500250e-02	9.805269e-06	
3.656400e-02	3.755040e-07	
1.153856e-01	1.228176e-05	
7.926327e-02	1.861721e-05	
6.808597e-02	5.712262e-06	
1.459193e-01	4.455140e-05	
2.576828e-02	4.689110e-06	
3.854966e-02	1.378416e-05	
9.373039e-02	3.097436e-05	
2.218357e-01	4.153034e-05	
1.122152e-01	6.497205e-05	
9.965328e-02	1.222712e-05	
7.607980e-02	7.371984e-05	
7.620250e-02	3.212137e-05	
7.873114e-02	1.110065e-04	
2.444154e-01	7.200135e-05	
1.335598e-02	2.201109e-04	
2.000773e-01	3.035714e-04	
3.683726e-01	1.519452e-04	
2.587510e-01	2.644825e-04	
1.250638e-01	2.691552e-04	
2.326092e-01	2.127480e-04	
4.551654e-02	1.635976e-04	
4.815391e-02	9.257991e-05	
1.707411e-01	3.268070e-05	
2.922646e-02	6.821574e-05	
1.071721e-01	9.262578e-05	
1.629463e-01	6.388695e-06	
1.821208e-01	3.722180e-05	
1.283758e-01	3.531177e-05	
1.566413e-01	4.685875e-05	
1.229518e-01	6.968272e-05	
1.323290e-01	1.065778e-05	
1.288418e-01	2.174903e-05	
1.525576e-01	6.349659e-05	
1.116811e-01	4.008993e-05	
8.202969e-02	2.519852e-05	
1.500250e-02	2.456036e-05	
1.715315e-01	4.128204e-05	
1.156196e-01	7.557127e-06	
1.829903e-01	1.408709e-05	
1.212609e-01	7.811730e-06	
6.584869e-02	1.122047e-06	
1.179033e-01	2.938075e-05	
9.393844e-02	1.146870e-05	
2.006888e-01	1.763128e-06	
1.567624e-01	3.063381e-06	
9.929870e-02	5.563037e-05	
1.266772e-01	4.139749e-05	
2.105798e-01	6.416022e-06	
3.095661e-01	1.273668e-05	
1.988184e-01	4.784610e-05	
1.835696e-01	1.312268e-04	
5.125156e-02	8.786229e-05	
1.381620e-01	1.182637e-04	
5.922638e-02	2.413374e-04	
1.981554e-01	2.093654e-04	
3.170925e-01	1.874962e-04	
4.736737e-02	2.786443e-04	
9.940461e-02	8.592881e-05	
8.410786e-02	9.279534e-05	
7.881101e-02	7.827775e-05	
6.596456e-02	5.503041e-05	
8.531147e-02	7.588177e-05	
2.203816e-01	1.939559e-05	
1.270392e-01	1.209109e-05	
9.432312e-02	9.406162e-06	
1.468607e-01	9.099274e-06	
6.975715e-02	3.476402e-07	
3.316553e-02	1.901818e-05	
2.360895e-01	2.672481e-06	
7.707342e-02	2.451928e-06	
3.130164e-02	6.325244e-07	
1.269150e-01	3.674892e-05	
4.779191e-02	1.215403e-05	
1.331548e-01	1.704611e-05	
1.912792e-01	1.891646e-05	
7.707447e-02	6.956742e-06	
2.325985e-02	4.484968e-06	
2.766407e-01	2.440336e-05	
1.044226e-01	7.652723e-06	
1.527079e-01	1.038468e-05	
9.300287e-02	6.634141e-06	
8.822380e-02	2.200834e-05	
4.741770e-02	2.152109e-05	
1.416025e-01	5.442759e-05	
1.630803e-01	8.785970e-05	
7.108527e-02	3.864974e-05	
2.237878e-01	2.001523e-05	
4.551536e-02	9.015154e-06	
1.457834e-01	1.298531e-04	
1.768024e-01	1.225612e-04	
6.961636e-02	8.314137e-06	
2.164167e-01	3.219237e-05	
2.394187e-01	1.522171e-04	
1.445477e-01	3.109865e-04	
2.362005e-02	2.787635e-04	
1.072659e-01	1.522514e-04	
1.413367e-01	5.542668e-05	
7.489346e-02	2.678646e-05	
9.460339e-02	3.840144e-05	
3.702098e-02	5.936669e-05	
1.766747e-01	3.386135e-05	
1.118091e-01	5.381104e-06	
2.136167e-01	1.940688e-05	
1.393000e-01	1.328824e-05	
1.209879e-01	4.903122e-06	
9.605386e-02	2.786853e-05	
9.162284e-02	3.308039e-06	
7.511864e-02	2.569603e-05	
4.478265e-02	3.551643e-05	
9.389609e-02	3.370838e-05	
1.425348e-01	7.007040e-06	
5.393858e-02	9.850310e-06	
1.428675e-01	1.629634e-05	
7.809263e-02	8.189838e-06	
1.297184e-01	1.025831e-05	
4.989161e-02	2.342451e-05	
4.065736e-02	2.754081e-05	
7.373816e-02	1.323412e-05	
1.664255e-01	4.709628e-05	
8.089257e-02	9.686258e-06	
9.350721e-02	8.796282e-06	
9.993660e-02	4.929060e-05	
9.057099e-02	3.649088e-05	
2.060877e-01	1.955601e-06	
7.957878e-03	4.069662e-05	
1.148548e-01	1.253725e-05	
1.054771e-01	1.388901e-04	
1.199818e-01	7.446939e-05	
9.241979e-02	2.750335e-05	
2.698061e-02	1.257925e-04	
3.442880e-01	3.822859e-04	
3.362343e-01	8.634037e-05	
1.325694e-01	2.454384e-04	
2.799738e-02	2.060478e-04	
3.171326e-02	1.264406e-04	
1.225046e-01	9.539696e-05	
6.292399e-02	6.955799e-05	
7.582588e-02	1.085310e-04	
9.478703e-02	9.349020e-05	
1.772337e-02	4.073569e-05	
8.094531e-02	6.353998e-06	
1.028362e-01	4.387109e-06	
3.841007e-02	8.819265e-07	
1.442927e-01	1.275230e-05	
1.164613e-01	7.540309e-06	
1.459222e-01	2.012925e-06	
5.831786e-02	3.849611e-05	
2.475250e-02	5.410864e-06	
1.040207e-01	4.453755e-06	
1.572000e-01	3.841892e-05	
9.585960e-02	3.308005e-05	
1.707151e-01	2.186346e-05	
9.179597e-02	4.077897e-05	
1.542305e-01	3.029782e-05	
8.845277e-02	5.172141e-05	
2.115651e-02	5.200858e-05	
6.572911e-02	4.372418e-06	
1.158423e-01	3.258318e-05	
1.032554e-01	1.381971e-05	
4.573732e-02	8.246438e-06	
8.330973e-02	3.058690e-05	
5.324797e-02	2.455687e-05	
1.797501e-01	3.047878e-05	
1.217179e-01	2.065718e-05	
1.252235e-01	2.738591e-05	
1.158257e-01	7.083539e-05	
1.546967e-01	4.250535e-05	
1.393683e-01	3.575777e-05	
3.715342e-01	2.296218e-04	
2.584824e-01	2.838738e-05	
2.326020e-01	2.449180e-04	
9.576306e-02	2.005159e-04	
6.219524e-02	1.393721e-04	
1.726507e-01	2.188476e-05	
7.621927e-02	3.720616e-06	
5.076940e-02	8.320163e-05	
1.307556e-01	7.045904e-06	
1.575773e-01	2.335996e-05	
9.675192e-02	3.748594e-05	
1.078003e-01	2.303868e-05	
1.068205e-01	3.945659e-06	
1.300000e-01	2.345341e-05	
3.337031e-02	2.161361e-05	
1.256833e-01	3.617126e-05	
7.444218e-02	4.522333e-05	
8.317858e-02	2.671651e-05	
2.568334e-01	4.187415e-05	
5.412497e-02	1.616234e-05	
1.202059e-01	8.856491e-06	
1.215350e-01	8.964033e-06	
1.129657e-01	3.914082e-05	
2.155048e-01	1.160702e-05	
1.291593e-01	4.555966e-06	
9.076046e-02	9.141607e-06	
5.853452e-02	5.710956e-06	
9.196888e-02	1.372769e-05	
1.636909e-01	3.491033e-05	
3.865939e-02	1.158934e-05	
9.458609e-02	3.307738e-05	
8.743361e-02	1.043874e-05	
7.922125e-02	6.112435e-05	
2.688409e-01	4.113839e-05	
1.827573e-01	5.928604e-06	
7.024684e-02	1.074077e-04	
6.405348e-02	5.917504e-05	
1.052063e-01	3.734134e-05	
2.227592e-01	2.094353e-04	
3.358858e-01	1.493728e-04	
1.025750e-01	1.936216e-04	
5.576222e-02	6.012893e-05	
1.362818e-01	6.362333e-06	
1.352998e-01	7.563755e-05	
1.377987e-01	4.276703e-05	
1.527932e-01	5.496978e-05	
7.625976e-02	3.797331e-06	
1.541553e-02	2.825860e-05	
1.690912e-01	5.087916e-05	
4.247106e-02	3.494908e-05	
3.448426e-02	1.875615e-06	
1.554715e-01	3.995086e-05	
2.462190e-01	6.453988e-06	
8.954240e-02	3.522368e-05	
1.000482e-01	2.936594e-05	
8.063473e-02	2.171125e-05	
5.611946e-02	2.612046e-05	
5.897045e-02	2.566212e-06	
5.302350e-02	7.093743e-06	
3.877884e-02	1.549436e-05	
1.053201e-01	1.378195e-05	
2.680391e-01	1.732113e-05	
3.539889e-02	5.520925e-06	
1.973792e-02	3.348891e-05	
2.224260e-02	1.502164e-05	
8.990301e-02	1.890819e-05	
9.670526e-02	1.315469e-05	
1.159315e-01	1.267990e-05	
9.181151e-02	2.269722e-05	
1.361979e-01	5.578067e-05	
2.130111e-02	5.769988e-06	
1.021696e-01	5.208684e-05	
1.213374e-01	4.421423e-05	
1.505609e-01	8.809485e-05	
1.257982e-01	8.376329e-05	
1.705858e-01	8.320282e-05	
3.501354e-01	7.841271e-06	
3.469747e-01	3.312704e-04	
1.258690e-01	1.368713e-04	
2.885974e-02	3.116916e-05	
1.418138e-01	3.415425e-05	
6.415334e-02	7.788529e-06	
1.122109e-01	7.645409e-05	
6.805467e-02	3.782164e-05	
1.161382e-01	1.470104e-05	
9.567719e-02	3.080491e-05	
1.509757e-01	2.857168e-05	
8.423673e-02	3.357695e-05	
8.856480e-02	2.176008e-06	
9.192178e-02	7.110537e-06	
2.429531e-01	1.265311e-08	
8.781863e-03	1.318105e-05	
6.966698e-02	1.587852e-05	
8.540718e-02	5.385614e-06	
1.670677e-01	2.500717e-05	
1.483268e-01	1.610274e-05	
8.097504e-02	8.753363e-10	
9.224676e-02	3.094804e-06	
1.300969e-01	1.264907e-06	
9.314235e-02	3.890954e-05	
1.883967e-01	4.893159e-05	
2.988676e-02	8.443749e-06	
1.230515e-01	3.958923e-05	
9.937598e-02	3.202231e-05	
5.460273e-02	3.629229e-05	
4.857911e-02	3.280167e-05	
2.193620e-01	4.307136e-05	
7.773073e-02	3.888175e-05	
9.605896e-02	2.646502e-05	
1.150000e-01	1.171947e-04	
1.224951e-01	8.100839e-05	
1.654697e-01	1.166998e-04	
2.711720e-02	6.856500e-05	
1.430567e-01	9.176543e-05	
2.924260e-01	1.712180e-04	
3.098956e-01	3.748160e-04	
3.716340e-02	1.905006e-04	
9.640170e-02	8.403678e-06	
1.138373e-01	4.491123e-05	
1.854953e-01	6.583700e-05	
9.975826e-02	2.584504e-05	
8.221450e-02	3.073816e-05	
1.431290e-01	4.884897e-06	
2.068008e-01	6.037036e-05	
1.003652e-01	7.143768e-06	
4.162852e-02	3.162725e-05	
6.625882e-02	3.942554e-06	
6.106783e-02	4.580204e-06	
1.055249e-01	2.140914e-05	
2.015357e-01	5.676039e-06	
5.829355e-02	3.043126e-05	
6.846016e-02	4.651670e-05	
2.508958e-02	5.913085e-05	
1.683395e-01	3.633108e-05	
8.346254e-02	2.748295e-05	
4.689955e-02	4.167839e-05	
1.024989e-01	4.981722e-05	
1.496682e-01	4.065328e-05	
8.171661e-02	7.653986e-06	
2.170157e-01	8.132982e-06	
4.522468e-02	6.021779e-05	
4.625069e-02	2.611982e-06	
1.724293e-02	6.744520e-07	
1.006237e-01	1.402615e-05	
1.458997e-01	5.324651e-05	
1.397218e-01	8.177666e-05	
9.392998e-02	6.501242e-05	
1.527268e-01	1.194386e-04	
2.080887e-01	9.341195e-05	
2.493834e-01	1.691276e-05	
5.957763e-02	5.157605e-05	
1.909529e-01	3.250274e-05	
2.604910e-01	1.233159e-04	
2.632154e-01	1.297174e-04	
1.839867e-01	2.454900e-04	
3.701778e-02	1.111855e-04	
7.564325e-02	5.558839e-05	
8.909463e-02	3.818404e-05	
2.111930e-01	5.653553e-06	
4.041919e-02	6.772327e-06	
8.454367e-02	1.970909e-05	
1.197712e-01	2.456669e-05	
2.712972e-02	1.061861e-06	
7.597670e-02	1.779127e-06	
8.738444e-02	2.557252e-05	
2.376234e-02	1.488716e-05	
9.358820e-02	7.202009e-06	
1.527067e-01	2.191648e-06	
1.634015e-01	1.409217e-05	
7.218970e-02	1.223487e-05	
9.592582e-03	3.620597e-05	
6.157926e-02	6.435263e-07	
1.202068e-01	1.634049e-05	
1.579214e-01	3.029523e-05	
8.966114e-02	3.190096e-05	
1.178433e-01	2.220445e-05	
7.518218e-02	2.017432e-05	
2.355473e-01	5.066437e-06	
1.047180e-01	1.504523e-06	
8.276735e-02	2.061953e-05	
1.650040e-01	7.497420e-06	
1.451887e-01	6.729484e-06	
1.496113e-01	8.963130e-05	
1.528141e-01	5.700688e-05	
1.300821e-01	2.298372e-05	
1.359590e-01	7.882114e-05	
6.929741e-02	5.426740e-05	
1.191618e-01	2.295600e-05	
6.297808e-02	2.401811e-04	
1.412787e-01	2.701730e-04	
3.484266e-01	1.415170e-04	
1.633430e-01	1.404384e-04	
1.437133e-01	7.237395e-05	
1.733700e-01	2.630448e-04	
1.774442e-01	1.224166e-05	
1.707869e-01	6.549901e-08	
8.169280e-02	5.528681e-05	
7.319642e-02	9.788156e-06	
1.314801e-01	4.668344e-05	
1.133716e-01	1.495696e-05	
4.177251e-02	2.067082e-05	
1.061072e-01	3.211831e-06	
7.240838e-02	2.902496e-05	
2.489174e-02	1.226345e-05	
2.550300e-02	1.121911e-05	
1.221943e-01	1.492649e-06	
1.356610e-01	6.726374e-06	
5.162941e-02	2.491781e-05	
8.713669e-02	5.343786e-06	
8.610462e-02	2.538918e-05	
1.726625e-01	4.080710e-05	
6.896456e-02	9.650357e-06	
1.715355e-01	3.894133e-05	
1.926247e-01	3.911746e-05	
1.522692e-01	4.173600e-05	
4.680368e-02	3.757624e-05	
6.839067e-02	4.260890e-07	
1.108628e-01	4.159297e-06	
1.342569e-01	2.301920e-05	
1.360383e-01	2.198966e-05	
2.696104e-02	3.021620e-05	
8.324931e-02	3.435096e-05	
8.254973e-02	2.327673e-05	
1.705404e-01	6.994833e-05	
9.894723e-02	2.904649e-05	
1.595370e-01	5.934426e-05	
1.306321e-01	1.075626e-04	
7.938902e-02	8.892800e-05	
2.920891e-01	8.057351e-05	
2.392757e-01	3.257743e-04	
4.145930e-02	1.176063e-04	
1.431467e-01	3.287783e-05	
1.295047e-01	7.127138e-05	
1.389273e-01	1.527034e-05	
3.773059e-02	6.053279e-05	
9.080466e-02	7.550291e-05	
5.913911e-02	5.015106e-05	
1.285759e-01	2.556483e-06	
2.189799e-01	4.895478e-05	
5.685949e-02	5.394367e-05	
1.231975e-01	6.213988e-06	
6.601177e-02	3.337859e-05	
4.361397e-02	4.029661e-05	
1.198856e-01	1.157560e-05	
4.104997e-02	2.160412e-05	
1.308189e-01	2.847553e-05	
1.684276e-01	1.482311e-05	
2.341628e-01	9.433809e-06	
5.336675e-02	9.666563e-06	
1.122425e-01	5.169544e-06	
2.255821e-01	2.241799e-05	
1.888966e-01	1.800647e-05	
1.102078e-01	5.341707e-06	
9.781366e-02	1.523506e-05	
9.547249e-02	4.931875e-06	
1.158671e-01	2.214647e-05	
4.119995e-02	1.432622e-05	
2.833009e-02	2.003189e-05	
1.371122e-01	9.756859e-08	
5.509743e-02	3.886463e-05	
8.997193e-02	2.931881e-05	
3.138903e-02	8.643912e-05	
5.224750e-02	1.719439e-05	
2.317226e-01	2.193093e-05	
4.294008e-02	1.023289e-04	
1.617262e-02	1.813973e-04	
2.002259e-01	1.191241e-04	
4.003691e-01	3.211811e-04	
2.099578e-01	1.535159e-04	
1.690432e-01	3.150165e-05	
1.963899e-01	1.682969e-05	
8.605605e-02	3.822660e-06	
2.864460e-01	5.134134e-05	
8.778657e-02	6.465254e-05	
7.362363e-02	8.440976e-06	
1.141481e-01	4.123783e-05	
4.712281e-02	4.072489e-05	
2.038241e-01	2.075721e-06	
1.341804e-01	2.545537e-05	
2.128798e-01	5.273029e-05	
2.128984e-01	2.917322e-05	
1.413348e-01	4.455917e-05	
1.654431e-01	3.145119e-05	
1.223558e-01	4.580579e-05	
1.236586e-02	9.286724e-06	
2.063251e-01	1.850838e-05	
4.644577e-02	4.861522e-05	
1.973893e-01	3.237722e-05	
8.157047e-02	8.041927e-05	
1.411697e-01	5.866821e-05	
6.539608e-02	3.042156e-05	
3.859829e-02	4.754171e-05	
6.814802e-02	3.973136e-05	
4.295211e-02	2.908085e-05	
6.277455e-02	6.966870e-05	
1.347942e-01	4.087245e-05	
5.278398e-02	1.359096e-05	
1.631532e-02	4.760481e-06	
4.446290e-02	1.361904e-05	
1.381797e-01	2.063284e-06	
2.427948e-02	1.085700e-05	
3.248234e-02	1.588043e-05	
1.819303e-01	1.947952e-04	
1.343744e-01	1.946468e-04	
1.943982e-01	1.070186e-04	
3.861643e-01	2.917153e-04	
2.384692e-02	2.280182e-04	
9.719994e-02	5.499758e-05	
1.335956e-01	3.441724e-05	
4.738842e-02	9.947968e-06	
8.004356e-02	8.729302e-05	
6.640949e-02	5.112186e-05	
1.780699e-02	7.583170e-05	
5.879930e-02	2.376348e-05	
2.203845e-01	4.186911e-06	
1.192479e-01	2.519201e-05	
9.055874e-02	1.815207e-05	
1.021518e-01	7.841911e-06	
1.363526e-01	3.427592e-05	
1.590120e-01	6.078555e-05	
2.368835e-01	1.416595e-05	
2.549399e-01	3.449456e-05	
4.778058e-02	2.471295e-05	
2.193369e-01	9.604896e-06	
1.761894e-01	3.065562e-05	
2.200082e-02	1.183477e-05	
1.670317e-01	2.749490e-05	
1.953250e-01	4.411022e-05	
1.086914e-01	3.231806e-05	
1.738259e-01	3.793738e-05	
1.566309e-01	4.954836e-05	
8.373996e-02	3.971547e-05	
1.357008e-01	8.580152e-05	
1.139613e-01	4.510603e-05	
3.904871e-02	4.281905e-05	
6.473751e-02	1.376473e-05	
9.962495e-02	4.478548e-05	
3.189271e-02	8.159225e-05	
7.058877e-02	5.121391e-06	
1.686984e-01	1.075714e-04	
9.632198e-02	3.641444e-04	
8.689902e-02	3.802094e-04	
1.887700e-01	4.381862e-04	
2.629926e-01	5.713430e-04	
1.435377e-01	2.306681e-04	
1.148807e-01	7.937489e-05	
1.003337e-01	8.369635e-05	
7.769271e-02	5.465918e-05	
9.353133e-02	5.440430e-05	
1.100363e-01	6.814280e-06	
8.525724e-02	3.327307e-05	
7.401246e-03	4.109207e-05	
1.690465e-01	1.429909e-05	
1.491334e-01	2.816124e-05	
1.652794e-01	1.023625e-05	
6.881338e-02	1.572694e-05	
1.669258e-01	8.503926e-05	
6.483159e-02	5.235633e-05	
2.090873e-01	5.435517e-08	
3.625593e-02	1.536815e-05	
1.725932e-02	1.908616e-05	
1.847054e-01	3.497131e-05	
9.061209e-02	9.208391e-06	
1.018770e-01	2.032695e-05	
7.260339e-02	3.553363e-05	
7.611658e-02	5.310334e-05	
1.134037e-01	4.800993e-05	
2.637283e-02	1.044657e-05	
6.812883e-02	5.854071e-05	
9.595394e-02	7.068018e-05	
1.043153e-01	4.847320e-05	
1.582723e-01	5.618287e-05	
1.993155e-01	7.498912e-05	
1.158107e-01	6.932833e-05	
1.711274e-01	5.872254e-07	
5.578670e-02	2.240304e-05	
8.979649e-02	2.208092e-05	
5.369225e-02	1.025385e-04	
2.124411e-01	2.777876e-04	
1.188181e-01	3.532997e-04	
2.560684e-01	4.074393e-04	
2.726731e-01	4.987018e-04	
1.300592e-01	3.613540e-04	
5.863286e-02	5.462242e-05	
1.373763e-01	4.967905e-05	
2.468037e-01	6.921470e-05	
1.021358e-01	1.027658e-06	
1.494939e-01	9.012213e-07	
7.165795e-02	7.485032e-05	
1.552822e-01	2.690771e-05	
1.260536e-01	9.736117e-06	
1.602960e-01	3.353266e-05	
1.474389e-01	1.033856e-05	
3.483082e-02	2.431043e-05	
1.157321e-01	2.186805e-05	
1.214002e-01	9.175417e-05	
1.478075e-01	5.278342e-05	
1.409183e-01	2.741344e-05	
1.307858e-01	3.214327e-05	
8.022860e-02	5.742830e-05	
2.585058e-01	1.778487e-05	
1.800917e-01	2.107478e-05	
1.783838e-01	4.602781e-05	
1.270959e-01	7.847012e-05	
2.874307e-01	7.216021e-05	
2.321321e-01	6.867730e-05	
4.236440e-02	6.031474e-05	
1.062971e-01	1.593920e-05	
1.348871e-01	3.897329e-05	
1.804050e-01	5.815457e-05	
5.263387e-02	4.000386e-05	
2.156032e-02	2.198706e-05	
1.152795e-01	8.355636e-05	
3.622474e-02	6.474214e-05	
2.066270e-01	7.237475e-05	
7.609009e-02	1.298232e-04	
8.229710e-02	8.784135e-05	
6.352561e-02	3.589495e-04	
3.637487e-01	2.668854e-04	
3.002516e-01	1.731480e-04	
9.707258e-02	9.567810e-05	
4.154476e-02	8.795841e-05	
7.958291e-02	3.071855e-05	
7.696594e-02	5.132032e-06	
8.180627e-02	7.847438e-05	
1.328860e-02	7.544139e-05	
1.022198e-01	1.474623e-05	
1.418669e-01	2.301394e-05	
8.090821e-02	2.150086e-05	
5.883016e-02	1.165342e-05	
1.599505e-01	1.154182e-06	
2.667559e-01	2.949935e-07	
1.877321e-01	8.443795e-06	
6.501759e-02	6.575964e-05	
8.479637e-02	5.669762e-05	
6.521552e-02	3.423005e-05	
4.475842e-02	2.110363e-05	
1.209273e-01	3.336791e-05	
1.001953e-01	1.913900e-05	
1.088615e-01	4.476789e-05	
1.413489e-01	3.979190e-05	
8.854177e-02	8.974999e-05	
2.113258e-01	5.754516e-05	
1.251167e-01	6.661234e-05	
1.887431e-01	6.733750e-05	
7.647351e-02	6.497432e-05	
1.784666e-01	6.036586e-05	
9.400874e-02	5.880695e-05	
1.668705e-01	2.642790e-05	
3.379676e-02	1.294687e-05	
1.329169e-01	3.919816e-05	
1.050416e-01	1.068670e-04	
1.635134e-01	4.303992e-05	
5.666697e-02	1.231057e-04	
4.450760e-02	7.338089e-05	
1.293869e-01	2.657771e-04	
3.361170e-01	3.313174e-04	
2.962246e-01	2.050744e-04	
3.769521e-02	3.449905e-05	
2.121131e-01	8.320160e-05	
1.473408e-01	1.223972e-05	
1.068801e-01	1.978213e-04	
1.322093e-01	1.204816e-04	
1.434273e-01	1.292323e-04	
1.989993e-01	7.533571e-05	
2.024834e-01	3.744291e-05	
9.187949e-02	4.163669e-05	
1.544204e-01	2.360798e-05	
1.370713e-01	7.955259e-06	
9.544989e-02	2.801108e-05	
1.733999e-01	3.913218e-05	
1.267372e-01	9.215254e-06	
1.248938e-01	4.307723e-05	
5.442342e-02	5.049673e-05	
1.942608e-01	6.054891e-05	
1.485511e-01	7.970958e-05	
1.291847e-01	4.854462e-05	
1.105598e-01	6.450096e-05	
7.779067e-02	7.135228e-05	
6.541647e-02	9.230572e-05	
1.214386e-01	1.136204e-04	
9.331125e-02	1.001416e-04	
1.033239e-03	7.892610e-05	
1.249573e-01	2.696299e-05	
5.104018e-02	3.981295e-05	
1.559870e-01	7.919122e-06	
2.451555e-01	1.217457e-05	
1.077858e-01	1.613502e-05	
1.047407e-01	2.115960e-05	
1.807669e-01	6.366086e-05	
6.617915e-02	4.286715e-05	
6.592658e-02	9.045265e-05	
7.697297e-02	1.344031e-04	
1.551484e-01	3.364222e-04	
3.027201e-01	2.477324e-04	
2.103549e-01	5.426125e-04	
3.875937e-02	3.538399e-05	
9.330388e-03	2.657908e-05	
1.342440e-01	5.742406e-05	
1.773631e-01	1.133118e-04	
1.605131e-03	9.541986e-05	
4.905179e-02	4.576163e-05	
1.180067e-01	3.405324e-05	
1.175776e-01	1.515668e-05	
5.135997e-02	3.220567e-05	
2.018184e-01	3.933240e-05	
1.539177e-01	2.754298e-05	
2.174794e-01	2.026374e-05	
4.083788e-02	5.330922e-05	
9.967422e-02	1.328846e-05	
9.594758e-02	4.318563e-05	
3.675837e-02	2.927548e-05	
5.280666e-02	5.233945e-05	
8.205173e-02	6.213387e-05	
9.609829e-02	6.100192e-05	
2.673632e-02	3.047493e-05	
1.140823e-01	4.991216e-05	
1.211188e-01	3.968829e-05	
2.080753e-01	9.880816e-05	
3.625374e-02	7.054249e-05	
1.211296e-01	5.699839e-05	
4.615621e-02	6.819157e-05	
1.103498e-01	6.142279e-05	
6.229752e-02	7.622900e-05	
1.419415e-01	4.997940e-05	
1.345151e-01	6.522338e-05	
6.180939e-02	2.521925e-05	
1.844766e-01	3.903519e-05	
5.486687e-03	8.585158e-05	
5.395005e-02	1.030853e-04	
1.357327e-01	1.620896e-04	
1.317144e-01	1.184387e-04	
2.068014e-01	6.042285e-04	
4.608660e-01	2.687070e-04	
2.565392e-01	3.549912e-05	
3.082937e-01	1.213085e-04	
2.544274e-01	1.184844e-05	
3.862273e-01	9.760308e-06	
2.075308e-01	6.523468e-05	
3.914317e-01	4.225798e-05	
2.687837e-01	4.823810e-05	
2.115923e-01	3.956052e-05	
3.897169e-01	8.666262e-06	
3.583459e-01	5.279037e-06	
2.923325e-01	2.609388e-05	
3.571968e-01	2.422461e-05	
3.417826e-01	3.018991e-05	
2.783888e-01	3.791778e-05	
2.982583e-01	3.937706e-05	
2.918361e-01	3.729888e-05	
3.027670e-01	2.784958e-06	
1.891872e-01	2.775295e-05	
2.527874e-01	3.902869e-05	
3.601478e-01	2.531126e-05	
3.587351e-01	1.914987e-05	
1.929353e-01	4.021799e-05	
3.352440e-01	5.935712e-05	
3.075063e-01	1.896602e-05	
1.378416e-01	4.551783e-05	
1.395657e-01	3.497426e-05	
1.997778e-01	2.349451e-05	
3.391795e-01	3.501887e-05	
3.648169e-01	2.187923e-05	
3.559399e-01	6.801836e-05	
4.557233e-01	4.873987e-05	
2.902713e-01	5.195021e-05	
3.416871e-01	4.720242e-06	
3.254373e-01	1.022333e-04	
2.265209e-01	8.416622e-05	
2.396353e-01	1.072431e-04	
3.913081e-01	1.462676e-04	
