3.859743e-01	1.958433e-13	
4.467363e-01	2.135847e-12	
4.408002e-01	1.443290e-14	
2.444804e-01	7.416290e-14	
4.565592e-01	1.671108e-12	
4.014503e-01	1.697975e-12	
3.988748e-01	2.644462e-11	
4.454326e-01	7.549517e-15	
4.194224e-01	2.901346e-12	
2.974939e-01	1.586509e-13	
3.509999e-01	1.181277e-12	
4.437902e-01	4.355183e-12	
4.765163e-01	1.303291e-12	
5.478497e-01	3.994272e-11	
5.092849e-01	2.708056e-12	
4.530951e-01	1.702194e-12	
4.463861e-01	1.380895e-12	
3.290959e-01	3.495726e-11	
3.725770e-01	1.381339e-12	
4.733140e-01	1.075229e-11	
5.006793e-01	1.361466e-12	
5.553391e-01	1.099121e-12	
3.893731e-01	4.282974e-11	
4.681362e-01	1.073364e-12	
3.900383e-01	1.768052e-11	
4.063113e-01	1.201039e-11	
3.807139e-01	1.424705e-11	
4.048552e-01	2.976508e-12	
4.177139e-01	1.475597e-12	
4.518247e-01	6.302581e-11	
4.264211e-01	4.563017e-13	
4.402134e-01	4.926504e-12	
4.306000e-01	2.402523e-13	
4.391254e-01	1.958100e-11	
4.370204e-01	4.143352e-13	
3.490611e-01	4.289902e-13	
3.806634e-01	6.725731e-13	
4.540989e-01	2.390976e-12	
4.651288e-01	3.930190e-13	
3.992602e-01	1.429967e-13	
3.892586e-01	7.848389e-12	
3.979056e-01	7.410440e-13	
4.458409e-01	3.571242e-13	
4.094968e-01	5.970692e-14	
4.295044e-01	3.610702e-14	
5.978936e-01	2.474732e-15	
3.905118e-01	6.286357e-15	
4.532099e-01	6.133628e-15	
3.347080e-01	9.190927e-15	
4.175067e-01	1.266710e-15	
4.205124e-01	7.773965e-15	
4.811729e-01	1.086727e-14	
5.452062e-01	1.006551e-14	
4.892601e-01	5.353249e-15	
5.633237e-01	2.955894e-15	
4.516761e-01	3.157913e-15	
3.924763e-01	1.024978e-15	
3.869302e-01	1.263454e-14	
4.090315e-01	8.645203e-15	
3.929522e-01	2.957107e-15	
3.540429e-01	8.308062e-15	
3.307456e-01	7.086232e-16	
3.530056e-01	5.886548e-15	
3.658232e-01	3.953487e-15	
2.692351e-01	1.172939e-14	
3.200343e-01	3.111467e-16	
4.281064e-01	2.433295e-15	
4.231556e-01	2.900231e-15	
4.143793e-01	1.811211e-16	
5.147142e-01	7.773965e-16	
4.721270e-01	1.013368e-14	
3.259070e-01	2.326817e-16	
3.479993e-01	5.220109e-16	
3.391564e-01	0	
4.109989e-01	3.535332e-16	
3.627740e-01	1.740098e-15	
4.393170e-01	5.372198e-14	
4.580782e-01	2.931212e-13	
3.484711e-01	4.052965e-12	
3.234771e-01	1.039722e-10	
2.692708e-01	1.987299e-14	
3.451689e-01	3.730349e-14	
3.934445e-01	1.585398e-13	
2.755114e-01	1.769251e-12	
3.421119e-01	4.601763e-12	
3.575863e-01	9.798939e-12	
4.318416e-01	7.773782e-13	
3.787129e-01	5.273781e-12	
3.977654e-01	2.359335e-12	
3.705023e-01	1.303935e-11	
3.111222e-01	1.828759e-12	
3.815814e-01	6.474599e-12	
2.963165e-01	1.586953e-12	
3.424208e-01	1.772915e-12	
3.647899e-01	7.882783e-11	
3.770193e-01	1.165246e-11	
4.091328e-01	1.669331e-12	
3.549790e-01	2.664535e-14	
4.457683e-01	1.635503e-11	
3.257722e-01	4.876766e-12	
4.169366e-01	5.191625e-12	
4.534761e-01	3.833822e-12	
3.602689e-01	2.883471e-12	
3.631048e-01	1.638489e-11	
4.586904e-01	6.886769e-11	
3.005721e-01	2.924883e-12	
3.897380e-01	1.498035e-11	
4.139476e-01	3.571443e-11	
4.003038e-01	2.075107e-11	
4.469499e-01	2.514033e-11	
3.102854e-01	7.370837e-11	
3.495260e-01	8.090195e-13	
4.273612e-01	9.166790e-11	
4.727301e-01	2.458433e-11	
4.104138e-01	1.612577e-11	
4.248192e-01	1.860223e-11	
4.016637e-01	3.486367e-11	
3.463573e-01	2.139067e-11	
3.366485e-01	1.070255e-12	
4.529840e-01	1.360578e-12	
3.819219e-01	1.922906e-12	
5.049888e-01	2.329248e-13	
5.755069e-01	1.013700e-11	
5.503427e-01	3.110845e-13	
5.245498e-01	9.949819e-13	
3.161968e-01	1.636469e-13	
3.556716e-01	1.722733e-12	
3.487630e-01	2.669154e-11	
3.015153e-01	2.294387e-12	
3.590296e-01	4.268919e-12	
4.072310e-01	3.493239e-11	
4.235025e-01	2.060352e-12	
3.917788e-01	3.804068e-12	
3.866128e-01	5.744294e-12	
4.791550e-01	1.642686e-12	
4.831999e-01	4.030232e-11	
3.580037e-01	3.023581e-12	
3.062016e-01	1.289857e-12	
3.906913e-01	9.555801e-12	
4.591628e-01	3.750844e-11	
3.455500e-01	2.055545e-11	
3.584437e-01	3.680833e-12	
4.050171e-01	2.689182e-11	
4.913322e-01	1.251221e-12	
3.972853e-01	1.242673e-11	
3.173510e-01	1.347633e-11	
3.709110e-01	1.759326e-11	
3.602052e-01	3.861145e-11	
3.607159e-01	2.303824e-11	
3.145313e-01	8.011236e-11	
3.284164e-01	1.724065e-12	
4.177889e-01	1.976441e-11	
5.046587e-01	1.385003e-11	
4.855083e-01	3.752876e-11	
5.008745e-01	4.533263e-12	
4.072807e-01	3.189427e-11	
3.272350e-01	1.225761e-05	
2.636274e-01	1.635000e-05	
3.150888e-01	5.617745e-05	
2.110990e-01	6.602397e-05	
2.900628e-01	2.021858e-05	
2.699256e-01	1.695553e-04	
1.493449e-01	1.538853e-04	
4.082203e-01	8.838100e-05	
3.291967e-01	1.585250e-04	
3.573159e-01	9.218561e-05	
3.934187e-01	1.259960e-04	
4.751005e-01	2.184709e-04	
3.380325e-01	2.128733e-04	
2.628032e-01	1.214614e-04	
2.883945e-01	4.469385e-05	
1.977678e-01	2.309260e-04	
2.894174e-01	2.301297e-04	
2.714820e-01	1.364115e-04	
2.771109e-01	2.213799e-04	
3.176342e-01	1.935905e-04	
2.838634e-01	1.173088e-04	
3.900074e-01	8.596765e-07	
2.162928e-01	4.243650e-05	
8.181431e-02	3.159212e-04	
3.208960e-01	5.656633e-05	
3.884108e-01	4.318260e-05	
2.069663e-01	2.702109e-04	
2.772679e-01	1.177377e-04	
1.478759e-01	1.127008e-04	
2.045267e-01	2.658027e-04	
3.280898e-01	1.456633e-04	
1.633255e-01	1.705610e-04	
3.939896e-01	4.377065e-05	
2.584701e-01	7.764415e-05	
2.476137e-01	7.321112e-05	
2.597348e-01	8.353211e-05	
3.610016e-01	1.271198e-05	
3.966225e-01	4.218699e-06	
3.023509e-01	2.422169e-05	
9.827463e-02	4.631862e-05	
1.915443e-02	5.046498e-05	
1.757580e-01	4.847748e-05	
1.624156e-01	8.738178e-05	
8.559414e-02	3.369935e-05	
9.923620e-02	1.157428e-04	
1.331878e-01	1.577415e-04	
9.665010e-02	6.559915e-05	
6.442341e-02	5.947138e-05	
1.711793e-01	5.488465e-05	
7.798016e-02	3.359684e-05	
2.163101e-01	1.291583e-05	
1.664924e-01	1.149567e-04	
1.099436e-01	3.357590e-05	
1.038467e-01	1.527210e-04	
1.033952e-01	2.004038e-04	
1.942705e-01	2.773615e-04	
5.382118e-02	1.344335e-04	
2.030417e-01	1.319396e-04	
1.096833e-02	1.676226e-04	
2.363784e-01	8.633645e-05	
1.187047e-02	2.066108e-04	
1.829765e-01	3.022762e-04	
2.226341e-01	7.449890e-05	
2.615689e-01	8.542021e-05	
9.801790e-02	2.935183e-04	
1.543081e-01	2.187131e-04	
1.537074e-01	5.895385e-05	
1.032448e-01	2.294590e-04	
1.853779e-01	1.778708e-04	
1.086877e-01	1.583317e-04	
8.327666e-02	1.572193e-04	
1.566538e-01	1.234306e-04	
1.773399e-01	5.952576e-05	
1.557451e-01	7.285482e-05	
1.156180e-01	1.300536e-05	
3.092216e-01	3.677542e-05	
1.932207e-01	3.136868e-06	
1.522705e-01	9.439018e-05	
1.133044e-01	4.533761e-05	
1.537833e-01	2.673087e-05	
7.660679e-02	4.277739e-05	
1.647802e-01	8.146870e-05	
1.460243e-01	7.899041e-05	
5.885298e-02	2.717987e-05	
6.358845e-02	8.352067e-06	
1.882006e-01	7.201196e-05	
2.257959e-01	2.336240e-05	
1.939624e-01	5.314287e-06	
4.946592e-02	2.768383e-05	
1.980407e-01	1.093998e-04	
8.730378e-02	1.308083e-04	
1.240799e-02	7.495451e-05	
1.584798e-01	1.068073e-04	
1.044582e-01	1.827861e-04	
1.852702e-01	1.345742e-04	
1.657354e-02	5.961372e-05	
1.173813e-01	1.105604e-04	
1.799206e-01	9.366136e-05	
1.236073e-02	1.340582e-05	
6.964630e-02	5.380996e-06	
7.947622e-02	3.490363e-05	
1.489893e-01	1.069370e-04	
6.816533e-02	1.234961e-04	
1.161820e-01	5.811890e-05	
2.307137e-01	2.827157e-04	
9.694372e-02	2.444910e-04	
1.868000e-01	6.976880e-05	
1.085308e-02	8.863593e-05	
1.127785e-01	5.011879e-05	
4.623987e-02	3.336041e-05	
1.436951e-01	7.460689e-05	
1.460185e-01	6.124583e-05	
1.696306e-01	7.683227e-05	
3.718633e-01	3.463263e-05	
2.738428e-01	1.408325e-04	
4.938191e-02	1.092509e-04	
8.739789e-02	5.974639e-05	
1.557965e-01	8.403882e-05	
1.430214e-01	6.719200e-05	
7.868875e-02	2.270648e-05	
7.433316e-02	2.086800e-05	
1.552666e-01	4.632753e-05	
6.917507e-02	1.102945e-04	
1.417452e-01	9.335225e-06	
1.432444e-01	7.997949e-05	
6.321429e-02	8.883828e-05	
2.086663e-01	8.700692e-06	
4.315081e-02	9.178212e-05	
4.030810e-02	1.134489e-04	
1.729836e-01	2.244697e-06	
1.240160e-01	3.602846e-05	
8.519352e-02	6.900673e-05	
2.933534e-02	2.976283e-05	
7.155374e-02	2.203302e-05	
7.888211e-02	6.661779e-06	
1.894073e-01	7.104497e-05	
9.118918e-02	1.376107e-05	
9.303780e-02	4.006961e-05	
2.585164e-01	5.962101e-05	
7.089805e-02	6.499843e-05	
6.433887e-02	9.922647e-05	
1.680651e-01	1.090465e-04	
3.972750e-02	1.915676e-04	
1.352440e-01	1.324789e-04	
1.146023e-01	9.457253e-05	
1.656707e-01	8.298234e-05	
1.266322e-01	3.027709e-05	
2.650019e-01	4.642140e-05	
6.445922e-02	6.958929e-05	
1.160379e-01	1.118690e-04	
8.255275e-02	5.539753e-05	
2.900204e-01	6.474210e-05	
2.678111e-01	4.215727e-05	
2.379913e-01	5.688005e-05	
1.629822e-01	3.580892e-05	
2.931533e-01	7.290863e-05	
2.142682e-01	5.489404e-05	
9.970566e-02	2.808502e-05	
1.941497e-01	4.729820e-05	
1.730291e-01	4.160662e-05	
2.688528e-01	1.823825e-05	
2.300523e-01	7.547779e-05	
9.517123e-02	1.003867e-04	
1.952814e-01	2.474333e-05	
8.188907e-02	7.567375e-05	
4.963465e-02	5.027464e-05	
1.164568e-01	1.526264e-04	
9.894276e-02	1.020535e-04	
2.856972e-02	5.799997e-05	
1.366540e-01	6.602153e-05	
1.170232e-01	3.511304e-05	
2.016949e-01	9.006556e-05	
1.242851e-01	5.828157e-05	
1.444859e-01	2.603994e-05	
1.275848e-01	1.685511e-06	
5.953841e-02	7.856326e-06	
1.742839e-01	2.076004e-05	
2.330527e-01	2.375363e-05	
1.578444e-01	4.438846e-05	
1.235152e-01	1.910388e-04	
1.844742e-01	7.968852e-05	
1.648583e-01	6.220191e-05	
2.472598e-01	7.578611e-05	
3.336353e-02	9.427884e-05	
5.141892e-02	2.908443e-05	
2.336673e-02	2.246002e-05	
7.771831e-02	7.723142e-06	
1.596844e-01	3.077617e-05	
1.781308e-01	6.492791e-05	
2.633867e-01	5.383434e-05	
3.481947e-01	4.634906e-05	
1.193784e-01	2.645149e-05	
1.292295e-01	2.243286e-05	
1.560459e-01	3.182888e-05	
1.808532e-01	7.701505e-05	
9.632422e-02	9.017830e-05	
1.072751e-01	1.349831e-04	
1.620367e-01	7.532870e-05	
1.750477e-01	6.685591e-06	
2.390227e-01	4.509773e-05	
1.438228e-01	1.779984e-05	
8.194172e-02	3.158228e-05	
7.995618e-02	2.891507e-05	
9.437101e-02	1.354706e-04	
1.444818e-01	8.148132e-05	
1.654367e-01	8.882500e-05	
1.431127e-01	7.151572e-05	
1.620655e-01	4.783782e-05	
1.119943e-01	1.029578e-05	
1.489399e-01	6.963714e-05	
1.902722e-01	1.850231e-05	
1.690425e-01	8.786122e-06	
2.301285e-01	2.367588e-05	
1.175846e-01	2.465509e-06	
1.490341e-01	1.273752e-04	
2.956183e-01	5.665144e-05	
1.217030e-01	1.200502e-05	
6.308696e-02	7.407828e-05	
8.012667e-02	4.492735e-06	
2.139126e-02	1.368592e-04	
1.122390e-01	9.417436e-05	
2.617848e-01	3.372568e-05	
9.795026e-02	4.188194e-05	
1.369966e-01	2.359985e-05	
1.505867e-01	9.268078e-05	
1.142469e-01	3.244548e-05	
1.494099e-01	4.782744e-05	
1.851563e-01	1.069812e-04	
1.974269e-01	2.825678e-04	
8.367323e-02	1.744792e-04	
2.063828e-01	3.510243e-05	
1.337228e-01	5.030201e-05	
2.128887e-01	5.051879e-05	
1.819035e-01	1.480132e-04	
1.680505e-01	1.176997e-04	
9.316926e-02	5.988231e-05	
2.529211e-01	4.711477e-05	
3.395206e-01	7.967099e-05	
1.856678e-01	1.510229e-05	
1.484850e-01	4.477081e-06	
1.096290e-01	2.766431e-05	
8.730727e-02	1.193070e-04	
6.649904e-02	1.402058e-05	
1.465203e-01	2.971135e-05	
1.283923e-01	5.207788e-06	
1.056013e-01	2.761181e-05	
8.867185e-02	2.927821e-05	
1.104013e-01	3.230352e-05	
1.460632e-01	4.104618e-07	
1.819263e-01	2.196206e-05	
1.246767e-01	5.246887e-05	
1.026874e-01	6.080223e-05	
6.395206e-02	4.519972e-05	
1.462368e-01	3.219555e-05	
2.075611e-01	8.704685e-06	
1.558028e-01	9.380494e-05	
1.601195e-01	6.600861e-06	
1.363906e-01	1.551438e-05	
1.050944e-01	1.351806e-05	
7.866653e-02	6.263893e-05	
9.850399e-02	2.758336e-05	
6.227268e-02	3.061006e-06	
8.667889e-03	6.156097e-05	
1.339395e-01	8.165398e-06	
5.291231e-02	1.030554e-04	
3.143864e-01	4.690719e-05	
2.560317e-01	2.196219e-04	
1.601742e-01	1.474634e-04	
3.803610e-02	2.969950e-05	
4.671049e-02	3.325959e-05	
1.555948e-01	3.019143e-05	
1.916000e-01	2.493523e-05	
6.353115e-02	1.183455e-04	
1.591953e-01	2.372971e-05	
2.329493e-01	3.635235e-05	
1.855647e-01	1.044693e-05	
2.033095e-01	2.592551e-05	
2.182858e-01	2.589285e-05	
1.006617e-01	4.437493e-05	
1.337863e-01	2.897696e-05	
1.654158e-01	1.135991e-06	
1.767781e-01	1.976596e-05	
1.371966e-01	4.269479e-06	
7.052279e-02	3.860093e-05	
1.257560e-01	1.594553e-05	
8.504429e-02	3.327809e-05	
1.314639e-01	1.068452e-05	
1.682128e-01	3.606025e-05	
1.469036e-01	7.748051e-05	
2.822789e-02	2.712105e-05	
1.116680e-01	4.714854e-05	
1.151366e-01	3.314903e-05	
2.320083e-01	1.838538e-05	
1.072476e-01	1.911588e-05	
1.749496e-01	2.167364e-05	
9.864451e-02	1.876833e-05	
1.077028e-01	7.638602e-06	
4.737475e-02	7.719955e-06	
1.162432e-01	1.094001e-04	
1.468447e-01	5.118266e-05	
7.903096e-02	1.673741e-05	
1.469122e-01	8.275448e-05	
1.773776e-01	5.205830e-05	
3.466048e-01	7.289646e-05	
2.862318e-01	1.142584e-04	
1.179729e-01	1.272416e-04	
1.263226e-01	2.935595e-05	
4.573011e-02	1.530612e-04	
8.509626e-02	1.168070e-04	
2.064835e-01	1.187079e-04	
1.052530e-01	1.229617e-04	
4.227637e-02	9.260831e-05	
1.452135e-01	6.699276e-05	
2.084284e-01	5.384999e-05	
1.636492e-01	3.888522e-07	
7.972903e-02	5.172013e-06	
1.914804e-01	1.057389e-05	
7.502368e-02	3.609507e-06	
1.691366e-01	2.474269e-05	
1.465712e-01	1.893563e-05	
9.599255e-02	2.757947e-05	
1.686186e-01	5.347298e-05	
1.184950e-01	2.611810e-05	
1.377829e-01	2.632603e-06	
4.828189e-02	2.748884e-05	
1.356833e-02	5.239706e-05	
1.112295e-01	6.836949e-05	
4.230911e-02	5.797995e-05	
1.230317e-01	6.287838e-05	
1.515226e-01	7.663401e-05	
1.048546e-01	8.072376e-05	
1.217224e-01	6.552853e-05	
5.643033e-02	1.002185e-04	
1.341646e-01	8.726147e-05	
2.088907e-01	1.728410e-05	
1.038232e-01	6.101065e-05	
1.482395e-02	3.222919e-05	
1.949772e-02	9.035753e-05	
1.068577e-01	9.961619e-05	
6.216415e-02	8.429666e-05	
1.609683e-01	8.656925e-05	
2.367232e-01	1.612069e-04	
2.084758e-01	1.596411e-04	
1.421673e-01	3.999884e-04	
2.379418e-01	1.960346e-04	
1.006160e-01	1.516522e-04	
6.663813e-02	1.263879e-04	
5.336052e-02	8.027608e-05	
8.546900e-02	6.015244e-05	
1.477636e-01	9.344356e-05	
5.088559e-02	1.353764e-06	
1.109106e-01	4.993532e-05	
9.599211e-02	6.374874e-06	
8.421049e-02	4.593827e-05	
6.677494e-02	2.747177e-05	
1.356432e-01	4.619132e-05	
1.869489e-01	3.586095e-05	
1.204602e-01	2.101579e-05	
1.452893e-01	2.484049e-06	
6.366709e-02	4.614166e-06	
1.070407e-01	1.475677e-05	
7.619458e-02	8.484137e-06	
6.222713e-02	5.159296e-05	
1.115322e-01	4.036728e-05	
8.823022e-02	5.720030e-05	
2.360663e-01	6.535916e-05	
1.099708e-01	5.173879e-05	
8.871610e-02	8.083579e-05	
7.707342e-02	5.994968e-05	
5.689826e-02	6.455268e-05	
1.463280e-01	1.055159e-04	
9.730463e-02	9.157802e-05	
1.290689e-01	4.118952e-05	
8.869336e-02	4.765915e-05	
5.602852e-02	6.908405e-05	
3.650233e-02	7.696598e-05	
8.471782e-02	7.317711e-06	
9.061681e-02	1.935240e-05	
1.457803e-01	2.341797e-04	
2.746261e-01	2.664141e-04	
2.187524e-01	3.334823e-04	
5.029221e-02	2.887425e-04	
1.237967e-01	1.501330e-04	
9.031273e-02	1.953395e-04	
6.550065e-02	7.170842e-05	
4.550419e-02	7.413754e-05	
5.084899e-02	1.258815e-04	
1.053917e-01	5.679149e-06	
1.639789e-01	7.079622e-05	
1.276710e-01	3.052457e-05	
7.397296e-02	3.925723e-05	
3.713476e-02	3.172044e-05	
9.319148e-02	1.167169e-05	
1.654485e-01	7.679592e-06	
1.354536e-01	3.884241e-05	
1.529664e-01	8.818494e-06	
9.800284e-02	2.578295e-05	
9.077814e-02	3.227714e-05	
1.231407e-01	4.201119e-05	
1.004891e-01	7.114670e-05	
1.426384e-01	6.738009e-05	
3.073497e-02	1.471797e-05	
1.015855e-01	2.293879e-05	
1.771550e-01	7.504314e-05	
1.644310e-01	6.382726e-05	
2.083242e-02	2.363728e-05	
9.509140e-02	3.901678e-05	
1.804710e-01	9.528188e-05	
1.461079e-01	6.944332e-05	
4.987859e-02	4.736362e-05	
5.474752e-02	6.279355e-05	
6.238300e-02	5.035172e-05	
3.365192e-02	5.461556e-05	
4.219193e-02	1.122361e-04	
1.687811e-01	9.014966e-05	
6.394329e-02	5.453968e-05	
1.022173e-01	1.752851e-05	
2.947390e-01	2.619718e-04	
3.021638e-01	4.536574e-04	
1.735541e-01	4.436849e-04	
9.293976e-02	1.134398e-04	
6.926965e-02	1.398332e-04	
8.926117e-02	8.103801e-05	
2.086935e-01	8.082707e-05	
1.348386e-01	1.158241e-04	
1.340606e-01	5.384291e-05	
2.274301e-01	1.222592e-05	
1.735630e-01	3.757930e-05	
1.049125e-01	4.789951e-05	
1.979003e-01	5.508435e-06	
7.471210e-02	7.430080e-06	
1.823283e-01	1.224629e-05	
9.335013e-02	1.022572e-05	
3.470524e-01	1.402665e-06	
1.622315e-01	1.096764e-05	
1.089894e-01	5.244635e-05	
8.180944e-03	4.834180e-05	
6.712000e-02	5.112820e-05	
2.387459e-01	5.292798e-05	
1.340451e-01	2.841432e-05	
4.452865e-02	9.312616e-05	
8.395714e-02	8.242022e-05	
2.227022e-01	7.122946e-05	
1.392097e-01	3.848568e-05	
8.623049e-02	7.822460e-05	
7.913266e-02	5.094407e-05	
1.285346e-01	2.086590e-05	
1.304536e-01	7.168241e-05	
9.190903e-02	2.102900e-05	
9.458679e-02	1.113903e-04	
1.633658e-01	1.344716e-04	
1.899373e-01	7.766696e-05	
1.022734e-01	1.636199e-04	
2.035956e-01	2.254054e-05	
2.059191e-01	1.542735e-04	
3.138852e-01	2.480639e-04	
3.119590e-01	4.801271e-04	
1.165611e-01	3.245906e-04	
1.914260e-01	1.473487e-04	
1.836190e-01	2.753589e-04	
1.437399e-01	9.895065e-05	
1.609422e-01	1.197875e-04	
6.254070e-02	1.532043e-04	
1.039846e-01	2.343595e-06	
2.073571e-01	3.064004e-05	
1.067708e-01	2.417346e-06	
1.293259e-01	2.825095e-05	
2.040336e-01	3.777765e-06	
1.665724e-01	4.978067e-05	
1.902395e-01	9.636990e-06	
1.972214e-01	1.332694e-06	
8.981946e-02	1.525337e-05	
3.235122e-02	1.365866e-05	
7.140777e-02	5.071974e-05	
4.959221e-02	2.078456e-05	
1.433019e-01	4.915588e-05	
1.562159e-01	3.372227e-05	
1.376376e-01	5.711506e-05	
2.907527e-02	6.177749e-05	
8.671622e-02	9.562253e-05	
1.227783e-01	6.890592e-05	
7.459467e-02	7.638033e-05	
1.336225e-01	1.364003e-04	
2.420840e-01	1.694875e-04	
1.530707e-02	1.126261e-04	
1.420632e-01	3.746998e-05	
1.210250e-01	1.267583e-05	
2.139615e-01	4.943492e-05	
8.801345e-02	4.833912e-05	
1.232575e-01	8.351769e-05	
1.465282e-01	1.526161e-04	
1.180325e-01	1.476893e-04	
2.154229e-01	2.026375e-04	
4.114967e-01	2.388545e-04	
2.438790e-01	3.860479e-04	
1.324266e-01	2.150544e-04	
1.183030e-01	1.948704e-04	
1.555853e-01	2.125090e-04	
1.206767e-01	1.790488e-04	
1.554825e-01	1.403513e-04	
5.706690e-02	1.243969e-04	
2.396674e-02	6.484216e-05	
1.231976e-01	4.478088e-05	
6.293723e-02	3.783923e-05	
1.820452e-01	1.312018e-05	
1.985768e-01	3.847880e-05	
1.179314e-01	1.093187e-05	
2.106128e-01	1.689472e-05	
1.534208e-01	1.409312e-05	
1.538855e-01	3.115731e-05	
3.109462e-02	5.054519e-05	
5.944018e-02	3.156538e-05	
1.995273e-01	4.322917e-05	
2.598543e-01	5.831725e-05	
7.705484e-02	4.362188e-05	
8.903567e-02	4.140848e-05	
7.101477e-02	9.758945e-05	
1.818632e-01	1.002190e-04	
9.523502e-02	4.294923e-05	
1.172303e-01	6.989477e-05	
1.063461e-01	9.476704e-05	
1.698918e-01	1.067457e-04	
9.776795e-02	1.348061e-04	
4.971661e-02	7.500846e-05	
1.519573e-01	3.427977e-05	
1.159202e-01	4.054885e-05	
8.318711e-02	2.992058e-05	
1.466753e-01	6.565484e-05	
7.029644e-02	1.162036e-04	
1.037618e-01	1.383236e-04	
1.325688e-01	1.986400e-04	
3.888064e-01	3.421699e-04	
3.162029e-01	3.132558e-04	
1.107764e-01	2.121613e-04	
4.403514e-02	1.172313e-05	
1.334156e-01	1.342653e-04	
1.736517e-01	1.944528e-04	
1.317728e-01	1.479800e-04	
1.273222e-01	1.223639e-04	
3.996622e-02	2.120615e-05	
9.353938e-02	1.137440e-05	
4.852609e-02	4.544147e-05	
1.709517e-01	2.358324e-07	
8.527605e-02	2.408018e-05	
6.607089e-02	3.084292e-05	
6.982664e-02	3.701991e-06	
1.985426e-01	3.861502e-06	
1.093828e-01	3.435957e-05	
1.866689e-01	3.471945e-05	
1.632648e-01	1.590560e-05	
2.341633e-01	1.509082e-05	
1.338940e-01	2.011859e-05	
6.139944e-02	3.034938e-05	
2.334248e-01	2.751738e-05	
1.593114e-01	6.438266e-05	
1.465245e-01	8.016914e-05	
1.843807e-01	9.263094e-05	
9.599682e-02	1.216190e-04	
7.346138e-02	1.599365e-04	
2.760741e-01	1.131505e-04	
4.934282e-02	5.747711e-05	
4.104807e-02	3.960427e-05	
1.383460e-01	3.350802e-05	
9.237995e-02	5.054616e-05	
1.248125e-01	8.073722e-05	
9.440565e-02	7.220529e-05	
1.280180e-01	1.180406e-04	
1.047717e-01	1.067855e-04	
1.900561e-01	1.589430e-04	
3.396315e-01	1.674231e-04	
2.380630e-01	2.578591e-04	
1.363693e-02	2.825256e-04	
1.605176e-01	1.581024e-04	
1.817309e-01	1.134126e-04	
1.255954e-01	1.111767e-04	
6.267424e-02	1.085945e-04	
2.005052e-01	5.386420e-05	
4.630658e-02	5.278650e-06	
5.037653e-02	1.245269e-05	
7.363196e-02	7.518187e-05	
1.188507e-01	3.324065e-05	
7.242270e-02	4.043285e-05	
1.184330e-01	1.175989e-05	
6.223957e-02	2.973899e-05	
2.265568e-01	2.612258e-05	
1.178485e-01	6.205083e-05	
1.811321e-01	2.398758e-05	
5.991755e-02	4.625424e-05	
1.443767e-01	6.977882e-05	
1.153791e-01	7.009988e-05	
1.241713e-01	1.336437e-05	
2.140621e-01	3.894743e-05	
5.629736e-02	2.603518e-05	
5.774348e-02	9.366244e-05	
6.061239e-02	8.770681e-05	
1.346202e-01	9.478606e-05	
4.453283e-02	1.092301e-04	
1.283474e-01	9.320385e-05	
1.136142e-01	9.623540e-05	
7.636193e-02	6.100149e-05	
1.807937e-01	6.556565e-05	
1.817915e-01	6.220538e-05	
1.405685e-01	7.065806e-05	
1.113705e-01	1.618023e-04	
1.006833e-01	1.500351e-04	
2.411834e-01	8.927063e-05	
1.810584e-01	1.314300e-04	
2.550813e-01	1.910388e-04	
2.084301e-01	3.112422e-04	
1.198084e-01	1.510875e-04	
7.023912e-02	2.071789e-04	
2.062415e-01	1.212531e-04	
8.652284e-02	6.777514e-05	
3.497504e-02	5.602363e-05	
7.196982e-02	6.680776e-05	
5.552409e-02	6.192961e-05	
4.227148e-02	6.590941e-05	
3.792326e-02	6.679920e-05	
2.011258e-01	3.714532e-05	
4.413194e-02	4.589571e-05	
6.681107e-02	5.479064e-06	
1.107801e-01	3.247677e-05	
1.591856e-01	2.991969e-05	
3.353349e-02	2.012267e-05	
2.431082e-01	2.146781e-05	
1.431999e-01	3.375958e-05	
8.918616e-02	4.557181e-05	
7.476474e-02	7.626326e-06	
3.444579e-02	3.373234e-05	
1.509341e-01	4.096129e-05	
5.282208e-02	3.194985e-05	
7.331340e-02	1.264109e-04	
1.304137e-01	1.147290e-04	
4.151421e-02	1.155991e-04	
1.167853e-01	4.478843e-05	
1.916486e-01	5.175850e-05	
3.211858e-02	5.726035e-05	
4.119277e-02	8.220501e-05	
1.538110e-01	2.023968e-05	
1.496994e-01	4.291931e-05	
1.966313e-01	7.604801e-05	
2.857095e-02	1.609075e-04	
8.117920e-02	1.002974e-04	
7.058905e-02	1.288300e-04	
1.770592e-01	1.048252e-04	
1.327021e-01	3.340231e-04	
2.595892e-01	4.001058e-04	
1.529120e-01	2.117783e-04	
2.863198e-01	5.728385e-05	
1.241639e-01	6.586112e-05	
7.698089e-02	5.760084e-05	
2.354484e-02	6.767178e-05	
1.022035e-01	1.170041e-04	
1.764146e-01	1.052157e-04	
1.539856e-01	6.722182e-05	
1.524002e-01	7.940386e-05	
1.139362e-01	1.257683e-05	
9.356681e-03	1.277467e-05	
7.291236e-02	4.446876e-06	
6.092308e-02	6.943633e-06	
1.538512e-01	1.793857e-05	
7.795085e-02	2.377703e-05	
1.583880e-01	2.636187e-05	
1.272810e-01	2.940981e-05	
1.275360e-01	1.201277e-05	
9.180795e-02	3.863312e-05	
8.802079e-02	1.547502e-05	
1.171396e-01	2.063144e-06	
1.358011e-01	2.026988e-05	
2.170490e-01	6.111032e-05	
2.356067e-01	1.066593e-04	
6.538551e-02	1.352388e-04	
4.035752e-03	5.079470e-05	
1.421314e-01	5.163152e-05	
1.407997e-01	1.030404e-04	
5.277766e-02	7.380471e-05	
3.834437e-02	7.355812e-05	
4.337579e-02	3.966218e-05	
5.946143e-02	7.889137e-05	
9.695093e-02	8.809014e-05	
5.369154e-02	1.416067e-04	
1.631687e-01	1.129643e-04	
4.454349e-02	2.666803e-04	
2.024014e-01	3.091580e-04	
2.761691e-01	1.812181e-04	
1.468067e-01	3.401690e-04	
1.243816e-01	1.048452e-04	
2.478248e-01	1.237151e-05	
2.613311e-01	9.366652e-05	
1.998309e-01	1.588717e-04	
1.230978e-01	5.848116e-05	
1.541491e-01	5.407511e-05	
6.561529e-02	3.398570e-05	
1.305901e-01	7.151280e-05	
3.870369e-02	2.622566e-06	
8.694022e-02	1.094704e-05	
6.173218e-02	3.032607e-05	
1.390072e-01	1.004519e-05	
1.581443e-01	4.325275e-06	
5.881933e-02	4.174338e-06	
2.103395e-01	1.140553e-05	
1.077043e-01	9.196196e-07	
8.441782e-02	1.993216e-06	
1.822431e-01	2.831731e-05	
1.142461e-01	4.159882e-05	
1.395379e-01	3.300161e-05	
5.206871e-02	3.672055e-05	
6.008351e-02	3.177828e-05	
1.184181e-01	7.862785e-05	
1.152854e-01	1.972778e-05	
7.039666e-02	3.092651e-05	
2.250003e-01	5.630067e-05	
1.754980e-01	8.170862e-05	
1.183939e-01	7.982082e-05	
7.052860e-02	5.472264e-05	
1.483011e-01	2.838036e-05	
1.138834e-01	9.760679e-05	
1.748230e-01	5.320025e-05	
5.520128e-02	1.029755e-04	
8.001671e-02	8.906765e-06	
2.083630e-01	2.076282e-04	
2.649094e-01	3.679082e-04	
2.393129e-01	1.643330e-04	
1.628626e-01	1.722205e-04	
5.598328e-02	4.560583e-05	
1.967836e-01	1.891818e-04	
1.643650e-01	6.870931e-05	
1.214476e-01	8.611617e-05	
6.325074e-02	4.167283e-05	
7.895487e-02	1.928092e-05	
1.994666e-01	8.117637e-05	
1.651892e-01	7.167187e-05	
1.238643e-01	6.294997e-07	
1.450729e-01	3.479400e-06	
5.835081e-02	2.768358e-05	
1.429446e-01	1.217362e-05	
3.377893e-02	2.519348e-05	
4.772135e-02	3.056724e-05	
1.762934e-01	1.989637e-05	
1.135885e-01	3.592545e-05	
1.801758e-01	2.814328e-05	
1.380303e-01	2.964095e-05	
1.135983e-01	5.178510e-06	
7.678512e-02	3.494772e-05	
7.594294e-02	4.646167e-05	
7.455886e-02	7.156275e-05	
1.045332e-01	5.054796e-05	
4.363859e-02	9.098644e-05	
1.064427e-01	7.195321e-05	
1.205910e-01	9.862092e-05	
1.290555e-01	3.777232e-05	
1.247827e-01	8.178873e-05	
5.313032e-02	7.162802e-05	
1.956247e-01	6.522363e-05	
9.082822e-02	3.053850e-05	
1.092016e-01	6.261751e-05	
3.462717e-02	4.781161e-05	
5.264467e-02	2.126506e-06	
2.590084e-01	2.487569e-04	
2.041530e-01	2.627377e-04	
2.230438e-01	1.380433e-04	
1.772477e-01	2.276882e-04	
1.019572e-01	2.172223e-05	
2.419148e-02	1.978026e-04	
1.044332e-01	9.906995e-05	
1.720062e-01	1.230145e-04	
9.602078e-02	6.598112e-05	
1.414322e-01	3.504612e-05	
1.302062e-01	3.376089e-05	
1.270401e-01	3.307056e-05	
8.549984e-02	3.215059e-05	
3.852999e-02	5.692448e-06	
1.814779e-01	1.806230e-05	
1.541382e-01	2.879202e-05	
3.106850e-02	3.163292e-05	
7.581502e-02	2.922399e-06	
1.300982e-01	6.450258e-06	
2.093723e-01	2.046087e-05	
9.895790e-02	6.399437e-05	
6.054024e-02	4.801764e-05	
1.636796e-01	5.327660e-05	
5.401474e-02	3.642339e-05	
8.751302e-02	4.094756e-05	
1.171103e-01	2.739115e-05	
2.320301e-01	2.850359e-05	
1.731500e-02	3.685175e-05	
1.148522e-01	7.354114e-05	
1.648020e-01	4.342766e-05	
8.030117e-02	4.242811e-05	
3.462032e-02	1.008534e-04	
1.853036e-01	8.403585e-05	
3.835990e-02	7.690197e-05	
1.220718e-01	8.998274e-05	
7.525387e-02	9.615628e-05	
2.956621e-03	1.164790e-04	
1.845794e-01	2.399439e-06	
1.170558e-01	2.090736e-04	
3.853829e-01	3.081030e-04	
2.721280e-01	2.413189e-04	
9.408745e-02	1.971671e-04	
2.206375e-01	3.116759e-05	
1.245394e-01	5.395652e-05	
7.955588e-02	1.569363e-04	
7.914087e-02	1.452064e-04	
3.320789e-02	4.916196e-05	
4.008278e-02	6.170949e-05	
2.288396e-01	5.758742e-05	
2.150982e-01	5.320737e-05	
5.541229e-02	1.421723e-05	
9.660315e-02	2.669719e-06	
1.526280e-01	1.778451e-06	
1.584350e-01	4.009198e-05	
1.236211e-01	5.746453e-05	
5.641102e-02	3.011660e-05	
6.748633e-02	6.041907e-05	
9.748258e-02	7.358236e-05	
4.177202e-02	4.854949e-05	
1.465849e-01	6.039201e-05	
1.425283e-01	1.013146e-05	
2.335298e-01	4.292234e-05	
3.567696e-02	7.047598e-06	
1.925309e-02	4.060529e-06	
2.230722e-01	3.998923e-05	
9.613627e-02	5.533868e-05	
1.103126e-01	4.039177e-05	
1.298225e-01	9.480666e-05	
1.682813e-01	1.036034e-04	
2.008270e-01	1.300616e-04	
7.945659e-02	1.094605e-04	
1.683557e-01	7.724135e-05	
1.392892e-01	9.480298e-05	
4.286159e-02	1.000859e-04	
8.734403e-02	1.436568e-04	
7.414886e-02	1.381352e-04	
1.475631e-01	1.700556e-04	
3.471996e-01	3.586819e-04	
2.909379e-01	5.094625e-04	
9.285535e-02	1.648822e-04	
1.838958e-01	2.739141e-05	
8.563325e-02	7.995188e-05	
1.778816e-01	4.840750e-05	
8.234548e-02	7.742826e-07	
2.081065e-01	4.851082e-05	
1.395906e-01	4.165416e-05	
2.547082e-01	1.902495e-05	
1.877430e-01	2.849867e-05	
7.822489e-02	2.297326e-05	
3.701032e-02	1.829577e-05	
4.340644e-02	2.452546e-05	
5.613408e-02	5.004070e-05	
5.069023e-03	5.039532e-05	
1.012424e-01	6.108903e-05	
8.331303e-02	6.938633e-05	
1.826703e-01	7.056358e-05	
1.465897e-01	2.876160e-05	
1.180413e-01	4.763844e-06	
5.473008e-02	2.105243e-05	
1.186081e-01	3.117951e-05	
9.655150e-02	2.192642e-05	
7.451435e-02	2.771383e-05	
1.196422e-01	4.064508e-05	
1.054886e-01	9.087023e-05	
1.561819e-01	5.122873e-05	
1.254212e-01	7.005296e-05	
1.007661e-01	8.524688e-05	
1.123506e-01	1.431552e-04	
1.784358e-01	1.525387e-04	
1.702834e-01	1.358429e-04	
1.385232e-01	1.201185e-04	
1.565726e-01	6.982761e-05	
5.002413e-02	1.533876e-04	
1.762755e-01	9.647333e-05	
6.803100e-02	1.542878e-04	
3.167042e-01	6.391939e-04	
2.664031e-01	3.881923e-04	
5.259810e-02	1.290147e-04	
1.077471e-02	2.635709e-05	
8.810269e-02	3.601813e-05	
8.956499e-02	8.181457e-05	
6.658514e-02	2.420755e-05	
2.277470e-01	2.648371e-05	
1.547769e-02	5.917186e-05	
9.820004e-02	3.394930e-06	
1.384465e-01	6.269140e-06	
5.001598e-02	3.748128e-05	
9.367521e-02	6.322365e-05	
2.564126e-02	2.708644e-07	
1.437160e-01	5.176107e-05	
3.045479e-02	1.700215e-05	
1.096677e-01	1.603530e-05	
1.250715e-01	3.968435e-05	
2.704396e-02	4.042332e-05	
8.791502e-02	2.167897e-05	
1.602143e-01	6.657806e-07	
6.765166e-03	2.876343e-05	
1.377990e-01	2.034244e-05	
1.066681e-01	1.032877e-05	
9.909459e-02	7.639656e-06	
1.970669e-01	2.200198e-05	
1.773978e-01	4.177709e-05	
1.428211e-01	6.010475e-05	
1.145571e-01	7.953793e-05	
1.468373e-01	5.461898e-05	
9.922078e-02	1.387615e-04	
1.630017e-01	1.420954e-04	
1.483123e-01	1.366965e-04	
1.088590e-02	1.130727e-04	
2.969501e-02	1.189023e-04	
8.760291e-02	1.091748e-04	
1.459166e-01	1.044215e-04	
1.495835e-01	1.699321e-04	
2.841429e-01	5.510750e-04	
3.044108e-01	1.554690e-04	
1.014032e-01	4.108790e-05	
1.736297e-01	1.696232e-04	
1.479945e-01	6.825903e-05	
1.791448e-01	2.604191e-05	
3.519413e-02	2.510626e-05	
3.556857e-02	7.325859e-05	
1.476805e-01	2.501643e-05	
1.323562e-01	3.710713e-05	
8.218696e-02	1.633594e-05	
1.051161e-01	4.112736e-05	
1.656686e-02	4.826571e-05	
7.513473e-02	3.702566e-06	
9.812399e-02	2.202957e-05	
3.142094e-02	7.797897e-06	
1.212501e-01	5.252565e-05	
1.348855e-01	6.837453e-05	
2.091878e-01	4.642594e-05	
6.697309e-02	3.803424e-05	
6.725892e-02	1.959360e-05	
1.041707e-01	4.075255e-05	
1.036723e-01	2.896195e-06	
8.954167e-02	5.240877e-05	
1.950811e-01	6.671949e-05	
1.219428e-01	5.840435e-06	
6.528852e-02	5.366792e-05	
9.863297e-02	4.293585e-05	
1.144043e-01	6.223156e-05	
1.001702e-01	2.374663e-05	
4.189351e-02	1.162809e-04	
7.161972e-02	1.086021e-04	
1.280466e-01	1.282498e-04	
2.148391e-01	1.296116e-04	
2.527217e-01	1.385170e-04	
9.309142e-02	2.337261e-04	
1.390131e-01	2.762728e-04	
1.261200e-01	3.385211e-04	
3.468283e-01	2.603330e-04	
1.996852e-01	4.127539e-04	
9.401740e-02	7.265196e-05	
6.198281e-02	1.107202e-04	
1.200946e-01	7.900810e-05	
1.201002e-01	7.026102e-05	
1.185328e-01	1.078475e-05	
8.077376e-02	1.265038e-05	
1.834613e-01	2.300343e-05	
1.089704e-01	3.815640e-05	
5.799003e-02	8.618939e-06	
6.707553e-02	2.076686e-05	
1.367884e-01	3.569872e-05	
1.144057e-01	1.534597e-05	
2.015630e-01	2.985976e-05	
1.553982e-01	5.701479e-05	
2.817516e-02	7.013819e-05	
2.055178e-01	6.675673e-05	
1.946617e-01	1.910968e-05	
1.789208e-01	2.068576e-05	
1.414527e-01	5.852743e-05	
2.575445e-02	9.645354e-06	
1.281263e-02	1.899394e-05	
3.872917e-02	8.871855e-06	
6.628086e-02	6.194427e-06	
5.589170e-02	1.640148e-05	
2.283825e-01	7.054089e-05	
9.899112e-02	7.540163e-05	
5.205944e-02	7.006418e-05	
8.952859e-02	5.603129e-05	
1.322318e-01	1.015456e-04	
1.576209e-01	9.754823e-05	
6.987962e-02	6.531768e-05	
1.338448e-01	9.756731e-05	
2.518484e-02	1.068971e-04	
2.147461e-01	1.789656e-04	
1.913665e-01	1.974340e-04	
1.867361e-01	4.050228e-04	
2.355485e-01	4.784973e-04	
2.589432e-01	3.630743e-04	
1.548839e-01	7.205411e-05	
1.147762e-01	6.361096e-05	
2.397325e-02	1.128798e-04	
1.158814e-01	2.538216e-06	
1.400437e-01	2.127799e-05	
1.260562e-01	5.342500e-05	
2.702148e-01	1.158701e-05	
6.512331e-02	6.045082e-05	
9.449436e-02	5.356535e-05	
7.418978e-02	5.775527e-05	
2.447926e-01	2.487937e-05	
1.154104e-01	2.843054e-05	
1.174929e-01	4.505787e-05	
5.514770e-02	3.564876e-05	
2.559769e-01	3.237812e-05	
6.557817e-02	7.190018e-05	
1.058369e-01	5.881203e-06	
9.555376e-02	5.812574e-05	
1.699851e-01	5.940505e-05	
1.469214e-01	2.782800e-05	
2.016225e-01	2.228135e-05	
9.156831e-02	4.077193e-05	
2.183688e-01	2.066052e-05	
4.394057e-02	5.093570e-05	
8.855964e-02	5.511020e-05	
1.562683e-01	3.491785e-05	
7.973169e-02	3.956487e-05	
1.046672e-01	1.148263e-04	
1.358421e-01	1.082527e-04	
1.932638e-02	1.135283e-04	
1.172067e-01	2.519066e-04	
4.102557e-02	1.811682e-04	
1.112146e-01	7.808943e-05	
6.601275e-02	1.915566e-04	
7.563146e-02	2.923423e-05	
8.464789e-02	1.519499e-04	
3.175003e-01	2.805125e-04	
3.337845e-01	7.658729e-05	
1.532709e-01	8.522848e-06	
1.529843e-01	4.428763e-05	
1.643192e-01	1.474265e-04	
1.172757e-01	8.690241e-05	
9.618139e-02	5.690192e-05	
3.981787e-02	1.921470e-05	
6.986363e-02	4.563213e-05	
1.191704e-01	4.097437e-05	
1.146074e-01	1.280608e-05	
2.152203e-01	9.342892e-06	
1.047745e-01	3.786391e-05	
1.126477e-01	1.345748e-05	
3.977265e-02	9.020179e-05	
1.936733e-02	7.067622e-05	
3.185342e-02	9.425980e-05	
1.072586e-01	7.851490e-05	
1.148654e-01	3.246814e-05	
5.281979e-02	2.789175e-05	
1.234844e-01	4.007524e-05	
5.405550e-02	3.282714e-05	
7.707192e-02	8.756379e-06	
1.038248e-01	2.447215e-05	
1.047942e-01	5.548117e-05	
1.169936e-01	4.754542e-05	
9.090623e-02	6.446964e-05	
6.791641e-02	5.193836e-05	
1.871474e-01	7.782500e-05	
1.256155e-01	3.548851e-05	
2.057655e-01	4.787847e-05	
2.371727e-01	6.390262e-05	
1.631175e-02	2.218617e-04	
4.313950e-02	2.006693e-04	
9.202621e-02	3.133542e-04	
1.566272e-01	2.361831e-04	
9.991046e-02	2.304021e-04	
4.203130e-02	2.088125e-04	
3.638308e-01	1.966103e-04	
3.757083e-01	4.127847e-04	
1.394599e-01	5.636345e-05	
1.060104e-01	8.948616e-05	
1.328096e-01	9.530499e-06	
1.549803e-01	8.855065e-05	
7.666257e-02	9.416148e-05	
1.281384e-01	3.031687e-05	
1.006858e-01	4.189118e-05	
2.211420e-02	5.808329e-05	
2.762016e-01	1.434709e-05	
1.043744e-01	1.392118e-05	
2.958151e-01	3.976873e-05	
1.801796e-01	3.583542e-06	
3.583256e-02	2.765762e-05	
2.216773e-01	1.936756e-05	
1.614651e-01	9.101145e-06	
2.864462e-02	2.635109e-06	
8.498891e-02	1.479280e-05	
9.193255e-02	2.956275e-05	
1.826861e-01	1.420579e-05	
2.187549e-01	9.817535e-06	
8.115372e-02	8.277313e-06	
4.208280e-02	1.972844e-05	
5.002893e-02	1.499653e-06	
2.782137e-01	6.340072e-05	
1.052104e-01	9.864512e-06	
7.327308e-02	5.805168e-05	
2.039516e-01	5.645674e-06	
1.716320e-01	8.022686e-05	
1.488863e-01	1.793118e-05	
1.067704e-01	5.722344e-05	
2.596806e-01	8.001574e-05	
8.141562e-02	1.494101e-04	
8.297182e-02	1.391459e-04	
6.911706e-02	1.670193e-04	
3.392871e-02	1.247407e-04	
2.223732e-01	4.228296e-04	
2.349204e-01	7.003620e-04	
4.463737e-01	3.521479e-04	
9.211664e-02	1.359099e-04	
7.400681e-02	6.289416e-05	
9.783745e-02	5.095195e-06	
8.768775e-02	6.087154e-05	
1.401357e-01	1.220600e-04	
3.919567e-02	9.692905e-05	
1.679364e-01	3.335325e-05	
6.349996e-02	2.996601e-05	
8.045574e-02	2.434724e-05	
2.165067e-01	3.195958e-05	
2.174476e-01	5.296214e-05	
6.216043e-02	6.820657e-05	
2.521621e-02	2.278503e-05	
2.085466e-02	2.436086e-05	
1.016484e-01	1.626032e-05	
1.094544e-01	8.213131e-06	
2.017863e-02	9.759885e-06	
1.293405e-01	7.267338e-06	
1.534636e-01	2.535843e-06	
1.396114e-01	1.272817e-05	
1.014786e-01	4.725676e-05	
1.580815e-01	5.274677e-05	
1.019103e-01	3.734264e-05	
2.609020e-01	5.303145e-05	
1.081518e-01	4.282390e-06	
6.763653e-02	1.992930e-05	
3.497156e-02	2.871870e-05	
1.341769e-01	7.445303e-05	
1.062169e-01	9.200785e-05	
1.496974e-01	7.656026e-05	
3.059485e-01	1.665631e-04	
1.890585e-01	2.628612e-05	
5.431134e-02	1.759487e-04	
2.136586e-01	1.594885e-04	
2.135119e-01	7.688121e-05	
1.521418e-01	1.862452e-04	
3.753924e-01	6.424007e-04	
3.724786e-01	3.799198e-04	
1.063266e-01	2.418598e-04	
1.032228e-01	1.676982e-04	
1.318127e-01	1.014014e-04	
2.929100e-01	1.012828e-04	
3.576092e-02	8.935232e-05	
1.302289e-01	1.007327e-04	
6.810136e-02	7.599147e-05	
1.308175e-01	6.477785e-05	
1.616501e-01	5.977094e-05	
8.836346e-02	7.727271e-05	
1.360110e-01	2.837652e-05	
8.671773e-02	7.585403e-06	
1.190623e-01	3.460318e-06	
1.797749e-01	1.921758e-05	
7.227375e-02	3.696171e-06	
1.066539e-01	7.084805e-06	
5.230343e-02	6.445722e-06	
1.548901e-01	1.403433e-05	
2.530164e-02	5.933823e-06	
1.036579e-01	1.529120e-05	
1.582881e-01	4.612251e-05	
2.052750e-01	4.345016e-06	
2.437477e-01	2.968846e-05	
1.230557e-01	3.537056e-05	
1.035027e-01	5.483106e-05	
1.468231e-01	1.918945e-05	
5.716631e-02	7.046004e-05	
1.134674e-01	9.958707e-05	
2.312262e-01	9.066080e-05	
2.232470e-01	4.540555e-05	
1.728058e-01	1.049553e-04	
8.041823e-02	2.714340e-06	
8.678963e-02	1.693407e-04	
9.939207e-02	1.490639e-04	
1.218125e-01	6.699568e-05	
1.753348e-01	1.834692e-04	
3.625035e-01	4.842511e-04	
3.195550e-01	1.420705e-04	
8.790588e-02	1.568492e-04	
8.757073e-02	2.637004e-04	
2.258199e-01	2.896526e-04	
8.981277e-02	8.484714e-05	
4.365813e-02	1.020136e-04	
8.305380e-02	8.667002e-06	
2.211095e-01	1.416631e-04	
1.186525e-01	9.745572e-05	
1.209937e-01	1.044414e-04	
1.149177e-01	1.019580e-04	
1.681759e-01	1.241760e-06	
4.132639e-02	1.636796e-05	
4.108197e-02	4.916708e-06	
2.165644e-01	5.508776e-05	
1.018732e-01	6.610982e-06	
1.931111e-01	5.031708e-05	
8.575411e-02	9.256679e-06	
5.843008e-02	3.743777e-05	
1.275509e-01	4.897571e-05	
8.563782e-02	2.500035e-05	
1.148322e-01	5.359950e-05	
1.143822e-01	5.872507e-05	
6.619492e-02	6.317411e-05	
1.901233e-01	2.319525e-05	
1.081972e-01	1.341463e-05	
1.473561e-02	2.445112e-05	
7.762121e-02	5.765232e-05	
7.328202e-02	5.350542e-05	
4.645979e-02	4.000404e-05	
1.110816e-01	4.112507e-05	
1.802890e-01	2.155382e-06	
6.409242e-02	1.941405e-05	
4.265645e-02	1.067617e-04	
1.766557e-01	7.644375e-05	
2.111335e-01	1.289025e-05	
1.410092e-01	1.262044e-04	
2.980688e-01	5.738258e-04	
2.538355e-01	3.026968e-05	
7.722001e-02	3.781105e-04	
4.347787e-02	1.910910e-04	
9.029473e-02	1.118791e-04	
6.846867e-02	1.393127e-04	
1.758911e-01	1.565462e-04	
1.319019e-01	1.117087e-04	
9.509507e-02	1.162556e-04	
7.309612e-02	1.068332e-04	
1.318212e-01	9.051567e-05	
5.542836e-02	6.645506e-05	
1.100069e-01	4.151152e-05	
1.017615e-01	2.346745e-05	
1.688128e-01	1.557841e-05	
1.069400e-01	3.311275e-05	
1.195874e-01	5.221408e-05	
1.249228e-01	1.881585e-05	
1.272075e-01	1.688404e-05	
1.296316e-01	1.634619e-05	
1.369782e-01	3.510550e-05	
7.847841e-02	5.216523e-05	
5.164352e-02	3.636947e-05	
1.686145e-01	5.118960e-05	
1.623045e-01	3.113924e-05	
1.660562e-01	3.843614e-05	
1.628802e-01	7.498550e-05	
5.406792e-02	9.392488e-05	
7.547678e-02	1.179079e-04	
5.822195e-02	4.998533e-05	
5.835818e-02	1.016125e-04	
1.033030e-01	1.101805e-04	
2.439306e-01	1.124602e-04	
1.419385e-01	1.106140e-04	
5.366742e-02	1.698771e-04	
4.453077e-02	8.742940e-05	
1.188603e-01	3.189440e-05	
1.112983e-01	8.567113e-05	
2.443549e-01	2.045777e-04	
2.696271e-01	1.528237e-04	
7.309897e-02	2.478644e-04	
1.999147e-01	4.521682e-05	
1.562709e-01	6.822415e-05	
6.165348e-02	1.642601e-05	
6.531770e-02	1.087812e-04	
1.675861e-01	9.655163e-05	
1.569956e-01	4.008323e-06	
8.571826e-02	6.726914e-05	
3.549157e-02	9.791682e-05	
2.992506e-01	2.055469e-05	
1.812498e-02	2.717589e-05	
2.191516e-01	6.144618e-05	
7.281090e-02	2.082429e-05	
6.854721e-02	1.237492e-05	
1.579906e-01	6.834935e-05	
1.458527e-01	4.718842e-05	
1.510119e-01	3.059019e-05	
1.682253e-01	4.787191e-05	
1.856871e-02	3.680811e-05	
1.066720e-01	2.920533e-05	
1.702057e-01	2.678806e-05	
1.622411e-01	3.125831e-06	
3.477295e-02	1.406839e-05	
1.425499e-01	2.297760e-05	
3.178814e-02	5.684463e-05	
4.653456e-02	1.122378e-04	
1.746436e-01	4.917990e-05	
1.574060e-01	7.628574e-05	
2.438862e-01	7.268900e-05	
1.716673e-01	1.485739e-04	
1.367802e-01	1.338218e-04	
9.554198e-03	8.891483e-05	
2.610340e-01	1.779576e-04	
9.037561e-02	1.391620e-04	
5.242987e-02	1.838454e-04	
1.595313e-01	9.871303e-05	
2.072129e-01	1.223674e-04	
1.517839e-01	1.708176e-04	
2.114538e-01	1.169844e-04	
1.770626e-01	8.943542e-05	
5.179345e-02	1.602585e-04	
1.282996e-01	1.477502e-04	
6.564028e-02	9.893955e-05	
3.937193e-02	6.324928e-05	
2.368954e-01	1.956563e-05	
1.500538e-01	1.161259e-05	
1.194848e-01	7.041451e-05	
7.636887e-02	4.736525e-05	
5.538398e-02	4.748383e-05	
1.077038e-01	1.873177e-05	
2.150331e-01	3.368095e-05	
1.501838e-01	3.258177e-05	
8.185074e-02	3.674926e-05	
6.353192e-02	1.223674e-05	
4.276728e-02	2.674906e-05	
7.429141e-02	4.941361e-06	
1.271802e-01	3.189219e-05	
3.244081e-02	5.837673e-05	
2.260200e-02	3.041023e-05	
1.418176e-01	1.573295e-05	
1.039731e-01	8.186869e-06	
9.507440e-02	3.351824e-05	
7.244079e-02	5.819997e-05	
4.193571e-02	4.181775e-05	
1.458480e-01	5.903263e-05	
4.721882e-02	4.249835e-05	
1.322525e-01	6.807551e-05	
1.142913e-01	9.730181e-05	
9.253072e-02	1.073260e-04	
2.599066e-02	1.326781e-04	
7.505539e-02	1.811155e-04	
1.624202e-01	7.277459e-05	
1.793136e-01	1.667893e-04	
2.118304e-01	2.515807e-04	
2.011483e-01	3.405821e-04	
3.073422e-01	5.738498e-05	
6.200749e-02	3.799739e-04	
7.323883e-02	3.461919e-04	
1.116342e-01	1.544765e-04	
8.914986e-02	1.047963e-04	
1.470704e-01	4.036080e-05	
9.578705e-02	4.132270e-05	
1.473239e-01	5.405718e-06	
1.385538e-01	4.558191e-05	
1.147778e-01	6.656755e-05	
2.061738e-01	4.574095e-05	
1.272234e-01	5.595355e-05	
3.504391e-02	4.535396e-05	
1.636562e-01	6.069745e-05	
7.140954e-02	1.406231e-05	
6.984617e-02	6.790130e-06	
3.974828e-02	2.547510e-06	
1.863160e-01	2.653378e-05	
8.163415e-02	4.687768e-06	
9.065972e-02	2.286673e-05	
1.370012e-01	4.044029e-05	
1.906866e-01	1.376947e-05	
2.232524e-01	1.240634e-05	
1.872567e-01	9.793111e-07	
9.090215e-02	1.836489e-05	
8.541903e-02	2.450486e-06	
1.124667e-01	3.958487e-05	
2.049603e-01	4.733865e-05	
5.747830e-02	1.024219e-04	
2.451736e-01	7.970769e-05	
3.276528e-01	1.118319e-04	
1.697592e-01	8.367358e-05	
4.468759e-02	1.114639e-04	
4.138443e-02	1.174216e-04	
9.092457e-02	8.389706e-05	
6.789652e-03	4.341045e-05	
1.323868e-01	2.807595e-05	
2.001131e-01	1.873617e-04	
2.735812e-01	2.410424e-04	
1.319831e-01	2.007131e-04	
8.515818e-02	5.857924e-05	
8.806160e-02	6.947677e-05	
1.812841e-01	4.616823e-05	
4.869064e-02	5.472928e-05	
1.833739e-01	5.163464e-05	
1.191893e-01	5.239353e-05	
8.696389e-02	5.275651e-05	
1.438739e-01	5.432547e-05	
1.512384e-01	3.705065e-05	
1.212272e-01	1.654821e-05	
1.138968e-01	2.275653e-05	
1.726896e-01	5.556730e-05	
2.402001e-02	3.111035e-06	
2.623753e-01	3.684957e-05	
1.946058e-01	3.885367e-05	
8.439038e-02	4.970100e-05	
2.203191e-01	2.764049e-05	
4.030130e-02	1.088946e-05	
1.949461e-01	1.176568e-05	
4.221755e-02	2.256538e-05	
3.386774e-02	2.574841e-05	
8.945219e-02	1.256186e-05	
1.312658e-01	8.763265e-06	
4.273263e-02	8.929425e-06	
1.193745e-01	3.735734e-05	
8.719964e-02	1.348999e-05	
1.343459e-02	3.240352e-05	
1.511223e-01	8.224059e-05	
1.184006e-01	1.252648e-04	
1.145339e-01	9.470795e-05	
1.304029e-01	1.769851e-04	
4.542306e-02	1.259361e-04	
3.020166e-01	1.154414e-04	
1.825739e-01	3.363044e-05	
1.581700e-01	3.195876e-04	
2.544331e-01	2.375762e-04	
3.006515e-01	1.925577e-04	
3.455072e-01	1.297877e-04	
3.144311e-01	4.716476e-05	
2.324331e-01	3.896782e-05	
3.518501e-01	5.109793e-05	
2.550484e-01	6.730609e-05	
2.833944e-01	4.901871e-05	
2.693296e-01	3.458332e-05	
2.940775e-01	1.144943e-05	
1.483767e-01	6.024159e-05	
3.852766e-01	1.646627e-05	
2.301006e-01	1.672658e-05	
2.885259e-01	1.825550e-05	
2.714594e-01	4.526788e-05	
1.850658e-01	2.574040e-05	
2.884209e-01	2.049311e-05	
2.053071e-01	4.203683e-05	
2.793761e-01	5.456646e-05	
3.287815e-01	2.132549e-05	
2.439293e-01	4.393605e-05	
3.256456e-01	4.551066e-05	
3.729380e-01	4.618067e-05	
3.840671e-01	7.346433e-05	
4.253701e-01	7.177528e-05	
3.780549e-01	5.890953e-05	
3.008201e-01	4.302513e-05	
3.167167e-01	6.938594e-05	
2.911046e-01	7.030323e-05	
3.770192e-01	5.866860e-05	
3.248862e-01	7.192066e-05	
3.853497e-01	5.231417e-05	
3.560834e-01	8.865614e-05	
3.700539e-01	4.172696e-05	
2.964690e-01	5.871917e-06	
1.981301e-01	1.140483e-07	
2.620068e-01	5.088580e-05	
2.722187e-01	3.211950e-04	
4.499213e-01	6.632314e-06	
