1.312662e-02	2.072307e-05	
2.055354e-02	1.455601e-05	
1.465408e-02	3.006423e-05	
2.231734e-02	8.367144e-05	
2.141460e-02	2.475010e-05	
1.935883e-02	9.792498e-05	
1.458131e-02	2.209480e-04	
1.686525e-02	2.881309e-05	
1.618596e-02	1.222920e-04	
1.850374e-02	2.014158e-05	
1.280988e-02	8.031464e-05	
2.371589e-02	7.179088e-05	
1.586574e-02	1.613749e-04	
1.259287e-02	3.022159e-06	
1.878352e-02	1.738091e-04	
2.097083e-02	7.674107e-05	
1.238588e-02	1.676901e-04	
1.782884e-02	1.716318e-04	
1.506902e-02	2.339549e-04	
1.238021e-02	7.812143e-05	
1.760834e-02	3.000053e-05	
1.673241e-02	6.055750e-05	
1.703955e-02	3.548445e-05	
1.987574e-02	7.733174e-05	
1.781215e-02	1.458938e-06	
2.383034e-02	1.145010e-04	
1.829931e-02	8.498652e-06	
1.262000e-02	8.511926e-05	
1.613075e-02	1.154396e-05	
2.506082e-02	4.870228e-05	
2.117766e-02	2.167101e-05	
1.580625e-02	1.413695e-05	
2.151812e-02	6.756884e-05	
1.736347e-02	5.017863e-05	
1.841910e-02	2.733853e-05	
1.656914e-02	2.520855e-05	
1.801652e-02	3.561218e-05	
1.841347e-02	2.004145e-05	
1.968082e-02	2.773813e-06	
2.134099e-02	1.953942e-05	
1.647439e-02	5.307968e-05	
2.047109e-02	2.718638e-05	
1.439611e-02	5.564093e-05	
1.713024e-02	1.601437e-04	
1.955251e-02	2.258336e-04	
2.238701e-02	1.261257e-04	
2.328757e-02	1.297778e-04	
1.815917e-02	2.243915e-05	
2.001829e-02	8.408736e-06	
2.211642e-02	7.706266e-05	
1.479947e-02	1.621632e-04	
2.120191e-02	7.130530e-05	
2.804727e-02	9.511561e-05	
2.181721e-02	6.671001e-05	
2.093675e-02	1.300871e-04	
1.517920e-02	1.790570e-04	
1.827516e-02	1.158865e-04	
1.410265e-02	1.551156e-04	
2.079876e-02	7.432168e-05	
2.509435e-02	5.700115e-05	
1.734064e-02	2.548132e-04	
1.505596e-02	3.602664e-05	
1.448562e-02	1.200885e-04	
1.297126e-02	1.467792e-04	
1.783638e-02	1.245588e-04	
2.097291e-02	2.518874e-05	
1.642999e-02	1.996512e-05	
1.790063e-02	4.046445e-05	
1.688597e-02	3.688417e-05	
1.830293e-02	2.138587e-05	
2.241542e-02	8.662167e-05	
1.140616e-02	7.770972e-05	
1.267382e-02	8.768196e-05	
1.724965e-02	5.110313e-05	
2.103031e-02	4.259400e-05	
1.245314e-02	2.938802e-05	
1.978023e-02	1.329195e-04	
1.764890e-02	9.725220e-05	
2.818140e-02	1.192650e-04	
1.521579e-02	1.178476e-04	
1.552217e-02	6.962496e-05	
1.207448e-02	7.969873e-05	
2.378151e-02	4.118104e-05	
2.583665e-02	7.730567e-05	
1.988576e-02	9.033339e-06	
1.238582e-02	1.084859e-05	
1.872302e-02	1.168025e-04	
2.621950e-02	1.344252e-04	
1.661417e-02	1.045144e-05	
2.180528e-02	4.647993e-05	
1.918565e-02	1.051466e-04	
2.072852e-02	4.661752e-05	
1.363180e-02	2.421129e-05	
1.916526e-02	1.072067e-04	
1.985972e-02	7.954364e-05	
1.918049e-02	8.810287e-05	
1.967682e-02	8.663183e-05	
2.352491e-02	1.128089e-04	
1.478212e-02	6.053870e-05	
1.848468e-02	1.346108e-04	
2.193881e-02	9.633060e-05	
1.673362e-02	9.823492e-05	
1.562577e-02	1.335160e-04	
1.928966e-02	8.834809e-05	
1.598967e-02	1.172005e-05	
1.262010e-02	9.850574e-05	
1.910101e-02	1.711171e-04	
1.399766e-02	9.546330e-05	
2.167808e-02	9.157821e-05	
2.266599e-02	1.717089e-04	
1.729075e-02	1.468860e-04	
1.755989e-02	1.553470e-04	
1.935909e-02	2.719451e-05	
1.620359e-02	2.696279e-06	
1.428122e-02	8.350292e-05	
1.947866e-02	1.338656e-04	
1.440930e-02	1.139099e-04	
2.458168e-02	1.488507e-04	
1.553567e-02	1.240753e-04	
1.597276e-02	6.152367e-05	
1.916476e-02	9.037246e-05	
1.647661e-02	5.456577e-05	
1.114324e-02	6.173652e-05	
1.933459e-02	1.332878e-05	
1.828547e-02	6.069982e-05	
1.377561e-02	6.175890e-05	
2.327441e-02	1.100256e-04	
1.185656e-02	7.437647e-05	
1.693466e-02	2.393119e-05	
1.849608e-02	1.905507e-05	
1.491091e-02	4.700439e-05	
2.391412e-02	7.910885e-05	
1.887157e-02	5.169994e-05	
1.898571e-02	3.641562e-05	
2.248690e-02	1.274651e-04	
1.921980e-02	7.914582e-05	
2.097142e-02	9.688994e-05	
1.470181e-02	1.091728e-04	
2.121162e-02	5.813418e-05	
1.944467e-02	7.306219e-05	
1.843916e-02	1.379444e-04	
1.086061e-02	6.341802e-05	
1.968598e-02	5.280144e-05	
2.021091e-02	2.044380e-05	
1.591987e-02	1.835053e-04	
1.726314e-02	2.306204e-04	
2.263851e-02	2.019645e-04	
1.882299e-02	1.957626e-04	
1.616286e-02	2.093741e-04	
1.652891e-02	1.160792e-04	
2.031428e-02	2.754653e-05	
1.859521e-02	1.019555e-05	
1.638159e-02	7.669552e-05	
2.240014e-02	2.146208e-04	
1.679309e-02	2.280580e-04	
1.827402e-02	1.057156e-04	
2.145128e-02	1.104309e-04	
1.779044e-02	1.196323e-04	
2.250140e-02	1.519910e-04	
1.410904e-02	1.353812e-04	
1.872910e-02	1.082232e-04	
2.222634e-02	1.395073e-04	
2.038675e-02	5.489046e-05	
2.007426e-02	1.490795e-05	
1.236375e-02	8.319301e-05	
1.319037e-02	4.002631e-05	
1.648797e-02	2.491334e-06	
2.325061e-02	2.155848e-06	
1.402754e-02	2.959183e-06	
2.110867e-02	2.980913e-05	
9.472932e-03	4.052306e-05	
1.904066e-02	9.105301e-05	
1.866134e-02	9.171253e-05	
2.149960e-02	1.149255e-04	
2.080335e-02	3.834877e-05	
2.136557e-02	1.375494e-04	
1.238796e-02	1.023882e-04	
2.213611e-02	1.475974e-04	
2.231970e-02	6.602819e-05	
2.542363e-02	1.117031e-04	
1.833189e-02	4.087998e-05	
1.448672e-02	2.433170e-05	
2.437206e-02	1.534024e-04	
2.804792e-02	1.491216e-04	
1.498706e-02	2.430822e-04	
2.000835e-02	2.559019e-04	
1.636234e-02	4.261574e-05	
1.663139e-02	1.816740e-04	
1.849140e-02	1.662691e-04	
1.828426e-02	1.834232e-04	
1.984388e-02	8.379041e-05	
1.956774e-02	1.949819e-04	
2.211137e-02	3.311377e-04	
1.517184e-02	9.203013e-05	
1.554152e-02	9.394440e-05	
2.214236e-02	1.301488e-04	
2.384054e-02	9.403498e-05	
1.304078e-02	1.332002e-04	
2.041719e-02	5.193181e-05	
1.739784e-02	4.398374e-05	
2.016886e-02	1.374654e-05	
1.752238e-02	3.840299e-05	
1.990761e-02	2.813388e-05	
1.390827e-02	4.276366e-05	
1.993768e-02	3.134603e-05	
2.324624e-02	6.630513e-05	
2.201271e-02	1.088945e-04	
2.307718e-02	9.126763e-05	
1.580236e-02	8.510220e-05	
2.305462e-02	1.133018e-04	
1.613660e-02	1.113165e-04	
2.323397e-02	1.180568e-04	
1.667667e-02	1.255766e-04	
1.921742e-02	7.902971e-05	
1.832546e-02	2.131870e-04	
2.010501e-02	1.445979e-04	
1.919572e-02	6.177091e-05	
1.839275e-02	7.269077e-05	
1.413584e-02	1.012261e-04	
2.112535e-02	1.461278e-04	
1.399938e-02	1.854694e-04	
1.824003e-02	1.887628e-04	
1.974758e-02	1.304262e-04	
8.884438e-03	4.008683e-05	
1.524412e-02	2.167172e-05	
1.522848e-02	2.133120e-04	
1.502177e-02	1.430729e-04	
2.298120e-02	5.883494e-05	
1.528219e-02	2.526627e-04	
1.513903e-02	2.732245e-04	
2.027960e-02	3.330841e-04	
1.535581e-02	9.247292e-05	
2.111082e-02	1.023649e-04	
2.077721e-02	1.180082e-04	
1.442672e-02	7.545545e-05	
1.806618e-02	1.260982e-04	
2.438885e-02	5.114237e-05	
2.215928e-02	1.268184e-04	
1.593219e-02	1.705778e-04	
2.245243e-02	1.318761e-04	
1.869203e-02	1.046535e-04	
2.501344e-02	5.429426e-06	
2.268979e-02	1.256652e-04	
1.383243e-02	1.428215e-04	
1.846980e-02	4.923111e-05	
2.053113e-02	1.352339e-05	
1.446207e-02	5.073669e-05	
2.063529e-02	1.213924e-04	
1.809472e-02	4.128797e-05	
1.913192e-02	8.961621e-05	
2.598647e-02	9.807021e-05	
1.870778e-02	9.728047e-05	
1.733719e-02	1.065657e-04	
1.775085e-02	2.238760e-04	
1.872945e-02	1.016140e-04	
2.119253e-02	8.967988e-05	
2.010123e-02	1.557558e-04	
1.417285e-02	1.798750e-04	
1.584063e-02	1.852013e-04	
2.061753e-02	1.831738e-04	
1.386984e-02	1.433756e-04	
2.587522e-02	2.422533e-04	
1.874679e-02	3.701399e-05	
2.464509e-02	1.689245e-04	
1.773175e-02	1.381106e-04	
1.377332e-02	7.789070e-05	
1.326156e-02	1.678284e-04	
1.667355e-02	3.882700e-04	
1.664046e-02	3.733351e-04	
1.389714e-02	2.054263e-04	
1.585925e-02	2.035657e-04	
1.594312e-02	1.877442e-04	
1.866601e-02	1.345861e-04	
1.839701e-02	2.382986e-04	
2.068065e-02	1.833683e-04	
1.646493e-02	1.720494e-04	
1.743169e-02	1.202774e-04	
2.526807e-02	1.193725e-04	
1.908032e-02	1.711230e-05	
2.694402e-02	1.219708e-06	
1.555986e-02	9.993319e-06	
1.905357e-02	6.701994e-05	
1.717423e-02	7.572904e-05	
2.002964e-02	1.535977e-04	
1.683837e-02	1.300194e-04	
1.883051e-02	1.383176e-04	
1.433561e-02	9.175404e-05	
1.544864e-02	6.868827e-05	
1.888808e-02	1.091879e-04	
6.589323e-03	8.043872e-05	
1.987212e-02	9.768913e-05	
1.954976e-02	1.463935e-04	
1.959550e-02	1.468186e-04	
2.184668e-02	1.513768e-04	
1.586767e-02	1.568075e-04	
1.728802e-02	1.498427e-04	
1.578840e-02	1.438971e-04	
2.035752e-02	1.474411e-04	
2.258251e-02	1.336591e-04	
1.856906e-02	2.553831e-04	
1.447914e-02	1.588836e-04	
1.776797e-02	2.198448e-04	
1.907006e-02	1.854463e-04	
1.920567e-02	8.801461e-05	
1.715675e-02	2.362890e-04	
1.881761e-02	1.719945e-04	
1.782201e-02	3.146437e-04	
1.698802e-02	2.040242e-04	
1.573852e-02	2.218827e-04	
1.802433e-02	3.179321e-04	
2.064543e-02	2.760218e-04	
2.080481e-02	1.714070e-04	
1.037103e-02	1.946952e-04	
1.799443e-02	1.103290e-04	
1.250644e-02	8.648231e-05	
2.453980e-02	1.464441e-04	
1.233587e-02	9.820794e-05	
1.940746e-02	9.005722e-05	
1.737574e-02	1.613229e-04	
1.860653e-02	1.571819e-04	
1.808906e-02	1.873803e-04	
2.079160e-02	9.987235e-05	
1.582772e-02	1.147382e-04	
2.134284e-02	1.232980e-04	
2.254197e-02	1.362844e-04	
1.527203e-02	7.551905e-05	
1.852725e-02	7.448430e-05	
1.848704e-02	9.291097e-05	
1.400928e-02	7.921441e-05	
1.213784e-02	1.380485e-04	
1.938936e-02	1.831195e-04	
1.767227e-02	1.824452e-04	
1.633100e-02	1.707078e-04	
2.155062e-02	1.496368e-04	
1.944427e-02	1.884872e-04	
2.058127e-02	2.364576e-04	
1.427667e-02	1.249866e-04	
1.754821e-02	2.167833e-04	
1.681301e-02	1.380215e-04	
1.584526e-02	1.566569e-04	
1.545711e-02	1.029832e-04	
2.009360e-02	2.137019e-04	
2.394985e-02	2.352344e-04	
1.868783e-02	2.479124e-04	
2.388785e-02	2.596673e-04	
1.734906e-02	2.475102e-04	
2.061113e-02	2.678036e-04	
1.059146e-02	2.519059e-04	
1.518764e-02	2.997038e-04	
1.964487e-02	1.594403e-04	
1.781824e-02	1.662150e-04	
1.400664e-02	1.968667e-04	
1.968069e-02	2.008295e-04	
1.679476e-02	1.686132e-04	
1.502592e-02	1.399519e-04	
1.443811e-02	1.697327e-04	
1.194882e-02	1.253140e-04	
2.183695e-02	1.076437e-04	
1.846366e-02	1.467384e-04	
1.447021e-02	9.745969e-05	
2.276826e-02	1.078504e-04	
1.807879e-02	1.141710e-04	
2.285996e-02	1.169121e-04	
1.293659e-02	7.084585e-05	
1.254940e-02	1.077910e-04	
1.630848e-02	1.224090e-04	
2.097368e-02	1.694862e-04	
1.619854e-02	1.428106e-04	
9.137102e-03	1.928601e-04	
2.056430e-02	1.255846e-04	
1.859180e-02	1.548458e-04	
2.458404e-02	1.581265e-04	
1.812815e-02	1.809287e-04	
1.936847e-02	1.634492e-04	
1.481780e-02	1.539841e-04	
1.579036e-02	2.389960e-04	
2.195645e-02	1.596551e-04	
1.279739e-02	2.446660e-04	
1.202215e-02	2.499966e-04	
1.848579e-02	2.491729e-04	
1.395795e-02	2.149579e-04	
2.100033e-02	2.551350e-04	
1.689547e-02	2.717770e-04	
1.935305e-02	2.113761e-04	
1.411272e-02	2.663287e-04	
1.637648e-02	2.695911e-04	
2.195024e-02	2.132368e-04	
2.145054e-02	1.897284e-04	
1.636204e-02	1.829277e-04	
1.511194e-02	1.608185e-04	
1.817493e-02	1.433762e-04	
1.716509e-02	1.555502e-04	
1.667514e-02	1.223991e-04	
1.692631e-02	8.664781e-05	
1.666841e-02	1.219417e-04	
2.267555e-02	8.404840e-05	
2.132015e-02	7.554791e-05	
1.793817e-02	9.494922e-05	
1.711294e-02	8.407614e-05	
1.865606e-02	1.301814e-04	
2.320843e-02	1.323241e-04	
1.280066e-02	1.050106e-04	
1.692551e-02	1.126994e-04	
1.544306e-02	1.463631e-04	
1.828623e-02	1.995906e-04	
1.972240e-02	1.941701e-04	
1.551192e-02	2.435643e-04	
1.819955e-02	1.482369e-04	
2.163384e-02	1.587218e-04	
1.642147e-02	2.300156e-04	
2.046020e-02	1.997996e-04	
1.614542e-02	1.950476e-04	
2.179378e-02	1.584880e-04	
1.491042e-02	1.657312e-04	
2.092660e-02	2.495913e-04	
1.038004e-02	2.713037e-04	
2.074771e-02	2.016469e-04	
1.883303e-02	1.438502e-04	
1.832140e-02	3.571692e-04	
1.800178e-02	3.404614e-04	
1.546602e-02	3.173321e-04	
1.511604e-02	2.383390e-04	
1.442304e-02	2.926546e-04	
1.586086e-02	2.945881e-04	
1.661486e-02	2.395058e-04	
1.507417e-02	1.994508e-04	
1.920157e-02	1.885467e-04	
1.783778e-02	6.328269e-05	
1.508434e-02	1.413221e-04	
1.751489e-02	1.776942e-04	
1.434274e-02	1.718703e-04	
1.187420e-02	2.105806e-04	
2.278265e-02	1.740362e-04	
1.406605e-02	1.779044e-04	
1.998404e-02	1.771759e-04	
2.277521e-02	1.058761e-04	
2.016601e-02	8.719099e-05	
1.196542e-02	1.390916e-04	
1.675744e-02	8.436040e-05	
1.561678e-02	1.140669e-04	
1.705364e-02	1.014743e-04	
2.572391e-02	1.366708e-04	
1.780390e-02	1.507871e-04	
2.037125e-02	1.852478e-04	
2.337496e-02	1.346504e-04	
1.742470e-02	1.576069e-04	
1.135588e-02	1.754419e-04	
1.857588e-02	1.724011e-04	
1.984457e-02	1.793933e-04	
2.153175e-02	2.111525e-04	
1.746179e-02	2.051374e-04	
1.509047e-02	2.200822e-04	
1.951843e-02	2.744670e-04	
1.765919e-02	2.582222e-04	
1.683401e-02	2.277765e-04	
2.176746e-02	2.624930e-04	
1.934139e-02	3.883854e-04	
1.838054e-02	5.504084e-04	
2.429123e-02	2.061766e-04	
1.393511e-02	2.365013e-04	
1.925624e-02	2.546290e-04	
2.090012e-02	3.029526e-04	
2.187728e-02	2.032142e-04	
1.809030e-02	2.081504e-04	
1.990385e-02	2.915098e-04	
1.805584e-02	2.194148e-04	
1.934969e-02	2.262459e-04	
2.040790e-02	1.189127e-04	
1.961528e-02	1.939527e-04	
1.908802e-02	2.372651e-04	
1.848041e-02	1.556422e-04	
1.783321e-02	1.362494e-04	
2.248052e-02	1.467697e-04	
1.997417e-02	1.512863e-04	
2.234818e-02	1.470245e-04	
2.018860e-02	9.224513e-05	
1.630143e-02	8.388180e-05	
1.287342e-02	1.143139e-04	
2.176033e-02	1.247854e-04	
1.757633e-02	1.559607e-04	
2.058501e-02	1.768063e-04	
1.553209e-02	1.566526e-04	
2.190596e-02	1.467580e-04	
1.911642e-02	1.240187e-04	
2.120970e-02	1.397664e-04	
2.042748e-02	1.557928e-04	
1.806192e-02	1.807190e-04	
1.908206e-02	1.617147e-04	
2.086617e-02	2.315833e-04	
2.417919e-02	2.305460e-04	
2.069797e-02	3.433331e-04	
1.626322e-02	2.020949e-04	
1.719057e-02	2.624725e-04	
2.109190e-02	1.909665e-04	
1.643381e-02	1.763519e-04	
1.849185e-02	4.629362e-04	
1.649239e-02	1.824363e-04	
1.798302e-02	2.725000e-04	
1.947464e-02	2.850629e-04	
1.844828e-02	2.376358e-04	
1.052081e-02	2.592694e-04	
2.222025e-02	2.600620e-04	
1.840840e-02	2.391452e-04	
1.985340e-02	2.167636e-04	
1.783395e-02	1.389436e-04	
1.846323e-02	1.484189e-04	
1.891120e-02	1.415512e-04	
1.977648e-02	1.757429e-04	
1.501868e-02	1.408199e-04	
2.083412e-02	1.168234e-04	
1.843005e-02	1.163346e-04	
1.915160e-02	9.423848e-05	
1.478629e-02	1.011599e-04	
1.900878e-02	8.858820e-05	
2.183024e-02	1.069208e-04	
1.586570e-02	1.075972e-04	
1.317446e-02	1.581325e-04	
1.353841e-02	1.590266e-04	
2.085023e-02	1.626429e-04	
1.797111e-02	1.082863e-04	
2.140419e-02	1.740033e-04	
2.105289e-02	1.534397e-04	
2.053527e-02	1.404106e-04	
1.778028e-02	2.274745e-04	
1.743900e-02	2.538734e-04	
2.329930e-02	1.862582e-04	
2.070740e-02	2.063518e-04	
1.766491e-02	2.194660e-04	
1.897468e-02	2.620631e-04	
2.023129e-02	3.092094e-04	
1.669753e-02	2.922138e-04	
1.882482e-02	2.197640e-04	
1.894139e-02	3.298121e-04	
1.300851e-02	5.176741e-04	
2.167044e-02	2.196392e-04	
1.865626e-02	2.477726e-04	
2.154942e-02	3.340467e-04	
2.071499e-02	2.201393e-04	
1.660594e-02	2.760073e-04	
1.816254e-02	2.151612e-04	
1.920914e-02	2.182236e-04	
2.157990e-02	2.055753e-04	
1.515170e-02	1.416497e-04	
2.104007e-02	1.291072e-04	
1.992420e-02	1.501562e-04	
1.872019e-02	1.166723e-04	
1.930951e-02	1.560075e-04	
1.673335e-02	1.650204e-04	
1.455938e-02	1.144635e-04	
2.242017e-02	1.217728e-04	
1.973107e-02	1.041164e-04	
2.390517e-02	7.819633e-05	
1.483812e-02	9.033310e-05	
1.668291e-02	1.121784e-04	
1.902278e-02	1.456455e-04	
1.880831e-02	1.648540e-04	
1.745418e-02	1.204963e-04	
1.770208e-02	1.526182e-04	
2.618220e-02	1.717920e-04	
2.141958e-02	1.517068e-04	
2.600535e-02	1.592082e-04	
1.624273e-02	1.902383e-04	
1.356191e-02	2.701143e-04	
2.511801e-02	1.319088e-04	
1.608859e-02	2.546815e-04	
2.121410e-02	2.510508e-04	
1.435988e-02	2.840409e-04	
1.961377e-02	3.084074e-04	
2.035432e-02	3.290588e-04	
1.839791e-02	4.833956e-04	
1.508832e-02	3.376896e-04	
1.956085e-02	3.568666e-04	
1.926460e-02	2.297727e-04	
2.365662e-02	2.045186e-04	
1.742774e-02	2.195416e-04	
1.106361e-02	1.823996e-04	
2.150470e-02	2.819090e-04	
1.883202e-02	2.774541e-04	
2.562191e-02	2.717136e-04	
2.330912e-02	2.201379e-04	
1.510653e-02	1.979401e-04	
1.433856e-02	2.107558e-04	
1.694035e-02	1.811202e-04	
2.082804e-02	9.538096e-05	
2.059233e-02	1.526687e-04	
1.410330e-02	9.261862e-05	
1.822776e-02	7.392350e-05	
2.306481e-02	5.484481e-05	
1.869732e-02	1.074918e-04	
1.478906e-02	7.687304e-05	
1.681287e-02	1.158604e-04	
2.136372e-02	1.298844e-04	
2.150098e-02	1.086784e-04	
1.792915e-02	1.025184e-04	
2.036338e-02	1.522519e-04	
1.955741e-02	9.964134e-05	
2.168652e-02	1.463273e-04	
1.640255e-02	1.396451e-04	
1.731772e-02	9.941003e-05	
1.421676e-02	2.356666e-04	
1.975001e-02	2.127333e-04	
2.089941e-02	2.111751e-04	
1.876820e-02	1.323205e-04	
1.707235e-02	2.098770e-04	
2.395116e-02	2.745268e-04	
2.386463e-02	3.089423e-04	
1.309179e-02	3.257032e-04	
1.727483e-02	2.977620e-04	
2.180353e-02	3.873962e-04	
2.074321e-02	3.413776e-04	
1.915560e-02	2.064310e-04	
2.189274e-02	1.402066e-04	
1.944686e-02	2.231365e-04	
1.798500e-02	2.895864e-04	
2.108357e-02	2.905159e-04	
2.288725e-02	2.007526e-04	
1.790164e-02	2.965276e-04	
1.145675e-02	2.453700e-04	
1.806533e-02	1.767987e-04	
2.142062e-02	1.910362e-04	
1.918319e-02	1.740913e-04	
1.489964e-02	7.586947e-05	
2.132464e-02	1.251759e-04	
2.049037e-02	8.800629e-05	
2.033729e-02	8.468401e-05	
2.162478e-02	5.115685e-05	
1.597169e-02	4.639111e-05	
2.250305e-02	9.982658e-05	
1.904993e-02	1.018682e-04	
2.021508e-02	4.041522e-05	
1.707562e-02	2.798444e-05	
2.192395e-02	1.277917e-04	
1.492087e-02	1.269158e-04	
2.178759e-02	1.289907e-04	
1.913470e-02	1.050113e-04	
2.039963e-02	6.285435e-05	
2.275809e-02	9.653450e-05	
1.916203e-02	1.711790e-04	
2.184169e-02	2.324518e-04	
1.861207e-02	1.168015e-04	
1.797823e-02	1.061670e-04	
2.404777e-02	2.662707e-04	
2.068699e-02	3.248018e-04	
2.555468e-02	1.683963e-04	
2.005045e-02	3.738552e-04	
1.985192e-02	2.251665e-04	
1.397211e-02	3.968012e-04	
1.709341e-02	3.778584e-04	
2.132212e-02	2.104377e-04	
1.765301e-02	3.235736e-04	
1.506445e-02	1.715314e-04	
2.270296e-02	2.093140e-04	
1.697320e-02	2.847077e-04	
1.289068e-02	2.451360e-04	
2.196847e-02	2.327499e-04	
1.841922e-02	2.213154e-04	
2.090402e-02	1.699448e-04	
1.646134e-02	1.713549e-04	
2.101274e-02	1.594725e-04	
1.851958e-02	1.234393e-04	
1.593432e-02	1.234847e-04	
1.789161e-02	5.608323e-05	
1.326524e-02	5.633425e-05	
1.504161e-02	7.596253e-05	
1.118129e-02	7.071761e-05	
1.566323e-02	1.332106e-04	
1.764258e-02	1.252857e-04	
1.488855e-02	9.900191e-05	
1.840349e-02	1.193871e-04	
2.216945e-02	1.415364e-04	
2.024707e-02	1.202568e-04	
1.927875e-02	9.656421e-05	
2.262567e-02	1.262641e-04	
1.404667e-02	1.454736e-04	
2.228998e-02	1.424937e-04	
2.247601e-02	2.171148e-04	
1.904317e-02	2.376386e-04	
1.946871e-02	2.397917e-04	
2.250757e-02	1.948909e-04	
1.425016e-02	2.715752e-04	
2.098397e-02	3.229910e-04	
1.895153e-02	3.220512e-04	
1.404859e-02	2.768200e-04	
1.993904e-02	3.535928e-04	
1.807489e-02	8.322998e-05	
1.573120e-02	3.616438e-04	
1.849893e-02	2.888474e-04	
1.902376e-02	2.927630e-04	
1.354446e-02	1.797140e-04	
2.126774e-02	2.225614e-04	
2.537217e-02	1.436933e-04	
1.930254e-02	1.296381e-04	
2.094481e-02	2.035874e-04	
2.287777e-02	9.917301e-05	
1.783163e-02	1.311476e-04	
1.868657e-02	1.686766e-04	
2.281508e-02	1.577489e-04	
1.797427e-02	1.657003e-04	
2.390557e-02	1.424926e-04	
1.911521e-02	1.081619e-04	
2.225047e-02	1.398576e-04	
1.258266e-02	1.546978e-04	
1.872847e-02	1.233824e-04	
2.108286e-02	1.190103e-04	
1.894988e-02	1.305047e-04	
1.643873e-02	7.894017e-05	
1.994387e-02	1.177388e-04	
1.621406e-02	1.216776e-05	
2.042143e-02	1.119029e-04	
1.460948e-02	9.585350e-05	
2.710110e-02	1.087642e-04	
1.779374e-02	1.210876e-04	
1.149281e-02	1.509544e-04	
1.941053e-02	1.131974e-04	
2.511772e-02	1.876365e-04	
1.937916e-02	1.526273e-04	
2.092753e-02	1.616157e-04	
1.961890e-02	2.204200e-04	
1.735812e-02	4.028555e-04	
2.193688e-02	3.485542e-04	
2.050097e-02	4.528197e-04	
1.294208e-02	3.787051e-04	
1.583014e-02	2.210963e-04	
2.081987e-02	3.443638e-04	
2.405473e-02	2.167522e-04	
2.074266e-02	1.418162e-04	
1.364416e-02	1.556089e-04	
1.778381e-02	1.731809e-04	
1.392892e-02	1.926118e-04	
1.653300e-02	1.295104e-04	
1.350860e-02	2.472440e-04	
9.040608e-03	1.157812e-04	
1.715251e-02	1.592618e-04	
1.820641e-02	1.694803e-04	
1.550513e-02	1.556387e-04	
1.464608e-02	1.046233e-04	
1.536255e-02	9.631014e-05	
1.573569e-02	1.155641e-04	
2.043423e-02	1.171179e-04	
2.067634e-02	1.179210e-04	
2.518404e-02	1.271362e-04	
1.678072e-02	7.771238e-05	
1.968058e-02	1.092635e-04	
1.813094e-02	8.768627e-05	
1.587841e-02	6.156052e-05	
1.870506e-02	8.238679e-06	
1.852122e-02	6.918024e-05	
1.444693e-02	9.720985e-05	
1.533749e-02	1.190165e-04	
1.489188e-02	1.800004e-04	
2.356855e-02	7.091356e-05	
1.769287e-02	1.197951e-04	
1.660568e-02	1.467029e-04	
1.466413e-02	1.983302e-04	
1.638060e-02	9.504447e-05	
1.778530e-02	2.225739e-04	
2.044142e-02	1.752344e-04	
1.501610e-02	2.830604e-04	
1.608691e-02	4.641642e-04	
1.103883e-02	3.165586e-04	
2.479153e-02	3.317086e-04	
1.810104e-02	3.510599e-04	
1.977036e-02	1.652453e-04	
1.414582e-02	2.898295e-04	
8.779334e-03	2.165887e-04	
2.182849e-02	2.142915e-04	
1.925483e-02	1.098961e-04	
1.776893e-02	1.014353e-04	
1.452051e-02	1.940981e-04	
1.633234e-02	9.494786e-05	
1.785480e-02	9.162809e-05	
1.694441e-02	1.132558e-04	
2.139109e-02	9.340286e-05	
1.983221e-02	9.915160e-05	
1.994467e-02	4.375277e-05	
1.741538e-02	5.024263e-05	
1.878729e-02	1.075741e-04	
1.809909e-02	8.643053e-05	
1.725199e-02	4.542930e-05	
2.139934e-02	8.178356e-05	
1.655035e-02	9.175437e-05	
1.530809e-02	9.538585e-05	
1.120761e-02	7.910811e-05	
1.388584e-02	5.406949e-05	
2.221389e-02	2.276331e-05	
1.719302e-02	1.016879e-04	
2.114683e-02	1.173537e-04	
1.672341e-02	8.438394e-05	
1.665704e-02	9.973365e-05	
2.017174e-02	1.454497e-04	
2.008918e-02	1.331973e-04	
1.448035e-02	2.088776e-04	
2.017984e-02	1.994275e-04	
1.663633e-02	1.634650e-04	
2.521697e-02	2.457981e-04	
1.505370e-02	1.437266e-04	
2.086919e-02	1.389800e-04	
1.229463e-02	6.303760e-05	
2.257312e-02	2.255860e-04	
2.121103e-02	1.586586e-04	
1.790967e-02	2.665835e-04	
1.766733e-02	1.877526e-04	
1.701303e-02	2.017426e-04	
1.231825e-02	2.174255e-04	
1.986577e-02	1.075504e-04	
1.110163e-02	7.696712e-05	
2.459356e-02	6.147498e-05	
1.233784e-02	7.060162e-05	
1.556367e-02	6.317209e-05	
1.725885e-02	6.548186e-05	
2.269558e-02	6.880004e-05	
2.309899e-02	7.812469e-05	
1.608757e-02	6.478906e-05	
1.670252e-02	5.484494e-05	
2.470438e-02	1.344080e-04	
8.809554e-03	1.374268e-04	
1.589894e-02	8.865798e-05	
1.362868e-02	9.133553e-05	
1.389847e-02	1.204755e-04	
1.731747e-02	1.132256e-04	
1.731691e-02	1.038365e-04	
1.814552e-02	9.121366e-05	
1.816016e-02	8.451207e-05	
1.873820e-02	1.303648e-04	
1.511270e-02	1.281740e-04	
2.443967e-02	1.118848e-04	
1.771901e-02	9.095905e-05	
2.359692e-02	8.947399e-05	
1.865420e-02	1.335725e-04	
2.113336e-02	1.574990e-04	
2.233224e-02	1.328141e-04	
1.870203e-02	1.763670e-04	
1.731787e-02	1.216381e-04	
2.176987e-02	2.704913e-04	
1.177169e-02	2.182309e-04	
1.789139e-02	4.867465e-04	
1.433641e-02	1.865797e-04	
1.832206e-02	3.545298e-04	
2.129048e-02	2.124435e-04	
1.919450e-02	2.147442e-04	
1.910561e-02	2.355397e-04	
1.513304e-02	1.865852e-04	
1.531584e-02	1.772279e-04	
2.074435e-02	1.184543e-04	
1.863269e-02	1.345577e-04	
1.265757e-02	1.133548e-04	
1.832672e-02	9.824235e-05	
1.222000e-02	8.023626e-05	
1.779315e-02	1.006638e-04	
1.596392e-02	9.271742e-05	
2.061623e-02	8.026399e-05	
2.286992e-02	6.673869e-05	
1.455573e-02	7.850762e-05	
9.473256e-03	7.218107e-05	
1.903626e-02	8.095053e-05	
1.901479e-02	7.244148e-05	
1.576252e-02	6.207379e-05	
2.330519e-02	1.203199e-04	
1.736843e-02	6.447840e-05	
2.448932e-02	9.859057e-05	
2.395918e-02	8.581953e-05	
1.968967e-02	1.143416e-04	
1.485385e-02	7.260145e-05	
2.405334e-02	1.302914e-04	
2.480920e-02	9.274943e-05	
1.117670e-02	9.663397e-05	
1.537934e-02	1.096660e-04	
1.548375e-02	1.300587e-04	
1.523480e-02	1.251215e-04	
1.785750e-02	1.319167e-04	
1.928797e-02	2.487657e-04	
2.134913e-02	3.088255e-04	
1.818179e-02	3.243304e-04	
1.874930e-02	4.007840e-04	
1.403708e-02	4.574375e-04	
1.599005e-02	4.094272e-04	
1.936060e-02	2.008877e-04	
1.192926e-02	1.865901e-04	
1.201897e-02	2.718660e-04	
1.735693e-02	1.121159e-04	
1.723467e-02	2.041068e-04	
1.978863e-02	1.253447e-04	
1.423614e-02	1.288709e-04	
2.030902e-02	7.958241e-05	
1.707680e-02	8.105756e-05	
2.049843e-02	8.589672e-05	
1.898252e-02	6.826881e-05	
2.061464e-02	8.470514e-05	
1.794757e-02	2.626306e-05	
1.954216e-02	5.778778e-05	
2.072829e-02	7.671405e-07	
2.107313e-02	1.044917e-05	
1.239968e-02	7.509317e-05	
1.535109e-02	6.454004e-05	
1.123817e-02	5.864780e-05	
2.258994e-02	9.850847e-05	
2.085766e-02	8.829727e-05	
1.446412e-02	7.960666e-05	
2.136154e-02	1.103144e-04	
2.081870e-02	1.050781e-04	
2.346994e-02	9.758957e-05	
1.829102e-02	1.104763e-04	
1.776926e-02	1.050566e-04	
1.723630e-02	1.406114e-04	
1.624377e-02	7.035733e-05	
1.809158e-02	1.531267e-04	
1.915312e-02	1.616851e-04	
1.500915e-02	1.529448e-04	
2.198993e-02	2.544192e-04	
2.195816e-02	2.432027e-04	
1.725903e-02	4.591252e-04	
1.841592e-02	5.168108e-04	
1.929181e-02	5.273486e-04	
1.855565e-02	4.597269e-04	
1.859286e-02	2.899777e-04	
1.991560e-02	2.323657e-04	
1.909104e-02	2.234647e-04	
1.994347e-02	9.050545e-05	
1.318825e-02	1.384246e-04	
1.367421e-02	6.209042e-05	
2.212565e-02	1.117131e-04	
1.250780e-02	3.644810e-05	
1.667163e-02	4.911809e-05	
1.672317e-02	6.652397e-05	
1.817898e-02	5.306820e-05	
1.954942e-02	5.039587e-05	
2.129888e-02	1.961663e-05	
2.163314e-02	8.294568e-06	
1.554372e-02	2.682154e-05	
1.653578e-02	8.531348e-05	
1.348942e-02	1.025342e-04	
1.697975e-02	9.120532e-05	
1.814812e-02	8.785784e-05	
1.809484e-02	8.315593e-05	
1.400994e-02	9.166824e-05	
1.479176e-02	9.425043e-05	
2.014531e-02	1.074357e-04	
1.818494e-02	1.057026e-04	
1.840272e-02	1.072933e-04	
2.049161e-02	1.210005e-04	
1.870599e-02	1.374747e-04	
1.741554e-02	1.157432e-04	
2.043705e-02	6.225142e-05	
2.036805e-02	1.418575e-04	
1.612645e-02	1.126662e-04	
1.741792e-02	1.284094e-04	
1.755350e-02	2.033685e-04	
1.935064e-02	2.497299e-04	
1.509464e-02	5.045484e-04	
1.417319e-02	5.057539e-04	
1.694998e-02	9.398106e-05	
1.109830e-02	5.008322e-04	
2.332176e-02	3.158604e-04	
1.370349e-02	2.732275e-04	
2.327692e-02	2.001832e-04	
2.538312e-02	1.280157e-04	
1.655250e-02	1.200416e-04	
1.325748e-02	5.301598e-05	
2.111395e-02	7.153570e-05	
2.165178e-02	2.392412e-06	
2.230761e-02	8.424604e-05	
2.122764e-02	4.097686e-05	
1.768226e-02	4.333833e-05	
1.651413e-02	4.426277e-05	
6.636119e-03	5.727075e-05	
1.888935e-02	5.726318e-05	
1.869478e-02	5.013582e-05	
2.422620e-02	5.557294e-05	
1.643662e-02	5.642706e-05	
1.434720e-02	6.815918e-05	
2.421382e-02	6.252890e-05	
1.597262e-02	7.763001e-05	
2.150424e-02	8.841922e-05	
2.556361e-02	5.203040e-05	
1.535753e-02	7.019419e-05	
2.267272e-02	9.851657e-05	
1.499143e-02	7.382459e-05	
9.813841e-03	8.196213e-05	
2.603445e-02	7.193679e-05	
1.660467e-02	1.069817e-04	
2.214321e-02	4.797296e-05	
2.187670e-02	9.941818e-05	
2.032784e-02	1.029467e-04	
2.495582e-02	9.427234e-05	
1.928016e-02	9.740652e-05	
2.256827e-02	1.272106e-04	
1.384574e-02	5.673469e-04	
1.460938e-02	4.627486e-04	
2.158724e-02	5.043464e-04	
1.514614e-02	2.437143e-04	
1.874343e-02	8.913213e-05	
2.121762e-02	2.135016e-04	
1.099906e-02	1.579328e-04	
1.715461e-02	9.009941e-05	
2.122125e-02	7.459779e-05	
1.649899e-02	6.705023e-05	
1.061771e-02	9.639597e-05	
1.341485e-02	2.378411e-05	
1.973213e-02	3.217780e-05	
2.250528e-02	7.251884e-05	
2.459614e-02	3.907451e-05	
1.843255e-02	6.581241e-05	
2.291675e-02	2.983883e-05	
1.758046e-02	4.776876e-05	
1.700921e-02	6.565204e-05	
1.301151e-02	1.122474e-04	
2.604538e-02	8.702368e-05	
8.621226e-03	1.164581e-04	
1.996936e-02	1.048261e-04	
2.244101e-02	5.296004e-05	
2.090095e-02	9.006698e-05	
1.344293e-02	5.625715e-05	
1.326702e-02	8.216187e-05	
1.983523e-02	7.137132e-05	
1.684334e-02	1.133528e-04	
2.226829e-02	1.525865e-04	
1.977310e-02	8.948108e-05	
1.274989e-02	9.404521e-05	
1.997917e-02	8.059433e-05	
1.886284e-02	1.284716e-04	
1.753832e-02	4.002792e-05	
2.812812e-02	5.862633e-06	
1.379858e-02	6.082345e-05	
1.411689e-02	5.935641e-05	
1.024699e-02	5.770528e-04	
1.543300e-02	5.860842e-05	
1.783822e-02	6.776595e-04	
1.569412e-02	1.447118e-04	
2.073152e-02	8.358696e-05	
1.374263e-02	8.390874e-05	
2.241001e-02	9.856098e-05	
2.118448e-02	1.028021e-04	
1.477044e-02	1.577619e-04	
1.714688e-02	1.638675e-04	
1.712975e-02	1.318677e-04	
1.625259e-02	4.642672e-06	
1.422044e-02	7.499397e-05	
2.076193e-02	5.106803e-05	
1.282007e-02	6.351454e-05	
1.229851e-02	7.155996e-05	
1.857253e-02	5.349526e-05	
2.107335e-02	5.831681e-05	
2.234219e-02	6.208767e-05	
2.110419e-02	1.083238e-04	
2.625998e-02	7.059798e-05	
1.474195e-02	7.800480e-05	
1.761568e-02	6.494802e-05	
2.522017e-02	5.987650e-05	
1.779714e-02	6.819129e-05	
1.639501e-02	9.067667e-05	
1.505878e-02	8.865246e-05	
1.614101e-02	1.120427e-04	
1.931018e-02	6.977588e-05	
2.018735e-02	6.841041e-05	
1.543395e-02	1.053663e-04	
2.087787e-02	7.029272e-05	
1.726789e-02	6.279130e-05	
1.589788e-02	7.970246e-05	
1.938525e-02	6.083862e-05	
1.800733e-02	7.324930e-05	
1.892182e-02	1.347518e-04	
2.048539e-02	2.228923e-04	
1.660357e-02	3.250060e-04	
2.351427e-02	3.395583e-04	
1.563540e-02	6.261756e-04	
1.377023e-02	1.135437e-04	
1.775199e-02	7.905180e-05	
1.596888e-02	1.588897e-04	
1.776094e-02	1.301091e-04	
1.774621e-02	1.739458e-04	
2.534771e-02	1.384191e-04	
2.091510e-02	8.438499e-05	
1.980283e-02	1.132555e-04	
2.165291e-02	4.487918e-06	
2.223743e-02	2.295683e-05	
2.211646e-02	2.820928e-05	
1.163220e-02	2.868267e-05	
1.957534e-02	1.701801e-05	
2.235593e-02	3.046528e-05	
1.232604e-02	4.323681e-05	
2.472920e-02	4.462318e-05	
1.581452e-02	9.309038e-05	
9.089954e-03	6.742038e-05	
1.971393e-02	4.849287e-05	
1.867236e-02	9.458827e-05	
1.491718e-02	4.325596e-05	
2.155935e-02	7.463627e-05	
1.649106e-02	5.941147e-05	
1.776982e-02	6.247578e-05	
2.230971e-02	4.290676e-05	
1.769553e-02	4.785775e-05	
1.884153e-02	6.437960e-05	
2.329675e-02	7.264768e-05	
1.729229e-02	7.681484e-05	
1.733162e-02	6.034681e-06	
1.538892e-02	9.921098e-05	
2.287370e-02	2.426526e-05	
1.814959e-02	1.260788e-05	
2.169547e-02	1.151091e-04	
1.578535e-02	1.940485e-04	
1.854586e-02	5.000139e-04	
1.929424e-02	3.447331e-04	
2.001946e-02	2.932471e-04	
1.210117e-02	2.147417e-04	
1.976651e-02	3.351176e-04	
2.038437e-02	2.593451e-04	
1.583185e-02	1.671034e-04	
1.946316e-02	1.122998e-04	
2.162117e-02	3.823581e-05	
2.276794e-02	8.412905e-05	
1.592462e-02	2.005897e-05	
1.136366e-02	6.957729e-05	
1.854535e-02	7.259229e-05	
1.733163e-02	3.690114e-05	
1.669936e-02	8.061346e-05	
2.265671e-02	4.205839e-05	
1.006084e-02	4.623601e-05	
1.935287e-02	3.908491e-05	
2.285779e-02	5.363643e-05	
1.496657e-02	4.469091e-05	
2.320137e-02	4.569359e-05	
2.110394e-02	4.984579e-05	
1.853687e-02	5.061547e-05	
2.532040e-02	4.944729e-05	
1.584053e-02	6.462917e-05	
2.420939e-02	4.901931e-05	
1.767560e-02	6.730526e-05	
2.755516e-02	6.270908e-05	
1.932343e-02	6.068158e-05	
1.445842e-02	6.996277e-05	
1.649677e-02	4.720167e-05	
9.512417e-03	7.601495e-06	
2.128460e-02	3.013478e-06	
2.192430e-02	7.612137e-05	
1.154003e-02	5.432552e-05	
1.324086e-02	1.314471e-04	
2.370007e-02	1.012988e-04	
1.858362e-02	1.684019e-04	
1.650566e-02	3.687549e-04	
1.831346e-02	3.902501e-04	
2.497462e-02	2.865497e-04	
2.187376e-02	3.885779e-04	
1.394259e-02	2.433721e-04	
2.204006e-02	2.372875e-04	
1.541114e-02	1.541599e-04	
1.741588e-02	1.533252e-04	
1.777773e-02	9.259069e-05	
1.800025e-02	1.330185e-04	
2.053572e-02	1.348383e-04	
1.838934e-02	8.521546e-05	
1.716837e-02	9.274932e-05	
1.959437e-02	5.583574e-05	
1.559364e-02	5.937519e-05	
2.148996e-02	5.393360e-05	
1.223093e-02	6.597654e-05	
1.241432e-02	9.061866e-05	
1.844550e-02	8.577851e-05	
1.431027e-02	6.662181e-05	
2.260797e-02	9.505165e-05	
1.299806e-02	8.887652e-05	
1.258124e-02	6.829334e-05	
1.534045e-02	4.347911e-05	
1.759409e-02	6.103664e-05	
1.670122e-02	4.669822e-05	
2.208987e-02	6.201724e-05	
1.792934e-02	5.479467e-05	
1.929391e-02	7.159158e-05	
1.531657e-02	2.529210e-05	
1.719817e-02	7.483230e-05	
1.979559e-02	2.951051e-05	
1.978295e-02	1.932870e-05	
1.759625e-02	3.356560e-05	
1.710851e-02	4.268045e-05	
1.874252e-02	1.219481e-04	
2.243667e-02	4.524357e-05	
1.256701e-02	2.001574e-04	
1.976113e-02	3.036371e-04	
1.842487e-02	6.205649e-04	
2.592071e-02	4.421536e-04	
1.800844e-02	2.912517e-04	
2.123857e-02	4.048059e-05	
1.903785e-02	6.155889e-05	
2.028082e-02	1.700250e-04	
1.705720e-02	1.831213e-04	
1.507394e-02	1.591587e-04	
1.183321e-02	1.188524e-04	
1.972787e-02	9.850905e-05	
2.268840e-02	8.714287e-05	
2.188311e-02	2.077296e-05	
1.939052e-02	2.063970e-05	
2.006082e-02	5.142352e-05	
2.100266e-02	1.071727e-04	
1.716196e-02	8.394483e-05	
1.716645e-02	7.703074e-05	
2.155612e-02	7.250560e-05	
2.403708e-02	7.909126e-05	
2.233823e-02	1.194431e-04	
1.763703e-02	1.050002e-04	
2.646374e-02	5.738276e-05	
2.056576e-02	5.240791e-05	
1.658975e-02	6.467973e-05	
1.926029e-02	6.751129e-05	
2.022969e-02	3.650695e-05	
2.690360e-02	5.555672e-05	
1.826177e-02	3.751146e-05	
1.222466e-02	3.255408e-05	
2.114390e-02	4.215475e-05	
1.839144e-02	1.614832e-05	
1.573134e-02	2.064058e-05	
2.305920e-02	4.872615e-07	
1.327708e-02	1.310452e-05	
1.766747e-02	3.632648e-05	
2.084892e-02	7.809044e-05	
1.949561e-02	2.785801e-04	
1.970237e-02	6.713261e-04	
2.271870e-02	2.916777e-04	
1.685906e-02	2.884243e-04	
1.882830e-02	3.314337e-04	
1.248034e-02	2.436537e-04	
1.314423e-02	1.372898e-04	
2.189054e-02	1.006317e-04	
2.034458e-02	1.927820e-04	
2.265287e-02	7.814558e-05	
1.438788e-02	3.474577e-05	
1.652084e-02	1.230448e-04	
1.556569e-02	1.321195e-04	
1.661751e-02	7.110454e-05	
2.216732e-02	9.812275e-05	
2.272844e-02	8.918847e-05	
2.026930e-02	4.495074e-05	
1.920303e-02	1.017576e-04	
1.435558e-02	4.253650e-05	
2.037201e-02	5.357941e-05	
1.916097e-02	6.877574e-05	
1.625019e-02	1.051501e-04	
2.210610e-02	5.439611e-05	
2.239027e-02	5.347371e-05	
1.558425e-02	5.060769e-05	
1.716676e-02	5.593504e-05	
2.163576e-02	2.880575e-05	
1.884594e-02	4.163730e-05	
2.171614e-02	4.641004e-05	
1.436485e-02	4.742402e-05	
1.497041e-02	8.728424e-05	
1.572499e-02	1.404279e-05	
1.982075e-02	3.181075e-05	
2.799484e-02	3.679515e-05	
1.516053e-02	8.361101e-05	
1.241001e-02	7.816707e-06	
1.426809e-02	4.540893e-05	
1.337439e-02	8.555795e-05	
1.290227e-02	1.389287e-04	
1.480634e-02	3.155739e-04	
1.342989e-02	1.427060e-04	
1.650207e-02	1.696527e-04	
1.493396e-02	4.825448e-04	
1.926270e-02	2.847310e-04	
1.810455e-02	1.588727e-04	
1.774469e-02	1.633208e-04	
2.247997e-02	1.495658e-04	
2.010247e-02	3.710856e-05	
1.882206e-02	7.115571e-05	
2.142102e-02	7.606877e-05	
1.810121e-02	1.350857e-04	
2.103143e-02	4.270004e-05	
1.259981e-02	8.243763e-05	
2.006394e-02	8.719761e-05	
1.324221e-02	6.852653e-05	
1.753136e-02	3.292460e-05	
2.203384e-02	5.584299e-05	
2.251950e-02	6.738325e-05	
2.065146e-02	7.881115e-05	
1.631243e-02	9.723038e-05	
2.422976e-02	4.957888e-05	
2.076288e-02	6.767906e-05	
2.759202e-02	1.050327e-04	
1.942756e-02	3.516796e-05	
2.292746e-02	4.964234e-05	
1.951005e-02	4.161527e-05	
2.024392e-02	3.384817e-05	
1.275879e-02	3.393360e-05	
1.422987e-02	1.003455e-05	
1.690848e-02	8.917357e-06	
2.009200e-02	1.508297e-05	
2.212241e-02	8.563090e-05	
2.091099e-02	8.860506e-05	
1.418677e-02	5.438622e-05	
2.045247e-02	1.809888e-05	
1.653138e-02	6.660244e-05	
1.260638e-02	9.895956e-05	
1.937793e-02	4.297178e-04	
1.637026e-02	4.455076e-04	
2.085644e-02	3.527660e-04	
2.060609e-02	2.036691e-04	
1.908574e-02	6.151360e-05	
2.672158e-02	6.263316e-05	
1.909436e-02	1.039478e-04	
2.321756e-02	7.290447e-05	
1.374958e-02	4.256628e-05	
2.166773e-02	4.242011e-05	
2.333190e-02	6.507698e-05	
2.198705e-02	1.140605e-04	
2.288517e-02	9.643147e-05	
1.942349e-02	9.540600e-05	
1.975273e-02	1.340381e-04	
1.877360e-02	6.552699e-05	
1.674517e-02	2.820636e-05	
1.884293e-02	8.102767e-06	
1.943069e-02	5.398932e-05	
1.571504e-02	7.717581e-05	
2.036887e-02	6.207348e-05	
1.645894e-02	6.455103e-05	
1.858205e-02	6.436648e-05	
1.280845e-02	1.100408e-04	
1.844510e-02	3.993817e-05	
1.450520e-02	5.930545e-05	
1.581554e-02	7.129877e-05	
1.734586e-02	5.999733e-05	
2.121982e-02	2.519338e-05	
1.947311e-02	2.562739e-05	
2.046931e-02	2.961428e-05	
1.127431e-02	2.345314e-05	
1.795268e-02	4.487633e-05	
1.994987e-02	9.337391e-05	
1.322380e-02	3.834427e-05	
1.798553e-02	1.039814e-04	
1.416949e-02	6.754179e-05	
1.643631e-02	1.915468e-04	
1.510511e-02	4.045728e-04	
1.496078e-02	4.626890e-04	
1.942266e-02	2.747015e-04	
2.021488e-02	2.377083e-05	
1.570945e-02	1.111158e-05	
1.640800e-02	7.677307e-05	
1.403814e-02	3.035792e-05	
1.925800e-02	1.919271e-05	
2.132224e-02	6.053410e-05	
1.693614e-02	6.011024e-05	
2.092520e-02	7.104049e-05	
1.775001e-02	2.553654e-05	
1.397061e-02	1.092612e-04	
2.161245e-02	1.020295e-04	
2.024252e-02	4.306550e-05	
1.539049e-02	7.372913e-05	
2.092376e-02	4.129269e-05	
1.614497e-02	4.380578e-05	
2.181456e-02	6.203630e-05	
2.097919e-02	3.865151e-05	
1.784697e-02	3.245763e-05	
1.738483e-02	5.415201e-05	
1.506408e-02	6.400342e-05	
1.781194e-02	2.677254e-05	
1.711081e-02	3.149802e-05	
1.907300e-02	2.977657e-05	
1.378971e-02	6.496426e-05	
1.854821e-02	8.202717e-05	
2.259436e-02	2.354138e-05	
2.366746e-02	5.053204e-05	
1.672891e-02	2.501966e-05	
2.528450e-02	4.933363e-05	
1.641115e-02	9.995240e-06	
1.728172e-02	1.295468e-05	
2.039016e-02	1.069417e-05	
1.953390e-02	7.371803e-05	
1.933425e-02	1.100421e-04	
1.342219e-02	2.083310e-04	
1.941021e-02	4.336163e-04	
1.564519e-02	5.508456e-04	
1.897216e-02	3.388386e-04	
1.223468e-02	1.048983e-05	
1.070801e-02	1.195833e-05	
2.108645e-02	4.603956e-05	
1.007139e-02	2.120192e-05	
2.129900e-02	3.451713e-05	
2.543266e-02	5.763131e-05	
1.785009e-02	9.165992e-05	
2.506104e-02	1.015338e-04	
1.401451e-02	7.474713e-05	
2.155335e-02	7.393434e-05	
1.730326e-02	1.322710e-04	
1.676317e-02	7.412549e-05	
1.878688e-02	5.226830e-05	
1.564834e-02	6.768164e-05	
1.277812e-02	4.566618e-05	
1.575860e-02	4.103056e-05	
2.127937e-02	2.519713e-05	
1.424852e-02	9.407191e-06	
1.289157e-02	6.109169e-05	
1.879363e-02	6.792521e-05	
1.388003e-02	3.054312e-05	
1.618084e-02	7.766317e-05	
2.094244e-02	7.768844e-05	
1.657568e-02	5.710872e-05	
1.820688e-02	6.689784e-05	
2.179279e-02	4.253959e-05	
2.392264e-02	7.532455e-05	
1.718480e-02	5.411293e-05	
1.113015e-02	2.385886e-05	
1.694772e-02	2.608270e-05	
1.934232e-02	8.992427e-05	
1.753341e-02	1.749583e-05	
1.173794e-02	1.099101e-04	
1.998801e-02	1.495797e-04	
1.477702e-02	1.613396e-04	
1.816062e-02	4.728441e-04	
2.086179e-02	2.003908e-04	
2.302807e-02	9.285884e-05	
2.446811e-02	1.267734e-04	
1.985142e-02	1.242466e-04	
2.540688e-02	8.161356e-05	
2.018775e-02	5.810174e-05	
1.969873e-02	4.676222e-05	
1.452080e-02	3.125061e-05	
1.849242e-02	5.800533e-05	
2.109451e-02	9.281025e-05	
1.617709e-02	4.312495e-05	
1.600200e-02	4.545631e-05	
1.524512e-02	4.999659e-05	
1.916750e-02	2.815907e-05	
1.856423e-02	3.017957e-05	
1.916983e-02	3.419467e-05	
1.812081e-02	4.285452e-05	
2.708043e-02	2.517419e-05	
2.379642e-02	2.783572e-05	
2.060363e-02	1.002887e-05	
2.242751e-02	1.039034e-05	
2.364731e-02	6.904323e-05	
1.310497e-02	2.301485e-05	
1.798990e-02	3.176785e-05	
1.666455e-02	1.642595e-05	
1.844019e-02	4.541020e-05	
2.254644e-02	2.305579e-05	
2.069697e-02	5.083308e-05	
1.547074e-02	3.901088e-05	
1.690792e-02	3.887525e-05	
1.933536e-02	3.070731e-05	
1.714856e-02	1.125214e-06	
2.010814e-02	5.846070e-05	
1.534484e-02	7.983749e-05	
2.088203e-02	1.761839e-04	
1.656777e-02	8.581881e-05	
1.665964e-02	1.822991e-04	
1.363074e-02	1.602786e-04	
2.055390e-02	3.851773e-04	
