1.384198e+01	2.953193e-14	
1.200118e+01	3.153033e-14	
1.152350e+01	2.107203e-13	
1.365567e+01	2.555733e-13	
1.151863e+01	1.753264e-12	
1.177936e+01	4.951595e-13	
1.311999e+01	2.990275e-12	
1.316913e+01	1.395883e-12	
1.326023e+01	1.162848e-11	
1.390239e+01	1.562528e-12	
1.371128e+01	2.127232e-11	
1.251256e+01	5.704326e-13	
1.297987e+01	9.223622e-12	
1.285613e+01	5.346834e-13	
1.355141e+01	1.425693e-11	
1.346515e+01	2.935430e-13	
1.388768e+01	1.046396e-11	
1.347555e+01	1.230460e-12	
1.387271e+01	7.132073e-12	
1.388431e+01	2.079892e-12	
1.365450e+01	2.571010e-11	
1.387733e+01	5.441203e-12	
1.304183e+01	7.809753e-12	
1.300830e+01	3.874345e-12	
1.358398e+01	7.443157e-12	
1.186365e+01	1.904032e-12	
1.325191e+01	1.740919e-11	
1.375707e+01	1.089795e-12	
1.369404e+01	7.202794e-12	
1.383937e+01	1.256439e-12	
1.327948e+01	3.025358e-13	
1.387322e+01	2.531308e-13	
1.189091e+01	8.224532e-13	
1.153142e+01	3.861356e-13	
1.187958e+01	2.379330e-11	
1.367809e+01	2.440270e-13	
1.243769e+01	5.480061e-13	
1.164296e+01	6.061818e-14	
1.164123e+01	9.992007e-15	
1.331668e+01	2.642331e-14	
1.345552e+01	3.350542e-12	
1.168986e+01	6.862609e-13	
1.387569e+01	1.052818e-13	
1.412083e+01	8.236420e-14	
1.300824e+01	2.740654e-14	
1.239130e+01	5.815621e-14	
1.365635e+01	2.783958e-14	
1.311021e+01	1.813988e-14	
1.365339e+01	5.235338e-15	
1.191234e+01	5.277959e-15	
1.367387e+01	2.332189e-15	
1.293950e+01	7.244846e-15	
1.383694e+01	4.265045e-15	
1.443470e+01	1.135538e-15	
1.352435e+01	1.555734e-16	
1.343230e+01	6.015073e-16	
1.383717e+01	0	
1.382296e+01	1.148595e-15	
1.333868e+01	1.417246e-16	
1.334364e+01	3.238736e-15	
1.394050e+01	2.675477e-15	
1.384352e+01	1.133797e-15	
1.353187e+01	1.722892e-15	
1.410201e+01	2.049956e-15	
1.237807e+01	1.954899e-15	
1.329186e+01	1.244587e-15	
1.415018e+01	3.244393e-16	
1.250076e+01	1.706018e-15	
1.282253e+01	1.811211e-16	
1.318698e+01	1.166095e-15	
1.358494e+01	3.377894e-15	
1.380112e+01	3.490225e-16	
1.362265e+01	1.174525e-15	
1.364426e+01	7.483759e-16	
1.299844e+01	1.767666e-16	
1.146204e+01	1.522585e-15	
1.295695e+01	4.844953e-15	
1.152559e+01	1.396808e-14	
1.369013e+01	1.523519e-12	
1.362061e+01	7.698286e-13	
1.388354e+01	1.989520e-13	
1.248114e+01	3.863576e-13	
1.170425e+01	3.814726e-13	
1.291157e+01	1.212364e-13	
1.332365e+01	4.594103e-13	
1.169259e+01	1.005040e-11	
1.300227e+01	4.881318e-12	
1.310643e+01	3.394618e-12	
1.293272e+01	1.671441e-12	
1.377864e+01	2.861322e-11	
1.384994e+01	2.098322e-12	
1.368739e+01	1.344258e-12	
1.383780e+01	2.155387e-12	
1.339898e+01	1.929923e-11	
1.371964e+01	6.039613e-14	
1.413261e+01	3.819944e-12	
1.333604e+01	9.220491e-11	
1.359480e+01	4.534151e-13	
1.383542e+01	1.667777e-12	
1.324036e+01	2.762235e-12	
1.182359e+01	3.289236e-11	
1.332310e+01	1.260947e-11	
1.393466e+01	3.372858e-13	
1.384780e+01	1.503730e-10	
1.396253e+01	6.246226e-12	
1.386918e+01	1.209322e-11	
1.303794e+01	6.337153e-12	
1.251465e+01	1.078759e-11	
1.386215e+01	3.617384e-11	
1.370942e+01	4.045653e-12	
1.160969e+01	6.974310e-12	
1.393095e+01	2.509104e-11	
1.356507e+01	1.671441e-12	
1.290892e+01	3.550715e-12	
1.327127e+01	8.541168e-12	
1.354947e+01	8.759660e-13	
1.298096e+01	1.501754e-11	
1.351348e+01	1.870770e-11	
1.180666e+01	1.045830e-13	
1.223146e+01	9.647838e-14	
1.212251e+01	3.238521e-13	
1.329336e+01	6.115108e-13	
1.372686e+01	8.271051e-12	
1.342684e+01	5.562439e-12	
1.322347e+01	5.746514e-13	
1.235148e+01	6.068701e-12	
1.198300e+01	2.587264e-12	
1.326326e+01	6.219325e-11	
1.272043e+01	4.215295e-12	
1.369426e+01	1.237122e-12	
1.389691e+01	1.641576e-12	
1.155230e+01	4.330092e-12	
1.167928e+01	1.016853e-11	
1.247604e+01	1.908029e-12	
1.320263e+01	1.429190e-12	
1.252589e+01	3.673961e-11	
1.416819e+01	8.154255e-12	
1.163042e+01	5.663137e-12	
1.309967e+01	5.895173e-12	
1.360112e+01	3.177136e-11	
1.401245e+01	1.235301e-11	
1.275486e+01	5.350609e-12	
1.225992e+01	1.713266e-10	
1.343327e+01	1.350919e-12	
1.319675e+01	7.309486e-12	
1.369771e+01	7.611911e-12	
1.288360e+01	2.208922e-11	
1.328136e+01	2.388267e-11	
1.347463e+01	2.669642e-12	
1.369506e+01	1.869438e-11	
1.349644e+01	1.154021e-11	
1.316978e+01	1.853506e-11	
1.222819e+01	1.191391e-11	
1.233248e+01	4.447109e-12	
1.167969e+01	1.098677e-12	
1.342360e+01	8.880452e-12	
6.195106e+00	1.529900e-05	
5.796401e+00	2.023636e-05	
5.782896e+00	3.508288e-06	
5.801423e+00	2.353676e-05	
5.720162e+00	2.139353e-05	
5.659918e+00	2.390274e-05	
5.624078e+00	2.393053e-05	
5.831608e+00	3.853488e-05	
5.784212e+00	2.093326e-05	
5.629815e+00	4.151445e-05	
5.707812e+00	7.011913e-06	
5.631675e+00	5.091246e-05	
5.840304e+00	4.582965e-05	
6.078612e+00	4.062928e-06	
5.833107e+00	4.211983e-06	
5.743138e+00	1.664912e-06	
5.870059e+00	4.878244e-07	
5.475357e+00	5.323532e-06	
5.665701e+00	2.333546e-05	
5.548555e+00	3.723444e-05	
5.664689e+00	3.720991e-06	
5.740753e+00	3.244707e-05	
5.878458e+00	3.864737e-05	
5.560098e+00	2.773139e-05	
5.583051e+00	4.904940e-05	
5.925569e+00	5.042607e-05	
5.563002e+00	3.433204e-05	
5.755561e+00	1.684956e-05	
5.622507e+00	7.688369e-06	
5.713017e+00	4.180258e-05	
5.739018e+00	3.312832e-05	
5.656811e+00	4.102627e-05	
5.804655e+00	4.251714e-05	
5.301774e+00	2.957469e-05	
5.410626e+00	2.484142e-05	
5.848517e+00	1.605011e-05	
5.663957e+00	1.744869e-05	
5.784730e+00	9.330098e-06	
5.900138e+00	4.052175e-05	
5.630079e+00	3.876610e-05	
5.472827e+00	3.514185e-05	
5.384534e+00	5.257544e-05	
5.378788e+00	6.035795e-05	
5.146106e+00	3.834052e-05	
5.345590e+00	6.316065e-05	
5.205981e+00	6.523480e-05	
5.322066e+00	7.248122e-05	
5.302816e+00	7.818260e-05	
5.428665e+00	7.822113e-05	
5.543718e+00	8.727275e-05	
5.250142e+00	9.182183e-05	
5.276566e+00	7.894845e-05	
4.989906e+00	8.410472e-05	
5.205540e+00	5.955715e-05	
5.411381e+00	6.768756e-05	
5.141993e+00	2.520362e-05	
5.360093e+00	6.621270e-05	
5.052083e+00	6.413223e-05	
5.553901e+00	5.637932e-05	
5.559073e+00	7.905732e-05	
5.355492e+00	4.064667e-05	
5.341374e+00	7.971449e-05	
5.423345e+00	8.217576e-05	
4.993613e+00	7.851357e-05	
5.237201e+00	8.089382e-05	
5.301566e+00	7.097564e-05	
5.122084e+00	7.446851e-05	
5.007631e+00	6.971454e-05	
5.164467e+00	7.579859e-05	
5.434532e+00	7.426183e-05	
5.270221e+00	7.430977e-05	
5.227676e+00	5.654980e-05	
5.314821e+00	5.062729e-05	
5.687157e+00	4.136222e-05	
5.308700e+00	3.398422e-05	
5.528237e+00	2.725698e-05	
5.570130e+00	3.942908e-05	
5.582745e+00	6.220623e-05	
5.494950e+00	6.175976e-05	
5.288100e+00	8.799797e-05	
5.153185e+00	1.068213e-04	
5.492766e+00	8.254662e-05	
5.478674e+00	9.655507e-05	
5.383512e+00	1.117580e-04	
5.297255e+00	1.042837e-04	
5.335050e+00	1.104180e-04	
5.473926e+00	1.272406e-04	
5.270080e+00	1.049673e-04	
5.313390e+00	1.116364e-04	
5.555861e+00	1.267238e-04	
5.412220e+00	1.023824e-04	
5.474831e+00	1.221246e-04	
5.307488e+00	9.711513e-05	
5.579245e+00	8.760825e-05	
5.360226e+00	1.080385e-04	
5.551198e+00	7.824903e-05	
5.362087e+00	1.055503e-04	
4.829800e+00	1.034018e-04	
5.441154e+00	1.065560e-04	
5.399670e+00	9.464511e-05	
5.254036e+00	1.277484e-04	
5.286112e+00	1.030116e-04	
5.459783e+00	9.346057e-05	
5.500881e+00	1.117035e-04	
5.495850e+00	8.918489e-05	
5.482815e+00	1.038843e-04	
5.216628e+00	1.023509e-04	
5.355882e+00	1.177617e-04	
5.262999e+00	9.791134e-05	
5.445298e+00	8.814835e-05	
5.206828e+00	5.385266e-05	
5.205779e+00	6.340063e-05	
5.570888e+00	5.566788e-05	
5.750709e+00	4.182818e-05	
5.707305e+00	4.307152e-05	
5.119472e+00	7.275891e-05	
5.422855e+00	1.051561e-04	
5.173462e+00	1.112213e-04	
5.304829e+00	1.001277e-04	
5.581512e+00	1.030479e-04	
5.385775e+00	1.018626e-04	
5.199973e+00	1.313649e-04	
5.581824e+00	1.385470e-04	
5.389467e+00	1.228398e-04	
5.243076e+00	1.222070e-04	
5.055901e+00	1.278558e-04	
5.124484e+00	1.213501e-04	
5.434188e+00	1.361554e-04	
5.716090e+00	1.342568e-04	
5.307461e+00	1.302803e-04	
5.452935e+00	1.243219e-04	
5.605793e+00	1.275472e-04	
5.237743e+00	1.188844e-04	
5.490998e+00	1.158916e-04	
5.377602e+00	1.187995e-04	
5.521627e+00	1.217726e-04	
5.271251e+00	1.334503e-04	
5.631431e+00	1.122435e-04	
5.235346e+00	1.290277e-04	
5.280062e+00	1.203648e-04	
5.254749e+00	1.233745e-04	
5.392133e+00	1.352972e-04	
5.455670e+00	1.313041e-04	
5.248873e+00	1.167588e-04	
5.331396e+00	1.121950e-04	
5.202294e+00	1.172332e-04	
5.389681e+00	9.667648e-05	
5.252945e+00	9.208014e-05	
5.220220e+00	8.928836e-05	
5.161898e+00	8.051871e-05	
5.028748e+00	8.665959e-05	
5.599361e+00	4.851505e-05	
5.489770e+00	6.046079e-05	
5.145652e+00	8.486492e-05	
5.447515e+00	1.110596e-04	
5.167792e+00	1.153879e-04	
5.326894e+00	1.141506e-04	
5.378432e+00	1.362249e-04	
5.302847e+00	1.301305e-04	
5.115408e+00	1.292805e-04	
5.216269e+00	1.530531e-04	
5.604917e+00	1.565065e-04	
5.554365e+00	1.418843e-04	
5.305850e+00	1.322862e-04	
5.421777e+00	1.449185e-04	
5.398132e+00	1.386865e-04	
5.130408e+00	1.563457e-04	
5.289229e+00	1.438480e-04	
5.425214e+00	1.323822e-04	
5.308887e+00	1.522135e-04	
5.288183e+00	1.351235e-04	
5.586059e+00	1.334822e-04	
5.558670e+00	1.126153e-04	
5.349262e+00	1.338949e-04	
5.297371e+00	1.372509e-04	
5.422333e+00	1.332503e-04	
5.336151e+00	1.343542e-04	
5.370755e+00	1.324536e-04	
5.318389e+00	1.464007e-04	
5.440289e+00	1.472446e-04	
5.369019e+00	1.421456e-04	
5.267651e+00	1.316219e-04	
5.198478e+00	1.274237e-04	
5.319871e+00	1.044070e-04	
5.379842e+00	1.142577e-04	
5.360737e+00	9.971146e-05	
5.658685e+00	9.586405e-05	
5.563527e+00	1.104265e-04	
5.199202e+00	8.986331e-05	
5.823355e+00	7.996142e-05	
5.972959e+00	6.974077e-05	
5.431890e+00	8.802889e-05	
5.292540e+00	9.915555e-05	
5.117804e+00	1.263186e-04	
5.454236e+00	1.472223e-04	
5.393678e+00	1.540362e-04	
5.404031e+00	1.428001e-04	
5.531378e+00	1.383218e-04	
5.380550e+00	1.435944e-04	
5.215367e+00	1.618654e-04	
5.558090e+00	1.597165e-04	
5.546700e+00	1.435445e-04	
5.226690e+00	1.423148e-04	
5.570604e+00	1.481452e-04	
5.129453e+00	1.584632e-04	
5.448792e+00	1.377240e-04	
5.388020e+00	1.582422e-04	
5.290819e+00	1.519448e-04	
5.174984e+00	1.324911e-04	
5.251101e+00	1.433852e-04	
5.534085e+00	1.492638e-04	
5.322839e+00	1.372328e-04	
5.366479e+00	1.503691e-04	
5.485094e+00	1.601039e-04	
5.498425e+00	1.554498e-04	
5.558918e+00	1.527588e-04	
5.184278e+00	1.655245e-04	
5.170846e+00	1.467879e-04	
5.547413e+00	1.564696e-04	
5.168918e+00	1.432060e-04	
5.265286e+00	1.252654e-04	
5.257171e+00	1.329277e-04	
5.308844e+00	1.185269e-04	
5.413085e+00	1.222519e-04	
5.375178e+00	1.243293e-04	
5.219279e+00	1.015876e-04	
5.130734e+00	9.337973e-05	
5.434934e+00	6.944580e-05	
5.736146e+00	8.582591e-05	
5.109453e+00	1.017578e-04	
5.092818e+00	1.282119e-04	
5.454752e+00	1.472648e-04	
5.368647e+00	1.546988e-04	
5.506489e+00	1.560470e-04	
5.346157e+00	1.445214e-04	
5.305167e+00	1.459799e-04	
5.216713e+00	1.525698e-04	
5.338577e+00	1.481422e-04	
5.298901e+00	1.704377e-04	
5.499972e+00	1.670640e-04	
5.560391e+00	1.479752e-04	
5.546156e+00	1.587840e-04	
5.282577e+00	1.430919e-04	
5.368239e+00	1.593068e-04	
5.363790e+00	1.634072e-04	
5.575781e+00	1.477174e-04	
5.269654e+00	1.429664e-04	
5.336123e+00	1.480834e-04	
5.390334e+00	1.662755e-04	
5.387335e+00	1.493180e-04	
5.528386e+00	1.549403e-04	
5.451288e+00	1.634671e-04	
5.198374e+00	1.520900e-04	
5.421846e+00	1.606513e-04	
5.612708e+00	1.386822e-04	
5.489215e+00	1.510122e-04	
5.182671e+00	1.544833e-04	
5.355220e+00	1.391036e-04	
5.262085e+00	1.391424e-04	
5.295411e+00	1.406550e-04	
5.494291e+00	1.486604e-04	
5.453225e+00	1.462640e-04	
5.207546e+00	1.184681e-04	
5.183211e+00	1.164051e-04	
5.143273e+00	1.046622e-04	
5.476249e+00	6.720965e-05	
5.747078e+00	1.022349e-04	
5.276795e+00	1.274063e-04	
5.450270e+00	1.418764e-04	
5.265934e+00	1.593167e-04	
5.104712e+00	1.569221e-04	
5.403982e+00	1.661903e-04	
5.407653e+00	1.503507e-04	
5.341724e+00	1.661938e-04	
5.332702e+00	1.509434e-04	
5.394837e+00	1.563543e-04	
5.136286e+00	1.701176e-04	
5.293717e+00	1.790279e-04	
5.441616e+00	1.642236e-04	
5.414224e+00	1.536163e-04	
5.448099e+00	1.625427e-04	
5.399047e+00	1.682034e-04	
5.292282e+00	1.733782e-04	
5.609007e+00	1.541249e-04	
5.581404e+00	1.607492e-04	
5.330696e+00	1.646763e-04	
5.363444e+00	1.712222e-04	
5.519187e+00	1.587019e-04	
5.262796e+00	1.645082e-04	
5.617867e+00	1.512305e-04	
5.352174e+00	1.627448e-04	
5.201802e+00	1.620936e-04	
5.299318e+00	1.446344e-04	
5.254128e+00	1.403872e-04	
5.365673e+00	1.378334e-04	
5.515810e+00	1.363419e-04	
5.564189e+00	1.404481e-04	
5.296336e+00	1.606483e-04	
5.437693e+00	1.496346e-04	
5.088005e+00	1.400103e-04	
5.521382e+00	1.086607e-04	
5.387717e+00	1.127822e-04	
5.530196e+00	9.923537e-05	
5.822125e+00	1.114495e-04	
5.864165e+00	1.146547e-04	
5.457980e+00	1.405399e-04	
5.451629e+00	1.439421e-04	
5.466472e+00	1.710209e-04	
5.345899e+00	1.748074e-04	
5.438978e+00	1.522004e-04	
5.523238e+00	1.661291e-04	
5.347560e+00	1.521067e-04	
5.550359e+00	1.594402e-04	
5.294895e+00	1.645136e-04	
5.549379e+00	1.529421e-04	
5.339946e+00	1.499742e-04	
5.387642e+00	1.682505e-04	
5.445112e+00	1.631847e-04	
5.439949e+00	1.650540e-04	
5.419802e+00	1.670597e-04	
5.273864e+00	1.537692e-04	
5.464145e+00	1.668591e-04	
5.601852e+00	1.730285e-04	
5.409038e+00	1.719098e-04	
5.195985e+00	1.493334e-04	
5.520349e+00	1.712847e-04	
5.465710e+00	1.517539e-04	
5.632108e+00	1.623086e-04	
5.408221e+00	1.525368e-04	
5.217809e+00	1.586442e-04	
5.425097e+00	1.548039e-04	
5.378102e+00	1.486467e-04	
5.082663e+00	1.461305e-04	
5.440772e+00	1.405928e-04	
5.468675e+00	1.495263e-04	
5.335648e+00	1.269225e-04	
5.410825e+00	1.616441e-04	
5.302074e+00	1.316624e-04	
5.433975e+00	1.458075e-04	
5.400691e+00	1.200510e-04	
5.459257e+00	1.177757e-04	
5.673317e+00	9.444629e-05	
5.771337e+00	1.487718e-04	
5.088159e+00	1.532005e-04	
5.532237e+00	1.740457e-04	
5.417792e+00	1.621422e-04	
5.416514e+00	1.708078e-04	
5.559675e+00	1.466639e-04	
5.377665e+00	1.490992e-04	
5.408436e+00	1.414077e-04	
5.313624e+00	1.502259e-04	
5.355802e+00	1.506368e-04	
5.510050e+00	1.580703e-04	
5.492105e+00	1.606376e-04	
5.374463e+00	1.680795e-04	
5.207044e+00	1.669041e-04	
5.081412e+00	1.703633e-04	
5.250776e+00	1.635606e-04	
5.547674e+00	1.669396e-04	
5.491371e+00	1.744133e-04	
5.356091e+00	1.789869e-04	
5.286641e+00	1.740431e-04	
5.259809e+00	1.630464e-04	
5.455888e+00	1.601913e-04	
5.164458e+00	1.608153e-04	
5.419224e+00	1.604328e-04	
5.352915e+00	1.552605e-04	
5.177716e+00	1.493798e-04	
5.499930e+00	1.698369e-04	
5.280161e+00	1.513710e-04	
5.372292e+00	1.427221e-04	
5.555717e+00	1.477338e-04	
5.243752e+00	1.467673e-04	
5.312952e+00	1.331408e-04	
5.546155e+00	1.369882e-04	
5.418779e+00	1.375473e-04	
5.200209e+00	1.344184e-04	
5.427733e+00	1.646674e-04	
5.466459e+00	1.390588e-04	
5.495438e+00	1.134506e-04	
5.858261e+00	1.231392e-04	
5.199835e+00	1.403046e-04	
5.390172e+00	1.623282e-04	
5.460520e+00	1.745798e-04	
5.354959e+00	1.545220e-04	
5.424528e+00	1.617115e-04	
5.520122e+00	1.513885e-04	
5.175944e+00	1.518010e-04	
5.151978e+00	1.414758e-04	
5.156189e+00	1.530889e-04	
5.236713e+00	1.660204e-04	
5.552271e+00	1.623833e-04	
5.198813e+00	1.682524e-04	
5.244440e+00	1.783145e-04	
5.393723e+00	1.635390e-04	
5.656535e+00	1.688476e-04	
5.417724e+00	1.663671e-04	
5.415638e+00	1.750343e-04	
5.326737e+00	1.716237e-04	
5.544709e+00	1.681626e-04	
5.423715e+00	1.676812e-04	
5.524693e+00	1.675447e-04	
5.537745e+00	1.568525e-04	
5.246338e+00	1.681975e-04	
5.560698e+00	1.422317e-04	
5.686978e+00	1.493421e-04	
5.303062e+00	1.665309e-04	
5.493802e+00	1.520781e-04	
5.498855e+00	1.591432e-04	
5.106892e+00	1.567500e-04	
5.147251e+00	1.550936e-04	
5.599805e+00	1.389342e-04	
5.280509e+00	1.460549e-04	
5.632604e+00	1.387459e-04	
5.161492e+00	1.465681e-04	
5.140250e+00	1.653061e-04	
5.501873e+00	1.391836e-04	
6.063174e+00	9.635357e-05	
5.596545e+00	1.071710e-04	
5.300782e+00	1.368408e-04	
5.283271e+00	1.614849e-04	
5.196893e+00	1.533434e-04	
5.143627e+00	1.585909e-04	
5.293326e+00	1.659578e-04	
5.269937e+00	1.602082e-04	
5.361744e+00	1.643841e-04	
5.274935e+00	1.543362e-04	
5.485972e+00	1.452325e-04	
5.475580e+00	1.617623e-04	
5.349018e+00	1.785819e-04	
5.450847e+00	1.599983e-04	
5.595882e+00	1.684977e-04	
5.541938e+00	1.600064e-04	
5.308105e+00	1.603017e-04	
5.714451e+00	1.652808e-04	
5.165500e+00	1.617301e-04	
5.074450e+00	1.585707e-04	
5.232114e+00	1.574943e-04	
5.408655e+00	1.627405e-04	
5.449701e+00	1.568937e-04	
5.532680e+00	1.608671e-04	
5.211243e+00	1.511433e-04	
5.481692e+00	1.509040e-04	
5.308575e+00	1.476860e-04	
5.334220e+00	1.408630e-04	
5.572078e+00	1.665085e-04	
5.451507e+00	1.541376e-04	
5.652665e+00	1.621679e-04	
5.346355e+00	1.544078e-04	
5.614974e+00	1.562800e-04	
5.298907e+00	1.390326e-04	
5.595472e+00	1.441914e-04	
5.537336e+00	1.385372e-04	
5.343259e+00	1.749653e-04	
5.316407e+00	1.728671e-04	
5.662555e+00	1.348320e-04	
5.607818e+00	1.334045e-04	
5.329185e+00	1.512860e-04	
5.354096e+00	1.725566e-04	
5.343168e+00	1.495884e-04	
5.579915e+00	1.612404e-04	
5.493275e+00	1.416586e-04	
5.439605e+00	1.562012e-04	
5.430156e+00	1.471687e-04	
5.436170e+00	1.417582e-04	
5.337443e+00	1.481180e-04	
5.448522e+00	1.600609e-04	
5.182945e+00	1.592782e-04	
5.294811e+00	1.569248e-04	
5.280935e+00	1.560842e-04	
5.247116e+00	1.579044e-04	
5.104895e+00	1.524637e-04	
5.295804e+00	1.608199e-04	
5.159713e+00	1.561629e-04	
5.500673e+00	1.528318e-04	
5.433736e+00	1.508051e-04	
5.111399e+00	1.545673e-04	
5.308082e+00	1.561826e-04	
5.173444e+00	1.524228e-04	
5.164061e+00	1.511314e-04	
5.659833e+00	1.457079e-04	
5.638611e+00	1.443018e-04	
5.634944e+00	1.521796e-04	
5.214581e+00	1.628055e-04	
5.479981e+00	1.631740e-04	
5.288428e+00	1.627600e-04	
5.556798e+00	1.505863e-04	
5.600675e+00	1.590234e-04	
5.186222e+00	1.677706e-04	
5.237678e+00	1.704780e-04	
5.213800e+00	1.518279e-04	
5.433370e+00	1.521212e-04	
5.467597e+00	1.550578e-04	
5.712523e+00	1.444108e-04	
5.217700e+00	1.362003e-04	
5.566834e+00	1.724354e-04	
5.318592e+00	1.542292e-04	
5.373033e+00	1.501750e-04	
5.511271e+00	1.301151e-04	
5.056071e+00	1.453551e-04	
5.410334e+00	1.486997e-04	
5.416586e+00	1.442836e-04	
5.202321e+00	1.583871e-04	
5.389166e+00	1.476738e-04	
5.422299e+00	1.619726e-04	
5.279741e+00	1.616225e-04	
5.448308e+00	1.510940e-04	
5.395167e+00	1.560847e-04	
5.194835e+00	1.541384e-04	
5.438149e+00	1.517460e-04	
5.460157e+00	1.449484e-04	
5.591837e+00	1.587811e-04	
5.337864e+00	1.499217e-04	
5.268320e+00	1.406450e-04	
5.387270e+00	1.509022e-04	
5.440571e+00	1.558324e-04	
5.453848e+00	1.587525e-04	
5.190284e+00	1.413969e-04	
5.606693e+00	1.527223e-04	
5.308150e+00	1.390050e-04	
5.418107e+00	1.514603e-04	
5.437768e+00	1.602601e-04	
5.533334e+00	1.529525e-04	
5.299410e+00	1.533666e-04	
5.531956e+00	1.573274e-04	
5.410622e+00	1.732344e-04	
5.227017e+00	1.595323e-04	
5.474023e+00	1.757641e-04	
5.387633e+00	1.371559e-04	
5.604944e+00	1.413104e-04	
5.323990e+00	1.297298e-04	
6.012476e+00	1.099408e-04	
5.572446e+00	1.864921e-04	
5.492687e+00	1.710579e-04	
5.496829e+00	1.459025e-04	
5.318928e+00	1.143259e-04	
5.169450e+00	1.530984e-04	
5.350235e+00	1.434457e-04	
5.157647e+00	1.441442e-04	
5.690864e+00	1.477468e-04	
5.425624e+00	1.506516e-04	
5.673734e+00	1.583713e-04	
5.419859e+00	1.484151e-04	
4.971906e+00	1.430328e-04	
5.414465e+00	1.527420e-04	
5.258203e+00	1.466147e-04	
5.533941e+00	1.519716e-04	
5.250147e+00	1.499844e-04	
5.452655e+00	1.468250e-04	
5.287201e+00	1.455989e-04	
5.572699e+00	1.406172e-04	
5.586678e+00	1.407786e-04	
5.362186e+00	1.435026e-04	
5.217446e+00	1.445364e-04	
5.554082e+00	1.340649e-04	
5.378866e+00	1.373783e-04	
5.456215e+00	1.516220e-04	
5.636420e+00	1.554148e-04	
5.250444e+00	1.576629e-04	
5.221911e+00	1.610490e-04	
5.287065e+00	1.613080e-04	
5.546874e+00	1.412498e-04	
5.431535e+00	1.650497e-04	
5.333846e+00	1.587409e-04	
5.376147e+00	1.747151e-04	
5.114720e+00	1.539511e-04	
5.461574e+00	1.364686e-04	
5.166069e+00	1.454133e-04	
5.275369e+00	1.355902e-04	
5.572152e+00	1.088474e-04	
5.792316e+00	1.901400e-04	
5.393316e+00	1.815973e-04	
5.457892e+00	1.630436e-04	
5.744960e+00	1.316914e-04	
5.385251e+00	1.057890e-04	
5.305141e+00	1.237574e-04	
5.217378e+00	1.351984e-04	
5.412576e+00	1.408984e-04	
5.613513e+00	1.490209e-04	
5.363350e+00	1.415722e-04	
4.985853e+00	1.465678e-04	
5.170806e+00	1.425099e-04	
5.608393e+00	1.394829e-04	
5.664638e+00	1.421465e-04	
5.465516e+00	1.514918e-04	
5.264135e+00	1.526000e-04	
5.401009e+00	1.451731e-04	
5.388058e+00	1.456379e-04	
5.354790e+00	1.371243e-04	
5.600422e+00	1.547192e-04	
5.440355e+00	1.448223e-04	
5.121088e+00	1.441151e-04	
5.111513e+00	1.473443e-04	
5.235428e+00	1.492750e-04	
5.411466e+00	1.583784e-04	
5.407407e+00	1.693120e-04	
5.221502e+00	1.616521e-04	
5.373150e+00	1.502950e-04	
5.392702e+00	1.494551e-04	
5.309114e+00	1.607135e-04	
5.187134e+00	1.468582e-04	
5.377757e+00	1.483938e-04	
5.181143e+00	1.521262e-04	
5.565271e+00	1.415896e-04	
5.348504e+00	1.544402e-04	
5.296779e+00	1.527187e-04	
5.730297e+00	1.811494e-04	
5.514873e+00	1.685432e-04	
5.609552e+00	1.251839e-04	
5.537939e+00	1.492987e-04	
5.159018e+00	1.379625e-04	
5.446226e+00	1.516700e-04	
5.168186e+00	1.358218e-04	
5.280450e+00	1.273118e-04	
5.253047e+00	1.298077e-04	
5.347879e+00	1.504494e-04	
5.213201e+00	1.530602e-04	
5.392591e+00	1.580616e-04	
5.213323e+00	1.469777e-04	
5.522398e+00	1.393397e-04	
5.484896e+00	1.302113e-04	
5.327571e+00	1.422372e-04	
5.396609e+00	1.485691e-04	
5.418020e+00	1.528304e-04	
5.511077e+00	1.478211e-04	
5.337090e+00	1.454383e-04	
5.513822e+00	1.398391e-04	
5.074698e+00	1.526789e-04	
5.606507e+00	1.374341e-04	
5.556939e+00	1.370603e-04	
5.620988e+00	1.417533e-04	
5.595214e+00	1.548072e-04	
5.408838e+00	1.602098e-04	
5.602957e+00	1.568653e-04	
5.668056e+00	1.597620e-04	
5.400887e+00	1.572633e-04	
5.106944e+00	1.513542e-04	
5.199225e+00	1.657944e-04	
5.478181e+00	1.563056e-04	
5.239082e+00	1.548447e-04	
5.257296e+00	1.442072e-04	
5.338187e+00	1.307050e-04	
5.483520e+00	1.402714e-04	
5.538892e+00	1.866128e-04	
5.271768e+00	2.016792e-04	
5.520666e+00	1.118931e-04	
5.803891e+00	1.824915e-04	
5.422440e+00	1.719097e-04	
5.338440e+00	1.270936e-04	
5.404443e+00	1.310326e-04	
5.353999e+00	1.217863e-04	
5.276413e+00	1.282181e-04	
5.339175e+00	1.382380e-04	
5.314183e+00	1.521555e-04	
5.208635e+00	1.406596e-04	
5.319724e+00	1.566291e-04	
5.514311e+00	1.465929e-04	
5.342471e+00	1.352097e-04	
5.510766e+00	1.392297e-04	
5.367062e+00	1.489554e-04	
5.099385e+00	1.457721e-04	
5.072099e+00	1.407197e-04	
5.268000e+00	1.490544e-04	
5.500026e+00	1.328037e-04	
5.663826e+00	1.481647e-04	
5.218711e+00	1.355655e-04	
5.180599e+00	1.359402e-04	
5.566947e+00	1.338399e-04	
5.571634e+00	1.442501e-04	
5.341395e+00	1.525651e-04	
5.550922e+00	1.530056e-04	
5.388396e+00	1.468741e-04	
5.283761e+00	1.622601e-04	
5.608653e+00	1.426803e-04	
5.651915e+00	1.439642e-04	
5.491009e+00	1.648458e-04	
5.536771e+00	1.691383e-04	
5.300772e+00	1.632031e-04	
5.310442e+00	1.509054e-04	
5.470169e+00	1.552907e-04	
5.145057e+00	1.504687e-04	
5.203295e+00	1.395786e-04	
5.479198e+00	1.372589e-04	
5.591644e+00	1.337097e-04	
5.836219e+00	2.047460e-04	
5.250132e+00	1.654215e-04	
5.450963e+00	1.649200e-04	
5.465839e+00	1.352639e-04	
5.462491e+00	1.345687e-04	
5.532911e+00	1.185122e-04	
5.480382e+00	1.403478e-04	
5.008392e+00	1.412737e-04	
5.516719e+00	1.325694e-04	
5.326502e+00	1.429315e-04	
5.643550e+00	1.362773e-04	
5.151316e+00	1.329603e-04	
5.560727e+00	1.451342e-04	
5.495896e+00	1.477030e-04	
5.279970e+00	1.344366e-04	
5.439994e+00	1.285773e-04	
5.224192e+00	1.391208e-04	
5.385367e+00	1.272874e-04	
5.363837e+00	1.400760e-04	
5.442105e+00	1.352446e-04	
5.423995e+00	1.300758e-04	
5.419076e+00	1.374990e-04	
5.681621e+00	1.453754e-04	
5.339585e+00	1.486061e-04	
5.258155e+00	1.488011e-04	
5.561675e+00	1.501529e-04	
5.037513e+00	1.458269e-04	
5.503284e+00	1.498365e-04	
5.615526e+00	1.556472e-04	
5.020149e+00	1.536947e-04	
5.440887e+00	1.617513e-04	
5.132181e+00	1.500116e-04	
5.475793e+00	1.566498e-04	
5.453846e+00	1.530788e-04	
5.199593e+00	1.412350e-04	
5.344511e+00	1.489165e-04	
5.627581e+00	1.440463e-04	
5.578683e+00	1.431464e-04	
6.089875e+00	1.401760e-04	
5.203153e+00	1.700806e-04	
5.514081e+00	1.727553e-04	
5.399498e+00	1.497641e-04	
5.289547e+00	1.333438e-04	
5.490540e+00	1.254337e-04	
5.441654e+00	1.456168e-04	
5.053694e+00	1.427455e-04	
5.426944e+00	1.383243e-04	
5.590880e+00	1.295889e-04	
5.243471e+00	1.374435e-04	
5.584832e+00	1.293693e-04	
5.526095e+00	1.415560e-04	
5.175545e+00	1.348226e-04	
5.119440e+00	1.309166e-04	
5.357699e+00	1.225741e-04	
5.163277e+00	1.306438e-04	
5.572219e+00	1.255605e-04	
5.120009e+00	1.225684e-04	
5.281350e+00	1.299714e-04	
5.534111e+00	1.341043e-04	
5.405580e+00	1.389767e-04	
5.469683e+00	1.437234e-04	
5.398533e+00	1.370198e-04	
5.139182e+00	1.467078e-04	
5.650393e+00	1.442369e-04	
5.419498e+00	1.389010e-04	
5.423517e+00	1.414891e-04	
5.415475e+00	1.472449e-04	
5.657822e+00	1.485772e-04	
5.413247e+00	1.535671e-04	
5.162063e+00	1.471906e-04	
5.235447e+00	1.523441e-04	
5.421202e+00	1.378045e-04	
5.307116e+00	1.445837e-04	
5.336482e+00	1.283189e-04	
5.446339e+00	1.610362e-04	
5.442394e+00	1.227640e-04	
5.845610e+00	1.592571e-04	
5.440261e+00	1.438242e-04	
5.437130e+00	1.391903e-04	
5.410972e+00	1.635192e-04	
5.422493e+00	1.538640e-04	
5.573382e+00	1.439184e-04	
5.534062e+00	1.360932e-04	
5.223840e+00	1.209102e-04	
5.347930e+00	1.389655e-04	
5.402088e+00	1.408927e-04	
5.369357e+00	1.277397e-04	
5.440067e+00	1.334574e-04	
5.261828e+00	1.240268e-04	
5.100565e+00	1.362905e-04	
5.263383e+00	1.244629e-04	
5.554707e+00	1.316304e-04	
5.293321e+00	1.249187e-04	
5.464900e+00	1.357712e-04	
5.358354e+00	1.212340e-04	
5.224354e+00	1.303668e-04	
5.464381e+00	1.301349e-04	
5.192511e+00	1.357841e-04	
5.079999e+00	1.365080e-04	
5.590683e+00	1.244054e-04	
5.327363e+00	1.294094e-04	
5.433190e+00	1.463371e-04	
5.312022e+00	1.417230e-04	
5.317897e+00	1.451475e-04	
5.429536e+00	1.374614e-04	
5.218208e+00	1.381948e-04	
5.373313e+00	1.326840e-04	
5.300923e+00	1.270818e-04	
5.408980e+00	1.402856e-04	
5.520385e+00	1.484465e-04	
5.301460e+00	1.428187e-04	
5.539449e+00	1.774652e-04	
5.007959e+00	1.606621e-04	
5.656954e+00	1.541553e-04	
5.663794e+00	1.636665e-04	
5.534588e+00	1.839979e-04	
5.545915e+00	1.496541e-04	
5.497429e+00	1.465254e-04	
5.470869e+00	1.242763e-04	
5.412413e+00	1.441103e-04	
5.461947e+00	1.226885e-04	
5.276460e+00	1.244747e-04	
5.362531e+00	1.266496e-04	
5.281324e+00	1.267081e-04	
5.395211e+00	1.291979e-04	
5.186697e+00	1.216821e-04	
5.432672e+00	1.205244e-04	
5.122593e+00	1.219936e-04	
5.607592e+00	1.257016e-04	
5.428213e+00	1.299253e-04	
5.395894e+00	1.243457e-04	
5.438068e+00	1.299641e-04	
5.542206e+00	1.184178e-04	
5.371289e+00	1.246034e-04	
5.431924e+00	1.327701e-04	
5.488692e+00	1.315545e-04	
5.241228e+00	1.295304e-04	
5.201520e+00	1.279190e-04	
5.492422e+00	1.264190e-04	
5.152194e+00	1.270010e-04	
5.505792e+00	1.278303e-04	
5.383432e+00	1.343345e-04	
5.400586e+00	1.350144e-04	
5.630242e+00	1.291469e-04	
5.050953e+00	1.350057e-04	
5.505339e+00	1.127160e-04	
5.169740e+00	1.423073e-04	
5.581694e+00	1.263718e-04	
5.472569e+00	1.673123e-04	
5.436250e+00	1.695001e-04	
5.326146e+00	2.142289e-04	
5.654680e+00	1.747557e-04	
5.820708e+00	2.053367e-04	
5.481615e+00	1.449898e-04	
5.303632e+00	1.408737e-04	
5.411361e+00	1.186376e-04	
5.439640e+00	1.256172e-04	
5.090585e+00	1.141204e-04	
5.204259e+00	1.263521e-04	
5.215944e+00	1.213418e-04	
5.364367e+00	1.226331e-04	
5.330843e+00	1.289854e-04	
5.352669e+00	1.213068e-04	
5.400532e+00	1.198538e-04	
5.208262e+00	1.034356e-04	
5.491872e+00	1.104818e-04	
5.290575e+00	1.191740e-04	
5.340367e+00	1.263552e-04	
5.501576e+00	1.172745e-04	
5.111181e+00	1.273909e-04	
5.534024e+00	1.258435e-04	
5.296039e+00	1.195511e-04	
5.391255e+00	1.182598e-04	
5.254581e+00	1.213180e-04	
5.264607e+00	1.156708e-04	
5.530936e+00	1.205045e-04	
5.194095e+00	1.243459e-04	
5.204471e+00	1.198166e-04	
5.236474e+00	1.257409e-04	
5.411507e+00	1.326632e-04	
5.368475e+00	1.315813e-04	
5.364977e+00	1.300856e-04	
5.387877e+00	1.184658e-04	
5.646299e+00	1.334972e-04	
5.395817e+00	1.241912e-04	
5.588897e+00	1.574201e-04	
5.362562e+00	1.552186e-04	
5.206596e+00	1.724512e-04	
5.295754e+00	1.581974e-04	
5.390932e+00	1.868964e-04	
5.684669e+00	1.283826e-04	
5.365073e+00	1.658357e-04	
5.076888e+00	1.290044e-04	
5.228925e+00	1.317820e-04	
5.378130e+00	1.259989e-04	
5.526635e+00	1.132422e-04	
4.862813e+00	1.183579e-04	
5.364517e+00	1.129450e-04	
5.262341e+00	1.232539e-04	
5.308365e+00	1.228443e-04	
5.579075e+00	1.209343e-04	
5.635937e+00	9.890358e-05	
5.466442e+00	9.475606e-05	
5.389340e+00	1.044758e-04	
5.217558e+00	1.183633e-04	
5.142333e+00	1.123017e-04	
5.354958e+00	1.226258e-04	
5.544930e+00	1.157956e-04	
5.514570e+00	1.243804e-04	
5.299268e+00	1.072250e-04	
5.156810e+00	1.202168e-04	
5.281087e+00	1.097554e-04	
5.383498e+00	1.113541e-04	
5.159518e+00	1.177558e-04	
5.264777e+00	1.050360e-04	
5.393284e+00	1.114185e-04	
5.302715e+00	1.229445e-04	
5.296952e+00	1.337886e-04	
5.291483e+00	1.260667e-04	
5.421151e+00	1.174434e-04	
5.306882e+00	1.298637e-04	
5.346120e+00	1.382916e-04	
5.337966e+00	1.330875e-04	
5.447397e+00	1.342769e-04	
5.282342e+00	1.240199e-04	
5.445801e+00	1.353452e-04	
5.267850e+00	1.458563e-04	
5.889821e+00	1.269671e-04	
5.829376e+00	1.722627e-04	
5.238242e+00	1.549120e-04	
5.556684e+00	1.267870e-04	
5.440506e+00	1.041300e-04	
5.175964e+00	1.277420e-04	
5.543637e+00	1.297333e-04	
5.582731e+00	1.136579e-04	
5.421533e+00	1.014018e-04	
5.489906e+00	9.512426e-05	
5.193516e+00	1.016543e-04	
5.117506e+00	9.803759e-05	
5.204643e+00	1.009665e-04	
5.349540e+00	9.633294e-05	
5.288962e+00	1.028533e-04	
5.162079e+00	1.051828e-04	
5.567613e+00	9.863632e-05	
5.316268e+00	1.064417e-04	
5.373515e+00	1.101095e-04	
5.524585e+00	1.136459e-04	
5.348575e+00	1.095163e-04	
5.447076e+00	1.077268e-04	
5.263997e+00	1.086166e-04	
5.263625e+00	1.052851e-04	
5.336627e+00	9.378615e-05	
5.371349e+00	1.030901e-04	
5.443095e+00	1.032136e-04	
5.270673e+00	1.188744e-04	
5.352381e+00	1.215885e-04	
5.410640e+00	1.099791e-04	
5.401046e+00	1.247882e-04	
5.405543e+00	1.292052e-04	
5.374449e+00	1.204413e-04	
5.072164e+00	1.296834e-04	
5.355236e+00	1.195509e-04	
5.265510e+00	9.579451e-05	
5.522203e+00	1.153826e-04	
5.589192e+00	1.828744e-04	
5.658268e+00	2.331989e-04	
5.618112e+00	1.488870e-04	
5.287640e+00	1.242366e-04	
4.994171e+00	1.084849e-04	
5.228909e+00	1.159143e-04	
5.430170e+00	1.058469e-04	
5.416372e+00	1.098161e-04	
5.567238e+00	1.119141e-04	
5.395999e+00	1.022140e-04	
5.451404e+00	9.455646e-05	
5.439226e+00	8.654220e-05	
5.285518e+00	8.435323e-05	
5.314195e+00	9.264753e-05	
5.260387e+00	1.036273e-04	
5.531138e+00	9.231675e-05	
5.217014e+00	9.297767e-05	
5.306579e+00	9.535588e-05	
5.603034e+00	1.006632e-04	
5.184907e+00	9.121361e-05	
5.207206e+00	9.618743e-05	
5.660285e+00	1.000595e-04	
5.553035e+00	1.070009e-04	
5.301041e+00	9.775046e-05	
5.325346e+00	9.008046e-05	
4.978856e+00	9.706539e-05	
5.109829e+00	9.600248e-05	
5.406072e+00	9.250878e-05	
5.430561e+00	1.010366e-04	
5.316995e+00	1.144379e-04	
5.442314e+00	1.226483e-04	
5.017276e+00	1.131049e-04	
5.366253e+00	1.110964e-04	
5.330829e+00	1.157669e-04	
5.378659e+00	1.070520e-04	
5.572312e+00	1.352840e-04	
5.613426e+00	1.264753e-04	
5.354866e+00	1.571823e-04	
5.456111e+00	1.711728e-04	
5.571217e+00	1.888656e-04	
5.822099e+00	1.268317e-04	
5.381285e+00	1.658229e-04	
5.457673e+00	1.150164e-04	
5.224741e+00	8.598794e-05	
5.223114e+00	7.320194e-05	
5.531265e+00	1.104323e-04	
5.445964e+00	9.366212e-05	
5.412142e+00	8.333645e-05	
5.411736e+00	6.759822e-05	
5.328138e+00	8.031511e-05	
5.239777e+00	8.288333e-05	
5.507090e+00	8.933905e-05	
5.422502e+00	8.537851e-05	
5.422452e+00	8.187036e-05	
5.158712e+00	8.889398e-05	
5.589890e+00	8.095628e-05	
5.205050e+00	9.113716e-05	
5.245072e+00	8.696229e-05	
5.649571e+00	8.683805e-05	
5.262982e+00	9.964839e-05	
5.058000e+00	9.009996e-05	
5.368267e+00	8.738705e-05	
5.248326e+00	9.148980e-05	
5.485201e+00	8.476014e-05	
5.576052e+00	9.618715e-05	
5.301323e+00	9.998073e-05	
5.400953e+00	9.697218e-05	
5.355483e+00	1.095264e-04	
5.568351e+00	1.056830e-04	
5.470315e+00	1.055151e-04	
5.177117e+00	1.057821e-04	
5.420276e+00	1.184971e-04	
5.231108e+00	1.096102e-04	
5.185211e+00	1.068726e-04	
5.617747e+00	1.217281e-04	
5.505525e+00	1.371711e-04	
5.304760e+00	2.089729e-04	
5.962243e+00	1.604590e-04	
5.611936e+00	2.342927e-04	
5.660675e+00	1.624609e-04	
5.480912e+00	9.287025e-05	
5.365525e+00	8.002602e-05	
5.506035e+00	6.127211e-05	
5.044656e+00	7.486370e-05	
5.450023e+00	7.403077e-05	
5.092487e+00	7.619907e-05	
5.240910e+00	6.691427e-05	
5.139284e+00	7.622757e-05	
5.112398e+00	7.529367e-05	
5.225379e+00	7.926780e-05	
5.310427e+00	6.916562e-05	
5.627006e+00	8.096020e-05	
5.475982e+00	7.546435e-05	
5.431986e+00	8.260888e-05	
5.350881e+00	7.180841e-05	
5.347482e+00	7.984398e-05	
5.386242e+00	8.497098e-05	
5.229554e+00	7.359315e-05	
5.436381e+00	7.860527e-05	
5.481930e+00	8.183734e-05	
5.354056e+00	8.090257e-05	
5.529054e+00	8.936716e-05	
5.563939e+00	8.366970e-05	
5.412253e+00	1.029873e-04	
5.363164e+00	9.886990e-05	
5.227775e+00	1.068405e-04	
5.174976e+00	1.065730e-04	
5.380559e+00	8.725182e-05	
5.283680e+00	9.708117e-05	
5.418704e+00	1.051160e-04	
5.328935e+00	1.132997e-04	
5.317814e+00	1.065208e-04	
5.409336e+00	1.440625e-04	
5.183088e+00	1.271988e-04	
5.310323e+00	1.446851e-04	
5.455926e+00	1.703321e-04	
5.717414e+00	1.957349e-04	
5.183244e+00	1.374563e-04	
5.580405e+00	1.290812e-04	
5.436058e+00	7.354983e-05	
5.271664e+00	8.272585e-05	
5.481824e+00	6.383164e-05	
5.208571e+00	7.558760e-05	
5.407371e+00	7.420375e-05	
5.544143e+00	6.868702e-05	
5.370203e+00	7.044476e-05	
5.526930e+00	5.683968e-05	
5.146139e+00	6.558932e-05	
5.366624e+00	5.712155e-05	
5.339432e+00	6.289414e-05	
4.979603e+00	7.604241e-05	
5.397372e+00	6.922487e-05	
5.359954e+00	7.384575e-05	
5.277876e+00	8.065734e-05	
5.399102e+00	8.062734e-05	
5.330959e+00	6.764432e-05	
5.130349e+00	7.061316e-05	
5.674112e+00	7.462485e-05	
5.499089e+00	8.407335e-05	
5.386077e+00	7.673512e-05	
5.414676e+00	8.132049e-05	
5.398313e+00	9.925447e-05	
5.426867e+00	1.053054e-04	
5.156563e+00	8.639618e-05	
5.113245e+00	9.097561e-05	
5.578853e+00	9.063336e-05	
5.499805e+00	9.931014e-05	
5.244492e+00	1.005160e-04	
5.432171e+00	1.029735e-04	
5.554915e+00	1.035742e-04	
5.146647e+00	1.205006e-04	
5.201515e+00	1.172387e-04	
5.128452e+00	1.103208e-04	
5.801306e+00	1.268006e-04	
5.338303e+00	1.383394e-04	
5.181299e+00	1.280560e-04	
5.532105e+00	1.154227e-04	
5.489306e+00	1.048375e-04	
5.461917e+00	9.517252e-05	
5.666564e+00	8.802769e-05	
5.343374e+00	6.304220e-05	
5.412862e+00	6.673176e-05	
5.565953e+00	6.759878e-05	
5.211897e+00	5.795610e-05	
5.373260e+00	5.693729e-05	
5.104598e+00	5.824242e-05	
5.187356e+00	6.168470e-05	
5.398907e+00	6.541053e-05	
5.229034e+00	6.288634e-05	
5.349838e+00	7.680918e-05	
5.408732e+00	7.060846e-05	
5.328003e+00	6.339708e-05	
4.886001e+00	7.026365e-05	
5.684345e+00	6.276073e-05	
5.572351e+00	5.999646e-05	
5.305722e+00	7.073804e-05	
5.354872e+00	7.641492e-05	
5.342649e+00	8.469372e-05	
5.655344e+00	8.372106e-05	
4.988685e+00	9.067673e-05	
5.478430e+00	9.045596e-05	
5.246528e+00	8.241341e-05	
5.328899e+00	8.348547e-05	
5.347661e+00	9.400022e-05	
5.210776e+00	8.322498e-05	
5.146131e+00	8.290345e-05	
5.521305e+00	8.018447e-05	
5.376813e+00	9.741403e-05	
5.109873e+00	9.429677e-05	
5.528399e+00	9.885802e-05	
5.395978e+00	1.210239e-04	
5.716023e+00	1.595168e-04	
5.723525e+00	9.770880e-05	
5.036315e+00	1.107334e-04	
5.354548e+00	7.590923e-05	
5.168638e+00	8.794099e-05	
5.260496e+00	7.357611e-05	
5.219625e+00	9.719901e-05	
5.495140e+00	7.996425e-05	
5.472694e+00	7.946199e-05	
5.362013e+00	6.732860e-05	
5.427088e+00	6.604618e-05	
5.460327e+00	5.520636e-05	
5.334938e+00	5.785754e-05	
5.481466e+00	5.820854e-05	
5.222375e+00	5.959752e-05	
5.477420e+00	5.408747e-05	
5.150327e+00	6.360239e-05	
5.403606e+00	7.187651e-05	
5.454263e+00	5.652756e-05	
5.372120e+00	5.402787e-05	
5.396144e+00	6.838988e-05	
5.611831e+00	5.471337e-05	
5.198531e+00	5.714512e-05	
5.096860e+00	7.256577e-05	
5.362958e+00	7.052957e-05	
5.374809e+00	8.761391e-05	
5.245954e+00	7.531509e-05	
5.562345e+00	7.502336e-05	
5.322223e+00	7.228238e-05	
5.189008e+00	7.899548e-05	
5.230846e+00	7.780440e-05	
5.124746e+00	7.772929e-05	
5.088000e+00	7.331443e-05	
5.378035e+00	6.694133e-05	
5.337747e+00	7.167930e-05	
5.328527e+00	8.770701e-05	
5.522245e+00	1.372349e-04	
5.286100e+00	1.305279e-04	
5.209023e+00	1.592672e-04	
5.760759e+00	2.203572e-04	
5.444541e+00	1.183735e-04	
5.323800e+00	9.438435e-05	
5.237150e+00	6.036436e-05	
5.696323e+00	6.393155e-05	
5.008439e+00	7.010964e-05	
5.595598e+00	8.737138e-05	
5.346106e+00	7.119232e-05	
5.408657e+00	6.479546e-05	
5.490193e+00	5.454831e-05	
5.432184e+00	5.787453e-05	
5.307401e+00	3.861580e-05	
5.436526e+00	5.502927e-05	
5.621499e+00	5.686369e-05	
5.288126e+00	5.836444e-05	
5.395891e+00	6.897142e-05	
5.210263e+00	6.221609e-05	
5.426091e+00	6.077451e-05	
5.351718e+00	6.041248e-05	
5.271329e+00	5.302956e-05	
5.191989e+00	6.386031e-05	
5.351249e+00	5.999929e-05	
5.360518e+00	6.002293e-05	
5.482247e+00	7.565327e-05	
5.524542e+00	7.492535e-05	
5.261660e+00	7.128780e-05	
5.206727e+00	5.701468e-05	
5.298137e+00	6.362351e-05	
5.289781e+00	7.109855e-05	
5.432896e+00	7.743019e-05	
5.127874e+00	7.521399e-05	
5.169798e+00	6.930446e-05	
5.372961e+00	7.107374e-05	
5.343536e+00	7.127240e-05	
5.535183e+00	8.557344e-05	
5.442660e+00	9.240794e-05	
5.449530e+00	1.238236e-04	
5.711001e+00	1.610974e-04	
5.856817e+00	2.255960e-04	
5.189571e+00	1.251686e-04	
5.345611e+00	1.215417e-04	
5.490078e+00	6.245449e-05	
5.485054e+00	6.533172e-05	
5.297325e+00	4.845403e-05	
5.031356e+00	6.056798e-05	
5.084570e+00	6.487524e-05	
5.443648e+00	5.935545e-05	
5.504973e+00	5.260623e-05	
5.324037e+00	3.861279e-05	
5.226338e+00	3.254137e-05	
5.293348e+00	3.852258e-05	
5.224511e+00	5.376961e-05	
5.423980e+00	6.198625e-05	
5.156044e+00	5.865609e-05	
5.509043e+00	4.854958e-05	
5.472774e+00	6.507324e-05	
5.541710e+00	5.724792e-05	
5.698644e+00	5.630786e-05	
5.392607e+00	6.375625e-05	
5.354983e+00	5.770426e-05	
5.326789e+00	5.925025e-05	
5.135873e+00	5.831799e-05	
5.261288e+00	5.844149e-05	
5.348030e+00	5.514347e-05	
5.550879e+00	5.602579e-05	
5.452225e+00	6.429962e-05	
5.251340e+00	6.139827e-05	
5.448701e+00	5.415971e-05	
5.331705e+00	6.204956e-05	
5.388163e+00	5.909940e-05	
5.339577e+00	7.606282e-05	
5.304329e+00	5.518955e-05	
5.407642e+00	5.798688e-05	
5.561642e+00	8.105754e-05	
5.391538e+00	1.001205e-04	
5.786344e+00	1.893113e-04	
5.748675e+00	1.567882e-04	
5.245021e+00	1.420913e-04	
5.400050e+00	1.131680e-04	
5.279215e+00	1.041881e-04	
5.517372e+00	7.148909e-05	
5.487695e+00	4.778886e-05	
5.338445e+00	4.088411e-05	
5.374071e+00	3.451878e-05	
5.325961e+00	4.329066e-05	
5.193288e+00	4.367530e-05	
5.526664e+00	3.759867e-05	
5.386604e+00	3.518375e-05	
5.399993e+00	4.311447e-05	
5.382681e+00	5.026602e-05	
5.489808e+00	6.231913e-05	
5.164874e+00	4.356560e-05	
5.377049e+00	4.871289e-05	
5.429236e+00	5.489653e-05	
5.498747e+00	5.639092e-05	
5.551952e+00	5.119221e-05	
5.185078e+00	5.458988e-05	
5.264528e+00	5.082862e-05	
5.267867e+00	4.888191e-05	
5.643803e+00	4.882277e-05	
5.144675e+00	4.906569e-05	
5.500151e+00	4.431626e-05	
5.503331e+00	5.409276e-05	
5.105207e+00	5.329848e-05	
5.402557e+00	5.604764e-05	
5.276379e+00	6.102148e-05	
5.097048e+00	5.156668e-05	
5.251913e+00	4.910281e-05	
5.188013e+00	5.479609e-05	
5.173324e+00	5.853819e-05	
5.214096e+00	5.895676e-05	
5.238621e+00	5.946760e-05	
5.359029e+00	7.012494e-05	
5.514782e+00	9.222907e-05	
5.436022e+00	1.382616e-04	
5.357060e+00	1.280789e-04	
5.475246e+00	1.210943e-04	
5.262276e+00	7.380374e-05	
5.229654e+00	5.732193e-05	
5.436699e+00	3.593723e-05	
5.380342e+00	4.558550e-05	
5.203871e+00	3.326391e-05	
5.508374e+00	4.268785e-05	
5.477830e+00	3.041572e-05	
5.485343e+00	3.948402e-05	
5.491888e+00	3.124589e-05	
5.538615e+00	3.385778e-05	
5.521224e+00	4.184287e-05	
5.204166e+00	4.171596e-05	
5.602373e+00	3.802506e-05	
5.591758e+00	3.518952e-05	
5.206634e+00	4.506883e-05	
5.013359e+00	5.005520e-05	
5.294365e+00	5.257304e-05	
5.294935e+00	3.682710e-05	
5.359981e+00	3.425958e-05	
5.340360e+00	4.413023e-05	
5.463699e+00	3.984897e-05	
5.197193e+00	3.284081e-05	
5.430151e+00	3.858277e-05	
5.429044e+00	4.854243e-05	
5.313255e+00	4.675276e-05	
5.581851e+00	4.978569e-05	
5.108737e+00	5.160483e-05	
5.450527e+00	4.528111e-05	
5.184608e+00	4.648748e-05	
5.067046e+00	4.620551e-05	
5.207664e+00	4.614062e-05	
5.218269e+00	2.700175e-05	
5.408707e+00	1.436661e-05	
5.496355e+00	4.147941e-05	
5.760840e+00	1.304770e-04	
5.972309e+00	1.405142e-04	
5.236596e+00	9.659751e-05	
5.330150e+00	1.015038e-04	
5.446628e+00	9.633035e-05	
5.627572e+00	3.664854e-05	
5.702033e+00	2.920442e-05	
5.136154e+00	1.948976e-05	
5.423476e+00	3.052046e-05	
5.415952e+00	2.873567e-05	
5.302570e+00	3.611696e-05	
5.194073e+00	3.253872e-05	
5.372395e+00	3.055433e-05	
5.275481e+00	3.465313e-05	
5.131477e+00	3.560320e-05	
5.308291e+00	3.142538e-05	
5.148327e+00	3.204541e-05	
5.552548e+00	3.750833e-05	
5.375428e+00	3.310419e-05	
4.966445e+00	3.707656e-05	
5.590189e+00	4.451837e-05	
5.463066e+00	3.397574e-05	
5.252353e+00	3.238429e-05	
5.357286e+00	3.531975e-05	
5.290473e+00	2.578773e-05	
5.254439e+00	2.801192e-05	
5.492465e+00	2.851293e-05	
5.408755e+00	2.203763e-05	
5.373998e+00	2.702934e-05	
5.538072e+00	4.498454e-05	
5.330079e+00	2.637035e-05	
5.437023e+00	4.303569e-05	
5.287270e+00	3.976819e-05	
5.118200e+00	5.213043e-05	
5.303558e+00	4.225938e-05	
5.299136e+00	1.880267e-05	
5.360459e+00	6.959297e-06	
5.515566e+00	1.634547e-05	
5.628544e+00	7.014123e-05	
5.750481e+00	9.734470e-05	
5.170801e+00	8.752983e-05	
5.574245e+00	9.453308e-05	
5.251666e+00	5.925359e-05	
5.597149e+00	3.941060e-05	
5.545365e+00	1.779298e-05	
5.223602e+00	5.569009e-06	
5.369359e+00	1.737998e-05	
5.421220e+00	2.596499e-05	
5.317391e+00	4.132387e-05	
5.427579e+00	3.435758e-05	
5.472232e+00	3.391073e-05	
5.542121e+00	2.851171e-05	
5.349847e+00	2.891664e-05	
5.693629e+00	3.213614e-05	
5.562112e+00	2.455145e-05	
5.218628e+00	2.676979e-05	
5.269683e+00	2.346186e-05	
5.367439e+00	2.492984e-05	
5.159770e+00	2.890415e-05	
5.333408e+00	2.659216e-05	
5.562656e+00	2.345315e-05	
5.141346e+00	2.867431e-05	
5.336020e+00	1.815079e-05	
5.406851e+00	2.061000e-05	
5.196427e+00	2.403408e-05	
5.561855e+00	1.346211e-05	
5.352216e+00	1.691663e-05	
5.404738e+00	2.380755e-05	
5.419580e+00	3.198798e-05	
5.308328e+00	3.278118e-05	
5.284222e+00	1.984244e-05	
5.286896e+00	2.397494e-05	
5.334740e+00	3.826639e-05	
5.355637e+00	3.555152e-05	
5.171358e+00	1.411153e-07	
5.062692e+00	2.711804e-05	
5.543023e+00	1.972827e-05	
5.591919e+00	1.361510e-04	
5.887494e+00	8.120752e-05	
5.438375e+00	4.089649e-05	
5.611988e+00	1.705576e-05	
5.876428e+00	9.991594e-06	
5.805813e+00	1.763274e-05	
5.460300e+00	1.095679e-05	
5.700272e+00	1.154616e-05	
5.683680e+00	1.378417e-05	
5.307418e+00	2.074364e-05	
5.861012e+00	2.123267e-05	
5.745155e+00	2.575605e-05	
5.881571e+00	2.245192e-05	
5.806559e+00	1.046649e-05	
5.596205e+00	1.507556e-05	
5.745097e+00	2.282889e-05	
5.885620e+00	1.954462e-05	
5.759063e+00	1.189325e-05	
5.485842e+00	1.192623e-05	
5.367699e+00	1.743434e-05	
5.874124e+00	1.912983e-05	
5.780056e+00	1.500277e-05	
5.356786e+00	1.268225e-05	
5.803892e+00	1.221836e-05	
5.851122e+00	8.142729e-06	
5.361297e+00	1.121486e-05	
5.515626e+00	1.159071e-05	
5.775718e+00	2.317696e-06	
5.616694e+00	7.930816e-06	
5.633126e+00	1.537007e-05	
5.963120e+00	2.891867e-05	
5.475527e+00	2.476229e-05	
5.607429e+00	1.000641e-05	
5.844094e+00	8.517931e-06	
5.899188e+00	1.754243e-05	
5.712716e+00	4.474860e-05	
5.733784e+00	5.784207e-05	
5.513782e+00	9.745021e-05	
