1.346742e+01	1.119105e-13	
1.161869e+01	1.320055e-12	
1.295248e+01	5.355716e-13	
1.315244e+01	2.033929e-13	
1.318264e+01	3.769207e-13	
1.313217e+01	1.292300e-12	
1.345417e+01	3.477441e-12	
1.279066e+01	1.604938e-12	
1.398513e+01	1.828460e-11	
1.378452e+01	3.289591e-13	
1.157325e+01	6.493361e-12	
1.287321e+01	4.176659e-13	
1.223207e+01	7.037038e-12	
1.309499e+01	1.343592e-12	
1.314549e+01	1.484746e-11	
1.340733e+01	3.567813e-12	
1.245553e+01	1.884770e-11	
1.326222e+01	7.125411e-13	
1.271002e+01	1.250089e-11	
1.344439e+01	7.877698e-12	
1.356768e+01	2.462164e-11	
1.399301e+01	2.555733e-12	
1.352334e+01	4.227085e-11	
1.328730e+01	4.605538e-12	
1.393949e+01	8.410717e-12	
1.357680e+01	3.603784e-13	
1.224578e+01	1.417866e-12	
1.353452e+01	1.511014e-12	
1.287825e+01	9.549028e-13	
1.242350e+01	1.578737e-12	
1.291804e+01	2.470912e-12	
1.316752e+01	4.176659e-13	
1.358945e+01	4.560796e-12	
1.425439e+01	3.483880e-13	
1.371171e+01	2.510436e-12	
1.330018e+01	1.291856e-12	
1.346049e+01	4.765521e-12	
1.285303e+01	1.811884e-13	
1.218959e+01	5.551115e-16	
1.369327e+01	8.881784e-15	
1.328382e+01	1.080114e-11	
1.286044e+01	1.794685e-13	
1.300605e+01	3.489935e-13	
1.239558e+01	1.523310e-13	
1.365322e+01	8.178459e-14	
1.385702e+01	5.090878e-14	
1.348026e+01	2.200225e-14	
1.303617e+01	1.800938e-14	
1.297238e+01	1.151774e-14	
1.331781e+01	5.700196e-15	
1.193105e+01	2.720888e-15	
1.383038e+01	2.716817e-15	
1.302864e+01	6.824072e-16	
1.391482e+01	2.595515e-15	
1.328299e+01	2.489174e-15	
1.403171e+01	1.353391e-15	
1.329190e+01	4.392763e-16	
1.412964e+01	1.435743e-15	
1.323066e+01	5.668985e-16	
1.362120e+01	1.971404e-15	
1.153310e+01	1.408146e-15	
1.271135e+01	1.417246e-16	
1.237104e+01	2.727913e-15	
1.339713e+01	0	
1.419805e+01	9.022610e-16	
1.287019e+01	4.667201e-16	
1.311303e+01	2.433295e-15	
1.164255e+01	1.706018e-15	
1.280019e+01	1.811211e-16	
1.322986e+01	9.717456e-16	
1.356894e+01	1.900065e-15	
1.291573e+01	3.606566e-15	
1.309739e+01	1.435530e-15	
1.371810e+01	1.496752e-16	
1.164437e+01	1.590899e-15	
1.335394e+01	1.305073e-15	
1.306163e+01	1.040240e-14	
1.231089e+01	3.773466e-14	
1.344755e+01	3.949486e-12	
1.327479e+01	2.629319e-11	
1.377651e+01	4.843903e-13	
1.376718e+01	1.088685e-12	
1.362126e+01	7.247536e-13	
1.247564e+01	1.084355e-12	
1.345133e+01	1.424927e-11	
1.224863e+01	2.759681e-12	
1.251576e+01	8.364420e-13	
1.417900e+01	6.694645e-13	
1.296108e+01	5.145107e-12	
1.226386e+01	2.696732e-13	
1.289871e+01	3.194334e-12	
1.402847e+01	4.848344e-13	
1.383860e+01	3.805622e-12	
1.288917e+01	1.123390e-11	
1.165592e+01	9.958701e-12	
1.271535e+01	1.327416e-11	
1.353779e+01	7.241541e-12	
1.235695e+01	3.122946e-12	
1.366270e+01	5.118128e-13	
1.339167e+01	3.296474e-12	
1.208882e+01	4.948275e-11	
1.360636e+01	4.731771e-12	
1.421424e+01	1.059475e-11	
1.389615e+01	8.057111e-12	
1.324762e+01	5.695444e-14	
1.385763e+01	1.566915e-10	
1.380393e+01	8.097190e-12	
1.375065e+01	1.842149e-11	
1.392160e+01	9.164003e-12	
1.318712e+01	3.123646e-11	
1.304149e+01	1.676437e-11	
1.352342e+01	5.305312e-11	
1.336502e+01	7.958523e-12	
1.273341e+01	6.644996e-11	
1.239085e+01	5.621947e-12	
1.153422e+01	1.061751e-11	
1.385469e+01	1.931055e-11	
1.193438e+01	2.304823e-12	
1.348176e+01	2.323697e-13	
1.328652e+01	7.704948e-13	
1.395158e+01	2.131961e-12	
1.316746e+01	7.354117e-12	
1.315874e+01	1.168288e-12	
1.216952e+01	6.972201e-13	
1.372473e+01	5.843992e-12	
1.403780e+01	5.502709e-12	
1.334727e+01	1.153611e-11	
1.283831e+01	2.548206e-11	
1.324295e+01	3.154588e-12	
1.216994e+01	1.568523e-12	
1.424194e+01	5.019429e-12	
1.288733e+01	6.911138e-13	
1.285502e+01	5.826895e-12	
1.280588e+01	4.080958e-12	
1.377728e+01	1.839240e-11	
1.363800e+01	8.068435e-12	
1.256930e+01	9.086687e-11	
1.358850e+01	4.318101e-12	
1.358110e+01	6.466605e-12	
1.431612e+01	1.485145e-12	
1.415438e+01	1.400868e-11	
1.279687e+01	1.311173e-11	
1.325314e+01	1.658296e-11	
1.417059e+01	1.491580e-10	
1.369844e+01	1.511580e-11	
1.358737e+01	1.825595e-11	
1.368633e+01	1.423683e-11	
1.385570e+01	3.181899e-12	
1.276353e+01	1.858680e-11	
1.386945e+01	2.689871e-11	
1.402132e+01	1.639466e-12	
1.403846e+01	3.192113e-11	
1.287418e+01	3.407497e-12	
1.319203e+01	4.251266e-12	
1.298762e+01	4.867218e-13	
1.296940e+01	1.203082e-11	
5.819279e+00	6.011417e-06	
5.744690e+00	1.288409e-05	
5.759333e+00	1.667061e-05	
5.814271e+00	1.291559e-05	
6.020168e+00	5.763216e-06	
5.790288e+00	2.499245e-06	
5.627932e+00	2.440585e-05	
5.546772e+00	9.817638e-06	
5.540456e+00	9.440060e-06	
5.645443e+00	4.419916e-05	
5.651582e+00	4.940043e-05	
5.435953e+00	2.255196e-05	
5.619328e+00	3.839226e-05	
5.458233e+00	4.108105e-05	
5.962767e+00	2.277498e-05	
5.713612e+00	2.415576e-05	
5.619073e+00	3.991113e-05	
5.848542e+00	4.581812e-05	
5.544047e+00	3.846733e-05	
5.853753e+00	3.582640e-05	
5.738772e+00	9.370982e-07	
5.481400e+00	3.687865e-05	
6.034643e+00	4.015313e-05	
5.252325e+00	2.698882e-05	
5.790749e+00	1.504683e-05	
5.506003e+00	3.301651e-05	
5.797038e+00	3.734889e-05	
5.945244e+00	4.484984e-05	
5.591073e+00	1.534699e-05	
5.722773e+00	3.953679e-05	
5.881745e+00	3.428521e-05	
5.663617e+00	1.367467e-05	
5.777878e+00	1.607782e-05	
5.639748e+00	2.952129e-05	
5.573774e+00	2.223846e-05	
5.551849e+00	2.248555e-05	
5.446464e+00	1.846418e-05	
5.941324e+00	8.007960e-06	
5.560831e+00	2.189190e-05	
5.356509e+00	2.424976e-05	
5.108527e+00	4.506608e-05	
5.065458e+00	5.069250e-05	
5.481101e+00	3.394638e-05	
5.456833e+00	4.494202e-05	
5.135404e+00	5.698436e-05	
5.443534e+00	2.764908e-05	
5.511541e+00	4.205055e-05	
5.418126e+00	7.693184e-05	
4.952363e+00	8.856653e-05	
5.533918e+00	8.205946e-05	
5.317664e+00	6.464757e-05	
5.585922e+00	8.208721e-05	
5.297488e+00	8.398883e-05	
5.472621e+00	8.343321e-05	
5.535364e+00	7.111642e-05	
4.997945e+00	7.809150e-05	
5.071753e+00	6.720616e-05	
5.315291e+00	7.914672e-05	
5.509618e+00	5.566063e-05	
5.349201e+00	5.421276e-05	
5.332812e+00	8.570267e-05	
5.310232e+00	6.728221e-05	
5.337642e+00	5.141885e-05	
5.426552e+00	7.062549e-05	
5.222797e+00	7.938219e-05	
5.482129e+00	6.537923e-05	
5.574733e+00	4.675188e-05	
5.487486e+00	6.432723e-05	
5.528578e+00	7.004647e-05	
5.346579e+00	4.670922e-05	
5.459482e+00	5.078988e-05	
5.362521e+00	4.336312e-05	
5.430281e+00	3.738566e-05	
5.419734e+00	3.732821e-05	
5.247409e+00	4.993097e-05	
5.799432e+00	2.649771e-05	
5.743324e+00	3.517059e-05	
5.402136e+00	5.582832e-05	
5.468392e+00	5.426409e-05	
5.454339e+00	5.695490e-05	
5.364589e+00	5.501050e-05	
5.300437e+00	7.614528e-05	
5.262627e+00	5.484775e-05	
5.497721e+00	7.019142e-05	
5.410606e+00	7.136062e-05	
5.131743e+00	1.170144e-04	
5.303648e+00	1.033931e-04	
5.507365e+00	1.312443e-04	
5.251248e+00	9.464176e-05	
5.292516e+00	1.143762e-04	
5.193419e+00	1.197375e-04	
5.505557e+00	1.384663e-04	
5.515966e+00	9.907602e-05	
5.180727e+00	1.018328e-04	
5.320173e+00	8.845973e-05	
5.054896e+00	1.091659e-04	
5.348467e+00	1.020372e-04	
5.428050e+00	9.457627e-05	
5.484656e+00	8.330174e-05	
5.439710e+00	9.663298e-05	
5.648654e+00	8.006955e-05	
5.277520e+00	1.092408e-04	
5.372101e+00	8.349285e-05	
5.144794e+00	8.464906e-05	
5.428429e+00	9.898300e-05	
5.270057e+00	9.970798e-05	
5.227912e+00	7.802355e-05	
5.526416e+00	8.318974e-05	
5.340259e+00	7.053157e-05	
5.513262e+00	7.116112e-05	
5.467514e+00	7.569613e-05	
5.305690e+00	6.765149e-05	
5.510138e+00	5.859147e-05	
5.964915e+00	5.427511e-05	
5.637787e+00	6.915713e-05	
5.527225e+00	6.704311e-05	
5.470385e+00	6.455510e-05	
5.173276e+00	7.836120e-05	
5.532688e+00	8.709062e-05	
5.538978e+00	8.606082e-05	
5.149092e+00	9.805827e-05	
5.441916e+00	1.149892e-04	
5.456364e+00	1.128307e-04	
5.389166e+00	9.856625e-05	
5.264400e+00	1.254128e-04	
5.372277e+00	1.297818e-04	
5.533294e+00	1.272096e-04	
5.283025e+00	1.200402e-04	
5.405472e+00	1.470424e-04	
5.228137e+00	1.284155e-04	
5.337894e+00	1.273761e-04	
5.522433e+00	1.192283e-04	
5.597685e+00	1.190181e-04	
5.328567e+00	1.254828e-04	
5.440621e+00	1.433163e-04	
5.240202e+00	1.353308e-04	
5.261120e+00	1.224134e-04	
5.119965e+00	1.148442e-04	
5.579232e+00	1.409591e-04	
5.352414e+00	1.087241e-04	
5.431743e+00	1.060022e-04	
5.520969e+00	1.100500e-04	
5.308098e+00	1.292243e-04	
5.384668e+00	1.117286e-04	
5.432749e+00	1.166842e-04	
5.470007e+00	1.278186e-04	
5.297207e+00	8.597606e-05	
5.434708e+00	9.297643e-05	
5.282062e+00	1.008968e-04	
5.274152e+00	9.736774e-05	
5.440142e+00	9.152487e-05	
5.543107e+00	5.713906e-05	
5.364775e+00	5.790390e-05	
5.521510e+00	1.043523e-04	
5.507904e+00	1.167181e-04	
5.606489e+00	9.841658e-05	
5.424648e+00	1.062884e-04	
5.517033e+00	1.083977e-04	
5.374284e+00	1.073991e-04	
5.315412e+00	1.309292e-04	
5.592413e+00	1.445269e-04	
5.387855e+00	1.155839e-04	
5.206587e+00	1.305692e-04	
5.273019e+00	1.221081e-04	
5.470390e+00	1.583429e-04	
5.253814e+00	1.417831e-04	
5.402596e+00	1.409433e-04	
5.382552e+00	1.255618e-04	
5.184455e+00	1.333070e-04	
5.421096e+00	1.409942e-04	
5.581093e+00	1.225827e-04	
5.438627e+00	1.228784e-04	
5.446686e+00	1.539614e-04	
5.400226e+00	1.534263e-04	
5.635843e+00	1.319905e-04	
5.498067e+00	1.294744e-04	
5.256512e+00	1.530355e-04	
5.415556e+00	1.314092e-04	
5.317923e+00	1.244547e-04	
5.303659e+00	1.074310e-04	
5.378356e+00	1.337342e-04	
5.430672e+00	1.275249e-04	
5.351431e+00	1.344570e-04	
5.054210e+00	1.322137e-04	
5.655373e+00	1.212660e-04	
5.199711e+00	1.130760e-04	
5.454649e+00	1.158311e-04	
5.517626e+00	1.225314e-04	
5.503301e+00	1.094759e-04	
5.434103e+00	6.112965e-05	
5.737031e+00	7.980337e-05	
5.350663e+00	9.888827e-05	
5.502168e+00	1.171026e-04	
5.493511e+00	1.147463e-04	
5.323204e+00	1.152200e-04	
5.332656e+00	1.376950e-04	
5.357326e+00	1.499247e-04	
5.435634e+00	1.499003e-04	
5.085015e+00	1.556512e-04	
5.617309e+00	1.384256e-04	
5.291892e+00	1.300395e-04	
5.421646e+00	1.450675e-04	
5.499126e+00	1.640882e-04	
5.341274e+00	1.589618e-04	
5.210635e+00	1.492636e-04	
5.136935e+00	1.488803e-04	
5.348120e+00	1.582964e-04	
5.290168e+00	1.338726e-04	
5.469191e+00	1.513995e-04	
5.378169e+00	1.397430e-04	
5.122202e+00	1.379016e-04	
5.020639e+00	1.415249e-04	
5.515157e+00	1.495014e-04	
5.479516e+00	1.359489e-04	
5.210398e+00	1.502719e-04	
5.322297e+00	1.497567e-04	
5.195054e+00	1.414332e-04	
5.514426e+00	1.296148e-04	
5.196995e+00	1.466159e-04	
5.594667e+00	1.424571e-04	
5.621738e+00	1.525665e-04	
5.359410e+00	1.541066e-04	
5.509240e+00	1.641785e-04	
5.431116e+00	1.340784e-04	
5.340012e+00	1.352200e-04	
5.160721e+00	1.105112e-04	
5.449026e+00	1.028123e-04	
5.941271e+00	7.396753e-05	
5.461700e+00	8.220424e-05	
5.443508e+00	1.184572e-04	
5.287225e+00	1.278421e-04	
5.100391e+00	1.494343e-04	
5.530125e+00	1.498065e-04	
5.540009e+00	1.549384e-04	
5.375055e+00	1.460157e-04	
5.332347e+00	1.613145e-04	
5.329309e+00	1.456932e-04	
5.597978e+00	1.644942e-04	
5.353477e+00	1.481363e-04	
5.423219e+00	1.484525e-04	
5.406481e+00	1.466661e-04	
5.346759e+00	1.733832e-04	
5.717602e+00	1.564914e-04	
5.548493e+00	1.549589e-04	
5.138399e+00	1.513342e-04	
5.489751e+00	1.462202e-04	
5.275311e+00	1.578431e-04	
5.306466e+00	1.449984e-04	
5.395956e+00	1.466209e-04	
5.014986e+00	1.529017e-04	
5.363300e+00	1.558310e-04	
5.247682e+00	1.595644e-04	
5.313719e+00	1.444242e-04	
5.421695e+00	1.643392e-04	
5.479551e+00	1.601815e-04	
5.588080e+00	1.581304e-04	
5.180265e+00	1.485629e-04	
5.492812e+00	1.564224e-04	
5.284826e+00	1.471492e-04	
5.499201e+00	1.687947e-04	
5.289630e+00	1.718619e-04	
5.666768e+00	1.569599e-04	
5.155688e+00	1.376207e-04	
5.266931e+00	1.310952e-04	
5.162986e+00	1.241057e-04	
5.956658e+00	8.597019e-05	
5.530699e+00	9.714044e-05	
5.359351e+00	1.233843e-04	
5.104119e+00	1.495148e-04	
5.265782e+00	1.644311e-04	
5.265840e+00	1.653845e-04	
5.531172e+00	1.464990e-04	
5.316035e+00	1.602827e-04	
5.156551e+00	1.751067e-04	
5.452516e+00	1.564894e-04	
5.436490e+00	1.773345e-04	
5.582085e+00	1.558727e-04	
5.524603e+00	1.664867e-04	
5.511989e+00	1.581751e-04	
5.176598e+00	1.419536e-04	
5.361000e+00	1.603238e-04	
5.500945e+00	1.637093e-04	
5.383326e+00	1.470750e-04	
5.498916e+00	1.610931e-04	
5.508082e+00	1.702469e-04	
5.570263e+00	1.591957e-04	
5.400347e+00	1.571062e-04	
5.472229e+00	1.490164e-04	
5.354755e+00	1.698132e-04	
5.508922e+00	1.673623e-04	
5.090344e+00	1.588853e-04	
5.309445e+00	1.535203e-04	
5.462176e+00	1.528286e-04	
5.285743e+00	1.671232e-04	
5.048808e+00	1.535318e-04	
5.511627e+00	1.422347e-04	
5.485213e+00	1.531549e-04	
5.298168e+00	1.472221e-04	
5.438008e+00	1.589890e-04	
5.643722e+00	1.588668e-04	
5.554525e+00	1.478297e-04	
5.322624e+00	1.540866e-04	
5.372539e+00	1.522375e-04	
5.649791e+00	1.188925e-04	
5.703998e+00	8.370586e-05	
5.174499e+00	1.373408e-04	
5.232212e+00	1.590752e-04	
5.350338e+00	1.546903e-04	
5.313339e+00	1.652822e-04	
5.446737e+00	1.573892e-04	
5.347582e+00	1.717856e-04	
5.247878e+00	1.722488e-04	
5.403339e+00	1.651312e-04	
5.153273e+00	1.865170e-04	
5.472636e+00	1.880273e-04	
5.242963e+00	1.788504e-04	
5.213812e+00	1.671150e-04	
5.446254e+00	1.627193e-04	
5.023685e+00	1.598611e-04	
5.464612e+00	1.571484e-04	
5.338537e+00	1.617788e-04	
5.446014e+00	1.737185e-04	
5.096637e+00	1.667049e-04	
5.350157e+00	1.626792e-04	
5.440054e+00	1.653151e-04	
5.489328e+00	1.627221e-04	
5.411428e+00	1.636823e-04	
5.406124e+00	1.635174e-04	
5.423220e+00	1.638050e-04	
5.292032e+00	1.663470e-04	
5.406349e+00	1.680073e-04	
5.457468e+00	1.724933e-04	
5.248736e+00	1.580069e-04	
5.240870e+00	1.544765e-04	
5.365955e+00	1.631335e-04	
5.161800e+00	1.594607e-04	
5.311987e+00	1.681217e-04	
5.288908e+00	1.552811e-04	
5.370431e+00	1.519766e-04	
5.459975e+00	1.463845e-04	
5.401650e+00	1.638793e-04	
5.519547e+00	1.117694e-04	
5.376366e+00	1.273573e-04	
5.649773e+00	1.626128e-04	
5.374762e+00	1.371330e-04	
5.172132e+00	1.679970e-04	
5.345553e+00	1.501802e-04	
5.537131e+00	1.662534e-04	
5.503769e+00	1.727316e-04	
5.201490e+00	1.713633e-04	
5.578800e+00	1.846209e-04	
5.569452e+00	1.702112e-04	
5.377548e+00	1.852688e-04	
5.225275e+00	1.843867e-04	
5.679164e+00	1.758093e-04	
5.500952e+00	1.664988e-04	
5.620511e+00	1.535329e-04	
5.408623e+00	1.562734e-04	
5.454239e+00	1.676962e-04	
5.363741e+00	1.764047e-04	
5.592304e+00	1.583560e-04	
5.537162e+00	1.754977e-04	
5.290503e+00	1.761383e-04	
5.439195e+00	1.606639e-04	
5.428553e+00	1.707959e-04	
5.361027e+00	1.571230e-04	
5.568668e+00	1.673048e-04	
5.508669e+00	1.623478e-04	
5.560857e+00	1.713848e-04	
5.173659e+00	1.670346e-04	
5.433181e+00	1.683220e-04	
5.516752e+00	1.650984e-04	
5.322361e+00	1.617448e-04	
5.537956e+00	1.553669e-04	
5.271618e+00	1.563305e-04	
5.437191e+00	1.673802e-04	
5.535390e+00	1.603670e-04	
5.311624e+00	1.529889e-04	
5.163735e+00	1.342905e-04	
5.719933e+00	1.085371e-04	
5.580736e+00	1.128307e-04	
5.410218e+00	1.568762e-04	
5.442494e+00	1.839080e-04	
5.338707e+00	1.707595e-04	
5.510632e+00	1.796872e-04	
5.486066e+00	1.637703e-04	
5.299466e+00	1.694793e-04	
5.481520e+00	1.590143e-04	
5.380060e+00	1.782338e-04	
5.537531e+00	1.693552e-04	
5.308059e+00	1.847720e-04	
5.133906e+00	1.617073e-04	
5.152365e+00	1.715252e-04	
5.388821e+00	1.690162e-04	
5.255019e+00	1.605942e-04	
5.451731e+00	1.621200e-04	
5.398654e+00	1.701300e-04	
5.301668e+00	1.503656e-04	
5.511052e+00	1.664006e-04	
5.344246e+00	1.716285e-04	
5.092703e+00	1.604038e-04	
5.310501e+00	1.568902e-04	
5.283345e+00	1.567692e-04	
5.546450e+00	1.603795e-04	
5.353118e+00	1.604578e-04	
5.247170e+00	1.665505e-04	
5.165301e+00	1.621879e-04	
5.270337e+00	1.517630e-04	
5.571273e+00	1.566582e-04	
5.576761e+00	1.754517e-04	
5.293269e+00	1.652594e-04	
5.284145e+00	1.719676e-04	
5.045312e+00	1.603956e-04	
5.170935e+00	1.582453e-04	
5.372849e+00	1.626803e-04	
5.276078e+00	1.570466e-04	
5.165375e+00	1.467901e-04	
5.671428e+00	1.104535e-04	
5.474723e+00	1.665155e-04	
5.380347e+00	1.891064e-04	
5.466809e+00	1.803508e-04	
5.438949e+00	1.657006e-04	
5.505519e+00	1.790944e-04	
5.402418e+00	1.711467e-04	
5.152347e+00	1.554512e-04	
5.408840e+00	1.565015e-04	
5.134419e+00	1.719022e-04	
5.500102e+00	1.762985e-04	
5.246119e+00	1.738159e-04	
5.393573e+00	1.702974e-04	
5.337650e+00	1.581104e-04	
5.393129e+00	1.722207e-04	
5.504672e+00	1.676728e-04	
5.335434e+00	1.784634e-04	
5.359848e+00	1.572238e-04	
5.431194e+00	1.621037e-04	
5.433646e+00	1.593089e-04	
5.161609e+00	1.601340e-04	
5.097452e+00	1.607784e-04	
5.306223e+00	1.493488e-04	
5.403027e+00	1.491806e-04	
5.254207e+00	1.686924e-04	
5.420228e+00	1.559083e-04	
5.371529e+00	1.617824e-04	
5.367133e+00	1.630418e-04	
5.293909e+00	1.610773e-04	
5.306349e+00	1.703145e-04	
5.071253e+00	1.572872e-04	
5.604805e+00	1.535211e-04	
5.134653e+00	1.614851e-04	
5.135542e+00	1.590006e-04	
5.305973e+00	1.544595e-04	
5.240475e+00	1.526289e-04	
5.214669e+00	1.367048e-04	
5.572335e+00	1.370838e-04	
5.786538e+00	1.230229e-04	
5.735653e+00	1.423422e-04	
5.445405e+00	1.559841e-04	
5.214637e+00	1.587512e-04	
5.090429e+00	1.669922e-04	
5.404881e+00	1.792939e-04	
5.373177e+00	1.732385e-04	
5.246731e+00	1.568674e-04	
5.542452e+00	1.574990e-04	
5.105190e+00	1.661068e-04	
5.521110e+00	1.718186e-04	
5.384570e+00	1.705544e-04	
5.319014e+00	1.601369e-04	
5.606263e+00	1.636227e-04	
5.138846e+00	1.591124e-04	
5.419824e+00	1.662007e-04	
5.305089e+00	1.710550e-04	
5.350522e+00	1.652871e-04	
5.367290e+00	1.642828e-04	
5.223247e+00	1.656385e-04	
5.528292e+00	1.555211e-04	
5.290903e+00	1.543844e-04	
5.690061e+00	1.516017e-04	
5.368033e+00	1.563532e-04	
5.186460e+00	1.494669e-04	
5.344729e+00	1.472839e-04	
5.402031e+00	1.393141e-04	
5.563519e+00	1.539099e-04	
5.402024e+00	1.584357e-04	
5.444063e+00	1.470125e-04	
5.205385e+00	1.518330e-04	
5.583730e+00	1.501769e-04	
5.462540e+00	1.464882e-04	
5.348689e+00	1.531777e-04	
5.339566e+00	1.565286e-04	
5.345670e+00	1.452272e-04	
5.334269e+00	1.356230e-04	
5.375294e+00	1.562587e-04	
5.917895e+00	1.729894e-04	
5.701237e+00	1.273632e-04	
5.343886e+00	1.508915e-04	
5.274301e+00	1.703112e-04	
5.462660e+00	1.565476e-04	
5.095914e+00	1.689225e-04	
5.118305e+00	1.838830e-04	
5.408426e+00	1.677418e-04	
5.445512e+00	1.715199e-04	
5.381864e+00	1.459929e-04	
5.338954e+00	1.544645e-04	
5.026156e+00	1.587996e-04	
5.289754e+00	1.669277e-04	
5.263758e+00	1.635811e-04	
5.279708e+00	1.583080e-04	
5.381034e+00	1.586333e-04	
5.214433e+00	1.608948e-04	
5.178212e+00	1.659779e-04	
5.494592e+00	1.662250e-04	
5.411706e+00	1.573567e-04	
5.307593e+00	1.570974e-04	
5.550359e+00	1.489238e-04	
5.481648e+00	1.669344e-04	
5.494244e+00	1.508175e-04	
5.328523e+00	1.488917e-04	
5.273178e+00	1.454835e-04	
5.460309e+00	1.445652e-04	
5.188920e+00	1.524659e-04	
5.166373e+00	1.428773e-04	
5.262434e+00	1.451901e-04	
5.226807e+00	1.501838e-04	
5.265991e+00	1.488874e-04	
5.301243e+00	1.430616e-04	
5.390516e+00	1.542317e-04	
5.393384e+00	1.547770e-04	
5.168452e+00	1.542193e-04	
5.555672e+00	1.467689e-04	
5.217281e+00	1.497777e-04	
5.989453e+00	1.373483e-04	
5.327178e+00	1.706638e-04	
5.524589e+00	1.758303e-04	
5.410245e+00	1.580146e-04	
5.321398e+00	1.595468e-04	
5.552705e+00	1.599082e-04	
5.180465e+00	1.566462e-04	
5.623766e+00	1.673308e-04	
5.487358e+00	1.555104e-04	
5.444675e+00	1.581869e-04	
5.202750e+00	1.522776e-04	
5.429532e+00	1.583232e-04	
5.508723e+00	1.504463e-04	
5.194537e+00	1.619448e-04	
5.188897e+00	1.538272e-04	
5.307373e+00	1.580739e-04	
5.506365e+00	1.606414e-04	
5.350999e+00	1.621093e-04	
5.231738e+00	1.549714e-04	
5.341378e+00	1.632565e-04	
5.466494e+00	1.471093e-04	
5.301251e+00	1.584139e-04	
5.302643e+00	1.620870e-04	
5.692668e+00	1.598707e-04	
5.369717e+00	1.371809e-04	
5.643880e+00	1.397126e-04	
5.431539e+00	1.512868e-04	
5.367608e+00	1.503306e-04	
5.375670e+00	1.502006e-04	
5.533203e+00	1.454878e-04	
5.188410e+00	1.376281e-04	
5.406118e+00	1.506360e-04	
5.392581e+00	1.420276e-04	
5.293410e+00	1.455251e-04	
5.342161e+00	1.485962e-04	
5.543995e+00	1.675873e-04	
5.368898e+00	1.771346e-04	
5.205988e+00	1.702370e-04	
5.558567e+00	1.415985e-04	
5.732217e+00	1.559048e-04	
5.432046e+00	1.855595e-04	
5.482398e+00	1.797813e-04	
5.307731e+00	1.747558e-04	
5.562862e+00	1.550240e-04	
5.351383e+00	1.612437e-04	
5.344625e+00	1.584092e-04	
5.326391e+00	1.638016e-04	
5.520749e+00	1.694634e-04	
5.338381e+00	1.484452e-04	
5.278683e+00	1.538045e-04	
5.370847e+00	1.564048e-04	
5.416889e+00	1.516380e-04	
5.362570e+00	1.550583e-04	
5.532503e+00	1.620495e-04	
5.282584e+00	1.527572e-04	
5.281052e+00	1.480124e-04	
5.414201e+00	1.481478e-04	
5.433272e+00	1.493269e-04	
5.582840e+00	1.640522e-04	
5.532310e+00	1.510326e-04	
5.444840e+00	1.665295e-04	
5.136148e+00	1.593902e-04	
5.324883e+00	1.516069e-04	
5.340745e+00	1.451577e-04	
5.477576e+00	1.549938e-04	
5.497276e+00	1.465765e-04	
5.447406e+00	1.469756e-04	
5.445582e+00	1.478103e-04	
5.328435e+00	1.401251e-04	
5.355334e+00	1.368611e-04	
5.511603e+00	1.517946e-04	
5.177844e+00	1.633211e-04	
5.384996e+00	1.738198e-04	
5.504761e+00	1.596844e-04	
5.388304e+00	1.643892e-04	
5.265868e+00	1.652761e-04	
5.792287e+00	1.409654e-04	
5.752965e+00	1.831464e-04	
5.308448e+00	1.619330e-04	
5.471307e+00	1.702278e-04	
5.248374e+00	1.486814e-04	
5.424313e+00	1.681560e-04	
5.412540e+00	1.792049e-04	
5.324416e+00	1.616947e-04	
5.679695e+00	1.603446e-04	
5.372614e+00	1.648029e-04	
5.497312e+00	1.476576e-04	
5.355702e+00	1.430534e-04	
5.502652e+00	1.487974e-04	
5.579351e+00	1.473270e-04	
5.442272e+00	1.420139e-04	
5.382210e+00	1.451315e-04	
5.503710e+00	1.478698e-04	
5.337945e+00	1.473667e-04	
5.413344e+00	1.444641e-04	
5.231776e+00	1.494950e-04	
5.267805e+00	1.542341e-04	
5.621010e+00	1.577244e-04	
5.372428e+00	1.511406e-04	
5.435783e+00	1.563733e-04	
5.530221e+00	1.522848e-04	
5.665395e+00	1.596412e-04	
5.058204e+00	1.615065e-04	
5.304611e+00	1.485378e-04	
5.351761e+00	1.478309e-04	
5.380161e+00	1.301737e-04	
5.645035e+00	1.338148e-04	
5.548458e+00	1.383659e-04	
5.509883e+00	1.665623e-04	
5.153250e+00	1.614680e-04	
5.274124e+00	1.816147e-04	
5.700514e+00	1.585068e-04	
5.417559e+00	1.717610e-04	
5.261733e+00	1.700066e-04	
5.749730e+00	1.999656e-04	
5.778503e+00	1.541121e-04	
5.423137e+00	1.590102e-04	
5.321321e+00	1.530108e-04	
5.325086e+00	1.724088e-04	
5.306110e+00	1.632328e-04	
5.298542e+00	1.763908e-04	
5.406704e+00	1.557216e-04	
5.504084e+00	1.583538e-04	
5.515283e+00	1.530828e-04	
5.432393e+00	1.464625e-04	
5.502587e+00	1.422312e-04	
5.504787e+00	1.516319e-04	
5.280950e+00	1.504377e-04	
5.361565e+00	1.380780e-04	
5.367218e+00	1.368022e-04	
5.305495e+00	1.461866e-04	
5.433504e+00	1.484134e-04	
5.544303e+00	1.428117e-04	
5.565526e+00	1.432825e-04	
5.269090e+00	1.600477e-04	
5.227478e+00	1.568294e-04	
5.122991e+00	1.459408e-04	
5.050003e+00	1.457128e-04	
5.446723e+00	1.529444e-04	
5.446715e+00	1.587731e-04	
5.335181e+00	1.461949e-04	
5.338494e+00	1.546351e-04	
5.294624e+00	1.315490e-04	
5.371912e+00	1.387511e-04	
5.650648e+00	1.381540e-04	
5.301475e+00	1.434161e-04	
5.497733e+00	1.481488e-04	
5.330632e+00	1.621073e-04	
5.168428e+00	1.606853e-04	
5.502617e+00	1.837429e-04	
5.155784e+00	1.649667e-04	
5.676743e+00	1.679995e-04	
5.444661e+00	1.735213e-04	
5.714602e+00	1.537914e-04	
5.220945e+00	1.753402e-04	
5.297716e+00	1.794314e-04	
5.643057e+00	1.716318e-04	
5.445851e+00	1.685481e-04	
5.594900e+00	1.574601e-04	
5.303516e+00	1.484537e-04	
5.326728e+00	1.403584e-04	
5.218311e+00	1.612047e-04	
5.346408e+00	1.573835e-04	
5.532499e+00	1.506427e-04	
5.411893e+00	1.524645e-04	
5.437039e+00	1.574129e-04	
5.393496e+00	1.447828e-04	
5.054197e+00	1.421432e-04	
5.377151e+00	1.330194e-04	
5.333128e+00	1.461832e-04	
5.461222e+00	1.463457e-04	
5.556913e+00	1.501255e-04	
5.430749e+00	1.401491e-04	
5.371558e+00	1.528402e-04	
5.434434e+00	1.420681e-04	
5.184628e+00	1.386771e-04	
5.430146e+00	1.423780e-04	
5.167503e+00	1.438407e-04	
5.580014e+00	1.444375e-04	
5.326445e+00	1.410608e-04	
5.406930e+00	1.331613e-04	
5.339937e+00	1.391335e-04	
5.180885e+00	1.526804e-04	
5.381674e+00	1.547489e-04	
5.334919e+00	1.389489e-04	
5.270592e+00	1.461208e-04	
5.379140e+00	1.571344e-04	
5.435473e+00	1.697898e-04	
5.289961e+00	1.704187e-04	
5.479963e+00	1.655874e-04	
5.796162e+00	1.396363e-04	
5.725105e+00	1.414493e-04	
5.117451e+00	1.731770e-04	
5.344709e+00	1.856040e-04	
5.497066e+00	1.692707e-04	
5.539658e+00	1.608316e-04	
5.384344e+00	1.550825e-04	
5.220058e+00	1.561178e-04	
5.471717e+00	1.386406e-04	
5.126044e+00	1.558408e-04	
5.479384e+00	1.574270e-04	
5.386014e+00	1.484370e-04	
5.618374e+00	1.530251e-04	
5.040610e+00	1.447040e-04	
5.481255e+00	1.537213e-04	
5.357073e+00	1.388490e-04	
5.372773e+00	1.413418e-04	
5.302720e+00	1.317003e-04	
5.156597e+00	1.444582e-04	
5.452196e+00	1.421928e-04	
5.418414e+00	1.394249e-04	
5.337629e+00	1.311201e-04	
5.291277e+00	1.295789e-04	
5.458146e+00	1.241085e-04	
5.546360e+00	1.435812e-04	
5.459241e+00	1.327280e-04	
5.111936e+00	1.417907e-04	
5.218153e+00	1.362081e-04	
5.453462e+00	1.302384e-04	
5.654063e+00	1.339749e-04	
5.372242e+00	1.368508e-04	
5.354585e+00	1.463646e-04	
5.571185e+00	1.435483e-04	
5.189435e+00	1.258380e-04	
5.395324e+00	1.378875e-04	
5.357102e+00	1.381627e-04	
5.391938e+00	1.642320e-04	
5.434821e+00	2.153191e-04	
5.263121e+00	1.848795e-04	
5.704776e+00	1.356016e-04	
5.448545e+00	1.624045e-04	
5.270355e+00	1.587641e-04	
5.291390e+00	1.881328e-04	
5.303737e+00	1.664477e-04	
5.413358e+00	1.645467e-04	
5.277575e+00	1.343300e-04	
5.285385e+00	1.444945e-04	
5.305910e+00	1.406125e-04	
5.341530e+00	1.562553e-04	
5.403924e+00	1.537856e-04	
5.417276e+00	1.472792e-04	
5.451928e+00	1.326171e-04	
5.447763e+00	1.445457e-04	
5.531264e+00	1.433300e-04	
5.373701e+00	1.294000e-04	
5.530224e+00	1.351433e-04	
5.444717e+00	1.411035e-04	
5.352692e+00	1.392389e-04	
5.375541e+00	1.332474e-04	
5.540807e+00	1.319372e-04	
5.629409e+00	1.227752e-04	
5.532098e+00	1.269708e-04	
5.134513e+00	1.375678e-04	
5.475893e+00	1.270789e-04	
5.267204e+00	1.232142e-04	
5.436947e+00	1.292853e-04	
5.594254e+00	1.384623e-04	
5.355041e+00	1.421555e-04	
5.414325e+00	1.381868e-04	
4.997661e+00	1.364129e-04	
5.511167e+00	1.236974e-04	
5.318618e+00	1.173856e-04	
5.315703e+00	1.083420e-04	
5.606934e+00	1.533183e-04	
5.258781e+00	1.546786e-04	
5.141104e+00	2.093656e-04	
5.847786e+00	1.533943e-04	
5.818160e+00	1.330946e-04	
5.573474e+00	1.473419e-04	
5.021972e+00	1.880600e-04	
5.513993e+00	1.673704e-04	
5.332113e+00	1.712693e-04	
5.152165e+00	1.618771e-04	
5.483721e+00	1.461484e-04	
5.366214e+00	1.445706e-04	
5.389185e+00	1.389281e-04	
5.243416e+00	1.406616e-04	
5.298340e+00	1.407290e-04	
5.191412e+00	1.334109e-04	
5.330578e+00	1.405082e-04	
5.411200e+00	1.441176e-04	
5.438380e+00	1.403153e-04	
5.576319e+00	1.367462e-04	
5.365021e+00	1.309051e-04	
5.156906e+00	1.264538e-04	
5.623330e+00	1.243761e-04	
5.318290e+00	1.363024e-04	
5.251896e+00	1.220447e-04	
5.413940e+00	1.171392e-04	
5.461369e+00	1.356277e-04	
5.441594e+00	1.337892e-04	
5.236193e+00	1.337553e-04	
5.488118e+00	1.217716e-04	
5.338437e+00	1.270369e-04	
5.299178e+00	1.382648e-04	
5.400976e+00	1.370981e-04	
5.431915e+00	1.373776e-04	
5.253899e+00	1.250723e-04	
5.374217e+00	1.187713e-04	
5.274896e+00	1.190125e-04	
5.267111e+00	1.307444e-04	
5.297734e+00	1.225416e-04	
5.296282e+00	1.418362e-04	
5.479311e+00	1.422885e-04	
5.956106e+00	2.083655e-04	
5.548972e+00	1.626975e-04	
5.492185e+00	1.981661e-04	
5.434553e+00	1.579832e-04	
5.075044e+00	1.648199e-04	
5.233739e+00	1.855782e-04	
5.403923e+00	1.536793e-04	
5.463079e+00	1.454095e-04	
5.292871e+00	1.338047e-04	
5.119056e+00	1.361495e-04	
5.194957e+00	1.344374e-04	
5.325774e+00	1.273912e-04	
5.217303e+00	1.282178e-04	
5.569671e+00	1.321028e-04	
5.140479e+00	1.339895e-04	
5.496403e+00	1.279136e-04	
5.554431e+00	1.318375e-04	
5.265346e+00	1.303453e-04	
5.585357e+00	1.122261e-04	
5.446486e+00	1.248913e-04	
5.292492e+00	1.196114e-04	
5.326946e+00	1.174984e-04	
5.676596e+00	1.216266e-04	
5.180298e+00	1.320542e-04	
5.375169e+00	1.266093e-04	
5.503946e+00	1.296029e-04	
5.542031e+00	1.335525e-04	
5.263250e+00	1.255790e-04	
5.403089e+00	1.331193e-04	
5.451426e+00	1.359672e-04	
5.243186e+00	1.315034e-04	
5.338632e+00	1.197647e-04	
5.216118e+00	1.194751e-04	
5.505176e+00	1.209590e-04	
5.724495e+00	1.094449e-04	
5.291090e+00	1.334060e-04	
5.388034e+00	1.248555e-04	
5.598414e+00	1.736312e-04	
5.668527e+00	1.810881e-04	
6.090633e+00	1.780489e-04	
5.507700e+00	1.640254e-04	
5.374410e+00	1.723676e-04	
5.249976e+00	1.631962e-04	
5.433516e+00	1.472300e-04	
5.100550e+00	1.398083e-04	
5.393406e+00	1.412830e-04	
5.155953e+00	1.404086e-04	
5.490835e+00	1.371398e-04	
5.300413e+00	1.286764e-04	
5.346605e+00	1.232003e-04	
5.583372e+00	1.147192e-04	
5.278889e+00	1.228797e-04	
4.941199e+00	1.145402e-04	
5.522665e+00	1.252139e-04	
5.350173e+00	1.251517e-04	
5.428278e+00	1.083468e-04	
5.515391e+00	1.146855e-04	
5.410889e+00	1.100035e-04	
5.310239e+00	1.140989e-04	
5.496157e+00	1.132362e-04	
5.551582e+00	1.252552e-04	
5.421121e+00	1.262574e-04	
5.326498e+00	1.248248e-04	
5.366747e+00	1.287767e-04	
5.321514e+00	1.222347e-04	
5.703284e+00	1.124910e-04	
5.231907e+00	1.223017e-04	
5.359733e+00	1.255536e-04	
5.269921e+00	1.246200e-04	
5.379214e+00	1.131642e-04	
5.186433e+00	1.042140e-04	
5.361319e+00	1.247550e-04	
5.707233e+00	1.395310e-04	
5.238724e+00	1.194808e-04	
5.543441e+00	1.356683e-04	
5.333454e+00	1.588851e-04	
5.713273e+00	1.266199e-04	
5.554880e+00	1.198576e-04	
5.148969e+00	1.787720e-04	
5.214478e+00	1.743951e-04	
5.205565e+00	1.668672e-04	
5.443100e+00	1.605354e-04	
5.465396e+00	1.424833e-04	
5.705730e+00	1.283764e-04	
5.398609e+00	1.180882e-04	
5.320262e+00	1.178996e-04	
5.291098e+00	1.134839e-04	
5.363831e+00	1.080585e-04	
5.291767e+00	1.269794e-04	
5.471842e+00	1.070852e-04	
5.499292e+00	1.106720e-04	
5.328658e+00	1.113746e-04	
5.239358e+00	1.118692e-04	
5.405009e+00	1.075145e-04	
5.287532e+00	1.017024e-04	
5.364517e+00	1.109374e-04	
5.306369e+00	1.001024e-04	
5.446731e+00	1.111390e-04	
5.353044e+00	1.200069e-04	
5.163441e+00	1.112527e-04	
5.633509e+00	1.158614e-04	
5.407299e+00	1.138030e-04	
5.393481e+00	1.180368e-04	
5.509825e+00	1.136507e-04	
5.548752e+00	1.017373e-04	
5.455346e+00	9.945843e-05	
5.162487e+00	1.095093e-04	
5.473110e+00	1.143510e-04	
5.397353e+00	1.095590e-04	
5.357035e+00	9.506037e-05	
5.549011e+00	1.239073e-04	
5.545353e+00	1.328807e-04	
5.502198e+00	1.591907e-04	
5.507786e+00	1.516837e-04	
5.605605e+00	1.634710e-04	
5.408602e+00	1.608073e-04	
5.337032e+00	1.640992e-04	
5.290934e+00	1.610842e-04	
5.307619e+00	1.416144e-04	
5.383625e+00	1.468716e-04	
5.295114e+00	1.386984e-04	
5.252411e+00	1.256228e-04	
5.284520e+00	1.168395e-04	
5.196115e+00	1.033418e-04	
5.078662e+00	1.091549e-04	
5.550690e+00	1.151515e-04	
5.043486e+00	1.019788e-04	
5.349027e+00	1.074201e-04	
5.505284e+00	9.529787e-05	
5.107818e+00	1.020838e-04	
5.450264e+00	1.001417e-04	
5.567220e+00	1.011753e-04	
5.462474e+00	1.085704e-04	
5.177678e+00	1.008241e-04	
5.380624e+00	1.020406e-04	
5.334755e+00	1.106858e-04	
5.215957e+00	1.119984e-04	
5.313110e+00	1.042288e-04	
5.065578e+00	1.044702e-04	
5.240567e+00	1.011975e-04	
5.290720e+00	1.098886e-04	
5.097390e+00	1.031421e-04	
5.190422e+00	9.709652e-05	
5.479739e+00	8.636888e-05	
5.051457e+00	1.016866e-04	
5.503674e+00	1.045379e-04	
5.468755e+00	1.100124e-04	
5.364876e+00	1.026143e-04	
5.080686e+00	1.121311e-04	
5.694446e+00	1.088459e-04	
5.629351e+00	1.464662e-04	
5.202887e+00	1.846590e-04	
5.800920e+00	2.214630e-04	
5.713164e+00	1.525162e-04	
5.275724e+00	1.444188e-04	
5.062131e+00	1.378274e-04	
5.205741e+00	1.298333e-04	
5.313203e+00	1.489111e-04	
5.440397e+00	1.185195e-04	
5.336155e+00	1.242671e-04	
5.463375e+00	1.036508e-04	
5.352045e+00	1.032351e-04	
5.461911e+00	9.801884e-05	
5.362615e+00	9.649298e-05	
5.376450e+00	9.660310e-05	
5.231880e+00	9.565667e-05	
5.391582e+00	9.395593e-05	
5.403071e+00	8.544894e-05	
5.346967e+00	9.788922e-05	
5.399212e+00	1.019541e-04	
5.367254e+00	9.625474e-05	
5.545245e+00	8.941837e-05	
5.398289e+00	9.802923e-05	
5.088926e+00	1.003161e-04	
5.180588e+00	8.886344e-05	
5.172096e+00	9.564699e-05	
5.626657e+00	8.964846e-05	
5.461902e+00	9.796178e-05	
5.302058e+00	8.744772e-05	
5.520391e+00	1.002714e-04	
5.334728e+00	9.049492e-05	
5.546219e+00	9.896904e-05	
5.195484e+00	9.122802e-05	
5.608510e+00	9.597363e-05	
5.269355e+00	1.003554e-04	
5.396912e+00	1.067099e-04	
5.085387e+00	1.185161e-04	
5.280257e+00	1.355053e-04	
5.129647e+00	1.208928e-04	
5.323435e+00	1.484035e-04	
5.931973e+00	1.567611e-04	
5.535415e+00	1.923915e-04	
5.410164e+00	1.823385e-04	
5.366749e+00	1.369531e-04	
5.489385e+00	1.066953e-04	
5.141158e+00	9.956982e-05	
5.271196e+00	1.329696e-04	
5.378254e+00	1.178535e-04	
5.420582e+00	1.051260e-04	
5.403978e+00	8.563021e-05	
5.187423e+00	8.366415e-05	
5.442246e+00	9.345083e-05	
5.161514e+00	8.773225e-05	
5.575869e+00	8.862455e-05	
5.289828e+00	8.497322e-05	
5.391288e+00	9.236886e-05	
5.443453e+00	8.495755e-05	
5.263403e+00	9.304339e-05	
5.290905e+00	9.622708e-05	
5.187935e+00	8.653714e-05	
5.499354e+00	9.827035e-05	
5.524555e+00	7.952691e-05	
5.178586e+00	8.479746e-05	
5.380834e+00	8.426237e-05	
5.334016e+00	8.341373e-05	
5.077029e+00	7.916423e-05	
5.068091e+00	8.239034e-05	
5.194391e+00	7.331516e-05	
5.575218e+00	8.159323e-05	
5.469633e+00	8.787093e-05	
5.479816e+00	8.917599e-05	
5.470221e+00	1.012779e-04	
5.377248e+00	9.686022e-05	
5.566475e+00	9.376781e-05	
5.585402e+00	8.969613e-05	
5.533285e+00	1.317799e-04	
5.490996e+00	1.495654e-04	
5.438957e+00	1.963488e-04	
5.450931e+00	1.546501e-04	
5.449158e+00	1.752707e-04	
5.189077e+00	1.303695e-04	
5.363763e+00	1.472058e-04	
5.344627e+00	1.295894e-04	
5.441343e+00	1.107389e-04	
5.493522e+00	9.792184e-05	
5.377936e+00	1.123290e-04	
5.211237e+00	1.005418e-04	
5.559399e+00	9.868140e-05	
5.618084e+00	7.423440e-05	
5.258459e+00	8.182247e-05	
5.380626e+00	7.688890e-05	
5.195939e+00	8.560810e-05	
5.656902e+00	8.688363e-05	
5.394025e+00	8.423750e-05	
5.413326e+00	8.062917e-05	
5.454764e+00	9.468080e-05	
5.320648e+00	8.241913e-05	
5.389463e+00	8.542992e-05	
5.221526e+00	8.175644e-05	
5.440018e+00	8.351870e-05	
5.452151e+00	7.216530e-05	
5.541444e+00	7.521336e-05	
5.278368e+00	7.408455e-05	
5.351797e+00	6.999141e-05	
5.399697e+00	6.922847e-05	
5.534227e+00	7.122966e-05	
5.186337e+00	8.113333e-05	
5.181734e+00	8.501731e-05	
5.584648e+00	7.139583e-05	
5.492700e+00	6.488561e-05	
5.118360e+00	8.523408e-05	
5.401706e+00	7.907184e-05	
5.531726e+00	1.060705e-04	
5.479579e+00	1.162076e-04	
5.654661e+00	1.556844e-04	
5.365266e+00	1.659608e-04	
5.612176e+00	1.904193e-04	
5.684454e+00	1.276782e-04	
5.357719e+00	9.565771e-05	
5.385840e+00	1.135031e-04	
5.108132e+00	1.074088e-04	
5.635627e+00	9.921944e-05	
5.456430e+00	1.056137e-04	
5.143150e+00	9.414901e-05	
5.415689e+00	9.241133e-05	
4.940333e+00	8.323790e-05	
5.475145e+00	7.868580e-05	
5.510985e+00	8.778101e-05	
5.299646e+00	8.540574e-05	
5.551742e+00	7.692352e-05	
5.503926e+00	8.977088e-05	
5.435834e+00	8.706777e-05	
5.456883e+00	8.032118e-05	
5.175920e+00	8.447971e-05	
5.398965e+00	7.712648e-05	
5.395398e+00	8.511554e-05	
5.616028e+00	7.187294e-05	
5.622045e+00	7.493948e-05	
5.459015e+00	8.176077e-05	
5.130804e+00	6.610655e-05	
5.426481e+00	6.535237e-05	
5.177057e+00	6.939919e-05	
5.271009e+00	6.967180e-05	
5.231925e+00	7.289119e-05	
5.208029e+00	6.150100e-05	
5.259272e+00	6.573139e-05	
5.567132e+00	7.663735e-05	
5.406810e+00	7.467643e-05	
5.236718e+00	6.593835e-05	
5.340227e+00	9.100740e-05	
5.424708e+00	8.654897e-05	
5.289916e+00	1.196694e-04	
5.663091e+00	1.346510e-04	
5.530069e+00	1.882182e-04	
5.310480e+00	2.034383e-04	
5.395753e+00	1.228690e-04	
5.275569e+00	1.001731e-04	
5.428966e+00	1.174012e-04	
5.511074e+00	9.371591e-05	
5.386357e+00	9.716009e-05	
5.277134e+00	9.449259e-05	
5.417504e+00	9.242034e-05	
5.382020e+00	8.758299e-05	
5.398118e+00	7.270373e-05	
5.565873e+00	7.022671e-05	
5.332782e+00	8.431152e-05	
5.508364e+00	6.614211e-05	
5.437743e+00	7.999691e-05	
5.463792e+00	7.229951e-05	
4.992041e+00	8.473612e-05	
5.505614e+00	8.532439e-05	
5.192585e+00	7.481572e-05	
5.375491e+00	7.608013e-05	
5.078502e+00	6.736822e-05	
5.532019e+00	6.650920e-05	
5.347387e+00	7.340076e-05	
5.508255e+00	5.789036e-05	
5.614227e+00	6.435791e-05	
5.254607e+00	6.654379e-05	
5.416266e+00	6.783317e-05	
5.215977e+00	7.188376e-05	
5.214924e+00	6.560922e-05	
5.429229e+00	5.843470e-05	
5.323691e+00	5.475078e-05	
5.677084e+00	6.392577e-05	
5.430995e+00	7.529089e-05	
5.345805e+00	7.848905e-05	
5.216116e+00	8.866136e-05	
5.486324e+00	8.080759e-05	
5.651910e+00	1.166678e-04	
5.209220e+00	1.314296e-04	
5.304369e+00	1.610977e-04	
5.726883e+00	1.187311e-04	
5.258173e+00	1.586060e-04	
5.584753e+00	1.163856e-04	
5.439686e+00	1.176303e-04	
5.594216e+00	1.141321e-04	
5.532653e+00	8.873111e-05	
5.567170e+00	8.498619e-05	
5.257531e+00	6.233689e-05	
5.171699e+00	7.153673e-05	
5.296473e+00	7.050947e-05	
5.444308e+00	8.016166e-05	
5.337342e+00	7.085653e-05	
5.355943e+00	7.289272e-05	
5.324466e+00	6.546998e-05	
5.698165e+00	7.941162e-05	
5.189417e+00	7.070748e-05	
5.210925e+00	7.672925e-05	
5.595448e+00	6.697996e-05	
5.540758e+00	7.315698e-05	
5.600936e+00	6.054150e-05	
5.269256e+00	6.241406e-05	
5.113934e+00	5.811256e-05	
5.569773e+00	6.416190e-05	
5.235670e+00	6.277109e-05	
5.551618e+00	5.930848e-05	
5.396039e+00	5.976110e-05	
5.317570e+00	6.039657e-05	
5.618463e+00	7.087153e-05	
5.475932e+00	6.173531e-05	
5.497098e+00	6.516424e-05	
5.522379e+00	6.857085e-05	
5.548116e+00	6.303599e-05	
5.216000e+00	7.218705e-05	
5.547806e+00	6.848589e-05	
5.357745e+00	9.215258e-05	
5.700179e+00	7.631078e-05	
5.344148e+00	8.140093e-05	
5.358526e+00	1.118238e-04	
5.781328e+00	1.942058e-04	
5.563168e+00	1.258199e-04	
5.662134e+00	1.074109e-04	
5.379467e+00	1.261538e-04	
5.436937e+00	9.671094e-05	
5.558166e+00	7.722796e-05	
5.398262e+00	6.087475e-05	
5.270365e+00	5.521415e-05	
4.876719e+00	6.594187e-05	
5.578538e+00	6.448943e-05	
5.512494e+00	7.294652e-05	
5.398114e+00	6.603181e-05	
5.392973e+00	6.312052e-05	
5.545956e+00	6.806493e-05	
5.346262e+00	6.935797e-05	
5.271741e+00	6.194013e-05	
5.503143e+00	5.855225e-05	
5.548142e+00	6.039357e-05	
5.297198e+00	4.575309e-05	
5.433757e+00	5.564557e-05	
5.507315e+00	5.682539e-05	
5.284486e+00	4.633236e-05	
4.981419e+00	5.896391e-05	
5.406038e+00	5.293839e-05	
5.372364e+00	6.468701e-05	
5.355752e+00	4.851560e-05	
5.034497e+00	5.899385e-05	
5.215125e+00	5.218338e-05	
5.458107e+00	6.117077e-05	
5.430830e+00	6.156529e-05	
5.165559e+00	5.188436e-05	
5.356273e+00	4.982359e-05	
5.430341e+00	5.533294e-05	
5.662934e+00	7.548198e-05	
5.206615e+00	7.725022e-05	
5.307168e+00	6.549658e-05	
5.458521e+00	6.969082e-05	
5.101250e+00	1.153293e-04	
5.582170e+00	1.975790e-04	
5.597879e+00	7.723901e-05	
5.265295e+00	8.423455e-05	
5.354937e+00	8.526625e-05	
5.299034e+00	7.894478e-05	
5.663015e+00	8.109534e-05	
5.481191e+00	6.560221e-05	
5.340201e+00	6.818936e-05	
5.454597e+00	4.824514e-05	
5.472998e+00	5.658224e-05	
5.411712e+00	5.355747e-05	
5.476080e+00	5.444407e-05	
5.472026e+00	6.416654e-05	
5.443755e+00	5.770734e-05	
5.365492e+00	5.385886e-05	
5.435221e+00	5.442569e-05	
5.417498e+00	4.815049e-05	
5.197694e+00	4.555208e-05	
5.372225e+00	4.713471e-05	
5.168018e+00	4.211585e-05	
5.295819e+00	4.521593e-05	
5.582288e+00	3.527687e-05	
5.512508e+00	5.133899e-05	
5.635970e+00	5.821997e-05	
5.422529e+00	4.343743e-05	
5.444808e+00	4.234783e-05	
5.327727e+00	4.557498e-05	
5.228653e+00	4.803550e-05	
5.126240e+00	4.596309e-05	
5.526936e+00	6.045102e-05	
5.244707e+00	4.692699e-05	
5.342283e+00	5.537663e-05	
5.519315e+00	5.201910e-05	
5.499481e+00	5.065549e-05	
5.158600e+00	4.624376e-05	
5.433702e+00	3.761780e-05	
5.414425e+00	6.497153e-05	
5.576762e+00	8.892765e-05	
5.799338e+00	2.136855e-04	
5.458811e+00	1.893729e-04	
5.615948e+00	9.996161e-05	
5.614507e+00	3.836560e-05	
5.279198e+00	2.885410e-05	
5.311404e+00	4.302368e-05	
5.339084e+00	7.222990e-05	
5.340954e+00	5.229184e-05	
5.373954e+00	5.082902e-05	
5.526748e+00	3.569281e-05	
5.123787e+00	4.550543e-05	
5.294500e+00	4.539628e-05	
5.099917e+00	4.885416e-05	
5.541240e+00	4.603711e-05	
5.351826e+00	4.401448e-05	
5.057183e+00	4.482310e-05	
5.449306e+00	4.225043e-05	
5.337456e+00	3.023217e-05	
5.086455e+00	3.821371e-05	
5.381106e+00	3.331953e-05	
5.142845e+00	3.665148e-05	
5.652755e+00	3.529964e-05	
5.495679e+00	3.509114e-05	
5.287463e+00	4.343731e-05	
5.575915e+00	4.708803e-05	
5.215676e+00	4.002829e-05	
5.137090e+00	3.725929e-05	
5.538540e+00	3.449989e-05	
5.493529e+00	4.061781e-05	
5.474469e+00	3.233247e-05	
5.662078e+00	4.593158e-05	
5.192482e+00	5.089139e-05	
5.211284e+00	6.545208e-05	
5.436079e+00	3.310680e-05	
5.273629e+00	2.925644e-05	
5.276999e+00	3.992239e-05	
5.483856e+00	6.168892e-05	
5.291339e+00	1.039216e-04	
5.753547e+00	1.077759e-04	
5.524499e+00	4.850206e-05	
5.170106e+00	4.912079e-05	
5.384505e+00	1.190077e-05	
4.972155e+00	4.330181e-05	
5.295576e+00	6.494564e-05	
5.439582e+00	4.936950e-05	
5.507899e+00	4.528166e-05	
5.295347e+00	2.387344e-05	
5.245346e+00	4.194357e-05	
5.398107e+00	3.302660e-05	
5.274080e+00	4.571059e-05	
5.309954e+00	4.277605e-05	
5.464791e+00	4.118299e-05	
5.418544e+00	3.876260e-05	
5.385670e+00	2.990462e-05	
5.088199e+00	2.825094e-05	
5.306961e+00	2.834271e-05	
5.430139e+00	3.555711e-05	
5.121100e+00	2.937750e-05	
5.657097e+00	2.275540e-05	
5.489373e+00	4.110142e-05	
5.582491e+00	2.268704e-05	
5.361867e+00	4.163557e-05	
5.233921e+00	4.054237e-05	
5.489294e+00	3.945605e-05	
5.372623e+00	2.893920e-05	
5.323583e+00	2.108938e-05	
5.350096e+00	2.407563e-05	
5.650010e+00	2.534753e-05	
5.436406e+00	3.217763e-05	
5.530107e+00	4.055661e-05	
5.391834e+00	4.950856e-05	
5.468171e+00	3.489796e-05	
5.543882e+00	1.687797e-05	
5.323195e+00	4.406022e-05	
5.267433e+00	6.851856e-05	
5.358371e+00	9.294063e-05	
5.672280e+00	1.279671e-04	
5.349980e+00	9.671916e-05	
5.172729e+00	2.582684e-05	
5.343923e+00	4.998380e-05	
5.313165e+00	3.631604e-05	
5.315963e+00	4.039538e-05	
5.386518e+00	3.849516e-05	
5.080981e+00	3.045786e-05	
5.200945e+00	2.801751e-05	
5.447093e+00	1.909306e-05	
5.198258e+00	2.952160e-05	
5.383281e+00	2.928007e-05	
5.307713e+00	3.097413e-05	
5.348978e+00	3.088705e-05	
5.362197e+00	2.333086e-05	
5.189161e+00	2.806282e-05	
5.081283e+00	2.382747e-05	
5.652092e+00	2.689036e-05	
5.191519e+00	2.608280e-05	
5.253654e+00	1.963384e-05	
5.442756e+00	2.231356e-05	
5.152935e+00	2.351518e-05	
5.589764e+00	2.650300e-05	
5.137016e+00	2.273438e-05	
5.320896e+00	3.120547e-05	
5.216471e+00	2.270188e-05	
5.306449e+00	1.550130e-05	
5.424811e+00	1.263361e-05	
5.535211e+00	2.174713e-05	
5.298709e+00	3.109865e-05	
5.480466e+00	2.489685e-05	
5.228779e+00	2.218512e-05	
5.132839e+00	2.233986e-05	
5.559850e+00	1.527575e-05	
5.354971e+00	3.344856e-05	
5.436228e+00	3.673254e-05	
5.207741e+00	6.312017e-05	
5.628341e+00	4.268289e-05	
5.562573e+00	1.018141e-04	
5.772833e+00	8.825710e-05	
5.796337e+00	5.633822e-05	
5.976318e+00	1.701259e-05	
5.660629e+00	1.220695e-05	
5.837710e+00	1.117655e-05	
5.663023e+00	2.546420e-05	
5.824307e+00	1.974294e-05	
5.761003e+00	1.336992e-05	
5.672858e+00	1.101660e-05	
5.610741e+00	1.790170e-05	
5.555433e+00	1.874434e-05	
5.709507e+00	1.256235e-05	
5.564146e+00	2.131752e-05	
5.680595e+00	1.556698e-05	
5.686058e+00	1.844572e-05	
5.996757e+00	1.176660e-05	
5.852334e+00	2.073728e-05	
5.721653e+00	1.145306e-05	
5.687551e+00	2.132838e-05	
5.541989e+00	1.316444e-05	
5.659412e+00	1.297386e-05	
5.608970e+00	2.476603e-05	
5.475626e+00	1.381007e-05	
5.462602e+00	1.739741e-05	
5.861798e+00	1.122522e-05	
5.767338e+00	1.430306e-05	
5.590045e+00	1.636647e-05	
5.577757e+00	7.888518e-06	
6.098370e+00	2.176569e-05	
6.008760e+00	3.120993e-05	
5.604226e+00	1.763658e-05	
5.956527e+00	6.845638e-06	
5.805373e+00	2.394609e-05	
5.557390e+00	1.885226e-05	
5.756611e+00	3.562160e-05	
5.575234e+00	2.390163e-05	
5.326931e+00	3.371387e-05	
5.866454e+00	9.434650e-05	
