1.346117e+01	4.796163e-14	
1.337326e+01	4.595213e-13	
1.351269e+01	2.920997e-13	
1.355809e+01	1.417311e-12	
1.319592e+01	2.351452e-13	
1.279687e+01	5.724310e-13	
1.370882e+01	5.110024e-12	
1.376157e+01	9.290346e-13	
1.291011e+01	8.136603e-12	
1.308270e+01	1.004530e-12	
1.344633e+01	3.371192e-12	
1.250497e+01	1.456613e-12	
1.310398e+01	1.293410e-12	
1.325295e+01	1.039593e-10	
1.311249e+01	2.452261e-12	
1.322642e+01	6.068257e-12	
1.315733e+01	3.883560e-12	
1.319881e+01	1.430123e-11	
1.161800e+01	3.967049e-12	
1.288087e+01	8.507639e-12	
1.205912e+01	4.634737e-12	
1.202813e+01	1.689182e-11	
1.225151e+01	3.507417e-12	
1.393271e+01	7.281287e-12	
1.148803e+01	2.076339e-12	
1.382836e+01	1.869838e-12	
1.299331e+01	9.645951e-12	
1.279703e+01	1.878497e-12	
1.315668e+01	2.730460e-11	
1.377518e+01	6.335599e-12	
1.332446e+01	1.217326e-11	
1.325207e+01	3.411271e-12	
1.181987e+01	2.744027e-12	
1.340089e+01	2.997602e-13	
1.386110e+01	1.560907e-11	
1.139255e+01	4.309886e-13	
1.373047e+01	6.025180e-13	
1.321470e+01	3.197442e-14	
1.380331e+01	2.897682e-14	
1.376660e+01	7.360779e-14	
1.324201e+01	9.673595e-12	
1.363795e+01	7.836530e-13	
1.309889e+01	1.384299e-13	
1.331641e+01	8.093921e-14	
1.352111e+01	8.047951e-15	
1.319438e+01	8.484797e-15	
1.350864e+01	1.646427e-14	
1.359699e+01	1.017921e-14	
1.307427e+01	6.631428e-15	
1.338816e+01	2.111184e-16	
1.374490e+01	6.607870e-15	
1.336166e+01	3.079059e-15	
1.289684e+01	1.023611e-15	
1.286067e+01	1.784416e-15	
1.359625e+01	2.022454e-15	
1.171192e+01	9.022610e-16	
1.341844e+01	1.464254e-16	
1.336791e+01	1.579318e-15	
1.295363e+01	2.125869e-15	
1.380249e+01	9.857022e-16	
1.315423e+01	1.548961e-15	
1.391277e+01	2.551043e-15	
1.162574e+01	4.307230e-16	
1.346617e+01	1.610680e-15	
1.319267e+01	1.203015e-15	
1.206408e+01	1.711307e-15	
1.160533e+01	1.622197e-16	
1.274915e+01	6.824072e-16	
1.323163e+01	1.992333e-15	
1.189683e+01	0	
1.412180e+01	1.266710e-15	
1.418542e+01	1.163408e-16	
1.395302e+01	3.915082e-16	
1.139440e+01	1.646427e-15	
1.321067e+01	1.237366e-15	
1.413318e+01	0	
1.407249e+01	3.177719e-14	
1.423401e+01	1.311332e-13	
1.387119e+01	2.512756e-12	
1.392465e+01	2.821976e-11	
1.161570e+01	4.862777e-14	
1.328971e+01	1.703082e-13	
1.329832e+01	3.153033e-13	
1.393948e+01	7.633894e-13	
1.349741e+01	2.806644e-13	
1.337543e+01	3.776091e-12	
1.304266e+01	4.271250e-12	
1.333713e+01	2.705280e-12	
1.307228e+01	1.433742e-12	
1.391402e+01	3.025769e-11	
1.283339e+01	5.655476e-13	
1.244353e+01	1.570077e-12	
1.367090e+01	6.840750e-12	
1.371389e+01	4.497958e-12	
1.178014e+01	5.057066e-12	
1.341513e+01	1.256817e-11	
1.292054e+01	4.658163e-12	
1.305933e+01	1.470604e-10	
1.335783e+01	1.316280e-11	
1.407161e+01	6.865952e-12	
1.365880e+01	1.319111e-11	
1.280395e+01	1.886069e-11	
1.376819e+01	4.987544e-11	
1.308489e+01	1.204437e-11	
1.381486e+01	2.261857e-11	
1.360269e+01	2.153577e-11	
1.346214e+01	1.162106e-10	
1.349952e+01	1.665734e-11	
1.390302e+01	1.212141e-11	
1.251425e+01	4.059864e-12	
1.319205e+01	9.136125e-11	
1.313064e+01	1.188583e-11	
1.341003e+01	7.895906e-13	
1.398013e+01	1.091975e-10	
1.227062e+01	3.914646e-12	
1.397379e+01	9.950929e-12	
1.371880e+01	1.365563e-11	
1.299751e+01	5.897505e-13	
1.343509e+01	7.172041e-14	
1.368818e+01	4.395373e-13	
1.408354e+01	1.334488e-13	
1.435835e+01	2.610134e-13	
1.335987e+01	7.982504e-13	
1.411658e+01	1.193601e-12	
1.400168e+01	1.031175e-12	
1.365589e+01	1.173506e-12	
1.342101e+01	3.756995e-12	
1.287131e+01	4.090284e-12	
1.316992e+01	4.756195e-13	
1.286925e+01	6.532130e-11	
1.339795e+01	4.058975e-12	
1.300417e+01	8.297030e-12	
1.212947e+01	4.994449e-12	
1.409594e+01	8.056888e-13	
1.393944e+01	1.046674e-11	
1.164426e+01	7.776446e-12	
1.321127e+01	3.256984e-11	
1.347690e+01	6.977641e-12	
1.398331e+01	6.443512e-12	
1.341495e+01	3.414269e-12	
1.345319e+01	3.198286e-11	
1.413129e+01	1.865497e-11	
1.299029e+01	8.415602e-12	
1.325008e+01	2.905454e-12	
1.297185e+01	1.225088e-10	
1.291762e+01	1.686928e-11	
1.306093e+01	2.196821e-11	
1.423146e+01	7.648771e-12	
1.381457e+01	2.295808e-11	
1.325245e+01	1.128977e-10	
1.333307e+01	1.224021e-11	
1.171579e+01	8.360312e-12	
1.378783e+01	4.173772e-12	
1.303449e+01	2.802314e-12	
1.314860e+01	5.175194e-12	
1.245653e+01	6.472378e-12	
6.045059e+00	1.211964e-05	
5.728406e+00	1.680588e-05	
5.954501e+00	7.483055e-06	
5.372462e+00	1.934366e-05	
5.758933e+00	2.895828e-05	
5.657302e+00	7.491497e-06	
5.801230e+00	1.414368e-05	
5.801284e+00	2.066939e-05	
5.430547e+00	2.093682e-05	
5.535318e+00	4.718740e-08	
5.755435e+00	1.186109e-05	
5.637047e+00	3.470818e-05	
5.897567e+00	2.485353e-05	
5.662416e+00	2.360601e-05	
5.719557e+00	2.746276e-05	
5.875268e+00	3.239219e-05	
5.589343e+00	2.717127e-05	
5.865063e+00	4.100865e-05	
5.456888e+00	5.478288e-05	
5.741347e+00	4.957951e-05	
5.794165e+00	6.213835e-05	
5.477577e+00	5.798875e-05	
5.835132e+00	1.967266e-05	
5.474607e+00	5.849435e-05	
5.663960e+00	1.505638e-05	
5.747121e+00	4.382302e-05	
5.704901e+00	4.178878e-05	
5.662692e+00	2.775499e-05	
5.417630e+00	1.884465e-05	
5.630799e+00	3.426651e-05	
5.719500e+00	3.202655e-05	
5.581227e+00	2.568855e-05	
6.202343e+00	5.394547e-06	
5.930968e+00	1.275599e-05	
5.591040e+00	3.387311e-05	
5.618136e+00	2.187233e-05	
5.492727e+00	2.294077e-05	
5.774059e+00	1.428640e-05	
5.404208e+00	2.696117e-05	
5.360543e+00	3.931231e-05	
5.370548e+00	5.949442e-05	
5.700742e+00	4.697839e-05	
5.397459e+00	4.980039e-05	
5.409019e+00	4.472130e-05	
5.341719e+00	3.867893e-05	
5.072652e+00	5.144180e-05	
5.454848e+00	6.937282e-05	
5.436255e+00	6.030132e-05	
5.655617e+00	5.899071e-05	
5.475847e+00	7.999043e-05	
5.413443e+00	5.666067e-05	
5.305699e+00	5.362491e-05	
5.295580e+00	8.789930e-05	
5.105881e+00	9.339673e-05	
4.999316e+00	9.954594e-05	
5.347636e+00	1.113099e-04	
5.179931e+00	1.209133e-04	
5.382639e+00	1.028924e-04	
5.381588e+00	1.025388e-04	
5.338050e+00	9.663965e-05	
5.320579e+00	9.741421e-05	
5.505387e+00	6.257238e-05	
5.325818e+00	8.267244e-05	
5.257494e+00	7.939048e-05	
5.425616e+00	7.212750e-05	
5.229996e+00	6.581193e-05	
5.554113e+00	3.871465e-05	
5.413130e+00	6.404985e-05	
5.387228e+00	6.818476e-05	
5.393828e+00	5.138058e-05	
5.266000e+00	4.922652e-05	
5.420527e+00	2.927374e-05	
5.564202e+00	4.474067e-05	
5.537393e+00	5.582056e-05	
5.234282e+00	5.210441e-05	
5.908304e+00	3.543568e-05	
5.714028e+00	3.699059e-05	
5.084561e+00	6.443186e-05	
5.304605e+00	8.013378e-05	
5.300150e+00	7.720621e-05	
5.331574e+00	8.523773e-05	
5.140925e+00	9.476985e-05	
5.499588e+00	7.798266e-05	
5.491894e+00	7.981086e-05	
5.223341e+00	1.064272e-04	
5.351568e+00	1.093279e-04	
5.551921e+00	1.286180e-04	
5.222470e+00	1.043288e-04	
5.294457e+00	9.621665e-05	
5.244378e+00	1.079744e-04	
5.259642e+00	9.801559e-05	
5.438372e+00	1.080112e-04	
5.675385e+00	9.018759e-05	
5.566351e+00	1.207466e-04	
5.121526e+00	1.051613e-04	
5.527495e+00	1.227403e-04	
5.408044e+00	1.230779e-04	
5.455849e+00	1.300791e-04	
5.379358e+00	1.058129e-04	
5.668636e+00	1.205471e-04	
5.524048e+00	1.025788e-04	
5.115593e+00	9.269749e-05	
5.194430e+00	9.080906e-05	
5.342723e+00	8.685314e-05	
5.321564e+00	7.703678e-05	
5.226814e+00	8.161596e-05	
5.188694e+00	8.209617e-05	
5.415081e+00	1.003886e-04	
5.191771e+00	8.714046e-05	
5.290354e+00	6.730421e-05	
5.324160e+00	7.567816e-05	
5.235989e+00	6.822338e-05	
5.318219e+00	6.061907e-05	
5.625273e+00	5.233369e-05	
5.643218e+00	6.216509e-05	
5.484892e+00	9.043203e-05	
5.356614e+00	1.129103e-04	
5.399075e+00	1.044178e-04	
5.614976e+00	1.083416e-04	
5.399106e+00	1.048253e-04	
5.523148e+00	1.198621e-04	
5.509705e+00	1.136885e-04	
5.414822e+00	1.251932e-04	
5.444602e+00	1.624826e-04	
5.654171e+00	1.484209e-04	
5.582911e+00	1.168604e-04	
5.464146e+00	1.237822e-04	
5.344068e+00	1.256276e-04	
5.238122e+00	1.199708e-04	
5.249157e+00	1.233731e-04	
5.290643e+00	1.052972e-04	
5.247069e+00	1.260025e-04	
5.241711e+00	1.313435e-04	
5.509422e+00	1.198831e-04	
5.533512e+00	1.381778e-04	
5.282841e+00	1.137164e-04	
5.497066e+00	1.462141e-04	
5.376505e+00	1.293499e-04	
5.555476e+00	1.072874e-04	
5.246782e+00	1.213986e-04	
5.383869e+00	1.086167e-04	
5.095635e+00	1.192189e-04	
5.444568e+00	1.010891e-04	
5.117338e+00	1.085157e-04	
5.437862e+00	1.062069e-04	
5.255884e+00	1.045906e-04	
5.564247e+00	1.190438e-04	
5.653944e+00	9.941919e-05	
5.210941e+00	1.033803e-04	
5.273668e+00	9.706231e-05	
5.342220e+00	8.907984e-05	
5.529853e+00	6.922058e-05	
5.553788e+00	6.854895e-05	
5.456672e+00	1.047966e-04	
5.302076e+00	1.126487e-04	
5.512265e+00	1.282848e-04	
5.299298e+00	1.315481e-04	
5.448458e+00	1.379525e-04	
5.412265e+00	1.453655e-04	
5.441864e+00	1.471765e-04	
5.548794e+00	1.509078e-04	
5.239788e+00	1.583905e-04	
5.293336e+00	1.529378e-04	
5.212275e+00	1.286962e-04	
5.349307e+00	1.534180e-04	
5.359131e+00	1.569572e-04	
5.476999e+00	1.344378e-04	
5.129318e+00	1.424587e-04	
5.598762e+00	1.433798e-04	
5.217931e+00	1.419878e-04	
5.469265e+00	1.320865e-04	
5.574523e+00	1.484181e-04	
5.334598e+00	1.443878e-04	
5.539232e+00	1.342576e-04	
5.119011e+00	1.440710e-04	
5.388668e+00	1.377109e-04	
5.271264e+00	1.303573e-04	
5.398676e+00	1.262246e-04	
5.231566e+00	1.236090e-04	
5.397483e+00	1.101754e-04	
5.441222e+00	1.251757e-04	
5.321457e+00	1.129509e-04	
5.210258e+00	1.110951e-04	
5.335390e+00	1.234154e-04	
5.341651e+00	1.024503e-04	
5.592520e+00	1.305714e-04	
5.451794e+00	1.197994e-04	
5.476618e+00	1.287854e-04	
5.442988e+00	9.482593e-05	
5.554534e+00	4.960596e-05	
5.599455e+00	9.027754e-05	
5.259082e+00	1.133110e-04	
5.373458e+00	1.292604e-04	
5.473484e+00	1.563948e-04	
5.424735e+00	1.374404e-04	
5.167605e+00	1.563390e-04	
5.463671e+00	1.672282e-04	
5.523732e+00	1.653462e-04	
5.302058e+00	1.542932e-04	
5.001907e+00	1.662172e-04	
5.029215e+00	1.612931e-04	
5.543636e+00	1.500857e-04	
5.343528e+00	1.687653e-04	
5.384353e+00	1.551521e-04	
5.443797e+00	1.617926e-04	
5.425665e+00	1.378235e-04	
5.461829e+00	1.599499e-04	
5.518346e+00	1.438046e-04	
5.510452e+00	1.419087e-04	
5.462090e+00	1.553266e-04	
5.482894e+00	1.506512e-04	
5.388051e+00	1.481571e-04	
5.279914e+00	1.310161e-04	
5.335540e+00	1.457363e-04	
5.488288e+00	1.401539e-04	
5.288290e+00	1.376974e-04	
5.406762e+00	1.159552e-04	
5.436681e+00	1.354082e-04	
5.418546e+00	1.162072e-04	
5.173101e+00	1.174173e-04	
5.211094e+00	1.314347e-04	
5.243422e+00	1.222188e-04	
5.553453e+00	1.277799e-04	
5.604649e+00	1.492264e-04	
5.384837e+00	1.538562e-04	
5.139111e+00	1.261169e-04	
5.381187e+00	1.092169e-04	
5.508585e+00	7.757280e-05	
5.521548e+00	9.512703e-05	
5.490350e+00	1.360102e-04	
5.266795e+00	1.234572e-04	
5.328143e+00	1.570163e-04	
5.297419e+00	1.509510e-04	
5.369947e+00	1.387004e-04	
5.156175e+00	1.685111e-04	
5.433265e+00	1.719957e-04	
5.668077e+00	1.680157e-04	
5.266937e+00	1.638272e-04	
5.376390e+00	1.606943e-04	
5.641227e+00	1.714111e-04	
5.149774e+00	1.581614e-04	
5.188648e+00	1.554911e-04	
5.509261e+00	1.633764e-04	
5.493553e+00	1.625363e-04	
5.387684e+00	1.575094e-04	
5.488917e+00	1.370035e-04	
5.621633e+00	1.507320e-04	
5.349808e+00	1.604500e-04	
5.290253e+00	1.535217e-04	
5.376290e+00	1.560658e-04	
5.428913e+00	1.385299e-04	
5.218941e+00	1.518421e-04	
5.209451e+00	1.551061e-04	
5.255272e+00	1.305399e-04	
5.487141e+00	1.468233e-04	
5.278232e+00	1.249335e-04	
5.526130e+00	1.436985e-04	
5.249576e+00	1.267260e-04	
5.385362e+00	1.448209e-04	
5.558615e+00	1.372490e-04	
5.417140e+00	1.457067e-04	
5.220291e+00	1.613926e-04	
5.494514e+00	1.243057e-04	
5.435498e+00	1.370643e-04	
5.470674e+00	1.393122e-04	
5.695999e+00	1.116886e-04	
5.913556e+00	1.282478e-04	
5.016685e+00	1.270215e-04	
5.576620e+00	1.519210e-04	
5.598804e+00	1.391945e-04	
5.360811e+00	1.435465e-04	
5.501999e+00	1.682899e-04	
5.247184e+00	1.579156e-04	
5.418348e+00	1.688864e-04	
5.307425e+00	1.611051e-04	
5.331391e+00	1.502524e-04	
5.444939e+00	1.568494e-04	
5.357676e+00	1.741290e-04	
5.552396e+00	1.602610e-04	
5.463730e+00	1.548077e-04	
5.431308e+00	1.753319e-04	
5.215581e+00	1.647870e-04	
5.269999e+00	1.521513e-04	
5.303166e+00	1.449273e-04	
5.537155e+00	1.672924e-04	
5.146730e+00	1.582591e-04	
5.281987e+00	1.513311e-04	
5.310481e+00	1.665422e-04	
5.183600e+00	1.548771e-04	
5.190176e+00	1.623020e-04	
5.310584e+00	1.365717e-04	
5.267133e+00	1.504009e-04	
5.374437e+00	1.519763e-04	
5.470746e+00	1.481855e-04	
5.010278e+00	1.510919e-04	
5.709190e+00	1.356784e-04	
5.264140e+00	1.532492e-04	
5.680339e+00	1.418126e-04	
5.381625e+00	1.601902e-04	
5.149407e+00	1.486643e-04	
5.572717e+00	1.531879e-04	
5.445973e+00	1.384578e-04	
5.515721e+00	1.496467e-04	
5.576475e+00	1.044116e-04	
5.441361e+00	1.010560e-04	
5.301195e+00	1.473223e-04	
5.415999e+00	1.683332e-04	
5.317233e+00	1.695774e-04	
5.545101e+00	1.554258e-04	
5.504574e+00	1.411882e-04	
5.313439e+00	1.492410e-04	
5.221983e+00	1.593207e-04	
5.279570e+00	1.642849e-04	
5.469283e+00	1.547143e-04	
5.496766e+00	1.486983e-04	
5.276823e+00	1.671471e-04	
5.488089e+00	1.611725e-04	
5.452033e+00	1.610015e-04	
5.369980e+00	1.650314e-04	
5.425521e+00	1.725734e-04	
5.335359e+00	1.630034e-04	
5.422112e+00	1.558405e-04	
5.379830e+00	1.587686e-04	
5.344201e+00	1.654899e-04	
5.630886e+00	1.558676e-04	
5.391167e+00	1.593468e-04	
5.551704e+00	1.716510e-04	
5.335256e+00	1.593201e-04	
5.369415e+00	1.488742e-04	
5.175422e+00	1.557205e-04	
5.406947e+00	1.637066e-04	
5.378221e+00	1.540488e-04	
5.415388e+00	1.620432e-04	
5.564385e+00	1.693878e-04	
5.165030e+00	1.554647e-04	
5.210680e+00	1.555214e-04	
5.390506e+00	1.328572e-04	
5.204591e+00	1.489376e-04	
5.572068e+00	1.418761e-04	
5.386374e+00	1.612873e-04	
5.152395e+00	1.428036e-04	
5.854337e+00	1.238540e-04	
5.756539e+00	1.639497e-04	
5.329456e+00	1.433705e-04	
5.364698e+00	1.693683e-04	
5.326602e+00	1.462199e-04	
5.153176e+00	1.482498e-04	
5.438320e+00	1.520903e-04	
5.262050e+00	1.493210e-04	
5.414041e+00	1.474097e-04	
5.156505e+00	1.587842e-04	
5.349446e+00	1.509602e-04	
5.489150e+00	1.498908e-04	
4.929898e+00	1.585564e-04	
5.162034e+00	1.683014e-04	
5.286231e+00	1.753615e-04	
5.537535e+00	1.609543e-04	
5.449659e+00	1.698668e-04	
5.391742e+00	1.673320e-04	
5.565336e+00	1.716135e-04	
5.145260e+00	1.661428e-04	
5.445525e+00	1.597256e-04	
5.543414e+00	1.637599e-04	
5.266533e+00	1.584426e-04	
5.500787e+00	1.651112e-04	
5.197992e+00	1.531009e-04	
5.536157e+00	1.435445e-04	
5.268781e+00	1.672848e-04	
5.226578e+00	1.660679e-04	
5.477176e+00	1.711334e-04	
5.142809e+00	1.480604e-04	
5.396600e+00	1.685299e-04	
5.482199e+00	1.670929e-04	
5.291458e+00	1.753316e-04	
5.502710e+00	1.514538e-04	
5.279507e+00	1.535252e-04	
5.317556e+00	1.636079e-04	
5.089091e+00	1.492653e-04	
5.467361e+00	1.451517e-04	
5.795930e+00	1.121345e-04	
5.454072e+00	9.245432e-05	
5.310741e+00	1.677873e-04	
5.462206e+00	1.595831e-04	
5.310067e+00	1.592375e-04	
5.459591e+00	1.474025e-04	
5.151232e+00	1.559574e-04	
5.184595e+00	1.404603e-04	
5.370202e+00	1.548296e-04	
5.524869e+00	1.585287e-04	
5.538614e+00	1.557898e-04	
5.441582e+00	1.638375e-04	
5.561273e+00	1.529116e-04	
5.571035e+00	1.579863e-04	
5.218360e+00	1.666608e-04	
5.282430e+00	1.647915e-04	
5.474439e+00	1.546538e-04	
5.467659e+00	1.754297e-04	
5.529043e+00	1.754851e-04	
5.229767e+00	1.689589e-04	
5.395333e+00	1.642066e-04	
5.192378e+00	1.745804e-04	
5.408803e+00	1.643498e-04	
5.187665e+00	1.566929e-04	
5.320001e+00	1.431422e-04	
5.590321e+00	1.651827e-04	
5.106988e+00	1.627613e-04	
5.377515e+00	1.688644e-04	
5.209893e+00	1.681522e-04	
5.331055e+00	1.505443e-04	
5.198213e+00	1.702244e-04	
5.188574e+00	1.611190e-04	
5.209750e+00	1.574760e-04	
5.296222e+00	1.631260e-04	
5.416240e+00	1.565997e-04	
5.254016e+00	1.823610e-04	
5.524933e+00	1.426481e-04	
5.118075e+00	1.494152e-04	
5.830422e+00	1.241891e-04	
5.731879e+00	1.586291e-04	
5.673561e+00	1.331299e-04	
5.327804e+00	1.272723e-04	
5.189049e+00	1.283311e-04	
5.297809e+00	1.675097e-04	
5.473546e+00	1.655236e-04	
5.456524e+00	1.577722e-04	
5.355549e+00	1.440684e-04	
5.284021e+00	1.491554e-04	
5.601764e+00	1.728123e-04	
5.511626e+00	1.573126e-04	
5.319618e+00	1.547452e-04	
5.397706e+00	1.449736e-04	
5.131354e+00	1.593617e-04	
5.303303e+00	1.542584e-04	
5.329145e+00	1.608785e-04	
5.304710e+00	1.590474e-04	
5.344317e+00	1.721237e-04	
5.435029e+00	1.708465e-04	
5.536567e+00	1.630650e-04	
5.278348e+00	1.658647e-04	
5.290232e+00	1.685817e-04	
5.465131e+00	1.440049e-04	
5.444460e+00	1.451810e-04	
5.296745e+00	1.690601e-04	
5.246815e+00	1.631667e-04	
5.154138e+00	1.637141e-04	
5.455298e+00	1.580764e-04	
5.323528e+00	1.658930e-04	
5.475944e+00	1.626735e-04	
5.228369e+00	1.710757e-04	
5.033464e+00	1.627335e-04	
5.537180e+00	1.774154e-04	
5.221646e+00	1.671333e-04	
5.223722e+00	1.506036e-04	
5.287210e+00	1.566370e-04	
5.076099e+00	1.300599e-04	
5.877890e+00	1.199858e-04	
5.518244e+00	1.310712e-04	
5.504259e+00	1.631953e-04	
5.364762e+00	1.441773e-04	
5.315499e+00	1.476783e-04	
5.402198e+00	1.376730e-04	
5.072868e+00	1.482603e-04	
5.469285e+00	1.673773e-04	
5.357329e+00	1.602475e-04	
5.500493e+00	1.519452e-04	
5.229590e+00	1.667297e-04	
5.628806e+00	1.648013e-04	
5.382042e+00	1.540391e-04	
5.183023e+00	1.553106e-04	
4.994179e+00	1.526808e-04	
5.429414e+00	1.559712e-04	
5.432011e+00	1.555021e-04	
5.458199e+00	1.616568e-04	
5.268199e+00	1.600395e-04	
5.115578e+00	1.648631e-04	
5.310883e+00	1.617709e-04	
5.504023e+00	1.513386e-04	
4.948483e+00	1.589237e-04	
5.192049e+00	1.508756e-04	
5.520477e+00	1.451344e-04	
5.149368e+00	1.589683e-04	
5.471562e+00	1.491444e-04	
5.448484e+00	1.546609e-04	
5.372591e+00	1.522614e-04	
5.499011e+00	1.671031e-04	
5.517151e+00	1.734649e-04	
5.138500e+00	1.544097e-04	
5.431472e+00	1.572588e-04	
5.326403e+00	1.740739e-04	
5.185214e+00	1.623286e-04	
5.462865e+00	1.598227e-04	
5.288598e+00	1.465863e-04	
5.254846e+00	1.522528e-04	
5.870076e+00	1.395944e-04	
5.427171e+00	1.444025e-04	
5.268069e+00	1.754497e-04	
5.484798e+00	1.597930e-04	
5.464218e+00	1.569800e-04	
5.480278e+00	1.338995e-04	
5.640599e+00	1.498267e-04	
5.393557e+00	1.532371e-04	
5.130537e+00	1.591003e-04	
5.150050e+00	1.592315e-04	
5.467681e+00	1.485644e-04	
5.365742e+00	1.569229e-04	
5.383206e+00	1.637638e-04	
5.537545e+00	1.462860e-04	
5.499112e+00	1.465953e-04	
5.268952e+00	1.515627e-04	
5.533668e+00	1.557879e-04	
5.379211e+00	1.534980e-04	
5.457567e+00	1.450928e-04	
5.328903e+00	1.540295e-04	
5.445281e+00	1.484259e-04	
5.415814e+00	1.548891e-04	
5.291952e+00	1.448611e-04	
5.516369e+00	1.494682e-04	
5.498715e+00	1.616576e-04	
5.118521e+00	1.418232e-04	
5.472622e+00	1.489986e-04	
5.495767e+00	1.540493e-04	
5.502138e+00	1.624265e-04	
5.237718e+00	1.672945e-04	
5.097058e+00	1.571830e-04	
5.549271e+00	1.504846e-04	
5.390063e+00	1.448708e-04	
5.657203e+00	1.552639e-04	
5.421989e+00	1.606684e-04	
5.636547e+00	1.557049e-04	
5.359811e+00	1.772836e-04	
5.446310e+00	1.446594e-04	
5.959535e+00	1.222699e-04	
5.401273e+00	1.189338e-04	
5.258650e+00	1.334232e-04	
5.357703e+00	1.325705e-04	
4.990028e+00	1.508515e-04	
5.404530e+00	1.576071e-04	
5.412134e+00	1.483605e-04	
5.382048e+00	1.609457e-04	
5.407644e+00	1.731374e-04	
5.403423e+00	1.599887e-04	
5.111104e+00	1.541974e-04	
5.194399e+00	1.625469e-04	
5.185634e+00	1.468779e-04	
5.442539e+00	1.600171e-04	
5.369990e+00	1.531637e-04	
5.362938e+00	1.434098e-04	
5.019843e+00	1.546740e-04	
5.412165e+00	1.435441e-04	
5.312123e+00	1.486626e-04	
5.074379e+00	1.490702e-04	
5.424206e+00	1.496221e-04	
5.096864e+00	1.514888e-04	
5.291650e+00	1.415726e-04	
5.510762e+00	1.571146e-04	
5.517184e+00	1.608368e-04	
5.309096e+00	1.509314e-04	
5.474098e+00	1.462322e-04	
5.168144e+00	1.548144e-04	
5.417177e+00	1.633981e-04	
5.284674e+00	1.453060e-04	
5.239746e+00	1.445002e-04	
5.670203e+00	1.506474e-04	
5.373603e+00	1.658940e-04	
5.000108e+00	1.630754e-04	
5.403512e+00	1.595681e-04	
5.334621e+00	1.555612e-04	
5.305913e+00	1.306479e-04	
5.508418e+00	1.571444e-04	
5.700507e+00	1.596816e-04	
5.506538e+00	1.431555e-04	
5.427306e+00	1.326854e-04	
5.328981e+00	1.587920e-04	
5.551170e+00	1.494682e-04	
5.164042e+00	1.412108e-04	
5.395526e+00	1.601020e-04	
5.284268e+00	1.591455e-04	
5.437902e+00	1.539199e-04	
5.316945e+00	1.679666e-04	
5.674998e+00	1.617366e-04	
5.442913e+00	1.432521e-04	
5.236015e+00	1.539063e-04	
5.417027e+00	1.498400e-04	
5.439171e+00	1.537283e-04	
5.485157e+00	1.628803e-04	
5.449174e+00	1.584644e-04	
5.488618e+00	1.480744e-04	
5.516028e+00	1.424851e-04	
5.432397e+00	1.484612e-04	
5.202139e+00	1.520767e-04	
5.285121e+00	1.549428e-04	
5.625045e+00	1.487036e-04	
5.297534e+00	1.526995e-04	
5.349537e+00	1.583636e-04	
5.561002e+00	1.392387e-04	
5.431358e+00	1.521170e-04	
5.272917e+00	1.468912e-04	
5.242875e+00	1.577899e-04	
5.203402e+00	1.514445e-04	
5.545227e+00	1.441801e-04	
5.421170e+00	1.492211e-04	
5.610690e+00	1.629116e-04	
5.399844e+00	1.784726e-04	
5.534365e+00	1.765416e-04	
5.320713e+00	1.534778e-04	
5.300689e+00	1.611341e-04	
5.590224e+00	1.665554e-04	
5.615510e+00	1.855436e-04	
5.660861e+00	1.306965e-04	
5.318069e+00	1.535584e-04	
5.273123e+00	1.291810e-04	
5.012347e+00	1.514930e-04	
5.504161e+00	1.591930e-04	
5.429519e+00	1.444582e-04	
4.862708e+00	1.542796e-04	
5.432544e+00	1.438194e-04	
5.359005e+00	1.364256e-04	
5.332707e+00	1.580967e-04	
5.426177e+00	1.494562e-04	
5.382374e+00	1.449077e-04	
5.630173e+00	1.556164e-04	
5.581362e+00	1.600028e-04	
5.392650e+00	1.535911e-04	
5.434362e+00	1.469026e-04	
5.560743e+00	1.407778e-04	
5.541975e+00	1.429120e-04	
5.406633e+00	1.383164e-04	
5.715442e+00	1.446694e-04	
5.302999e+00	1.423851e-04	
5.548454e+00	1.539984e-04	
5.404522e+00	1.499267e-04	
5.104880e+00	1.440172e-04	
5.473395e+00	1.433911e-04	
5.482717e+00	1.311045e-04	
5.335257e+00	1.455979e-04	
5.298085e+00	1.519082e-04	
5.491136e+00	1.471469e-04	
5.284409e+00	1.519604e-04	
5.381271e+00	1.501484e-04	
5.161690e+00	1.700411e-04	
5.368107e+00	1.501069e-04	
5.470138e+00	1.649792e-04	
5.296118e+00	1.679593e-04	
5.545307e+00	1.617851e-04	
5.489544e+00	1.639197e-04	
5.863357e+00	1.523151e-04	
5.602200e+00	1.413482e-04	
5.077815e+00	1.468205e-04	
5.146338e+00	1.501566e-04	
5.492234e+00	1.708752e-04	
5.217667e+00	1.483197e-04	
5.539885e+00	1.585887e-04	
5.448548e+00	1.337436e-04	
5.395317e+00	1.371335e-04	
5.585164e+00	1.320773e-04	
5.187628e+00	1.337464e-04	
5.309405e+00	1.384802e-04	
5.497523e+00	1.548997e-04	
5.218050e+00	1.506673e-04	
5.256410e+00	1.474920e-04	
5.299571e+00	1.515218e-04	
5.025001e+00	1.432514e-04	
5.392735e+00	1.480420e-04	
5.369782e+00	1.405466e-04	
5.203344e+00	1.306240e-04	
5.274350e+00	1.331590e-04	
5.184257e+00	1.376454e-04	
5.556956e+00	1.423363e-04	
5.433245e+00	1.427387e-04	
5.341020e+00	1.308628e-04	
5.501229e+00	1.278814e-04	
5.653360e+00	1.417316e-04	
5.399641e+00	1.438425e-04	
5.339818e+00	1.486045e-04	
5.282032e+00	1.576205e-04	
5.211472e+00	1.517766e-04	
5.035652e+00	1.467950e-04	
5.379479e+00	1.272215e-04	
5.272337e+00	1.530047e-04	
5.236491e+00	1.540044e-04	
5.256991e+00	1.620447e-04	
5.640559e+00	1.577431e-04	
5.116884e+00	1.613137e-04	
5.777011e+00	1.415685e-04	
5.947862e+00	1.608632e-04	
5.064223e+00	1.802790e-04	
5.532068e+00	1.509080e-04	
5.461078e+00	1.552683e-04	
5.224239e+00	1.484165e-04	
5.559140e+00	1.566348e-04	
5.301197e+00	1.387652e-04	
5.173419e+00	1.333053e-04	
5.495911e+00	1.358746e-04	
5.212671e+00	1.368975e-04	
5.239472e+00	1.451947e-04	
5.409895e+00	1.449329e-04	
5.333777e+00	1.538653e-04	
5.203292e+00	1.539130e-04	
5.337995e+00	1.455291e-04	
5.664454e+00	1.448373e-04	
5.554947e+00	1.363371e-04	
5.364273e+00	1.295718e-04	
5.273301e+00	1.201728e-04	
5.245507e+00	1.319701e-04	
5.145692e+00	1.308802e-04	
5.332110e+00	1.218087e-04	
5.047250e+00	1.290065e-04	
5.353979e+00	1.257216e-04	
5.538380e+00	1.340336e-04	
5.294769e+00	1.388065e-04	
5.190923e+00	1.406197e-04	
5.465255e+00	1.341697e-04	
5.413264e+00	1.396710e-04	
5.210040e+00	1.470110e-04	
5.487889e+00	1.474044e-04	
5.190375e+00	1.505870e-04	
5.265839e+00	1.289767e-04	
5.473772e+00	1.403883e-04	
5.279330e+00	1.600352e-04	
5.407956e+00	2.037642e-04	
5.290652e+00	2.137853e-04	
5.469816e+00	1.753224e-04	
6.080872e+00	2.533663e-04	
5.204414e+00	1.777748e-04	
5.343630e+00	1.734910e-04	
5.412457e+00	1.587673e-04	
5.503695e+00	1.516003e-04	
5.602404e+00	1.251741e-04	
5.475789e+00	1.341886e-04	
5.383669e+00	1.225639e-04	
5.419409e+00	1.449415e-04	
5.497402e+00	1.314405e-04	
5.243051e+00	1.341022e-04	
5.500092e+00	1.333230e-04	
5.080902e+00	1.395913e-04	
5.489682e+00	1.360758e-04	
5.471259e+00	1.335172e-04	
5.161524e+00	1.299928e-04	
5.424803e+00	1.233207e-04	
5.098032e+00	1.272780e-04	
5.563819e+00	1.263036e-04	
5.425672e+00	1.210844e-04	
5.425692e+00	1.302006e-04	
5.358571e+00	1.262260e-04	
5.115427e+00	1.179232e-04	
5.226376e+00	1.149944e-04	
5.531922e+00	1.292014e-04	
5.483673e+00	1.363002e-04	
5.343659e+00	1.303155e-04	
5.311550e+00	1.294854e-04	
5.469248e+00	1.221150e-04	
5.368788e+00	1.223548e-04	
5.322477e+00	1.329902e-04	
5.408829e+00	1.349385e-04	
5.440469e+00	1.432407e-04	
5.387206e+00	1.319628e-04	
5.348238e+00	1.591856e-04	
5.476815e+00	1.745784e-04	
5.432072e+00	2.170140e-04	
5.773830e+00	1.880667e-04	
5.517076e+00	2.398870e-04	
5.691767e+00	2.172031e-04	
5.282945e+00	1.597477e-04	
5.514663e+00	1.360791e-04	
5.286019e+00	1.264631e-04	
5.264523e+00	1.439939e-04	
5.259426e+00	1.363439e-04	
5.628507e+00	1.421136e-04	
5.494375e+00	1.312304e-04	
5.443084e+00	1.375338e-04	
5.460911e+00	1.243197e-04	
5.268795e+00	1.272267e-04	
5.321355e+00	1.149165e-04	
5.306539e+00	1.241303e-04	
5.282723e+00	1.225856e-04	
5.012201e+00	1.221700e-04	
5.309558e+00	1.262524e-04	
5.367799e+00	1.256291e-04	
5.487918e+00	1.280949e-04	
5.440358e+00	1.139606e-04	
5.239337e+00	1.214435e-04	
5.721533e+00	1.166653e-04	
5.480944e+00	1.173455e-04	
5.430365e+00	1.150698e-04	
5.173583e+00	1.289092e-04	
5.208163e+00	1.166040e-04	
5.652988e+00	1.130855e-04	
5.578141e+00	1.179370e-04	
5.343412e+00	1.293344e-04	
5.268952e+00	1.252940e-04	
5.051408e+00	1.271141e-04	
5.302555e+00	1.403998e-04	
5.386473e+00	1.264780e-04	
5.291863e+00	1.431286e-04	
5.397270e+00	1.507218e-04	
5.282212e+00	1.749310e-04	
5.317085e+00	1.683130e-04	
5.810413e+00	2.191142e-04	
5.759955e+00	1.416404e-04	
5.289021e+00	1.869893e-04	
5.368701e+00	1.877219e-04	
5.480015e+00	1.558021e-04	
5.598383e+00	1.371995e-04	
5.488100e+00	1.263126e-04	
5.321407e+00	1.240599e-04	
5.150103e+00	1.322359e-04	
5.400942e+00	1.383200e-04	
5.593806e+00	1.236723e-04	
5.287523e+00	1.290111e-04	
5.378305e+00	1.160801e-04	
5.328380e+00	1.150133e-04	
5.454410e+00	1.215157e-04	
5.264902e+00	1.170033e-04	
5.446578e+00	1.104009e-04	
5.338895e+00	1.145097e-04	
5.402139e+00	1.224788e-04	
5.477743e+00	1.177095e-04	
5.440629e+00	1.153368e-04	
5.279965e+00	1.036171e-04	
5.223342e+00	1.189931e-04	
5.408924e+00	1.156177e-04	
5.383603e+00	1.131453e-04	
5.053843e+00	1.171885e-04	
5.494128e+00	1.150562e-04	
5.338550e+00	1.097544e-04	
5.317018e+00	1.060427e-04	
5.535029e+00	1.086299e-04	
5.623637e+00	1.194240e-04	
5.541353e+00	1.281289e-04	
5.330005e+00	1.406850e-04	
5.176805e+00	1.518589e-04	
5.076852e+00	1.467354e-04	
5.235770e+00	1.529026e-04	
5.171021e+00	1.560895e-04	
5.076225e+00	1.670189e-04	
5.632035e+00	1.350045e-04	
5.548916e+00	1.887451e-04	
5.158835e+00	1.714636e-04	
5.229714e+00	1.845861e-04	
5.222246e+00	1.453189e-04	
5.641056e+00	1.479136e-04	
5.364187e+00	1.247059e-04	
5.417957e+00	1.126615e-04	
5.308459e+00	1.129062e-04	
5.219384e+00	1.201190e-04	
5.522377e+00	1.243349e-04	
5.280293e+00	1.163482e-04	
5.485410e+00	1.246547e-04	
5.365753e+00	1.075932e-04	
5.101640e+00	1.095623e-04	
5.550721e+00	1.103432e-04	
5.197233e+00	1.076135e-04	
5.396557e+00	1.151399e-04	
5.288735e+00	1.028949e-04	
5.411394e+00	1.067398e-04	
5.322452e+00	1.146645e-04	
5.702764e+00	1.067552e-04	
5.238684e+00	1.081244e-04	
5.408259e+00	1.200318e-04	
5.414638e+00	1.194810e-04	
5.488094e+00	1.071843e-04	
5.693872e+00	1.081462e-04	
5.376360e+00	1.073272e-04	
5.536591e+00	1.228356e-04	
5.405984e+00	1.248956e-04	
5.403552e+00	1.026867e-04	
5.640228e+00	1.122735e-04	
5.408996e+00	1.361798e-04	
5.498369e+00	1.547488e-04	
5.421979e+00	1.567963e-04	
5.437883e+00	1.479970e-04	
5.112484e+00	1.404061e-04	
5.215542e+00	1.588386e-04	
5.943934e+00	1.676524e-04	
5.708961e+00	1.501301e-04	
5.513139e+00	1.761771e-04	
5.010394e+00	1.520760e-04	
5.528452e+00	1.429761e-04	
5.423479e+00	1.389601e-04	
5.037696e+00	1.237825e-04	
5.377538e+00	1.082766e-04	
5.175070e+00	1.147371e-04	
5.102329e+00	1.172838e-04	
5.401260e+00	1.191390e-04	
5.376968e+00	1.147300e-04	
5.333463e+00	1.004899e-04	
5.467708e+00	9.736267e-05	
5.559148e+00	1.059825e-04	
5.539664e+00	1.116964e-04	
5.556610e+00	1.007155e-04	
5.208433e+00	1.048339e-04	
5.489865e+00	1.021829e-04	
5.460086e+00	9.644906e-05	
5.209773e+00	9.414555e-05	
5.534298e+00	1.069158e-04	
5.441098e+00	1.127749e-04	
5.337996e+00	1.002972e-04	
5.413710e+00	1.141113e-04	
5.168126e+00	1.100953e-04	
5.309915e+00	1.009512e-04	
5.346893e+00	1.108515e-04	
5.377342e+00	1.250457e-04	
5.071804e+00	1.187514e-04	
5.565841e+00	1.195557e-04	
5.041139e+00	1.236106e-04	
5.245585e+00	1.269990e-04	
5.492769e+00	1.493949e-04	
4.993414e+00	1.332665e-04	
5.353529e+00	1.175747e-04	
5.413458e+00	1.394627e-04	
5.189999e+00	1.613283e-04	
5.743542e+00	2.365160e-04	
5.639296e+00	1.956262e-04	
5.391848e+00	1.979548e-04	
5.225695e+00	1.451351e-04	
5.206073e+00	1.305099e-04	
5.230562e+00	1.288528e-04	
5.157986e+00	1.155441e-04	
5.365319e+00	1.268503e-04	
5.434191e+00	1.139783e-04	
5.492022e+00	9.542003e-05	
5.633615e+00	1.031635e-04	
4.978789e+00	1.041148e-04	
5.312518e+00	9.517126e-05	
5.446153e+00	1.012469e-04	
5.168855e+00	9.615494e-05	
5.374992e+00	9.660248e-05	
5.354138e+00	1.096547e-04	
5.219964e+00	1.002285e-04	
5.610255e+00	9.592680e-05	
5.334581e+00	9.192361e-05	
5.454622e+00	9.081447e-05	
5.407073e+00	1.066772e-04	
5.385378e+00	1.022776e-04	
5.457138e+00	1.048092e-04	
5.179623e+00	9.442869e-05	
5.340790e+00	9.950293e-05	
5.337718e+00	1.016203e-04	
5.463063e+00	1.125656e-04	
5.415510e+00	1.128022e-04	
5.490504e+00	1.164168e-04	
5.382633e+00	1.253002e-04	
5.352710e+00	1.316124e-04	
5.204297e+00	1.345450e-04	
5.289802e+00	1.225507e-04	
5.482094e+00	1.337478e-04	
5.358659e+00	1.327000e-04	
5.061643e+00	1.383457e-04	
5.209843e+00	1.407670e-04	
5.742604e+00	1.587534e-04	
5.654380e+00	1.787999e-04	
5.188187e+00	1.673524e-04	
5.394119e+00	1.292028e-04	
5.518507e+00	1.444233e-04	
5.545258e+00	1.437840e-04	
5.531239e+00	1.041658e-04	
5.263420e+00	9.508508e-05	
5.315645e+00	1.001158e-04	
5.104982e+00	9.019398e-05	
5.159284e+00	9.848717e-05	
5.159167e+00	9.871322e-05	
5.624364e+00	9.657493e-05	
5.389317e+00	9.530725e-05	
5.406796e+00	8.739557e-05	
5.465051e+00	9.028681e-05	
5.212308e+00	9.728438e-05	
5.378839e+00	1.003366e-04	
5.310845e+00	1.058037e-04	
5.346232e+00	9.471407e-05	
5.212075e+00	9.525490e-05	
5.290857e+00	9.554592e-05	
5.276860e+00	9.296595e-05	
5.467678e+00	9.564791e-05	
5.423738e+00	9.062244e-05	
5.114550e+00	9.926626e-05	
5.540960e+00	1.101029e-04	
5.065761e+00	1.085286e-04	
5.200489e+00	1.003940e-04	
5.217704e+00	1.065515e-04	
5.176857e+00	1.063118e-04	
5.322988e+00	1.027300e-04	
5.571346e+00	1.106373e-04	
5.396365e+00	1.257402e-04	
5.267137e+00	1.069736e-04	
5.527130e+00	1.306651e-04	
5.203321e+00	1.427163e-04	
5.298376e+00	1.841483e-04	
5.685230e+00	1.817955e-04	
6.132329e+00	2.107463e-04	
5.208535e+00	1.678384e-04	
5.301284e+00	1.315253e-04	
5.477629e+00	1.139578e-04	
5.232670e+00	1.203920e-04	
5.471954e+00	1.205372e-04	
5.575731e+00	1.114738e-04	
5.328108e+00	9.057156e-05	
5.578224e+00	7.854394e-05	
5.293727e+00	8.324314e-05	
5.306380e+00	8.394764e-05	
5.590144e+00	7.837570e-05	
5.314291e+00	9.008020e-05	
5.397365e+00	8.565307e-05	
5.463329e+00	8.757560e-05	
5.600335e+00	9.265546e-05	
5.194834e+00	9.180888e-05	
5.320290e+00	9.286477e-05	
5.616891e+00	1.013912e-04	
5.599299e+00	9.656421e-05	
5.027423e+00	8.387750e-05	
5.384952e+00	8.869526e-05	
5.335303e+00	9.064399e-05	
5.380429e+00	8.748447e-05	
5.442151e+00	9.207541e-05	
5.570948e+00	1.046632e-04	
5.289161e+00	8.649272e-05	
5.164881e+00	1.016420e-04	
5.326881e+00	8.917698e-05	
5.220651e+00	1.007813e-04	
5.245706e+00	1.043882e-04	
5.462481e+00	1.121968e-04	
5.254030e+00	1.191518e-04	
5.181515e+00	1.196692e-04	
5.116595e+00	1.260627e-04	
5.283103e+00	1.306629e-04	
5.361086e+00	1.591179e-04	
5.605523e+00	1.818813e-04	
5.322053e+00	1.560577e-04	
5.133797e+00	1.756960e-04	
5.322308e+00	1.524592e-04	
5.466155e+00	1.406187e-04	
5.232717e+00	1.133827e-04	
5.458927e+00	1.012523e-04	
5.217407e+00	8.868854e-05	
5.334256e+00	8.413679e-05	
5.562460e+00	7.874166e-05	
5.266137e+00	8.019791e-05	
5.311575e+00	6.915394e-05	
5.401440e+00	8.922101e-05	
5.681813e+00	9.133472e-05	
5.392965e+00	7.667545e-05	
5.412411e+00	8.425397e-05	
5.264944e+00	8.798025e-05	
5.224438e+00	8.146805e-05	
5.715243e+00	8.783930e-05	
5.265788e+00	8.649387e-05	
5.320894e+00	8.540780e-05	
5.601463e+00	7.459622e-05	
5.496055e+00	7.327650e-05	
5.312533e+00	7.913847e-05	
5.473442e+00	9.136564e-05	
5.361325e+00	9.148284e-05	
5.223564e+00	7.212759e-05	
5.430867e+00	7.753742e-05	
5.570480e+00	7.952183e-05	
5.454884e+00	9.271721e-05	
5.455755e+00	1.005005e-04	
5.377412e+00	1.013250e-04	
5.545199e+00	1.000148e-04	
5.370052e+00	1.011774e-04	
5.432682e+00	1.195531e-04	
5.467133e+00	1.587689e-04	
5.247455e+00	1.620710e-04	
5.279925e+00	1.407149e-04	
5.615153e+00	1.630148e-04	
5.546012e+00	1.669527e-04	
5.096599e+00	1.612893e-04	
5.442750e+00	1.364654e-04	
5.268669e+00	1.296564e-04	
5.284274e+00	1.132373e-04	
5.472234e+00	1.189338e-04	
5.434317e+00	7.686187e-05	
5.419604e+00	6.439256e-05	
5.343222e+00	7.231461e-05	
5.360986e+00	7.894554e-05	
5.388725e+00	8.033918e-05	
5.502691e+00	7.821659e-05	
5.111326e+00	7.748621e-05	
5.648099e+00	8.538689e-05	
5.305442e+00	8.811953e-05	
5.622049e+00	7.344010e-05	
5.405494e+00	7.716975e-05	
5.013724e+00	7.827380e-05	
5.379469e+00	6.845854e-05	
5.330088e+00	6.805058e-05	
5.348208e+00	7.128072e-05	
5.304623e+00	6.747910e-05	
5.346036e+00	7.319853e-05	
5.346392e+00	8.272973e-05	
5.339653e+00	6.853438e-05	
5.465967e+00	7.405679e-05	
5.477317e+00	7.815013e-05	
5.380988e+00	8.131524e-05	
5.407031e+00	8.639942e-05	
5.286837e+00	8.886408e-05	
5.676322e+00	9.843109e-05	
5.263042e+00	1.029873e-04	
5.500285e+00	1.066111e-04	
5.433346e+00	1.276142e-04	
5.247081e+00	1.237947e-04	
5.479167e+00	1.100293e-04	
5.315767e+00	1.596927e-04	
5.717837e+00	1.355875e-04	
5.851359e+00	2.099453e-04	
5.490886e+00	1.463589e-04	
5.245324e+00	8.555585e-05	
5.469408e+00	8.872503e-05	
5.394036e+00	9.242465e-05	
5.411947e+00	8.646318e-05	
5.237736e+00	7.890762e-05	
5.446626e+00	6.325728e-05	
5.407602e+00	7.747474e-05	
5.450490e+00	7.650279e-05	
5.293311e+00	6.000135e-05	
5.269731e+00	7.794264e-05	
5.606298e+00	6.637408e-05	
5.336048e+00	8.000285e-05	
5.165690e+00	7.301465e-05	
5.550523e+00	7.340144e-05	
5.334976e+00	7.456600e-05	
5.486119e+00	6.457547e-05	
5.580892e+00	6.743244e-05	
5.457376e+00	5.798427e-05	
5.354901e+00	6.208176e-05	
5.294313e+00	6.632608e-05	
5.268161e+00	7.129073e-05	
5.194879e+00	5.838693e-05	
5.397664e+00	6.102835e-05	
5.609374e+00	6.770410e-05	
5.581743e+00	7.453683e-05	
5.529089e+00	8.051154e-05	
5.435306e+00	9.553975e-05	
5.199512e+00	8.608360e-05	
5.162855e+00	9.112953e-05	
5.705442e+00	1.015859e-04	
5.475192e+00	1.008965e-04	
5.073809e+00	1.134846e-04	
5.346964e+00	1.006647e-04	
5.337123e+00	1.150055e-04	
5.415531e+00	1.296896e-04	
5.908158e+00	2.320830e-04	
5.576733e+00	1.304360e-04	
5.171751e+00	1.323900e-04	
5.297219e+00	1.162102e-04	
5.746603e+00	1.062229e-04	
5.339477e+00	6.504496e-05	
5.518343e+00	6.790405e-05	
5.358576e+00	6.324719e-05	
5.299940e+00	6.768974e-05	
5.330052e+00	6.711749e-05	
5.266863e+00	6.512008e-05	
5.468283e+00	6.897911e-05	
5.452997e+00	6.749969e-05	
5.450183e+00	6.370264e-05	
5.392846e+00	6.473630e-05	
5.302591e+00	6.819918e-05	
5.420675e+00	7.081096e-05	
5.234043e+00	6.433502e-05	
5.391990e+00	6.335063e-05	
5.502334e+00	5.984432e-05	
5.532519e+00	6.228873e-05	
5.090894e+00	5.952789e-05	
5.577507e+00	6.528522e-05	
5.278547e+00	6.445704e-05	
5.479874e+00	5.496343e-05	
5.639661e+00	6.309711e-05	
5.257149e+00	7.542445e-05	
5.261555e+00	7.448178e-05	
5.387016e+00	7.169122e-05	
5.401963e+00	7.305363e-05	
5.600181e+00	6.956465e-05	
5.363914e+00	9.003288e-05	
5.449250e+00	9.784021e-05	
5.615766e+00	1.014263e-04	
5.153934e+00	9.237945e-05	
5.152012e+00	1.183345e-04	
5.404320e+00	1.181873e-04	
5.252504e+00	1.523890e-04	
5.614282e+00	1.761200e-04	
5.840154e+00	1.094870e-04	
5.154013e+00	1.154167e-04	
5.367003e+00	8.475292e-05	
5.188948e+00	8.038488e-05	
5.217171e+00	5.798268e-05	
5.211167e+00	7.352524e-05	
5.189309e+00	7.722816e-05	
5.604259e+00	6.706366e-05	
5.216761e+00	6.297802e-05	
5.317008e+00	5.860978e-05	
5.413932e+00	6.270497e-05	
5.254073e+00	6.135363e-05	
5.498198e+00	5.757643e-05	
5.401261e+00	6.068001e-05	
5.376076e+00	5.912921e-05	
5.484214e+00	6.835613e-05	
5.206512e+00	5.427864e-05	
5.267782e+00	4.685174e-05	
5.443862e+00	5.986514e-05	
5.411629e+00	6.181802e-05	
5.532783e+00	5.142378e-05	
5.350868e+00	6.416095e-05	
5.162671e+00	5.193931e-05	
5.610236e+00	4.924686e-05	
5.386303e+00	6.637242e-05	
5.206611e+00	5.919285e-05	
5.287842e+00	7.082903e-05	
5.257382e+00	6.726853e-05	
5.369866e+00	5.253543e-05	
5.178968e+00	6.208153e-05	
5.574834e+00	6.016671e-05	
5.400976e+00	8.507953e-05	
5.431507e+00	6.577504e-05	
5.488892e+00	7.277270e-05	
5.335543e+00	9.465567e-05	
5.501478e+00	1.363752e-04	
5.556744e+00	1.775677e-04	
5.804045e+00	1.360064e-04	
5.524300e+00	1.037671e-04	
5.295017e+00	9.035973e-05	
5.342812e+00	1.123879e-04	
5.359641e+00	7.211149e-05	
5.384355e+00	4.797204e-05	
5.577252e+00	5.751439e-05	
5.168390e+00	5.079969e-05	
5.255630e+00	6.712307e-05	
5.577851e+00	5.712907e-05	
5.411901e+00	5.936444e-05	
5.600000e+00	4.326758e-05	
5.633218e+00	4.556355e-05	
5.532077e+00	4.617788e-05	
5.351006e+00	4.602983e-05	
5.638239e+00	4.835007e-05	
5.024732e+00	4.797701e-05	
5.382678e+00	4.891283e-05	
5.368846e+00	4.159399e-05	
5.311530e+00	4.382630e-05	
5.367913e+00	5.928524e-05	
5.545157e+00	5.682901e-05	
5.077227e+00	4.624653e-05	
5.320063e+00	4.379902e-05	
5.515864e+00	5.269964e-05	
5.558658e+00	5.002241e-05	
5.481997e+00	5.022545e-05	
5.194874e+00	4.605971e-05	
5.385967e+00	3.825827e-05	
5.394327e+00	5.236875e-05	
5.421131e+00	4.860270e-05	
5.447150e+00	5.571793e-05	
5.229001e+00	6.142119e-05	
5.407755e+00	8.068459e-05	
5.052161e+00	6.692581e-05	
5.148018e+00	7.377748e-05	
5.100207e+00	8.451526e-05	
5.405863e+00	9.202784e-05	
5.988597e+00	1.212401e-04	
5.722410e+00	1.382824e-04	
5.320559e+00	1.028057e-04	
5.449914e+00	1.095392e-04	
5.109218e+00	7.067942e-05	
5.529341e+00	5.729133e-05	
5.455487e+00	3.964984e-05	
5.155169e+00	4.592320e-05	
5.356909e+00	3.128230e-05	
5.591454e+00	5.750618e-05	
5.471468e+00	4.543495e-05	
5.237156e+00	3.697183e-05	
5.204957e+00	3.984241e-05	
5.318265e+00	3.662406e-05	
5.264929e+00	3.951727e-05	
5.036334e+00	4.456822e-05	
5.167544e+00	4.329353e-05	
5.436162e+00	4.114136e-05	
5.480794e+00	4.177969e-05	
5.557449e+00	4.243580e-05	
5.120673e+00	4.101548e-05	
5.414146e+00	4.381393e-05	
5.348453e+00	4.216332e-05	
5.113029e+00	3.997785e-05	
5.267610e+00	3.981038e-05	
5.530868e+00	3.537278e-05	
5.500735e+00	3.323808e-05	
5.355296e+00	3.069341e-05	
5.726229e+00	3.749774e-05	
5.061400e+00	4.189348e-05	
5.245925e+00	3.972963e-05	
5.349144e+00	4.188345e-05	
5.331893e+00	4.415877e-05	
5.418544e+00	5.996195e-05	
5.375881e+00	5.765883e-05	
5.123002e+00	6.730993e-05	
5.299502e+00	3.514731e-05	
5.300018e+00	8.255226e-05	
5.727941e+00	7.803977e-05	
5.816196e+00	1.344087e-04	
5.660771e+00	1.238508e-04	
5.416672e+00	6.466938e-05	
5.406434e+00	5.454940e-05	
5.692709e+00	4.629050e-05	
5.312476e+00	4.754241e-05	
5.451728e+00	3.177271e-05	
5.526489e+00	3.257845e-05	
5.285153e+00	4.635456e-05	
5.631549e+00	4.066925e-05	
5.597454e+00	3.431185e-05	
5.301741e+00	3.227632e-05	
5.446258e+00	3.987334e-05	
5.469069e+00	3.677830e-05	
5.218802e+00	3.678549e-05	
5.429237e+00	3.145373e-05	
5.545701e+00	3.110809e-05	
5.567163e+00	4.348830e-05	
5.292026e+00	3.833788e-05	
5.252263e+00	3.280050e-05	
5.416709e+00	4.190873e-05	
5.598690e+00	3.159778e-05	
5.577498e+00	2.872987e-05	
5.471089e+00	4.423304e-05	
5.205169e+00	3.613225e-05	
5.189162e+00	2.884968e-05	
5.406999e+00	3.307955e-05	
5.466378e+00	3.837057e-05	
5.052767e+00	3.392236e-05	
5.455455e+00	2.066839e-05	
5.301063e+00	3.790308e-05	
5.408271e+00	4.098591e-05	
5.358930e+00	5.021976e-05	
5.320129e+00	5.572773e-05	
5.393978e+00	5.682116e-05	
5.530795e+00	6.691710e-05	
5.153243e+00	8.022538e-05	
5.483018e+00	1.121384e-04	
5.791843e+00	1.741196e-04	
5.521330e+00	1.260768e-04	
5.365693e+00	7.310310e-05	
5.541409e+00	3.663176e-05	
5.647031e+00	3.759671e-05	
5.500059e+00	3.975439e-05	
5.491551e+00	2.109384e-05	
5.321725e+00	3.240778e-05	
5.385297e+00	2.673302e-05	
5.137380e+00	2.798703e-05	
5.478462e+00	3.869530e-05	
5.400140e+00	2.759015e-05	
5.267137e+00	2.843924e-05	
5.387859e+00	2.558124e-05	
5.441109e+00	1.496219e-05	
5.342145e+00	2.326071e-05	
5.186929e+00	2.699546e-05	
5.396215e+00	3.818293e-05	
5.567357e+00	3.509753e-05	
5.354266e+00	3.248296e-05	
5.003577e+00	3.138426e-05	
5.504441e+00	2.172062e-05	
5.378654e+00	2.569425e-05	
5.311380e+00	2.995020e-05	
5.694287e+00	2.205046e-05	
5.486853e+00	2.325024e-05	
5.402599e+00	4.024013e-05	
5.287308e+00	3.947132e-05	
5.268581e+00	1.725210e-05	
5.416047e+00	2.247607e-05	
5.243949e+00	3.797101e-05	
5.442148e+00	4.260646e-05	
5.597343e+00	3.954054e-05	
5.149689e+00	4.761816e-05	
5.305222e+00	4.866004e-05	
5.315378e+00	6.541633e-05	
5.138231e+00	6.554730e-05	
5.413320e+00	8.134190e-05	
5.681850e+00	9.979746e-05	
5.193926e+00	5.557418e-05	
5.023514e+00	5.032875e-05	
5.291972e+00	3.576396e-05	
5.073515e+00	3.766807e-05	
5.165330e+00	3.628419e-05	
5.283493e+00	3.444255e-05	
5.393918e+00	3.657998e-05	
5.422047e+00	2.234748e-05	
5.400785e+00	2.616649e-05	
5.444146e+00	1.678059e-05	
5.271037e+00	2.030017e-05	
5.214754e+00	1.963078e-05	
5.184427e+00	1.803956e-05	
5.253105e+00	1.875053e-05	
5.370930e+00	2.334227e-05	
5.534009e+00	2.315592e-05	
5.135977e+00	2.514186e-05	
5.458664e+00	2.542112e-05	
5.269032e+00	3.075018e-05	
5.348479e+00	1.840579e-05	
5.285753e+00	2.134117e-05	
5.235253e+00	1.719396e-05	
5.152632e+00	2.036655e-05	
5.531604e+00	1.949159e-05	
5.535465e+00	2.417724e-05	
5.233128e+00	3.222732e-05	
5.112320e+00	3.055132e-05	
5.323325e+00	1.916053e-05	
5.329197e+00	2.307008e-05	
5.224707e+00	1.472176e-05	
5.565808e+00	2.222710e-05	
5.515029e+00	3.047289e-05	
5.586932e+00	5.259040e-05	
5.493132e+00	5.572117e-05	
5.336085e+00	4.967019e-05	
5.410148e+00	7.005823e-05	
5.500893e+00	6.556210e-05	
5.957160e+00	6.540376e-05	
5.770664e+00	3.281515e-05	
5.419596e+00	2.647062e-05	
5.800993e+00	4.337557e-05	
5.573849e+00	2.544409e-05	
5.703515e+00	1.539762e-05	
5.772039e+00	1.730287e-05	
5.735743e+00	1.987641e-05	
5.866617e+00	1.771184e-05	
5.743467e+00	1.971286e-05	
5.742296e+00	1.361950e-05	
5.483263e+00	1.300905e-05	
5.501745e+00	1.332199e-05	
5.431547e+00	1.481977e-05	
5.552254e+00	1.309020e-05	
5.749468e+00	1.960390e-05	
5.682645e+00	2.052238e-05	
5.730692e+00	1.228257e-05	
5.596395e+00	1.984752e-05	
5.879324e+00	1.081677e-05	
5.639963e+00	1.708473e-05	
5.470461e+00	1.154357e-05	
5.603613e+00	1.795495e-05	
5.888065e+00	1.084156e-05	
5.465357e+00	1.840733e-05	
5.735724e+00	1.360315e-05	
6.034551e+00	1.687169e-05	
5.528563e+00	1.489151e-05	
5.918860e+00	1.566683e-05	
5.814613e+00	1.793538e-05	
5.457920e+00	1.829148e-05	
5.602876e+00	3.640389e-05	
5.376327e+00	1.829417e-05	
5.341836e+00	1.406948e-05	
5.574113e+00	3.030342e-06	
5.679843e+00	4.138703e-06	
5.754717e+00	2.566362e-05	
6.185095e+00	1.596959e-04	
