3.424486e-01	6.461498e-14	
4.932512e-01	4.107825e-14	
5.315969e-01	3.286260e-14	
4.726855e-01	3.441247e-12	
4.565070e-01	1.927347e-13	
4.107093e-01	7.327472e-13	
3.504522e-01	9.264367e-12	
3.972598e-01	4.907186e-14	
3.522164e-01	3.141709e-12	
3.384851e-01	7.819545e-11	
5.277276e-01	8.215650e-15	
5.338883e-01	4.913736e-12	
6.377071e-01	6.739054e-13	
4.837316e-01	3.403944e-13	
4.498779e-01	2.586598e-12	
3.764960e-01	1.824985e-11	
4.623516e-01	3.510525e-13	
3.815030e-01	6.458167e-13	
3.677142e-01	3.776546e-11	
4.456973e-01	1.549871e-13	
4.506625e-01	1.183031e-11	
2.834913e-01	2.253087e-12	
4.151468e-01	1.764233e-11	
4.637696e-01	1.006972e-12	
3.458890e-01	1.090195e-11	
4.399085e-01	2.447376e-12	
5.443044e-01	1.902145e-12	
5.069653e-01	1.056333e-11	
4.866446e-01	3.303091e-11	
3.564319e-01	2.153944e-12	
3.919347e-01	2.835843e-12	
4.174786e-01	7.318590e-13	
3.822866e-01	4.499312e-11	
3.858025e-01	1.852962e-12	
4.158869e-01	3.955281e-12	
4.973966e-01	1.419975e-13	
4.696721e-01	8.495427e-13	
5.720953e-01	6.765699e-13	
4.268473e-01	3.866907e-13	
2.613358e-01	1.265654e-14	
2.626554e-01	7.932544e-12	
3.516296e-01	5.761057e-13	
3.940508e-01	6.942344e-14	
4.038939e-01	7.481177e-14	
5.407343e-01	0	
4.713631e-01	4.454518e-14	
4.431594e-01	1.047726e-14	
4.041834e-01	6.003125e-15	
3.603623e-01	4.886316e-15	
3.957276e-01	8.022497e-15	
3.693403e-01	5.441775e-15	
3.962940e-01	2.535696e-15	
3.720359e-01	1.706018e-16	
4.792682e-01	3.244393e-15	
5.278243e-01	2.333600e-15	
4.706849e-01	5.563943e-15	
5.240478e-01	2.342807e-15	
5.572086e-01	2.010041e-15	
4.293180e-01	2.834493e-16	
3.706533e-01	1.408146e-16	
5.421760e-01	1.408146e-15	
5.076827e-01	4.251739e-16	
5.347331e-01	7.178717e-16	
4.942379e-01	7.321272e-16	
4.674232e-01	2.556406e-15	
4.534638e-01	1.555734e-16	
4.231524e-01	9.733180e-16	
4.187507e-01	8.530090e-16	
4.965547e-01	0	
5.023776e-01	0	
3.949262e-01	0	
3.487202e-01	2.792180e-15	
3.973912e-01	1.305027e-16	
4.220850e-01	7.483759e-16	
3.640210e-01	1.767666e-16	
3.964795e-01	2.175122e-16	
4.629949e-01	4.702454e-15	
4.633357e-01	1.772070e-14	
4.341391e-01	8.945936e-13	
2.559370e-01	1.164246e-11	
4.254197e-01	3.341771e-14	
4.080108e-01	4.664047e-13	
4.164456e-01	2.654543e-13	
4.746657e-01	1.092682e-12	
4.086533e-01	3.427481e-12	
4.114238e-01	4.507505e-13	
3.769924e-01	6.484924e-12	
5.095695e-01	3.062772e-12	
3.775958e-01	6.201706e-13	
4.320916e-01	4.815037e-12	
3.454984e-01	1.614264e-13	
5.191519e-01	6.821210e-13	
4.700750e-01	3.666800e-11	
3.826721e-01	2.397749e-12	
4.511183e-01	6.217582e-12	
4.579920e-01	1.249134e-11	
3.235288e-01	1.115708e-11	
4.513625e-01	1.559419e-12	
4.969120e-01	1.191813e-11	
3.339095e-01	5.082679e-11	
5.062848e-01	9.072965e-12	
3.924447e-01	1.499645e-11	
3.927139e-01	2.548672e-11	
3.829237e-01	3.930967e-11	
4.430439e-01	1.015610e-11	
5.118877e-01	1.178413e-10	
4.768045e-01	2.485889e-11	
4.085701e-01	2.178191e-11	
3.673844e-01	5.128653e-11	
4.763862e-01	1.123879e-11	
4.957228e-01	4.655276e-11	
4.547360e-01	1.384048e-11	
4.037572e-01	1.084146e-10	
3.825744e-01	7.122525e-12	
3.893035e-01	8.911760e-13	
3.567956e-01	3.509415e-13	
4.103187e-01	1.541722e-11	
3.676992e-01	6.883827e-12	
4.264213e-01	1.093570e-13	
4.580780e-01	6.512568e-13	
5.300046e-01	8.968382e-13	
4.753133e-01	3.480993e-12	
5.231193e-01	4.415690e-12	
3.234608e-01	3.410938e-12	
4.676898e-01	2.688072e-12	
4.433928e-01	1.117906e-11	
4.560922e-01	1.008305e-12	
5.061849e-01	1.590061e-12	
4.604320e-01	2.824629e-11	
3.843915e-01	2.622347e-13	
4.525406e-01	2.758238e-12	
4.894233e-01	1.872724e-12	
4.112521e-01	1.208922e-12	
4.677238e-01	2.886580e-12	
4.353985e-01	4.606893e-11	
3.673226e-01	1.152856e-12	
5.138551e-01	2.675882e-11	
5.391789e-01	7.061018e-13	
4.461013e-01	4.574119e-14	
3.340726e-01	6.519230e-13	
4.538158e-01	1.266431e-12	
5.167394e-01	2.559097e-11	
3.718416e-01	3.532286e-12	
4.244892e-01	8.762768e-12	
5.043061e-01	2.831291e-12	
5.535061e-01	8.635981e-12	
3.771084e-01	7.855050e-12	
3.726813e-01	6.956880e-12	
3.729860e-01	1.907519e-11	
3.750414e-01	1.432687e-11	
4.872206e-01	2.864664e-11	
3.815140e-01	1.488565e-11	
3.881001e-01	3.740697e-11	
3.357101e-01	2.723222e-11	
4.213844e-01	1.898037e-12	
3.488248e-01	4.614975e-12	
4.011501e-01	2.203287e-06	
2.468867e-01	7.815419e-06	
3.844258e-01	2.119882e-05	
2.462210e-01	4.641198e-05	
2.497352e-01	1.735315e-05	
1.400736e-01	9.828111e-05	
1.960639e-01	1.051931e-04	
3.353691e-01	5.739704e-06	
2.923155e-01	1.156275e-04	
4.399223e-01	1.167484e-04	
4.293959e-01	2.669038e-05	
2.804502e-01	2.129005e-05	
2.653721e-01	1.519506e-04	
3.338124e-01	8.749571e-05	
3.510806e-01	1.329670e-04	
3.348422e-01	1.921357e-04	
2.045638e-01	1.008027e-04	
3.141572e-01	7.139451e-05	
2.675658e-01	1.097650e-04	
3.568224e-01	1.712192e-04	
3.198311e-01	1.242323e-04	
4.109747e-01	1.170205e-04	
1.984171e-01	1.395836e-04	
3.551141e-01	8.273419e-05	
3.033012e-01	3.630774e-05	
2.809359e-01	5.771585e-05	
3.076899e-01	3.240964e-05	
3.465450e-01	4.075619e-06	
3.392950e-01	1.305373e-05	
3.026877e-01	1.531969e-05	
3.208837e-01	6.224143e-05	
3.557422e-01	4.813874e-05	
3.151934e-01	4.810063e-05	
2.992057e-01	1.064203e-05	
2.386193e-01	1.151393e-05	
3.157829e-01	4.192983e-05	
3.516033e-01	2.911655e-05	
4.264737e-01	9.038691e-06	
2.409539e-01	1.029867e-06	
1.968374e-01	7.278578e-06	
8.267749e-02	1.632153e-05	
1.819305e-01	3.074991e-05	
1.273537e-01	3.103843e-05	
1.448958e-01	3.238453e-05	
1.063374e-01	2.487737e-06	
2.675670e-01	2.259665e-05	
1.730054e-01	1.155486e-05	
8.344648e-02	1.891824e-05	
1.045734e-02	1.405725e-05	
1.158668e-01	1.431221e-05	
1.131220e-01	1.038632e-04	
3.935655e-02	3.007700e-05	
6.530075e-02	1.235819e-04	
1.410178e-01	2.032908e-04	
1.447962e-01	8.042826e-05	
1.535869e-01	6.576762e-05	
1.054173e-01	1.300099e-04	
1.684585e-01	1.941561e-04	
1.033465e-01	1.088747e-04	
3.286067e-02	8.946529e-05	
1.560307e-01	8.129220e-05	
1.511960e-01	1.248980e-04	
1.403509e-01	4.068438e-06	
2.457334e-02	3.384969e-05	
1.566338e-01	1.122188e-06	
2.211126e-01	1.685534e-05	
8.989267e-02	4.437288e-05	
1.101382e-01	2.078752e-05	
1.430597e-01	9.091661e-05	
1.118939e-01	8.627131e-05	
6.644996e-02	3.928734e-05	
6.446967e-02	4.348610e-05	
1.499206e-01	2.887107e-06	
9.719928e-02	5.675362e-05	
1.090622e-01	5.218914e-05	
2.228232e-01	4.971303e-05	
2.976661e-01	4.162185e-06	
2.534226e-01	7.762348e-06	
1.904486e-01	1.068291e-06	
1.534186e-01	5.552416e-07	
1.178821e-02	3.146128e-05	
1.981680e-01	1.669692e-07	
2.030849e-01	3.526769e-05	
1.392138e-01	5.141538e-06	
1.011162e-01	2.353978e-05	
1.061863e-01	1.653306e-05	
1.208710e-01	1.593612e-05	
2.118803e-01	4.436750e-06	
2.027937e-01	5.356321e-05	
5.123434e-02	1.182268e-05	
1.763508e-01	1.398419e-04	
1.910409e-01	7.184303e-05	
1.566232e-01	7.364883e-05	
1.209467e-01	8.738802e-05	
4.783585e-02	9.903787e-05	
1.716930e-01	9.714965e-05	
1.519815e-01	6.087747e-05	
7.918795e-02	1.720545e-05	
3.615669e-02	4.794592e-05	
3.330113e-02	1.727593e-04	
1.909529e-01	4.576207e-05	
1.352274e-01	7.102975e-06	
6.655406e-02	2.371285e-05	
7.626103e-02	2.030313e-05	
5.471565e-02	1.580591e-05	
5.922433e-02	4.855251e-06	
8.936726e-02	3.340172e-05	
1.631505e-01	2.035707e-05	
1.609176e-01	2.218314e-06	
3.114723e-02	2.513683e-05	
1.101508e-02	1.491029e-06	
1.398105e-01	8.060731e-05	
4.692142e-02	2.809527e-05	
1.890328e-01	4.769940e-05	
2.241767e-01	7.022535e-05	
1.363227e-01	1.029952e-04	
1.564616e-01	5.128693e-05	
8.275517e-02	7.089808e-05	
1.123639e-01	3.082018e-05	
2.088571e-01	3.625136e-05	
2.416229e-01	2.296270e-06	
1.126578e-01	7.125262e-06	
2.385507e-01	4.484639e-05	
1.532184e-01	2.128493e-06	
2.082960e-01	9.333500e-06	
9.503463e-02	4.220294e-05	
1.079063e-01	2.216196e-05	
1.108288e-01	1.713806e-05	
9.266014e-02	1.105710e-04	
8.473674e-02	6.166895e-05	
7.736246e-02	5.003831e-05	
1.924721e-01	1.654690e-05	
5.148738e-02	7.416102e-05	
8.073665e-02	6.825940e-05	
5.652428e-02	3.113729e-05	
3.600403e-02	1.200766e-05	
6.292446e-02	2.425723e-05	
1.216354e-01	6.854517e-05	
1.564130e-01	3.509456e-05	
4.466662e-02	4.900935e-05	
1.410960e-01	5.421827e-06	
1.574139e-01	5.233748e-06	
1.665545e-01	2.970077e-05	
1.170927e-01	3.426557e-05	
8.835390e-02	1.253085e-05	
3.503865e-02	8.002554e-05	
1.315367e-01	3.895504e-05	
1.605452e-01	4.206594e-05	
7.374416e-02	7.492699e-05	
5.451218e-02	1.115272e-04	
8.726195e-02	1.083875e-04	
3.027533e-01	8.584787e-06	
1.971599e-01	3.635497e-05	
1.273451e-01	1.176894e-04	
7.191211e-02	3.056224e-05	
8.942213e-02	8.013010e-05	
2.222436e-01	7.302521e-05	
1.680204e-01	4.436790e-05	
1.238313e-01	6.957004e-06	
1.251825e-01	7.771098e-06	
1.069918e-01	3.026718e-06	
2.338756e-02	8.442940e-06	
4.301688e-02	6.118579e-05	
1.836299e-01	4.271467e-05	
4.841132e-02	1.667956e-05	
1.712462e-01	7.859316e-05	
8.217690e-02	5.467528e-06	
1.025783e-01	4.081903e-05	
1.136739e-01	2.968993e-05	
5.965705e-02	6.184576e-05	
5.238876e-02	2.566407e-05	
1.868822e-01	9.651715e-06	
3.192102e-02	4.199915e-05	
1.447067e-01	2.785544e-05	
1.562391e-01	2.079819e-05	
4.857619e-02	3.467174e-05	
2.384875e-02	3.566733e-05	
2.401896e-02	5.743058e-05	
1.778204e-01	9.751929e-05	
1.761322e-01	9.589754e-06	
8.003972e-02	2.870183e-05	
1.100356e-01	2.453039e-05	
8.371228e-02	4.084630e-05	
1.020318e-01	4.210979e-06	
6.576728e-02	1.044116e-04	
1.524838e-01	9.461838e-05	
1.439906e-02	8.055072e-05	
8.229959e-02	6.399578e-05	
2.593669e-02	1.181227e-04	
1.936023e-01	1.683244e-04	
2.955899e-01	2.457296e-05	
1.898618e-01	4.091024e-05	
3.585390e-02	7.343548e-05	
7.865582e-02	3.671165e-05	
3.762360e-02	5.979371e-05	
8.475963e-02	5.868897e-05	
1.125947e-01	3.005583e-05	
2.026985e-01	8.556594e-06	
5.153625e-02	1.611132e-05	
2.025739e-01	4.094797e-05	
5.658800e-02	5.855000e-06	
8.270912e-02	4.597914e-05	
8.686707e-02	3.758036e-05	
8.705703e-02	3.710218e-05	
1.349489e-01	2.516352e-05	
7.152947e-02	2.527975e-05	
8.528108e-02	5.503764e-05	
9.392673e-02	6.791264e-05	
5.326005e-02	7.448198e-05	
1.857419e-01	2.473623e-05	
9.024274e-02	4.512516e-06	
1.637458e-01	7.009477e-06	
4.098166e-02	2.788019e-05	
1.141607e-01	4.785508e-05	
1.443889e-01	1.696949e-05	
1.324501e-01	3.588012e-05	
1.433203e-01	1.830294e-05	
4.057270e-02	3.843908e-05	
7.549128e-02	7.638326e-06	
9.074834e-02	4.399171e-05	
2.280007e-02	1.285118e-05	
4.675342e-02	7.336611e-06	
1.371881e-01	6.630427e-05	
1.483384e-01	1.284641e-04	
1.050616e-01	1.166122e-04	
1.078086e-01	1.623300e-04	
1.544925e-01	1.100150e-04	
3.104825e-01	8.964600e-05	
2.555292e-01	8.700507e-05	
9.503292e-02	1.259983e-04	
9.480942e-02	1.633362e-04	
1.364175e-01	6.289618e-05	
7.629120e-02	6.534642e-05	
1.976215e-01	7.106714e-05	
4.577786e-02	2.116324e-05	
6.285910e-02	1.170419e-05	
9.949026e-02	7.404510e-06	
7.578763e-02	2.419526e-05	
1.080912e-01	6.675837e-06	
1.706102e-01	4.192963e-06	
2.517126e-03	2.324489e-05	
1.311152e-01	4.372169e-05	
3.139720e-02	2.750981e-05	
9.461993e-02	5.174950e-06	
1.075217e-01	1.040754e-05	
6.224208e-02	4.495143e-05	
4.270341e-02	3.866137e-05	
9.765609e-02	8.232398e-07	
1.702055e-01	3.606614e-05	
8.474554e-02	3.374854e-05	
1.449623e-01	4.455068e-06	
1.164713e-01	1.046866e-05	
9.216484e-02	2.328181e-05	
5.243685e-02	2.791262e-06	
9.939575e-02	1.955613e-06	
8.349787e-02	1.849854e-05	
1.836834e-01	3.067555e-05	
2.272774e-03	2.668997e-05	
1.055127e-01	6.180915e-05	
4.857376e-02	6.072251e-05	
1.435709e-01	7.397329e-05	
1.178499e-01	9.641227e-05	
1.885869e-01	1.577488e-04	
1.247033e-01	9.777101e-05	
1.423171e-01	5.183960e-05	
3.201643e-01	1.025832e-04	
1.571244e-01	1.286870e-04	
1.023156e-01	1.077772e-04	
5.672126e-02	6.110822e-05	
8.015760e-02	9.187792e-05	
9.828434e-02	5.777055e-05	
1.435006e-01	3.939362e-05	
1.294880e-01	4.930876e-05	
9.293046e-02	2.645510e-06	
1.202263e-01	3.413071e-06	
5.776061e-02	3.257597e-05	
1.336269e-01	6.131911e-05	
1.545651e-01	2.119331e-05	
9.996962e-02	2.079459e-05	
2.118874e-01	2.286001e-05	
2.559072e-01	1.154616e-06	
1.574859e-01	1.200933e-05	
1.804439e-01	2.959334e-05	
1.033587e-01	1.386183e-05	
1.623241e-01	1.057076e-05	
6.022766e-02	3.212002e-06	
9.779860e-02	2.086111e-05	
1.027747e-01	4.261102e-06	
1.397874e-01	2.714583e-06	
1.132923e-01	1.961338e-05	
1.689248e-01	3.132786e-05	
1.657338e-02	3.001391e-05	
1.086569e-01	2.759599e-05	
7.073706e-02	4.564040e-06	
1.189040e-01	1.483308e-05	
7.928478e-02	9.706188e-06	
3.346853e-02	5.705327e-07	
7.028812e-02	7.948077e-05	
7.645644e-02	4.096243e-05	
1.576304e-01	7.041798e-05	
1.068860e-01	1.664637e-04	
9.628736e-02	1.541952e-04	
8.841900e-02	7.673052e-05	
2.686031e-01	6.580061e-05	
2.292585e-01	1.185355e-04	
2.081725e-01	1.341946e-04	
1.047303e-01	5.508085e-05	
7.239559e-02	3.035733e-05	
4.534516e-02	1.330499e-04	
1.354428e-01	9.286727e-05	
6.113966e-02	2.203341e-06	
5.285968e-02	6.076270e-06	
1.158034e-01	4.004794e-05	
6.984190e-02	6.744786e-05	
2.453225e-02	1.638499e-05	
5.298677e-02	1.708560e-05	
1.305681e-01	3.099641e-05	
1.364279e-01	6.806927e-06	
8.177861e-02	1.827505e-05	
1.314498e-01	3.538681e-05	
1.375303e-01	3.130211e-05	
1.038174e-01	3.432305e-05	
6.921916e-03	1.864541e-05	
9.277925e-02	3.769787e-05	
9.988631e-02	2.718972e-05	
2.248954e-01	2.896687e-05	
6.724284e-02	3.158803e-05	
1.258928e-01	1.659671e-06	
1.625988e-01	2.361950e-05	
6.638429e-02	3.656398e-05	
8.503180e-02	3.137622e-06	
1.503398e-01	3.023419e-05	
1.256828e-01	1.928140e-05	
7.158783e-02	7.067239e-06	
1.110918e-01	5.412583e-05	
1.627081e-01	4.338174e-05	
1.886480e-01	5.664672e-05	
1.191410e-01	1.281170e-04	
8.716580e-02	1.472571e-04	
1.951244e-01	8.763830e-05	
6.045399e-02	1.110809e-04	
3.072376e-01	1.978406e-04	
2.457988e-01	1.709611e-05	
1.162438e-01	7.097673e-05	
1.054782e-01	6.768908e-05	
2.039050e-01	1.043731e-04	
5.871417e-02	1.235317e-04	
1.980078e-01	7.685120e-05	
1.381437e-01	2.046484e-06	
8.773794e-02	4.217177e-05	
1.576736e-01	4.664406e-05	
3.492121e-02	1.795308e-05	
1.636055e-01	1.280450e-05	
9.581695e-02	2.453464e-05	
9.480858e-02	1.079005e-05	
8.245053e-02	1.519311e-05	
4.870037e-02	1.604851e-05	
6.719497e-02	2.425164e-05	
1.491318e-01	9.170778e-06	
1.298686e-01	6.875335e-06	
8.653524e-02	7.925177e-06	
8.087846e-02	1.250665e-06	
7.909978e-02	1.702697e-06	
7.226012e-02	1.219212e-06	
1.252615e-01	1.860110e-05	
1.363598e-01	2.984654e-05	
1.518901e-01	3.832138e-05	
2.386041e-01	1.054124e-05	
1.916321e-01	2.541778e-05	
3.682103e-02	1.041653e-05	
1.812140e-01	3.191647e-05	
1.266534e-01	1.991646e-05	
1.015042e-01	3.326755e-05	
1.200689e-01	1.194563e-04	
1.896865e-01	1.048314e-04	
9.469083e-03	1.584898e-05	
1.160221e-01	1.097701e-04	
1.026690e-01	2.096387e-04	
8.696746e-02	1.783271e-04	
3.852139e-01	6.684395e-05	
4.145223e-01	1.079743e-04	
3.918843e-02	7.857497e-05	
7.039981e-02	9.092174e-05	
6.141504e-02	1.106639e-04	
9.466512e-03	5.929724e-05	
2.106632e-01	4.885113e-05	
2.139212e-01	4.263579e-05	
1.725712e-01	2.922916e-05	
1.164935e-01	6.704489e-05	
1.157086e-01	4.488681e-07	
7.237312e-02	1.529414e-05	
5.167446e-02	1.473788e-05	
1.522872e-01	4.946441e-05	
8.033017e-02	2.857385e-05	
7.464733e-02	1.501580e-05	
1.106849e-01	1.973596e-05	
1.482188e-01	1.907544e-05	
2.395405e-02	2.376726e-05	
9.377996e-02	3.466948e-06	
4.392427e-02	1.174496e-05	
1.449522e-01	1.599176e-05	
2.471788e-01	4.277878e-05	
1.010986e-01	3.690655e-05	
7.365313e-02	2.261323e-05	
4.970599e-02	3.966400e-05	
1.107926e-01	2.276882e-07	
1.482508e-01	3.355993e-05	
4.411832e-02	4.346923e-05	
1.755896e-01	3.003388e-05	
2.125853e-01	4.973449e-05	
5.564588e-02	7.613801e-05	
1.976023e-01	6.762032e-05	
6.629265e-02	8.092423e-05	
2.051204e-01	9.624440e-05	
1.124136e-01	9.808322e-05	
5.288879e-02	1.599609e-04	
8.352902e-02	2.167450e-04	
2.628941e-01	2.031115e-04	
2.978211e-01	1.767455e-04	
7.217719e-02	8.175589e-05	
6.060945e-03	7.139727e-05	
1.766780e-01	3.052521e-05	
3.049549e-02	9.770728e-05	
1.648666e-01	6.963611e-05	
1.462034e-01	8.121888e-05	
2.448232e-02	4.171641e-05	
1.491200e-01	3.931687e-05	
2.077130e-01	3.082943e-05	
3.117832e-02	2.104204e-05	
1.054167e-01	5.103607e-05	
1.093278e-01	1.816472e-06	
1.598213e-01	1.125463e-05	
4.482553e-02	5.531918e-05	
1.700354e-01	7.193437e-05	
8.994433e-02	5.971269e-05	
1.559698e-01	5.644972e-05	
1.366748e-01	1.504953e-05	
2.315302e-01	2.205102e-05	
1.667967e-01	3.518508e-05	
9.316820e-02	4.674407e-05	
1.169642e-01	5.531615e-05	
1.405119e-01	3.680123e-05	
9.975053e-02	7.107610e-06	
1.907006e-01	4.065182e-05	
1.367225e-01	5.738635e-06	
1.958726e-01	5.365271e-06	
4.460440e-02	3.639837e-05	
6.421092e-02	1.556103e-05	
8.725152e-02	3.595561e-05	
6.495978e-02	5.739963e-05	
6.085047e-02	5.864577e-05	
8.845866e-02	1.227831e-04	
8.095657e-02	6.007339e-05	
1.194329e-01	1.480601e-04	
1.381294e-01	3.650070e-04	
2.716036e-01	2.925255e-04	
2.484788e-01	2.314840e-04	
1.886968e-02	1.402464e-04	
9.325323e-02	6.347195e-05	
1.194847e-01	1.537634e-04	
5.220821e-02	7.786106e-05	
1.426278e-01	4.371746e-05	
1.694718e-01	4.234558e-05	
7.416767e-02	7.024923e-05	
1.664222e-01	2.271879e-05	
1.734950e-01	5.338655e-06	
9.630107e-02	6.541647e-05	
1.029355e-01	3.148467e-05	
1.160086e-01	3.367217e-05	
1.196244e-01	4.148147e-05	
1.832945e-01	1.850496e-05	
1.677781e-01	5.576632e-05	
8.056413e-02	3.468962e-05	
1.357944e-01	2.288687e-05	
1.067861e-01	3.894316e-05	
4.605472e-02	3.034795e-05	
2.074993e-01	3.768879e-05	
2.888671e-02	6.260709e-05	
1.153011e-01	5.704482e-06	
5.751359e-02	3.270883e-05	
1.264215e-01	5.439421e-06	
7.143946e-02	4.079904e-05	
5.828870e-02	3.610776e-05	
1.079104e-01	4.984745e-05	
1.189942e-01	4.981745e-05	
7.747935e-02	3.607192e-05	
2.250557e-01	4.937210e-05	
2.141443e-01	5.900614e-05	
3.037590e-02	1.088412e-04	
2.195178e-02	3.037137e-05	
1.348328e-01	5.386000e-05	
7.798665e-02	1.989453e-04	
1.621897e-01	4.048044e-04	
2.005050e-01	1.239920e-04	
3.463477e-01	6.985087e-05	
9.853756e-02	1.932681e-04	
1.536842e-01	2.198232e-04	
1.769964e-01	8.295394e-05	
5.368391e-02	5.735057e-05	
1.651448e-01	3.052855e-05	
4.205497e-02	5.550217e-06	
1.188117e-01	4.163592e-05	
1.238609e-01	5.793442e-05	
1.428666e-01	2.928817e-05	
1.437165e-01	2.583173e-05	
1.320880e-01	3.144512e-05	
1.079490e-01	2.906386e-05	
2.081824e-01	3.507216e-05	
1.729474e-01	3.263822e-05	
1.879686e-01	6.595754e-06	
7.913129e-02	2.092341e-05	
4.498182e-02	2.232635e-06	
9.797377e-02	1.498174e-06	
1.391770e-01	4.096608e-05	
8.280646e-02	3.047741e-05	
2.000402e-01	3.251037e-05	
4.589369e-02	3.750365e-05	
3.457357e-02	1.075758e-05	
5.221711e-02	3.644840e-06	
7.240873e-02	2.881240e-05	
2.104985e-02	5.538674e-06	
2.705462e-01	1.420008e-05	
2.016523e-01	4.676124e-05	
1.812661e-01	3.604894e-05	
1.129710e-01	2.982158e-05	
1.468375e-01	2.605200e-05	
1.347534e-01	9.587743e-05	
1.074603e-01	1.319695e-04	
1.268620e-01	1.269834e-04	
1.466835e-01	1.288262e-04	
2.149956e-01	2.152784e-04	
3.267539e-01	1.340497e-04	
3.531517e-01	2.992337e-04	
9.246160e-02	2.379285e-04	
7.442656e-02	7.256944e-05	
9.417397e-02	1.094089e-04	
1.395154e-01	8.503492e-05	
2.187278e-01	5.408473e-05	
1.483459e-01	7.182417e-05	
1.889406e-01	4.649876e-05	
7.337820e-02	2.409090e-05	
5.590697e-02	1.108318e-05	
1.601007e-01	3.932949e-06	
8.776217e-02	7.551679e-06	
1.955798e-01	2.623409e-05	
1.891682e-01	3.692680e-05	
2.197109e-01	3.341528e-05	
7.349868e-02	2.698308e-06	
7.160978e-02	2.148914e-06	
1.264331e-01	8.136631e-06	
1.165805e-01	4.199540e-05	
1.683786e-01	4.197857e-05	
1.331664e-01	4.107381e-05	
1.004395e-01	2.564528e-05	
1.330352e-01	2.029448e-05	
3.486233e-02	3.477414e-05	
8.468036e-02	3.046539e-05	
1.068471e-01	1.353977e-05	
1.856504e-01	8.467428e-06	
4.917654e-02	2.713561e-05	
7.299763e-02	2.764368e-05	
6.839797e-02	4.806650e-05	
9.826788e-02	7.629325e-05	
1.821574e-01	1.184240e-04	
7.189897e-02	9.188738e-05	
8.149371e-02	1.650596e-04	
7.174795e-02	1.358741e-04	
2.112320e-01	1.114579e-04	
8.844251e-02	2.121830e-04	
2.019327e-01	2.154810e-04	
3.091251e-01	2.319354e-04	
3.196445e-02	2.109565e-04	
8.437643e-02	6.996624e-05	
1.132460e-01	1.071474e-04	
1.348329e-01	4.595062e-05	
2.845033e-02	4.268273e-05	
6.648812e-02	9.077953e-05	
1.094707e-01	4.470677e-05	
1.039986e-01	3.421651e-05	
1.417120e-01	4.295767e-05	
7.130571e-02	6.171248e-05	
1.050372e-01	4.321440e-05	
1.663953e-01	4.979559e-05	
1.196266e-01	4.223498e-05	
7.050715e-02	2.258336e-05	
1.959343e-01	1.117094e-05	
6.841551e-03	3.692070e-05	
1.604921e-01	1.522741e-05	
8.790500e-03	3.778176e-05	
1.782172e-01	2.568807e-05	
4.123938e-02	3.403768e-05	
8.179255e-02	2.371088e-05	
1.091490e-01	3.074307e-05	
4.820400e-02	3.530620e-05	
5.272012e-02	2.381645e-05	
6.829447e-02	4.192596e-06	
3.251100e-02	4.206324e-05	
1.800843e-02	4.039299e-05	
9.269187e-02	6.536091e-05	
9.740758e-02	7.160216e-05	
1.231735e-01	7.879410e-05	
1.239940e-01	9.771687e-05	
9.375046e-02	8.417706e-05	
7.574127e-02	1.319046e-04	
1.835620e-01	1.633613e-04	
1.037555e-01	1.843248e-04	
4.446212e-02	3.737161e-04	
1.371001e-01	2.944990e-04	
2.526658e-01	2.443138e-04	
4.571182e-02	1.459811e-04	
1.621264e-01	9.609132e-05	
1.361935e-01	7.424657e-05	
2.413839e-02	5.030855e-05	
9.420505e-02	2.871344e-05	
3.660877e-02	5.648824e-05	
1.132083e-01	6.546448e-05	
5.570462e-02	8.205697e-05	
2.058974e-01	5.096726e-05	
5.275319e-02	5.871922e-05	
1.035621e-01	1.372470e-05	
1.501734e-01	5.182097e-05	
7.520750e-02	5.498744e-05	
1.080638e-01	4.332694e-05	
1.547949e-01	8.345423e-05	
5.522089e-02	6.370612e-05	
6.610678e-02	6.572962e-05	
4.137492e-03	2.590624e-05	
8.368856e-02	3.764232e-05	
5.244429e-02	2.493216e-05	
1.572428e-01	4.595870e-05	
1.888297e-01	5.670378e-05	
1.001757e-01	4.248542e-05	
1.524542e-01	3.891525e-05	
5.437244e-02	2.977956e-06	
9.819264e-02	7.200886e-06	
1.183370e-01	3.864386e-05	
1.407963e-02	4.958043e-05	
1.117055e-01	1.102990e-04	
1.021964e-01	8.036945e-05	
1.228422e-01	5.719727e-05	
1.138273e-01	8.030194e-05	
1.641062e-01	9.471377e-05	
1.111625e-01	1.430324e-04	
1.364279e-01	1.811198e-04	
1.567469e-01	2.990876e-04	
3.043097e-01	2.097100e-04	
3.429223e-01	3.450302e-04	
1.910360e-01	8.278131e-05	
4.156830e-02	3.388977e-05	
3.720152e-02	8.552506e-05	
3.305859e-02	7.475263e-05	
9.583421e-02	4.095515e-05	
1.740701e-01	5.043989e-05	
2.042934e-01	9.468167e-05	
1.591302e-01	3.870496e-05	
6.582955e-02	1.197722e-05	
8.265383e-02	5.148768e-05	
5.405202e-02	1.759691e-05	
6.249654e-02	4.657030e-05	
4.732987e-02	3.413928e-05	
1.263130e-01	4.299451e-05	
1.112971e-01	7.417208e-05	
1.040931e-01	2.879330e-05	
3.204312e-02	5.212807e-05	
1.644779e-01	4.263417e-05	
8.014559e-02	4.113006e-05	
1.076964e-01	4.043698e-05	
6.957296e-02	3.553927e-05	
6.272280e-02	3.145755e-05	
1.707469e-01	3.637717e-05	
1.276143e-01	1.617033e-05	
1.296932e-01	5.897219e-06	
4.455160e-02	1.616383e-05	
6.230133e-02	7.573053e-06	
1.375394e-01	4.301156e-05	
2.767676e-02	4.605765e-05	
1.556417e-01	5.867943e-05	
2.221299e-01	7.888594e-05	
1.032255e-01	1.078746e-04	
2.333814e-02	1.136449e-04	
5.901935e-02	1.558157e-04	
6.766456e-02	1.611373e-04	
8.111286e-02	1.730786e-04	
3.219561e-01	1.726547e-04	
2.276750e-01	4.191738e-05	
5.346662e-02	1.122430e-04	
2.057747e-01	5.608666e-05	
1.597864e-01	6.308456e-05	
1.594436e-01	8.560842e-05	
5.758594e-02	3.775209e-05	
2.063346e-01	2.932109e-05	
8.915666e-02	5.483841e-05	
1.238940e-01	1.234930e-05	
2.061455e-01	6.585559e-05	
1.886951e-01	5.348671e-05	
1.302976e-01	5.100396e-05	
8.641244e-02	6.019951e-05	
2.266583e-01	1.714467e-05	
5.896401e-02	3.347385e-05	
1.782918e-02	4.478259e-05	
8.477098e-02	1.882744e-05	
1.794577e-01	8.938460e-08	
6.046875e-02	4.469191e-05	
1.629637e-02	2.479386e-05	
7.136537e-02	3.709516e-05	
1.823279e-02	8.028373e-06	
9.833859e-02	2.250840e-05	
3.619920e-02	1.784775e-05	
6.579421e-02	2.393190e-05	
7.795477e-02	1.547555e-05	
7.301018e-02	1.199906e-05	
8.539789e-02	2.374150e-05	
7.098218e-02	4.770172e-05	
1.655071e-01	5.684472e-05	
1.264391e-01	5.033376e-05	
1.228867e-01	1.572471e-04	
2.125266e-01	1.463870e-04	
1.897092e-01	1.005640e-04	
5.818308e-02	5.986204e-05	
2.714598e-02	2.060131e-04	
7.149895e-02	1.142863e-04	
2.973045e-01	2.261278e-04	
2.491892e-01	9.593124e-05	
1.574033e-01	3.205603e-05	
1.679394e-02	8.379001e-05	
1.125013e-01	8.840857e-05	
7.983374e-02	7.510294e-05	
7.538610e-02	3.540131e-05	
5.604979e-02	4.952991e-05	
7.962860e-02	4.824977e-05	
1.714359e-01	4.614137e-05	
3.677437e-02	5.498516e-05	
5.586575e-02	3.734666e-05	
1.961407e-01	8.830008e-05	
8.119732e-02	4.788934e-05	
5.282378e-02	6.821745e-05	
4.548136e-02	8.885098e-05	
4.457309e-02	1.848919e-05	
2.155518e-01	4.553480e-05	
4.451972e-02	3.233182e-05	
5.604162e-02	4.464817e-05	
1.239570e-01	4.476984e-05	
1.321570e-01	9.863621e-06	
9.174017e-02	1.981163e-07	
1.264861e-01	1.607463e-05	
1.435329e-01	6.338994e-06	
1.124257e-01	1.434367e-05	
9.558239e-02	3.167665e-05	
1.389247e-01	2.503722e-05	
1.776002e-01	5.141602e-05	
1.216119e-01	7.987992e-05	
9.266580e-02	7.420156e-05	
8.748944e-02	7.994676e-05	
1.439245e-01	1.152404e-04	
1.719254e-01	1.179860e-04	
1.018716e-01	9.466432e-05	
6.295918e-02	8.260905e-05	
8.397970e-02	2.592003e-04	
1.199421e-01	1.871757e-04	
2.171711e-01	3.630681e-04	
3.130868e-01	2.271230e-04	
1.993240e-01	2.062770e-04	
1.545223e-01	5.192743e-05	
1.005293e-01	4.795349e-06	
1.699348e-01	8.052746e-05	
2.901926e-02	4.946067e-05	
2.290694e-01	7.625488e-05	
9.121063e-02	1.021073e-04	
1.576858e-01	3.488715e-06	
8.303989e-02	4.337248e-05	
2.087289e-01	5.500160e-05	
9.698510e-02	4.005689e-05	
9.818208e-02	3.412455e-05	
1.080174e-01	8.957351e-05	
7.396538e-02	8.848618e-05	
1.991822e-01	8.237162e-06	
2.057976e-01	1.269527e-05	
1.058092e-01	4.539489e-05	
1.688966e-01	2.649276e-05	
1.014414e-01	3.090471e-05	
1.581266e-01	5.038399e-05	
1.554036e-01	2.393966e-05	
1.582615e-01	1.117280e-05	
2.039118e-02	2.663661e-05	
8.694094e-02	3.981293e-05	
5.497936e-02	7.599815e-06	
1.856453e-01	1.917070e-05	
1.880697e-01	2.944886e-05	
4.591025e-02	7.178326e-05	
1.235084e-01	8.924807e-05	
7.757824e-02	6.387796e-05	
6.843300e-02	1.147982e-04	
1.658129e-01	5.538707e-05	
1.071259e-01	8.900166e-05	
2.210042e-01	9.802587e-05	
1.655236e-01	3.102264e-04	
1.597441e-01	2.875060e-04	
2.518246e-01	2.724477e-04	
3.637772e-01	2.575720e-04	
4.188779e-02	1.852768e-04	
1.172444e-01	6.838233e-05	
1.568612e-01	3.638253e-05	
9.436694e-02	3.397943e-06	
2.362506e-01	9.866375e-06	
1.550114e-01	4.242180e-05	
1.215541e-01	5.141153e-05	
8.944014e-02	3.940803e-06	
6.688175e-02	2.709075e-06	
1.531004e-01	3.086880e-05	
1.725288e-01	7.032826e-06	
4.545123e-02	3.877166e-05	
6.817554e-02	6.043205e-05	
5.771658e-02	2.809742e-05	
1.443393e-01	1.418160e-05	
1.875984e-02	4.710577e-05	
5.822923e-02	4.070123e-05	
1.139464e-01	3.349217e-06	
1.058959e-01	2.190332e-05	
2.803758e-01	3.615813e-05	
2.337689e-02	2.871660e-05	
1.021392e-01	4.254279e-05	
4.288868e-02	7.303337e-05	
1.094634e-01	8.253478e-05	
8.026778e-02	7.778605e-05	
1.355432e-01	6.975899e-05	
2.175416e-02	5.069988e-05	
6.973196e-02	6.686758e-05	
1.645848e-01	5.655483e-05	
1.552516e-01	9.416536e-05	
1.450150e-01	8.410984e-05	
2.030945e-01	1.328039e-04	
1.393460e-01	1.683218e-04	
1.095977e-01	2.330468e-04	
9.159569e-02	2.895724e-04	
1.192001e-01	1.418146e-04	
2.984783e-01	2.538721e-04	
3.487276e-01	2.614071e-04	
7.292763e-02	1.575883e-04	
4.698512e-03	1.135323e-04	
8.026040e-02	1.177966e-04	
6.759600e-02	9.736616e-05	
4.213386e-02	1.924650e-05	
1.262599e-02	1.535764e-05	
1.100454e-01	5.008585e-05	
2.091210e-02	2.084814e-06	
1.452373e-01	3.024432e-07	
1.539137e-01	3.896957e-05	
1.157559e-01	3.548645e-05	
1.706156e-01	6.570455e-05	
6.258181e-02	5.827455e-05	
2.415749e-01	1.260210e-05	
1.724111e-01	3.494388e-05	
1.328232e-01	2.207186e-05	
1.019615e-01	2.049246e-05	
9.979559e-02	1.899597e-05	
1.451508e-02	3.057918e-05	
3.402196e-03	7.019334e-05	
5.469270e-02	2.347875e-05	
4.201219e-02	4.801988e-05	
1.005474e-01	6.526019e-05	
1.882296e-01	3.250035e-05	
2.183084e-01	6.886735e-05	
1.674000e-01	9.877495e-05	
1.171214e-01	8.810546e-05	
1.337094e-01	1.118501e-04	
1.094910e-01	5.041127e-05	
7.954875e-02	5.814860e-05	
1.096548e-01	2.854561e-05	
1.123373e-01	5.195792e-05	
3.493116e-02	1.431202e-04	
1.429810e-01	3.070972e-04	
6.359661e-02	1.406966e-04	
1.464971e-01	1.882947e-04	
2.788619e-01	2.588208e-04	
3.422246e-01	1.343642e-04	
1.098186e-01	1.201583e-04	
1.312305e-01	1.198650e-04	
1.982412e-02	7.986058e-05	
1.038139e-01	1.078605e-04	
9.110497e-02	2.263587e-05	
2.455634e-02	1.118215e-06	
1.048559e-01	2.663529e-05	
1.012418e-01	2.938170e-05	
1.323608e-01	1.385065e-05	
8.566111e-02	3.013702e-06	
1.273623e-01	1.170972e-05	
1.035594e-01	2.954997e-05	
8.193013e-02	6.819787e-06	
7.459905e-02	1.334292e-05	
1.887405e-01	2.015377e-05	
1.435750e-01	1.914813e-05	
1.663726e-01	2.036271e-05	
6.760998e-02	3.915974e-05	
1.863567e-01	4.361612e-05	
9.941389e-02	3.332350e-05	
5.896855e-02	4.223165e-05	
2.000930e-01	4.811632e-05	
1.198772e-01	6.225988e-05	
6.237056e-02	2.800034e-05	
1.524969e-01	4.146519e-05	
1.531601e-01	1.150828e-04	
1.459718e-01	1.171219e-04	
1.029184e-01	5.432096e-05	
9.381470e-02	6.819602e-05	
7.427120e-02	3.295482e-05	
6.431053e-02	6.051556e-05	
4.752054e-02	4.162491e-05	
2.440109e-02	8.291942e-05	
1.306854e-01	2.559111e-04	
1.980383e-01	1.823496e-04	
1.265701e-01	2.382389e-04	
2.878147e-01	4.026130e-04	
3.339283e-01	1.854943e-04	
1.111173e-01	1.565736e-04	
9.629437e-02	1.195273e-04	
2.773033e-02	2.332539e-05	
2.453469e-02	2.735440e-06	
7.404671e-02	4.339738e-06	
9.323517e-02	4.220572e-05	
1.202261e-01	7.213940e-06	
2.063347e-01	2.037934e-05	
1.106916e-01	2.248233e-05	
5.700994e-02	1.620062e-05	
6.019309e-02	4.634079e-05	
1.888080e-01	4.265505e-05	
1.559654e-01	2.618626e-05	
1.039851e-01	1.181550e-05	
3.212350e-02	4.334078e-05	
2.552722e-02	2.522769e-05	
3.825858e-02	2.259065e-05	
3.427653e-02	3.224418e-05	
2.124854e-01	1.637757e-05	
1.291396e-01	2.061286e-05	
1.438890e-01	3.555683e-05	
1.548590e-01	5.795085e-05	
2.830760e-01	5.795019e-05	
7.124738e-02	4.848237e-05	
1.160812e-01	6.678505e-05	
1.498155e-01	9.286654e-05	
1.735141e-01	5.638051e-05	
1.499671e-01	4.826142e-05	
1.501403e-01	3.693579e-05	
1.412615e-01	7.652118e-05	
1.565437e-01	9.659320e-05	
1.953488e-01	7.023385e-05	
1.373335e-01	4.983515e-05	
5.131100e-02	1.360449e-04	
1.225797e-01	1.326763e-04	
1.284937e-01	2.788948e-04	
3.734145e-01	4.442330e-04	
3.118653e-01	1.041436e-04	
1.052705e-01	8.416513e-05	
1.804158e-01	9.195354e-05	
4.970804e-02	7.462501e-05	
1.109938e-01	5.452110e-06	
1.034909e-01	2.177594e-05	
1.160844e-01	6.482624e-05	
1.948751e-01	4.861292e-05	
2.983455e-02	1.074729e-05	
1.984458e-01	4.524062e-06	
6.388612e-02	3.951641e-05	
5.668716e-02	4.587427e-05	
1.668056e-01	1.423147e-05	
1.217964e-01	1.320424e-05	
8.068465e-02	3.242162e-05	
1.152143e-01	3.656560e-05	
5.879425e-02	3.499296e-05	
7.473570e-02	3.773299e-05	
1.351025e-01	4.408880e-05	
8.347922e-02	1.547030e-05	
6.403545e-02	1.949837e-06	
9.188119e-02	6.613100e-05	
6.185560e-02	3.123101e-05	
1.379199e-01	2.084313e-05	
7.645580e-03	5.159520e-05	
6.075774e-02	4.032662e-05	
1.279222e-01	9.087915e-05	
8.630000e-02	6.611755e-05	
2.923606e-02	9.458098e-05	
7.491501e-02	1.132559e-04	
9.949123e-02	4.466986e-05	
7.659952e-02	1.379379e-04	
1.236473e-01	2.975210e-05	
8.786759e-02	5.497676e-06	
2.296488e-01	2.729555e-04	
6.277555e-02	2.768476e-04	
1.235322e-01	2.722035e-04	
3.835894e-01	3.740315e-04	
1.909311e-01	9.181021e-05	
6.979640e-02	7.915426e-05	
1.442595e-01	3.604906e-05	
4.023957e-02	5.412336e-06	
4.713004e-02	2.163249e-05	
3.293681e-02	1.198915e-05	
5.368564e-02	4.820405e-05	
1.086249e-01	1.732618e-05	
7.010563e-02	2.567072e-05	
1.898485e-01	1.732610e-05	
9.536888e-02	1.267807e-05	
8.697818e-02	9.390909e-06	
1.789001e-01	2.079976e-05	
1.733929e-01	1.418404e-05	
1.294649e-01	2.808960e-05	
1.051172e-01	4.770060e-06	
8.675079e-02	1.433921e-05	
6.202087e-02	6.961128e-05	
1.891794e-01	4.902448e-05	
4.041809e-02	2.354545e-05	
1.176194e-01	2.051331e-05	
1.813690e-01	4.103928e-05	
9.535460e-02	5.819219e-06	
6.991062e-02	1.886363e-05	
1.492637e-01	1.697019e-05	
4.583003e-02	2.165543e-05	
1.008023e-01	3.578696e-05	
1.049257e-01	8.920717e-05	
4.485658e-02	1.111947e-04	
2.084361e-01	1.345114e-04	
1.369919e-01	1.137879e-04	
1.158258e-01	1.675376e-04	
3.125711e-02	4.957143e-05	
2.091403e-01	2.074562e-05	
1.498057e-01	2.147054e-04	
9.854917e-02	1.941582e-04	
5.697332e-02	3.743731e-04	
4.445782e-01	3.494881e-04	
2.141847e-01	4.089612e-05	
1.013994e-01	6.959356e-05	
2.124717e-01	1.345162e-04	
1.988513e-01	5.184570e-06	
3.204889e-02	7.775839e-06	
3.874133e-02	8.288764e-05	
1.741846e-01	2.486651e-05	
1.295533e-01	3.154822e-05	
1.513592e-01	8.331257e-06	
1.348041e-01	1.873330e-05	
7.639178e-02	5.314083e-05	
6.575028e-02	3.518838e-05	
4.857535e-02	8.820745e-06	
2.985046e-02	2.989315e-05	
5.006744e-02	3.882404e-05	
7.552378e-02	2.401655e-05	
1.320505e-01	4.090268e-05	
7.661960e-02	8.992783e-06	
2.076762e-01	4.175999e-05	
6.628438e-02	3.085947e-05	
6.751564e-02	3.777849e-05	
9.394939e-02	2.795586e-05	
8.861644e-02	3.801347e-05	
1.183511e-01	4.821362e-05	
3.163974e-02	3.301303e-05	
5.464221e-02	2.702653e-05	
1.985427e-02	5.640378e-05	
1.663812e-01	8.826215e-05	
5.049458e-02	1.187170e-04	
1.472244e-01	6.047601e-05	
6.546677e-02	5.658042e-05	
2.747532e-02	1.852029e-04	
1.354304e-01	1.385229e-04	
1.734615e-01	9.480406e-05	
1.538691e-01	1.900279e-04	
5.507011e-02	1.815917e-04	
1.108384e-01	4.484644e-04	
3.195640e-01	3.178594e-04	
2.381633e-01	1.698988e-04	
8.051567e-02	1.170740e-04	
6.980860e-02	2.170872e-04	
1.284151e-01	1.109369e-05	
6.203236e-02	2.849084e-05	
1.271045e-01	1.052621e-05	
1.500902e-01	2.493154e-05	
5.454287e-02	1.646940e-05	
1.441416e-01	7.727542e-05	
1.854108e-01	4.502849e-05	
4.812711e-02	3.101511e-05	
4.041892e-02	1.144019e-05	
5.524429e-02	6.391730e-06	
1.545772e-01	5.201173e-06	
2.567339e-02	3.043606e-05	
1.274707e-01	6.551641e-05	
5.603955e-02	4.100702e-05	
3.882344e-02	5.862790e-06	
1.103141e-01	1.338255e-05	
7.203790e-02	1.564737e-05	
7.178190e-02	2.910436e-05	
2.655513e-02	9.041542e-06	
9.565342e-02	4.569868e-05	
1.263201e-01	1.763387e-05	
7.183829e-02	6.576802e-05	
1.861362e-01	4.514248e-05	
1.848333e-01	8.870609e-05	
6.652970e-02	1.119203e-04	
4.754975e-02	7.274345e-05	
6.168579e-02	1.094505e-04	
1.895651e-01	9.711621e-05	
1.573496e-01	1.223096e-04	
9.014510e-02	1.768770e-04	
3.449825e-02	1.174355e-04	
5.583437e-02	2.447369e-04	
4.327097e-02	2.375510e-04	
5.095566e-02	2.638586e-04	
3.469238e-01	3.022185e-04	
2.952697e-01	8.668286e-05	
1.105270e-01	2.552135e-05	
6.293002e-02	4.447925e-05	
1.068609e-01	2.699960e-05	
8.366833e-02	5.133096e-06	
2.093620e-01	1.315172e-04	
1.612139e-01	7.645294e-05	
1.314473e-01	5.700594e-05	
1.594992e-01	3.469489e-05	
1.067427e-01	1.196960e-05	
1.904894e-01	4.664797e-05	
1.847452e-01	2.385451e-05	
1.366455e-01	3.023002e-05	
4.509748e-02	8.534235e-06	
2.414676e-02	2.078213e-05	
1.210775e-01	2.672675e-06	
1.402523e-01	2.695565e-05	
6.810358e-02	6.095787e-06	
5.012358e-02	1.425738e-05	
3.258643e-02	1.073750e-05	
1.300218e-01	1.097290e-05	
4.336590e-02	8.908608e-06	
1.912960e-01	7.116420e-06	
1.723948e-01	1.243298e-05	
1.354617e-01	3.842165e-05	
1.260597e-01	5.174106e-05	
9.318237e-02	1.197573e-05	
8.723509e-02	7.605584e-05	
5.062759e-02	5.949102e-05	
1.007675e-01	7.919461e-05	
1.406176e-02	1.307130e-04	
1.441554e-01	9.461070e-05	
8.149409e-02	1.217109e-04	
9.332270e-02	1.463248e-04	
1.413132e-01	1.532410e-04	
4.966881e-02	1.388210e-04	
8.963618e-02	3.771477e-04	
3.172357e-01	2.804006e-04	
3.294220e-01	2.710667e-04	
1.393976e-01	9.576960e-05	
2.199116e-01	1.694179e-05	
5.381371e-02	9.568265e-05	
2.216750e-02	1.333422e-05	
1.213453e-01	1.318389e-04	
7.817159e-02	7.227110e-05	
4.347442e-02	5.160934e-05	
1.602436e-01	5.238729e-05	
1.244006e-01	2.788998e-05	
1.289083e-01	6.344926e-05	
1.257503e-01	5.861389e-05	
1.503428e-01	3.036485e-05	
4.316535e-02	3.218238e-05	
9.670767e-02	2.824984e-05	
1.135761e-01	2.453124e-05	
9.276360e-02	5.425975e-06	
9.512611e-02	1.537919e-05	
1.794082e-01	3.501888e-08	
9.080440e-02	2.189768e-05	
1.703592e-01	8.815981e-06	
5.026355e-02	2.060218e-05	
1.189810e-01	1.397460e-05	
4.505856e-02	5.725513e-07	
1.497310e-01	3.498284e-05	
1.250012e-01	4.794107e-05	
1.274014e-01	5.240236e-06	
1.552166e-01	4.177815e-05	
9.640289e-02	5.068333e-05	
6.082656e-02	9.395912e-05	
7.836132e-02	6.608392e-05	
1.305054e-01	1.124926e-04	
2.086196e-01	8.380956e-05	
2.325481e-01	9.858696e-05	
1.946783e-01	1.837892e-04	
9.202287e-02	8.694845e-05	
1.579849e-01	4.433696e-04	
3.486564e-01	4.476119e-04	
3.483301e-01	1.766177e-04	
9.742516e-02	3.028734e-05	
1.419940e-01	2.233788e-05	
4.061000e-02	1.853661e-05	
1.634886e-01	4.790045e-05	
2.034274e-01	1.823823e-05	
1.340909e-01	9.960415e-06	
1.141045e-01	7.277187e-05	
3.569456e-02	5.292584e-05	
1.462626e-01	2.186918e-05	
6.813885e-02	4.494488e-05	
1.434604e-01	4.982543e-05	
1.511698e-01	2.749919e-05	
5.869244e-02	2.988816e-06	
1.535345e-01	6.143382e-06	
3.787906e-02	5.572879e-06	
1.202316e-01	1.330749e-05	
1.432601e-02	7.561827e-06	
1.666031e-02	6.215108e-06	
1.284117e-01	3.703431e-05	
1.482185e-01	3.795385e-05	
1.239147e-01	1.729133e-05	
7.068058e-02	2.693115e-05	
5.778162e-02	2.537078e-05	
1.542752e-01	4.486433e-05	
1.128995e-01	2.422222e-05	
1.361213e-01	4.511182e-05	
1.350670e-01	4.649097e-05	
9.334154e-02	7.329882e-05	
1.836349e-01	5.580308e-05	
7.286604e-02	9.631739e-05	
6.650891e-02	5.646495e-05	
1.316059e-01	5.395148e-05	
5.089422e-02	6.474650e-05	
5.669197e-02	1.445398e-04	
8.683932e-02	2.016177e-04	
1.398537e-01	5.441978e-04	
1.987999e-01	4.172347e-04	
3.392193e-01	2.511324e-04	
1.248965e-01	1.181064e-05	
1.256066e-01	6.112637e-05	
4.477268e-02	4.395061e-05	
3.042976e-02	4.496075e-05	
7.327715e-02	2.026505e-05	
1.483896e-01	3.401270e-05	
1.829401e-01	8.198561e-06	
8.774116e-02	1.517466e-05	
9.178457e-02	4.273602e-05	
1.858522e-01	1.723957e-05	
8.573746e-02	1.369778e-05	
3.787764e-02	1.596133e-05	
8.266884e-02	3.148701e-05	
1.033890e-01	2.807955e-05	
8.122119e-02	1.653507e-05	
1.858358e-01	3.199706e-05	
5.772520e-02	2.082278e-06	
1.054851e-01	1.370611e-05	
1.414431e-01	1.673416e-05	
3.994001e-02	9.650303e-07	
6.277960e-02	1.808385e-06	
1.386815e-01	6.075465e-06	
5.393057e-02	2.592812e-05	
2.331235e-01	4.448563e-05	
2.188448e-01	2.300720e-05	
9.538343e-02	4.887204e-05	
6.642621e-02	4.841420e-05	
1.358397e-01	8.472878e-05	
6.519906e-02	6.815552e-05	
1.521096e-01	5.153140e-05	
1.223248e-02	9.639678e-05	
7.406082e-02	7.555150e-05	
1.541624e-01	1.551360e-04	
4.130535e-02	1.572577e-04	
1.162595e-01	2.404541e-04	
6.591712e-02	1.825647e-04	
3.725410e-01	1.917585e-04	
3.543242e-01	2.274324e-04	
7.731400e-02	1.483212e-04	
1.301345e-01	6.340711e-05	
3.460745e-02	2.799822e-06	
8.296622e-02	2.963786e-06	
1.007318e-01	2.617364e-05	
8.766821e-02	1.493347e-05	
8.422418e-02	2.224007e-05	
1.249627e-01	3.270541e-05	
1.014787e-02	3.592320e-05	
1.215020e-01	4.029392e-05	
9.923996e-02	2.912524e-05	
9.224859e-02	5.330127e-05	
7.795559e-02	6.412339e-05	
1.044145e-01	7.214380e-06	
2.054547e-01	5.386098e-05	
1.605366e-01	7.391567e-07	
2.207632e-02	3.039535e-05	
4.498193e-02	1.291311e-05	
9.693359e-02	8.842842e-06	
7.228492e-02	8.945742e-07	
7.799444e-02	1.152818e-05	
1.669214e-01	6.812457e-06	
9.130223e-02	1.605176e-05	
7.822234e-02	2.133663e-05	
4.201437e-02	2.248265e-05	
2.274987e-01	3.423891e-05	
1.724094e-01	4.481946e-05	
1.319587e-02	4.977263e-05	
9.630195e-02	2.958897e-05	
1.019179e-01	4.722912e-05	
7.568518e-02	9.528291e-05	
1.235468e-01	1.296612e-04	
1.070411e-01	1.745903e-04	
2.149298e-01	2.139414e-04	
1.139920e-01	1.942363e-04	
1.335721e-01	2.181330e-04	
2.697425e-01	5.372706e-04	
3.979213e-01	1.466605e-04	
2.005229e-02	1.946630e-05	
9.519164e-02	6.230399e-05	
1.688832e-01	6.164094e-05	
1.750877e-01	3.224832e-05	
2.356954e-01	3.872549e-05	
1.269618e-01	3.712222e-05	
8.956445e-02	5.013063e-07	
1.273589e-01	3.365837e-05	
1.944804e-01	4.132178e-05	
1.366075e-01	6.079485e-05	
1.295351e-01	3.118674e-05	
1.008379e-01	4.558701e-05	
2.492430e-01	3.075142e-05	
2.339556e-01	1.547953e-05	
1.905842e-01	2.008321e-05	
1.144038e-01	1.664705e-05	
9.517059e-02	5.434818e-06	
1.297782e-01	2.444035e-05	
1.374440e-01	9.140729e-06	
9.635159e-02	1.484902e-05	
1.090146e-01	3.412804e-05	
1.945966e-01	3.307824e-05	
4.211171e-02	9.003155e-06	
5.287036e-02	2.127614e-05	
2.816823e-02	3.535545e-05	
8.592552e-02	5.481381e-05	
1.374664e-01	3.146940e-05	
8.564549e-02	3.713790e-05	
1.656484e-01	5.468328e-05	
9.033910e-02	4.751123e-05	
2.179872e-01	8.126365e-05	
9.835449e-02	9.535676e-05	
3.022739e-02	1.093573e-04	
8.995604e-02	9.925301e-05	
2.025731e-01	2.084629e-04	
2.023358e-01	3.640802e-04	
2.112218e-01	4.817051e-04	
2.819172e-01	1.555619e-04	
9.155738e-02	1.653294e-05	
1.516730e-01	1.431604e-04	
1.433571e-01	1.423393e-05	
1.066230e-01	2.986011e-05	
1.622365e-01	3.351576e-05	
8.216996e-02	2.732184e-05	
2.028286e-01	1.871525e-05	
2.129928e-01	1.825164e-05	
6.650582e-02	2.497318e-05	
3.495520e-02	3.205021e-05	
7.945151e-02	3.884400e-05	
1.474806e-01	2.745805e-05	
8.540079e-02	9.177934e-07	
1.150581e-01	4.018065e-05	
9.531902e-02	3.653084e-05	
2.226090e-01	1.081267e-05	
2.493744e-02	3.956225e-06	
1.243570e-01	1.336821e-05	
1.078671e-01	2.814657e-05	
1.166773e-01	2.128604e-05	
1.764033e-01	2.805934e-05	
1.412290e-01	2.171343e-05	
7.257795e-02	3.425342e-05	
1.257073e-01	5.689562e-05	
9.272319e-02	3.841770e-05	
8.944601e-02	4.093495e-05	
1.138337e-01	3.776689e-05	
3.914006e-02	2.504168e-05	
1.966647e-01	4.765099e-05	
1.158476e-01	5.988605e-05	
1.106980e-01	5.902852e-05	
1.748615e-01	9.956986e-05	
1.197152e-01	4.723105e-05	
8.812525e-02	8.826308e-05	
3.675349e-02	2.512668e-04	
9.147892e-02	3.360173e-04	
2.694821e-01	2.645104e-04	
1.452985e-01	1.997854e-04	
9.539562e-02	5.476976e-05	
6.973867e-02	9.390156e-05	
2.569808e-02	2.682592e-05	
1.874070e-01	2.100649e-05	
1.000412e-01	8.288649e-05	
2.251022e-02	4.167053e-05	
9.172577e-02	5.571005e-05	
4.867343e-02	5.336439e-05	
1.253856e-01	2.321020e-05	
3.189889e-02	1.515534e-05	
1.139601e-01	6.393318e-05	
2.268792e-01	5.101728e-05	
1.584310e-01	2.908028e-05	
1.786520e-01	2.169925e-05	
9.881204e-02	3.664384e-05	
1.670023e-01	1.412172e-05	
1.664925e-01	2.958338e-07	
1.782913e-01	1.334620e-05	
1.393795e-01	5.926589e-06	
9.596039e-02	2.122983e-05	
3.900037e-02	1.478975e-05	
1.444625e-01	4.098547e-07	
1.453646e-01	2.725293e-05	
1.038874e-01	5.122793e-05	
1.630864e-01	4.689119e-06	
2.322951e-02	3.306744e-05	
8.760802e-02	5.095020e-05	
1.283201e-01	3.532317e-05	
1.125636e-01	6.309783e-05	
2.049133e-02	4.541358e-05	
3.003432e-02	5.654389e-05	
9.309195e-02	1.355339e-05	
3.826364e-02	5.910371e-05	
8.521898e-02	7.499037e-05	
9.670808e-02	1.032484e-04	
1.855022e-01	2.028382e-04	
3.010950e-01	4.511658e-04	
4.097174e-01	2.331040e-04	
2.395649e-01	1.090185e-04	
3.857979e-01	6.205751e-05	
3.100529e-01	2.337778e-05	
2.387102e-01	7.382017e-05	
3.429426e-01	5.462822e-05	
3.227768e-01	3.705542e-05	
2.166825e-01	3.487286e-05	
1.619830e-01	3.612236e-05	
3.602760e-01	6.074290e-06	
2.708244e-01	3.108404e-05	
3.051966e-01	2.159760e-05	
2.708196e-01	3.300520e-05	
2.658139e-01	4.517871e-05	
3.734372e-01	3.076325e-05	
3.245945e-01	1.256043e-05	
3.425212e-01	1.838916e-05	
2.466523e-01	2.012402e-05	
3.187976e-01	6.266529e-06	
4.295455e-01	1.253822e-05	
3.432180e-01	2.527236e-05	
2.459695e-01	1.558935e-05	
3.840429e-01	3.087449e-06	
3.029771e-01	2.772847e-05	
3.290638e-01	1.609267e-06	
2.021611e-01	4.575716e-06	
1.935742e-01	1.391285e-05	
3.340698e-01	6.159226e-06	
2.393166e-01	4.102571e-05	
2.065557e-01	1.103181e-05	
2.834383e-01	1.125665e-05	
1.970991e-01	1.930431e-05	
3.068829e-01	5.959908e-05	
3.651542e-01	1.154536e-04	
3.003458e-01	7.979468e-05	
2.911159e-01	1.025882e-04	
3.221122e-01	1.046462e-04	
2.994435e-01	8.497927e-05	
