1.342755e+01	9.290346e-13	
9.639098e+00	3.174128e-13	
1.151755e+01	3.776979e-12	
1.188538e+01	3.130829e-14	
6.662486e+00	1.836398e-11	
1.055454e+01	1.056710e-12	
1.324225e+01	8.779644e-13	
1.044795e+01	9.903189e-14	
1.268300e+01	5.741407e-12	
8.717871e+00	1.321165e-14	
6.709734e+00	2.900935e-11	
9.213646e+00	5.279777e-12	
1.172825e+01	1.522338e-12	
1.368579e+01	3.028688e-12	
1.182648e+01	1.020184e-12	
9.698964e+00	1.353551e-11	
1.425644e+01	6.203926e-13	
1.298396e+01	2.050804e-12	
1.103362e+01	1.346525e-10	
1.081801e+01	1.671774e-12	
1.279871e+01	8.439915e-13	
1.404271e+01	5.458078e-12	
1.455855e+01	6.514789e-13	
1.479762e+01	5.649092e-11	
5.495640e+00	4.915846e-12	
6.920964e+00	1.175726e-13	
1.187436e+01	1.418443e-11	
1.124026e+01	1.609157e-12	
1.063384e+01	1.590283e-12	
1.290590e+01	4.106715e-13	
6.760662e+00	4.479750e-13	
8.567142e+00	4.965361e-12	
1.090069e+01	5.813128e-13	
1.385690e+01	5.550227e-12	
1.269036e+01	1.022071e-12	
9.654249e+00	3.352874e-14	
6.843131e+00	1.517786e-12	
1.389451e+01	5.768719e-13	
9.206364e+00	1.828537e-13	
1.313917e+01	1.088019e-14	
1.411134e+01	1.834133e-11	
1.134881e+01	8.835978e-15	
1.164892e+01	2.612239e-13	
1.201405e+01	1.595984e-14	
8.611116e+00	7.134400e-14	
1.089557e+01	2.350996e-14	
1.419145e+01	3.577237e-14	
9.350858e+00	8.221672e-15	
1.201543e+01	2.326817e-16	
1.375293e+01	4.222367e-16	
6.775048e+00	9.717456e-16	
8.814770e+00	2.173454e-15	
4.742160e+00	2.439606e-14	
1.381638e+01	1.622197e-14	
6.914405e+00	5.600641e-15	
6.914285e+00	4.812059e-15	
1.268458e+01	1.742463e-14	
1.572075e+01	3.015061e-15	
1.354801e+01	2.409319e-15	
1.056649e+01	2.816292e-16	
1.142263e+01	7.040730e-16	
1.443135e+01	1.133797e-15	
1.414308e+01	1.292169e-15	
1.209991e+01	5.857018e-16	
1.259741e+01	1.203015e-15	
1.403374e+01	2.022454e-15	
1.201483e+01	1.297757e-15	
1.233444e+01	1.023611e-15	
1.535191e+01	3.079059e-15	
6.775083e+00	1.554793e-15	
4.479435e+00	1.055592e-15	
5.616835e+00	6.980451e-16	
4.345628e+00	2.218546e-15	
6.311879e+00	1.496752e-15	
1.081191e+01	4.772698e-15	
1.317706e+01	1.457332e-14	
6.893291e+00	7.694925e-15	
1.399662e+01	1.888818e-13	
1.443018e+01	4.492604e-13	
9.118512e+00	5.035750e-12	
1.381390e+01	1.186828e-13	
1.556008e+01	1.696976e-12	
1.361131e+01	1.684208e-12	
8.965948e+00	1.717515e-13	
6.539208e+00	1.473044e-12	
9.965134e+00	7.252643e-12	
1.033949e+01	7.052137e-13	
1.119859e+01	5.246914e-13	
1.267578e+01	1.566347e-11	
1.065987e+01	4.458656e-13	
7.838644e+00	1.023082e-11	
6.800897e+00	3.084755e-12	
1.420551e+01	7.762702e-11	
1.448904e+01	1.874723e-12	
1.495271e+01	3.221201e-12	
1.317002e+01	5.544232e-12	
8.985393e+00	5.270451e-12	
1.090253e+01	9.617129e-11	
1.286192e+01	2.706702e-11	
5.765428e+00	7.502221e-12	
1.061605e+01	4.092282e-13	
1.363444e+01	4.225043e-11	
9.576409e+00	5.830936e-11	
9.516436e+00	4.083289e-12	
6.592786e+00	4.401590e-12	
1.140923e+01	8.596346e-12	
1.373886e+01	1.276623e-11	
1.122328e+01	3.329781e-12	
1.035308e+01	1.266314e-10	
1.405777e+01	1.521450e-12	
1.469392e+01	1.662670e-12	
1.424816e+01	4.641132e-11	
1.413378e+01	6.318612e-11	
9.278080e+00	1.643663e-11	
4.805327e+00	4.084377e-11	
1.123149e+01	2.497880e-11	
1.376092e+01	3.899769e-11	
1.033581e+01	2.511058e-11	
8.817964e+00	4.559686e-13	
9.251927e+00	8.760770e-13	
8.324414e+00	9.470202e-14	
6.209131e+00	7.203127e-13	
5.452999e+00	6.505907e-14	
1.064917e+01	3.718359e-12	
9.619193e+00	1.926015e-12	
9.454742e+00	7.060241e-11	
1.330913e+01	1.659783e-12	
6.504011e+00	1.563338e-11	
4.982180e+00	1.850919e-11	
8.634068e+00	2.319123e-11	
6.255957e+00	2.960965e-13	
1.232449e+01	4.739542e-12	
1.106037e+01	9.210965e-11	
1.262403e+01	2.177369e-12	
1.032397e+01	1.942002e-12	
9.385829e+00	1.701195e-12	
6.111491e+00	1.390443e-11	
8.871997e+00	1.899281e-11	
6.068197e+00	1.510037e-11	
1.222815e+01	7.093215e-13	
1.630508e+01	1.503930e-11	
1.082323e+01	1.700595e-11	
6.120889e+00	5.145817e-11	
1.119373e+01	3.351763e-13	
1.403943e+01	6.457723e-12	
1.167114e+01	4.782175e-12	
6.900039e+00	3.412826e-13	
8.418423e+00	1.341005e-11	
1.267401e+01	1.102529e-11	
1.536108e+01	5.885026e-11	
6.578476e+00	7.408518e-12	
1.127121e+01	3.622658e-12	
1.153026e+01	8.539280e-12	
6.362770e+00	4.430123e-12	
1.002380e+01	1.292300e-13	
8.902262e+00	3.446354e-12	
7.942088e+00	9.643824e-07	
3.059614e+00	8.255047e-06	
8.114152e+00	2.726010e-05	
7.268654e+00	4.178578e-05	
4.060562e+00	3.719945e-05	
3.780381e+00	9.070691e-05	
3.013457e+00	2.633769e-05	
4.071770e+00	7.765542e-05	
4.125352e+00	1.960363e-04	
6.165199e+00	7.360922e-06	
3.945391e+00	1.649968e-04	
5.929758e+00	1.460080e-04	
2.048667e+00	5.216055e-05	
4.877609e+00	9.210569e-05	
4.699253e+00	1.813934e-04	
4.977188e+00	1.111796e-04	
1.026706e+01	1.527415e-04	
8.508067e+00	1.907205e-05	
3.108298e+00	2.074590e-05	
5.042837e+00	2.254028e-04	
6.207725e+00	1.202195e-04	
2.397791e+00	7.301067e-05	
2.726847e+00	1.310366e-04	
9.039869e+00	1.248916e-04	
8.551558e+00	1.925767e-04	
6.095950e+00	4.826989e-05	
3.460844e+00	1.899210e-04	
3.097852e+00	1.619455e-05	
3.047763e+00	1.160484e-04	
3.302685e+00	1.015968e-05	
5.168704e+00	1.413060e-04	
4.898110e+00	1.120841e-04	
4.486379e+00	7.178107e-06	
9.141443e+00	6.015468e-05	
4.355448e+00	5.511044e-05	
2.442361e+00	8.136623e-06	
6.014342e+00	2.891291e-05	
1.329217e+00	1.127884e-05	
4.848199e+00	2.564998e-06	
3.486710e+00	5.784626e-05	
1.622688e+00	1.002950e-05	
5.950744e+00	2.256973e-06	
3.564471e+00	1.609873e-05	
4.841743e+00	5.859555e-05	
4.679790e+00	3.213811e-06	
5.209170e+00	1.386336e-05	
7.553644e+00	8.703107e-05	
4.138284e+00	2.154174e-05	
7.925828e+00	9.611344e-05	
4.611882e+00	6.650374e-05	
4.347128e+00	5.942900e-05	
1.442145e+00	1.033242e-04	
6.291417e+00	2.276573e-04	
1.132685e+01	2.392284e-04	
3.217337e+00	1.399986e-05	
1.546290e+00	1.023977e-04	
5.707723e+00	4.762270e-06	
6.945365e+00	3.946083e-07	
4.381000e+00	3.226973e-05	
8.503009e+00	1.052484e-04	
9.168664e+00	7.368311e-05	
1.181600e+01	2.374856e-04	
5.340372e+00	1.288905e-04	
8.524958e+00	1.617690e-05	
5.114674e+00	3.720850e-05	
2.781226e+00	7.025605e-05	
8.816041e+00	4.746578e-05	
6.392109e+00	3.868839e-05	
8.434418e+00	7.525636e-05	
1.697622e+00	1.496916e-04	
9.196034e+00	1.787309e-04	
1.118338e+01	1.057879e-04	
3.510903e+00	6.000922e-05	
4.311962e+00	1.283991e-06	
1.221864e+01	4.876906e-05	
8.667945e+00	2.178266e-05	
5.960847e+00	8.190531e-05	
1.027880e+01	5.659439e-05	
8.674516e+00	3.205573e-05	
7.702432e+00	4.309502e-05	
3.549138e+00	8.792703e-05	
3.054023e+00	4.558880e-05	
5.457238e+00	1.942601e-05	
1.129373e+01	9.890431e-06	
5.919944e+00	3.139906e-05	
1.095781e+01	8.692529e-05	
1.061050e+01	4.706680e-05	
1.419498e+01	3.601420e-05	
7.831885e+00	7.361950e-05	
2.968969e+00	1.994623e-05	
8.702934e+00	7.419917e-06	
1.205855e+01	4.304054e-05	
7.022139e+00	9.393121e-05	
4.347661e+00	1.349439e-04	
4.622464e+00	1.028691e-04	
6.211566e+00	1.071192e-04	
3.502094e+00	3.736136e-05	
6.337921e+00	6.825342e-05	
8.693364e+00	3.134740e-05	
2.698750e+00	6.229506e-05	
5.711332e+00	2.123725e-05	
7.602044e+00	4.057201e-05	
7.082408e+00	6.197035e-05	
4.824414e+00	6.345803e-05	
1.094174e+01	6.217628e-05	
5.735358e+00	7.744681e-05	
6.513479e+00	3.818137e-05	
1.195605e+01	1.099213e-04	
1.063641e+01	6.926868e-05	
7.690575e+00	3.382713e-05	
2.845962e+00	5.537866e-06	
9.256860e+00	2.059257e-05	
1.060947e+01	4.837627e-05	
7.058300e+00	3.282087e-05	
4.612438e+00	1.146796e-04	
1.134644e+01	1.294453e-04	
5.556741e+00	1.037987e-04	
4.916475e+00	1.195903e-04	
3.302802e+00	2.098255e-05	
2.158711e+00	7.100401e-05	
8.067513e+00	9.089883e-05	
8.427575e+00	1.599290e-05	
7.673586e+00	1.478829e-04	
9.504495e-01	8.664134e-05	
4.312627e+00	3.236825e-05	
1.068029e+01	8.014215e-05	
6.000581e+00	4.837816e-05	
8.552451e+00	8.675465e-05	
1.231531e+01	7.447230e-05	
1.516434e+00	8.166611e-05	
1.485074e+01	1.189291e-04	
2.671628e+00	1.550628e-04	
3.440759e+00	1.118102e-04	
7.715377e+00	6.504594e-05	
5.398656e+00	7.654218e-05	
4.092460e+00	4.284454e-05	
1.987217e+00	6.126105e-05	
2.286451e+00	4.112434e-05	
4.654185e+00	4.185479e-05	
4.606396e+00	8.937919e-06	
1.382322e+01	3.020920e-05	
6.502476e+00	3.292420e-05	
3.705361e+00	7.296175e-05	
1.154412e+01	5.600880e-05	
1.026440e+01	1.166688e-04	
2.076606e+00	8.185898e-05	
1.068088e+01	9.491151e-05	
8.053650e+00	5.091160e-05	
3.887046e+00	3.646282e-05	
7.712142e+00	3.877099e-05	
7.386423e+00	1.137705e-04	
4.090911e+00	1.789132e-05	
6.593708e+00	4.885350e-05	
6.076132e+00	6.671486e-05	
3.435456e+00	1.845280e-04	
6.295442e+00	1.738800e-04	
1.128536e+01	7.905110e-05	
3.122686e+00	8.281768e-05	
2.366733e+00	9.394210e-05	
8.495448e+00	7.459809e-05	
6.766500e+00	9.633721e-05	
1.525024e+01	7.046830e-05	
7.914133e+00	5.664595e-05	
6.906335e+00	1.470877e-04	
1.138533e+01	7.362093e-05	
1.002278e+01	3.109801e-05	
5.676846e+00	1.435652e-04	
1.579608e+00	1.045501e-04	
6.073764e+00	8.353871e-05	
8.470690e+00	6.934980e-05	
4.303485e+00	7.747498e-05	
9.945198e+00	1.684049e-05	
8.548695e+00	2.923698e-06	
9.883890e+00	2.844299e-05	
6.241425e-01	1.436893e-05	
7.776804e+00	3.865927e-05	
4.093827e+00	4.194621e-05	
5.943195e+00	2.902260e-05	
4.841286e+00	1.544187e-05	
8.195751e+00	1.749693e-05	
2.393310e+00	3.267477e-05	
8.284998e+00	3.882437e-05	
1.412323e+00	3.973377e-05	
1.361623e+01	7.898723e-06	
5.763105e+00	6.483284e-05	
9.091432e+00	4.717561e-05	
8.200905e+00	1.929296e-05	
8.847362e+00	1.572676e-05	
1.824151e+00	9.993839e-05	
1.197136e+01	8.653095e-05	
7.029220e+00	1.174191e-04	
5.822250e+00	1.575052e-04	
5.517395e+00	1.376107e-04	
5.282505e+00	2.474855e-04	
5.506921e+00	1.002402e-04	
2.510351e+00	1.302601e-04	
8.972224e+00	1.242975e-04	
4.653486e+00	1.398257e-04	
6.211974e+00	2.013169e-04	
1.054730e+01	1.223760e-04	
1.132528e+01	1.826820e-04	
7.026341e+00	1.371911e-04	
2.776187e+00	3.542049e-05	
5.311025e+00	8.223752e-06	
1.859108e+00	3.714504e-05	
1.310974e+01	1.287956e-04	
3.586012e+00	1.147803e-04	
3.783360e+00	4.383511e-05	
8.678708e+00	9.327594e-05	
1.245880e+01	1.090769e-04	
5.685896e+00	7.069202e-05	
7.883513e+00	6.717549e-06	
7.273908e+00	2.140919e-05	
9.185695e+00	3.138593e-05	
6.254928e+00	3.143815e-05	
4.449296e+00	4.826594e-05	
1.097189e+01	9.358131e-06	
6.001443e+00	4.428481e-05	
7.524220e+00	6.014480e-05	
1.370077e+01	2.574819e-05	
1.905151e+00	6.663376e-05	
1.187590e+00	3.579236e-05	
4.895936e+00	5.289971e-05	
6.784116e+00	3.200565e-05	
7.468469e+00	3.729206e-05	
1.343914e+01	3.628351e-05	
9.616327e+00	2.389519e-05	
2.874782e+00	7.643765e-05	
1.631210e+00	1.400720e-04	
5.634552e+00	2.051730e-04	
6.933270e+00	1.464322e-04	
7.435687e+00	1.814641e-04	
7.959934e+00	1.053963e-04	
3.359509e+00	1.531685e-04	
5.142959e+00	1.374757e-04	
7.315481e+00	4.423534e-05	
1.555293e+00	1.244004e-04	
3.839776e+00	9.054508e-05	
5.300354e+00	1.366463e-04	
1.213769e+01	1.349129e-04	
8.035481e+00	3.308267e-05	
8.018251e+00	5.315886e-05	
7.150543e+00	8.643704e-05	
1.163488e+01	1.111354e-04	
7.462681e+00	1.002523e-04	
5.648312e+00	1.128682e-04	
8.457460e+00	1.152530e-04	
9.334986e+00	5.630712e-05	
7.226135e+00	7.839078e-05	
1.717218e+00	2.649233e-05	
9.001059e+00	2.924731e-05	
3.929443e+00	1.234092e-05	
3.280599e+00	6.498941e-05	
7.904796e-01	1.515616e-05	
6.085970e+00	2.355648e-05	
7.737547e+00	1.262878e-05	
8.084468e+00	5.860846e-05	
1.452281e+01	8.306184e-06	
8.079544e+00	6.585763e-05	
6.393930e+00	8.230548e-05	
9.303541e+00	3.320642e-05	
2.524353e+00	1.813850e-05	
5.345855e+00	3.017902e-05	
9.179512e+00	6.149663e-05	
1.036134e+00	2.298621e-04	
4.118104e+00	2.103388e-05	
2.463984e+00	7.601594e-05	
2.256392e+00	1.057830e-04	
8.345631e+00	1.442348e-04	
5.906349e+00	1.514509e-04	
8.229035e+00	7.322747e-05	
2.190633e+00	8.553876e-05	
8.590632e+00	1.670946e-04	
1.172129e+01	1.288731e-04	
7.762728e+00	6.940304e-05	
2.947104e+00	1.432505e-04	
5.652961e+00	1.811732e-04	
3.826366e+00	1.075877e-04	
4.197516e+00	1.241642e-04	
5.477273e+00	1.468811e-04	
1.073249e+01	1.433679e-04	
1.360756e+01	9.115775e-05	
1.142866e+01	1.287923e-04	
3.852174e+00	8.934232e-05	
4.160329e+00	5.736257e-05	
4.829088e+00	5.533660e-05	
6.050325e+00	2.598635e-06	
3.470346e+00	1.392572e-05	
9.413074e+00	5.862819e-05	
3.731963e+00	2.253266e-05	
8.261745e+00	5.235396e-05	
7.798495e+00	2.682863e-05	
5.022586e+00	5.241054e-05	
1.414437e+00	2.374190e-06	
4.259277e+00	1.281998e-05	
4.863117e+00	1.047795e-06	
2.236611e+00	4.705047e-05	
1.085352e+01	1.118551e-04	
4.124145e+00	1.206742e-05	
1.771513e+00	1.793285e-06	
8.393081e+00	2.830379e-05	
3.738677e+00	7.623765e-05	
2.977345e+00	1.796170e-04	
4.897425e+00	1.426732e-04	
1.540408e+00	1.843781e-04	
1.244176e+00	1.149839e-04	
2.230980e+00	1.476392e-04	
5.679811e+00	1.402876e-04	
4.083432e+00	1.493442e-04	
1.223345e+01	2.016773e-04	
7.892671e+00	1.956163e-04	
7.246502e+00	1.148680e-04	
2.005535e+00	9.071523e-05	
8.310789e+00	1.228540e-04	
1.097919e+01	1.524621e-04	
1.248153e+01	9.560505e-05	
4.435535e+00	1.269722e-04	
6.065902e+00	1.353370e-04	
1.062065e+01	6.972547e-05	
1.003189e+01	1.054769e-04	
1.033537e+01	8.136621e-05	
6.528983e+00	5.969023e-05	
7.337322e+00	6.061867e-05	
3.594511e+00	3.498030e-05	
6.254165e+00	2.694237e-05	
5.573491e+00	4.286940e-05	
9.586775e+00	4.279022e-05	
1.309468e+00	5.656428e-05	
8.559454e-01	9.130126e-06	
2.977265e+00	3.100055e-05	
3.457169e+00	5.997265e-05	
1.137847e+00	4.170563e-05	
8.630110e+00	4.789169e-05	
1.200659e+01	3.487241e-05	
1.084176e+01	1.701074e-05	
7.394292e+00	2.472101e-05	
8.410283e+00	3.110246e-06	
3.692971e+00	1.658058e-06	
8.072008e+00	3.278724e-05	
4.419104e+00	4.907864e-05	
1.590538e+00	2.114800e-04	
8.415243e-01	2.081640e-04	
5.819508e+00	6.817070e-05	
5.795920e+00	1.281581e-04	
2.072596e-01	1.700001e-04	
8.032592e+00	2.056304e-04	
5.808854e+00	1.726604e-04	
7.620470e+00	1.835385e-04	
5.816813e+00	1.507526e-04	
9.822352e+00	1.083080e-04	
7.420374e+00	9.150982e-05	
3.428049e+00	1.663954e-04	
4.635428e+00	1.552241e-04	
7.449953e+00	1.161389e-04	
5.465823e+00	1.567870e-04	
5.267992e+00	8.662553e-05	
4.873065e+00	6.648003e-05	
1.081076e+01	7.495510e-05	
1.084385e+01	9.045793e-05	
5.158723e+00	4.943421e-05	
5.207642e+00	5.374612e-05	
1.090574e+01	7.423036e-05	
4.435193e+00	5.194727e-05	
8.518682e+00	6.657097e-06	
7.303006e+00	6.879994e-05	
5.993633e+00	3.206634e-05	
6.100316e+00	2.763225e-05	
3.487916e+00	6.753237e-06	
5.747344e+00	9.738223e-05	
4.710517e+00	9.621151e-05	
8.321385e+00	6.191847e-05	
4.447015e+00	6.248545e-05	
1.067335e+01	6.373490e-05	
2.169999e+00	5.226552e-05	
2.896524e+00	6.495851e-05	
4.555907e+00	7.076249e-05	
7.007456e+00	1.013405e-04	
6.810781e+00	3.582217e-05	
7.528626e+00	8.848912e-05	
5.590174e+00	4.940884e-05	
2.674550e+00	3.122819e-04	
3.002689e+00	2.569201e-04	
7.989054e+00	1.943564e-04	
5.778335e+00	1.863964e-04	
8.009007e+00	1.748431e-04	
3.989208e+00	2.286902e-05	
4.999071e+00	6.168204e-05	
1.075408e+01	1.084257e-04	
2.710832e+00	1.078956e-04	
6.540848e+00	1.536692e-04	
7.581805e+00	1.409116e-04	
4.317380e+00	1.203882e-04	
5.375552e+00	1.414958e-04	
8.075043e+00	1.077324e-04	
3.744402e+00	9.553002e-05	
6.019374e+00	1.179524e-04	
6.099729e+00	8.385252e-05	
9.930985e+00	7.955034e-05	
7.033627e+00	4.539234e-05	
4.685437e+00	9.190599e-05	
1.261408e+00	1.010569e-04	
1.177768e+01	1.135113e-04	
1.460044e+01	7.308378e-05	
4.394867e+00	8.131523e-05	
1.744079e+00	7.865288e-05	
6.661680e+00	5.596990e-05	
6.589594e+00	4.408544e-05	
3.546700e+00	4.927181e-05	
8.328586e+00	2.685588e-05	
7.778830e+00	3.919706e-05	
7.388535e+00	3.954722e-05	
7.132212e+00	7.319995e-05	
6.373395e+00	3.387646e-05	
2.368338e+00	6.605335e-05	
5.284245e+00	6.952507e-05	
1.189443e+01	1.435374e-04	
1.133662e+01	2.381494e-04	
4.150972e+00	1.024209e-04	
4.252352e+00	2.892517e-04	
2.824311e+00	2.787297e-04	
1.915891e+00	1.589929e-04	
5.006835e+00	7.551068e-05	
1.126504e+01	9.048622e-05	
5.551761e+00	1.373035e-04	
8.111413e+00	1.088098e-04	
5.997314e+00	2.266976e-04	
5.019133e+00	1.614825e-04	
8.297091e+00	1.677937e-04	
5.672764e+00	9.637255e-05	
2.331324e+00	1.257329e-04	
2.655583e+00	8.938910e-05	
4.030418e+00	1.182468e-04	
5.888065e+00	8.402681e-05	
1.123449e+00	1.036254e-04	
4.366959e+00	7.545481e-05	
7.693410e+00	6.008349e-05	
3.669683e+00	7.652319e-05	
2.091384e+00	1.861153e-05	
8.811496e+00	8.761250e-05	
1.893846e+00	8.007290e-05	
5.349668e+00	5.246370e-05	
3.073141e+00	2.654830e-05	
6.125277e+00	6.126721e-05	
3.801672e+00	4.169817e-05	
5.233503e+00	6.623749e-05	
5.698101e+00	2.559096e-05	
1.191423e+01	2.100686e-05	
7.183955e+00	1.494823e-05	
3.369421e+00	1.757530e-06	
2.042439e+00	4.303955e-05	
2.688036e+00	6.947771e-05	
1.427297e+00	5.767153e-06	
3.712736e+00	5.069989e-05	
4.373102e+00	5.588285e-05	
9.093235e-01	2.124339e-04	
7.721827e+00	2.055498e-04	
6.540123e+00	3.279537e-04	
3.668590e+00	1.829425e-04	
2.267438e+00	1.943923e-04	
2.424634e+00	1.450822e-04	
5.808815e+00	8.668037e-05	
7.940478e+00	9.438125e-05	
6.399426e+00	1.302808e-04	
1.314711e+01	1.241883e-04	
7.050215e+00	1.661147e-04	
2.020841e+00	1.719243e-04	
6.239155e+00	7.725240e-05	
5.329562e+00	5.773361e-05	
8.506688e+00	6.782913e-05	
5.078352e+00	1.019602e-04	
4.743291e+00	7.684469e-05	
7.676818e+00	8.033065e-05	
7.386508e+00	8.907814e-05	
3.648054e+00	9.442594e-05	
2.065318e+00	5.596299e-05	
4.961417e+00	2.669780e-05	
1.031391e+01	4.018400e-05	
1.361242e+01	8.383460e-05	
9.215759e+00	4.527468e-05	
4.912258e+00	4.087435e-05	
2.149133e+00	5.181742e-05	
5.348463e+00	4.706211e-05	
5.606969e+00	1.373953e-05	
1.076095e+01	1.251758e-05	
1.471372e+01	3.031618e-05	
5.936370e+00	1.682651e-05	
3.050481e+00	4.370596e-06	
8.269265e+00	7.017180e-05	
9.528509e+00	4.318518e-05	
2.845399e+00	5.976159e-05	
8.267149e+00	6.779040e-05	
8.892989e+00	5.412063e-05	
1.021241e+01	9.481725e-05	
5.817810e+00	1.851353e-05	
8.257878e+00	2.574365e-04	
6.796601e+00	1.510028e-04	
3.665032e+00	1.687851e-04	
5.303221e+00	8.783858e-05	
5.213452e+00	1.525667e-04	
3.353395e+00	1.094765e-04	
7.739792e+00	8.603606e-05	
6.940875e+00	8.252988e-05	
7.532069e+00	4.543299e-05	
4.407560e+00	1.136317e-04	
5.301488e+00	1.171643e-04	
8.771944e+00	1.247970e-04	
1.349902e+01	8.161157e-05	
6.930056e+00	7.443774e-05	
8.136090e+00	8.140745e-05	
8.641136e+00	9.519909e-05	
5.542260e+00	3.241572e-05	
5.904782e+00	5.253070e-05	
1.059917e+00	4.719220e-05	
1.304490e+00	6.875505e-05	
2.767328e+00	8.599637e-05	
1.533575e+01	5.019376e-05	
7.278379e+00	8.541684e-05	
4.395799e+00	8.771495e-05	
6.261231e+00	9.010891e-05	
6.369607e+00	3.337269e-05	
2.229322e+00	9.353805e-05	
1.237563e+01	2.039385e-05	
1.232355e+01	4.190579e-05	
3.348493e+00	2.856482e-05	
5.837661e+00	7.941545e-05	
1.760116e+00	9.114910e-05	
4.961812e+00	5.405851e-05	
3.642606e+00	2.450761e-05	
2.541914e+00	1.357252e-04	
9.581711e+00	1.591482e-04	
4.690266e+00	6.398268e-05	
5.904770e+00	2.972962e-05	
8.656253e+00	7.791198e-05	
3.590139e+00	1.567052e-05	
7.511735e+00	1.828596e-04	
9.106914e+00	8.861024e-05	
2.366030e+00	7.731360e-05	
5.002672e+00	4.003128e-05	
1.387021e+00	5.870497e-05	
7.911316e+00	8.965015e-05	
6.535620e+00	1.011926e-04	
5.616333e+00	9.135614e-05	
4.883611e+00	1.352101e-04	
6.680616e+00	1.074185e-04	
8.074701e+00	7.954344e-05	
1.034520e+01	4.660769e-05	
6.300457e+00	5.216920e-05	
1.359932e+01	8.046024e-05	
1.904773e+00	2.625575e-05	
1.241164e+01	8.198597e-06	
1.052948e+01	1.230282e-05	
8.578879e+00	4.738432e-05	
5.118496e+00	4.087101e-05	
9.356456e+00	4.449187e-05	
6.834135e+00	5.164180e-05	
1.147484e+01	8.003863e-05	
9.097841e+00	3.350682e-05	
2.378518e+00	3.204242e-05	
1.021928e+01	5.566281e-05	
1.080245e+01	2.072723e-06	
4.829542e+00	2.375674e-05	
1.134412e+01	4.940701e-05	
6.008908e+00	1.309747e-05	
7.022139e+00	5.017722e-05	
7.867015e+00	7.818908e-05	
1.108792e+01	1.033693e-04	
1.014758e+01	7.362793e-05	
4.310321e+00	1.030954e-04	
6.330749e+00	2.307539e-04	
3.049110e+00	1.907700e-05	
6.818091e+00	1.373022e-04	
4.153723e+00	1.459040e-05	
7.684506e+00	1.334382e-04	
5.106406e+00	8.611427e-05	
9.844319e+00	1.106404e-04	
7.261271e+00	2.946286e-05	
7.109731e+00	1.139560e-04	
7.089799e+00	1.131303e-04	
4.272700e+00	7.029472e-05	
7.212729e+00	9.336718e-05	
6.560470e+00	4.951956e-05	
1.126024e+01	9.736124e-05	
1.035136e+01	8.417869e-05	
9.357836e+00	5.857004e-05	
1.307748e+01	6.294697e-05	
4.660575e+00	7.174703e-05	
2.938747e+00	1.155810e-04	
1.332684e+01	7.875018e-05	
1.869377e+01	7.850384e-05	
7.110540e+00	9.030241e-05	
9.559646e+00	8.823469e-05	
5.341580e+00	5.707158e-05	
8.961538e+00	4.068991e-05	
1.157704e+01	6.547046e-05	
1.095796e+01	3.050982e-06	
1.283433e+01	7.514756e-06	
5.948852e+00	2.434394e-06	
2.184569e+00	4.234144e-06	
1.483610e+00	2.403347e-05	
1.354556e+01	3.521041e-06	
5.720676e+00	3.311069e-05	
1.495634e+00	3.535439e-06	
9.284767e-01	7.901224e-05	
3.341892e+00	7.523080e-05	
1.160489e+01	1.035297e-04	
7.287488e+00	7.989012e-05	
1.353770e+00	2.920131e-04	
6.497427e+00	3.278212e-04	
6.226853e+00	1.877398e-04	
5.507705e+00	5.892195e-05	
2.344303e+00	1.907770e-04	
9.159363e+00	1.028862e-04	
3.292494e+00	5.674544e-05	
7.181200e+00	7.969698e-05	
7.074929e+00	1.310949e-04	
1.097248e+01	6.388175e-05	
3.163255e+00	8.079280e-05	
7.066549e+00	9.145387e-05	
4.070371e+00	6.190527e-05	
6.231280e+00	5.998821e-05	
2.675840e+00	7.925280e-05	
9.394925e+00	6.193123e-05	
5.296893e+00	3.301172e-05	
1.141330e+01	4.574029e-06	
1.318419e+01	3.383615e-05	
8.995960e+00	7.747102e-05	
3.988055e+00	6.351294e-05	
9.501850e+00	7.155331e-05	
5.568054e+00	8.376259e-05	
4.594038e+00	9.346694e-05	
4.797269e+00	8.727634e-05	
8.202844e+00	3.977398e-06	
3.828959e+00	8.020296e-06	
2.756090e+00	9.419057e-06	
6.085887e+00	6.715852e-06	
2.811254e+00	9.530488e-06	
5.367749e+00	1.337599e-05	
6.635913e+00	3.501032e-05	
4.946939e+00	6.367854e-06	
8.255267e+00	1.578897e-05	
8.252219e+00	3.423477e-05	
6.351700e+00	1.511555e-05	
6.659473e+00	1.144593e-04	
5.917998e+00	1.957038e-04	
8.570638e+00	2.540859e-04	
3.702542e+00	2.886857e-04	
5.071133e+00	1.115035e-04	
6.073718e+00	1.259718e-04	
8.864979e+00	1.784795e-04	
5.207017e+00	1.263948e-04	
3.816127e+00	9.507355e-05	
1.852348e+00	5.607666e-05	
4.680047e+00	1.217596e-04	
3.388075e+00	9.005650e-05	
1.358488e+00	7.312738e-05	
1.500885e+01	5.963105e-05	
9.745809e+00	8.731687e-05	
2.796473e+00	5.560394e-05	
4.324243e+00	4.688794e-05	
7.682082e-01	6.047839e-05	
6.972471e+00	5.959417e-05	
5.348316e+00	5.293837e-05	
3.562764e+00	1.022021e-05	
9.083838e+00	8.124067e-05	
6.844904e+00	8.488263e-05	
8.652999e+00	8.722292e-05	
4.555647e+00	4.836591e-05	
3.796349e+00	8.195608e-05	
1.117460e+01	2.184167e-06	
5.597504e+00	2.952382e-05	
4.280919e+00	3.041816e-05	
5.605391e+00	3.797464e-05	
5.677888e+00	2.464778e-05	
6.255871e+00	4.577778e-06	
6.834690e+00	3.484079e-05	
8.733219e+00	2.832353e-05	
1.063904e+01	6.494472e-05	
4.282407e+00	9.153170e-05	
5.034168e+00	5.573732e-05	
6.751804e+00	8.643653e-05	
3.142781e+00	8.153652e-05	
5.379435e+00	7.924866e-05	
9.656421e+00	1.965057e-04	
5.997517e+00	1.339042e-04	
4.421007e+00	2.541858e-04	
1.242635e+01	8.386151e-05	
7.383171e+00	1.049279e-04	
1.058102e+01	1.060586e-04	
6.414156e+00	3.581681e-05	
6.493071e+00	6.005864e-05	
4.269549e+00	6.908579e-05	
1.121191e+01	1.126789e-04	
1.373922e+01	6.582244e-05	
1.462383e+01	5.926478e-05	
1.489452e+01	4.591879e-05	
8.365560e+00	9.318061e-05	
6.319269e+00	1.274463e-05	
5.492033e+00	8.135005e-05	
7.361111e+00	5.319664e-05	
4.578395e+00	1.210011e-05	
4.520510e+00	6.854590e-07	
1.741535e+00	8.393375e-05	
4.746205e+00	3.097770e-06	
5.554844e+00	2.295472e-05	
3.165685e+00	5.035854e-05	
1.226788e+01	3.861490e-05	
3.720008e+00	2.287503e-05	
1.069761e+01	1.473497e-05	
4.959591e+00	3.974310e-05	
6.610692e+00	1.510128e-05	
2.926621e+00	4.336265e-05	
2.644645e+00	4.228873e-05	
3.861111e+00	3.312780e-05	
1.448857e+01	2.250555e-05	
5.901303e+00	9.498720e-05	
2.702585e+00	1.144498e-04	
2.988038e+00	5.527324e-05	
8.472790e+00	7.417444e-05	
6.265587e+00	1.517885e-04	
1.020439e+01	1.714839e-05	
6.673194e+00	2.953326e-04	
2.505206e+00	9.800988e-05	
5.152669e+00	1.661663e-04	
1.221129e+00	2.110949e-04	
5.038895e+00	1.637764e-04	
2.265587e+00	1.158710e-04	
9.617959e+00	5.639306e-05	
6.317716e+00	4.331186e-05	
5.717557e+00	1.149537e-04	
6.124832e+00	7.584974e-05	
4.091984e+00	1.623969e-04	
5.970684e+00	8.054336e-05	
5.238432e+00	4.197641e-05	
8.601016e+00	5.021967e-05	
5.211951e+00	7.581486e-06	
8.588929e+00	1.411642e-06	
1.100439e+01	4.541249e-05	
4.145492e+00	1.197059e-06	
3.811444e+00	7.860174e-06	
9.191660e+00	1.607095e-05	
7.417477e+00	1.833810e-05	
3.237954e+00	1.796036e-05	
6.808422e+00	2.577719e-05	
1.099744e+01	1.719155e-05	
8.071180e+00	1.404136e-05	
9.233167e+00	4.008259e-06	
4.586804e+00	1.009662e-05	
3.021614e+00	1.030835e-07	
8.167497e+00	1.975161e-05	
6.837658e+00	1.417909e-05	
8.887589e+00	9.553733e-07	
4.719659e+00	2.498232e-05	
6.262217e+00	3.109530e-05	
8.016673e+00	9.621322e-05	
3.991424e+00	6.639251e-05	
7.733497e+00	4.013670e-05	
8.153560e+00	1.154513e-04	
4.695584e+00	1.418487e-04	
1.639695e+00	2.100243e-04	
6.627723e+00	2.278727e-04	
2.000273e+00	2.453341e-05	
5.552474e+00	2.336976e-04	
7.586269e+00	1.196006e-04	
8.452052e+00	2.761529e-05	
6.955055e+00	4.525341e-05	
1.203943e+01	1.503531e-04	
7.086002e+00	1.328885e-04	
4.240615e+00	9.207101e-05	
1.328320e+01	1.085488e-04	
5.379476e+00	1.068418e-04	
3.031593e+00	4.346241e-05	
5.087632e+00	3.659860e-06	
1.204812e+01	7.352033e-06	
4.681642e+00	4.000816e-06	
2.579383e+00	5.126392e-06	
7.978728e+00	1.288678e-05	
5.208202e+00	2.553152e-05	
5.931636e+00	1.143734e-05	
1.924895e+00	2.887234e-05	
1.661716e+00	3.106102e-05	
1.843001e+00	4.209056e-05	
1.026308e+01	3.419753e-07	
7.626475e+00	1.459924e-05	
1.016898e+01	3.075053e-05	
6.561021e+00	1.655425e-05	
5.241452e+00	1.731024e-05	
1.592016e+00	2.642555e-06	
7.070485e+00	1.045704e-05	
3.336640e+00	2.121167e-05	
7.127115e+00	4.584897e-05	
5.849063e+00	2.633363e-05	
1.408043e+01	1.027669e-04	
1.189794e+01	4.297442e-05	
5.714302e+00	9.899721e-05	
9.560019e+00	1.217687e-04	
5.109319e+00	2.393243e-04	
2.540504e+00	2.798838e-04	
6.345785e+00	1.574762e-04	
4.207189e+00	1.272569e-04	
1.212746e+01	3.033452e-04	
4.155549e+00	7.285958e-05	
1.137069e+01	9.138171e-05	
9.156819e+00	1.445822e-04	
6.714274e+00	1.444718e-04	
6.218690e+00	9.086257e-05	
5.094015e+00	8.641092e-05	
7.872057e+00	7.578619e-05	
4.143451e+00	8.572968e-05	
1.599687e+00	7.060398e-05	
1.398895e+01	4.140433e-05	
7.495528e+00	7.496900e-06	
6.783912e+00	4.119066e-05	
1.163720e+00	1.370924e-07	
1.578342e+00	2.184655e-05	
3.670196e+00	7.830058e-06	
5.878783e+00	1.377784e-05	
1.082773e+01	1.242801e-05	
8.884755e+00	3.439076e-05	
3.164117e+00	4.217211e-05	
7.761620e+00	4.135784e-05	
4.884948e+00	1.306825e-05	
4.272288e+00	3.766793e-05	
5.807900e+00	2.889226e-05	
8.719040e+00	4.891014e-05	
1.309935e+00	2.105899e-05	
9.872141e+00	2.225317e-05	
4.064708e+00	1.771717e-06	
4.957386e+00	1.934938e-06	
8.135579e+00	4.118614e-05	
5.854556e+00	1.656562e-04	
4.901694e+00	1.764764e-04	
6.916268e+00	1.204442e-04	
1.215038e+01	1.255404e-04	
5.243439e+00	2.405418e-04	
4.501615e+00	2.463310e-04	
1.249743e+01	4.868839e-04	
6.394445e+00	4.087700e-04	
8.017452e+00	4.872127e-04	
1.455549e+01	1.186673e-05	
5.245497e+00	1.500879e-05	
7.355346e+00	1.108294e-04	
7.503148e+00	2.516106e-05	
1.003090e+00	1.167565e-05	
3.635760e+00	1.177691e-04	
7.813123e-01	1.153017e-04	
4.123960e+00	8.134593e-05	
5.970205e+00	3.339024e-05	
1.183017e+00	3.525107e-05	
5.093659e+00	1.806410e-05	
2.139879e+00	2.501037e-05	
3.794595e+00	1.239920e-05	
1.660557e+00	1.746696e-05	
5.630584e+00	3.570780e-05	
4.909631e+00	1.686876e-05	
9.786193e+00	3.507978e-06	
1.167676e+01	2.101096e-05	
6.637850e+00	5.339167e-05	
5.741189e+00	5.998236e-05	
9.281102e+00	6.153377e-05	
3.531745e+00	2.037152e-05	
3.234537e+00	2.878996e-05	
5.292640e+00	1.604874e-05	
6.074109e+00	1.256554e-05	
7.149939e+00	5.083722e-06	
3.705386e+00	2.486220e-05	
6.609143e+00	4.196458e-06	
5.870751e-01	2.698502e-05	
2.108399e+00	4.572920e-05	
4.509442e+00	1.010923e-04	
1.730301e+00	1.065996e-04	
4.335140e+00	7.404480e-05	
6.210367e+00	1.241787e-04	
5.357761e+00	2.365131e-04	
2.052357e+00	4.976180e-04	
7.114495e+00	4.152558e-04	
1.046611e+01	4.989422e-04	
6.950819e+00	1.971816e-06	
7.442527e+00	9.604317e-05	
1.446380e+01	8.851566e-06	
2.851635e+00	1.236205e-04	
9.877158e+00	9.053029e-05	
1.015927e+01	3.158704e-05	
7.772145e+00	1.472930e-04	
8.023631e+00	2.290589e-05	
9.655791e+00	1.017538e-05	
1.097647e+01	3.415043e-05	
7.040617e+00	8.156027e-06	
1.910091e+00	4.651939e-06	
3.718089e+00	5.283939e-06	
7.108727e+00	1.000969e-05	
9.545574e-01	2.382818e-05	
1.816783e+00	3.915683e-05	
2.772123e+00	2.260230e-06	
2.003886e+00	7.318047e-05	
7.381114e+00	5.220872e-05	
3.204808e+00	6.419283e-05	
4.584861e+00	7.192163e-05	
8.677097e+00	3.021508e-05	
8.722419e+00	3.151068e-05	
6.666047e+00	1.209954e-05	
7.967271e+00	3.312601e-05	
6.969244e+00	2.530166e-05	
7.281610e+00	1.816433e-05	
2.704194e+00	2.744686e-05	
3.921777e+00	7.963449e-06	
3.548447e+00	4.040877e-05	
5.394306e+00	1.246859e-04	
1.142256e+01	1.776076e-04	
1.011502e+01	2.233643e-04	
2.409272e+00	7.077080e-05	
4.203608e+00	2.411998e-04	
5.824146e+00	2.791412e-04	
4.165065e+00	1.193473e-04	
4.611293e+00	2.850354e-04	
7.566556e+00	4.014085e-06	
5.389282e+00	7.479784e-05	
6.750935e+00	4.218334e-05	
6.067998e+00	1.149427e-04	
1.321365e+01	4.902414e-05	
1.191007e+01	4.988491e-05	
2.148382e+01	3.941496e-05	
1.486342e+01	2.985873e-05	
7.442870e+00	2.405673e-06	
8.664499e+00	6.054876e-05	
5.487777e+00	1.270534e-06	
1.007163e+00	4.028907e-05	
5.321775e+00	1.742989e-05	
8.997782e-01	3.722555e-05	
1.160137e+01	2.160498e-05	
7.744772e+00	1.886966e-05	
6.116301e+00	3.889475e-05	
2.642019e+00	6.388266e-05	
5.494779e+00	3.988206e-05	
2.928688e+00	6.735741e-05	
8.566137e+00	8.018034e-05	
3.717693e+00	5.950694e-05	
8.957980e+00	3.530663e-07	
9.904600e+00	1.297502e-05	
9.520874e+00	4.786420e-05	
4.699518e+00	2.149577e-05	
4.862557e+00	3.373610e-05	
2.717690e+00	5.314920e-05	
7.391990e+00	2.074307e-05	
4.681190e+00	2.432158e-06	
7.637459e+00	7.215166e-05	
3.775451e+00	1.071413e-04	
6.755312e+00	1.795435e-04	
4.498933e+00	2.274626e-04	
4.856788e+00	2.720991e-04	
9.734400e+00	4.394933e-04	
4.876095e+00	4.041335e-04	
5.399679e+00	3.410847e-04	
9.997985e+00	2.289325e-04	
5.275959e+00	9.508834e-05	
1.006501e+01	4.458118e-05	
1.320504e+01	3.158501e-05	
1.725505e+01	4.010690e-05	
7.463817e+00	4.374938e-05	
5.849357e+00	7.163990e-05	
1.223395e+01	1.707668e-07	
3.718971e+00	6.073609e-05	
1.249443e+01	6.976919e-05	
7.201908e+00	2.093591e-05	
1.295435e+01	1.538114e-05	
8.586143e+00	4.348267e-05	
2.276745e+00	5.040442e-05	
7.922156e+00	1.230954e-05	
1.042413e+01	8.263740e-06	
7.291264e+00	9.824303e-05	
4.044519e+00	2.334795e-05	
6.385045e+00	5.206155e-05	
9.630066e+00	2.729739e-05	
1.370083e+01	2.774185e-05	
7.039948e+00	1.295670e-05	
6.838503e+00	7.089583e-06	
1.118352e+01	1.545711e-05	
5.925631e+00	3.794010e-05	
7.607276e+00	1.413383e-05	
7.157486e+00	4.473622e-06	
8.921953e+00	3.622596e-06	
4.156815e+00	1.255024e-05	
5.997935e+00	1.456627e-05	
6.328942e+00	5.248648e-05	
5.020064e+00	1.689231e-05	
1.395427e+01	2.416916e-04	
9.436244e+00	1.966933e-04	
7.485649e+00	4.530804e-04	
9.146999e+00	2.551997e-04	
4.372258e+00	4.400493e-04	
5.109196e-01	3.129510e-04	
4.563154e+00	1.210582e-04	
6.241067e+00	8.127178e-05	
3.841934e+00	8.177503e-05	
8.952062e+00	8.938656e-05	
6.213654e+00	5.385126e-06	
2.143193e+00	5.320038e-05	
8.447607e+00	5.045974e-05	
2.956490e+00	2.408849e-05	
5.631580e+00	4.366956e-05	
4.826199e+00	4.226793e-07	
9.038276e+00	3.554421e-05	
9.805587e+00	4.134270e-06	
1.700921e+01	8.157896e-05	
2.073225e+00	6.694684e-05	
9.495711e+00	3.023456e-05	
1.912156e+01	9.241518e-05	
3.027782e+00	4.943111e-05	
1.324885e+01	3.325005e-05	
1.491681e+01	4.336612e-05	
4.403582e+00	3.215152e-05	
2.625961e+00	4.310519e-05	
6.664422e+00	2.038279e-05	
5.023383e+00	2.087096e-05	
9.061000e+00	2.917681e-05	
4.744430e+00	3.516525e-05	
3.672020e+00	1.379124e-05	
3.223535e+00	4.760206e-05	
3.034784e+00	2.900123e-05	
5.814952e+00	1.478950e-05	
2.844493e+00	1.782087e-05	
5.976176e+00	6.022552e-05	
5.973286e+00	1.001211e-04	
7.899675e+00	2.284140e-04	
6.548052e+00	2.022665e-04	
4.379483e+00	1.802429e-04	
2.498697e+00	2.179863e-04	
7.832774e+00	3.274711e-04	
6.132822e+00	1.220519e-04	
4.526193e+00	9.019572e-05	
1.391227e+01	5.191152e-05	
4.904651e+00	5.869875e-05	
1.492844e+01	8.638033e-05	
1.000636e+01	6.019087e-05	
7.018167e+00	6.451362e-05	
7.842027e+00	8.173948e-06	
3.606080e+00	3.018846e-05	
5.553218e+00	3.449262e-05	
8.198246e+00	2.704672e-05	
3.420198e-01	3.046019e-05	
4.517465e+00	5.838301e-05	
3.378121e+00	5.652998e-05	
3.245880e+00	1.165749e-05	
1.406862e+01	7.096043e-05	
8.768858e+00	5.112588e-05	
2.623521e+00	4.291734e-05	
6.379743e+00	1.463240e-05	
8.690845e+00	8.441812e-06	
2.793824e+00	1.782542e-05	
4.048116e+00	1.528217e-05	
1.044868e+01	3.154863e-06	
9.927995e+00	4.862453e-05	
8.840294e+00	3.253864e-05	
8.806574e+00	2.120894e-05	
1.035989e+01	3.823554e-05	
2.436023e+00	6.012818e-05	
3.808760e+00	4.359561e-05	
7.454943e+00	2.337766e-05	
7.483038e+00	9.433754e-06	
8.909241e+00	4.041675e-05	
7.744763e+00	4.035160e-05	
8.152823e+00	2.147741e-04	
6.584772e+00	1.630767e-04	
4.158660e+00	5.797931e-06	
7.665089e+00	2.726567e-04	
5.758367e+00	5.845117e-04	
5.116548e+00	1.262975e-04	
5.824258e+00	2.512573e-04	
3.360914e+00	9.021377e-05	
1.512140e+01	8.459725e-05	
1.153825e+01	3.969739e-05	
7.144833e+00	4.576747e-05	
7.116638e+00	3.691146e-05	
6.104261e+00	1.375236e-05	
6.097802e+00	9.778548e-06	
8.283522e+00	1.342264e-05	
7.713927e+00	3.689727e-06	
9.945455e+00	1.135358e-05	
9.458428e+00	6.080448e-05	
9.790374e+00	4.500693e-05	
5.387166e+00	3.572499e-05	
8.293528e+00	6.438968e-05	
4.356537e+00	8.025092e-05	
7.641897e+00	6.596055e-05	
2.898825e+00	2.713581e-05	
7.307679e+00	3.857966e-05	
8.237824e-01	1.178194e-05	
3.262217e+00	1.594677e-05	
5.425366e+00	3.908425e-05	
4.476340e+00	7.483674e-05	
4.915087e+00	3.164602e-05	
5.858555e+00	1.814310e-06	
8.983098e+00	5.691935e-06	
5.836622e+00	1.059312e-05	
6.999711e+00	4.767215e-05	
5.682509e+00	1.576827e-05	
6.570264e+00	1.914324e-05	
7.838119e+00	4.177996e-05	
5.386823e+00	6.165227e-05	
4.131657e+00	1.160458e-04	
9.807727e+00	6.928882e-05	
1.505789e+01	1.133333e-04	
6.605220e+00	1.318555e-04	
7.693925e+00	6.845121e-04	
9.153983e+00	1.135550e-04	
6.344261e+00	9.743657e-05	
7.317862e+00	9.816904e-05	
9.128611e+00	9.461214e-05	
8.017068e+00	8.105571e-05	
4.800022e+00	3.402251e-06	
6.116345e-01	6.967226e-06	
3.816986e+00	5.480173e-05	
1.148643e+01	9.067562e-05	
3.319874e+00	6.799976e-05	
1.145302e+01	1.182642e-05	
9.581741e+00	5.462389e-05	
6.744427e+00	1.546497e-05	
4.406931e+00	1.089744e-05	
3.753303e+00	2.047492e-05	
3.703680e+00	7.205596e-06	
7.011996e+00	1.678654e-05	
8.941237e+00	3.258964e-05	
4.857382e+00	9.186874e-07	
5.593539e+00	6.746136e-06	
5.089683e+00	1.055839e-05	
6.312322e+00	1.463470e-05	
1.033205e+01	5.499335e-05	
3.351933e+00	5.932338e-05	
7.892713e+00	7.723042e-05	
9.709138e+00	3.870673e-05	
1.562116e+01	2.028224e-05	
1.015060e+01	2.622689e-05	
1.054714e+01	1.385664e-05	
8.724843e+00	1.201666e-05	
2.768465e+00	2.253259e-05	
5.694124e+00	3.433110e-05	
3.389850e+00	9.888311e-07	
4.063406e+00	5.428227e-05	
7.716104e+00	2.213937e-05	
4.417107e+00	1.811073e-05	
8.546073e+00	3.573539e-04	
6.417254e+00	3.726993e-04	
8.097368e+00	4.152554e-05	
7.835394e+00	4.464415e-05	
5.878550e+00	3.841759e-05	
1.425432e+01	8.075699e-06	
4.388354e+00	3.604890e-07	
7.560348e+00	1.724181e-05	
1.190994e+01	6.968315e-05	
4.483513e+00	6.078553e-05	
4.594461e+00	1.933820e-05	
9.797992e+00	1.967507e-06	
1.215193e+01	5.158736e-05	
1.531393e+01	1.734868e-05	
4.195845e+00	1.233121e-05	
6.220035e+00	1.597450e-05	
5.232562e+00	5.705932e-05	
2.440572e+00	3.962556e-05	
5.413110e+00	5.006318e-07	
8.533268e+00	1.620803e-05	
1.558961e+01	3.042052e-05	
9.691292e+00	4.209916e-05	
8.815919e+00	5.186306e-05	
1.008455e+01	3.426166e-05	
3.523081e+00	2.936117e-05	
4.488485e+00	3.025539e-05	
6.321910e+00	3.485842e-05	
1.134440e+01	7.273724e-05	
1.180687e+01	2.832904e-06	
1.721966e+01	1.432744e-05	
7.386130e+00	2.283688e-05	
4.041180e+00	5.409198e-06	
1.008634e+01	7.472200e-05	
3.930534e+00	2.294983e-05	
2.995865e+00	1.817613e-06	
8.169949e+00	7.808522e-06	
1.112122e+01	7.336925e-05	
1.759804e+01	1.484882e-04	
8.765551e+00	1.010672e-04	
1.055078e+01	3.110394e-04	
1.826296e+00	1.075755e-04	
7.803294e+00	1.079003e-04	
5.098637e+00	1.027278e-04	
1.018592e+01	3.519888e-05	
1.280401e+00	5.920766e-05	
2.608016e+00	6.823454e-06	
6.712554e+00	1.038576e-05	
6.255319e+00	3.893442e-05	
7.654817e+00	1.889694e-05	
3.433468e+00	4.628893e-05	
5.343746e+00	1.234915e-05	
7.511630e+00	1.866808e-05	
2.354760e+00	1.134755e-06	
1.391245e+01	2.917664e-05	
8.690591e+00	5.248766e-05	
8.466792e+00	3.853623e-05	
4.302663e+00	9.187563e-06	
1.006889e+01	2.020437e-05	
4.304484e+00	3.411717e-05	
5.634009e+00	9.632232e-06	
4.214166e+00	1.257933e-05	
4.605564e+00	8.189393e-06	
1.019937e+00	8.298351e-07	
6.080524e+00	1.560781e-05	
8.268008e+00	2.613172e-06	
5.055400e+00	5.758610e-05	
3.731721e+00	1.019218e-05	
9.321336e+00	5.985998e-05	
8.114983e+00	8.837358e-05	
5.592279e+00	1.279520e-05	
9.575118e+00	1.001969e-05	
6.437785e+00	2.246970e-05	
6.866841e+00	1.732003e-05	
7.338677e+00	1.890096e-05	
6.434931e+00	4.099308e-05	
7.823152e+00	1.736688e-04	
1.260056e+01	3.835393e-04	
4.411039e+00	4.306079e-04	
9.665879e+00	6.236941e-05	
9.966879e+00	9.333475e-05	
1.035833e+01	2.723946e-05	
2.982068e+00	1.010534e-04	
8.942013e+00	1.297055e-04	
5.319599e+00	2.153327e-05	
1.223115e+00	1.447851e-05	
4.683776e+00	7.482688e-06	
6.511776e-01	1.161712e-05	
4.442940e+00	5.395414e-06	
7.175373e+00	3.116077e-06	
6.683774e+00	2.231309e-05	
1.209015e+01	3.824267e-06	
1.079274e+01	2.020735e-05	
8.937334e+00	3.888145e-05	
8.232763e-01	3.117580e-05	
1.160465e+00	4.673720e-05	
1.144062e+01	3.172505e-05	
5.525238e+00	3.470712e-05	
5.088938e+00	2.478851e-05	
6.199082e+00	4.628255e-05	
6.087531e+00	1.276302e-05	
2.028274e+00	1.590378e-05	
7.703350e+00	3.989953e-05	
1.023931e+01	3.047049e-05	
6.641310e+00	5.572252e-05	
1.004236e+01	1.187020e-05	
7.849852e+00	3.625628e-05	
1.793351e+01	3.066941e-05	
9.532196e-01	2.898619e-05	
1.693936e+01	4.225609e-05	
9.865407e+00	1.489928e-04	
2.455879e+00	1.200499e-04	
6.484192e+00	5.979223e-05	
4.983760e+00	1.205770e-04	
5.510750e+00	1.004847e-04	
8.334055e+00	4.355018e-04	
5.254834e+00	3.542911e-04	
7.290033e+00	2.853860e-04	
3.562569e+00	1.938299e-04	
5.095467e+00	3.279733e-05	
6.792574e+00	1.149454e-04	
6.274785e+00	7.241367e-05	
9.074752e+00	2.493405e-06	
2.751746e+00	3.322423e-06	
6.301811e-01	4.645168e-05	
2.168527e+00	3.399157e-05	
4.721644e+00	1.399568e-05	
1.104839e+01	8.755194e-06	
7.517851e+00	8.693997e-05	
1.150798e+01	1.220092e-04	
6.705115e+00	3.059174e-05	
1.301371e+00	1.943612e-05	
8.387414e+00	1.950287e-05	
4.954517e+00	4.520478e-05	
8.720995e+00	5.194976e-05	
8.771736e+00	4.570843e-05	
4.468277e+00	3.719046e-05	
1.256131e+01	3.501958e-05	
1.013771e+01	2.817350e-06	
3.555832e+00	3.953896e-06	
7.166062e+00	5.857831e-05	
5.042809e+00	7.121875e-05	
7.545397e+00	5.772276e-05	
9.629759e+00	5.934822e-05	
1.151077e+01	6.562758e-05	
2.204120e+01	3.799978e-05	
1.226472e+01	1.043886e-05	
1.770487e+01	2.957188e-05	
9.034099e+00	1.145032e-04	
6.990193e+00	5.796945e-06	
5.833610e+00	3.286310e-05	
3.907112e+00	1.274757e-04	
8.271215e+00	1.509465e-04	
7.199724e+00	1.471698e-04	
4.156103e+00	4.146873e-04	
3.943678e+00	4.482873e-04	
2.359430e+00	1.398793e-04	
5.931933e+00	4.885783e-05	
1.817224e+00	1.369001e-04	
7.440763e+00	9.396413e-05	
5.552532e+00	4.334069e-05	
8.898991e-01	3.017448e-05	
5.307464e-01	7.484917e-05	
4.508638e+00	5.731563e-05	
6.973724e+00	8.915582e-05	
1.762105e+01	7.894625e-05	
6.111797e+00	6.878900e-05	
1.866827e+00	9.369109e-05	
2.558598e+00	3.126675e-05	
3.986921e+00	2.065019e-05	
6.580781e+00	2.784871e-05	
9.635451e+00	1.243132e-05	
1.372768e+01	2.980585e-06	
1.175555e+01	2.422891e-06	
1.448464e+00	2.041517e-05	
1.314488e+01	4.625571e-06	
7.696886e+00	2.920734e-05	
2.618956e+00	9.378221e-06	
7.194325e+00	2.095365e-05	
4.948808e+00	1.273028e-05	
4.072150e+00	7.227354e-07	
7.745407e+00	2.470033e-05	
4.240108e+00	6.142942e-05	
8.105628e+00	6.363273e-05	
4.331197e+00	9.507060e-05	
6.131384e+00	4.415787e-05	
5.488860e+00	3.107867e-05	
5.062618e+00	6.386100e-06	
2.973999e+00	2.072412e-05	
3.681805e+00	1.505267e-07	
3.896397e+00	1.264207e-05	
6.570492e+00	3.040547e-05	
7.769552e+00	2.502194e-04	
5.521451e+00	2.721045e-04	
1.135749e+01	1.662812e-05	
8.720053e+00	6.059482e-05	
4.004484e+00	4.877384e-05	
5.202134e+00	8.529993e-05	
3.450095e+00	1.929430e-05	
7.549267e+00	5.529655e-06	
1.059051e+00	3.309741e-05	
6.558518e+00	1.188762e-04	
4.693789e+00	6.138347e-05	
5.850731e+00	5.660645e-05	
3.627309e+00	5.866004e-05	
1.058794e+01	9.657571e-05	
1.443847e+00	2.816445e-05	
4.331796e+00	5.280373e-06	
1.155397e+01	8.396455e-06	
4.975907e+00	5.332509e-06	
9.970462e+00	2.421473e-05	
3.133396e+00	1.829486e-05	
6.210901e+00	2.090783e-05	
1.349927e+01	3.313842e-05	
7.583099e+00	1.838956e-05	
4.397924e+00	2.019965e-05	
6.006990e+00	2.846366e-05	
8.675754e+00	3.353732e-05	
7.194214e+00	3.185917e-05	
2.986492e+00	2.687167e-05	
2.560889e+00	5.313858e-05	
9.923455e-01	7.912933e-05	
4.508683e+00	1.120119e-05	
6.650753e+00	4.366651e-05	
6.321855e+00	7.666648e-05	
5.685527e+00	4.286725e-05	
7.411103e+00	7.378264e-05	
4.701908e+00	1.467706e-04	
8.553951e+00	4.561155e-05	
3.695061e+00	9.098515e-05	
6.482303e+00	3.844195e-04	
1.235827e+01	1.861617e-04	
5.723718e+00	1.770908e-05	
7.807093e+00	1.252288e-04	
6.756903e+00	7.948333e-05	
8.527409e+00	2.918379e-06	
9.670308e+00	3.789511e-05	
1.100802e+01	4.340749e-05	
7.712959e+00	9.320839e-05	
7.666504e+00	5.278676e-05	
6.497319e+00	6.588208e-05	
1.872839e+00	3.290542e-05	
2.840882e+00	2.383419e-05	
1.249462e+01	6.599672e-05	
1.009391e+01	1.666513e-05	
7.378854e-01	1.639635e-06	
1.620117e+01	1.691718e-05	
3.421240e+00	4.352092e-05	
1.365141e+01	3.620799e-05	
8.067058e+00	2.695787e-05	
5.200034e+00	6.272442e-06	
9.667935e+00	3.359773e-05	
7.023333e+00	1.757173e-05	
7.180645e-01	1.098504e-05	
1.342050e+01	1.775058e-05	
8.314053e+00	2.742504e-05	
7.915657e+00	1.740489e-05	
5.486302e+00	4.291982e-05	
4.389818e+00	2.790708e-05	
9.312962e+00	5.820328e-05	
4.822181e+00	1.393345e-05	
4.152479e+00	2.809626e-05	
1.436629e+00	3.375890e-05	
5.902539e+00	5.774986e-05	
6.389905e+00	2.784701e-05	
5.465259e+00	1.097370e-05	
1.996957e+00	7.073990e-05	
8.729193e+00	2.051592e-04	
1.038944e+01	7.873358e-06	
1.310677e+01	1.692115e-04	
7.695567e+00	1.023602e-04	
1.115567e+01	1.410290e-04	
4.220404e+00	1.971240e-06	
3.725890e+00	1.536639e-05	
7.097216e+00	8.822066e-06	
4.547305e+00	6.254673e-06	
4.979207e+00	3.722242e-05	
1.052529e+00	1.404430e-06	
8.321151e+00	3.881653e-05	
5.851525e+00	3.141724e-05	
7.033955e+00	1.464650e-05	
9.435532e+00	3.582776e-05	
6.627201e+00	4.201429e-05	
9.435188e+00	3.584268e-05	
7.118996e+00	1.136343e-05	
6.907944e+00	2.104678e-05	
1.254104e+01	3.024310e-05	
6.990509e+00	5.118114e-05	
2.084241e+00	7.022827e-06	
7.470833e+00	1.352747e-05	
7.404487e+00	2.052499e-05	
8.552183e+00	4.512122e-05	
9.853259e+00	2.434667e-05	
1.179456e+01	2.072806e-05	
7.736838e+00	2.036476e-05	
1.742100e+00	2.496386e-05	
1.335941e+01	3.230804e-05	
6.991701e+00	2.778431e-05	
1.007565e+01	1.635819e-05	
4.306696e+00	3.646564e-05	
2.407504e+00	1.354672e-05	
2.286775e+00	1.920607e-05	
3.102264e+00	7.368469e-06	
5.404450e+00	5.644728e-05	
2.902120e+00	1.053945e-05	
6.202099e+00	1.053204e-04	
