1.324243e+01	1.015854e-13	
1.316863e+01	2.059464e-12	
1.201526e+01	6.239453e-14	
1.434938e+01	7.478018e-12	
1.542545e+01	2.213563e-12	
6.603410e+00	2.282063e-12	
8.356929e+00	1.622591e-12	
6.920304e+00	7.638334e-13	
1.140365e+01	8.941736e-13	
1.128251e+01	1.156852e-13	
1.285788e+01	4.383094e-11	
1.185190e+01	1.925571e-12	
1.464992e+01	8.331114e-13	
1.095110e+01	7.649437e-14	
9.614508e+00	7.028822e-13	
5.727266e+00	1.625988e-11	
1.096044e+01	6.704637e-13	
1.111310e+01	1.445666e-11	
8.715870e+00	2.145062e-12	
6.898629e+00	9.172596e-11	
9.456034e+00	3.393064e-12	
1.084361e+01	4.484857e-12	
1.505872e+01	3.823253e-11	
1.559535e+01	2.171707e-12	
1.419153e+01	2.280554e-11	
1.195717e+01	5.435985e-12	
6.889149e+00	5.305978e-12	
1.128404e+01	8.300027e-13	
1.346605e+01	3.334666e-12	
1.026024e+01	1.626144e-12	
1.112754e+01	9.248824e-12	
1.269368e+01	4.348855e-12	
6.920388e+00	1.639244e-12	
8.902878e+00	2.136513e-12	
1.409544e+01	1.243627e-11	
1.214373e+01	1.046718e-12	
1.098805e+01	9.319212e-13	
1.140173e+01	2.304823e-13	
1.117339e+01	8.757439e-13	
9.118512e+00	3.597123e-14	
1.570662e+01	2.641065e-11	
1.316486e+01	1.135718e-12	
6.490318e+00	1.961785e-13	
9.704443e+00	1.946531e-13	
6.905623e+00	5.220293e-15	
1.436580e+01	2.121199e-15	
1.449691e+01	6.136682e-15	
9.388954e+00	4.959104e-15	
8.672594e+00	8.609223e-15	
1.208693e+01	4.222367e-15	
1.102558e+01	2.720888e-15	
1.089224e+01	2.535696e-15	
1.176829e+01	6.824072e-16	
1.255131e+01	8.110983e-16	
1.191235e+01	1.555734e-16	
1.161093e+01	1.804522e-15	
1.424295e+01	4.392763e-16	
9.913733e+00	5.742974e-16	
6.254661e+00	4.251739e-16	
1.132116e+01	5.491769e-15	
1.381157e+01	7.040730e-16	
9.104597e+00	1.133797e-15	
6.597150e+00	1.435743e-15	
1.186406e+01	2.928509e-16	
1.116427e+01	4.661682e-15	
1.092865e+01	1.866880e-15	
8.738513e+00	1.459977e-15	
8.802207e+00	6.824072e-16	
1.075686e+01	1.811211e-15	
8.681687e+00	3.109586e-15	
1.004856e+01	0	
1.239951e+01	1.745113e-15	
1.081172e+01	4.567595e-15	
1.181636e+01	1.496752e-15	
6.643343e+00	1.590899e-15	
1.148351e+01	2.175122e-16	
1.047518e+01	8.022672e-14	
9.558927e+00	7.776259e-14	
1.267011e+01	1.449493e-12	
9.118512e+00	3.265166e-13	
1.239712e+01	1.776357e-13	
6.873160e+00	1.614708e-12	
8.217519e+00	9.324763e-13	
1.600481e+01	7.860379e-13	
1.554373e+01	6.755707e-12	
4.853265e+00	8.005818e-13	
5.176402e+00	5.061507e-13	
4.996534e+00	4.280687e-12	
6.916257e+00	3.607115e-12	
1.058734e+01	1.952882e-13	
9.841558e+00	3.748557e-12	
9.229223e+00	4.016787e-13	
6.730466e+00	3.899325e-12	
1.087841e+01	2.509282e-11	
4.739641e+00	2.039702e-12	
1.237909e+01	4.128031e-12	
1.453296e+01	2.076284e-11	
9.160052e+00	2.426037e-11	
1.109441e+01	1.507483e-11	
1.174501e+01	3.927986e-10	
1.345118e+01	7.667422e-12	
9.030803e+00	9.997780e-12	
1.310838e+01	2.298828e-12	
1.407807e+01	3.205214e-13	
5.952240e+00	2.732037e-12	
5.080053e+00	1.015830e-10	
5.123658e+00	8.091205e-11	
9.000282e+00	1.696570e-10	
1.329250e+01	1.888423e-11	
1.197349e+01	6.641021e-12	
6.819210e+00	7.481238e-11	
9.890058e+00	4.122513e-11	
1.391429e+01	5.812384e-11	
1.180623e+01	8.511192e-12	
1.309022e+01	1.937428e-11	
9.780785e+00	1.729772e-11	
9.755361e+00	1.102407e-11	
1.121659e+01	3.370504e-11	
1.246523e+01	8.864021e-13	
1.107692e+01	1.092793e-12	
1.178431e+01	4.265477e-13	
1.086048e+01	3.130829e-14	
1.290654e+01	6.761258e-13	
6.801521e+00	5.475620e-13	
8.817078e+00	3.821166e-12	
1.052833e+01	2.946532e-13	
6.843251e+00	4.558087e-11	
1.094989e+01	8.364420e-13	
1.018645e+01	1.187428e-11	
1.029762e+01	7.836842e-12	
1.403797e+01	6.184830e-12	
1.206915e+01	1.842970e-13	
6.799576e+00	1.867246e-10	
9.430579e+00	1.848122e-11	
1.246026e+01	4.332312e-12	
1.051933e+01	8.890111e-12	
1.189713e+01	4.684853e-11	
1.382941e+01	1.660005e-12	
1.263913e+01	7.424117e-11	
1.094866e+01	4.229794e-11	
1.135261e+01	9.004708e-11	
9.507214e+00	9.809487e-12	
9.581294e+00	7.473133e-12	
1.354514e+01	5.783152e-12	
1.177707e+01	2.637135e-11	
9.095961e+00	4.525935e-12	
1.020597e+01	1.834689e-10	
1.001041e+01	1.784350e-11	
6.263258e+00	8.185985e-11	
8.997894e+00	3.218803e-11	
5.317640e+00	3.807155e-11	
1.298664e+01	8.995027e-13	
1.490972e+01	4.206746e-12	
1.198342e+01	3.348211e-12	
1.065655e+01	5.662137e-13	
1.197964e+01	3.399281e-12	
6.826425e+00	2.819585e-05	
7.309662e+00	1.439265e-05	
7.866453e+00	8.579413e-06	
1.067500e+00	1.577768e-05	
1.459029e+01	8.649127e-05	
7.105687e+00	1.708233e-04	
4.231214e+00	7.954036e-05	
4.515903e+00	7.719165e-05	
5.861762e+00	1.570459e-04	
8.204060e+00	4.612256e-05	
7.011244e+00	1.191465e-04	
6.604909e+00	2.304470e-05	
4.411342e+00	8.665479e-05	
1.117248e+01	6.387718e-05	
1.120928e+01	1.101164e-04	
4.442089e+00	3.711177e-05	
1.012058e+01	2.712253e-05	
6.208267e+00	2.265768e-04	
2.189206e+00	1.127800e-04	
7.873738e+00	3.410406e-04	
9.269400e+00	2.469438e-04	
6.485755e+00	2.499135e-04	
7.987679e+00	2.142533e-04	
6.960420e+00	1.972000e-04	
8.312866e+00	2.723779e-04	
5.246555e+00	6.241220e-05	
6.351811e+00	1.918001e-04	
3.800702e+00	1.302663e-04	
8.200798e+00	4.637775e-05	
9.887466e+00	1.341900e-04	
2.889997e+00	1.824858e-04	
4.066496e+00	1.271594e-04	
1.332923e+01	1.546495e-04	
3.566900e+00	5.046281e-05	
5.658521e+00	9.229725e-05	
5.387236e+00	1.444332e-05	
6.260838e+00	1.003030e-05	
5.600329e+00	2.903114e-05	
1.019870e+01	2.860418e-05	
8.328142e+00	1.402615e-05	
9.961217e+00	8.857527e-05	
4.065461e+00	2.964955e-05	
9.520372e+00	1.078991e-04	
8.106914e+00	1.285571e-04	
3.615539e+00	1.282990e-04	
4.057411e+00	1.048187e-04	
7.005953e+00	1.871499e-04	
6.773085e+00	5.407739e-05	
4.282421e+00	2.309887e-05	
6.499826e+00	1.407782e-04	
3.184857e+00	9.428882e-05	
4.687653e+00	8.179670e-05	
7.947753e+00	2.746928e-04	
1.003011e+01	3.660079e-05	
1.128351e+01	1.141641e-04	
7.064184e+00	2.052518e-04	
5.781014e+00	7.515025e-05	
6.362901e+00	4.747233e-05	
1.120842e+01	1.887151e-05	
7.051135e+00	1.340114e-04	
3.870288e+00	7.230884e-05	
1.108821e+01	1.778216e-05	
7.786640e+00	7.079830e-05	
3.871870e+00	5.826013e-05	
7.581977e+00	5.251950e-05	
8.795845e+00	8.777073e-05	
1.095733e+01	1.140161e-04	
8.802783e+00	1.322713e-04	
1.043076e+01	1.429581e-04	
3.252413e+00	2.603120e-04	
6.042430e+00	7.184573e-05	
6.230591e+00	5.127582e-05	
5.840011e+00	5.948585e-05	
5.611473e+00	2.752414e-05	
3.259817e+00	2.286232e-05	
6.982861e+00	2.945284e-05	
1.611869e+01	1.085711e-04	
6.382082e+00	5.761124e-05	
7.925348e+00	9.817621e-05	
1.494876e+01	6.596310e-05	
5.038437e+00	4.064065e-05	
7.351031e+00	3.394980e-05	
8.592724e+00	4.405814e-05	
9.329485e+00	6.955446e-05	
8.203563e+00	1.199599e-05	
5.332316e+00	1.035496e-04	
8.394521e+00	4.380813e-05	
9.720253e+00	9.571774e-05	
4.989220e+00	1.315647e-04	
1.590529e+01	1.573560e-04	
6.657582e+00	2.006901e-04	
1.357282e+01	1.777449e-04	
1.457060e+01	1.394747e-05	
6.391116e+00	2.022317e-05	
6.575577e+00	4.962388e-05	
1.333780e+01	1.429850e-04	
4.381189e+00	8.676535e-05	
2.177286e+00	1.598587e-05	
1.047372e+01	6.077039e-05	
5.314748e+00	8.587124e-05	
1.088148e+01	7.927112e-05	
9.604014e+00	8.707581e-05	
3.129360e+00	4.459381e-05	
9.325128e+00	1.088692e-04	
3.730194e+00	1.990869e-04	
9.051772e-01	9.823293e-05	
1.061926e+01	9.651614e-05	
5.145320e+00	1.520000e-04	
8.703040e+00	4.838982e-05	
1.212707e+01	4.642862e-05	
7.659030e+00	5.705480e-05	
1.087243e+01	5.694593e-05	
8.787572e+00	6.856424e-05	
6.045640e-01	4.075929e-05	
6.584172e+00	9.357625e-05	
3.961030e+00	6.827713e-05	
1.555658e+00	3.211694e-05	
4.855148e+00	9.773837e-05	
7.626956e+00	5.525559e-05	
8.253048e+00	1.104043e-04	
5.116539e+00	8.405252e-05	
5.356326e+00	5.762726e-05	
5.148445e+00	3.493417e-05	
5.344738e+00	3.897036e-05	
1.524532e+01	4.231221e-05	
4.427027e+00	9.368506e-05	
9.787722e+00	6.262424e-05	
1.460189e+01	3.834829e-05	
7.621615e+00	4.013405e-05	
9.378223e+00	5.106549e-05	
7.779417e+00	2.433995e-05	
6.160171e+00	2.506902e-05	
5.128202e+00	4.735149e-05	
3.473736e+00	1.150627e-04	
6.698262e+00	1.073227e-04	
1.849165e+01	1.002913e-04	
5.213774e+00	8.919715e-05	
1.141472e+01	8.347632e-05	
3.595825e+00	5.009488e-05	
5.376812e+00	2.966024e-05	
6.684058e+00	1.037435e-06	
6.700060e+00	3.641283e-05	
8.019963e+00	4.507784e-05	
2.449802e+00	6.811069e-05	
7.523516e+00	3.539376e-06	
7.207384e+00	1.286592e-05	
1.073462e+01	3.563345e-05	
1.009335e+01	2.723647e-05	
6.066863e+00	6.361575e-05	
4.687720e+00	6.226437e-05	
8.838535e+00	6.496557e-05	
7.788528e+00	6.880311e-06	
5.482228e+00	4.762274e-05	
9.114823e+00	1.078327e-04	
8.758666e+00	7.064998e-05	
6.857501e+00	2.650909e-05	
8.344838e+00	3.489219e-05	
8.614623e+00	1.027723e-04	
1.006837e+01	1.149944e-05	
1.586779e+00	4.411213e-05	
1.108432e+01	1.961464e-06	
4.688752e+00	5.759849e-05	
8.068337e+00	4.855686e-05	
6.160569e+00	1.261974e-06	
7.705600e+00	8.978735e-05	
1.284820e+01	5.038013e-05	
7.034875e+00	1.691341e-05	
6.251327e+00	3.783418e-05	
3.893396e+00	1.111065e-04	
3.941136e+00	3.212841e-05	
4.481071e+00	1.120670e-04	
1.070308e+01	1.379777e-04	
1.457710e+01	6.471950e-05	
7.785690e+00	1.247898e-04	
8.977229e+00	2.659424e-05	
2.789643e+00	1.540866e-05	
3.211506e+00	2.607678e-05	
3.794877e+00	3.956572e-05	
2.253348e+00	7.254728e-05	
7.905149e+00	5.922275e-05	
1.974146e+00	3.180308e-05	
6.731137e+00	8.964747e-05	
7.039282e+00	7.001476e-05	
4.976937e-01	2.324805e-05	
1.042182e+01	1.066919e-04	
4.147199e+00	1.347051e-05	
6.076529e+00	4.051436e-05	
3.177347e+00	2.245240e-05	
1.073315e+01	6.723018e-05	
8.773093e+00	4.320896e-05	
2.588932e+00	4.225369e-05	
1.972683e+00	3.320526e-05	
1.003134e+01	1.147446e-04	
4.125718e+00	6.267680e-05	
2.926040e+00	6.477126e-06	
1.345109e+01	6.041590e-05	
2.262499e+00	3.742429e-05	
5.486934e+00	4.303218e-05	
1.060108e+01	3.454070e-05	
6.398644e+00	6.518185e-05	
8.715095e+00	9.530265e-05	
3.899578e+00	2.899859e-05	
1.168125e+01	3.141595e-05	
1.125481e+01	2.169130e-05	
8.062174e+00	2.413183e-06	
3.977431e+00	5.904457e-05	
9.332149e+00	6.873092e-05	
8.479179e+00	6.467071e-05	
6.274979e+00	7.461173e-05	
1.116814e+01	4.375101e-05	
7.556741e+00	1.428321e-04	
3.883372e+00	1.164395e-04	
3.728151e+00	7.840464e-05	
2.841557e+00	5.221995e-05	
1.184569e+00	2.190274e-05	
2.802765e+00	8.229020e-05	
1.953803e+00	1.067192e-04	
4.199719e+00	2.468020e-05	
2.815512e+00	2.048393e-05	
6.676603e+00	8.125109e-05	
9.260575e+00	7.326023e-05	
9.607524e+00	1.152773e-04	
2.496767e+00	8.842133e-05	
3.862364e+00	6.209287e-05	
2.181447e+00	5.582012e-05	
5.844078e+00	5.523456e-05	
5.513106e+00	3.885281e-05	
6.676363e+00	9.514323e-06	
7.280348e+00	7.668144e-06	
7.581373e+00	1.388537e-05	
1.474299e+01	1.166936e-04	
1.077949e+01	9.278899e-05	
2.013127e+00	1.056370e-04	
5.939533e+00	5.957054e-05	
9.145753e-01	1.035355e-04	
6.543966e+00	7.830170e-06	
4.773715e+00	3.428898e-05	
1.177295e+00	1.203992e-05	
6.811546e+00	4.794906e-05	
8.916876e+00	2.412713e-05	
7.223886e+00	1.144759e-05	
3.539587e+00	6.644331e-06	
1.045714e+01	2.634445e-05	
4.950188e+00	5.459406e-06	
6.461827e+00	4.425646e-05	
7.387098e+00	5.512467e-05	
1.144860e+00	1.406825e-05	
8.533463e+00	4.273731e-05	
7.204969e+00	2.832891e-05	
5.614390e+00	5.408369e-05	
9.079961e+00	3.049084e-05	
4.144128e+00	4.487797e-05	
3.235492e+00	2.032329e-05	
6.828059e+00	6.943899e-05	
9.471366e+00	3.195561e-05	
9.082216e+00	3.743794e-05	
1.176899e+01	3.077096e-05	
3.486006e+00	5.193351e-05	
8.059709e+00	1.241731e-04	
1.200056e+01	3.394378e-05	
1.308982e+01	3.700221e-05	
6.617242e+00	5.723742e-05	
5.194089e+00	9.252797e-05	
4.636084e+00	1.042704e-04	
1.407560e+01	2.129755e-05	
4.742196e+00	6.966277e-05	
6.065244e+00	1.580371e-04	
7.053006e+00	1.726633e-04	
8.974338e+00	1.721062e-04	
8.421344e+00	6.200884e-05	
5.864928e+00	1.064791e-04	
5.212926e+00	6.980844e-05	
7.199657e+00	6.145638e-05	
7.256951e+00	4.393149e-05	
8.829207e+00	7.273853e-05	
8.237805e+00	3.488996e-06	
5.893843e+00	2.754394e-07	
5.612165e+00	4.385860e-05	
8.582267e+00	1.246387e-06	
3.633791e+00	3.261350e-05	
7.809430e+00	4.152495e-05	
3.029655e+00	5.704881e-05	
5.357814e+00	1.454699e-05	
6.545073e+00	1.057407e-05	
4.506979e+00	6.428058e-05	
6.130015e+00	3.487479e-05	
8.064332e+00	5.557415e-05	
5.422026e+00	1.986198e-05	
1.057315e+01	6.858630e-05	
1.109533e+01	4.641581e-05	
5.564606e+00	8.164641e-05	
6.421716e+00	4.586332e-05	
1.015901e+01	7.033931e-05	
9.111463e+00	1.085874e-05	
1.338464e+01	1.115990e-04	
1.250409e+01	7.666362e-05	
1.814077e+00	5.114845e-05	
1.196974e+01	1.756236e-05	
1.183749e+01	3.032607e-05	
6.343217e+00	2.605118e-05	
3.306535e+00	1.823507e-05	
3.473184e+00	3.288865e-05	
9.813503e+00	4.653304e-05	
5.125949e+00	6.822078e-05	
6.829203e+00	1.040253e-04	
8.207494e+00	1.444219e-04	
4.619655e+00	2.139222e-04	
4.837409e+00	3.340932e-05	
6.353642e+00	6.763288e-05	
7.417731e+00	1.004030e-04	
7.984999e+00	7.607602e-05	
8.509108e+00	3.643109e-05	
6.163411e+00	8.472633e-05	
7.080256e+00	9.397953e-05	
1.039174e+01	4.100370e-05	
4.460123e+00	5.952088e-06	
9.284393e+00	9.236204e-07	
1.113356e+01	7.328073e-06	
5.400753e+00	2.467247e-05	
1.028542e+01	5.523041e-05	
4.791618e+00	4.186547e-05	
3.101609e+00	3.861317e-05	
1.635760e+00	3.890255e-05	
4.487640e+00	2.751800e-05	
1.829469e+00	2.157643e-05	
4.793638e+00	7.289349e-05	
1.057039e+01	5.416556e-05	
7.110431e+00	9.384438e-05	
8.380180e+00	7.976272e-05	
5.883486e+00	6.422737e-05	
7.988065e+00	1.406624e-04	
7.379040e+00	1.138895e-04	
3.789651e+00	8.975828e-05	
1.011311e+01	7.943652e-05	
2.705212e+00	4.733233e-05	
1.056132e+01	8.578154e-05	
1.113519e+01	3.175057e-05	
4.173887e+00	2.162862e-05	
4.903233e+00	3.486508e-05	
5.645832e+00	3.001417e-05	
1.128427e+00	7.334365e-05	
5.990848e+00	2.117434e-05	
8.518884e+00	9.773325e-05	
1.022926e+01	1.880249e-04	
2.614230e+00	1.749218e-04	
1.426369e+00	1.493341e-04	
3.801827e+00	1.016203e-04	
5.070189e+00	1.087413e-04	
8.943923e+00	1.457560e-04	
1.518046e+01	1.391517e-04	
3.188226e+00	1.254796e-04	
1.258679e+01	8.339841e-05	
7.950706e+00	6.960720e-05	
4.236090e-01	6.308201e-05	
1.173014e+01	1.354713e-05	
1.615471e-01	7.730751e-05	
4.794995e+00	1.712121e-05	
3.446446e+00	2.134286e-05	
2.882995e+00	5.191605e-09	
4.008121e+00	1.212846e-05	
1.500003e+00	2.715419e-05	
1.126910e+01	2.688030e-05	
1.136770e+01	8.548572e-07	
2.032954e+00	1.343431e-05	
1.702235e+01	1.029994e-04	
8.838310e+00	7.850767e-05	
4.227680e+00	9.936709e-05	
1.763603e+00	3.271805e-05	
8.107321e+00	1.328927e-04	
1.348513e+00	1.601911e-04	
1.179812e+01	6.965122e-05	
1.045055e+01	8.463399e-05	
2.802328e+00	1.029326e-04	
8.762283e+00	5.916204e-05	
9.191158e+00	5.425214e-05	
3.051305e+00	2.695123e-05	
5.705860e+00	7.667447e-05	
1.484594e+00	4.150673e-05	
4.089511e+00	3.722974e-05	
7.428174e+00	1.539771e-04	
6.090801e+00	2.255602e-04	
1.201467e+01	2.160858e-04	
8.106816e+00	2.540545e-04	
5.236306e+00	1.606613e-04	
4.098884e+00	1.217777e-04	
1.666004e+00	1.262378e-04	
1.098145e+00	1.146014e-04	
3.238364e+00	6.702298e-05	
2.914104e+00	1.207089e-04	
1.220897e+01	8.130102e-05	
9.051728e+00	5.771181e-05	
6.591940e+00	1.772859e-05	
2.335670e+00	8.870128e-06	
5.513706e+00	4.824897e-05	
3.274886e+00	2.714071e-05	
1.859474e+00	1.507566e-05	
7.494230e+00	1.722242e-05	
1.515934e+01	3.921699e-05	
4.569181e+00	2.439371e-05	
8.683382e+00	4.373295e-05	
1.125269e+01	6.222254e-05	
5.769457e+00	6.240288e-05	
1.005677e+00	6.958654e-05	
1.279767e+00	5.030111e-05	
4.545913e+00	4.776743e-05	
2.176686e+00	1.083557e-04	
7.900917e+00	1.078806e-04	
7.811255e+00	1.049694e-04	
2.926335e+00	2.798975e-05	
6.142173e+00	1.161093e-04	
5.319574e+00	1.462100e-04	
5.728242e+00	8.227536e-05	
7.511315e+00	4.023990e-05	
1.971768e+00	1.047669e-04	
2.091648e+00	8.302927e-05	
2.787826e+00	2.487106e-05	
3.633274e+00	8.593530e-05	
2.917904e+00	4.053342e-05	
1.063119e+01	3.052211e-04	
4.650796e+00	2.438785e-04	
9.452366e+00	2.396198e-04	
1.476069e+00	1.324229e-04	
7.420631e+00	7.499576e-05	
5.438548e+00	1.542895e-04	
9.222772e+00	1.184422e-04	
3.972584e+00	1.176730e-04	
2.794811e+00	1.289803e-04	
1.786284e+00	7.745201e-05	
5.570852e+00	3.762332e-05	
1.192738e+01	2.814713e-05	
1.523391e+01	2.955378e-05	
8.216553e+00	7.084383e-05	
1.336344e+01	3.973382e-05	
1.133466e+01	6.853129e-05	
3.066729e+00	3.513756e-05	
1.261368e+01	7.139158e-06	
3.404859e+00	3.511803e-05	
4.350547e+00	1.561512e-05	
9.520711e+00	6.970091e-05	
3.243628e+00	7.325756e-05	
1.438690e+01	6.183710e-05	
4.888842e+00	1.014713e-04	
6.785337e-01	8.422048e-05	
6.593220e+00	5.909481e-05	
4.834433e+00	5.861364e-05	
8.270407e+00	7.476506e-05	
1.189040e+01	8.429177e-05	
9.496387e+00	7.649944e-05	
1.494723e+01	6.889663e-05	
6.612143e+00	1.408723e-04	
7.718023e+00	8.739185e-05	
5.111506e+00	7.567304e-05	
1.030382e+01	6.309775e-05	
8.468931e-01	7.098291e-06	
4.994424e+00	6.002328e-05	
3.972601e+00	1.242449e-05	
8.312850e-01	1.435742e-04	
2.902519e+00	2.106895e-04	
5.041242e+00	1.720563e-04	
4.805877e+00	1.729431e-04	
4.247443e+00	1.596157e-04	
1.632054e+01	1.368782e-04	
1.000412e+01	1.636349e-04	
1.884196e+00	1.653320e-04	
5.567146e+00	1.311501e-04	
2.181089e+00	1.186505e-04	
1.891350e+00	7.015345e-05	
9.516201e+00	7.489252e-05	
9.129673e+00	4.077620e-05	
8.651279e+00	7.857565e-06	
6.556427e+00	3.262056e-05	
8.940660e+00	2.984240e-05	
6.495196e+00	2.007896e-05	
2.134764e+00	1.154967e-05	
1.361662e+00	2.768676e-05	
5.493427e+00	1.274931e-05	
4.146435e+00	9.483606e-06	
6.541115e+00	2.552827e-05	
1.036470e+01	1.620240e-05	
6.384948e+00	7.139982e-05	
6.563482e+00	1.065214e-04	
5.573567e+00	8.120355e-05	
7.876416e-01	8.358838e-05	
6.331080e+00	9.374180e-05	
1.089064e+01	1.240188e-04	
3.414467e+00	6.720084e-05	
1.097510e+01	1.548844e-04	
5.117812e+00	1.010367e-04	
5.475916e+00	1.080528e-04	
3.126272e+00	7.927369e-05	
3.503098e+00	4.385117e-05	
7.301962e+00	4.275493e-05	
4.306343e+00	7.141423e-05	
5.835632e+00	1.022639e-04	
4.875767e+00	2.450314e-04	
3.837884e+00	1.522625e-04	
2.927985e+00	9.127118e-05	
7.965795e+00	1.360000e-04	
9.151057e+00	1.557112e-04	
2.717758e+00	1.319042e-04	
9.081018e+00	7.882006e-05	
1.083303e+01	1.519291e-04	
8.531786e+00	8.613315e-05	
8.975533e+00	1.057674e-04	
9.322685e+00	7.305171e-05	
9.080929e-01	7.855813e-05	
3.453485e+00	1.630398e-05	
2.390165e+00	3.225293e-05	
1.043176e+01	3.133361e-05	
7.465389e+00	5.053108e-05	
6.675618e+00	8.706384e-06	
1.382177e+01	1.275582e-06	
4.685116e+00	2.242299e-05	
3.311103e+00	3.364803e-05	
2.097366e+00	2.879033e-06	
1.176271e+01	2.618465e-05	
6.116192e+00	3.729184e-06	
5.876839e+00	4.565677e-05	
9.652552e+00	4.363983e-05	
1.076918e+01	2.417291e-05	
4.973116e+00	8.048354e-05	
2.864797e+00	1.081911e-04	
5.744147e+00	6.717795e-05	
5.048660e+00	5.734340e-05	
6.479708e+00	1.123225e-04	
5.261545e+00	1.155920e-04	
7.235258e+00	1.026931e-04	
1.107072e+01	1.043269e-04	
9.852345e+00	1.190858e-05	
7.594608e+00	2.341322e-05	
5.686779e+00	7.398710e-05	
1.354321e+00	2.650269e-04	
3.635005e+00	3.370563e-04	
7.820255e+00	2.036763e-04	
6.091414e+00	1.931256e-04	
6.787442e+00	1.710692e-04	
1.316012e+01	9.989743e-05	
1.063703e+01	2.229932e-04	
2.267447e+00	2.518402e-04	
7.526769e+00	1.809906e-04	
5.844437e+00	1.109517e-04	
7.340292e+00	1.269002e-04	
1.055135e+01	5.074208e-05	
5.178687e+00	5.954430e-05	
7.891411e+00	3.104995e-05	
5.088431e+00	1.028787e-05	
6.635390e+00	3.766253e-05	
4.757305e+00	2.002362e-06	
6.525571e+00	1.195802e-05	
9.766587e+00	5.410022e-05	
8.625783e-01	2.893710e-05	
4.358440e+00	8.192692e-06	
6.053731e+00	8.602294e-06	
6.833837e+00	2.340642e-06	
1.120308e+01	1.654452e-05	
9.292631e+00	2.173018e-05	
6.597877e+00	3.820620e-05	
1.386322e+01	1.831216e-05	
2.532868e+00	4.259243e-05	
3.722406e+00	5.952882e-05	
1.049800e+01	1.005509e-04	
1.033380e+01	9.074753e-05	
5.348069e+00	7.546867e-05	
6.538979e+00	6.866661e-05	
1.009451e+01	9.991784e-06	
1.121508e+01	2.093299e-05	
1.005335e+01	9.306856e-05	
4.218580e+00	6.995893e-05	
6.159321e+00	1.616475e-04	
5.704093e+00	1.043840e-04	
4.238980e+00	2.583359e-04	
5.092457e+00	1.778864e-04	
9.250033e-01	1.835659e-04	
4.025799e+00	1.457431e-04	
2.203267e+00	1.206379e-04	
5.286664e+00	1.347241e-04	
3.486346e+00	2.299569e-04	
7.889772e+00	1.637054e-04	
9.615168e+00	1.060568e-04	
6.015834e+00	1.267641e-04	
2.368050e+00	2.529029e-05	
7.831175e+00	5.642375e-05	
8.984404e+00	3.053764e-05	
4.028021e+00	2.320151e-05	
4.018127e+00	3.398009e-05	
5.175951e+00	2.256086e-05	
4.480214e+00	1.665497e-05	
1.314613e+01	1.993227e-05	
4.447650e+00	3.525694e-05	
8.781278e+00	1.975114e-06	
7.842064e+00	1.624752e-05	
1.011925e+01	2.134246e-05	
3.149868e+00	3.978103e-05	
1.124935e+01	5.335703e-05	
5.946445e+00	7.200990e-05	
5.707428e+00	8.738934e-05	
1.130399e+01	2.443199e-05	
6.366097e+00	7.533921e-05	
7.809617e+00	5.015879e-05	
8.850489e+00	8.285453e-06	
4.372267e+00	8.091743e-05	
5.323516e+00	7.688214e-05	
4.849807e+00	7.562065e-05	
6.339979e+00	5.529838e-05	
1.130918e+01	1.058852e-04	
1.322777e+01	7.068568e-05	
1.263364e+01	2.124696e-04	
3.923916e+00	2.340250e-04	
4.746001e+00	2.951589e-04	
3.309978e+00	1.658550e-04	
6.393605e+00	1.831406e-04	
7.313189e+00	1.333652e-04	
9.650614e+00	1.182201e-04	
3.590521e+00	1.717611e-04	
5.004821e+00	1.320265e-04	
4.379039e+00	1.247926e-04	
5.435540e+00	9.673570e-05	
1.767933e+00	6.960627e-05	
2.015188e+00	4.800495e-05	
2.593851e+00	5.745846e-05	
2.343926e+00	2.207162e-05	
1.071681e+01	3.000437e-05	
7.467840e+00	1.684579e-05	
2.578445e+00	2.870893e-05	
4.272138e+00	2.536545e-05	
8.166603e+00	2.261550e-05	
5.618535e+00	5.683495e-05	
1.242589e+01	1.339956e-05	
9.333429e+00	1.471057e-05	
6.301153e+00	3.517521e-05	
5.327012e+00	1.571775e-05	
4.027634e+00	2.860356e-05	
9.797106e+00	4.344882e-05	
7.121092e+00	1.533750e-05	
6.425679e+00	5.338015e-05	
7.874097e+00	2.639252e-05	
4.786011e+00	6.026999e-05	
4.282389e+00	5.152325e-06	
5.365156e+00	5.608364e-06	
6.253535e+00	2.391222e-05	
3.003893e+00	5.729942e-06	
6.332338e+00	2.213841e-05	
5.626460e+00	3.938448e-05	
1.322696e+01	1.796040e-05	
1.237608e+01	1.389399e-04	
6.966025e+00	2.377186e-04	
3.072546e-01	1.726090e-04	
4.891566e+00	2.830894e-04	
8.207327e+00	3.030597e-04	
8.281621e+00	1.560217e-04	
3.319592e+00	1.882152e-04	
1.681270e+00	1.366240e-04	
5.247735e+00	1.216829e-04	
1.243528e+01	1.384835e-04	
4.353728e+00	1.181791e-04	
2.388754e+00	9.060104e-05	
3.230052e+00	6.588808e-05	
5.378251e+00	4.575213e-05	
4.747267e+00	2.615647e-06	
8.384660e-01	3.968777e-06	
3.919769e+00	5.681200e-05	
4.435956e+00	5.699312e-05	
4.728416e+00	4.894710e-05	
2.636198e+00	4.985603e-05	
8.783248e+00	4.676924e-05	
8.603586e+00	1.266545e-05	
4.833565e+00	2.649070e-05	
4.541063e+00	3.088496e-05	
4.403755e+00	3.339849e-06	
2.960054e+00	4.354472e-05	
9.979051e-01	2.587334e-05	
4.617242e+00	3.440671e-05	
8.142662e+00	2.934231e-05	
4.546772e+00	2.989654e-05	
3.820640e+00	5.025366e-05	
6.419509e+00	1.870717e-05	
4.320750e+00	9.258490e-06	
2.148378e+00	1.241252e-05	
2.772154e+00	1.175210e-04	
1.027964e+01	9.429915e-05	
3.198279e+00	1.982208e-05	
8.780507e+00	2.270886e-05	
7.152824e+00	3.032986e-04	
7.278109e+00	2.936688e-04	
3.401058e+00	3.357208e-04	
6.263110e+00	2.919928e-04	
1.023983e+01	3.734656e-04	
1.853197e+00	1.350894e-04	
4.936740e+00	1.313473e-04	
9.340651e-01	1.306708e-04	
6.661649e+00	1.127131e-04	
2.357449e+00	6.950364e-05	
2.946198e+00	1.518203e-04	
8.330878e+00	7.990368e-05	
5.026452e+00	6.227114e-05	
6.017699e+00	6.844589e-05	
9.670388e+00	1.062347e-05	
3.569986e+00	4.511368e-05	
3.276528e+00	2.557629e-05	
2.742566e+00	7.228766e-05	
1.602562e+00	6.079401e-05	
7.090489e+00	8.735749e-05	
7.372414e+00	2.341399e-06	
7.356407e+00	5.264737e-05	
4.486328e+00	4.910243e-05	
5.852418e+00	4.495735e-05	
7.697251e+00	6.161546e-06	
3.316970e+00	2.445506e-05	
3.935474e+00	4.298482e-05	
7.552468e+00	1.613611e-05	
4.433332e+00	5.239134e-05	
8.910588e+00	4.483376e-05	
6.215073e+00	2.535725e-05	
7.470946e+00	7.850400e-05	
7.142584e+00	4.126492e-05	
6.919562e+00	7.427642e-05	
5.668658e+00	7.763194e-05	
3.943440e+00	9.164030e-05	
2.816207e+00	1.950786e-05	
5.243419e+00	1.515377e-05	
5.651180e+00	4.703962e-05	
6.149612e+00	1.773332e-04	
1.072472e+00	2.646170e-04	
2.132570e+00	2.598556e-04	
1.156452e+01	1.130469e-04	
9.861440e+00	1.787973e-04	
5.138285e+00	2.176378e-04	
5.360996e+00	9.046622e-05	
4.701744e+00	9.132322e-05	
4.025787e+00	5.837851e-05	
5.260854e+00	9.455984e-05	
9.313359e+00	1.114653e-04	
1.562847e+00	7.857593e-05	
1.038999e+01	5.382518e-05	
5.355199e+00	4.297556e-05	
5.566026e+00	2.811889e-05	
4.014609e+00	3.341006e-05	
3.340467e+00	4.709265e-05	
7.267406e+00	1.127578e-04	
9.532700e+00	1.172021e-04	
8.017716e+00	2.831293e-05	
3.448849e+00	1.472334e-05	
5.695802e+00	4.663556e-05	
8.524378e-01	1.579891e-05	
5.340288e+00	2.851244e-05	
3.888120e+00	1.580069e-05	
1.150606e+01	1.136696e-05	
1.334213e+01	3.292877e-05	
2.372465e+00	3.751404e-05	
1.268292e+01	4.527688e-05	
1.273503e+01	4.095177e-05	
7.011413e+00	5.479254e-05	
8.534677e+00	3.747521e-05	
8.394691e+00	1.682148e-05	
1.028598e+01	6.068365e-05	
1.439001e+01	1.813510e-05	
2.070322e+00	2.472059e-05	
1.158608e+01	1.607895e-05	
4.766355e+00	1.481957e-04	
3.762412e+00	7.544863e-05	
5.937052e+00	3.553543e-04	
6.786925e+00	2.367120e-04	
5.103564e+00	1.150152e-04	
1.534344e+00	6.141790e-05	
1.412312e+01	1.576022e-04	
7.348555e+00	1.106389e-04	
6.977547e+00	1.206558e-04	
9.506544e+00	6.307151e-05	
3.478859e+00	1.432715e-04	
1.993124e+00	8.729255e-05	
5.085761e+00	5.643978e-05	
6.304923e+00	6.096148e-05	
1.744010e+01	4.688352e-05	
1.040120e+01	2.267148e-05	
7.652942e+00	3.167142e-05	
8.405042e+00	2.963213e-05	
1.172606e+01	3.863600e-05	
7.239832e+00	3.216338e-05	
3.233219e+00	1.089449e-05	
7.103056e+00	4.124497e-05	
7.355812e+00	5.378805e-05	
7.071238e+00	1.163797e-05	
4.841622e+00	8.057228e-06	
9.429709e+00	1.134863e-05	
1.253481e+01	3.632248e-07	
8.034121e+00	8.700079e-06	
6.222002e+00	7.343078e-07	
8.330833e+00	7.320393e-05	
1.290610e+01	3.269409e-05	
1.047795e+01	4.708189e-05	
3.217038e+00	7.265852e-05	
9.927528e+00	1.091580e-05	
4.429126e+00	2.530288e-05	
5.910908e+00	7.460426e-05	
2.732826e+00	7.018323e-05	
1.301000e+01	1.565604e-05	
7.901293e+00	7.803250e-05	
8.114940e+00	4.774642e-05	
5.486682e+00	1.884156e-04	
1.145020e+01	1.241067e-04	
7.443903e+00	1.764676e-04	
6.110229e-01	1.696847e-04	
1.003790e+01	1.388349e-04	
6.528737e+00	2.522428e-04	
7.158186e+00	1.599723e-04	
1.393242e+00	9.318702e-05	
8.258973e+00	1.028894e-04	
3.838235e+00	9.713107e-05	
7.505449e+00	6.835301e-05	
9.464919e+00	6.071785e-05	
5.633867e+00	1.017620e-04	
9.899648e+00	9.347222e-05	
5.570818e+00	9.741455e-05	
8.307688e+00	6.960278e-05	
7.493209e+00	6.959274e-05	
1.207711e+01	3.550263e-05	
2.172344e+00	4.075707e-05	
5.171113e+00	5.361613e-05	
1.408339e+00	3.970245e-05	
6.575174e+00	5.722636e-06	
4.410946e+00	2.740044e-05	
3.443912e+00	3.316916e-05	
3.607962e+00	3.200349e-05	
1.036691e+01	3.593196e-05	
7.431706e+00	8.770812e-06	
7.239224e+00	1.581749e-05	
1.095465e+01	1.242609e-05	
8.412915e+00	4.154962e-05	
1.175682e+01	4.236039e-05	
7.819927e+00	7.912882e-05	
7.694033e+00	8.793406e-06	
1.039040e+00	7.590109e-05	
6.519269e+00	1.291844e-04	
8.530802e+00	1.483334e-06	
4.314722e+00	6.367273e-05	
6.372955e+00	2.240926e-04	
6.552260e+00	3.877549e-04	
3.795704e+00	2.747545e-04	
1.591447e+01	2.225360e-04	
5.410328e+00	3.101403e-04	
7.264121e+00	1.471841e-04	
1.400176e+01	1.802825e-04	
7.855166e+00	1.561281e-04	
3.739101e+00	1.025909e-04	
8.455673e+00	1.779278e-04	
4.234734e+00	1.145865e-04	
5.780522e+00	1.338163e-04	
8.469680e+00	1.517023e-04	
3.571426e-01	8.393086e-05	
2.236716e+00	3.706576e-05	
3.753906e+00	5.797246e-05	
7.722093e+00	6.501281e-05	
7.170769e+00	4.051887e-05	
9.453277e+00	3.985188e-05	
8.634340e+00	4.293429e-05	
1.050405e+01	3.450233e-05	
1.408078e+00	1.027339e-05	
6.138221e+00	7.634929e-06	
8.052384e+00	9.739367e-06	
9.111997e-01	9.704816e-06	
4.768146e+00	3.632018e-05	
1.396052e+01	2.579500e-05	
9.194197e+00	2.023513e-05	
5.226732e+00	3.540124e-05	
4.021910e+00	7.457246e-05	
9.275951e+00	2.632115e-05	
9.063945e+00	7.792402e-05	
1.284807e+01	1.061970e-04	
8.558026e+00	5.594753e-05	
5.942382e+00	3.114209e-05	
8.242537e+00	8.981365e-06	
4.430711e+00	2.232464e-04	
4.850180e+00	3.841385e-05	
9.462701e+00	1.394357e-05	
3.368779e+00	4.492542e-04	
1.444860e+01	3.485840e-04	
4.747356e+00	1.935686e-04	
1.297299e+01	1.641197e-04	
9.980959e+00	6.803566e-05	
7.893449e+00	1.091523e-04	
1.079834e+01	1.232429e-04	
9.524235e-01	1.286275e-04	
4.551380e+00	1.882686e-04	
1.172216e+01	1.255753e-04	
1.194759e+01	1.226963e-04	
1.979265e+01	1.336929e-04	
1.087594e+01	1.154654e-04	
5.328069e+00	9.562615e-05	
9.515393e+00	8.899404e-05	
6.113764e+00	8.477015e-05	
1.015876e+01	2.459444e-05	
6.251770e+00	2.912156e-05	
1.284480e+01	2.955820e-05	
6.739022e+00	6.925200e-05	
1.349673e+01	6.632550e-05	
5.885672e+00	5.413879e-05	
7.109387e+00	2.051692e-05	
2.352975e+00	5.035489e-05	
2.487767e+00	3.408717e-05	
7.159548e+00	4.845699e-05	
1.187622e+01	4.772844e-05	
1.471556e+00	2.761783e-05	
6.587862e+00	1.782935e-05	
2.331629e+00	3.289369e-05	
3.467641e+00	2.709558e-06	
1.805507e+01	5.632946e-05	
1.648798e+01	1.217477e-05	
9.675072e+00	2.115117e-05	
1.068996e+01	1.250992e-06	
2.569238e+00	2.429686e-05	
2.775767e+00	5.099041e-05	
4.767544e+00	2.627892e-04	
3.642335e+00	2.075028e-04	
3.317024e+00	3.508161e-04	
1.297613e+01	1.795942e-04	
6.165417e+00	2.288988e-04	
3.249186e+00	1.781383e-04	
6.229335e+00	1.997324e-04	
1.020181e+01	7.748943e-05	
1.947865e+00	1.648323e-04	
1.684430e+00	1.176019e-04	
1.312439e+01	1.405918e-04	
3.310687e+00	1.239981e-04	
9.927748e+00	1.292599e-04	
1.752814e+01	9.725212e-05	
2.796305e+00	9.258134e-05	
1.096683e+01	6.784534e-05	
6.668440e+00	8.070738e-05	
9.149529e+00	4.024731e-05	
7.448915e+00	2.307160e-05	
8.776581e+00	3.840072e-05	
7.103948e+00	3.617374e-05	
8.967087e+00	7.815273e-05	
4.506578e+00	4.285445e-05	
4.699766e+00	2.321848e-05	
4.648990e+00	5.319501e-05	
7.604837e+00	3.353094e-05	
1.042772e+01	2.971691e-05	
8.346391e+00	2.416471e-05	
1.521194e+01	5.910392e-05	
1.179677e+01	7.337863e-05	
1.041518e+01	7.959916e-05	
8.803488e+00	3.617320e-05	
5.848318e+00	4.093385e-05	
1.000657e+01	9.976625e-05	
9.991748e+00	1.067023e-04	
1.361020e+01	5.774425e-06	
1.021630e+01	1.058309e-04	
4.439623e+00	3.011929e-04	
2.107589e+00	1.660662e-04	
4.317141e+00	1.941769e-04	
6.365977e+00	2.260683e-04	
7.505635e+00	2.666447e-04	
3.540303e+00	1.418481e-04	
5.350256e+00	1.507380e-04	
1.251269e+01	1.837250e-04	
4.225043e+00	6.997431e-05	
6.140139e+00	5.687637e-05	
4.208894e+00	1.111583e-04	
2.374479e+00	1.190466e-04	
5.867287e+00	1.430825e-04	
4.773128e+00	1.022847e-04	
4.295806e+00	1.534154e-05	
6.820044e+00	7.170233e-05	
5.814814e+00	8.382776e-05	
7.458368e+00	2.385965e-05	
1.250968e+01	2.443972e-05	
3.729500e+00	2.754182e-05	
6.234346e+00	5.889489e-05	
7.640695e+00	1.730791e-05	
6.817378e+00	1.015629e-05	
4.999463e+00	5.783393e-05	
1.046899e+01	4.356850e-05	
4.028238e+00	1.320289e-05	
7.287900e+00	6.846647e-06	
1.742399e+01	9.785631e-06	
5.912853e+00	5.465457e-05	
3.801253e+00	4.558401e-05	
1.039219e+01	3.140065e-06	
1.003069e+01	8.226583e-06	
1.302730e+01	2.341103e-05	
7.597279e+00	9.829186e-06	
4.951760e+00	3.430480e-05	
2.315422e+00	4.773910e-06	
1.735505e+00	2.154140e-05	
1.940755e+00	1.175578e-04	
1.113730e+01	7.530614e-05	
9.626137e+00	1.989142e-04	
9.550247e+00	2.217219e-04	
7.045217e+00	2.707277e-04	
1.142356e+01	1.252377e-04	
2.942809e+00	1.269276e-04	
2.828135e+00	1.770195e-04	
6.600605e+00	1.393521e-04	
7.052796e+00	1.342197e-04	
1.316301e+01	1.221034e-04	
1.102046e+01	1.088298e-04	
2.589686e+00	1.217146e-04	
6.382024e+00	9.462676e-05	
4.091443e+00	6.609284e-05	
6.647472e+00	6.415551e-05	
6.743534e+00	7.628266e-05	
3.029285e+00	1.033832e-04	
2.065547e+00	1.070157e-04	
4.983465e+00	6.256916e-05	
9.559390e+00	5.673566e-05	
1.174007e+01	3.815250e-05	
1.204551e+01	4.969663e-05	
7.632117e+00	2.216543e-05	
6.670060e+00	1.854348e-05	
1.381277e+01	5.146367e-05	
8.725070e+00	1.629527e-05	
6.227125e+00	4.301961e-05	
1.145132e+01	5.016546e-05	
7.466177e+00	2.903640e-05	
5.489568e+00	2.839839e-05	
8.151904e+00	1.903526e-05	
5.579694e+00	3.545818e-05	
7.615247e+00	5.404189e-05	
9.024177e+00	6.926044e-06	
8.337151e+00	7.307220e-06	
9.905638e+00	4.469209e-05	
1.025398e+01	1.380801e-05	
1.467630e+01	1.088178e-04	
1.798303e+01	4.958331e-05	
8.545202e+00	5.833486e-05	
4.032991e+00	2.567267e-04	
6.420183e+00	3.663529e-04	
1.362993e+01	1.580516e-04	
6.169792e+00	1.618222e-04	
9.025032e+00	1.748241e-04	
1.072837e+01	1.602640e-04	
4.164511e+00	1.380283e-04	
1.110485e+01	1.386406e-04	
8.217793e+00	1.139361e-04	
4.170932e+00	1.146982e-04	
3.386951e+00	6.821956e-05	
1.196658e+01	5.045858e-05	
2.245978e+00	6.081789e-05	
6.822003e+00	2.289903e-05	
7.355343e+00	1.648639e-05	
7.661766e+00	4.404298e-05	
4.844519e+00	5.006919e-05	
5.687992e+00	4.676344e-05	
1.503214e+01	2.146744e-05	
1.299680e+01	4.950248e-05	
5.274101e+00	3.630772e-05	
5.660817e+00	6.015311e-05	
9.881916e+00	1.811684e-05	
3.126481e+00	1.979477e-05	
9.849285e+00	2.264212e-05	
2.062215e+00	2.483799e-05	
7.246455e-01	1.088686e-05	
1.072602e+01	1.875830e-05	
5.944936e+00	3.411326e-06	
5.116007e+00	4.129517e-05	
6.085899e+00	2.031468e-05	
8.579236e+00	2.555303e-05	
4.584577e+00	2.611276e-05	
1.053422e+00	6.610701e-05	
7.672062e+00	9.540577e-06	
1.240855e+01	5.078570e-05	
1.112519e+01	1.126175e-04	
8.253245e+00	4.539537e-04	
5.422362e+00	4.123233e-04	
7.096370e+00	4.042714e-04	
5.398915e+00	1.583056e-04	
3.886031e+00	1.859954e-04	
4.566212e+00	1.975646e-04	
6.002262e+00	1.882395e-04	
9.681582e+00	1.406904e-04	
8.473103e+00	1.096737e-04	
1.642656e+01	1.301592e-04	
1.175277e+01	1.075309e-04	
2.271068e+00	1.389350e-05	
7.573173e+00	8.832083e-05	
7.338345e+00	1.103667e-04	
6.974662e+00	7.464348e-06	
4.213715e-01	2.598287e-05	
4.199739e+00	1.824390e-05	
7.933567e+00	6.122169e-05	
4.364779e+00	5.250021e-05	
1.184794e+01	4.192860e-05	
1.030128e+01	5.132677e-05	
6.799871e+00	7.708015e-05	
4.731114e+00	5.041389e-05	
1.012555e+01	3.065218e-05	
4.794054e+00	2.154029e-06	
5.016316e+00	2.092825e-08	
8.636428e+00	1.523428e-05	
1.142625e+01	5.499073e-06	
8.181934e+00	5.200629e-06	
6.956938e+00	1.926260e-05	
1.066754e+01	1.734643e-05	
3.977071e+00	1.204381e-04	
1.073590e+01	9.315747e-05	
5.327083e+00	6.537084e-05	
4.666931e+00	3.960600e-05	
6.695704e+00	2.277409e-05	
3.802782e+00	2.450484e-05	
1.197020e+00	5.990226e-05	
2.745601e+00	8.073162e-05	
1.820360e+00	5.344640e-04	
6.950069e+00	3.444766e-04	
1.281288e+00	2.657011e-04	
2.748851e+00	2.618173e-04	
9.880180e+00	1.825231e-04	
1.256366e+01	1.089515e-04	
9.940024e+00	1.185036e-04	
9.160064e+00	1.439067e-04	
8.679813e+00	2.034409e-04	
1.165437e+01	2.218174e-04	
7.773841e+00	1.103026e-04	
5.310627e+00	1.112644e-04	
1.119250e+01	1.527180e-04	
8.215592e+00	9.589853e-05	
7.087769e+00	7.467223e-05	
5.051384e+00	2.172994e-05	
2.479130e+00	6.434297e-05	
5.196625e+00	8.815328e-05	
6.651287e+00	9.727198e-05	
1.818866e+01	4.627961e-05	
7.824674e+00	7.225715e-05	
5.585317e+00	6.719565e-05	
1.006499e+01	1.395031e-06	
4.770957e+00	1.960504e-05	
5.114417e+00	2.068377e-05	
4.694673e+00	5.423789e-05	
1.294938e+01	6.559869e-06	
8.426544e+00	4.964876e-06	
5.336585e+00	3.457475e-06	
1.118642e+01	2.059935e-06	
1.281364e+01	1.200258e-04	
5.292152e+00	3.101635e-05	
7.672341e+00	4.905835e-05	
1.253157e+00	7.436300e-05	
7.844396e+00	2.077541e-05	
4.597072e+00	5.415505e-06	
8.761918e+00	7.147915e-05	
7.070543e+00	4.914135e-06	
4.224053e+00	1.826317e-04	
1.557193e+00	3.058980e-04	
4.491387e+00	3.409532e-04	
7.785642e+00	2.301917e-04	
1.062677e+01	1.985870e-04	
1.069611e+01	8.939846e-05	
7.213613e+00	1.038278e-04	
1.285759e+00	1.469499e-04	
4.445198e+00	1.370018e-04	
1.421956e+01	1.853933e-04	
1.179790e+01	1.037569e-04	
7.172679e+00	1.103750e-04	
8.480078e+00	6.453097e-05	
8.608997e+00	9.592597e-05	
1.178413e+01	9.606618e-05	
7.554126e+00	5.022821e-05	
1.256906e+01	4.570326e-05	
1.708426e+01	1.542496e-04	
9.786062e+00	7.030856e-05	
9.051576e+00	7.490270e-05	
1.864710e+01	7.738851e-05	
5.271556e+00	6.843108e-05	
8.662256e+00	5.949162e-05	
9.794288e+00	2.970181e-05	
5.157830e+00	3.771769e-05	
1.087147e+01	2.284416e-05	
8.575915e+00	9.800610e-06	
5.795224e+00	1.204901e-05	
5.341946e+00	5.011881e-05	
9.797350e+00	4.615409e-05	
1.042881e+01	5.007544e-06	
5.440502e+00	2.987690e-05	
7.199198e+00	2.865920e-05	
4.371349e+00	1.340169e-05	
5.892774e+00	4.943045e-05	
6.731198e+00	7.528522e-05	
3.629109e+00	5.313498e-05	
7.208512e+00	8.717035e-05	
4.160768e+00	5.474648e-04	
7.668305e+00	2.163895e-04	
6.820990e+00	1.151277e-04	
1.221445e+01	1.686327e-04	
7.050225e+00	8.222379e-05	
8.258450e+00	8.687371e-05	
9.424819e+00	1.747240e-04	
5.059468e+00	2.052640e-04	
5.661700e+00	1.797194e-04	
1.169542e+00	1.478416e-04	
9.166253e+00	8.829946e-05	
7.543218e+00	1.107875e-04	
4.650615e+00	5.640645e-05	
6.700074e+00	7.161907e-05	
6.745424e+00	7.319331e-06	
1.173111e+01	3.866989e-05	
1.337167e+01	3.010313e-05	
7.314814e+00	6.908452e-06	
1.290014e+01	8.417531e-05	
5.707189e+00	8.269415e-05	
1.600069e+01	5.484239e-05	
1.386241e+01	3.321863e-05	
4.672578e+00	4.304282e-05	
9.467584e+00	7.252541e-05	
4.917459e+00	2.165656e-05	
7.519631e+00	1.673183e-05	
6.011863e+00	1.608225e-05	
6.854374e+00	1.977633e-05	
6.409648e+00	6.836504e-06	
1.186568e+01	4.475744e-05	
8.817146e+00	2.238497e-05	
9.396804e+00	3.800777e-06	
4.306826e+00	3.974579e-05	
5.615560e+00	2.624211e-05	
5.760358e+00	4.446239e-05	
4.414873e+00	1.246285e-04	
3.807649e+00	7.477519e-05	
8.189133e+00	2.508404e-04	
2.226009e+00	2.226913e-04	
3.403319e+00	2.152209e-04	
1.000731e+01	1.454729e-04	
1.860041e+00	4.717961e-05	
1.027825e+01	2.216139e-04	
8.389078e+00	1.506361e-04	
9.519252e+00	2.233380e-04	
3.140226e+00	1.891073e-04	
9.791324e+00	1.921201e-04	
4.571254e+00	1.181045e-04	
6.098388e+00	1.193944e-04	
3.023719e+00	1.034201e-04	
2.898721e+00	7.435081e-05	
5.447503e+00	6.164720e-05	
4.180304e+00	3.049413e-05	
1.113955e+01	4.867297e-05	
5.616671e+00	1.935805e-05	
1.740698e+00	1.130273e-05	
6.683744e+00	4.526173e-05	
5.795190e+00	4.435958e-05	
9.537459e+00	4.811771e-05	
3.426186e+00	1.593230e-05	
9.239572e+00	3.854302e-05	
7.711860e+00	4.160744e-05	
6.374020e+00	6.850376e-06	
7.103030e+00	2.514155e-05	
3.853090e+00	2.645767e-05	
2.005454e+00	1.014855e-05	
4.029542e+00	2.282174e-05	
7.320446e+00	1.447615e-05	
2.279373e+00	1.041081e-05	
7.801848e+00	4.461601e-06	
5.904160e-01	5.078346e-06	
2.919665e+00	5.867139e-05	
9.874736e+00	1.826400e-05	
6.427038e+00	6.702422e-05	
4.244015e+00	9.523465e-05	
5.825493e+00	1.986950e-04	
4.399518e+00	6.046280e-05	
1.517432e+00	1.357768e-05	
6.985485e+00	6.778547e-05	
8.039429e+00	2.410956e-04	
9.904561e+00	1.891051e-04	
6.604047e+00	1.032648e-04	
4.249642e+00	1.280153e-04	
4.800814e+00	1.987990e-04	
8.569649e+00	2.074133e-04	
5.533352e+00	1.225991e-04	
7.984634e+00	1.109853e-04	
6.265218e+00	1.167161e-04	
5.888966e+00	8.071230e-05	
5.386351e+00	1.781204e-06	
3.122550e+00	6.543865e-05	
4.742345e+00	4.865227e-05	
5.929851e+00	5.140968e-05	
4.526316e+00	6.293360e-05	
7.513360e+00	5.694607e-05	
5.170098e+00	1.013188e-04	
9.952261e+00	9.149533e-05	
3.395809e+00	1.534034e-05	
1.353506e+01	5.049756e-05	
3.901605e+00	1.017727e-05	
5.316268e+00	1.339764e-05	
5.099509e+00	3.223782e-05	
3.679159e+00	1.286791e-05	
7.117351e-01	1.461490e-05	
3.461129e-01	1.123725e-06	
4.636929e+00	1.061219e-05	
7.527943e+00	1.372803e-05	
7.687911e+00	6.915928e-06	
7.278486e+00	6.366755e-05	
6.038459e+00	9.602532e-05	
3.750154e+00	8.758342e-05	
4.926729e+00	4.877407e-05	
1.183191e+01	8.015303e-05	
7.717904e+00	1.132515e-04	
4.465350e+00	2.433166e-04	
6.717728e+00	1.105545e-04	
9.937691e+00	1.820311e-04	
8.391231e+00	9.356353e-05	
1.251515e+01	4.501103e-05	
6.033361e+00	9.739891e-05	
8.897719e+00	1.043776e-04	
5.697575e+00	1.598856e-04	
2.310262e+00	1.263169e-04	
1.480755e+00	9.106474e-05	
6.977619e+00	8.460202e-05	
7.123649e+00	9.015726e-05	
1.370589e+01	8.913611e-05	
9.061553e+00	7.534943e-05	
4.699752e+00	6.864602e-05	
8.778009e+00	7.116220e-05	
1.079917e+01	4.049625e-05	
9.104272e+00	7.429337e-05	
1.840960e-01	6.708724e-05	
1.307842e+01	6.284374e-05	
1.322928e+01	8.337826e-05	
6.924951e+00	7.950776e-05	
1.204117e+01	7.340529e-05	
8.602421e+00	1.338663e-05	
5.591752e+00	2.112961e-05	
1.476687e+00	5.364234e-05	
4.741920e+00	7.722100e-05	
1.632940e+00	3.748589e-05	
2.208487e+00	8.489100e-06	
4.546092e+00	2.228961e-06	
4.267430e+00	1.167577e-05	
7.610678e+00	1.174513e-04	
1.183124e+01	6.266029e-06	
1.135756e+01	3.808834e-05	
4.720355e+00	9.667516e-05	
8.296192e+00	1.592098e-04	
1.537452e+01	1.933136e-04	
8.076966e+00	1.532720e-04	
3.294206e+00	5.303753e-04	
6.334156e+00	1.604458e-04	
9.611757e+00	8.132589e-05	
1.159658e+01	1.453457e-04	
1.850041e+00	4.536796e-05	
6.694379e+00	9.632446e-06	
7.654506e+00	3.208705e-05	
8.601289e+00	4.934024e-05	
9.763209e+00	1.155929e-04	
7.207248e+00	1.133217e-04	
6.658677e+00	4.520483e-05	
4.660520e+00	7.430828e-05	
3.946131e-01	1.004626e-04	
7.348616e+00	4.002559e-05	
6.337585e+00	3.291159e-05	
3.323876e+00	4.533574e-05	
5.306080e+00	6.302655e-05	
4.363361e+00	3.228236e-05	
5.458836e+00	6.715565e-05	
7.961843e+00	1.699954e-05	
8.680909e+00	4.034378e-05	
1.402826e+01	5.869161e-05	
7.945768e+00	9.448781e-06	
8.055240e+00	2.707981e-05	
4.578852e+00	4.335553e-05	
2.313568e+00	3.572165e-05	
5.989025e+00	5.854763e-05	
4.913516e+00	4.743172e-05	
4.474632e+00	5.259345e-05	
5.666873e+00	2.354740e-05	
8.547129e+00	4.730295e-05	
9.288876e+00	9.976997e-06	
8.385582e+00	1.944379e-05	
8.166311e+00	1.786688e-05	
3.647870e+00	1.839991e-04	
2.720768e+00	8.608236e-05	
4.473421e+00	9.014325e-05	
1.599977e+00	7.016073e-04	
7.028182e+00	5.166346e-04	
9.280233e+00	3.080555e-05	
8.167569e+00	9.507831e-05	
2.040799e+01	1.162989e-04	
1.282032e+01	1.571697e-06	
2.638747e+00	6.626065e-05	
3.280776e+00	1.005348e-04	
1.253407e+00	4.372687e-05	
3.882711e+00	4.281918e-06	
6.127688e+00	1.162720e-04	
1.188007e+01	7.841940e-05	
6.136161e+00	2.967396e-05	
5.710820e+00	9.543587e-05	
9.066141e+00	5.671609e-05	
5.441801e+00	5.097970e-05	
8.091444e-01	4.796461e-05	
7.593475e+00	2.556143e-05	
7.354120e+00	4.141495e-05	
1.055157e+01	1.420720e-05	
8.194270e+00	4.372017e-05	
7.168451e+00	4.667365e-05	
1.189931e+01	6.222314e-05	
3.073406e+00	5.823035e-05	
4.270296e+00	2.907187e-05	
1.250445e+01	2.163179e-05	
4.533067e+00	1.090999e-05	
2.615990e+00	4.747829e-06	
8.947325e+00	2.672540e-05	
7.675460e+00	2.678816e-05	
5.024386e-01	9.227755e-05	
8.637887e+00	6.416085e-06	
1.573968e+00	5.728274e-05	
1.004739e+01	9.904556e-06	
9.275538e+00	4.697958e-05	
2.253727e+00	8.492270e-05	
2.817672e+00	6.057439e-05	
4.559789e+00	7.256015e-05	
5.152284e+00	1.881588e-04	
5.599538e+00	1.371516e-04	
3.202525e+00	4.280694e-06	
7.892173e+00	9.979439e-05	
8.819587e+00	1.304911e-04	
1.027589e+01	7.409646e-05	
4.636793e+00	3.560408e-05	
3.818747e+00	1.048656e-04	
4.361765e+00	4.808417e-05	
5.520242e+00	9.134339e-06	
1.054586e+01	3.075162e-05	
6.583900e+00	5.178242e-05	
9.139064e+00	4.447661e-05	
8.930102e+00	4.972918e-05	
3.248814e+00	2.552361e-05	
5.049319e+00	3.172515e-05	
4.387364e+00	1.836345e-05	
1.938055e+00	3.353596e-05	
6.794672e+00	2.902526e-05	
8.135564e+00	2.506236e-05	
7.883923e+00	1.229513e-05	
2.403137e+00	3.998933e-05	
3.298294e+00	6.996429e-06	
2.331754e+00	4.833275e-05	
1.921866e+00	3.931061e-05	
2.956229e+00	4.341690e-05	
9.253413e+00	2.372565e-05	
5.822160e+00	2.540378e-06	
6.270916e+00	3.938159e-05	
7.462840e+00	4.180072e-05	
1.011106e+01	2.033414e-06	
3.836473e+00	1.873354e-05	
2.738673e+00	4.332680e-05	
5.278395e+00	6.896350e-05	
7.296782e+00	9.875761e-06	
7.015682e+00	6.909745e-05	
2.681329e+00	3.879703e-05	
5.859703e-01	5.540375e-05	
6.490147e+00	1.590385e-04	
