1.456141e+01	4.862777e-14	
1.066125e+01	2.264855e-14	
1.071535e+01	4.711787e-13	
1.501323e+01	2.451594e-12	
1.307411e+01	1.203482e-13	
1.167224e+01	1.954015e-11	
1.081244e+01	8.237855e-14	
5.574523e+00	1.052303e-11	
1.375379e+01	3.566036e-13	
1.374801e+01	5.928591e-12	
1.009298e+01	3.255285e-12	
1.285063e+01	1.330047e-13	
1.456161e+01	6.289813e-11	
1.330003e+01	2.644773e-12	
6.919703e+00	1.318612e-11	
1.228158e+01	1.727507e-13	
6.874733e+00	2.484302e-11	
9.021220e+00	4.086953e-12	
1.389117e+01	3.617107e-13	
1.404290e+01	4.289846e-11	
1.002934e+01	4.126255e-12	
9.976093e+00	5.579981e-12	
1.065440e+01	2.607914e-12	
1.275116e+01	1.221290e-11	
1.040072e+01	2.027267e-12	
1.051156e+01	1.220853e-10	
1.007837e+01	1.927125e-12	
1.522845e+01	8.364420e-13	
1.438865e+01	1.515899e-11	
9.896189e+00	2.451594e-12	
1.286481e+01	2.537970e-13	
1.121113e+01	6.306067e-12	
1.057681e+01	4.717338e-13	
1.234598e+01	5.749623e-12	
1.460558e+01	1.012745e-12	
1.229711e+01	2.392531e-13	
9.250110e+00	1.099565e-12	
1.059086e+01	7.915890e-14	
1.380693e+01	1.509903e-13	
1.411460e+01	8.937295e-14	
9.118512e+00	8.690826e-13	
9.202325e+00	1.585960e-12	
9.806519e+00	3.984030e-13	
1.366548e+01	5.272449e-13	
6.754722e+00	9.005005e-14	
8.937859e+00	6.363598e-15	
1.001570e+01	2.649251e-14	
8.852628e+00	6.916644e-15	
1.068350e+01	2.326817e-15	
1.134085e+01	4.855722e-15	
1.311207e+01	3.692633e-15	
5.698201e+00	1.086727e-15	
1.087813e+01	6.994674e-15	
9.510855e+00	3.082174e-15	
1.183659e+01	2.022454e-15	
1.473251e+01	3.007537e-16	
6.627986e+00	1.171404e-15	
1.069486e+01	3.015061e-15	
1.426842e+01	0	
8.932282e+00	7.040730e-16	
6.918895e+00	7.040730e-16	
1.402975e+01	8.503478e-16	
1.544793e+01	2.153615e-15	
1.070085e+01	2.342807e-15	
8.437495e+00	6.015073e-16	
9.643556e+00	9.334401e-16	
9.593498e+00	4.542151e-15	
6.379839e+00	1.364814e-15	
1.098445e+01	1.448969e-15	
1.448526e+01	5.830473e-16	
9.110709e+00	6.333551e-16	
1.010977e+01	1.163408e-16	
1.443508e+01	5.220109e-16	
1.093125e+01	2.095452e-15	
1.088251e+01	3.535332e-16	
1.365729e+01	1.305073e-15	
6.247968e+00	7.124931e-16	
8.974047e+00	3.148030e-14	
1.042119e+01	1.401975e-13	
1.400742e+01	5.345280e-12	
1.405624e+01	7.371881e-14	
1.239027e+01	6.896150e-12	
6.890759e+00	3.134826e-12	
1.195360e+01	2.833289e-13	
1.104143e+01	1.494360e-13	
1.221618e+01	1.331368e-11	
6.126530e+00	4.816147e-12	
1.307945e+01	2.592149e-12	
1.590900e+01	6.591394e-12	
1.121987e+01	3.159850e-11	
1.248227e+01	3.514966e-13	
1.507477e+01	1.247569e-11	
9.105842e+00	2.156275e-11	
1.154338e+01	2.587042e-12	
1.548241e+01	1.884048e-12	
1.060927e+01	5.110357e-12	
9.789989e+00	4.733991e-13	
9.522924e+00	7.890577e-12	
1.079337e+01	2.540634e-12	
9.656201e+00	2.688960e-13	
1.361527e+01	9.110268e-12	
1.293497e+01	2.458433e-11	
1.131629e+01	1.326983e-11	
1.408595e+01	7.058543e-11	
1.235928e+01	5.247136e-12	
1.399868e+01	2.337996e-11	
1.205209e+01	5.127010e-13	
7.959691e+00	7.046808e-12	
1.008478e+01	2.525979e-12	
6.477643e+00	1.258508e-10	
8.950977e+00	5.910827e-12	
6.763708e+00	4.720513e-11	
1.009041e+01	3.086975e-12	
1.351333e+01	7.491563e-12	
1.470545e+01	1.321165e-12	
9.551028e+00	4.245049e-12	
9.891685e+00	1.710698e-11	
1.231107e+01	2.201150e-11	
1.331419e+01	7.149836e-14	
1.120201e+01	1.411316e-12	
9.620677e+00	3.286260e-13	
1.466388e+01	3.440359e-12	
1.013248e+01	2.987610e-13	
9.873773e+00	9.747758e-13	
1.060462e+01	1.528444e-11	
5.228559e+00	3.655631e-12	
9.121487e+00	2.463352e-11	
1.055799e+01	2.523315e-11	
1.030438e+01	2.964295e-13	
1.036901e+01	3.355094e-13	
6.904723e+00	1.650435e-11	
9.473448e+00	4.533041e-13	
9.679551e+00	1.190759e-11	
5.099473e+00	4.753864e-12	
6.547579e+00	1.029887e-11	
1.388179e+01	1.021550e-11	
6.855874e+00	7.538747e-12	
8.919774e+00	1.439493e-11	
1.100878e+01	6.918910e-12	
1.489299e+01	2.382883e-11	
1.339742e+01	8.235690e-11	
6.470431e+00	1.021627e-12	
8.479089e+00	3.161926e-11	
9.695777e+00	2.351341e-12	
6.743332e+00	3.342304e-11	
1.323516e+01	1.704059e-11	
1.411046e+01	9.205414e-12	
6.186293e+00	1.556444e-11	
1.067052e+01	1.178218e-10	
6.732091e+00	1.151956e-11	
1.162093e+01	5.986767e-12	
1.255084e+01	3.506972e-12	
6.910400e+00	6.687761e-12	
1.306875e+01	1.500267e-11	
6.763888e+00	6.633583e-12	
1.206458e+01	8.004708e-14	
5.329715e+00	7.527384e-06	
3.500896e+00	4.185197e-07	
6.883088e+00	1.001306e-05	
9.051939e+00	3.066468e-05	
7.601014e+00	7.217940e-05	
1.028355e+01	8.537106e-05	
9.865012e+00	1.608031e-04	
6.470255e+00	1.641903e-04	
5.364633e+00	1.085332e-04	
3.475779e+00	7.627093e-05	
4.460032e+00	1.604148e-04	
6.070633e-01	9.409646e-05	
7.088992e+00	2.627962e-04	
4.429420e+00	4.563262e-06	
3.861046e+00	1.485832e-04	
6.948491e+00	7.091060e-05	
3.004164e+00	1.950345e-04	
3.050825e+00	4.801310e-05	
4.769285e+00	2.784938e-05	
3.951099e+00	2.028917e-04	
6.446536e+00	1.109421e-04	
5.655523e+00	9.236119e-05	
2.986262e+00	1.943011e-04	
7.716506e-01	1.948190e-04	
4.194947e+00	4.338048e-05	
3.234604e+00	2.048559e-04	
1.286164e+00	1.088556e-04	
8.055631e+00	1.278091e-04	
4.649278e+00	6.615259e-05	
4.271406e+00	8.887635e-05	
5.325575e+00	4.080267e-05	
6.872198e+00	1.053320e-04	
5.966548e-01	6.225888e-05	
4.885741e+00	2.069321e-05	
8.757948e+00	2.437651e-05	
6.778104e+00	8.077150e-05	
3.479372e+00	3.786555e-05	
4.297043e+00	7.383318e-06	
1.326563e+00	3.235646e-05	
1.922687e+00	8.466129e-05	
5.832495e+00	9.160806e-05	
1.158685e+01	2.844559e-05	
5.665816e+00	6.441012e-05	
7.767427e+00	6.593434e-06	
5.715915e+00	1.707780e-05	
2.016834e+00	4.361048e-05	
6.670215e+00	6.990172e-05	
3.605286e+00	1.411699e-04	
3.022187e-01	7.208906e-05	
2.152952e+00	1.273744e-04	
1.873221e+00	5.813500e-05	
5.017166e+00	1.683776e-05	
2.944815e+00	1.130898e-04	
5.542268e-01	2.108585e-04	
5.628796e+00	1.595248e-04	
6.523962e+00	1.542550e-04	
5.752113e+00	8.964439e-06	
5.492147e+00	1.024765e-04	
1.066049e+00	7.080141e-05	
6.440012e+00	1.210535e-04	
2.313760e+00	2.002554e-04	
4.050481e+00	8.746337e-05	
4.057074e+00	4.730386e-05	
1.837995e+00	4.559610e-05	
4.353500e+00	5.488419e-05	
1.014343e+01	3.424601e-05	
5.065668e+00	5.823100e-05	
2.149777e+00	6.991001e-05	
4.763921e+00	2.028148e-05	
5.803424e+00	6.556487e-05	
6.954709e+00	8.862161e-05	
1.020940e+01	4.271435e-05	
6.951121e+00	2.203907e-05	
1.039241e+01	1.138736e-05	
7.799092e+00	3.913741e-06	
7.938060e+00	4.488290e-05	
1.189418e+00	1.974047e-05	
4.238858e+00	6.467117e-05	
2.514168e+00	4.660080e-05	
7.210338e+00	2.758828e-05	
5.744212e+00	4.435088e-06	
7.959767e+00	2.359381e-05	
9.343634e+00	4.945891e-05	
6.852082e+00	9.717259e-05	
9.092334e+00	1.154033e-04	
4.833732e+00	8.705480e-05	
4.182969e+00	7.400791e-05	
4.165568e+00	9.508587e-05	
5.671951e+00	9.994535e-05	
1.499959e+00	8.201388e-05	
4.249153e-01	2.609311e-05	
2.529267e+00	3.483922e-05	
9.440581e+00	8.985864e-05	
6.221317e+00	7.190670e-05	
1.261337e+01	2.715124e-05	
4.036378e+00	1.597247e-05	
9.883519e+00	1.016193e-04	
7.270333e+00	8.442633e-06	
8.973406e+00	9.123869e-06	
6.349632e+00	4.748499e-06	
2.001500e+00	5.519285e-05	
8.370385e+00	6.897327e-05	
1.116501e+01	8.272310e-06	
4.052677e+00	1.280894e-06	
8.372162e-01	2.107149e-05	
8.465181e+00	5.128350e-05	
5.808878e+00	3.901454e-05	
9.309821e+00	7.494275e-05	
8.945461e+00	4.321403e-05	
8.907537e+00	1.853808e-05	
6.756712e+00	8.371579e-05	
1.397066e+00	5.009171e-05	
9.216029e+00	3.478532e-05	
9.596994e+00	3.436970e-05	
8.034032e-01	1.149823e-04	
4.149543e+00	1.240676e-04	
6.538284e+00	3.837603e-05	
3.946538e-01	7.739879e-06	
7.747788e+00	2.030131e-05	
4.623196e+00	4.313009e-05	
2.452761e+00	4.744666e-05	
1.848423e+00	1.089152e-05	
3.313488e+00	1.991158e-05	
5.687185e+00	4.480973e-05	
2.299190e+00	7.000858e-05	
3.764995e+00	9.971844e-06	
4.253407e+00	8.190503e-05	
3.024409e+00	7.447129e-05	
5.655867e+00	1.079428e-04	
5.533744e+00	4.068051e-06	
6.695377e+00	7.285513e-06	
8.779408e+00	9.921431e-05	
1.544450e+01	8.980714e-06	
1.227122e+01	5.245879e-05	
1.209604e+01	3.949592e-05	
8.336602e+00	4.411053e-06	
6.674014e+00	5.715067e-06	
7.933532e+00	2.592940e-05	
6.847918e+00	2.584252e-06	
1.338411e+00	2.780006e-05	
1.060088e+01	2.596353e-05	
8.041757e+00	4.542879e-05	
1.375569e+00	1.104151e-04	
6.245401e+00	1.216944e-04	
1.153048e+00	9.579394e-05	
5.826613e+00	2.639984e-05	
1.761641e+00	6.235351e-05	
4.781169e+00	9.784811e-05	
6.006932e+00	9.944866e-05	
5.246668e+00	1.331060e-04	
7.469542e+00	6.024303e-05	
5.686084e+00	7.620187e-05	
5.835186e+00	2.316795e-05	
5.251347e+00	9.051668e-05	
5.113754e+00	6.464435e-05	
8.646003e-01	3.631274e-05	
6.466824e+00	1.338247e-05	
1.077393e+00	1.769523e-05	
2.803541e+00	2.176113e-05	
5.210007e+00	4.150871e-05	
5.163479e+00	6.292398e-05	
3.621173e+00	4.091593e-05	
3.847682e+00	1.469678e-05	
4.408108e+00	1.001020e-05	
8.239894e+00	7.234781e-06	
1.045523e+00	3.986971e-05	
6.790524e+00	4.835428e-05	
2.933835e+00	8.471610e-06	
6.616807e+00	8.878176e-06	
5.581755e+00	9.218955e-06	
1.702280e+00	4.500093e-06	
4.469417e+00	3.158403e-05	
5.802063e+00	1.181837e-05	
1.267875e+01	8.632174e-06	
1.698740e+01	2.182425e-05	
7.480014e+00	3.644236e-05	
5.683669e+00	3.754838e-05	
1.148846e+01	7.006874e-05	
6.223158e+00	8.491222e-05	
8.209614e+00	6.224462e-05	
4.520484e+00	7.617466e-05	
4.981269e+00	1.583874e-04	
8.187397e+00	1.326573e-04	
7.634239e+00	7.604528e-05	
7.136586e+00	7.477649e-05	
5.796863e+00	3.690433e-05	
6.078043e+00	4.991892e-05	
9.072013e+00	1.353777e-04	
2.547353e+00	1.134167e-04	
3.610506e+00	9.499438e-05	
6.053744e+00	3.956663e-05	
5.186403e+00	5.279357e-05	
4.981079e+00	5.793176e-05	
3.544300e+00	2.057222e-05	
8.358837e+00	1.535261e-05	
3.205228e+00	6.532559e-06	
2.805264e+00	3.089903e-05	
5.181158e+00	3.896542e-05	
3.210178e+00	5.338358e-05	
3.815871e+00	3.062566e-05	
4.224581e+00	1.024577e-07	
4.009932e+00	3.830607e-05	
4.597627e+00	3.491958e-05	
5.535064e+00	1.151505e-06	
8.883695e+00	3.880625e-05	
6.718810e+00	6.805705e-06	
4.191572e+00	1.040924e-06	
1.198721e+01	3.374790e-05	
1.125714e+01	2.620405e-05	
9.488625e+00	4.415505e-05	
4.417500e+00	1.570901e-04	
1.544627e+01	1.872933e-04	
1.215752e+01	1.574215e-04	
9.459475e+00	7.837065e-05	
2.691148e+00	4.709208e-05	
9.452586e+00	6.541471e-05	
1.261438e+01	4.309826e-05	
3.167675e+00	4.964799e-05	
1.076030e+01	3.512379e-05	
7.598172e+00	1.502863e-04	
3.073424e+00	1.430366e-04	
6.709453e+00	1.406226e-04	
1.592996e+00	1.770344e-04	
7.965293e+00	1.038535e-04	
8.081672e+00	1.072921e-04	
7.814962e+00	2.144743e-04	
2.923105e+00	1.910872e-04	
3.336215e+00	1.656144e-04	
6.256578e+00	9.207694e-05	
3.642013e+00	3.493696e-05	
4.662272e+00	7.662971e-06	
5.359903e+00	1.043049e-04	
4.463578e+00	6.244428e-05	
5.226341e+00	5.087046e-05	
9.119415e+00	4.975558e-06	
2.511974e+00	3.363619e-05	
3.922008e+00	5.512067e-06	
4.166564e+00	3.069778e-05	
9.484778e+00	2.968339e-05	
3.234252e+00	4.115799e-05	
1.050102e+01	3.108608e-05	
8.525889e+00	2.077257e-05	
9.061397e-01	5.141822e-05	
9.991854e+00	4.169700e-05	
1.935374e+00	7.999695e-05	
1.255040e+00	9.422403e-05	
8.169268e+00	9.971708e-05	
7.002523e+00	1.488424e-04	
3.259602e+00	1.535497e-04	
4.755765e+00	1.818667e-04	
1.861322e+00	7.357358e-05	
2.543703e+00	1.034412e-04	
1.446735e+00	8.035644e-05	
1.002129e+01	8.639483e-05	
9.013076e-01	1.550717e-04	
8.981612e+00	3.030282e-05	
2.430553e+00	1.060337e-05	
2.335989e+00	1.100826e-04	
7.630797e+00	1.739655e-04	
3.149715e+00	1.690766e-04	
4.468739e+00	6.450442e-05	
3.292857e+00	1.220926e-04	
5.907857e+00	1.283831e-04	
1.771558e+00	2.328625e-04	
5.508832e+00	2.675606e-04	
6.251953e+00	6.463501e-05	
9.722671e+00	1.212058e-04	
6.687208e+00	7.837738e-05	
5.480742e+00	7.742659e-06	
7.538537e+00	6.266593e-06	
6.390292e+00	3.207848e-05	
3.348557e+00	6.131297e-05	
4.141234e+00	4.873285e-06	
4.250097e+00	8.196241e-07	
2.945750e+00	3.184435e-05	
8.169865e+00	3.077287e-05	
1.179333e+01	1.201208e-05	
6.209704e+00	4.810378e-05	
3.939068e+00	1.195152e-05	
8.304153e+00	1.385604e-05	
2.440378e+00	3.911288e-05	
1.393962e+00	5.304646e-05	
6.400042e+00	7.095644e-05	
5.262476e+00	8.860662e-05	
2.871149e+00	9.058805e-05	
5.148666e+00	9.445901e-05	
7.910030e+00	1.362782e-04	
6.018826e+00	7.722604e-05	
3.549987e+00	1.013314e-04	
4.634874e+00	9.121368e-05	
2.287801e+00	9.604275e-05	
4.943196e+00	3.632055e-05	
3.018529e+00	7.343760e-05	
4.691270e+00	1.100758e-04	
5.199495e+00	4.143500e-05	
9.091152e+00	6.363299e-05	
9.726416e+00	1.298256e-04	
5.102609e+00	1.138514e-04	
2.810227e+00	1.016035e-04	
4.246493e+00	1.782297e-04	
5.501778e+00	1.487844e-04	
1.733777e+01	2.667600e-04	
4.688987e+00	1.626947e-04	
7.439643e+00	1.001530e-04	
5.151627e+00	4.378095e-05	
6.529436e+00	7.226542e-06	
2.458696e+00	1.923025e-05	
6.303474e+00	1.847038e-05	
7.723552e+00	5.392304e-05	
1.112490e+01	3.640457e-05	
4.894101e+00	2.439643e-05	
2.752255e+00	5.186668e-05	
6.757323e+00	8.371496e-06	
4.073688e+00	3.161490e-05	
7.639601e+00	3.185931e-05	
4.232181e+00	1.313407e-05	
7.713019e-01	8.092806e-06	
8.562574e+00	3.650952e-05	
1.277872e+01	4.202953e-05	
9.051809e+00	4.590720e-05	
6.449500e+00	5.845364e-05	
6.840592e+00	6.469571e-05	
6.862462e+00	6.536465e-05	
5.402488e+00	4.545424e-05	
2.978450e+00	7.442111e-05	
9.354289e+00	1.139346e-04	
6.559261e+00	8.702715e-05	
6.966752e+00	1.080077e-04	
6.777259e+00	4.786379e-05	
5.539957e+00	1.632791e-05	
6.568337e+00	4.093288e-05	
4.538235e+00	6.976655e-05	
2.686252e+00	7.383955e-05	
1.228590e+01	3.811338e-05	
1.079672e+01	1.589166e-04	
7.228008e+00	7.281891e-05	
4.288441e+00	1.107336e-04	
2.178142e+00	1.735036e-04	
5.177253e+00	2.353425e-04	
1.038224e+01	5.927676e-05	
3.814678e+00	2.198371e-04	
7.658047e+00	1.615089e-04	
1.425170e+01	1.848189e-04	
3.206639e+00	2.433460e-05	
2.331966e+00	2.767414e-05	
3.080400e+00	3.816412e-05	
8.526058e+00	3.437899e-05	
1.183078e+01	2.726096e-05	
3.978669e+00	1.385212e-05	
3.440801e+00	2.292019e-05	
4.158706e+00	3.689572e-05	
2.081247e+00	4.185959e-05	
6.624386e+00	1.708342e-05	
3.007840e+00	4.553863e-05	
4.652279e+00	3.335729e-05	
9.627631e+00	6.462353e-05	
1.057414e+01	8.464677e-05	
8.492290e+00	9.427309e-05	
1.800493e+00	1.255519e-04	
4.289667e+00	1.044631e-04	
6.065012e+00	1.126940e-04	
5.121337e+00	4.427422e-05	
4.611523e+00	4.080745e-05	
7.982893e+00	8.834527e-05	
7.898848e+00	1.160390e-04	
5.883532e+00	7.369246e-05	
4.385076e+00	6.518372e-05	
3.817785e+00	9.044250e-05	
1.032536e+01	8.850047e-05	
5.110937e+00	1.015870e-04	
1.558030e+00	1.069738e-04	
4.604636e+00	4.880276e-05	
8.629975e-01	1.326811e-04	
2.126174e+00	1.082401e-04	
4.794667e+00	1.414573e-04	
2.477435e+00	8.324853e-05	
2.587336e+00	5.596421e-05	
5.790948e+00	6.789714e-05	
1.073158e+01	2.420745e-04	
6.499425e+00	1.038353e-04	
7.595988e+00	2.370299e-04	
1.336404e+00	1.499666e-04	
6.995146e+00	4.541804e-05	
8.956250e+00	8.836913e-05	
9.881720e+00	6.051596e-06	
4.302776e+00	3.598017e-05	
9.490195e+00	4.511280e-05	
3.647222e+00	3.832237e-05	
4.528880e+00	5.516266e-05	
5.449866e+00	5.888689e-05	
3.756109e+00	5.103295e-05	
4.690657e+00	4.295935e-05	
2.176252e+00	2.789521e-05	
4.925408e+00	4.783939e-05	
8.523870e+00	5.816578e-05	
2.924372e+00	6.615448e-05	
5.168577e+00	7.296229e-05	
5.318114e+00	1.208973e-04	
3.135124e+00	7.746095e-05	
5.476197e+00	8.053636e-05	
2.534244e+00	7.430130e-05	
3.509215e+00	9.394483e-05	
3.179220e+00	1.091019e-04	
9.191209e+00	7.100066e-05	
9.952635e+00	5.936918e-05	
4.393229e+00	8.747563e-05	
4.758520e+00	5.448982e-05	
2.513039e+00	7.019863e-05	
1.219668e+00	5.307795e-05	
8.147563e+00	6.281966e-05	
4.648037e+00	1.545287e-04	
8.728104e+00	1.101942e-04	
6.968698e+00	7.935152e-05	
5.364656e+00	1.087724e-04	
6.542717e+00	1.088243e-04	
1.277437e+01	1.509746e-04	
1.074144e+01	2.241650e-04	
2.928686e+00	1.753495e-04	
1.973192e+00	1.613870e-04	
7.493846e+00	1.219926e-04	
3.360047e+00	5.365423e-05	
8.481884e+00	1.176611e-04	
9.272147e+00	1.549281e-05	
7.314595e+00	2.475817e-05	
5.387412e+00	2.855051e-05	
6.863019e+00	4.848278e-05	
2.405523e+00	5.778629e-05	
5.090919e+00	6.384571e-05	
3.976877e+00	7.699236e-06	
1.678701e+00	4.367680e-05	
4.893524e+00	5.697411e-05	
5.886308e+00	3.475982e-05	
8.265787e+00	7.904131e-05	
8.080697e+00	5.607203e-05	
3.797555e+00	6.979195e-05	
3.727797e-01	1.008117e-04	
5.815923e+00	9.110589e-05	
5.998304e+00	9.529670e-05	
3.404233e+00	4.460652e-05	
2.791581e+00	8.347785e-05	
7.256527e+00	6.609344e-05	
6.338302e+00	8.413447e-05	
1.208409e+01	6.123477e-05	
4.983758e+00	7.292003e-05	
4.266381e+00	5.057625e-05	
1.178545e+00	1.782087e-05	
6.434855e+00	8.402706e-05	
5.845175e+00	6.285218e-05	
4.569289e+00	7.340807e-05	
2.484930e+00	8.882487e-05	
1.230942e+01	7.218774e-05	
3.219524e+00	1.386705e-04	
5.990495e+00	1.732549e-04	
7.261779e+00	7.498276e-05	
4.406988e+00	2.225478e-04	
5.147016e+00	1.751707e-04	
6.701035e+00	1.699727e-04	
9.254723e+00	9.681950e-05	
1.168042e+01	1.876599e-04	
2.894721e+00	1.390955e-04	
6.096666e+00	5.920141e-05	
2.947887e+00	7.587053e-05	
2.192625e+00	3.425363e-05	
2.481157e+00	3.824136e-06	
7.581008e+00	9.869936e-07	
1.249788e+01	5.649100e-05	
1.009703e+01	2.123605e-05	
8.388411e-01	1.891681e-06	
8.660994e+00	2.937374e-05	
4.247154e+00	4.720299e-05	
3.417552e+00	3.195431e-05	
2.015844e+00	6.626697e-05	
4.570660e+00	7.258861e-05	
3.029825e+00	9.300542e-05	
1.663220e+00	5.334556e-05	
2.153531e+00	1.002048e-04	
2.667684e+00	7.667869e-05	
6.587340e+00	2.864756e-05	
4.632888e+00	4.438094e-05	
4.143356e+00	6.590109e-05	
1.681891e+00	4.256992e-05	
8.848204e+00	5.280248e-05	
6.069258e+00	1.266020e-04	
6.353235e+00	1.156994e-04	
7.899442e+00	7.121516e-05	
3.650933e+00	5.937719e-05	
6.793780e+00	7.376133e-05	
5.217216e+00	1.071542e-04	
8.186874e+00	8.845775e-05	
2.294178e+00	7.824746e-05	
5.623637e+00	1.007061e-04	
2.762349e+00	1.172988e-04	
5.294534e+00	1.685757e-04	
2.762839e+00	1.560132e-05	
7.056902e+00	3.194670e-04	
1.221914e+01	1.623401e-04	
1.749881e+00	7.469136e-05	
6.854154e+00	2.439318e-05	
5.067400e+00	3.723131e-05	
9.210029e+00	7.045663e-05	
2.299365e+00	6.620357e-05	
4.220075e+00	1.083092e-05	
6.353194e+00	1.319451e-05	
7.797432e+00	2.343236e-05	
7.617780e+00	8.573315e-06	
9.300811e+00	4.017368e-05	
2.038105e+00	4.378708e-05	
1.008463e+01	2.361867e-05	
9.875344e-01	5.805001e-05	
2.509355e+00	7.892328e-05	
1.860336e+00	4.864522e-05	
3.076587e+00	6.285059e-05	
5.040596e+00	5.166748e-05	
2.352999e+00	7.572204e-05	
9.098776e+00	7.803645e-05	
7.152842e+00	6.390708e-05	
4.276913e+00	3.955490e-05	
1.163090e+01	5.655631e-05	
1.024839e+01	1.967788e-05	
4.949629e+00	1.821345e-05	
5.457997e+00	6.679392e-05	
6.688476e+00	7.177023e-05	
4.405983e+00	4.588979e-05	
3.387101e+00	9.252435e-05	
2.107129e+00	9.149060e-05	
3.131864e+00	2.712668e-05	
6.318274e+00	8.904306e-05	
2.867331e-01	1.069841e-04	
2.930793e+00	1.205426e-04	
5.811403e+00	1.408358e-04	
6.825814e+00	1.825064e-04	
4.573281e+00	8.341802e-05	
3.592814e+00	3.243579e-04	
5.569874e+00	1.082240e-04	
6.041700e+00	9.668984e-05	
4.055267e+00	4.202102e-05	
4.749222e+00	1.302568e-06	
7.143027e+00	3.691781e-05	
2.273254e+00	6.380945e-05	
4.141936e+00	4.166091e-05	
1.017176e+00	3.435380e-05	
5.260537e+00	2.726328e-05	
5.373528e+00	8.530879e-06	
5.055924e+00	7.017050e-05	
4.109784e+00	6.425593e-05	
3.540255e+00	5.138244e-05	
1.838363e+00	7.264526e-05	
1.931567e+00	8.265626e-05	
1.415007e+00	9.195445e-05	
7.117458e+00	3.288984e-05	
8.251571e+00	8.309617e-05	
7.028104e+00	6.314417e-05	
5.524548e+00	1.061407e-04	
9.574455e+00	8.674405e-05	
7.119167e+00	5.003050e-05	
1.000701e+01	5.394937e-05	
6.222714e+00	8.138733e-05	
4.619015e+00	4.866718e-05	
8.036365e+00	7.663281e-05	
1.101431e+01	4.222887e-05	
2.521495e+00	5.376424e-05	
6.139912e+00	6.127003e-05	
5.714995e+00	4.708529e-05	
6.327321e+00	2.974830e-05	
5.671203e+00	1.392978e-04	
7.998897e+00	1.090579e-04	
3.164533e+00	1.355566e-04	
1.601895e+00	1.264054e-04	
1.830686e+00	2.198090e-04	
6.794687e+00	1.630732e-04	
3.475423e+00	2.173232e-04	
2.395660e+00	1.123798e-04	
8.201748e+00	1.222418e-04	
1.139745e+01	7.651123e-06	
1.636487e+00	1.029992e-06	
4.618364e+00	6.657163e-06	
1.449537e+00	3.729642e-05	
8.474746e+00	1.867903e-05	
3.789995e+00	5.008377e-05	
1.597585e+00	1.978109e-05	
6.150179e+00	1.211563e-05	
5.078775e+00	7.435791e-05	
1.681306e+00	6.840218e-05	
3.707447e+00	6.978810e-05	
1.019597e+00	6.703450e-05	
1.446099e+00	9.861682e-05	
2.014535e+00	6.405619e-05	
8.188113e+00	5.858970e-05	
7.321530e+00	6.247085e-05	
6.279581e+00	8.852342e-05	
3.650751e+00	1.155683e-04	
5.167579e+00	4.680147e-05	
3.911198e+00	6.699272e-05	
4.338529e+00	2.981733e-05	
1.289922e+00	7.712875e-05	
9.565428e-01	9.661699e-05	
8.770179e+00	5.208557e-05	
1.061051e+01	7.058410e-05	
5.926127e+00	6.222684e-05	
9.175962e+00	7.265794e-05	
3.240582e+00	3.612745e-05	
1.017533e+01	4.612508e-05	
7.865368e+00	1.398878e-04	
6.985167e+00	1.396586e-04	
8.731040e+00	9.297378e-05	
8.207236e+00	1.589570e-04	
6.619139e+00	5.704670e-05	
7.148968e+00	6.786149e-05	
3.845641e+00	1.909234e-04	
3.282625e+00	1.834330e-04	
6.384674e+00	1.028129e-04	
5.555736e+00	5.038978e-05	
5.401419e+00	2.520406e-05	
1.871413e+00	5.836305e-05	
6.307609e+00	9.037853e-06	
2.824681e+00	1.900137e-05	
1.662254e+00	5.567376e-05	
4.801613e+00	6.812128e-05	
2.699971e+00	7.399297e-05	
5.522425e+00	5.286941e-05	
2.311529e+00	9.660266e-05	
1.544065e+00	9.694944e-05	
2.584774e+00	9.678065e-05	
2.177263e+00	8.280039e-05	
2.850541e+00	5.425918e-05	
7.939279e+00	6.479185e-05	
5.397062e-01	5.891482e-05	
8.997304e+00	3.880109e-05	
5.176017e+00	1.017159e-04	
6.766538e+00	8.422829e-05	
3.633236e+00	7.384097e-05	
5.881231e+00	5.043496e-05	
6.374268e+00	3.251019e-05	
9.142211e+00	8.016844e-05	
3.206490e+00	5.903794e-05	
4.891239e+00	5.077416e-05	
3.989610e+00	5.237132e-05	
1.092999e+00	7.538786e-05	
9.671523e+00	1.276007e-04	
7.149409e+00	7.396178e-05	
3.445750e+00	1.792194e-04	
3.826010e+00	2.083925e-04	
4.656598e+00	1.510486e-04	
5.538632e+00	8.284932e-05	
5.835336e+00	2.826430e-05	
7.170742e+00	6.405044e-05	
3.434698e+00	9.420905e-05	
2.277914e+00	2.007772e-04	
2.311651e+00	1.448224e-04	
2.629738e+00	3.817192e-05	
4.186198e+00	2.973837e-05	
6.533908e-01	6.538332e-05	
6.390063e+00	4.240412e-05	
8.246363e+00	6.258720e-06	
3.406842e+00	1.870642e-06	
4.913892e+00	4.451726e-05	
2.521660e+00	3.608605e-05	
4.387865e+00	5.244791e-05	
5.003163e+00	5.166318e-05	
3.398060e+00	1.155298e-04	
2.696190e+00	9.599739e-05	
5.377933e+00	9.292383e-05	
1.601032e+00	6.441436e-05	
2.393937e+00	9.302705e-05	
1.833978e+00	8.172111e-05	
8.066608e+00	4.146191e-05	
8.784124e+00	6.799509e-05	
5.158864e+00	8.624728e-05	
1.824013e+00	6.956875e-05	
2.118676e+00	3.564309e-05	
1.124986e+01	5.394771e-05	
7.101632e+00	5.635201e-05	
3.704547e+00	5.401225e-05	
2.922490e+00	2.208945e-05	
6.300348e+00	5.712315e-06	
5.129629e+00	9.346526e-05	
5.026794e+00	5.421652e-05	
9.467312e+00	8.095220e-05	
4.092412e+00	1.041239e-04	
5.588490e+00	1.667112e-04	
9.129633e+00	1.000390e-04	
7.218998e+00	1.429485e-04	
2.290654e+00	1.709040e-04	
2.007148e+00	3.318426e-04	
7.845043e+00	1.469641e-04	
4.466306e+00	1.420627e-04	
2.806989e+00	2.738011e-05	
3.731885e+00	1.397210e-05	
4.683831e+00	5.991948e-06	
4.236747e+00	1.439679e-05	
5.433281e+00	1.397672e-06	
8.268550e+00	1.147423e-05	
9.697328e+00	3.425936e-05	
8.559929e+00	1.420931e-05	
8.638779e+00	5.615736e-05	
8.410558e+00	5.331182e-05	
3.218727e+00	3.871229e-05	
3.820352e+00	6.450580e-05	
7.837773e+00	7.546488e-05	
4.258736e+00	4.782237e-05	
2.262737e+00	7.148540e-05	
3.627094e+00	7.834141e-05	
2.926188e+00	6.493383e-05	
4.996644e+00	5.607837e-05	
7.999015e+00	4.952188e-05	
1.132108e+01	8.619722e-05	
6.764336e+00	3.437046e-05	
6.715734e+00	2.790160e-05	
1.994800e+00	4.460398e-06	
6.156185e+00	6.980543e-05	
2.893486e+00	8.783693e-05	
6.631567e+00	4.316397e-05	
1.235316e+01	2.100625e-05	
1.213001e+01	1.280275e-04	
5.290378e+00	9.395427e-05	
8.256564e+00	3.152771e-05	
4.304358e+00	1.077064e-04	
4.560860e+00	9.612896e-05	
7.197547e+00	6.598038e-05	
6.980532e+00	1.292499e-04	
1.192493e+01	2.699318e-04	
9.239197e+00	2.588935e-04	
3.941159e+00	4.604067e-05	
4.712120e+00	7.904464e-05	
3.527253e+00	7.231441e-05	
7.040663e+00	6.680415e-06	
1.007683e+01	1.067710e-06	
6.903997e+00	2.669306e-05	
6.037119e+00	1.430404e-05	
7.031587e+00	2.325247e-05	
8.979976e+00	4.865782e-05	
5.917342e+00	5.965754e-05	
9.947455e+00	4.699300e-05	
3.138215e+00	1.165066e-04	
9.342393e+00	8.480348e-05	
1.144254e+01	1.074882e-04	
1.037908e+01	5.223939e-05	
5.525892e+00	6.947913e-05	
5.296118e+00	6.303352e-05	
8.540604e-01	8.193505e-05	
6.254259e+00	3.615867e-05	
2.986082e+00	5.279459e-05	
6.741647e+00	6.228346e-05	
4.722393e+00	5.931709e-05	
5.434707e+00	5.478713e-05	
3.979394e+00	8.269567e-05	
4.641204e+00	5.098889e-05	
5.384193e+00	1.178733e-05	
9.805913e+00	3.564860e-05	
7.214808e+00	5.534564e-05	
1.047139e+01	7.077655e-06	
7.163030e+00	8.654465e-05	
5.104502e+00	4.672514e-05	
1.014075e+01	2.537876e-05	
1.047089e+01	3.799353e-06	
6.646945e+00	9.317845e-05	
2.852466e+00	1.600709e-04	
9.239468e+00	2.450923e-04	
4.352289e+00	1.723429e-04	
8.696410e+00	3.296727e-04	
3.484529e+00	2.559389e-04	
3.716327e+00	1.629756e-04	
3.504287e+00	9.095260e-05	
5.165149e+00	1.200962e-04	
1.315468e+01	6.562671e-05	
5.448677e+00	1.112918e-04	
2.363332e+00	2.520356e-05	
4.602221e+00	6.442888e-06	
5.262999e+00	8.009336e-05	
7.042860e+00	7.840563e-05	
8.021072e+00	3.983789e-05	
1.073940e+01	9.085481e-05	
3.815796e+00	9.747025e-05	
1.457215e+01	1.060463e-04	
1.017412e+01	3.940584e-05	
5.986578e+00	4.906114e-05	
4.221429e+00	6.688964e-05	
2.783596e+00	5.642101e-05	
5.733951e+00	5.207176e-05	
5.106900e+00	7.004060e-05	
6.511770e+00	5.318861e-05	
8.001555e+00	6.236833e-06	
6.397572e+00	4.590270e-05	
2.625047e+00	7.060524e-05	
4.546359e+00	5.516760e-05	
4.165487e+00	4.497323e-05	
2.235005e+00	3.500862e-05	
3.381471e+00	2.792489e-05	
4.432648e+00	3.110539e-05	
1.021192e+01	5.409168e-05	
7.651387e+00	5.040235e-05	
1.356810e+01	3.725585e-06	
1.167098e+01	3.233714e-05	
4.876897e+00	9.861899e-05	
4.095711e+00	1.417257e-04	
6.508995e+00	1.026037e-04	
1.168850e+01	2.276671e-04	
8.877084e+00	2.278138e-04	
6.302941e+00	4.227315e-04	
1.034450e+01	1.816070e-04	
3.042493e+00	8.557362e-05	
8.610800e-01	1.060459e-04	
4.191622e+00	6.597348e-05	
9.667142e+00	9.182617e-05	
2.165398e+00	5.747164e-06	
5.249177e+00	5.031596e-05	
4.251265e+00	4.466969e-05	
8.313495e+00	7.525911e-05	
5.076267e+00	3.379365e-05	
4.650901e+00	4.543013e-05	
8.412205e+00	1.013891e-04	
5.946365e+00	9.337066e-05	
1.048316e+01	4.928783e-05	
6.586283e+00	8.964417e-05	
4.260387e+00	8.958782e-05	
5.728728e+00	3.921822e-05	
1.252362e+01	3.777527e-05	
7.734039e+00	5.048357e-05	
5.497300e+00	1.917598e-05	
6.668049e+00	5.476687e-06	
6.180708e+00	2.104931e-07	
6.408294e+00	1.288591e-05	
5.472363e+00	6.301090e-05	
4.682697e+00	3.958873e-05	
8.691282e+00	1.697494e-05	
1.151170e+01	3.820132e-05	
2.974808e+00	4.521902e-05	
8.658989e+00	1.078626e-05	
4.158929e+00	1.539505e-05	
2.973415e+00	5.820246e-05	
6.849194e+00	2.998350e-05	
4.813078e+00	1.278765e-04	
3.337591e+00	1.389090e-04	
2.739891e+00	1.271323e-04	
3.595362e+00	7.981627e-05	
5.357944e+00	2.605232e-04	
7.190939e+00	4.768010e-04	
3.566868e+00	3.451833e-04	
8.424859e+00	8.096262e-05	
2.903497e+00	1.249138e-04	
6.320746e+00	8.653471e-05	
8.399033e+00	1.244986e-04	
4.318847e+00	7.254288e-05	
4.776669e+00	7.372999e-05	
1.013462e+01	7.809688e-05	
6.329737e+00	4.842209e-05	
2.501244e+00	7.380734e-05	
3.645107e+00	6.453870e-05	
1.193389e+00	8.215030e-05	
5.119867e+00	2.087395e-05	
5.650651e+00	6.532726e-05	
1.124643e+01	6.155313e-05	
1.309580e+01	8.511552e-05	
8.873543e+00	3.448434e-05	
8.975697e+00	5.533824e-05	
6.501749e+00	8.775697e-05	
8.089165e+00	2.911234e-05	
3.473876e+00	2.805459e-05	
6.013083e+00	1.929903e-05	
2.035194e+00	3.317480e-05	
6.545463e+00	2.834417e-05	
5.982778e+00	4.352319e-06	
1.071521e+01	2.082500e-06	
3.631547e+00	2.343778e-05	
1.190832e+00	3.678388e-05	
2.119490e+00	8.708709e-06	
4.207403e+00	2.055223e-05	
2.184539e+00	4.058609e-05	
5.201227e+00	2.463380e-05	
6.094148e+00	9.955650e-05	
6.460895e+00	1.442338e-04	
1.132951e+00	1.363605e-04	
1.912002e+00	1.108253e-04	
1.000666e+01	1.931710e-04	
3.627066e+00	4.530590e-04	
8.231742e+00	2.635077e-04	
8.587061e+00	1.709793e-04	
7.543266e-01	2.269594e-04	
3.787196e+00	1.482813e-04	
5.345439e+00	7.200849e-05	
3.003614e+00	7.065408e-05	
1.081142e+01	7.473490e-05	
5.211241e+00	1.392136e-04	
6.965231e+00	5.874753e-05	
5.810206e-01	6.746615e-05	
5.591757e+00	5.518954e-05	
6.205654e+00	6.405720e-05	
3.348828e+00	2.446599e-05	
1.351242e+00	2.309339e-05	
1.057495e+01	5.084052e-05	
2.533164e+00	7.704812e-06	
1.026630e+01	2.095153e-05	
1.237968e+01	9.465229e-06	
4.635871e+00	1.407009e-05	
4.603119e+00	4.005293e-05	
2.415489e+00	4.183055e-05	
6.422799e+00	9.341326e-06	
6.378111e+00	1.093077e-05	
8.217145e+00	2.294243e-05	
1.535297e+00	2.773558e-05	
2.953018e+00	3.988289e-06	
4.034084e+00	1.335655e-05	
4.600249e+00	3.936072e-05	
5.662319e+00	3.541355e-05	
2.980875e+00	1.577453e-05	
2.099196e-01	3.716160e-06	
6.056268e+00	8.251846e-06	
8.779306e-01	9.499261e-05	
3.259507e+00	7.607353e-05	
6.395594e+00	5.802290e-05	
3.182254e+00	1.315157e-04	
4.191508e+00	1.019315e-04	
1.203962e+01	5.252755e-04	
1.168638e+01	2.541928e-04	
2.710268e+00	1.210080e-04	
4.817413e+00	2.143376e-04	
6.354863e+00	1.031772e-04	
4.612971e+00	1.076872e-04	
4.888937e+00	1.141582e-04	
5.926518e+00	8.220397e-05	
1.194196e+00	1.002526e-04	
4.037722e+00	5.688149e-05	
6.433457e+00	6.629534e-05	
1.908338e+00	4.484120e-05	
8.239168e+00	5.120842e-05	
1.403498e+01	3.642273e-05	
6.633827e+00	8.099003e-05	
3.670731e+00	6.339318e-05	
7.920885e+00	3.330178e-05	
6.549691e+00	5.595859e-05	
1.104119e+01	4.508908e-05	
3.255724e+00	2.254176e-05	
1.113084e+01	1.773949e-05	
1.440256e+00	2.306342e-06	
3.667847e+00	2.655675e-06	
6.468375e+00	5.314073e-05	
7.596870e+00	2.660751e-05	
7.774625e+00	1.160861e-05	
4.093177e+00	2.015320e-06	
2.795241e+00	1.760338e-05	
2.705221e+00	4.733878e-05	
5.274540e+00	5.855619e-05	
5.692151e+00	3.904014e-05	
6.732133e+00	1.028304e-05	
1.072543e+01	3.688643e-08	
1.973625e+00	6.485833e-05	
9.652755e+00	1.416207e-04	
8.375287e+00	1.537941e-04	
9.933395e+00	8.969922e-05	
5.021313e+00	1.956296e-04	
5.812207e+00	4.064996e-04	
7.487721e+00	1.730991e-05	
8.691292e+00	1.573652e-04	
5.973203e+00	1.664922e-04	
6.782371e+00	1.450235e-04	
2.113947e+00	1.481753e-04	
5.766217e+00	1.283288e-04	
8.267447e+00	1.179238e-04	
7.401637e+00	1.671134e-05	
7.504751e+00	3.674964e-05	
5.397305e+00	5.535468e-05	
1.001321e+01	9.014663e-05	
6.123336e+00	5.523344e-05	
6.650151e+00	3.973148e-05	
6.564124e+00	5.211513e-05	
8.304979e+00	1.931680e-05	
5.366395e+00	2.128005e-05	
5.014622e+00	6.273732e-05	
6.066374e+00	1.407086e-05	
7.959686e+00	2.269649e-05	
9.212458e+00	3.587156e-05	
7.317920e+00	3.798702e-05	
4.028346e+00	3.368484e-05	
6.922543e+00	5.630152e-05	
5.664248e+00	1.245288e-06	
5.387407e+00	1.564636e-05	
6.249221e+00	3.908841e-05	
6.415315e+00	6.545941e-06	
5.424526e-01	1.154997e-05	
3.293273e+00	1.792688e-05	
5.916828e+00	1.222038e-05	
9.622999e+00	6.143850e-05	
2.817967e+00	4.192638e-05	
3.261923e+00	2.769953e-06	
3.181001e+00	1.271907e-04	
7.406671e+00	6.781852e-05	
7.123192e+00	2.430398e-04	
6.028917e+00	2.507980e-04	
3.374830e+00	2.791735e-04	
2.709451e+00	1.494195e-04	
8.971350e+00	1.682105e-05	
4.723291e+00	2.121600e-04	
1.814990e+00	1.187970e-04	
7.049975e+00	1.261555e-04	
6.603248e+00	1.376131e-04	
4.076206e+00	9.871170e-05	
5.331806e+00	5.383111e-05	
1.305323e+00	5.553177e-05	
6.742605e+00	7.608508e-05	
7.624664e+00	1.014845e-05	
4.040959e+00	5.771422e-05	
1.149128e+01	7.192386e-05	
1.482494e+00	7.059658e-05	
7.523667e+00	3.168992e-05	
4.280427e+00	4.062173e-05	
8.418801e+00	3.963873e-05	
4.621685e+00	1.089354e-05	
2.429501e+00	7.954295e-06	
9.295136e+00	1.716244e-05	
1.018375e+01	9.772756e-06	
8.868823e+00	5.835547e-06	
9.007301e+00	1.980624e-05	
6.461278e+00	3.041250e-05	
1.048022e+01	4.223226e-05	
5.669158e+00	5.818027e-05	
1.260860e+01	5.997168e-05	
8.931666e+00	2.218860e-05	
1.588658e+00	9.899729e-06	
3.075828e+00	3.066113e-05	
6.756850e+00	3.935093e-05	
6.298061e+00	1.927231e-05	
4.960587e+00	1.545749e-05	
4.349890e+00	4.336032e-05	
2.346985e+00	1.042802e-04	
8.005678e+00	8.588511e-05	
3.380691e+00	1.479697e-04	
6.824182e+00	3.045847e-04	
1.357375e+00	2.590455e-04	
6.977978e-01	1.128444e-04	
1.874828e+00	1.183052e-04	
1.038476e+00	8.195109e-05	
7.284729e+00	1.117510e-04	
3.950323e+00	7.634427e-05	
3.483826e+00	5.602509e-05	
4.611789e+00	5.128089e-05	
5.078399e+00	3.434133e-05	
6.474311e+00	8.604727e-05	
1.035466e+01	6.322379e-05	
7.375414e+00	8.638636e-05	
3.471690e+00	1.280554e-04	
4.536415e+00	5.693965e-05	
6.472537e+00	3.670684e-05	
8.479494e+00	6.248318e-05	
7.738631e+00	4.780768e-05	
4.523716e+00	2.943235e-05	
1.981564e+00	2.591335e-05	
6.727037e+00	1.571621e-05	
1.033205e+01	1.963064e-05	
1.224411e+01	1.924293e-05	
6.324028e+00	1.942518e-05	
7.764036e+00	4.642789e-05	
1.299423e+01	1.460503e-05	
6.182124e+00	1.299612e-05	
4.557337e+00	1.557629e-05	
7.701226e+00	3.887897e-05	
3.019683e+00	2.045347e-05	
3.048904e+00	3.312328e-05	
3.064488e+00	4.741597e-07	
4.132534e+00	7.574323e-05	
9.958100e+00	3.185280e-05	
3.571507e+00	3.580803e-05	
1.318850e+00	5.135197e-05	
5.734480e+00	2.432469e-04	
4.081357e+00	2.258713e-04	
5.219826e+00	2.351666e-04	
5.388703e+00	2.802983e-04	
3.509635e+00	1.142326e-04	
2.767716e+00	1.532690e-04	
4.039052e+00	8.362748e-05	
3.493407e+00	3.360835e-05	
3.844880e+00	9.422955e-05	
5.504667e+00	5.517281e-05	
7.993046e+00	6.929686e-05	
5.436786e+00	9.978813e-05	
5.542313e+00	7.490236e-05	
2.601510e+00	6.996824e-05	
4.442220e+00	6.505417e-05	
5.328199e+00	5.984023e-05	
9.174704e+00	6.167112e-05	
4.994636e+00	6.639542e-05	
6.970753e+00	5.063443e-05	
3.957526e+00	1.513786e-05	
9.726551e+00	1.914650e-05	
3.707263e+00	2.237586e-05	
3.859733e+00	5.165362e-06	
9.534854e+00	1.599308e-05	
8.168931e+00	5.547847e-05	
7.896440e+00	3.262800e-05	
8.720464e+00	3.166429e-05	
8.128320e+00	2.219044e-05	
7.971697e+00	4.680351e-05	
8.008626e+00	2.303010e-05	
5.413176e+00	8.936861e-06	
3.661334e+00	1.719979e-07	
6.483760e+00	1.758467e-05	
5.430303e+00	1.014102e-05	
7.161417e+00	5.833997e-06	
8.626936e+00	9.697988e-06	
1.164290e+00	1.330382e-05	
5.737096e+00	1.169387e-04	
2.758636e+00	2.288052e-04	
4.246000e+00	2.515359e-04	
5.272072e+00	6.156296e-06	
5.410171e+00	2.096832e-04	
6.123772e-01	5.762762e-05	
7.629093e+00	7.249192e-05	
9.546823e+00	1.133601e-04	
2.340870e+00	8.568329e-05	
3.966796e+00	1.030300e-04	
1.044970e+01	6.740044e-05	
1.259680e+01	6.730829e-05	
1.474112e+01	7.460003e-05	
4.718408e+00	5.634886e-05	
3.985612e+00	4.153599e-05	
2.972125e+00	9.906900e-05	
1.059490e+01	9.606814e-05	
5.275636e+00	6.087480e-05	
4.980097e+00	9.047211e-05	
4.836875e+00	3.471890e-06	
8.910793e+00	3.912577e-06	
7.360065e+00	6.533880e-08	
5.526810e+00	2.502881e-06	
5.020710e+00	2.419970e-05	
1.031834e+01	1.074875e-05	
9.740284e+00	3.552467e-05	
9.036426e+00	4.280486e-05	
9.922992e+00	3.134684e-05	
5.234557e+00	1.349614e-05	
6.074794e+00	3.110995e-05	
7.042851e+00	3.322250e-06	
6.530077e+00	2.418222e-05	
8.164578e+00	2.570281e-06	
7.099137e+00	2.936045e-05	
8.112863e+00	5.437144e-06	
6.817207e+00	9.637359e-05	
3.721078e+00	1.262827e-05	
6.700821e+00	3.405440e-05	
1.290399e+00	7.095266e-05	
7.292563e+00	3.089776e-04	
4.690772e+00	2.357230e-04	
7.888692e+00	2.713263e-04	
9.321232e+00	1.893740e-04	
3.634157e+00	3.707854e-04	
1.340343e+01	2.137116e-04	
9.421203e+00	2.098580e-04	
4.528299e+00	5.895180e-05	
4.879880e+00	1.112083e-04	
6.370173e+00	4.901009e-05	
1.242410e+01	4.855208e-05	
1.268853e+01	1.290717e-04	
8.103854e+00	1.189670e-04	
7.607409e+00	9.737060e-05	
2.606860e+00	7.367447e-05	
7.739180e+00	6.470206e-05	
4.093056e+00	6.004564e-05	
1.098046e+01	3.957149e-05	
1.088986e+01	3.928687e-05	
5.127593e+00	4.097097e-05	
9.594151e-01	1.585630e-05	
1.734693e+00	1.335589e-05	
6.349551e+00	3.778032e-05	
8.780412e+00	1.569657e-05	
1.100184e+01	1.502861e-05	
6.812738e+00	2.908240e-05	
8.200107e+00	1.826886e-05	
1.842322e+00	4.594375e-05	
6.249474e+00	4.322047e-05	
6.753300e+00	4.848144e-05	
2.521517e+00	5.344227e-05	
6.865674e+00	1.805846e-06	
4.752524e+00	1.230022e-05	
4.726771e+00	4.204537e-06	
2.521669e+00	1.299897e-04	
3.164190e+00	9.504194e-05	
8.936334e+00	4.559673e-06	
5.664875e+00	9.025527e-05	
3.724261e+00	2.601866e-04	
2.846343e+00	3.292521e-04	
5.170365e+00	2.037928e-04	
9.032376e+00	4.215787e-04	
8.096519e+00	3.488405e-04	
7.906638e+00	2.074003e-04	
4.911701e+00	2.021178e-04	
6.090197e+00	7.647012e-06	
5.616818e+00	4.037733e-05	
7.531181e+00	7.285445e-05	
4.289609e+00	7.128100e-05	
1.313039e+01	8.747337e-05	
7.169129e+00	6.868930e-05	
5.534452e+00	9.397557e-05	
4.676093e+00	6.017464e-05	
5.818767e+00	6.620577e-05	
4.037785e+00	6.935835e-05	
5.489124e+00	6.344491e-05	
5.712318e+00	6.695767e-05	
5.790391e+00	1.028401e-04	
8.814208e+00	6.015609e-05	
4.417718e+00	8.374393e-05	
8.958205e+00	8.754297e-05	
2.089721e+00	4.070456e-05	
3.675648e+00	5.017336e-05	
4.120017e+00	5.663884e-05	
3.774075e+00	1.723314e-05	
2.207139e+00	5.135536e-05	
4.268152e+00	1.147322e-05	
3.452801e+00	4.814189e-05	
3.574881e+00	3.671548e-05	
3.558952e+00	9.688177e-06	
1.254368e+00	9.120487e-06	
5.342730e+00	1.226729e-05	
7.980992e+00	7.701406e-05	
7.919009e+00	1.107472e-04	
1.050080e+01	1.060244e-04	
9.332100e+00	1.301121e-04	
7.325877e+00	3.169086e-04	
7.391474e+00	1.456118e-04	
3.355731e+00	4.463541e-04	
1.530999e+00	3.753386e-04	
2.516158e+00	1.677479e-04	
3.213113e+00	1.539897e-04	
6.067429e+00	2.730546e-04	
1.131509e+01	1.555235e-04	
6.476942e+00	1.132481e-04	
5.518909e+00	1.054634e-04	
8.902925e+00	1.086157e-04	
1.327460e+01	8.553030e-05	
7.284287e+00	4.440828e-05	
8.964656e+00	5.201221e-05	
1.238159e+01	5.905684e-05	
6.339644e+00	6.724283e-05	
4.046031e+00	4.283043e-05	
1.469390e+00	4.152789e-05	
4.029462e+00	4.381760e-05	
3.027466e+00	2.968330e-05	
3.257630e+00	3.471275e-05	
5.209651e+00	6.281268e-05	
7.725859e-01	4.921228e-05	
2.745914e+00	4.049168e-05	
1.037126e+01	4.346102e-05	
6.743741e+00	7.635768e-06	
3.414194e+00	2.844901e-05	
1.179192e+01	2.420345e-06	
8.301834e+00	2.627917e-05	
9.699747e+00	3.767488e-05	
8.315390e+00	6.522370e-05	
5.547446e+00	2.827664e-05	
1.894178e+00	5.756264e-05	
7.036969e+00	1.936347e-05	
1.257829e+01	7.332785e-05	
9.128415e+00	1.203231e-04	
6.080746e+00	9.326079e-05	
2.478693e+00	4.263644e-05	
3.176979e+00	2.955746e-04	
5.293540e+00	3.740103e-04	
5.989766e+00	3.616020e-04	
5.454373e+00	3.321757e-04	
3.529238e+00	1.319599e-04	
3.166056e+00	2.274552e-04	
4.676442e+00	3.037664e-04	
6.421715e+00	1.493791e-04	
1.665142e+00	9.178203e-05	
4.862788e+00	1.185600e-04	
7.406765e+00	5.544431e-05	
4.770040e+00	3.578944e-05	
5.590820e+00	7.096709e-05	
5.556941e+00	7.624953e-05	
7.193419e+00	4.634772e-05	
1.719714e+00	5.525475e-05	
9.550660e-01	3.014544e-05	
1.208621e+01	3.563227e-05	
1.043149e+01	3.189775e-05	
6.171136e+00	3.513121e-06	
6.465183e+00	1.107301e-05	
9.158106e+00	2.129836e-05	
1.239759e+01	5.829423e-05	
5.780466e+00	4.186642e-05	
1.089444e+01	4.863837e-05	
4.671711e+00	4.764602e-06	
4.321365e+00	1.217226e-05	
4.135648e+00	4.211388e-06	
4.763798e+00	3.398760e-05	
5.792856e+00	2.389182e-05	
5.645659e+00	4.581155e-05	
8.084653e+00	2.240755e-05	
7.450487e+00	3.105435e-06	
7.191549e+00	1.220358e-05	
5.838164e+00	4.510554e-05	
8.786930e+00	1.564637e-04	
2.473272e+00	2.474414e-05	
2.550917e+00	1.505113e-04	
4.717721e+00	7.670239e-05	
1.213182e+01	4.174146e-04	
5.177395e+00	1.126058e-04	
6.269926e+00	3.637760e-04	
6.348484e+00	1.769028e-04	
9.478961e+00	2.531121e-04	
5.227250e+00	1.561300e-04	
9.550770e+00	1.319486e-04	
7.535511e-01	1.074708e-04	
1.452713e+01	1.352014e-04	
1.025377e+01	7.812488e-05	
5.842294e+00	6.563222e-05	
7.894793e+00	7.759032e-05	
4.508679e+00	5.171201e-05	
8.804041e+00	3.410579e-05	
8.307002e+00	6.571240e-05	
3.342301e+00	7.655151e-05	
9.575619e+00	7.635581e-05	
1.316884e+01	7.533883e-05	
7.713912e+00	7.444328e-05	
7.242617e+00	6.256470e-05	
9.808198e+00	6.486433e-05	
3.892657e+00	6.921169e-05	
1.195339e+01	7.500634e-05	
9.272247e+00	1.476590e-06	
6.834474e+00	1.346651e-05	
2.247576e+00	5.129777e-05	
4.080436e+00	5.537069e-06	
2.281696e+00	3.651991e-06	
6.682542e+00	5.264209e-05	
5.460861e+00	3.809640e-05	
9.879164e+00	3.262295e-05	
1.788912e+00	1.010523e-04	
4.258242e+00	1.141039e-04	
1.044050e+01	6.164586e-05	
7.731475e+00	7.826307e-05	
4.955342e+00	1.265268e-04	
4.714941e+00	2.260747e-04	
1.152568e+01	2.595337e-04	
1.015467e+01	2.333962e-04	
2.466580e+00	4.081221e-04	
2.414475e+00	2.001981e-04	
5.815323e+00	1.655191e-04	
3.916763e+00	1.539596e-04	
9.297251e+00	2.074180e-05	
1.272820e+01	7.272007e-05	
6.730780e+00	1.572967e-04	
3.904196e+00	1.673152e-04	
6.069654e+00	6.505173e-05	
5.292071e+00	4.749557e-05	
4.362379e+00	5.618917e-05	
5.253499e+00	3.001777e-05	
8.303607e+00	6.610472e-05	
4.779390e+00	5.162717e-05	
6.249760e+00	5.893296e-05	
5.705820e+00	6.168207e-05	
5.901064e+00	6.483917e-05	
1.214736e+00	4.954499e-05	
4.475066e+00	6.030982e-05	
3.907349e+00	5.870921e-05	
1.027354e+00	5.487476e-05	
8.137643e+00	2.237926e-05	
6.810351e+00	3.408544e-05	
7.523775e+00	3.438245e-05	
5.433948e+00	5.928669e-05	
7.011565e+00	2.660198e-05	
7.461146e+00	2.625705e-05	
4.032298e+00	3.599269e-06	
8.328311e+00	3.625123e-05	
4.028333e+00	2.470852e-05	
6.645222e+00	1.032857e-04	
3.811417e+00	4.374700e-05	
6.431732e+00	5.445235e-05	
1.010246e+01	1.139393e-04	
8.102162e+00	1.928487e-04	
9.098603e+00	2.119123e-04	
7.100584e+00	4.783355e-05	
2.795148e+00	3.619410e-04	
2.194781e+00	2.434030e-04	
3.265009e+00	1.233918e-04	
6.010547e+00	7.718875e-05	
6.836850e+00	1.480208e-04	
8.295679e+00	1.390027e-04	
1.432021e+01	8.479103e-05	
5.481710e+00	1.223932e-04	
8.803354e+00	1.429206e-04	
5.102770e+00	8.842986e-05	
1.330491e+00	1.093098e-04	
4.448383e+00	1.011367e-04	
7.289681e+00	3.343480e-05	
8.306274e+00	4.433721e-05	
4.924649e+00	1.054326e-05	
3.872369e+00	4.191936e-05	
1.707499e+00	7.421986e-05	
1.118305e+01	5.328390e-05	
9.608187e+00	4.644520e-05	
3.578922e+00	5.463829e-05	
4.382596e+00	5.182779e-05	
1.165962e+01	4.331259e-05	
4.094969e+00	1.564970e-05	
2.712408e+00	4.322188e-05	
8.220750e-02	7.688769e-05	
3.116275e+00	3.760880e-05	
8.420918e+00	8.768448e-05	
6.090912e+00	5.935386e-05	
5.694547e+00	6.450766e-05	
7.109214e+00	5.841875e-05	
9.560574e+00	5.094137e-05	
4.502073e+00	2.529472e-05	
7.192608e+00	5.274926e-05	
6.290318e+00	6.529496e-05	
2.086743e+00	8.856529e-05	
1.389409e+01	1.147369e-04	
3.775720e+00	1.660725e-04	
2.476606e+00	9.801057e-05	
2.276573e+00	4.794437e-04	
3.739697e+00	2.306748e-04	
3.887539e+00	1.064080e-04	
7.860606e-01	1.348860e-04	
3.105325e+00	8.089266e-05	
5.156034e+00	8.423144e-05	
2.733236e+00	9.772675e-05	
6.138959e+00	5.192078e-05	
7.911914e+00	4.166075e-05	
5.626646e+00	6.545363e-05	
5.558034e+00	8.565176e-05	
6.358096e+00	7.046197e-05	
5.328357e+00	3.366359e-05	
3.992178e+00	2.796706e-05	
7.115708e+00	9.810880e-06	
3.260769e+00	2.919492e-06	
8.113664e+00	2.270721e-05	
3.893703e+00	3.710332e-05	
4.786575e+00	2.625524e-05	
4.550328e+00	3.947926e-05	
7.849120e+00	2.668345e-05	
8.975762e+00	2.999509e-05	
9.232371e+00	3.061831e-05	
3.952838e+00	2.499187e-05	
5.318927e+00	5.455888e-05	
4.705576e+00	1.002189e-05	
4.007739e+00	3.965015e-05	
5.928499e+00	1.352980e-05	
8.417565e+00	3.062194e-05	
1.942350e+00	2.050103e-05	
1.008128e+01	6.463595e-05	
1.106397e+01	4.961501e-06	
4.433003e+00	9.729881e-06	
1.315035e+00	6.296616e-06	
5.188633e+00	1.514663e-05	
4.126703e+00	4.557312e-05	
5.033911e+00	1.369431e-04	
8.515714e+00	2.180428e-04	
6.056636e+00	2.385860e-04	
